# Gnuplot File : positions of 1 particle(s) Monitored
# 1st Column : time, others : particle(s) number 0 
0.01	9.86504 19.934 3.16723	
0.02	9.86504 19.934 3.16696	
0.03	9.86504 19.934 3.16677	
0.04	9.86409 19.9339 3.16672	
0.05	9.86409 19.9339 3.16661	
0.06	9.86504 19.934 3.16644	
0.07	9.86504 19.934 3.16639	
0.08	9.86531 19.9341 3.1665	
0.09	9.86409 19.9339 3.16641	
0.1	9.86531 19.9341 3.16645	
0.11	9.86504 19.934 3.16628	
0.12	9.86409 19.9339 3.16636	
0.13	9.86409 19.9343 3.16779	
0.14	9.86531 19.9341 3.16641	
0.15	9.86383 19.9339 3.16618	
0.16	9.86531 19.9341 3.1664	
0.17	9.86409 19.9339 3.16634	
0.18	9.86409 19.9339 3.16634	
0.19	9.86504 19.934 3.16625	
0.2	9.86383 19.9339 3.16618	
0.21	9.86531 19.9341 3.1664	
0.22	9.86504 19.934 3.16625	
0.23	9.86504 19.934 3.16625	
0.24	9.86531 19.9341 3.1664	
0.25	9.86531 19.9341 3.1664	
0.26	9.86409 19.9339 3.16634	
0.27	9.86383 19.9339 3.16618	
0.28	9.86504 19.934 3.16625	
0.29	9.86531 19.9341 3.1664	
0.3	9.86504 19.934 3.16625	
0.31	9.86531 19.9341 3.1664	
0.32	9.86504 19.934 3.16625	
0.33	9.86504 19.934 3.16625	
0.34	9.86504 19.934 3.16625	
0.35	9.86409 19.9339 3.16634	
0.36	9.86383 19.9339 3.16618	
0.37	9.8645 19.9339 3.16593	
0.38	9.86302 19.9336 3.16571	
0.39	9.86276 19.9336 3.16555	
0.4	9.8592 19.9324 3.16272	
0.41	9.85339 19.9305 3.15825	
0.42	9.84881 19.9291 3.15511	
0.43	9.84585 19.9284 3.15379	
0.44	9.84655 19.9284 3.1535	
0.45	9.8463 19.9283 3.15332	
0.46	9.8463 19.9283 3.15332	
0.47	9.84605 19.9282 3.15314	
0.48	9.83891 19.9258 3.14779	
0.49	9.83084 19.9228 3.14121	
0.5	9.82852 19.9219 3.13922	
0.51	9.8276 19.9212 3.13699	
0.52	9.82738 19.9215 3.13821	
0.53	9.82738 19.9215 3.13821	
0.54	9.82738 19.9215 3.13821	
0.55	9.82856 19.9217 3.13829	
0.56	9.82715 19.9214 3.13801	
0.57	9.82856 19.9217 3.13829	
0.58	9.82833 19.9216 3.13809	
0.59	9.82833 19.9216 3.13809	
0.6	9.82738 19.9215 3.13821	
0.61	9.82738 19.9215 3.13821	
0.62	9.82833 19.9212 3.13666	
0.63	9.82833 19.9216 3.13809	
0.64	9.82715 19.9214 3.13801	
0.65	9.82715 19.9214 3.13801	
0.66	9.82738 19.9215 3.13821	
0.67	9.82715 19.9214 3.13801	
0.68	9.82833 19.9216 3.13809	
0.69	9.82715 19.9214 3.13801	
0.7	9.82856 19.9217 3.13829	
0.71	9.82715 19.9218 3.13943	
0.72	9.82715 19.9214 3.13801	
0.73	9.82833 19.9216 3.13809	
0.74	9.82738 19.9215 3.13821	
0.75	9.82715 19.9214 3.13801	
0.76	9.82715 19.9214 3.13801	
0.77	9.82715 19.9214 3.13801	
0.78	9.82833 19.9216 3.13809	
0.79	9.82715 19.9214 3.13801	
0.8	9.82833 19.9216 3.13809	
0.81	9.82833 19.9216 3.13809	
0.82	9.82715 19.9214 3.13801	
0.83	9.82833 19.9216 3.13809	
0.84	9.82738 19.9215 3.13821	
0.85	9.82738 19.9215 3.13821	
0.86	9.82833 19.9216 3.13809	
0.87	9.82833 19.9216 3.13809	
0.88	9.82715 19.9214 3.13801	
0.89	9.82738 19.9215 3.13821	
0.9	9.82856 19.9213 3.13687	
0.91	9.82715 19.921 3.13658	
0.92	9.82833 19.9216 3.13809	
0.93	9.82715 19.9214 3.13801	
0.94	9.82715 19.9214 3.13801	
0.95	9.82738 19.9215 3.13821	
0.96	9.82833 19.9216 3.13809	
0.97	9.82833 19.9216 3.13809	
0.98	9.82715 19.9214 3.13801	
0.99	9.82975 19.9219 3.13837	
1	9.82833 19.9216 3.13809	
1.01	9.82596 19.9212 3.13793	
1.02	9.82619 19.9213 3.13813	
1.03	9.82619 19.9213 3.13813	
1.04	9.82596 19.9212 3.13793	
1.05	9.82596 19.9208 3.1365	
1.06	9.82596 19.9212 3.13793	
1.07	9.82596 19.9212 3.13793	
1.08	9.82596 19.9212 3.13793	
1.09	9.82478 19.9206 3.13642	
1.1	9.82596 19.9212 3.13793	
1.11	9.82596 19.9212 3.13793	
1.12	9.82619 19.9213 3.13813	
1.13	9.82596 19.9212 3.13793	
1.14	9.82715 19.9214 3.13801	
1.15	9.82596 19.9212 3.13793	
1.16	9.82833 19.9216 3.13809	
1.17	9.82715 19.9214 3.13801	
1.18	9.82715 19.921 3.13658	
1.19	9.82596 19.9212 3.13793	
1.2	9.82596 19.9216 3.13935	
1.21	9.82573 19.9211 3.13773	
1.22	9.83389 19.8484 3.15411	
1.23	9.83565 19.6624 3.35731	
1.24	9.81632 19.4225 3.57689	
1.25	9.80175 19.3165 3.65635	
1.26	9.79802 19.3064 3.67066	
1.27	9.79915 19.2771 3.67083	
1.28	9.79751 19.1749 3.64844	
1.29	9.79231 19.0569 3.64682	
1.3	9.78504 18.951 3.66808	
1.31	9.7799 18.7646 3.66369	
1.32	9.7746 18.5705 3.69496	
1.33	9.76887 18.3173 3.75365	
1.34	9.76277 18.0415 3.86187	
1.35	9.76026 17.8029 4.00632	
1.36	9.75631 17.5681 4.20928	
1.37	9.74708 17.3269 4.39643	
1.38	9.73221 17.0944 4.60323	
1.39	9.72826 16.9493 4.81836	
1.4	9.72314 16.8175 5.02726	
1.41	9.71804 16.7595 5.19209	
1.42	9.70938 16.7372 5.34371	
1.43	9.68547 16.7351 5.46043	
1.44	9.64869 16.7026 5.59453	
1.45	9.63393 16.6536 5.73905	
1.46	9.63005 16.5805 5.91101	
1.47	9.6261 16.5011 6.07011	
1.48	9.621 16.4345 6.25852	
1.49	9.62291 16.3905 6.45073	
1.5	9.62091 16.3411 6.66348	
1.51	9.62431 16.2956 6.899	
1.52	9.64818 16.238 7.21236	
1.53	9.69433 16.1913 7.43265	
1.54	9.75722 16.1638 7.64559	
1.55	9.82597 16.1554 7.81304	
1.56	9.89188 16.15 7.90467	
1.57	10.0083 16.1797 7.96147	
1.58	10.1335 16.1956 7.97897	
1.59	10.2543 16.2052 7.98697	
1.6	10.3968 16.2166 7.99354	
1.61	10.5161 16.2244 7.99468	
1.62	10.6609 16.2245 7.99641	
1.63	10.8291 16.2288 7.99808	
1.64	10.9896 16.225 7.99618	
1.65	11.1826 16.2251 7.99868	
1.66	11.3963 16.2311 7.99976	
1.67	11.574 16.2355 8.00093	
1.68	11.671 16.2182 8.00466	
1.69	11.7258 16.2106 8.0055	
1.7	11.748 16.2035 8.00769	
1.71	11.7539 16.1954 8.0055	
1.72	11.7588 16.1835 7.99929	
1.73	11.7621 16.1729 7.9872	
1.74	11.763 16.1676 7.97619	
1.75	11.7612 16.16 7.96812	
1.76	11.7478 16.1595 7.9637	
1.77	11.7384 16.1616 7.95488	
1.78	11.7291 16.1746 7.93271	
1.79	11.7076 16.1857 7.91014	
1.8	11.6631 16.1731 7.88475	
1.81	11.6185 16.1608 7.85933	
1.82	11.5596 16.1357 7.82185	
1.83	11.5083 16.1156 7.77353	
1.84	11.4737 16.1056 7.73503	
1.85	11.455 16.0995 7.70354	
1.86	11.4451 16.106 7.65848	
1.87	11.4415 16.1211 7.61022	
1.88	11.439 16.1299 7.53941	
1.89	11.4344 16.1186 7.46007	
1.9	11.4325 16.1018 7.35647	
1.91	11.4283 16.0877 7.24907	
1.92	11.4247 16.0813 7.14861	
1.93	11.4249 16.0793 7.03025	
1.94	11.4249 16.0686 6.94396	
1.95	11.426 16.0609 6.8765	
1.96	11.4229 16.0506 6.81332	
1.97	11.4137 16.0531 6.74426	
1.98	11.4078 16.0618 6.67468	
1.99	11.4049 16.0831 6.58316	
2	11.4017 16.0968 6.49331	
2.01	11.4014 16.0973 6.43241	
2.02	11.4011 16.0994 6.39097	
2.03	11.3998 16.1085 6.36891	
2.04	11.3988 16.1162 6.36312	
2.05	11.3963 16.1345 6.35609	
2.06	11.3908 16.1638 6.35226	
2.07	11.3879 16.1966 6.35301	
2.08	11.382 16.2287 6.35239	
2.09	11.3756 16.2663 6.35222	
2.1	11.371 16.2985 6.35007	
2.11	11.3637 16.3303 6.3497	
2.12	11.3578 16.3624 6.34941	
2.13	11.3534 16.3836 6.3473	
2.14	11.3468 16.4209 6.34589	
2.15	11.341 16.4525 6.33704	
2.16	11.3348 16.4981 6.33332	
2.17	11.3271 16.5434 6.32831	
2.18	11.3206 16.5915 6.32073	
2.19	11.3152 16.6313 6.31283	
2.2	11.3082 16.6712 6.30801	
2.21	11.2995 16.7354 6.30063	
2.22	11.2902 16.8032 6.2651	
2.23	11.2808 16.8703 6.21834	
2.24	11.2764 16.9347 6.15943	
2.25	11.2673 16.9986 6.09773	
2.26	11.2601 17.0526 6.046	
2.27	11.2558 17.0943 6.01598	
2.28	11.25 17.1253 5.99648	
2.29	11.2466 17.1593 5.97145	
2.3	11.24 17.1961 5.96144	
2.31	11.2363 17.2336 5.95304	
2.32	11.2294 17.2733 5.94791	
2.33	11.2266 17.2947 5.94792	
2.34	11.223 17.3215 5.94845	
2.35	11.2207 17.3375 5.94762	
2.36	11.2222 17.3378 5.94763	
2.37	11.2207 17.3373 5.94615	
2.38	11.2278 17.3239 5.92993	
2.39	11.2371 17.3048 5.89781	
2.4	11.2506 17.2865 5.86542	
2.41	11.261 17.2676 5.83129	
2.42	11.282 17.2533 5.79484	
2.43	11.2978 17.2492 5.74989	
2.44	11.3106 17.264 5.70141	
2.45	11.3195 17.2781 5.63276	
2.46	11.3232 17.3053 5.56864	
2.47	11.3264 17.3305 5.5016	
2.48	11.3249 17.3414 5.4472	
2.49	11.3244 17.3442 5.40428	
2.5	11.3257 17.3333 5.37202	
2.51	11.3322 17.3265 5.34909	
2.52	11.3421 17.3144 5.32403	
2.53	11.3504 17.3023 5.3002	
2.54	11.3602 17.2988 5.27159	
2.55	11.367 17.2979 5.24089	
2.56	11.366 17.3129 5.20215	
2.57	11.3659 17.3317 5.14249	
2.58	11.367 17.3584 5.09396	
2.59	11.3647 17.3734 5.05259	
2.6	11.3624 17.388 5.01998	
2.61	11.3644 17.4003 4.99129	
2.62	11.3657 17.401 4.96943	
2.63	11.3694 17.4024 4.9505	
2.64	11.3722 17.4098 4.92378	
2.65	11.3792 17.4158 4.88199	
2.66	11.3891 17.428 4.84117	
2.67	11.3937 17.4486 4.78726	
2.68	11.3963 17.466 4.7358	
2.69	11.4013 17.4928 4.68301	
2.7	11.4017 17.515 4.64145	
2.71	11.3968 17.5358 4.61016	
2.72	11.3972 17.5575 4.57894	
2.73	11.3987 17.571 4.55174	
2.74	11.402 17.5847 4.52353	
2.75	11.4031 17.5927 4.49545	
2.76	11.4107 17.6028 4.45863	
2.77	11.4236 17.609 4.4104	
2.78	11.4464 17.6205 4.35834	
2.79	11.4775 17.6268 4.2911	
2.8	11.5266 17.6388 4.22774	
2.81	11.5842 17.6519 4.17415	
2.82	11.658 17.6587 4.13382	
2.83	11.7352 17.6675 4.10706	
2.84	11.8218 17.6792 4.08174	
2.85	11.9045 17.6871 4.05853	
2.86	11.9886 17.6985 4.04365	
2.87	12.0639 17.7065 4.0233	
2.88	12.1287 17.7103 3.99685	
2.89	12.1842 17.7125 3.97143	
2.9	12.2278 17.7101 3.94114	
2.91	12.2463 17.7079 3.92472	
2.92	12.2564 17.6996 3.89925	
2.93	12.2604 17.6899 3.87273	
2.94	12.2632 17.6782 3.84239	
2.95	12.2679 17.6647 3.8055	
2.96	12.2784 17.6431 3.75721	
2.97	12.2872 17.6226 3.69846	
2.98	12.2971 17.6028 3.64086	
2.99	12.3057 17.5828 3.59455	
3	12.3146 17.5696 3.56805	
3.01	12.3237 17.5544 3.54888	
3.02	12.3274 17.5384 3.5451	
3.03	12.3326 17.5224 3.54007	
3.04	12.3378 17.5015 3.5368	
3.05	12.3469 17.4643 3.52863	
3.06	12.3546 17.4324 3.52171	
3.07	12.3627 17.4008 3.51652	
3.08	12.372 17.3622 3.50624	
3.09	12.3851 17.3317 3.50102	
3.1	12.3969 17.301 3.49588	
3.11	12.4021 17.28 3.49298	
3.12	12.4086 17.2539 3.4905	
3.13	12.4178 17.2339 3.48769	
3.14	12.4231 17.2128 3.4849	
3.15	12.4349 17.1821 3.48007	
3.16	12.4521 17.1641 3.47738	
3.17	12.4601 17.1439 3.47494	
3.18	12.4759 17.1367 3.47413	
3.19	12.4892 17.1347 3.47456	
3.2	12.5108 17.1405 3.47621	
3.21	12.5602 17.1421 3.47561	
3.22	12.6349 17.1445 3.47232	
3.23	12.7156 17.1436 3.46992	
3.24	12.8046 17.1339 3.46391	
3.25	12.8847 17.1108 3.45729	
3.26	12.9526 17.0678 3.44965	
3.27	13.0049 17.0201 3.44228	
3.28	13.055 16.9666 3.4372	
3.29	13.0731 16.9321 3.43412	
3.3	13.0853 16.902 3.43449	
3.31	13.0903 16.8871 3.43648	
3.32	13.0878 16.8811 3.43853	
3.33	13.09 16.878 3.44401	
3.34	13.0944 16.8797 3.44567	
3.35	13.0973 16.8693 3.44522	
3.36	13.1027 16.8519 3.45227	
3.37	13.1069 16.8381 3.45633	
3.38	13.1057 16.8265 3.45592	
3.39	13.1091 16.8163 3.45594	
3.4	13.106 16.8116 3.46022	
3.41	13.1086 16.8031 3.46514	
3.42	13.1076 16.7912 3.46351	
3.43	13.1087 16.7728 3.47194	
3.44	13.111 16.7333 3.48069	
3.45	13.111 16.6724 3.4935	
3.46	13.1056 16.5963 3.49966	
3.47	13.1037 16.5201 3.50449	
3.48	13.1041 16.4396 3.51033	
3.49	13.0903 16.3706 3.51493	
3.5	13.0809 16.3066 3.51535	
3.51	13.0596 16.2506 3.51722	
3.52	13.0394 16.2062 3.51896	
3.53	13.0074 16.1586 3.51936	
3.54	12.9716 16.1122 3.5264	
3.55	12.9184 16.0703 3.52662	
3.56	12.8543 16.0147 3.5273	
3.57	12.7855 15.9698 3.52911	
3.58	12.7161 15.9195 3.52901	
3.59	12.6567 15.8719 3.529	
3.6	12.5943 15.8149 3.53466	
3.61	12.555 15.76 3.54509	
3.62	12.5354 15.7079 3.55208	
3.63	12.5303 15.6681 3.55352	
3.64	12.5358 15.6309 3.55652	
3.65	12.5423 15.5959 3.56471	
3.66	12.5466 15.5636 3.56539	
3.67	12.5531 15.5283 3.57232	
3.68	12.5553 15.49 3.57429	
3.69	12.5634 15.4472 3.57459	
3.7	12.5636 15.4026 3.57504	
3.71	12.5669 15.359 3.57708	
3.72	12.5691 15.3205 3.57807	
3.73	12.5688 15.2704 3.58013	
3.74	12.5694 15.2316 3.58137	
3.75	12.5714 15.1933 3.58417	
3.76	12.5673 15.1592 3.58583	
3.77	12.5618 15.1249 3.58902	
3.78	12.5491 15.0999 3.58974	
3.79	12.5278 15.0679 3.59324	
3.8	12.5038 15.0405 3.59404	
3.81	12.4748 15.0124 3.59633	
3.82	12.4446 14.9895 3.59734	
3.83	12.4157 14.967 3.59838	
3.84	12.3741 14.9419 3.59944	
3.85	12.3274 14.9162 3.60197	
3.86	12.2728 14.8892 3.60454	
3.87	12.2096 14.8605 3.60567	
3.88	12.1289 14.8346 3.60693	
3.89	12.0544 14.8101 3.60675	
3.9	11.9774 14.7914 3.60814	
3.91	11.9008 14.7788 3.60963	
3.92	11.834 14.7679 3.60967	
3.93	11.7811 14.7562 3.61761	
3.94	11.7143 14.7458 3.61766	
3.95	11.6623 14.7381 3.61916	
3.96	11.6194 14.7373 3.62077	
3.97	11.571 14.7299 3.62083	
3.98	11.5453 14.7259 3.62087	
3.99	11.5325 14.7127 3.62071	
4	11.5247 14.7001 3.62056	
4.01	11.5233 14.6884 3.62041	
4.02	11.5226 14.6716 3.62165	
4.03	11.5184 14.6545 3.6229	
4.04	11.5084 14.6422 3.62424	
4.05	11.4991 14.6245 3.62552	
4.06	11.4847 14.6172 3.62546	
4.07	11.4684 14.6041 3.62705	
4.08	11.4524 14.5963 3.6268	
4.09	11.4351 14.5886 3.62824	
4.1	11.4259 14.5708 3.62833	
4.11	11.4141 14.5581 3.62953	
4.12	11.4033 14.5511 3.62951	
4.13	11.3931 14.5389 3.63092	
4.14	11.3879 14.5273 3.63233	
4.15	11.3712 14.5139 3.63232	
4.16	11.3617 14.4963 3.63374	
4.17	11.3419 14.4776 3.63518	
4.18	11.3156 14.4579 3.63667	
4.19	11.2957 14.4391 3.63669	
4.2	11.2584 14.4242 3.63966	
4.21	11.2114 14.4025 3.63974	
4.22	11.1505 14.3851 3.64278	
4.23	11.0619 14.3705 3.64292	
4.24	10.9625 14.3613 3.64449	
4.25	10.86 14.352 3.64611	
4.26	10.7524 14.343 3.64629	
4.27	10.6447 14.335 3.64793	
4.28	10.5528 14.3451 3.64802	
4.29	10.4593 14.3609 3.64815	
4.3	10.3775 14.3835 3.64828	
4.31	10.3116 14.4012 3.64699	
4.32	10.2443 14.4192 3.64869	
4.33	10.1792 14.4267 3.6489	
4.34	10.1246 14.4256 3.65415	
4.35	10.0751 14.4282 3.65436	
4.36	10.0257 14.4254 3.65454	
4.37	9.98796 14.4232 3.65471	
4.38	9.95174 14.4271 3.65507	
4.39	9.91639 14.4388 3.66007	
4.4	9.88645 14.4486 3.66022	
4.41	9.8513 14.4695 3.66043	
4.42	9.81109 14.498 3.6658	
4.43	9.77248 14.5251 3.66612	
4.44	9.72249 14.5576 3.66658	
4.45	9.67132 14.5915 3.67077	
4.46	9.61683 14.6394 3.68172	
4.47	9.55498 14.6976 3.69163	
4.48	9.49493 14.7619 3.70165	
4.49	9.42368 14.8229 3.71788	
4.5	9.35769 14.8781 3.73097	
4.51	9.29242 14.9253 3.75224	
4.52	9.21728 14.9607 3.7814	
4.53	9.1414 14.993 3.81731	
4.54	9.05247 15.0214 3.83804	
4.55	8.96258 15.0513 3.84893	
4.56	8.86868 15.0858 3.85378	
4.57	8.77534 15.1052 3.86064	
4.58	8.66804 15.1172 3.85958	
4.59	8.56568 15.1298 3.86145	
4.6	8.46492 15.1434 3.86037	
4.61	8.36769 15.1567 3.86078	
4.62	8.26582 15.1714 3.86118	
4.63	8.16349 15.1815 3.86136	
4.64	8.07224 15.1912 3.86151	
4.65	7.98971 15.2047 3.86171	
4.66	7.90963 15.2249 3.86381	
4.67	7.84049 15.244 3.8642	
4.68	7.78705 15.2509 3.86407	
4.69	7.74197 15.2555 3.86271	
4.7	7.69829 15.2611 3.86427	
4.71	7.64494 15.2684 3.86268	
4.72	7.60099 15.2723 3.85919	
4.73	7.55739 15.2782 3.85929	
4.74	7.52159 15.2796 3.85436	
4.75	7.493 15.2791 3.84434	
4.76	7.46884 15.2755 3.8278	
4.77	7.45449 15.272 3.81777	
4.78	7.44629 15.268 3.80771	
4.79	7.43775 15.2621 3.7926	
4.8	7.42922 15.2561 3.77747	
4.81	7.42627 15.2461 3.76569	
4.82	7.4248 15.2387 3.76165	
4.83	7.42218 15.2307 3.75493	
4.84	7.41856 15.2169 3.73449	
4.85	7.41494 15.2031 3.71403	
4.86	7.41008 15.182 3.68828	
4.87	7.40673 15.1699 3.65786	
4.88	7.39797 15.1549 3.61578	
4.89	7.38785 15.1395 3.57368	
4.9	7.37847 15.121 3.52131	
4.91	7.35329 15.1049 3.45084	
4.92	7.32564 15.0961 3.37897	
4.93	7.29145 15.0866 3.31851	
4.94	7.25175 15.0751 3.26434	
4.95	7.21094 15.0651 3.21526	
4.96	7.18127 15.0553 3.17104	
4.97	7.15683 15.0447 3.1272	
4.98	7.13735 15.0347 3.08825	
4.99	7.11848 15.0284 3.06106	
5	7.10478 15.0227 3.03901	
5.01	7.09733 15.0162 3.01546	
5.02	7.08711 15.0025 2.98948	
5.03	7.08325 14.996 2.97235	
5.04	7.07808 14.9741 2.95502	
5.05	7.0704 14.9415 2.93835	
5.06	7.06837 14.9031 2.92197	
5.07	7.06157 14.8674 2.91062	
5.08	7.05492 14.8185 2.89915	
5.09	7.05031 14.767 2.8928	
5.1	7.04877 14.7052 2.89286	
5.11	7.03822 14.6498 2.8883	
5.12	7.03672 14.5865 2.88391	
5.13	7.02938 14.5259 2.88669	
5.14	7.03042 14.4689 2.88423	
5.15	7.03624 14.4219 2.88726	
5.16	7.03942 14.3822 2.89034	
5.17	7.04782 14.3409 2.89207	
5.18	7.0522 14.3005 2.89156	
5.19	7.06273 14.2703 2.89481	
5.2	7.07507 14.2363 2.89951	
5.21	7.08107 14.1961 2.89774	
5.22	7.08586 14.1569 2.90112	
5.23	7.09634 14.117 2.90648	
5.24	7.09392 14.0734 2.91196	
5.25	7.09167 14.0233 2.91247	
5.26	7.09179 13.9624 2.91882	
5.27	7.09338 13.902 2.92533	
5.28	7.0865 13.8315 2.93269	
5.29	7.08573 13.7636 2.93496	
5.3	7.08935 13.6893 2.93909	
5.31	7.09501 13.6171 2.94742	
5.32	7.0874 13.54 2.95285	
5.33	7.08562 13.4631 2.96244	
5.34	7.07709 13.3806 2.96895	
5.35	7.07451 13.2989 2.98258	
5.36	7.06684 13.2184 2.99555	
5.37	7.06469 13.1357 3.00671	
5.38	7.06839 13.0584 3.02332	
5.39	7.07281 12.9763 3.0408	
5.4	7.08505 12.9023 3.0513	
5.41	7.1107 12.836 3.05799	
5.42	7.13849 12.7722 3.07017	
5.43	7.17115 12.7073 3.08567	
5.44	7.20689 12.6543 3.10013	
5.45	7.24833 12.6 3.12117	
5.46	7.30261 12.5487 3.13395	
5.47	7.35932 12.4932 3.16274	
5.48	7.41437 12.4439 3.18201	
5.49	7.47299 12.3667 3.20133	
5.5	7.52707 12.2978 3.22262	
5.51	7.59315 12.2315 3.23762	
5.52	7.63549 12.1573 3.26106	
5.53	7.68188 12.1084 3.26321	
5.54	7.70353 12.0464 3.28875	
5.55	7.7203 12.0018 3.29756	
5.56	7.737 11.977 3.30056	
5.57	7.74757 11.9655 3.29889	
5.58	7.74329 11.9703 3.3041	
5.59	7.73308 11.9714 3.30126	
5.6	7.73478 11.9706 3.30094	
5.61	7.73145 11.9444 3.306	
5.62	7.7376 11.8927 3.31786	
5.63	7.75169 11.8312 3.32867	
5.64	7.76131 11.7453 3.34028	
5.65	7.77526 11.6639 3.36058	
5.66	7.79941 11.6007 3.36474	
5.67	7.824 11.5526 3.36868	
5.68	7.855 11.5087 3.37552	
5.69	7.8869 11.4648 3.38119	
5.7	7.92439 11.4299 3.38732	
5.71	7.95433 11.3834 3.39026	
5.72	7.98565 11.3527 3.39043	
5.73	8.03172 11.3295 3.3819	
5.74	8.07826 11.3105 3.37023	
5.75	8.13847 11.3029 3.3625	
5.76	8.20384 11.2948 3.35806	
5.77	8.29871 11.2856 3.35166	
5.78	8.41016 11.2866 3.35233	
5.79	8.52019 11.2815 3.35606	
5.8	8.64498 11.2777 3.3417	
5.81	8.7613 11.2823 3.33229	
5.82	8.88232 11.3061 3.323	
5.83	9.00008 11.3241 3.31503	
5.84	9.12675 11.3625 3.30463	
5.85	9.24397 11.3992 3.29577	
5.86	9.38779 11.4453 3.28563	
5.87	9.53669 11.5014 3.2741	
5.88	9.67957 11.558 3.25928	
5.89	9.82672 11.6255 3.24452	
5.9	9.98047 11.6946 3.22997	
5.91	10.1234 11.7726 3.21853	
5.92	10.2696 11.8548 3.20134	
5.93	10.4094 11.944 3.18513	
5.94	10.5331 12.0271 3.16889	
5.95	10.6585 12.1124 3.15316	
5.96	10.7838 12.2044 3.13708	
5.97	10.9109 12.3129 3.11801	
5.98	11.0494 12.412 3.09677	
5.99	11.1926 12.5077 3.07831	
6	11.346 12.6053 3.0575	
6.01	11.5245 12.7127 3.0382	
6.02	11.7058 12.8055 3.01568	
6.03	11.8817 12.8855 3.00212	
6.04	12.0467 12.9439 2.99101	
6.05	12.2036 13.0029 2.98154	
6.06	12.3578 13.0582 2.97262	
6.07	12.5125 13.1085 2.96225	
6.08	12.6514 13.1404 2.95178	
6.09	12.7952 13.1765 2.94946	
6.1	12.9287 13.206 2.94622	
6.11	13.0556 13.232 2.93411	
6.12	13.1537 13.2491 2.9131	
6.13	13.2284 13.2592 2.88546	
6.14	13.2835 13.2648 2.85787	
6.15	13.3127 13.2553 2.82009	
6.16	13.3261 13.2443 2.77189	
6.17	13.3327 13.2302 2.7182	
6.18	13.3399 13.2076 2.65448	
6.19	13.3455 13.1906 2.58995	
6.2	13.3547 13.1776 2.53607	
6.21	13.3605 13.1543 2.48837	
6.22	13.3715 13.1342 2.44734	
6.23	13.3779 13.1072 2.44476	
6.24	13.3892 13.0851 2.4204	
6.25	13.4027 13.0537 2.42645	
6.26	13.4277 13.0499 2.41018	
6.27	13.4456 13.0498 2.39871	
6.28	13.4735 13.0591 2.37714	
6.29	13.5121 13.0742 2.3473	
6.3	13.559 13.08 2.32163	
6.31	13.6118 13.075 2.30012	
6.32	13.649 13.048 2.29016	
6.33	13.6801 13.0307 2.25553	
6.34	13.7062 13.0134 2.25521	
6.35	13.7224 13.0056 2.23071	
6.36	13.7473 12.9941 2.21658	
6.37	13.7603 12.9764 2.1941	
6.38	13.7848 12.9621 2.17508	
6.39	13.7993 12.9374 2.15591	
6.4	13.8171 12.9031 2.13029	
6.41	13.8444 12.8498 2.11711	
6.42	13.8732 12.7804 2.08272	
6.43	13.8813 12.7419 2.06708	
6.44	13.893 12.6999 2.07658	
6.45	13.9227 12.6267 2.0665	
6.46	13.935 12.5821 2.05735	
6.47	13.9389 12.5613 2.07524	
6.48	13.9506 12.5226 2.08307	
6.49	13.9488 12.4881 2.09244	
6.5	13.9562 12.4169 2.10217	
6.51	13.9592 12.3575 2.10479	
6.52	13.9576 12.2855 2.1334	
6.53	13.948 12.2119 2.14934	
6.54	13.9321 12.1529 2.16218	
6.55	13.8983 12.0955 2.16623	
6.56	13.8608 12.0475 2.17362	
6.57	13.8566 12.0281 2.18703	
6.58	13.8568 12.0224 2.18813	
6.59	13.8542 12.026 2.17992	
6.6	13.8539 12.0251 2.18802	
6.61	13.855 12.0211 2.15812	
6.62	13.8564 12.0163 2.15698	
6.63	13.8532 12.0036 2.13248	
6.64	13.8505 11.9837 2.13785	
6.65	13.8398 11.9501 2.12172	
6.66	13.841 11.889 2.13041	
6.67	13.8434 11.798 2.12765	
6.68	13.8516 11.7097 2.12886	
6.69	13.876 11.6112 2.14079	
6.7	13.8911 11.5275 2.14783	
6.71	13.9014 11.461 2.14671	
6.72	13.9093 11.3973 2.16182	
6.73	13.9165 11.3436 2.15333	
6.74	13.9216 11.2979 2.16442	
6.75	13.9275 11.2418 2.17612	
6.76	13.9259 11.1896 2.16742	
6.77	13.9258 11.1293 2.18521	
6.78	13.9338 11.0649 2.1733	
6.79	13.9432 11.0017 2.19552	
6.8	13.9549 10.9469 2.20322	
6.81	13.9627 10.8899 2.22234	
6.82	13.9697 10.8235 2.2272	
6.83	13.9576 10.7487 2.2611	
6.84	13.9455 10.6722 2.28171	
6.85	13.919 10.5966 2.3069	
6.86	13.8788 10.5043 2.32149	
6.87	13.8354 10.4282 2.35139	
6.88	13.7881 10.3662 2.37904	
6.89	13.7233 10.3069 2.39084	
6.9	13.6354 10.2495 2.40986	
6.91	13.5429 10.1924 2.40951	
6.92	13.4692 10.1455 2.40761	
6.93	13.4318 10.119 2.40845	
6.94	13.4326 10.1013 2.40328	
6.95	13.439 10.0635 2.41027	
6.96	13.4473 10.0178 2.41529	
6.97	13.4569 9.96563 2.43397	
6.98	13.469 9.9108 2.42789	
6.99	13.4797 9.85338 2.44848	
7	13.4927 9.80026 2.46789	
7.01	13.5025 9.74687 2.47533	
7.02	13.5107 9.6826 2.48732	
7.03	13.5228 9.61892 2.50416	
7.04	13.5301 9.54944 2.52588	
7.05	13.5449 9.50735 2.54207	
7.06	13.5531 9.47334 2.55707	
7.07	13.5522 9.416 2.57658	
7.08	13.5465 9.35831 2.59763	
7.09	13.5494 9.27869 2.61815	
7.1	13.5339 9.22799 2.63614	
7.11	13.5363 9.20219 2.64669	
7.12	13.5181 9.28318 2.61797	
7.13	13.4954 9.40143 2.58233	
7.14	13.4704 9.50592 2.53332	
7.15	13.4434 9.5508 2.50193	
7.16	13.4241 9.56443 2.48529	
7.17	13.4199 9.57839 2.47413	
7.18	13.4115 9.60009 2.47253	
7.19	13.4058 9.63112 2.45969	
7.2	13.3924 9.69465 2.44395	
7.21	13.3776 9.76556 2.44295	
7.22	13.3537 9.87339 2.46629	
7.23	13.3264 10.0053 2.49599	
7.24	13.305 10.1085 2.54362	
7.25	13.2813 10.2291 2.64694	
7.26	13.2541 10.353 2.74061	
7.27	13.2408 10.4514 2.85181	
7.28	13.2306 10.5005 2.91643	
7.29	13.228 10.5129 2.91913	
7.3	13.2372 10.5097 2.91769	
7.31	13.2454 10.4628 2.9251	
7.32	13.2537 10.423 2.93807	
7.33	13.2613 10.3937 2.94819	
7.34	13.2683 10.3531 2.96037	
7.35	13.28 10.3038 2.97727	
7.36	13.289 10.2535 2.99461	
7.37	13.3028 10.1871 3.00887	
7.38	13.3231 10.1239 3.0317	
7.39	13.3376 10.0545 3.05661	
7.4	13.3557 10.0024 3.08111	
7.41	13.3649 9.9583 3.09951	
7.42	13.3729 9.91956 3.11777	
7.43	13.3811 9.88058 3.13473	
7.44	13.3871 9.85182 3.1497	
7.45	13.3931 9.82281 3.1633	
7.46	13.3981 9.79875 3.17518	
7.47	13.4022 9.77934 3.18384	
7.48	13.4016 9.75439 3.19573	
7.49	13.4052 9.72992 3.20784	
7.5	13.4113 9.70074 3.22031	
7.51	13.4129 9.66478 3.23079	
7.52	13.4124 9.62429 3.24869	
7.53	13.424 9.57655 3.27055	
7.54	13.428 9.52172 3.29295	
7.55	13.4298 9.46167 3.32038	
7.56	13.4345 9.40281 3.34813	
7.57	13.4373 9.3542 3.37386	
7.58	13.4315 9.3024 3.39439	
7.59	13.4303 9.26321 3.41758	
7.6	13.4216 9.23232 3.43407	
7.61	13.4094 9.21063 3.44664	
7.62	13.3881 9.1972 3.45516	
7.63	13.3656 9.18316 3.46256	
7.64	13.3444 9.16921 3.4682	
7.65	13.3172 9.1393 3.48158	
7.66	13.2965 9.11505 3.49004	
7.67	13.2787 9.08255 3.50693	
7.68	13.2536 9.04848 3.52245	
7.69	13.2407 9.02174 3.5375	
7.7	13.2282 9.00029 3.55037	
7.71	13.2226 8.99022 3.55895	
7.72	13.2101 8.96879 3.57188	
7.73	13.198 8.9371 3.58776	
7.74	13.1933 8.90648 3.60227	
7.75	13.1881 8.88617 3.61388	
7.76	13.1833 8.87111 3.62325	
7.77	13.1694 8.84906 3.63503	
7.78	13.1616 8.80869 3.65387	
7.79	13.1546 8.74875 3.68332	
7.8	13.1523 8.67079 3.72332	
7.81	13.1334 8.59766 3.75017	
7.82	13.1156 8.51022 3.7844	
7.83	13.0753 8.41589 3.82681	
7.84	13.0306 8.33581 3.86434	
7.85	12.9748 8.2633 3.89603	
7.86	12.9273 8.19503 3.91514	
7.87	12.8527 8.12849 3.9377	
7.88	12.7866 8.06513 3.94349	
7.89	12.7015 8.01162 3.93428	
7.9	12.6231 7.97141 3.92898	
7.91	12.5276 7.92902 3.92392	
7.92	12.4308 7.89366 3.9019	
7.93	12.3172 7.85306 3.88788	
7.94	12.2112 7.80294 3.87237	
7.95	12.0961 7.74624 3.85416	
7.96	11.9811 7.67533 3.84025	
7.97	11.8965 7.61535 3.83487	
7.98	11.8053 7.55036 3.82944	
7.99	11.7316 7.48872 3.82602	
8	11.6665 7.42564 3.83403	
8.01	11.5992 7.37475 3.85118	
8.02	11.5234 7.33085 3.87835	
8.03	11.4311 7.28599 3.90549	
8.04	11.3214 7.24941 3.92724	
8.05	11.1932 7.22544 3.94026	
8.06	11.0562 7.2059 3.94902	
8.07	10.912 7.19201 3.95505	
8.08	10.7483 7.18147 3.95719	
8.09	10.5848 7.17234 3.95958	
8.1	10.4375 7.16514 3.96347	
8.11	10.2813 7.15813 3.96542	
8.12	10.1422 7.15706 3.96298	
8.13	10.0004 7.16078 3.96106	
8.14	9.86892 7.1659 3.95692	
8.15	9.73741 7.18536 3.94477	
8.16	9.61467 7.21027 3.93038	
8.17	9.50132 7.24061 3.91288	
8.18	9.38854 7.27172 3.89567	
8.19	9.28384 7.3082 3.87839	
8.2	9.16369 7.3609 3.85993	
8.21	9.07923 7.41795 3.83483	
8.22	8.98657 7.47187 3.81608	
8.23	8.88681 7.53825 3.80306	
8.24	8.78925 7.60394 3.80476	
8.25	8.70116 7.66339 3.7982	
8.26	8.58691 7.71772 3.78692	
8.27	8.46287 7.7699 3.7647	
8.28	8.34688 7.82622 3.73714	
8.29	8.26183 7.86656 3.71839	
8.3	8.1882 7.91152 3.69184	
8.31	8.10581 7.9613 3.66177	
8.32	8.04073 8.01071 3.63293	
8.33	7.96733 8.05155 3.60762	
8.34	7.89511 8.08427 3.5884	
8.35	7.81319 8.11734 3.57148	
8.36	7.72421 8.1471 3.55496	
8.37	7.63722 8.19187 3.53307	
8.38	7.54888 8.22748 3.51799	
8.39	7.44982 8.25821 3.50451	
8.4	7.3604 8.2846 3.49239	
8.41	7.28524 8.30892 3.48317	
8.42	7.23681 8.33064 3.4664	
8.43	7.20248 8.34646 3.45933	
8.44	7.19208 8.35829 3.44654	
8.45	7.19169 8.36487 3.43173	
8.46	7.19754 8.36364 3.41087	
8.47	7.2103 8.35346 3.37777	
8.48	7.23268 8.34802 3.31855	
8.49	7.25267 8.33483 3.24972	
8.5	7.27437 8.32305 3.18203	
8.51	7.28939 8.3137 3.11637	
8.52	7.30399 8.30911 3.05021	
8.53	7.31842 8.30464 2.9838	
8.54	7.32753 8.30666 2.94016	
8.55	7.32996 8.30943 2.91958	
8.56	7.33191 8.3185 2.90906	
8.57	7.33262 8.32675 2.89775	
8.58	7.33568 8.34437 2.87637	
8.59	7.33609 8.36064 2.85564	
8.6	7.33815 8.3723 2.83079	
8.61	7.33958 8.38717 2.79777	
8.62	7.34175 8.4015 2.7586	
8.63	7.34321 8.41988 2.71643	
8.64	7.3453 8.43325 2.67073	
8.65	7.34752 8.44759 2.63042	
8.66	7.3485 8.46139 2.59055	
8.67	7.34162 8.47325 2.56362	
8.68	7.34209 8.47908 2.53635	
8.69	7.34318 8.48123 2.51482	
8.7	7.34313 8.48229 2.48974	
8.71	7.34259 8.48204 2.48222	
8.72	7.34459 8.48387 2.47482	
8.73	7.3453 8.48624 2.47285	
8.74	7.34694 8.50283 2.4524	
8.75	7.34907 8.51104 2.44627	
8.76	7.34993 8.5217 2.41658	
8.77	7.34823 8.52579 2.37594	
8.78	7.34916 8.53067 2.367	
8.79	7.34938 8.53151 2.35763	
8.8	7.34852 8.52669 2.34959	
8.81	7.34716 8.51087 2.35851	
8.82	7.34438 8.49953 2.34386	
8.83	7.34424 8.49016 2.34116	
8.84	7.35124 8.48577 2.32448	
8.85	7.34984 8.47504 2.32659	
8.86	7.34118 8.47239 2.30114	
8.87	7.34801 8.46336 2.29332	
8.88	7.34765 8.4573 2.24302	
8.89	7.34697 8.45181 2.2006	
8.9	7.34734 8.4501 2.19629	
8.91	7.33966 8.44371 2.1447	
8.92	7.33781 8.43317 2.13212	
8.93	7.3357 8.41887 2.09402	
8.94	7.32964 8.36866 2.09201	
8.95	7.3228 8.28775 2.02141	
8.96	7.31784 8.26431 1.99085	
8.97	7.30649 8.23164 1.96269	
8.98	7.30525 8.22385 1.92783	
8.99	7.30001 8.18855 1.92821	
9	7.28032 8.14421 1.88104	
9.01	7.27491 8.09723 1.85236	
9.02	7.26185 8.03121 1.89189	
9.03	7.25765 7.99205 1.84121	
9.04	7.25976 7.95244 1.84159	
9.05	7.22458 7.87402 1.82781	
9.06	7.23377 7.8303 1.76502	
9.07	7.20574 7.77597 1.80366	
9.08	7.193 7.77642 1.81783	
9.09	7.21672 7.71789 1.85731	
9.1	7.18067 7.68818 1.88904	
9.11	7.14405 7.60359 1.91489	
9.12	7.10832 7.42731 1.89886	
9.13	7.10135 7.33842 1.92118	
9.14	7.09426 7.21642 1.90257	
9.15	7.1015 7.13925 1.93569	
9.16	7.10095 7.0775 1.94548	
9.17	7.10746 7.04871 1.94225	
9.18	7.10395 7.00892 1.97246	
9.19	7.09774 6.96326 1.99653	
9.2	7.09114 6.91157 2.03008	
9.21	7.09709 6.83053 2.06186	
9.22	7.07377 6.83865 2.03156	
9.23	7.0794 6.76589 2.06108	
9.24	6.41771 6.45183 2.32508	
9.25	6.94677 6.66938 2.07971	
9.26	6.53111 6.38803 2.30984	
9.27	6.60569 6.31889 2.32521	
9.28	6.60255 6.3182 2.33315	
9.29	6.72323 6.29626 2.32958	
9.3	6.83884 6.28058 2.33307	
9.31	6.9824 6.26383 2.32992	
9.32	7.09118 6.2538 2.33384	
9.33	7.13885 6.25063 2.33053	
9.34	7.15186 6.25316 2.35628	
9.35	7.15383 6.26537 2.3477	
9.36	7.14701 6.2712 2.38026	
9.37	7.14677 6.27747 2.37337	
9.38	7.14674 6.27708 2.40049	
9.39	7.15601 6.2795 2.40984	
9.4	7.15728 6.28193 2.46356	
9.41	7.149 6.28389 2.49421	
9.42	7.14782 6.2871 2.50105	
9.43	7.15482 6.28436 2.51433	
9.44	7.15603 6.2874 2.52463	
9.45	7.15351 6.27509 2.53065	
9.46	7.15224 6.26317 2.53746	
9.47	7.16706 6.24017 2.55135	
9.48	7.16187 6.19793 2.58318	
9.49	7.15583 6.1557 2.61761	
9.5	7.15793 6.09966 2.65998	
9.51	7.1688 6.03947 2.70874	
9.52	7.17177 5.97034 2.78044	
9.53	7.16643 5.89964 2.85863	
9.54	7.18922 5.86719 2.93949	
9.55	7.19751 5.83827 3.0183	
9.56	7.19759 5.83704 3.05347	
9.57	7.19796 5.83501 3.08011	
9.58	7.19809 5.83256 3.1014	
9.59	7.19803 5.82906 3.11088	
9.6	7.19775 5.82165 3.12389	
9.61	7.20534 5.8091 3.14528	
9.62	7.21275 5.78831 3.16409	
9.63	7.20822 5.75103 3.195	
9.64	7.20392 5.70261 3.23663	
9.65	7.19701 5.63787 3.29343	
9.66	7.19048 5.57841 3.35098	
9.67	7.1867 5.52854 3.40611	
9.68	7.18186 5.49003 3.45691	
9.69	7.17925 5.4582 3.52171	
9.7	7.17493 5.42915 3.58623	
9.71	7.17058 5.39322 3.61864	
9.72	7.16571 5.35757 3.65331	
9.73	7.17819 5.2969 3.70727	
9.74	7.19154 5.17844 3.80445	
9.75	7.23123 5.02353 3.90083	
9.76	7.31617 4.83432 3.99239	
9.77	7.4622 4.69064 4.07788	
9.78	7.65602 4.58696 4.1447	
9.79	7.89332 4.50278 4.20072	
9.8	8.13138 4.44072 4.22087	
9.81	8.42423 4.41711 4.20004	
9.82	8.79752 4.40663 4.16882	
9.83	9.21129 4.38974 4.12604	
9.84	9.45484 4.3973 4.07343	
9.85	9.6501 4.44212 4.01955	
9.86	9.84246 4.49263 3.96231	
9.87	10.044 4.54078 3.91577	
9.88	10.2659 4.58348 3.87477	
9.89	10.497 4.62858 3.8356	
9.9	10.7147 4.66255 3.81116	
9.91	10.886 4.69559 3.78622	
9.92	11.0556 4.76073 3.74014	
9.93	11.2088 4.86592 3.64887	
9.94	11.3885 5.01032 3.52922	
9.95	11.4985 5.08925 3.46224	
9.96	11.5696 5.13675 3.42504	
9.97	11.585 5.16729 3.3942	
9.98	11.5862 5.19945 3.36244	
9.99	11.605 5.24089 3.32303	
10	11.6315 5.29887 3.2693	
10.01	11.6583 5.34894 3.22643	
10.02	11.6945 5.40526 3.19223	
10.03	11.7549 5.48485 3.15689	
10.04	11.8092 5.57034 3.12859	
10.05	11.8278 5.64463 3.10232	
10.06	11.827 5.7261 3.07586	
10.07	11.8142 5.81581 3.0553	
10.08	11.7899 5.93128 3.0271	
10.09	11.7799 6.06725 2.99634	
10.1	11.7523 6.20531 2.94765	
10.11	11.7184 6.31213 2.89753	
10.12	11.6846 6.39733 2.86268	
10.13	11.6348 6.47302 2.83412	
10.14	11.5835 6.5427 2.79344	
10.15	11.5221 6.60132 2.7482	
10.16	11.479 6.66267 2.70874	
10.17	11.428 6.71819 2.66143	
10.18	11.3769 6.76153 2.63512	
10.19	11.3377 6.79723 2.60887	
10.2	11.2797 6.83189 2.58613	
10.21	11.2222 6.86177 2.56086	
10.22	11.1569 6.88611 2.5356	
10.23	11.0889 6.91467 2.50967	
10.24	11.0492 6.95159 2.4872	
10.25	11.0097 6.98795 2.48189	
10.26	10.9704 7.02493 2.47615	
10.27	10.8934 7.07702 2.46221	
10.28	10.8232 7.16263 2.45486	
10.29	10.7063 7.24796 2.43704	
10.3	10.6022 7.33542 2.42285	
10.31	10.5133 7.42438 2.37531	
10.32	10.4253 7.48561 2.34509	
10.33	10.3458 7.61742 2.2653	
10.34	10.2981 7.74647 2.19834	
10.35	10.2744 7.9353 2.1467	
10.36	10.2349 8.17459 2.11594	
10.37	10.2196 8.50343 2.10007	
10.38	10.1752 8.85686 2.11573	
10.39	10.1284 9.24516 2.12705	
10.4	10.0941 9.66626 2.1046	
10.41	10.102 10.0709 2.06473	
10.42	10.0934 10.5745 2.06604	
10.43	10.0979 11.0511 2.10674	
10.44	10.069 11.5173 2.19435	
10.45	10.0862 11.8788 2.31229	
10.46	10.0677 12.2157 2.34034	
10.47	10.0579 12.4811 2.35659	
10.48	10.0229 12.6971 2.42849	
10.49	10.0151 12.9358 2.56043	
10.5	9.99039 13.2336 2.73968	
10.51	9.9775 13.7421 2.87764	
10.52	9.9633 14.2671 2.894	
10.53	9.9539 14.7968 2.89615	
10.54	9.94774 15.3241 2.9027	
10.55	9.94333 15.8645 3.03189	
10.56	9.93767 16.4024 3.08709	
10.57	9.93446 16.7793 3.13402	
10.58	9.93355 17.1108 3.20052	
10.59	9.93563 17.4296 3.25022	
10.6	9.93078 17.7151 3.30187	
10.61	9.92988 18.0901 3.37118	
10.62	9.92641 18.4858 3.42451	
10.63	9.92485 18.8817 3.49424	
10.64	9.92653 19.3133 3.50827	
10.65	9.92481 19.6196 3.31004	
10.66	9.81519 19.9166 3.12775	
10.67	9.82172 19.9194 3.13407	
10.68	9.82531 19.9209 3.13734	
10.69	9.82949 19.9193 3.12915	
10.7	9.82781 19.9215 3.13812	
10.71	9.82923 19.9218 3.1384	
10.72	9.82804 19.922 3.13974	
10.73	9.82946 19.9215 3.13717	
10.74	9.82827 19.9217 3.13852	
10.75	9.82827 19.9217 3.13852	
10.76	9.82827 19.9213 3.13709	
10.77	9.82946 19.9219 3.1386	
10.78	9.8285 19.9222 3.14014	
10.79	9.82827 19.9221 3.13994	
10.8	9.82946 19.9231 3.14287	
10.81	9.82827 19.9256 3.15279	
10.82	9.8273 19.9266 3.15721	
10.83	9.82707 19.9272 3.15987	
10.84	9.82707 19.9272 3.15987	
10.85	9.82587 19.927 3.15979	
10.86	9.82586 19.9274 3.16122	
10.87	9.82707 19.9276 3.1613	
10.88	9.82586 19.9274 3.16122	
10.89	9.82707 19.9276 3.1613	
10.9	9.82586 19.9274 3.16122	
10.91	9.82586 19.9274 3.16122	
10.92	9.82586 19.9274 3.16122	
10.93	9.82586 19.9274 3.16122	
10.94	9.82586 19.9274 3.16122	
10.95	9.82586 19.9274 3.16122	
10.96	9.82586 19.9274 3.16122	
10.97	9.82586 19.9274 3.16122	
10.98	9.82609 19.9274 3.16142	
10.99	9.82609 19.9274 3.16142	
11	9.82466 19.9272 3.16114	
11.01	9.82586 19.9274 3.16122	
11.02	9.82609 19.9274 3.16142	
11.03	9.82586 19.9274 3.16122	
11.04	9.82586 19.9277 3.16266	
11.05	9.82586 19.9274 3.16122	
11.06	9.82609 19.9274 3.16142	
11.07	9.82586 19.9274 3.16122	
11.08	9.82586 19.9274 3.16122	
11.09	9.82586 19.9274 3.16122	
11.1	9.82587 19.927 3.15979	
11.11	9.82586 19.9274 3.16122	
11.12	9.82586 19.9274 3.16122	
11.13	9.82586 19.9274 3.16122	
11.14	9.82586 19.9274 3.16122	
11.15	9.82586 19.9274 3.16122	
11.16	9.82586 19.9274 3.16122	
