# Gnuplot File : positions of 1 particle(s) Monitored
# 1st Column : time, others : particle(s) number 0 
0.01	7.71056 15.6473 5.0664	
0.02	7.70881 15.6467 5.06408	
0.03	7.71056 15.6494 5.06496	
0.04	7.71113 15.6478 5.06641	
0.05	7.71113 15.6478 5.06624	
0.06	7.70881 15.6467 5.0634	
0.07	7.70881 15.6446 5.06432	
0.08	7.70881 15.6467 5.0631	
0.09	7.70881 15.6467 5.06296	
0.1	7.70881 15.6446 5.06389	
0.11	7.70881 15.6446 5.06375	
0.12	7.70881 15.6467 5.06256	
0.13	7.70881 15.6467 5.06243	
0.14	7.70881 15.6467 5.06231	
0.15	7.71113 15.6458 5.06595	
0.16	7.70881 15.6467 5.06209	
0.17	7.71113 15.6478 5.06466	
0.18	7.70881 15.6467 5.06188	
0.19	7.71113 15.6458 5.06553	
0.2	7.71113 15.6478 5.06436	
0.21	7.70881 15.6467 5.06159	
0.22	7.70706 15.6439 5.06044	
0.23	7.71113 15.6478 5.0641	
0.24	7.70881 15.6467 5.06134	
0.25	7.70881 15.6446 5.06233	
0.26	7.70881 15.6467 5.06118	
0.27	7.71113 15.6478 5.06379	
0.28	7.70881 15.6467 5.06103	
0.29	7.70881 15.6467 5.06097	
0.3	7.70881 15.6446 5.06197	
0.31	7.71113 15.6478 5.06352	
0.32	7.70881 15.6467 5.06078	
0.33	7.71056 15.6494 5.06178	
0.34	7.70881 15.6467 5.06066	
0.35	7.71056 15.6494 5.06167	
0.36	7.70881 15.6446 5.06162	
0.37	7.71056 15.6494 5.06156	
0.38	7.71113 15.6478 5.06313	
0.39	7.71056 15.6494 5.06147	
0.4	7.70881 15.6467 5.06036	
0.41	7.70881 15.6467 5.06032	
0.42	7.70881 15.6467 5.06027	
0.43	7.71113 15.6458 5.06398	
0.44	7.70881 15.6446 5.06126	
0.45	7.71056 15.6494 5.06122	
0.46	7.70881 15.6446 5.06119	
0.47	7.71056 15.6473 5.06221	
0.48	7.71056 15.6473 5.06218	
0.49	7.70881 15.6446 5.06109	
0.5	7.71056 15.6494 5.06105	
0.51	7.71056 15.6494 5.06102	
0.52	7.70881 15.6446 5.061	
0.53	7.70881 15.6467 5.0599	
0.54	7.71056 15.6494 5.06093	
0.55	7.70881 15.6446 5.06091	
0.56	7.71113 15.6458 5.06357	
0.57	7.71056 15.6494 5.06086	
0.58	7.70881 15.6467 5.05977	
0.59	7.70881 15.6467 5.05975	
0.6	7.70881 15.6467 5.05973	
0.61	7.70881 15.6467 5.05971	
0.62	7.70881 15.6446 5.06076	
0.63	7.71289 15.6506 5.06341	
0.64	7.70881 15.6467 5.05965	
0.65	7.71113 15.6458 5.06338	
0.66	7.71113 15.6478 5.06229	
0.67	7.71056 15.6494 5.06066	
0.68	7.71113 15.6478 5.06226	
0.69	7.70881 15.6467 5.05956	
0.7	7.70881 15.6467 5.05955	
0.71	7.71113 15.6478 5.06221	
0.72	7.70881 15.6467 5.05952	
0.73	7.71056 15.6494 5.06057	
0.74	7.71113 15.6478 5.06217	
0.75	7.71289 15.6506 5.06322	
0.76	7.71113 15.6458 5.06322	
0.77	7.70881 15.6446 5.06053	
0.78	7.70881 15.6467 5.05945	
0.79	7.71056 15.6494 5.0605	
0.8	7.70881 15.6467 5.05943	
0.81	7.70881 15.6467 5.05942	
0.82	7.71113 15.6478 5.06209	
0.83	7.70881 15.6467 5.0594	
0.84	7.70881 15.6467 5.05939	
0.85	7.71113 15.6458 5.06313	
0.86	7.70881 15.6467 5.05937	
0.87	7.70881 15.6446 5.06043	
0.88	7.71056 15.6494 5.06042	
0.89	7.70881 15.6467 5.05935	
0.9	7.71056 15.6494 5.0604	
0.91	7.70881 15.6467 5.05933	
0.92	7.70881 15.6446 5.0604	
0.93	7.71056 15.6473 5.06145	
0.94	7.71056 15.6494 5.06037	
0.95	7.70881 15.6446 5.06038	
0.96	7.71056 15.6494 5.06037	
0.97	7.70881 15.6467 5.05931	
0.98	7.71056 15.6494 5.06037	
0.99	7.71056 15.6494 5.06037	
1	7.70881 15.6446 5.06038	
1.01	7.70881 15.6467 5.05931	
1.02	7.70881 15.6446 5.06038	
1.03	7.71056 15.6494 5.06037	
1.04	7.70881 15.6467 5.05931	
1.05	7.70881 15.6446 5.06038	
1.06	7.70881 15.6467 5.05931	
1.07	7.71113 15.6478 5.06199	
1.08	7.70881 15.6467 5.05931	
1.09	7.70881 15.6467 5.05931	
1.1	7.71113 15.6458 5.06306	
1.11	7.71056 15.6494 5.06037	
1.12	7.70881 15.6446 5.06038	
1.13	7.71113 15.6458 5.06306	
1.14	7.70881 15.6467 5.05931	
1.15	7.70649 15.6455 5.05662	
1.16	7.70881 15.6467 5.05931	
1.17	7.70881 15.6446 5.06038	
1.18	7.71113 15.6478 5.06199	
1.19	7.70881 15.6467 5.05931	
1.2	7.70881 15.6467 5.05931	
1.21	7.71113 15.6458 5.06306	
1.22	7.70881 15.6467 5.05931	
1.23	7.70881 15.6467 5.05931	
1.24	7.70881 15.6467 5.05931	
1.25	7.70881 15.6467 5.05931	
1.26	7.71056 15.6473 5.06144	
1.27	7.70881 15.6446 5.06038	
1.28	7.71056 15.6494 5.06037	
1.29	7.70881 15.6467 5.05931	
1.3	7.71056 15.6473 5.06144	
1.31	7.70881 15.6467 5.05931	
1.32	7.70881 15.6467 5.05931	
1.33	7.70881 15.6467 5.05931	
1.34	7.71113 15.6478 5.06199	
1.35	7.71056 15.6473 5.06144	
1.36	7.70881 15.6446 5.06038	
1.37	7.70881 15.6467 5.05931	
1.38	7.71113 15.6458 5.06306	
1.39	7.71056 15.6494 5.06037	
1.4	7.70881 15.6467 5.05931	
1.41	7.71056 15.6494 5.06037	
1.42	7.71113 15.6458 5.06306	
1.43	7.70881 15.6467 5.05931	
1.44	7.70881 15.6467 5.05931	
1.45	7.70881 15.6467 5.05931	
1.46	7.70881 15.6446 5.06038	
1.47	7.70881 15.6467 5.05931	
1.48	7.70881 15.6467 5.05931	
1.49	7.70881 15.6446 5.06038	
1.5	7.70881 15.6446 5.06038	
1.51	7.71056 15.6473 5.06144	
1.52	7.70881 15.6467 5.05931	
1.53	7.70881 15.6467 5.05931	
1.54	7.70881 15.6467 5.05931	
1.55	7.70881 15.6467 5.05931	
1.56	7.70881 15.6467 5.05931	
1.57	7.71113 15.6458 5.06306	
1.58	7.70881 15.6467 5.05931	
1.59	7.71289 15.6506 5.06305	
1.6	7.70881 15.6467 5.05931	
1.61	7.70823 15.6482 5.05769	
1.62	7.71113 15.6458 5.06306	
1.63	7.71056 15.6473 5.06144	
1.64	7.71113 15.6458 5.06306	
1.65	7.70881 15.6467 5.05931	
1.66	7.71113 15.6478 5.06199	
1.67	7.70881 15.6467 5.05931	
1.68	7.71113 15.6458 5.06306	
1.69	7.71056 15.6494 5.06037	
1.7	7.71056 15.6494 5.06037	
1.71	7.71056 15.6473 5.06144	
1.72	7.70881 15.6467 5.05931	
1.73	7.70881 15.6467 5.05931	
1.74	7.71113 15.6458 5.06306	
1.75	7.70881 15.6467 5.05931	
1.76	7.71056 15.6494 5.06037	
1.77	7.70881 15.6467 5.05931	
1.78	7.70881 15.6467 5.05931	
1.79	7.70881 15.6467 5.05931	
1.8	7.70881 15.6467 5.05931	
1.81	7.70881 15.6467 5.05931	
1.82	7.70881 15.6446 5.06038	
1.83	7.70881 15.6467 5.05931	
1.84	7.70881 15.6467 5.05931	
1.85	7.70881 15.6467 5.05931	
1.86	7.70881 15.6446 5.06038	
1.87	7.71056 15.6494 5.06037	
1.88	7.71113 15.6478 5.06199	
1.89	7.71056 15.6494 5.06037	
1.9	7.70881 15.6467 5.05931	
1.91	7.70881 15.6446 5.06038	
1.92	7.70881 15.6467 5.05931	
1.93	7.70881 15.6467 5.05931	
1.94	7.71113 15.6458 5.06306	
1.95	7.70881 15.6467 5.05931	
1.96	7.71056 15.6494 5.06037	
1.97	7.70881 15.6467 5.05931	
1.98	7.70881 15.6467 5.05931	
1.99	7.70881 15.6467 5.05931	
2	7.70881 15.6446 5.06038	
2.01	7.70881 15.6467 5.05931	
2.02	7.71113 15.6458 5.06306	
2.03	7.71289 15.6506 5.06305	
2.04	7.71113 15.6478 5.06199	
2.05	7.70881 15.6467 5.05931	
2.06	7.70881 15.6446 5.06038	
2.07	7.70881 15.6467 5.05931	
2.08	7.70881 15.6467 5.05931	
2.09	7.71056 15.6494 5.06037	
2.1	7.70881 15.6467 5.05931	
2.11	7.70881 15.6467 5.05931	
2.12	7.70881 15.6467 5.05931	
2.13	7.71113 15.6458 5.06306	
2.14	7.71113 15.6478 5.06199	
2.15	7.71113 15.6458 5.06306	
2.16	7.70881 15.6446 5.06038	
2.17	7.70881 15.6446 5.06038	
2.18	7.70881 15.6446 5.06038	
2.19	7.71113 15.6478 5.06199	
2.2	7.70881 15.6446 5.06038	
2.21	7.70823 15.6482 5.05769	
2.22	7.70938 15.643 5.062	
2.23	7.70881 15.6467 5.05931	
2.24	7.70881 15.6467 5.05931	
2.25	7.71113 15.6478 5.06199	
2.26	7.70881 15.6467 5.05931	
2.27	7.70881 15.6446 5.06038	
2.28	7.70881 15.6467 5.05931	
2.29	7.71113 15.6458 5.06306	
2.3	7.70881 15.6446 5.06038	
2.31	7.71113 15.6478 5.06199	
2.32	7.70881 15.6467 5.05931	
2.33	7.71056 15.6494 5.06037	
2.34	7.71113 15.6458 5.06306	
2.35	7.70881 15.6467 5.05931	
2.36	7.71113 15.6458 5.06306	
2.37	7.71056 15.6494 5.06037	
2.38	7.71113 15.6458 5.06306	
2.39	7.71056 15.6473 5.06144	
2.4	7.70881 15.6446 5.06038	
2.41	7.70881 15.6467 5.05931	
2.42	7.70881 15.6467 5.05931	
2.43	7.71056 15.6494 5.06037	
2.44	7.70881 15.6467 5.05931	
2.45	7.70881 15.6467 5.05931	
2.46	7.70881 15.6467 5.05931	
2.47	7.70881 15.6467 5.05931	
2.48	7.70881 15.6467 5.05931	
2.49	7.71113 15.6478 5.06199	
2.5	7.70881 15.6467 5.05931	
2.51	7.71056 15.6473 5.06144	
2.52	7.70881 15.6467 5.05931	
2.53	7.71113 15.6478 5.06199	
2.54	7.71113 15.6458 5.06306	
2.55	7.70881 15.6467 5.05931	
2.56	7.71113 15.6478 5.06199	
2.57	7.70881 15.6467 5.05931	
2.58	7.70881 15.6467 5.05931	
2.59	7.70881 15.6467 5.05931	
2.6	7.70881 15.6467 5.05931	
2.61	7.70881 15.6467 5.05931	
2.62	7.71056 15.6494 5.06037	
2.63	7.70881 15.6467 5.05931	
2.64	7.71113 15.6478 5.06199	
2.65	7.70881 15.6467 5.05931	
2.66	7.71289 15.6506 5.06305	
2.67	7.70881 15.6467 5.05931	
2.68	7.70881 15.6467 5.05931	
2.69	7.70881 15.6446 5.06038	
2.7	7.70881 15.6467 5.05931	
2.71	7.71056 15.6494 5.06037	
2.72	7.70881 15.6467 5.05931	
2.73	7.71113 15.6478 5.06199	
2.74	7.71056 15.6473 5.06144	
2.75	7.70881 15.6446 5.06038	
2.76	7.70881 15.6467 5.05931	
2.77	7.71113 15.6458 5.06306	
2.78	7.70881 15.6467 5.05931	
2.79	7.71113 15.6458 5.06306	
2.8	7.71113 15.6478 5.06199	
2.81	7.70881 15.6467 5.05931	
2.82	7.71056 15.6494 5.06037	
2.83	7.70881 15.6467 5.05931	
2.84	7.70881 15.6467 5.05931	
2.85	7.70881 15.6446 5.06038	
2.86	7.70881 15.6446 5.06038	
2.87	7.70881 15.6467 5.05931	
2.88	7.71113 15.6478 5.06199	
2.89	7.70881 15.6446 5.06038	
2.9	7.71289 15.6506 5.06305	
2.91	7.70881 15.6446 5.06038	
2.92	7.71113 15.6458 5.06306	
2.93	7.71113 15.6478 5.06199	
2.94	7.70881 15.6446 5.06038	
2.95	7.70881 15.6467 5.05931	
2.96	7.70881 15.6467 5.05931	
2.97	7.70881 15.6467 5.05931	
2.98	7.70881 15.6467 5.05931	
2.99	7.70881 15.6446 5.06038	
3	7.71113 15.6478 5.06199	
3.01	7.71113 15.6478 5.06199	
3.02	7.71113 15.6478 5.06199	
3.03	7.71056 15.6494 5.06037	
3.04	7.70881 15.6446 5.06038	
3.05	7.70881 15.6467 5.05931	
3.06	7.70881 15.6446 5.06038	
3.07	7.70881 15.6446 5.06038	
3.08	7.70881 15.6467 5.05931	
3.09	7.71113 15.6478 5.06199	
3.1	7.71113 15.6478 5.06199	
3.11	7.71056 15.6494 5.06037	
3.12	7.70881 15.6446 5.06038	
3.13	7.70881 15.6467 5.05931	
3.14	7.70881 15.6446 5.06038	
3.15	7.70881 15.6467 5.05931	
3.16	7.70881 15.6467 5.05931	
3.17	7.70881 15.6467 5.05931	
3.18	7.71113 15.6458 5.06306	
3.19	7.71113 15.6458 5.06306	
3.2	7.70881 15.6467 5.05931	
3.21	7.71113 15.6478 5.06199	
3.22	7.70881 15.6446 5.06038	
3.23	7.71113 15.6458 5.06306	
3.24	7.71113 15.6478 5.06199	
3.25	7.71113 15.6458 5.06306	
3.26	7.70881 15.6446 5.06038	
3.27	7.70881 15.6467 5.05931	
3.28	7.70881 15.6446 5.06038	
3.29	7.70881 15.6467 5.05931	
3.3	7.70881 15.6467 5.05931	
3.31	7.70881 15.6467 5.05931	
3.32	7.70881 15.6467 5.05931	
3.33	7.70881 15.6467 5.05931	
3.34	7.70881 15.6446 5.06038	
3.35	7.70881 15.6467 5.05931	
3.36	7.70881 15.6467 5.05931	
3.37	7.70881 15.6467 5.05931	
3.38	7.70881 15.6467 5.05931	
3.39	7.70881 15.6467 5.05931	
3.4	7.71113 15.6458 5.06306	
3.41	7.70881 15.6467 5.05931	
3.42	7.70881 15.6467 5.05931	
3.43	7.70881 15.6446 5.06038	
3.44	7.70881 15.6467 5.05931	
3.45	7.71056 15.6494 5.06037	
3.46	7.71056 15.6494 5.06037	
3.47	7.70881 15.6467 5.05931	
3.48	7.70881 15.6467 5.05931	
3.49	7.70881 15.6467 5.05931	
3.5	7.71056 15.6473 5.06144	
3.51	7.70881 15.6467 5.05931	
3.52	7.70881 15.6446 5.06038	
3.53	7.70881 15.6467 5.05931	
3.54	7.70881 15.6446 5.06038	
3.55	7.70881 15.6467 5.05931	
3.56	7.71113 15.6458 5.06306	
3.57	7.70881 15.6467 5.05931	
3.58	7.70881 15.6446 5.06038	
3.59	7.71113 15.6458 5.06306	
3.6	7.71056 15.6494 5.06037	
3.61	7.70881 15.6446 5.06038	
3.62	7.70881 15.6446 5.06038	
3.63	7.71056 15.6494 5.06037	
3.64	7.71113 15.6458 5.06306	
3.65	7.71113 15.6478 5.06199	
3.66	7.71113 15.6458 5.06306	
3.67	7.70881 15.6467 5.05931	
3.68	7.70881 15.6467 5.05931	
3.69	7.70881 15.6446 5.06038	
3.7	7.70881 15.6446 5.06038	
3.71	7.71113 15.6458 5.06306	
3.72	7.70881 15.6446 5.06038	
3.73	7.71113 15.6458 5.06306	
3.74	7.70881 15.6467 5.05931	
3.75	7.71056 15.6473 5.06144	
3.76	7.70881 15.6467 5.05931	
3.77	7.70881 15.6446 5.06038	
3.78	7.70881 15.6467 5.05931	
3.79	7.71113 15.6478 5.06199	
3.8	7.71113 15.6478 5.06199	
3.81	7.70881 15.6467 5.05931	
3.82	7.71113 15.6458 5.06306	
3.83	7.71113 15.6478 5.06199	
3.84	7.70881 15.6467 5.05931	
3.85	7.71056 15.6494 5.06037	
3.86	7.70881 15.6446 5.06038	
3.87	7.70881 15.6467 5.05931	
3.88	7.70881 15.6467 5.05931	
3.89	7.70881 15.6446 5.06038	
3.9	7.71113 15.6458 5.06306	
3.91	7.71113 15.6458 5.06306	
3.92	7.70881 15.6467 5.05931	
3.93	7.70881 15.6467 5.05931	
3.94	7.70881 15.6467 5.05931	
3.95	7.70881 15.6446 5.06038	
3.96	7.70881 15.6467 5.05931	
3.97	7.70881 15.6446 5.06038	
3.98	7.70881 15.6467 5.05931	
3.99	7.71113 15.6478 5.06199	
4	7.71056 15.6494 5.06037	
4.01	7.71056 15.6494 5.06037	
4.02	7.71113 15.6458 5.06306	
4.03	7.71113 15.6478 5.06199	
4.04	7.70881 15.6467 5.05931	
4.05	7.71056 15.6473 5.06144	
4.06	7.70881 15.6446 5.06038	
4.07	7.70881 15.6446 5.06038	
4.08	7.71113 15.6478 5.06199	
4.09	7.71113 15.6458 5.06306	
4.1	7.70881 15.6467 5.05931	
4.11	7.70881 15.6446 5.06038	
4.12	7.70881 15.6467 5.05931	
4.13	7.70881 15.6446 5.06038	
4.14	7.71113 15.6478 5.06199	
4.15	7.70881 15.6467 5.05931	
4.16	7.71113 15.6458 5.06306	
4.17	7.71113 15.6478 5.06199	
4.18	7.70881 15.6467 5.05931	
4.19	7.71056 15.6494 5.06037	
4.2	7.70881 15.6467 5.05931	
4.21	7.71113 15.6478 5.06199	
4.22	7.71289 15.6506 5.06305	
4.23	7.71113 15.6478 5.06199	
4.24	7.71113 15.6458 5.06306	
4.25	7.71056 15.6494 5.06037	
4.26	7.70881 15.6467 5.05931	
4.27	7.70881 15.6467 5.05931	
4.28	7.70881 15.6446 5.06038	
4.29	7.70881 15.6467 5.05931	
4.3	7.70881 15.6446 5.06038	
4.31	7.70881 15.6467 5.05931	
4.32	7.70881 15.6467 5.05931	
4.33	7.70881 15.6467 5.05931	
4.34	7.71113 15.6478 5.06199	
4.35	7.70881 15.6467 5.05931	
4.36	7.70881 15.6467 5.05931	
4.37	7.70881 15.6446 5.06038	
4.38	7.70882 15.6652 5.04956	
4.39	7.70706 15.6624 5.0485	
4.4	7.70363 15.6622 5.0437	
4.41	7.66826 15.6492 4.9989	
4.42	7.62121 15.6229 4.9406	
4.43	7.58904 15.606 4.89768	
4.44	7.54174 15.5672 4.83814	
4.45	7.52122 15.5558 4.80767	
4.46	7.50984 15.5463 4.79205	
4.47	7.50593 15.542 4.78719	
4.48	7.50203 15.5411 4.78044	
4.49	7.4866 15.5305 4.7571	
4.5	7.47709 15.5238 4.74244	
4.51	7.46956 15.5185 4.73068	
4.52	7.48807 15.5335 4.75826	
4.53	7.55049 15.5785 4.84727	
4.54	7.58319 15.6006 4.89093	
4.55	7.60016 15.6107 4.91339	
4.56	7.62981 15.6242 4.9535	
4.57	7.6704 15.6449 5.00437	
4.58	7.70011 15.6588 5.04048	
4.59	7.72575 15.6721 5.06977	
4.6	7.73755 15.6781 5.08297	
4.61	7.73992 15.6793 5.0856	
4.62	7.75108 15.635 5.11195	
4.63	7.74875 15.5612 5.13958	
4.64	7.76968 15.4967 5.19629	
4.65	7.80998 15.4328 5.30847	
4.66	7.83701 15.359 5.44656	
4.67	7.86645 15.3062 5.62244	
4.68	7.88785 15.1924 5.74995	
4.69	7.90273 15.0519 5.86557	
4.7	7.91392 14.8968 5.99046	
4.71	7.91755 14.7293 6.12464	
4.72	7.92417 14.5807 6.27921	
4.73	7.93457 14.4581 6.41492	
4.74	7.94258 14.3589 6.53449	
4.75	7.94931 14.2701 6.60335	
4.76	7.95059 14.1932 6.63892	
4.77	7.94698 14.066 6.63453	
4.78	7.94493 13.8955 6.62343	
4.79	7.94632 13.679 6.63481	
4.8	7.9427 13.4824 6.70201	
4.81	7.94526 13.2869 6.82493	
4.82	7.94528 13.0863 6.98267	
4.83	7.93934 12.8748 7.17255	
4.84	7.93724 12.6384 7.39958	
4.85	7.93424 12.3889 7.65815	
4.86	7.93029 12.1301 7.92606	
4.87	7.93277 11.8304 8.19439	
4.88	7.92443 11.5103 8.36025	
4.89	7.92414 11.1383 8.43624	
4.9	7.93199 10.7716 8.45451	
4.91	7.96671 10.4182 8.48376	
4.92	8.02272 10.1021 8.52163	
4.93	8.10488 9.79049 8.56961	
4.94	8.24699 9.50821 8.63922	
4.95	8.44441 9.27277 8.73626	
4.96	8.69442 9.08449 8.88796	
4.97	9.00343 8.93115 9.10047	
4.98	9.40271 8.79734 9.42693	
4.99	9.8977 8.69227 9.83631	
5	10.3653 8.62999 10.2575	
5.01	10.8993 8.55409 10.7745	
5.02	11.405 8.48673 11.2308	
5.03	11.9153 8.3797 11.7448	
5.04	12.3637 8.28968 12.2312	
5.05	12.8034 8.20287 12.7556	
5.06	13.064 8.14817 13.1021	
5.07	13.1662 8.09148 13.2877	
5.08	13.1542 8.05008 13.3097	
5.09	13.1032 7.98502 13.2707	
5.1	13.0498 7.95196 13.204	
5.11	12.9833 7.93842 13.1137	
5.12	12.9325 7.92223 13.0328	
5.13	12.8986 7.90732 12.9635	
5.14	12.8846 7.85611 12.8905	
5.15	12.8847 7.78072 12.8041	
5.16	12.8821 7.68153 12.6993	
5.17	12.8602 7.56828 12.5757	
5.18	12.8152 7.42377 12.4032	
5.19	12.7903 7.29641 12.2638	
5.2	12.7367 7.16776 12.1348	
5.21	12.6795 7.04466 12.0231	
5.22	12.6 6.93848 11.9269	
5.23	12.4909 6.83657 11.846	
5.24	12.3447 6.7273 11.7901	
5.25	12.1347 6.62733 11.7499	
5.26	11.9208 6.54085 11.7305	
5.27	11.6701 6.46177 11.7294	
5.28	11.4065 6.38012 11.7332	
5.29	11.2331 6.30082 11.7638	
5.3	11.1333 6.23284 11.7913	
5.31	11.1334 6.20878 11.8162	
5.32	11.1636 6.19111 11.8362	
5.33	11.2035 6.19188 11.8783	
5.34	11.2385 6.19892 11.9283	
5.35	11.2762 6.20783 11.9789	
5.36	11.3314 6.2215 12.0468	
5.37	11.3805 6.23147 12.1053	
5.38	11.4157 6.23612 12.1432	
5.39	11.4362 6.23863 12.1639	
5.4	11.441 6.23352 12.1671	
5.41	11.4888 6.21604 12.1983	
5.42	11.5266 6.18523 12.1981	
5.43	11.5514 6.14827 12.1743	
5.44	11.5597 6.11252 12.1407	
5.45	11.529 6.07771 12.0951	
5.46	11.4352 6.0538 12.0019	
5.47	11.3093 6.03576 11.8891	
5.48	11.1854 6.03168 11.7829	
5.49	11.061 6.01617 11.6852	
5.5	10.9225 5.98851 11.5816	
5.51	10.8076 5.95074 11.483	
5.52	10.684 5.89561 11.3647	
5.53	10.5685 5.82573 11.2504	
5.54	10.4333 5.75302 11.1218	
5.55	10.2896 5.68838 11.0037	
5.56	10.1305 5.62834 10.8998	
5.57	9.96183 5.57256 10.787	
5.58	9.77706 5.52098 10.6876	
5.59	9.64335 5.48657 10.609	
5.6	9.57339 5.46062 10.5633	
5.61	9.56194 5.45007 10.5395	
5.62	9.58763 5.46258 10.5166	
5.63	9.62466 5.5171 10.4856	
5.64	9.6766 5.57231 10.4491	
5.65	9.74035 5.63486 10.4366	
5.66	9.80691 5.69307 10.4664	
5.67	9.85756 5.74411 10.5275	
5.68	9.89095 5.79227 10.5886	
5.69	9.93649 5.85055 10.6688	
5.7	9.96842 5.7934 10.8002	
5.71	9.95955 5.85505 10.8329	
5.72	9.97701 5.89884 10.8773	
5.73	10.0053 5.92366 10.9369	
5.74	9.99833 5.94379 10.9617	
5.75	9.99884 5.95213 10.9717	
5.76	9.99504 5.95977 10.9845	
5.77	9.98998 5.96845 10.9929	
5.78	9.94642 5.96653 10.9507	
5.79	9.89801 5.96863 10.8269	
5.8	9.87921 5.95432 10.7243	
5.81	9.86655 5.9426 10.6392	
5.82	9.86446 5.93532 10.5796	
5.83	9.87464 5.9158 10.5484	
5.84	9.87949 5.89584 10.4953	
5.85	9.86224 5.93672 10.3755	
5.86	9.86078 5.9508 10.3336	
5.87	9.82584 6.01645 10.2052	
5.88	9.80963 6.07249 9.88922	
5.89	9.83872 5.98526 9.68036	
5.9	9.85176 5.94107 9.56418	
5.91	9.85709 5.91249 9.49334	
5.92	9.87239 5.85371 9.48112	
5.93	9.88185 5.81936 9.49123	
5.94	9.87814 5.81763 9.4939	
5.95	9.87961 5.82872 9.49271	
5.96	9.88016 5.85888 9.48478	
5.97	9.88076 5.87516 9.48331	
5.98	9.8856 5.88625 9.45952	
5.99	9.89494 5.88538 9.41974	
6	9.91027 5.89212 9.35831	
6.01	9.94992 5.89617 9.28392	
6.02	9.99588 5.90576 9.19547	
6.03	10.0544 5.91924 9.12241	
6.04	10.1095 5.93311 9.04419	
6.05	10.1717 5.9503 8.97665	
6.06	10.2483 5.97564 8.84559	
6.07	10.3154 5.99577 8.7162	
6.08	10.3889 6.0381 8.58585	
6.09	10.4678 6.06277 8.47866	
6.1	10.5214 6.09264 8.37944	
6.11	10.5619 6.09064 8.277	
6.12	10.605 6.08632 8.17923	
6.13	10.6648 6.06109 8.10021	
6.14	10.7168 6.031 8.04346	
6.15	10.7593 6.005 7.99665	
6.16	10.8091 5.98545 7.95935	
6.17	10.8575 5.97262 7.92589	
6.18	10.8984 5.97021 7.89712	
6.19	10.9559 5.9846 7.87791	
6.2	11.0198 5.98584 7.8722	
6.21	11.0812 5.99644 7.86643	
6.22	11.1615 6.0031 7.86669	
6.23	11.2584 6.00494 7.88605	
6.24	11.3624 5.98714 7.94144	
6.25	11.447 5.95329 8.03494	
6.26	11.5175 5.9107 8.17428	
6.27	11.5674 5.85144 8.34688	
6.28	11.5571 5.80217 8.55439	
6.29	11.429 5.76048 8.76876	
6.3	11.2407 5.7329 8.94074	
6.31	10.9551 5.71976 9.07918	
6.32	10.6419 5.74079 9.11691	
6.33	10.3216 5.74452 9.10109	
6.34	10.0482 5.74948 9.07509	
6.35	9.81496 5.75439 9.0605	
6.36	9.68205 5.76972 9.05489	
6.37	9.62417 5.78298 9.05345	
6.38	9.6538 5.80273 9.05884	
6.39	9.71635 5.81813 9.06453	
6.4	9.78227 5.82605 9.06914	
6.41	9.83376 5.82454 9.07337	
6.42	9.87896 5.8189 9.07665	
6.43	9.90498 5.80523 9.0716	
6.44	9.9229 5.77567 9.05474	
6.45	9.93993 5.74318 9.0271	
6.46	9.95706 5.69658 9.00154	
6.47	9.96283 5.62602 8.97476	
6.48	9.98306 5.55285 8.96284	
6.49	10.0076 5.46693 8.97236	
6.5	10.0419 5.37625 8.99762	
6.51	10.0769 5.27656 9.04211	
6.52	10.1149 5.17865 9.09478	
6.53	10.1529 5.07971 9.15708	
6.54	10.1945 4.98651 9.21658	
6.55	10.2218 4.92298 9.25902	
6.56	10.2565 4.87078 9.28481	
6.57	10.2916 4.82953 9.28774	
6.58	10.3271 4.78133 9.26089	
6.59	10.3524 4.7406 9.22094	
6.6	10.3732 4.67055 9.16097	
6.61	10.3867 4.6061 9.09207	
6.62	10.3929 4.53162 9.01198	
6.63	10.4014 4.4456 8.92281	
6.64	10.3963 4.36549 8.83554	
6.65	10.3875 4.27984 8.75758	
6.66	10.3895 4.20501 8.69199	
6.67	10.3882 4.14506 8.64142	
6.68	10.3907 4.09438 8.61164	
6.69	10.3916 4.05984 8.59591	
6.7	10.4077 4.03229 8.59048	
6.71	10.4113 4.00368 8.58575	
6.72	10.4149 3.9801 8.5741	
6.73	10.4108 3.95101 8.55321	
6.74	10.4061 3.92979 8.52577	
6.75	10.3964 3.89573 8.49755	
6.76	10.3866 3.8533 8.47204	
6.77	10.3759 3.80718 8.45816	
6.78	10.3627 3.75767 8.44741	
6.79	10.3493 3.70672 8.44443	
6.8	10.343 3.65195 8.43692	
6.81	10.3415 3.59679 8.43296	
6.82	10.336 3.54628 8.43361	
6.83	10.3346 3.49838 8.45825	
6.84	10.3331 3.43717 8.49321	
6.85	10.3319 3.39138 8.53036	
6.86	10.3306 3.34574 8.56769	
6.87	10.3327 3.30218 8.61127	
6.88	10.3316 3.26522 8.64588	
6.89	10.3339 3.22835 8.67809	
6.9	10.3398 3.19987 8.70482	
6.91	10.3422 3.17308 8.72258	
6.92	10.3414 3.13401 8.75005	
6.93	10.3435 3.09089 8.77416	
6.94	10.3421 3.05152 8.79795	
6.95	10.3333 3.01546 8.81322	
6.96	10.328 2.99296 8.81798	
6.97	10.319 2.97364 8.80184	
6.98	10.322 2.95553 8.78593	
6.99	10.3214 2.93562 8.76007	
7	10.3211 2.92583 8.7435	
7.01	10.3313 2.91411 8.73838	
7.02	10.345 2.89405 8.73752	
7.03	10.3517 2.87762 8.73875	
7.04	10.3454 2.85601 8.74497	
7.05	10.3458 2.82947 8.75377	
7.06	10.3331 2.79632 8.77587	
7.07	10.3152 2.7583 8.7996	
7.08	10.2777 2.71044 8.8218	
7.09	10.2111 2.65483 8.84247	
7.1	10.1139 2.59978 8.85769	
7.11	9.99122 2.55172 8.85874	
7.12	9.84554 2.50595 8.84925	
7.13	9.70044 2.464 8.81978	
7.14	9.57765 2.43825 8.77754	
7.15	9.48471 2.42373 8.73363	
7.16	9.41673 2.41473 8.69822	
7.17	9.39267 2.41477 8.68417	
7.18	9.37684 2.4221 8.68275	
7.19	9.38382 2.43044 8.67903	
7.2	9.3799 2.45612 8.66305	
7.21	9.39139 2.48238 8.64003	
7.22	9.39472 2.51624 8.61878	
7.23	9.41546 2.53167 8.61208	
7.24	9.43857 2.53317 8.6183	
7.25	9.48149 2.52587 8.61305	
7.26	9.53986 2.51102 8.59484	
7.27	9.59202 2.48304 8.55987	
7.28	9.63789 2.44912 8.52068	
7.29	9.64144 2.41219 8.4621	
7.3	9.64433 2.36545 8.39316	
7.31	9.64763 2.32024 8.32436	
7.32	9.63599 2.27573 8.25614	
7.33	9.6368 2.23427 8.19762	
7.34	9.63774 2.20382 8.15291	
7.35	9.63649 2.18634 8.12539	
7.36	9.64453 2.17564 8.10744	
7.37	9.65736 2.16502 8.10056	
7.38	9.66755 2.15663 8.09303	
7.39	9.67856 2.14314 8.08454	
7.4	9.67746 2.12225 8.0777	
7.41	9.67674 2.11188 8.07231	
7.42	9.68507 2.10887 8.0677	
7.43	9.68492 2.1119 8.06836	
7.44	9.68526 2.11175 8.07231	
7.45	9.68259 2.1234 8.07268	
7.46	9.68436 2.14402 8.08741	
7.47	9.68555 2.1614 8.11501	
7.48	9.69012 2.18231 8.13981	
7.49	9.68827 2.20096 8.16626	
7.5	9.68661 2.22731 8.18951	
7.51	9.68477 2.24609 8.21588	
7.52	9.68252 2.25902 8.23308	
7.53	9.69502 2.26771 8.24825	
7.54	9.69812 2.27571 8.25913	
7.55	9.70571 2.2867 8.26533	
7.56	9.73508 2.29524 8.28046	
7.57	9.7583 2.30605 8.29348	
7.58	9.784 2.31173 8.30257	
7.59	9.81239 2.31038 8.30362	
7.6	9.82102 2.31329 8.30816	
7.61	9.84476 2.31312 8.31112	
7.62	9.86525 2.31707 8.31371	
7.63	9.90067 2.31278 8.31709	
7.64	9.93318 2.31375 8.32054	
7.65	9.97719 2.31365 8.32509	
7.66	10.0075 2.31657 8.33188	
7.67	10.0466 2.3136 8.33741	
7.68	10.0651 2.31654 8.34277	
7.69	10.0813 2.3142 8.34977	
7.7	10.0982 2.31409 8.35776	
7.71	10.1151 2.32145 8.36272	
7.72	10.1254 2.33795 8.35302	
7.73	10.136 2.35451 8.34725	
7.74	10.1371 2.37108 8.32803	
7.75	10.148 2.39223 8.31859	
7.76	10.1523 2.40313 8.30826	
7.77	10.1597 2.41685 8.30031	
7.78	10.1643 2.44153 8.2749	
7.79	10.169 2.46626 8.24956	
7.8	10.1734 2.4789 8.23105	
7.81	10.1779 2.49454 8.21712	
7.82	10.1786 2.50099 8.20896	
7.83	10.1793 2.50744 8.20081	
7.84	10.1773 2.52148 8.17948	
7.85	10.1783 2.5343 8.15937	
7.86	10.1827 2.5546 8.138	
7.87	10.1802 2.56915 8.10416	
7.88	10.1812 2.58208 8.08413	
7.89	10.1853 2.59606 8.07479	
7.9	10.189 2.60135 8.06791	
7.91	10.1897 2.61543 8.05689	
7.92	10.1903 2.62657 8.04133	
7.93	10.1847 2.63448 8.03039	
7.94	10.1916 2.6443 8.01775	
7.95	10.1922 2.64792 8.00515	
7.96	10.1928 2.65331 7.98435	
7.97	10.1932 2.65979 7.97249	
7.98	10.1933 2.65577 7.95899	
7.99	10.1932 2.65459 7.94621	
8	10.1964 2.65156 7.94336	
8.01	10.1997 2.64923 7.93561	
8.02	10.1999 2.64926 7.92335	
8.03	10.2096 2.64959 7.91979	
8.04	10.213 2.65129 7.91331	
8.05	10.2162 2.64826 7.91048	
8.06	10.2131 2.64662 7.90469	
8.07	10.2164 2.64078 7.90113	
8.08	10.2196 2.6453 7.89538	
8.09	10.2294 2.641 7.89938	
8.1	10.2362 2.63909 7.89886	
8.11	10.2427 2.6389 7.90241	
8.12	10.2459 2.63588 7.8996	
8.13	10.2492 2.63578 7.90138	
8.14	10.2524 2.63568 7.90317	
8.15	10.2524 2.63568 7.90317	
8.16	10.259 2.63548 7.90675	
8.17	10.2621 2.63245 7.90397	
8.18	10.2654 2.63235 7.90577	
8.19	10.2719 2.63214 7.90939	
8.2	10.2752 2.63203 7.9112	
8.21	10.2845 2.63323 7.91682	
8.22	10.2882 2.63159 7.9185	
8.23	10.2946 2.62845 7.91759	
8.24	10.2942 2.62828 7.91371	
8.25	10.3004 2.6268 7.91684	
8.26	10.3006 2.62512 7.91281	
8.27	10.304 2.62226 7.91395	
8.28	10.31 2.61786 7.91252	
8.29	10.3136 2.61899 7.91494	
8.3	10.3168 2.61887 7.91681	
8.31	10.3199 2.61584 7.91409	
8.32	10.3259 2.61142 7.91269	
8.33	10.3294 2.61256 7.91514	
8.34	10.3335 2.60773 7.91754	
8.35	10.346 2.60698 7.92128	
8.36	10.3525 2.60111 7.91983	
8.37	10.3504 2.59778 7.91909	
8.38	10.3568 2.5975 7.92296	
8.39	10.3515 2.5943 7.92031	
8.4	10.3494 2.59096 7.91961	
8.41	10.3503 2.58907 7.92489	
8.42	10.3418 2.58603 7.92029	
8.43	10.3225 2.57821 7.91443	
8.44	10.3086 2.57021 7.91544	
8.45	10.2917 2.56152 7.90554	
8.46	10.2864 2.56389 7.9082	
8.47	10.2841 2.55659 7.90628	
8.48	10.2646 2.55784 7.90489	
8.49	10.2591 2.55625 7.90628	
8.5	10.2394 2.55464 7.90028	
8.51	10.2282 2.55603 7.8989	
8.52	10.2113 2.55296 7.89429	
8.53	10.2001 2.55436 7.8929	
8.54	10.1918 2.55428 7.8929	
8.55	10.1836 2.55155 7.89222	
8.56	10.1835 2.5542 7.8929	
8.57	10.1839 2.55286 7.89282	
8.58	10.1874 2.55736 7.89116	
8.59	10.1881 2.55999 7.89235	
8.6	10.1912 2.55981 7.89434	
8.61	10.1947 2.56096 7.89693	
8.62	10.1979 2.56079 7.89892	
8.63	10.195 2.56228 7.89753	
8.64	10.201 2.56061 7.90092	
8.65	10.2073 2.56026 7.90493	
8.66	10.2136 2.55991 7.90895	
8.67	10.2139 2.56124 7.90956	
8.68	10.2233 2.5607 7.91563	
8.69	10.2327 2.56016 7.92174	
8.7	10.248 2.55789 7.93137	
8.71	10.2572 2.55443 7.93296	
8.72	10.2668 2.55851 7.93555	
8.73	10.2703 2.56146 7.93002	
8.74	10.2764 2.56327 7.91709	
8.75	10.2768 2.56973 7.90523	
8.76	10.2803 2.57599 7.89547	
8.77	10.2841 2.58692 7.88211	
8.78	10.2874 2.59032 7.86775	
8.79	10.2937 2.5917 7.86374	
8.8	10.2911 2.59509 7.85404	
8.81	10.2939 2.59533 7.84728	
8.82	10.2913 2.59873 7.83759	
8.83	10.2914 2.60055 7.82936	
8.84	10.2915 2.60238 7.82114	
8.85	10.2947 2.60399 7.81502	
8.86	10.2951 2.6105 7.80321	
8.87	10.2925 2.61725 7.78929	
8.88	10.2966 2.63294 7.77244	
8.89	10.2978 2.65173 7.75813	
8.9	10.3019 2.66746 7.74134	
8.91	10.3036 2.69474 7.70717	
8.92	10.3057 2.72148 7.66421	
8.93	10.3107 2.75151 7.63698	
8.94	10.313 2.7822 7.61165	
8.95	10.315 2.8082 7.5899	
8.96	10.3176 2.84378 7.56124	
8.97	10.3226 2.86772 7.53224	
8.98	10.3251 2.8962 7.50652	
8.99	10.3251 2.93118 7.47599	
9	10.3307 2.96298 7.44844	
9.01	10.3339 2.99885 7.41541	
9.02	10.3367 3.03249 7.38664	
9.03	10.3402 3.06609 7.35314	
9.04	10.3458 3.08841 7.32795	
9.05	10.349 3.11734 7.29806	
9.06	10.3511 3.12967 7.28638	
9.07	10.3524 3.14465 7.28022	
9.08	10.3534 3.14941 7.27209	
9.09	10.3566 3.15011 7.26944	
9.1	10.3597 3.15614 7.27213	
9.11	10.3636 3.16398 7.27951	
9.12	10.3615 3.17228 7.28256	
9.13	10.3621 3.18286 7.28847	
9.14	10.3636 3.2061 7.2923	
9.15	10.368 3.22709 7.30626	
9.16	10.3699 3.25612 7.31933	
9.17	10.366 3.28715 7.32882	
9.18	10.368 3.31832 7.33394	
9.19	10.3706 3.35853 7.31992	
9.2	10.3731 3.39677 7.3139	
9.21	10.3754 3.43217 7.30334	
9.22	10.3776 3.46764 7.29285	
9.23	10.3836 3.50827 7.28517	
9.24	10.3834 3.54118 7.26333	
9.25	10.3863 3.58138 7.24124	
9.26	10.3925 3.61891 7.22068	
9.27	10.3927 3.65915 7.18812	
9.28	10.405 3.70738 7.15457	
9.29	10.423 3.75917 7.13009	
9.3	10.4418 3.81987 7.08467	
9.31	10.4627 3.88193 7.05015	
9.32	10.4916 3.93949 7.01443	
9.33	10.5193 3.99534 6.99961	
9.34	10.5491 4.03691 6.99167	
9.35	10.5731 4.06746 6.9883	
9.36	10.5928 4.08898 6.98875	
9.37	10.5965 4.10087 6.99236	
9.38	10.6082 4.11054 6.99525	
9.39	10.6167 4.11937 7.00059	
9.4	10.6254 4.13799 6.99601	
9.41	10.6418 4.1569 6.99144	
9.42	10.6611 4.17372 6.9799	
9.43	10.6779 4.19535 6.97161	
9.44	10.6818 4.21167 6.96012	
9.45	10.6828 4.22465 6.95035	
9.46	10.692 4.24061 6.93686	
9.47	10.6931 4.25362 6.92713	
9.48	10.6976 4.26912 6.91591	
9.49	10.7202 4.28859 6.90306	
9.5	10.7558 4.32339 6.88372	
9.51	10.8066 4.3565 6.86375	
9.52	10.8772 4.38525 6.84558	
9.53	10.9604 4.41623 6.82718	
9.54	11.061 4.44655 6.81023	
9.55	11.1512 4.46724 6.7908	
9.56	11.2409 4.49363 6.77681	
9.57	11.3197 4.51587 6.76068	
9.58	11.3907 4.54071 6.74923	
9.59	11.4539 4.55213 6.74293	
9.6	11.5092 4.5525 6.7425	
9.61	11.5316 4.54178 6.74653	
9.62	11.541 4.53509 6.74753	
9.63	11.5482 4.52375 6.74649	
9.64	11.5526 4.5127 6.74306	
9.65	11.5468 4.5025 6.73436	
9.66	11.5491 4.4946 6.72666	
9.67	11.5561 4.47729 6.71653	
9.68	11.5484 4.46483 6.69826	
9.69	11.5477 4.45433 6.68355	
9.7	11.5396 4.44072 6.66813	
9.71	11.5243 4.43065 6.65439	
9.72	11.5014 4.41706 6.63606	
9.73	11.4787 4.41401 6.6119	
9.74	11.456 4.41394 6.59232	
9.75	11.4412 4.42218 6.56389	
9.76	11.4318 4.43627 6.54102	
9.77	11.4275 4.45548 6.51749	
9.78	11.4254 4.47437 6.50289	
9.79	11.4289 4.49261 6.49313	
9.8	11.4092 4.50709 6.48005	
9.81	11.3946 4.51637 6.46618	
9.82	11.3647 4.52466 6.46048	
9.83	11.3403 4.53305 6.4527	
9.84	11.3208 4.53384 6.45156	
9.85	11.291 4.54188 6.44356	
9.86	11.2661 4.5369 6.43687	
9.87	11.2488 4.53787 6.4355	
9.88	11.2368 4.54666 6.42993	
9.89	11.2349 4.55674 6.42219	
9.9	11.233 4.57173 6.40775	
9.91	11.2308 4.57614 6.39897	
9.92	11.2285 4.58055 6.39019	
9.93	11.2264 4.58245 6.3807	
9.94	11.2245 4.59506 6.37373	
9.95	11.2246 4.60037 6.37093	
9.96	11.2226 4.60516 6.36606	
9.97	11.2229 4.6129 6.35585	
9.98	11.223 4.62315 6.34636	
9.99	11.2238 4.63364 6.32454	
10	11.2218 4.64585 6.30562	
10.01	11.225 4.65978 6.29052	
10.02	11.2258 4.67819 6.26672	
10.03	11.2265 4.69129 6.24572	
10.04	11.22 4.71175 6.21462	
10.05	11.2211 4.73562 6.18822	
10.06	11.222 4.74633 6.16659	
10.07	11.2231 4.76528 6.14691	
10.08	11.2243 4.78426 6.12727	
10.09	11.2278 4.80378 6.10165	
10.1	11.2187 4.83054 6.07776	
10.11	11.2203 4.85536 6.05951	
10.12	11.2269 4.87245 6.04767	
10.13	11.2206 4.89644 6.03364	
10.14	11.2168 4.908 6.02215	
10.15	11.213 4.92748 6.00877	
10.16	11.1996 4.94063 5.99607	
10.17	11.1954 4.94931 5.98804	
10.18	11.189 4.96801 5.97681	
10.19	11.1897 4.98178 5.96823	
10.2	11.1832 4.99507 5.95967	
10.21	11.1839 5.00887 5.95113	
10.22	11.1847 5.02267 5.9426	
10.23	11.1853 5.03899 5.9348	
10.24	11.1786 5.05484 5.92702	
10.25	11.1794 5.06867 5.91854	
10.26	11.1802 5.08252 5.91008	
10.27	11.181 5.10434 5.89978	
10.28	11.1842 5.12158 5.89006	
10.29	11.1834 5.14598 5.87458	
10.3	11.1868 5.16872 5.86237	
10.31	11.1861 5.19068 5.84628	
10.32	11.1871 5.21009 5.83544	
10.33	11.1883 5.22702 5.82392	
10.34	11.1866 5.2523 5.80822	
10.35	11.1906 5.26893 5.79918	
10.36	11.194 5.29181 5.78721	
10.37	11.1956 5.31182 5.77263	
10.38	11.1993 5.33775 5.75755	
10.39	11.2007 5.36032 5.74379	
10.4	11.2023 5.39648 5.72587	
10.41	11.2041 5.42214 5.70907	
10.42	11.2061 5.46143 5.68819	
10.43	11.2099 5.49561 5.67176	
10.44	11.2119 5.53503 5.65111	
10.45	11.2208 5.56945 5.63297	
10.46	11.2222 5.60035 5.61801	
10.47	11.2238 5.63414 5.60775	
10.48	11.2251 5.65703 5.59456	
10.49	11.2262 5.67687 5.58447	
10.5	11.2273 5.69421 5.57369	
10.51	11.2283 5.71408 5.56367	
10.52	11.2365 5.73197 5.55295	
10.53	11.2376 5.75187 5.54299	
10.54	11.2394 5.77647 5.53896	
10.55	11.2356 5.79642 5.52477	
10.56	11.2373 5.81821 5.51619	
10.57	11.2343 5.84003 5.50336	
10.58	11.2358 5.85626 5.49713	
10.59	11.2415 5.87332 5.48849	
10.6	11.2373 5.88206 5.47899	
10.61	11.2454 5.8957 5.47578	
10.62	11.244 5.90949 5.47407	
10.63	11.2511 5.91564 5.47183	
10.64	11.2588 5.92778 5.47126	
10.65	11.271 5.93413 5.46719	
10.66	11.2872 5.93866 5.46608	
10.67	11.2994 5.95603 5.46512	
10.68	11.3167 5.95747 5.46389	
10.69	11.328 5.96449 5.45924	
10.7	11.3475 5.9748 5.46225	
10.71	11.3732 5.99749 5.4617	
10.72	11.4229 6.02765 5.45384	
10.73	11.4704 6.06034 5.45489	
10.74	11.5234 6.0875 5.45263	
10.75	11.5724 6.11423 5.44533	
10.76	11.6074 6.13121 5.43565	
10.77	11.6242 6.14279 5.43133	
10.78	11.6309 6.15077 5.42745	
10.79	11.6266 6.14858 5.42501	
10.8	11.6283 6.14764 5.42191	
10.81	11.6287 6.13728 5.42525	
10.82	11.6277 6.13786 5.42457	
10.83	11.6299 6.14133 5.42351	
10.84	11.6347 6.13883 5.42711	
10.85	11.6339 6.13691 5.42575	
10.86	11.6339 6.13691 5.42575	
10.87	11.6339 6.13691 5.42575	
10.88	11.6339 6.13691 5.42575	
10.89	11.6339 6.13691 5.42575	
10.9	11.634 6.14259 5.42357	
10.91	11.634 6.14259 5.42357	
10.92	11.6341 6.14827 5.4214	
10.93	11.6343 6.15676 5.41244	
10.94	11.6345 6.16813 5.40811	
10.95	11.6348 6.18519 5.40163	
10.96	11.6351 6.20795 5.39302	
10.97	11.6383 6.22754 5.38231	
10.98	11.6386 6.25032 5.37377	
10.99	11.6392 6.27061 5.36457	
11	11.6419 6.2944 5.35439	
11.01	11.6406 6.32267 5.34207	
11.02	11.6461 6.34618 5.33446	
11.03	11.6468 6.37511 5.31663	
11.04	11.6525 6.39901 5.30173	
11.05	11.6563 6.41984 5.2918	
11.06	11.6571 6.44065 5.27551	
11.07	11.6601 6.45673 5.25964	
11.08	11.6622 6.47742 5.24812	
11.09	11.66 6.48712 5.23353	
11.1	11.6637 6.49659 5.22792	
11.11	11.6645 6.5035 5.2152	
11.12	11.6681 6.50729 5.2004	
11.13	11.6667 6.51615 5.18271	
11.14	11.67 6.51671 5.17063	
11.15	11.6753 6.52053 5.15498	
11.16	11.6785 6.52113 5.14292	
11.17	11.6816 6.52433 5.12024	
11.18	11.6848 6.52226 5.09227	
11.19	11.6861 6.52551 5.05661	
11.2	11.6895 6.53232 5.02002	
11.21	11.6899 6.53092 4.97821	
11.22	11.6907 6.53293 4.93378	
11.23	11.6944 6.52932 4.89791	
11.24	11.6923 6.52267 4.87085	
11.25	11.6929 6.52957 4.8544	
11.26	11.6962 6.51916 4.85044	
11.27	11.6965 6.51668 4.84984	
11.28	11.7034 6.5149 4.84924	
11.29	11.7104 6.51891 4.8467	
11.3	11.7107 6.52222 4.84416	
11.31	11.7092 6.52785 4.8406	
11.32	11.7115 6.52636 4.83851	
11.33	11.7101 6.53779 4.83302	
11.34	11.7122 6.53878 4.83152	
11.35	11.7125 6.54209 4.82901	
11.36	11.7193 6.5486 4.82707	
11.37	11.7331 6.55913 4.82263	
11.38	11.7399 6.56565 4.8207	
11.39	11.7535 6.58449 4.81492	
11.4	11.7669 6.59174 4.813	
11.41	11.7756 6.60176 4.81018	
11.42	11.7847 6.60681 4.80621	
11.43	11.7942 6.62478 4.80304	
11.44	11.8098 6.63888 4.79776	
11.45	11.8198 6.65191 4.79347	
11.46	11.8322 6.66725 4.79235	
11.47	11.844 6.67798 4.78913	
11.48	11.8444 6.69877 4.78103	
11.49	11.8475 6.71357 4.77741	
11.5	11.8482 6.73193 4.7688	
11.51	11.853 6.74164 4.76154	
11.52	11.8534 6.76248 4.75355	
11.53	11.8567 6.77485 4.74946	
11.54	11.8503 6.79158 4.74393	
11.55	11.8525 6.80733 4.73232	
11.56	11.8529 6.82273 4.71505	
11.57	11.853 6.84098 4.68716	
11.58	11.847 6.85088 4.65345	
11.59	11.8495 6.86821 4.61244	
11.6	11.8504 6.88828 4.57466	
11.61	11.8513 6.90892 4.52574	
11.62	11.854 6.92729 4.47786	
11.63	11.855 6.93668 4.43673	
11.64	11.8577 6.93729 4.40954	
11.65	11.8517 6.94128 4.38901	
11.66	11.8508 6.95131 4.37652	
11.67	11.853 6.9472 4.3699	
11.68	11.8552 6.95162 4.36633	
11.69	11.8555 6.96092 4.36237	
11.7	11.856 6.96188 4.35959	
11.71	11.8566 6.97461 4.35341	
11.72	11.8558 6.99002 4.34661	
11.73	11.8547 7.00519 4.33954	
11.74	11.8552 7.0263 4.33225	
11.75	11.8555 7.0558 4.32386	
11.76	11.8559 7.09122 4.31386	
11.77	11.8583 7.1193 4.30378	
11.78	11.857 7.15129 4.29467	
11.79	11.8579 7.19369 4.28058	
11.8	11.8605 7.23961 4.26591	
11.81	11.8617 7.2915 4.24839	
11.82	11.8646 7.34101 4.23194	
11.83	11.866 7.38793 4.20954	
11.84	11.8674 7.43161 4.19361	
11.85	11.8702 7.47534 4.17924	
11.86	11.8715 7.50719 4.16662	
11.87	11.8725 7.53558 4.15613	
11.88	11.875 7.56151 4.14653	
11.89	11.8757 7.58644 4.13817	
11.9	11.8761 7.6019 4.13329	
11.91	11.8765 7.61138 4.12987	
11.92	11.8768 7.62087 4.12645	
11.93	11.8771 7.62438 4.12449	
11.94	11.8757 7.63883 4.12081	
11.95	11.8802 7.64567 4.12086	
11.96	11.8777 7.66379 4.11394	
11.97	11.8807 7.67312 4.11321	
11.98	11.8831 7.68606 4.10641	
11.99	11.883 7.7005 4.10411	
12	11.8833 7.71001 4.10077	
12.01	11.8884 7.72878 4.09524	
12.02	11.8887 7.73231 4.09331	
12.03	11.8964 7.75093 4.09046	
12.04	11.8997 7.77468 4.08473	
12.05	11.9039 7.78867 4.07691	
12.06	11.9151 7.81427 4.07012	
12.07	11.9182 7.83568 4.06679	
12.08	11.9145 7.86587 4.05611	
12.09	11.915 7.89947 4.04755	
12.1	11.928 7.93822 4.03723	
12.11	11.9482 7.97414 4.03019	
12.12	11.9733 8.02326 4.02354	
12.13	11.9956 8.05789 4.01217	
12.14	12.0307 8.09067 4.00687	
12.15	12.0629 8.12366 3.99901	
12.16	12.0879 8.14746 3.99052	
12.17	12.1136 8.16166 3.98931	
12.18	12.1347 8.18096 3.98528	
12.19	12.1537 8.1955 3.97757	
12.2	12.1822 8.20963 3.97622	
12.21	12.226 8.22931 3.97699	
12.22	12.2853 8.23995 3.97755	
12.23	12.3797 8.24187 3.9815	
12.24	12.4966 8.24505 3.98999	
12.25	12.6221 8.24497 3.99568	
12.26	12.7433 8.23973 4.00162	
12.27	12.8448 8.23681 4.00737	
12.28	12.9018 8.22016 4.01172	
12.29	12.9166 8.19875 4.01433	
12.3	12.9169 8.18891 4.01184	
12.31	12.9168 8.18649 4.0111	
12.32	12.9135 8.18021 4.01255	
12.33	12.9063 8.17665 4.01058	
12.34	12.906 8.18268 4.0093	
12.35	12.9067 8.19219 4.00747	
12.36	12.9013 8.20051 4.00565	
12.37	12.8958 8.21221 3.99781	
12.38	12.8949 8.2303 3.99402	
12.39	12.8794 8.24624 3.98756	
12.4	12.8736 8.26415 3.98277	
12.41	12.8593 8.286 3.9766	
12.42	12.8548 8.30627 3.97386	
12.43	12.8452 8.32699 3.96577	
12.44	12.8394 8.34744 3.96161	
12.45	12.8373 8.36655 3.95032	
12.46	12.8361 8.39075 3.94555	
12.47	12.8348 8.41852 3.93911	
12.48	12.8338 8.44115 3.92745	
12.49	12.8326 8.4663 3.91637	
12.5	12.8316 8.48633 3.90006	
12.51	12.8303 8.51495 3.88319	
12.52	12.8181 8.52414 3.86759	
12.53	12.8115 8.53963 3.8573	
12.54	12.8113 8.5451 3.84289	
12.55	12.8052 8.55192 3.82901	
12.56	12.805 8.55741 3.81464	
12.57	12.805 8.56041 3.79981	
12.58	12.8046 8.57199 3.78441	
12.59	12.8039 8.58968 3.76797	
12.6	12.8045 8.60219 3.74743	
12.61	12.8002 8.61919 3.73363	
12.62	12.7579 8.6361 3.68044	
12.63	12.7308 8.65085 3.65005	
12.64	12.7171 8.65954 3.62768	
12.65	12.7086 8.6696 3.61735	
12.66	12.7067 8.67782 3.6065	
12.67	12.6962 8.6961 3.58487	
12.68	12.6925 8.71848 3.54549	
12.69	12.6921 8.72955 3.50015	
12.7	12.6826 8.75103 3.46088	
12.71	12.6802 8.76215 3.41727	
12.72	12.6634 8.79251 3.36604	
12.73	12.6626 8.81395 3.31413	
12.74	12.6644 8.83527 3.26922	
12.75	12.6612 8.84947 3.23511	
12.76	12.6547 8.87005 3.21379	
12.77	12.6537 8.89316 3.20359	
12.78	12.6526 8.91874 3.19829	
12.79	12.6517 8.94079 3.19437	
12.8	12.6512 8.95511 3.18471	
12.81	12.6515 8.97204 3.18088	
12.82	12.6467 8.99674 3.17401	
12.83	12.6468 9.01633 3.17069	
12.84	12.6456 9.0446 3.16612	
12.85	12.6436 9.06919 3.16195	
12.86	12.6436 9.09234 3.15748	
12.87	12.6426 9.11445 3.15384	
12.88	12.6415 9.13922 3.15071	
12.89	12.6395 9.16384 3.14671	
12.9	12.6393 9.18966 3.14287	
12.91	12.6383 9.2118 3.13939	
12.92	12.6365 9.23379 3.13504	
12.93	12.6364 9.25609 3.13253	
12.94	12.6356 9.27559 3.12869	
12.95	12.6349 9.29155 3.12606	
12.96	12.6341 9.31107 3.12228	
12.97	12.6333 9.33059 3.11854	
12.98	12.6379 9.35385 3.11529	
12.99	12.6374 9.36717 3.1123	
13	12.6372 9.37429 3.11002	
13.01	12.6368 9.38406 3.1082	
13.02	12.6407 9.40007 3.10645	
13.03	12.64 9.41605 3.10399	
13.04	12.6386 9.42834 3.10182	
13.05	12.638 9.44076 3.1005	
13.06	12.6416 9.46299 3.09816	
13.07	12.6441 9.49129 3.09436	
13.08	12.6474 9.51974 3.09146	
13.09	12.6461 9.54818 3.0879	
13.1	12.6477 9.57386 3.0865	
13.11	12.6455 9.60124 3.08374	
13.12	12.6447 9.62084 3.08045	
13.13	12.6437 9.64308 3.07767	
13.14	12.6456 9.66257 3.07702	
13.15	12.6479 9.67227 3.07801	
13.16	12.6504 9.67933 3.07855	
13.17	12.6496 9.67667 3.08081	
13.18	12.6524 9.67752 3.08193	
13.19	12.6562 9.67225 3.08443	
13.2	12.6572 9.66971 3.08477	
13.21	12.6616 9.66811 3.08706	
13.22	12.6618 9.66548 3.08662	
13.23	12.6626 9.66767 3.0801	
13.24	12.6634 9.67002 3.06918	
13.25	12.6578 9.67629 3.04688	
13.26	12.6521 9.68615 3.02362	
13.27	12.6465 9.69243 3.00137	
13.28	12.6385 9.69234 2.98156	
13.29	12.6303 9.69731 2.96707	
13.3	12.6226 9.71124 2.94469	
13.31	12.6198 9.71526 2.9158	
13.32	12.617 9.71837 2.87175	
13.33	12.6129 9.73153 2.82106	
13.34	12.6128 9.73521 2.75854	
13.35	12.6117 9.74724 2.70419	
13.36	12.6119 9.74842 2.64571	
13.37	12.6085 9.75072 2.59469	
13.38	12.5918 9.75853 2.53699	
13.39	12.5621 9.76321 2.47629	
13.4	12.5426 9.77778 2.43652	
13.41	12.5483 9.81297 2.47022	
13.42	12.5491 9.83857 2.48995	
13.43	12.5325 9.86615 2.49508	
13.44	12.5313 9.8895 2.51538	
13.45	12.5214 9.90809 2.51054	
13.46	12.5232 9.92304 2.50875	
13.47	12.5194 9.92123 2.49863	
13.48	12.5105 9.9212 2.48672	
13.49	12.5045 9.92346 2.47028	
13.5	12.5043 9.93074 2.46154	
13.51	12.4826 9.93257 2.4307	
13.52	12.4199 9.91629 2.2963	
13.53	12.3396 9.88802 2.09298	
13.54	12.2809 9.86845 2.00787	
13.55	12.2567 9.85321 1.94754	
13.56	12.2247 9.77078 1.82829	
13.57	12.0642 9.59214 1.59705	
13.58	12.0537 9.73369 1.61868	
13.59	11.8299 9.8407 1.32971	
13.6	11.7509 9.81033 1.26232	
13.61	11.5792 9.9174 1.09579	
13.62	11.4555 9.97091 1.01572	
13.63	11.373 10.0014 0.927318	
13.64	11.2245 10.0112 0.80279	
13.65	10.7502 9.99938 0.631529	
13.66	10.8831 9.90976 0.587667	
13.67	10.743 9.92058 0.53068	
13.68	10.7159 9.93194 0.410714	
13.69	10.545 9.99279 0.235941	
13.7	10.4746 9.98889 0.153022	
13.71	10.3816 10.0327 0.0486154	
13.72	10.2615 10.0328 -0.014566	
13.73	10.2092 10.0836 -0.242753	
13.74	9.979 10.0848 -0.354613	
13.75	9.71673 10.1637 -0.340315	
13.76	9.42933 10.2288 -0.327568	
13.77	9.22634 10.2673 -0.263304	
13.78	9.16466 10.4512 -0.266199	
13.79	8.98743 10.5934 -0.147954	
13.8	8.83847 10.6138 -0.0849733	
13.81	8.63592 10.6597 -0.0186659	
13.82	8.435 10.7108 0.157078	
13.83	8.09115 10.7931 0.48755	
13.84	7.87203 10.8522 0.827499	
13.85	7.68997 10.9248 1.21628	
13.86	7.50965 10.953 1.84548	
13.87	7.54462 10.6102 2.37817	
13.88	7.57505 10.6557 2.6704	
13.89	7.612 10.671 2.93481	
13.9	7.66792 10.6967 3.17959	
13.91	7.705 10.7276 3.47639	
13.92	7.72374 10.6811 3.81698	
13.93	7.74607 10.6225 4.43668	
13.94	7.75547 10.5664 5.01591	
13.95	7.7561 10.5543 5.10658	
13.96	7.75578 10.527 5.10776	
13.97	7.75606 10.4855 5.10869	
13.98	7.74415 10.4649 5.1159	
13.99	7.72276 10.4497 5.14785	
14	7.70781 10.412 5.20929	
14.01	7.70756 10.3731 5.35025	
14.02	7.71499 10.3376 5.61891	
14.03	7.72304 10.2352 6.06595	
14.04	7.72777 10.1207 6.66383	
14.05	7.73363 10.0137 7.18062	
14.06	7.73818 9.92898 7.53892	
14.07	7.74727 9.81894 7.79616	
14.08	7.72937 9.65818 8.21574	
14.09	7.66865 9.45837 8.58988	
14.1	7.61506 9.18132 9.11383	
14.11	7.57119 8.91725 9.09588	
14.12	7.61036 8.59563 8.67819	
14.13	7.73769 8.16726 8.47269	
14.14	7.86098 7.75957 8.40878	
14.15	8.03786 7.40426 8.29196	
14.16	8.29172 7.03315 7.96605	
14.17	8.53418 6.6692 7.43	
14.18	8.75128 6.31364 7.17874	
14.19	8.9765 6.08742 7.18661	
14.2	9.13636 5.89523 7.21898	
14.21	9.23175 5.63488 7.28094	
14.22	9.35729 5.40345 7.35747	
14.23	9.57064 5.18802 7.42656	
14.24	10.1116 5.03574 7.49141	
14.25	10.5985 4.92181 7.51444	
14.26	10.7985 4.79283 7.46799	
14.27	10.971 4.66818 7.36095	
14.28	11.1294 4.56827 7.24706	
14.29	11.2683 4.47364 7.14647	
14.3	11.406 4.33254 7.10094	
14.31	11.522 4.1822 7.14606	
14.32	11.6286 4.03776 7.22597	
14.33	11.7041 3.92304 7.27893	
14.34	11.7846 3.80798 7.32245	
14.35	11.9184 3.66616 7.41425	
14.36	12.0235 3.5308 7.47241	
14.37	12.0975 3.41176 7.39118	
14.38	12.1171 3.27094 7.30701	
14.39	12.0908 3.0815 7.21437	
14.4	12.0419 2.85647 7.11079	
14.41	11.9662 2.68621 7.01499	
14.42	11.8218 2.59002 6.93059	
14.43	11.5921 2.51671 6.84027	
14.44	11.4909 2.45741 6.75463	
14.45	11.5343 2.39831 6.72767	
14.46	11.5765 2.31731 6.62616	
14.47	11.6376 2.25139 6.5231	
14.48	11.7069 2.28066 6.50327	
14.49	11.8468 2.47629 6.39294	
14.5	11.9649 2.66801 6.14473	
14.51	12.0127 2.77964 5.93524	
14.52	12.0608 2.85513 5.77281	
14.53	12.0852 2.87511 5.59685	
14.54	12.1001 2.90568 5.50651	
14.55	12.1158 2.89645 5.49504	
14.56	12.1184 2.88963 5.49486	
14.57	12.1564 2.87293 5.50635	
14.58	12.2061 2.8499 5.52332	
14.59	12.2478 2.79931 5.54792	
14.6	12.2978 2.76021 5.5682	
14.61	12.3741 2.73945 5.58252	
14.62	12.4266 2.68648 5.60384	
14.63	12.4596 2.65441 5.6212	
14.64	12.4697 2.62219 5.63093	
14.65	12.4298 2.58979 5.63729	
14.66	12.4216 2.50029 5.56468	
14.67	12.2789 2.37504 5.46382	
14.68	12.0624 2.25681 5.35936	
14.69	11.8336 2.24425 5.31686	
14.7	11.7849 2.30044 5.28058	
14.71	11.7862 2.38678 5.21425	
14.72	11.7851 2.37479 5.16497	
14.73	11.7925 2.28289 5.20534	
14.74	11.7997 2.21961 5.24173	
14.75	11.8315 2.20577 5.21646	
14.76	11.8428 2.16209 5.1495	
14.77	11.8414 2.05984 5.12174	
14.78	11.8455 1.93885 5.15393	
14.79	11.8391 1.84865 5.17463	
14.8	11.8325 1.81626 5.15295	
14.81	11.826 1.81253 5.12856	
14.82	11.8291 1.80955 5.10707	
14.83	11.826 1.8119 5.09631	
14.84	11.8277 1.81561 5.06553	
14.85	11.8399 1.85291 5.02501	
14.86	11.8475 1.92348 4.90365	
14.87	11.8493 1.9548 4.81217	
14.88	11.8505 1.94759 4.79007	
14.89	11.8714 1.9368 4.7907	
14.9	11.898 1.93714 4.78135	
14.91	11.9088 1.93621 4.78276	
14.92	11.9087 1.9392 4.77423	
14.93	11.9165 1.95108 4.76542	
14.94	11.9241 1.96637 4.7558	
14.95	11.9207 1.98499 4.73711	
14.96	11.939 2.00246 4.72806	
14.97	11.9503 2.02448 4.70725	
14.98	11.962 2.02202 4.69857	
14.99	11.9657 2.02239 4.68897	
15	11.9719 2.02052 4.69356	
15.01	11.9834 2.03055 4.69085	
15.02	11.9987 2.06011 4.6591	
15.03	12.0105 2.08777 4.57616	
15.04	12.0143 2.13848 4.46022	
15.05	12.0175 2.17961 4.32981	
15.06	12.0133 2.19907 4.23229	
15.07	12.0065 2.22142 4.1554	
15.08	12.0125 2.23888 4.1076	
15.09	12.0132 2.2494 4.07091	
15.1	12.0108 2.26767 4.04718	
15.11	12.0139 2.30455 4.02354	
15.12	12.014 2.36195 3.98468	
15.13	12.0205 2.46694 3.91589	
15.14	12.0411 2.58758 3.84331	
15.15	12.0497 2.67327 3.78713	
15.16	12.0585 2.76205 3.7285	
15.17	12.0999 2.8762 3.6584	
15.18	12.1291 2.93959 3.61597	
15.19	12.2235 3.03724 3.56305	
15.2	12.4538 3.1303 3.52172	
15.21	12.7705 3.17919 3.51307	
15.22	12.9639 3.2521 3.48597	
15.23	12.9764 3.33887 3.42925	
15.24	12.9647 3.45933 3.35374	
15.25	12.9632 3.53767 3.30191	
15.26	12.9321 3.55861 3.28386	
15.27	12.929 3.62796 3.24512	
15.28	12.924 3.73354 3.19036	
15.29	12.9198 3.82862 3.13916	
15.3	12.917 3.90219 3.09409	
15.31	12.9148 3.98757 3.04809	
15.32	12.9141 4.09623 2.99493	
15.33	12.9105 4.18182 2.9491	
15.34	12.9082 4.24537 2.91151	
15.35	12.9163 4.32797 2.87301	
15.36	12.9145 4.4057 2.83523	
15.37	12.9288 4.44742 2.81368	
15.38	12.9375 4.46045 2.80796	
15.39	12.9469 4.45308 2.79894	
15.4	12.9847 4.47799 2.78187	
15.41	12.9858 4.48582 2.76828	
15.42	12.9891 4.47762 2.74296	
15.43	13.0042 4.46124 2.70314	
15.44	13.0127 4.47027 2.67402	
15.45	13.0423 4.48697 2.62096	
15.46	13.0688 4.4912 2.53555	
15.47	13.0681 4.50702 2.46228	
15.48	13.0666 4.54398 2.37741	
15.49	13.0778 4.58125 2.33935	
15.5	13.1211 4.65176 2.32132	
15.51	13.1432 4.73327 2.303	
15.52	13.1684 4.82366 2.28983	
15.53	13.1831 4.88646 2.23573	
15.54	13.167 4.86454 2.20424	
15.55	13.1248 4.835 2.12292	
15.56	13.0693 4.78137 1.96783	
15.57	12.8878 4.6488 1.65219	
15.58	12.4927 4.49916 0.87917	
15.59	12.2468 4.42932 0.615182	
15.6	11.9669 4.31809 0.490656	
15.61	11.6766 4.26154 0.359229	
15.62	11.3078 4.16167 0.275423	
15.63	10.3318 4.12189 0.262184	
15.64	10.0021 4.11918 0.204415	
15.65	9.45148 3.96497 0.116514	
15.66	7.92535 3.77229 0.331852	
15.67	6.96912 3.70707 0.703895	
15.68	6.47102 3.79317 1.05386	
15.69	6.11073 3.58502 1.50773	
15.7	5.90573 3.66129 1.95197	
15.71	5.81658 3.64447 2.21612	
15.72	5.8135 3.67304 2.67626	
15.73	5.6995 3.6253 3.00463	
15.74	5.65427 3.59607 3.20731	
15.75	5.1941 3.58398 3.5395	
15.76	4.6531 3.54567 3.97536	
15.77	4.48192 3.53178 4.15388	
15.78	4.38355 3.48381 4.51463	
15.79	4.40888 3.50121 5.06568	
15.8	4.43525 3.57959 5.44823	
15.81	4.4543 3.63207 5.65461	
15.82	4.47389 3.64362 5.76707	
15.83	4.47247 3.63863 5.93957	
15.84	4.44647 3.60705 6.53503	
15.85	4.46987 3.60583 7.17883	
15.86	4.52062 3.65876 7.76946	
15.87	4.57623 3.68555 7.96185	
15.88	4.56305 3.62964 8.15641	
15.89	4.54861 3.57768 8.20356	
15.9	4.57862 3.5892 7.9985	
15.91	4.62223 3.64495 7.68076	
15.92	4.66738 3.71553 7.40018	
15.93	4.75432 3.80778 7.24619	
15.94	4.91266 3.97627 7.0144	
15.95	5.06826 4.11056 6.9214	
15.96	5.12759 4.25359 7.09828	
15.97	5.18484 4.54961 7.48275	
15.98	5.20476 4.70361 7.7035	
15.99	5.21837 4.8076 7.868	
16	5.50043 4.97108 8.05095	
16.01	6.39254 5.61195 7.64008	
16.02	7.64943 6.84428 6.39865	
16.03	8.58048 8.64429 5.26123	
16.04	8.60338 10.6383 4.66618	
16.05	8.53705 12.2666 4.04451	
16.06	8.42177 12.845 3.19729	
16.07	8.43033 12.6258 3.09532	
16.08	8.44392 12.5473 2.92293	
16.09	8.45988 12.5599 2.9565	
16.1	8.44389 12.034 2.50247	
16.11	8.45827 11.487 1.00127	
16.12	8.55352 11.7076 0.806797	
16.13	8.56537 11.7541 0.863203	
16.14	8.4565 12.6435 0.96513	
16.15	8.57985 13.6863 0.767621	
16.16	8.23292 13.9206 1.27669	
16.17	8.23558 13.9208 1.27475	
16.18	8.22912 13.9062 1.28598	
16.19	8.23838 13.9224 1.27253	
16.2	8.23602 13.9299 1.27405	
16.21	8.20598 13.9335 1.29886	
16.22	8.13753 13.9856 1.34123	
16.23	8.14921 14.0298 1.33846	
16.24	8.1442 14.0331 1.34058	
