# Gnuplot File : velocities of 1 particle(s) Monitored
# 1st Column : time, others : particle(s) number 0 
0.01	0 0 -0.019274	
0.02	0 0 -0.0378484	
0.03	0 0 -0.0557485	
0.04	0 0 -0.0729989	
0.05	0 0 -0.0896231	
0.06	0 0 -0.105644	
0.07	0 0 -0.121083	
0.08	0 0 -0.135962	
0.09	0 0 -0.150301	
0.1	0 0 -0.164119	
0.11	7.43388e-17 0 -0.177435	
0.12	7.15633e-17 0 -0.190269	
0.13	1.43379e-16 0 -0.202636	
0.14	1.38025e-16 0 -0.214554	
0.15	2.07497e-16 0 -0.22604	
0.16	2.74304e-16 0 -0.237109	
0.17	3.38686e-16 0 -0.247776	
0.18	3.26228e-16 0 -0.258056	
0.19	3.14206e-16 0 -0.267963	
0.2	3.77465e-16 0 -0.27751	
0.21	4.38102e-16 0 -0.28671	
0.22	4.21745e-16 0 -0.295577	
0.23	4.06436e-16 0 -0.304122	
0.24	4.66443e-16 0 -0.312356	
0.25	4.49028e-16 0 -0.320292	
0.26	4.32729e-16 0 -0.32794	
0.27	4.91808e-16 0 -0.33531	
0.28	4.73447e-16 0 -0.342412	
0.29	5.3109e-16 0 -0.349257	
0.3	5.86151e-16 0 -0.355853	
0.31	6.39213e-16 0 -0.36221	
0.32	6.90348e-16 0 -0.368336	
0.33	7.39628e-16 0 -0.374239	
0.34	7.87119e-16 0 -0.379929	
0.35	7.57731e-16 0 -0.385412	
0.36	8.05351e-16 0 -0.390695	
0.37	7.75283e-16 0 -0.395787	
0.38	7.4714e-16 0 -0.400695	
0.39	7.2002e-16 0 -0.405424	
0.4	7.68969e-16 0 -0.409981	
0.41	8.15394e-16 0 -0.414373	
0.42	7.94173e-16 0 -0.418606	
0.43	4.97917 -1.97031 -2.77051	
0.44	4.81191 -1.88892 -2.67392	
0.45	4.63905 -1.81896 -2.59398	
0.46	4.46886 -1.75418 -2.52103	
0.47	4.30844 -1.68912 -2.44666	
0.48	4.15 -1.62961 -2.37988	
0.49	3.99516 -1.5731 -2.31692	
0.5	3.8488 -1.51692 -2.25353	
0.51	3.7083 -1.46206 -2.19136	
0.52	3.57456 -1.40895 -2.13095	
0.53	3.44135 -1.35996 -2.07626	
0.54	3.31543 -1.31128 -2.02123	
0.55	3.19415 -1.26432 -1.96813	
0.56	3.07734 -1.21902 -1.91688	
0.57	2.96689 -1.17409 -1.8655	
0.58	2.85647 -1.13316 -1.81971	
0.59	2.75209 -1.0925 -1.77367	
0.6	2.65154 -1.05328 -1.72924	
0.61	2.55647 -1.01441 -1.68472	
0.62	2.46342 -0.977527 -1.64278	
0.63	2.37348 -0.942395 -1.60297	
0.64	2.28685 -0.908513 -1.56457	
0.65	2.20339 -0.875838 -1.52752	
0.66	2.12126 -0.845575 -1.49373	
0.67	2.04555 -0.81394 -1.45732	
0.68	1.96932 -0.785796 -1.42587	
0.69	1.89906 -0.756381 -1.392	
0.7	1.82832 -0.730209 -1.36274	
0.71	1.76166 -0.703897 -1.33285	
0.72	1.69885 -0.677528 -1.30248	
0.73	1.63559 -0.654064 -1.27623	
0.74	1.57598 -0.630477 -1.24942	
0.75	1.51982 -0.606843 -1.22218	
0.76	1.46509 -0.584379 -1.19643	
0.77	1.41111 -0.56384 -1.1733	
0.78	1.35971 -0.543488 -1.15017	
0.79	1.31003 -0.524099 -1.1282	
0.8	1.26145 -0.505693 -1.1075	
0.81	1.21653 -0.486714 -1.08561	
0.82	1.17179 -0.469366 -1.06598	
0.83	1.12957 -0.452183 -1.04632	
0.84	1.08922 -0.435396 -1.02703	
0.85	1.04798 -0.420708 -1.01076	
0.86	1.00984 -0.4055 -0.993448	
0.87	0.973098 -0.39084 -0.976753	
0.88	0.938109 -0.376343 -0.960101	
0.89	0.904327 -0.362554 -0.944316	
0.9	0.87143 -0.349441 -0.929386	
0.91	0.840536 -0.336437 -0.914401	
0.92	0.809756 -0.324283 -0.900591	
0.93	0.77976 -0.31287 -0.88774	
0.94	0.75078 -0.30199 -0.87553	
0.95	0.724078 -0.290635 -0.862414	
0.96	0.697749 -0.280116 -0.85043	
0.97	0.672295 -0.270095 -0.839055	
0.98	0.648388 -0.259936 -0.827322	
0.99	0.624377 -0.250782 -0.817008	
1	0.602101 -0.241454 -0.80627	
1.01	0.579807 -0.232949 -0.796686	
1.02	0.558661 -0.224611 -0.787218	
1.03	0.538801 -0.21616 -0.777454	
1.04	0.518788 -0.208635 -0.769007	
1.05	0.500347 -0.200784 -0.759934	
1.06	0.481825 -0.193708 -0.751959	
1.07	0.46393 -0.186962 -0.744381	
1.08	0.447442 -0.179925 -0.736247	
1.09	0.431183 -0.173406 -0.728813	
1.1	0.415622 -0.167113 -0.721626	
1.11	0.400417 -0.161066 -0.714743	
1.12	0.385868 -0.155229 -0.708087	
1.13	0.371848 -0.149603 -0.701671	
1.14	0.358339 -0.14418 -0.695488	
1.15	0.34532 -0.138954 -0.689528	
1.16	0.332775 -0.133917 -0.683783	
1.17	0.320911 -0.128931 -0.678038	
1.18	0.309036 -0.124383 -0.67291	
1.19	0.298096 -0.119745 -0.667556	
1.2	0.287066 -0.115522 -0.662793	
1.21	0.276762 -0.111225 -0.657851	
1.22	0.266521 -0.107302 -0.653425	
1.23	0.257021 -0.103306 -0.64882	
1.24	0.247512 -0.099661 -0.644709	
1.25	0.23869 -0.095949 -0.640431	
1.26	0.229859 -0.0925638 -0.636612	
1.27	0.22151 -0.0892069 -0.632783	
1.28	0.213465 -0.0859716 -0.629091	
1.29	0.205713 -0.0828535 -0.625534	
1.3	0.198381 -0.0797671 -0.621977	
1.31	0.191201 -0.07684 -0.618626	
1.32	0.184257 -0.0740529 -0.615448	
1.33	0.177419 -0.0714711 -0.612547	
1.34	0.170976 -0.0688785 -0.609588	
1.35	0.164767 -0.06638 -0.606737	
1.36	0.158763 -0.0640001 -0.604032	
1.37	0.153018 -0.0616513 -0.601342	
1.38	0.147461 -0.0594148 -0.598789	
1.39	0.142207 -0.057201 -0.596237	
1.4	0.136946 -0.055182 -0.593959	
1.41	0.131974 -0.05318 -0.591674	
1.42	0.127182 -0.0512507 -0.589473	
1.43	0.122564 -0.0493912 -0.587351	
1.44	0.118113 -0.0475992 -0.585306	
1.45	0.113825 -0.0458722 -0.583335	
1.46	0.109692 -0.0442078 -0.581435	
1.47	0.105709 -0.0426038 -0.579604	
1.48	0.101871 -0.041058 -0.57784	
1.49	0.0981721 -0.0395682 -0.57614	
1.5	0.0946077 -0.0381325 -0.574501	
1.51	0.0911727 -0.0367488 -0.572922	
1.52	0.0878625 -0.0354153 -0.5714	
1.53	0.0846724 -0.0341302 -0.569933	
1.54	0.0816346 -0.03286 -0.568471	
1.55	0.0786357 -0.0316982 -0.567157	
1.56	0.0758341 -0.0305168 -0.565795	
1.57	0.0730294 -0.0294394 -0.564579	
1.58	0.0703781 -0.028371 -0.56336	
1.59	0.0678229 -0.0273415 -0.562185	
1.6	0.0654066 -0.0263225 -0.56101	
1.61	0.063032 -0.0253672 -0.55992	
1.62	0.0607009 -0.0244715 -0.558909	
1.63	0.0584972 -0.0235834 -0.557895	
1.64	0.0563735 -0.0227276 -0.556918	
1.65	0.05432 -0.0219124 -0.555991	
1.66	0.0523915 -0.0210864 -0.555035	
1.67	0.0504539 -0.0203418 -0.554195	
1.68	0.0486223 -0.0196036 -0.553352	
1.69	0.0468901 -0.0188729 -0.55251	
1.7	0.045156 -0.0182065 -0.551758	
1.71	0.0435167 -0.0175457 -0.551003	
1.72	0.0419369 -0.0169089 -0.550276	
1.73	0.0404145 -0.0162953 -0.549576	
1.74	0.0389473 -0.0157038 -0.548901	
1.75	0.0375598 -0.0151185 -0.548226	
1.76	0.0375334 -0.0151339 -0.54825	
1.77	0.0375501 -0.0151193 -0.548228	
1.78	0.0375334 -0.0151339 -0.54825	
1.79	0.0375334 -0.0151339 -0.54825	
1.8	0.0375334 -0.0151339 -0.54825	
1.81	0.0375334 -0.0151339 -0.54825	
1.82	0.0375646 -0.0151118 -0.548216	
1.83	0.0375334 -0.0151339 -0.54825	
1.84	0.0375334 -0.0151339 -0.54825	
1.85	0.0375334 -0.0151339 -0.54825	
1.86	0.0375334 -0.0151339 -0.54825	
1.87	0.0375334 -0.0151339 -0.54825	
1.88	0.0375334 -0.0151339 -0.54825	
1.89	0.0375334 -0.0151339 -0.54825	
1.9	0.0375598 -0.0151185 -0.548226	
1.91	0.0375598 -0.0151185 -0.548226	
1.92	0.0375598 -0.0151185 -0.548226	
1.93	0.0375334 -0.0151339 -0.54825	
1.94	0.0375287 -0.0151405 -0.54826	
1.95	0.0375334 -0.0151339 -0.54825	
1.96	0.0375334 -0.0151339 -0.54825	
1.97	0.0375334 -0.0151339 -0.54825	
1.98	0.0375598 -0.0151185 -0.548226	
1.99	0.0375334 -0.0151339 -0.54825	
2	0.0375334 -0.0151339 -0.54825	
2.01	0.0375334 -0.0151339 -0.54825	
2.02	0.0375334 -0.0151339 -0.54825	
2.03	0.0375431 -0.0151331 -0.548248	
2.04	0.0375334 -0.0151339 -0.54825	
2.05	0.0375598 -0.0151185 -0.548226	
2.06	0.0375334 -0.0151339 -0.54825	
2.07	0.0375598 -0.0151185 -0.548226	
2.08	0.0375334 -0.0151339 -0.54825	
2.09	0.0375334 -0.0151339 -0.54825	
2.1	0.0375334 -0.0151339 -0.54825	
2.11	0.0375334 -0.0151339 -0.54825	
2.12	0.0375334 -0.0151339 -0.54825	
2.13	0.0375598 -0.0151185 -0.548226	
2.14	0.0375334 -0.0151339 -0.54825	
2.15	0.0375334 -0.0151339 -0.54825	
2.16	0.0375334 -0.0151339 -0.54825	
2.17	0.0375334 -0.0151339 -0.54825	
2.18	0.0375598 -0.0151185 -0.548226	
2.19	0.0375334 -0.0151339 -0.54825	
2.2	0.0375598 -0.0151185 -0.548226	
2.21	0.0375334 -0.0151339 -0.54825	
2.22	0.0375334 -0.0151339 -0.54825	
2.23	0.0375334 -0.0151339 -0.54825	
2.24	0.0375598 -0.0151185 -0.548226	
2.25	0.0375334 -0.0151339 -0.54825	
2.26	0.0375598 -0.0151185 -0.548226	
2.27	0.0375334 -0.0151339 -0.54825	
2.28	0.0375334 -0.0151339 -0.54825	
2.29	0.0375598 -0.0151185 -0.548226	
2.3	0.0375334 -0.0151339 -0.54825	
2.31	0.0375334 -0.0151339 -0.54825	
2.32	0.0375334 -0.0151339 -0.54825	
2.33	0.0375334 -0.0151339 -0.54825	
2.34	0.0375598 -0.0151185 -0.548226	
2.35	0.0375022 -0.0151559 -0.548284	
2.36	0.0375334 -0.0151339 -0.54825	
2.37	0.0375334 -0.0151339 -0.54825	
2.38	0.0375598 -0.0151185 -0.548226	
2.39	0.0375598 -0.0151185 -0.548226	
2.4	0.0375022 -0.0151559 -0.548284	
2.41	0.0375334 -0.0151339 -0.54825	
2.42	0.0375334 -0.0151339 -0.54825	
2.43	0.0375334 -0.0151339 -0.54825	
2.44	0.0375334 -0.0151339 -0.54825	
2.45	0.0375334 -0.0151339 -0.54825	
2.46	0.0375598 -0.0151185 -0.548226	
2.47	0.0375334 -0.0151339 -0.54825	
2.48	0.0375334 -0.0151339 -0.54825	
2.49	0.0375334 -0.0151339 -0.54825	
2.5	0.0375598 -0.0151185 -0.548226	
2.51	0.0375334 -0.0151339 -0.54825	
2.52	0.0375334 -0.0151339 -0.54825	
2.53	0.0375598 -0.0151185 -0.548226	
2.54	0.0375598 -0.0151185 -0.548226	
2.55	0.0375334 -0.0151339 -0.54825	
2.56	0.0375334 -0.0151339 -0.54825	
2.57	0.0375598 -0.0151185 -0.548226	
2.58	0.0375334 -0.0151339 -0.54825	
2.59	0.0375237 -0.0151347 -0.548252	
2.6	0.0375334 -0.0151339 -0.54825	
2.61	0.0375334 -0.0151339 -0.54825	
2.62	0.0375334 -0.0151339 -0.54825	
2.63	0.0375334 -0.0151339 -0.54825	
2.64	0.0375334 -0.0151339 -0.54825	
2.65	0.0375334 -0.0151339 -0.54825	
2.66	0.0375334 -0.0151339 -0.54825	
2.67	0.0375334 -0.0151339 -0.54825	
2.68	0.0375334 -0.0151339 -0.54825	
2.69	0.0375334 -0.0151339 -0.54825	
2.7	0.0375334 -0.0151339 -0.54825	
2.71	0.0375598 -0.0151185 -0.548226	
2.72	0.0375334 -0.0151339 -0.54825	
2.73	0.0375334 -0.0151339 -0.54825	
2.74	0.0375598 -0.0151185 -0.548226	
2.75	0.0375598 -0.0151185 -0.548226	
2.76	0.0375598 -0.0151185 -0.548226	
2.77	0.0375334 -0.0151339 -0.54825	
2.78	0.0375334 -0.0151339 -0.54825	
2.79	0.0375334 -0.0151339 -0.54825	
2.8	0.0375334 -0.0151339 -0.54825	
2.81	0.0375334 -0.0151339 -0.54825	
2.82	0.0375598 -0.0151185 -0.548226	
2.83	0.0375334 -0.0151339 -0.54825	
2.84	0.0375598 -0.0151185 -0.548226	
2.85	0.0375287 -0.0151405 -0.54826	
2.86	0.0375334 -0.0151339 -0.54825	
2.87	0.0375334 -0.0151339 -0.54825	
2.88	0.0375957 -0.0150898 -0.548182	
2.89	0.0378122 -0.0149345 -0.547941	
2.9	0.0382074 -0.0146429 -0.547489	
2.91	5.08525 -1.9714 -2.66727	
2.92	4.96521 -1.84849 -2.50369	
2.93	4.83217 -1.74186 -2.36623	
2.94	4.66806 -1.66851 -2.28287	
2.95	4.55514 -1.5574 -2.13568	
2.96	0.855328 -0.235536 -0.362257	
2.97	-2.39 0.825651 1.19328	
2.98	4.85914 -1.61441 -0.54131	
2.99	-10.6442 12.8497 13.986	
3	1.34994 7.78452 8.44902	
3.01	4.54 8.68527 9.80384	
3.02	4.40165 8.31766 9.50624	
3.03	4.25135 7.997 9.16962	
3.04	4.10073 7.70017 8.82382	
3.05	3.95134 7.42385 8.47041	
3.06	2.92122 7.52469 8.51291	
3.07	2.82926 7.23306 8.21899	
3.08	2.77476 6.90699 8.02464	
3.09	3.72025 6.14268 7.35627	
3.1	3.59255 5.90305 7.09182	
3.11	3.46719 5.67984 6.81982	
3.12	3.36391 5.42418 6.61319	
3.13	3.29708 5.10724 6.49653	
3.14	3.20772 4.85727 6.3145	
3.15	3.1006 4.66231 6.08359	
3.16	4.03368 3.93307 5.27021	
3.17	4.47314 3.48796 4.732	
3.18	4.34783 3.34095 4.5175	
3.19	4.54245 3.03939 4.13643	
3.2	4.37777 2.92881 3.96669	
3.21	4.55311 2.6468 3.61894	
3.22	4.67601 2.40914 3.30609	
3.23	4.50638 2.32129 3.1666	
3.24	4.48752 2.16325 2.9521	
3.25	4.5254 1.98279 2.71448	
3.26	4.5059 1.83717 2.51666	
3.27	4.54322 1.66861 2.29524	
3.28	4.54101 1.52908 2.09309	
3.29	4.39847 1.44567 1.96306	
3.3	4.61448 0.565277 1.57691	
3.31	4.86863 0.605611 0.596136	
3.32	1.47926 -1.84865 4.54959	
3.33	-0.30046 -0.576233 5.85723	
3.34	-0.253554 -0.568012 5.71654	
3.35	-0.249122 -0.549655 5.484	
3.36	-3.72766 -2.32386 15.6778	
3.37	-3.47293 -2.16739 15.2197	
3.38	-3.24547 -2.02747 14.7579	
3.39	-2.94285 -1.84209 14.3959	
3.4	-2.5519 -1.60285 14.1236	
3.41	-2.16366 -1.36471 13.8403	
3.42	-1.81084 -1.14769 13.5231	
3.43	-1.51139 -0.962753 13.1583	
3.44	-1.26407 -0.809445 12.7617	
3.45	-1.03398 -0.666593 12.3656	
3.46	-0.788048 -0.513973 11.9927	
3.47	-0.643664 -0.423558 11.5698	
3.48	-0.557254 -0.368649 11.1242	
3.49	-0.458752 -0.306175 10.6928	
3.5	-0.339661 -0.230835 10.2756	
3.51	-0.284738 -0.195362 9.85923	
3.52	-0.272069 -0.186064 9.44356	
3.53	-0.23632 -0.162577 9.05271	
3.54	-0.223349 -0.153029 8.65846	
3.55	-0.220922 -0.150387 8.29205	
3.56	-0.219804 -0.148997 7.95918	
3.57	-0.216841 -0.146681 7.64875	
3.58	-0.217094 -0.146417 7.35093	
3.59	-0.224502 -0.150542 7.05876	
3.6	-0.244206 -0.162343 6.77577	
3.61	-0.273428 -0.179884 6.49126	
3.62	-0.288362 -0.188518 6.21702	
3.63	-0.300399 -0.195329 5.95076	
3.64	-0.296719 -0.192581 5.70653	
3.65	-0.290128 -0.188158 5.47777	
3.66	-0.279145 -0.18112 5.26347	
3.67	-0.269576 -0.174984 5.0576	
3.68	-0.262128 -0.170092 4.85469	
3.69	-0.253401 -0.164465 4.66198	
3.7	-0.245352 -0.159234 4.47454	
3.71	-0.238887 -0.154967 4.29218	
3.72	-0.231476 -0.150143 4.11776	
3.73	-0.225625 -0.146249 3.94702	
3.74	-0.219655 -0.142322 3.78415	
3.75	-0.213975 -0.138586 3.62738	
3.76	-0.208198 -0.134788 3.4758	
3.77	-0.202404 -0.131029 3.33198	
3.78	-0.196801 -0.127409 3.19411	
3.79	-0.194736 -0.12599 3.06054	
3.8	-0.192686 -0.124516 2.9282	
3.81	-0.190227 -0.122818 2.80193	
3.82	-0.189823 -0.122343 2.6768	
3.83	-0.190208 -0.122379 2.55671	
3.84	-0.187408 -0.120477 2.44329	
3.85	-0.190631 -0.122259 2.3296	
3.86	-0.19683 -0.125905 2.21976	
3.87	-0.216344 -0.137745 2.10675	
3.88	-0.248937 -0.15766 1.99206	
3.89	-0.280489 -0.17689 1.87892	
3.9	-0.315278 -0.198083 1.76581	
3.91	-0.350201 -0.219301 1.65276	
3.92	-0.397386 -0.247944 1.53032	
3.93	-0.443657 -0.275908 1.40518	
3.94	-0.476676 -0.295703 1.2887	
3.95	-0.502574 -0.311072 1.17619	
3.96	-0.525119 -0.324299 1.06386	
3.97	-0.551124 -0.339432 0.940754	
3.98	-0.570614 -0.350459 0.818287	
3.99	-0.578106 -0.354209 0.709639	
4	-0.580261 -0.354665 0.605328	
4.01	-0.57507 -0.350731 0.513543	
4.02	-0.566761 -0.344871 0.425002	
4.03	-0.554485 -0.336665 0.345299	
4.04	-0.539531 -0.32694 0.275547	
4.05	-0.523576 -0.31659 0.207606	
4.06	-0.506365 -0.305488 0.14307	
4.07	-0.48842 -0.293976 0.0828459	
4.08	-0.469025 -0.281471 0.0197733	
4.09	-0.447786 -0.267761 -0.0444162	
4.1	-0.426879 -0.254453 -0.0970702	
4.11	-0.403297 -0.239306 -0.156847	
4.12	-0.379433 -0.224001 -0.214303	
4.13	-0.355872 -0.208889 -0.270182	
4.14	-0.333534 -0.194725 -0.315285	
4.15	-0.312314 -0.181307 -0.356763	
4.16	-0.293974 -0.169913 -0.385467	
4.17	-0.275274 -0.158325 -0.411379	
4.18	-0.259294 -0.148577 -0.428976	
4.19	-0.243255 -0.138798 -0.445214	
4.2	-0.22853 -0.129872 -0.458765	
4.21	-0.214036 -0.121099 -0.470826	
4.22	-0.201133 -0.113324 -0.481756	
4.23	-0.188494 -0.105708 -0.492116	
4.24	-0.175855 -0.0980814 -0.502048	
4.25	-0.164346 -0.091176 -0.510358	
4.26	-0.153004 -0.0843707 -0.518027	
4.27	-0.141466 -0.0774238 -0.525887	
4.28	-0.129577 -0.0702265 -0.534569	
4.29	-0.117896 -0.0631551 -0.54271	
4.3	-0.107012 -0.0565881 -0.549791	
4.31	-0.0971298 -0.0506723 -0.554892	
4.32	-0.0883266 -0.0454363 -0.559053	
4.33	-0.0799957 -0.0404896 -0.562862	
4.34	-0.0726069 -0.0361448 -0.56538	
4.35	-0.0655238 -0.0319755 -0.568099	
4.36	-0.0589305 -0.0281104 -0.570334	
4.37	-0.0531242 -0.0247396 -0.571895	
4.38	-0.0484156 -0.0220588 -0.572716	
4.39	-0.0443801 -0.0198018 -0.572859	
4.4	-0.0406634 -0.0177396 -0.572735	
4.41	-0.0373356 -0.0159166 -0.572321	
4.42	-0.0353112 -0.0149114 -0.571297	
4.43	-0.0331678 -0.0138293 -0.569944	
4.44	-0.0314246 -0.0129966 -0.568199	
4.45	-0.0302517 -0.0125172 -0.566205	
4.46	-0.0290963 -0.012043 -0.564105	
4.47	-0.0283794 -0.0118385 -0.561842	
4.48	-0.028031 -0.0118448 -0.56022	
4.49	-0.0276249 -0.0118004 -0.558984	
4.5	-0.0269649 -0.0115829 -0.558139	
4.51	-0.0263316 -0.0113768 -0.557241	
4.52	-0.0254606 -0.011016 -0.556329	
4.53	-0.0246831 -0.010707 -0.555452	
4.54	-0.0239466 -0.0104166 -0.554638	
4.55	-0.0230224 -0.0100006 -0.553959	
4.56	-0.0222839 -0.00969726 -0.553181	
4.57	-0.0215557 -0.00939557 -0.552382	
4.58	-0.0208558 -0.00910532 -0.551645	
4.59	-0.0200826 -0.00876006 -0.551134	
4.6	-0.0193706 -0.00845145 -0.550467	
4.61	-0.01873 -0.00818589 -0.549651	
4.62	-0.0179178 -0.00780423 -0.549064	
4.63	-0.0171644 -0.00745897 -0.548285	
4.64	-0.0164975 -0.00716303 -0.547541	
4.65	-0.0159054 -0.00690822 -0.546889	
4.66	-0.0152791 -0.00662802 -0.546254	
4.67	-0.0147413 -0.00639786 -0.545702	
4.68	-0.0142071 -0.00616642 -0.545156	
4.69	-0.0136443 -0.00591369 -0.544612	
4.7	-0.0131605 -0.00570607 -0.544124	
4.71	-0.0126301 -0.00546707 -0.543592	
4.72	-0.0121706 -0.00526829 -0.543119	
4.73	-0.0117201 -0.00507204 -0.542653	
4.74	-0.0113071 -0.00489596 -0.542217	
4.75	-0.0109361 -0.00474277 -0.541816	
4.76	-0.0105422 -0.00457299 -0.541397	
4.77	-0.0101635 -0.00441012 -0.540986	
4.78	-0.0097796 -0.00424037 -0.540639	
4.79	-0.00945003 -0.00410442 -0.540181	
4.8	-0.00909135 -0.00394507 -0.539877	
4.81	-0.00881162 -0.00383431 -0.539502	
4.82	-0.00844366 -0.00366421 -0.539236	
4.83	-0.00818305 -0.00356069 -0.538894	
4.84	-0.00789318 -0.00343584 -0.538611	
4.85	-0.00762872 -0.00332514 -0.538322	
4.86	-0.00735523 -0.00320716 -0.538025	
4.87	-0.00709707 -0.00309634 -0.537765	
4.88	-0.00687788 -0.00300788 -0.537523	
4.89	-0.00663685 -0.00290444 -0.537268	
4.9	-0.00637472 -0.00278539 -0.537058	
4.91	-0.00618934 -0.00271285 -0.536847	
4.92	-0.00596208 -0.0026131 -0.536616	
4.93	-0.00576419 -0.0025301 -0.536397	
4.94	-0.00557617 -0.00245148 -0.536202	
4.95	-0.00541935 -0.00239161 -0.535981	
4.96	-0.00523806 -0.00231453 -0.535795	
4.97	-0.00508921 -0.00225674 -0.535598	
4.98	-0.00491348 -0.00218043 -0.535431	
4.99	-0.00476587 -0.00212124 -0.535232	
5	-0.00460961 -0.00205521 -0.535051	
5.01	-0.00444729 -0.0019839 -0.534895	
5.02	-0.00430957 -0.00192741 -0.534716	
5.03	-0.00414323 -0.00185148 -0.534568	
5.04	-0.00399414 -0.00178534 -0.534426	
5.05	-0.00385026 -0.00172154 -0.534284	
5.06	-0.00370179 -0.00165387 -0.53415	
5.07	-0.00355299 -0.00158519 -0.534015	
5.08	-0.00344553 -0.00154158 -0.53388	
5.09	-0.00335888 -0.00151046 -0.533732	
5.1	-0.00336813 -0.00151674 -0.533706	
5.11	-0.00342395 -0.00155271 -0.533651	
5.12	-0.00354632 -0.00163115 -0.533551	
5.13	-0.00363861 -0.00169038 -0.533472	
5.14	-0.0036988 -0.00172959 -0.53339	
5.15	-0.00373631 -0.00175384 -0.533349	
5.16	-0.00375362 -0.0017653 -0.533316	
5.17	-0.00375378 -0.00176585 -0.533293	
5.18	-0.003771 -0.00177727 -0.53326	
5.19	-0.00378289 -0.00178496 -0.533246	
5.2	-0.00378606 -0.00178695 -0.533245	
5.21	-0.00380114 -0.0017964 -0.533245	
5.22	-0.00380431 -0.00179839 -0.533244	
5.23	-0.00382207 -0.00180931 -0.533253	
5.24	-0.00382221 -0.00180945 -0.533251	
5.25	-0.0038423 -0.00182231 -0.533235	
5.26	-0.00384797 -0.00182575 -0.533241	
5.27	-0.00386793 -0.0018386 -0.533222	
5.28	-0.00389088 -0.00185315 -0.533211	
5.29	-0.00391095 -0.00186598 -0.533196	
5.3	-0.0039256 -0.001875 -0.533203	
5.31	-0.00394264 -0.00188598 -0.533187	
5.32	-0.00397945 -0.00190964 -0.533153	
5.33	-0.00399622 -0.00192061 -0.533128	
5.34	-0.00401549 -0.00193316 -0.533102	
5.35	-0.00406031 -0.00196207 -0.533056	
5.36	-0.00418702 -0.00204317 -0.532959	
5.37	-0.00429354 -0.00211127 -0.532881	
5.38	-0.00438257 -0.00216778 -0.532837	
5.39	-0.00446774 -0.0022218 -0.532797	
5.4	-0.00454115 -0.00226853 -0.532754	
5.41	-0.00464443 -0.0023347 -0.53267	
5.42	-0.00472316 -0.00238539 -0.532595	
5.43	-0.00485087 -0.0024678 -0.532462	
5.44	-0.00497556 -0.00254797 -0.532348	
5.45	-0.00504239 -0.00259147 -0.532259	
5.46	-0.00510143 -0.00262927 -0.532213	
5.47	-0.0051388 -0.00265278 -0.532205	
5.48	-0.00518156 -0.00267999 -0.532181	
5.49	-0.0052084 -0.00269674 -0.532182	
5.5	-0.00524579 -0.00271991 -0.532192	
5.51	-0.00526497 -0.00273134 -0.532221	
5.52	-0.00527758 -0.00273875 -0.532246	
5.53	-0.00526022 -0.00272715 -0.532284	
5.54	-0.00524178 -0.00271558 -0.532286	
5.55	-0.00522037 -0.00270239 -0.532276	
5.56	-0.0052127 -0.00269792 -0.53226	
5.57	-0.00522818 -0.00270826 -0.532226	
5.58	-0.00522059 -0.00270401 -0.5322	
5.59	-0.00523903 -0.00271637 -0.532157	
5.6	-0.0052447 -0.00272015 -0.532145	
5.61	-0.00523438 -0.00271352 -0.532154	
5.62	-0.00524329 -0.00271904 -0.532157	
5.63	-0.00524552 -0.00272052 -0.532152	
5.64	-0.00524758 -0.00272198 -0.532144	
5.65	-0.00523971 -0.00271715 -0.532139	
5.66	-0.00523479 -0.00271426 -0.532129	
5.67	-0.00524905 -0.00272331 -0.532122	
5.68	-0.00524032 -0.00271753 -0.532139	
5.69	-0.0052351 -0.00271339 -0.532184	
5.7	-0.00524921 -0.00272143 -0.532224	
5.71	-0.00525682 -0.00272545 -0.532262	
5.72	-0.00535481 -0.00278838 -0.532176	
5.73	-0.00537397 -0.00280097 -0.532144	
5.74	-0.00535888 -0.00279204 -0.532119	
5.75	-0.0053162 -0.00276522 -0.532126	
5.76	-0.00527062 -0.00273753 -0.532085	
5.77	-0.00523651 -0.00271758 -0.532014	
5.78	-0.00521889 -0.00270835 -0.531922	
5.79	-0.00520241 -0.00269947 -0.531849	
5.8	-0.0052151 -0.00270836 -0.5318	
5.81	-0.00521555 -0.00270929 -0.531766	
5.82	-0.00523524 -0.00272247 -0.531721	
5.83	-0.00528173 -0.00275277 -0.531658	
5.84	-0.00529722 -0.00276282 -0.531639	
5.85	-0.00530842 -0.0027703 -0.531614	
5.86	-0.00532435 -0.00278057 -0.531598	
5.87	-0.00534123 -0.00279132 -0.531588	
5.88	-0.00536725 -0.00280757 -0.531589	
5.89	-0.0053623 -0.00280416 -0.531605	
5.9	-0.00538575 -0.00281868 -0.531612	
5.91	-0.00538218 -0.00281604 -0.531633	
5.92	-0.00538313 -0.00281605 -0.531663	
5.93	-0.00537527 -0.00281083 -0.531679	
5.94	-0.0053715 -0.00280807 -0.5317	
5.95	-0.00536766 -0.00280526 -0.531721	
5.96	-0.00537207 -0.00280801 -0.531721	
5.97	-0.00537213 -0.00280759 -0.531744	
5.98	-0.00535729 -0.00279801 -0.53176	
5.99	-0.00535366 -0.00279527 -0.531784	
6	-0.00535335 -0.00279462 -0.531808	
6.01	-0.0053532 -0.00279476 -0.531796	
6.02	-0.00534473 -0.00278924 -0.531808	
6.03	-0.00532832 -0.00277898 -0.531808	
6.04	-0.00531916 -0.00277313 -0.531814	
6.05	-0.00530614 -0.00276499 -0.531814	
6.06	-0.00529393 -0.00275725 -0.53182	
6.07	-0.00528217 -0.00274973 -0.531828	
6.08	-0.00527049 -0.00274226 -0.531837	
6.09	-0.00525999 -0.00273536 -0.531854	
6.1	-0.00525281 -0.00273048 -0.531874	
6.11	-0.00523918 -0.00272163 -0.531891	
6.12	-0.00523607 -0.00271906 -0.531924	
6.13	-0.00523781 -0.00272017 -0.531922	
6.14	-0.00522237 -0.00271035 -0.531931	
6.15	-0.00520767 -0.00270079 -0.53195	
6.16	-0.00518816 -0.00268854 -0.531953	
6.17	-0.00517573 -0.00268067 -0.531958	
6.18	-0.00514711 -0.0026623 -0.531983	
6.19	-0.0051498 -0.00266436 -0.531963	
6.2	-0.00513376 -0.00265449 -0.531955	
6.21	-0.00512383 -0.00264829 -0.531955	
6.22	-0.00513356 -0.00265461 -0.531943	
6.23	-0.00512779 -0.00265081 -0.531952	
6.24	-0.00511529 -0.00264308 -0.531948	
6.25	-0.00512987 -0.00265237 -0.531939	
6.26	-0.00510547 -0.00263662 -0.531965	
6.27	-0.00511885 -0.00264498 -0.531965	
6.28	-0.00510397 -0.00263582 -0.531958	
6.29	-0.00510088 -0.00263373 -0.531966	
6.3	-0.00509085 -0.00262753 -0.531962	
6.31	-0.00510016 -0.00263373 -0.531943	
6.32	-0.00510188 -0.00263457 -0.531954	
6.33	-0.0051201 -0.00264589 -0.531959	
6.34	-0.00512303 -0.00264707 -0.531992	
6.35	-0.00515345 -0.00266617 -0.531987	
6.36	-0.00518274 -0.0026843 -0.531997	
6.37	-0.00521825 -0.00270694 -0.531974	
6.38	-0.00528413 -0.00274925 -0.531916	
6.39	-0.00532899 -0.00277903 -0.531826	
6.4	-0.00536764 -0.00280455 -0.531757	
6.41	-0.00536995 -0.00280711 -0.531699	
6.42	-0.00536733 -0.00280609 -0.531667	
6.43	-0.00536997 -0.00280837 -0.531635	
6.44	-0.005383 -0.00281673 -0.531624	
6.45	-0.00538657 -0.00281946 -0.531598	
6.46	-0.00539657 -0.00282603 -0.531582	
6.47	-0.00541932 -0.00284011 -0.531589	
6.48	-0.00543352 -0.00284918 -0.531579	
6.49	-0.00547675 -0.00287709 -0.531533	
6.5	-0.00556753 -0.00293675 -0.531384	
6.51	-0.00564197 -0.00298584 -0.531252	
6.52	-0.00569972 -0.00302329 -0.531182	
6.53	-0.00575353 -0.00305836 -0.531109	
6.54	-0.00578817 -0.00308116 -0.53105	
6.55	-0.00587162 -0.00313553 -0.530937	
6.56	-0.00596937 -0.00319923 -0.530803	
6.57	-0.00605227 -0.00325321 -0.530691	
6.58	-0.0060939 -0.00328017 -0.530644	
6.59	-0.00610996 -0.0032912 -0.530593	
6.6	-0.00613515 -0.00330763 -0.530557	
6.61	-0.00614426 -0.00331367 -0.53054	
6.62	-0.00615375 -0.00331997 -0.530521	
6.63	-0.00617784 -0.00333578 -0.530482	
6.64	-0.00618726 -0.00334204 -0.530463	
6.65	-0.00620151 -0.00335117 -0.530451	
6.66	-0.00621755 -0.00336131 -0.530446	
6.67	-0.00622875 -0.00336856 -0.530433	
6.68	-0.00622557 -0.00336628 -0.530448	
6.69	-0.00626345 -0.00339002 -0.530445	
6.7	-0.0062595 -0.00338716 -0.530465	
6.71	-0.00627325 -0.00339566 -0.53047	
6.72	-0.00628136 -0.00340074 -0.530469	
6.73	-0.00627489 -0.0033965 -0.530479	
6.74	-0.00627325 -0.00339602 -0.530451	
6.75	-0.006262 -0.00338902 -0.53045	
6.76	-0.00625923 -0.00338798 -0.530414	
6.77	-0.00626245 -0.0033904 -0.530393	
6.78	-0.00624131 -0.00337759 -0.530372	
6.79	-0.0062191 -0.00336391 -0.530362	
6.8	-0.00620514 -0.00335525 -0.530358	
6.81	-0.00620662 -0.00335649 -0.530342	
6.82	-0.00618838 -0.00334525 -0.530334	
6.83	-0.00617343 -0.00333598 -0.53033	
6.84	-0.00616969 -0.0033333 -0.530347	
6.85	-0.00615608 -0.00332492 -0.530341	
6.86	-0.0061511 -0.00332153 -0.530355	
6.87	-0.00615614 -0.00332476 -0.530351	
6.88	-0.00614436 -0.00331728 -0.530357	
6.89	-0.0061504 -0.00332165 -0.530327	
6.9	-0.0061335 -0.00331161 -0.5303	
6.91	-0.00612447 -0.00330631 -0.530281	
6.92	-0.00612522 -0.00330775 -0.530232	
6.93	-0.00614344 -0.00332037 -0.530168	
6.94	-0.00615186 -0.00332635 -0.530131	
6.95	-0.00616246 -0.00333339 -0.53011	
6.96	-0.00618297 -0.00334641 -0.5301	
6.97	-0.00618421 -0.00334699 -0.53011	
6.98	-0.00618933 -0.00334973 -0.530133	
6.99	-0.00620214 -0.00335678 -0.530183	
7	-0.00622293 -0.00336942 -0.530202	
7.01	-0.00622774 -0.00337174 -0.530237	
7.02	-0.00622998 -0.00337255 -0.530267	
7.03	-0.00622842 -0.00337133 -0.53028	
7.04	-0.0062209 -0.00336684 -0.530269	
7.05	-0.00621419 -0.00336253 -0.530275	
7.06	-0.0062105 -0.00336035 -0.530269	
7.07	-0.00619981 -0.00335415 -0.530244	
7.08	-0.00619593 -0.00335167 -0.530246	
7.09	-0.00620462 -0.00335766 -0.530218	
7.1	-0.00620202 -0.00335593 -0.530223	
7.11	-0.00620075 -0.00335489 -0.530235	
7.12	-0.00619824 -0.00335314 -0.530245	
7.13	-0.00619593 -0.00335136 -0.530262	
7.14	-0.00619914 -0.00335262 -0.530301	
7.15	-0.00619454 -0.00334935 -0.530321	
7.16	-0.00620839 -0.00335782 -0.53033	
7.17	-0.00618246 -0.00334136 -0.530343	
7.18	-0.00619573 -0.00334997 -0.530327	
7.19	-0.00618817 -0.00334546 -0.530316	
7.2	-0.00618273 -0.00334256 -0.53029	
7.21	-0.00617997 -0.00334122 -0.53027	
7.22	-0.00619206 -0.00334939 -0.530239	
7.23	-0.00618458 -0.00334508 -0.53022	
7.24	-0.0061808 -0.00334299 -0.530206	
7.25	-0.00618805 -0.0033482 -0.530171	
7.26	-0.00618704 -0.00334756 -0.530172	
7.27	-0.00619128 -0.0033497 -0.530198	
7.28	-0.00618912 -0.00334823 -0.530204	
7.29	-0.00619865 -0.00335491 -0.530167	
7.3	-0.00618472 -0.00334642 -0.530156	
7.31	-0.00619141 -0.00335142 -0.530114	
7.32	-0.00617974 -0.00334466 -0.530086	
7.33	-0.00616668 -0.003337 -0.53006	
7.34	-0.0061643 -0.00333529 -0.530071	
7.35	-0.00616975 -0.00333925 -0.530043	
7.36	-0.00615308 -0.00332859 -0.530055	
7.37	-0.00616795 -0.00333794 -0.530052	
7.38	-0.00617115 -0.00333986 -0.530057	
7.39	-0.00617563 -0.00334234 -0.530074	
7.4	-0.00618151 -0.00334564 -0.530093	
7.41	-0.00619618 -0.00335538 -0.530063	
7.42	-0.00618181 -0.00334593 -0.530088	
7.43	-0.00618333 -0.00334674 -0.530095	
7.44	-0.00619932 -0.00335699 -0.530082	
7.45	-0.00620107 -0.00335813 -0.530079	
7.46	-0.006204 -0.00335978 -0.530089	
7.47	-0.00622434 -0.0033725 -0.530088	
7.48	-0.00623007 -0.00337579 -0.530103	
7.49	-0.00624834 -0.00338746 -0.530091	
7.5	-0.0062663 -0.00339874 -0.530087	
7.51	-0.00628053 -0.0034078 -0.530079	
7.52	-0.00632634 -0.00343751 -0.530024	
7.53	1.2691 -1.08238 2.79325	
7.54	6.00102 -3.48964 15.1014	
7.55	6.10108 -3.49196 15.1159	
7.56	9.02297 -4.99278 23.1216	
7.57	8.76591 -4.82659 22.2011	
7.58	10.8405 -5.30437 27.3608	
7.59	11.5957 -5.18604 29.0425	
7.6	11.2946 -5.0237 27.8649	
7.61	10.959 -4.85736 26.7682	
7.62	10.7341 -4.71799 25.6205	
7.63	10.633 -4.60786 24.4014	
7.64	10.4018 -4.47295 23.3452	
7.65	10.2738 -4.36222 22.227	
7.66	2.69194 5.33531 20.691	
7.67	-7.18838 10.7143 11.4121	
7.68	-6.76809 10.2738 10.7785	
7.69	-0.463436 2.6269 10.4865	
7.7	-2.27424 -2.86146 3.20753	
7.71	8.76841 9.21003 -5.0286	
7.72	1.51093 1.48389 4.83398	
7.73	-1.91719 -3.80424 -0.146795	
7.74	-8.65447 0.0989883 -2.0604	
7.75	-8.35647 0.311789 -1.8452	
7.76	-8.06524 0.622199 -1.55723	
7.77	-1.64109 -0.29324 -0.149892	
7.78	20.5886 0.278579 -3.64826	
7.79	-0.233699 4.06215 -2.93405	
7.8	-11.718 6.1703 -18.1392	
7.81	1.75813 -1.62071 -25.1388	
7.82	-15.0648 7.21357 -24.8874	
7.83	-5.61629 -10.9498 -9.17863	
7.84	-4.22105 -11.7334 -9.12602	
7.85	1.56562 3.42917 2.87391	
7.86	4.63134 2.47528 7.22688	
7.87	5.82214 5.13161 5.20053	
7.88	6.30126 6.6858 3.474	
7.89	6.22629 6.93168 2.80555	
7.9	6.04477 6.81667 2.5418	
7.91	5.86415 6.70573 2.27407	
7.92	5.66153 6.51073 2.10836	
7.93	5.45821 6.27791 2.01141	
7.94	5.25654 6.04822 1.91388	
7.95	5.05325 5.82622 1.79944	
7.96	4.85973 5.60468 1.70888	
7.97	4.6211 5.26576 1.72528	
7.98	4.48057 5.05605 1.74313	
7.99	4.34118 4.86981 1.72172	
8	4.21593 4.70182 1.70202	
8.01	4.10457 4.54111 1.70343	
8.02	4.00198 4.38517 1.71818	
8.03	3.8741 4.2217 1.68641	
8.04	3.71574 4.01222 1.66604	
8.05	3.54601 3.76421 1.68952	
8.06	3.382 3.50971 1.73944	
8.07	3.18965 3.1652 1.88644	
8.08	2.99636 2.81282 2.04626	
8.09	2.82327 2.50843 2.16768	
8.1	2.68483 2.28594 2.22349	
8.11	2.55115 2.07279 2.27433	
8.12	2.39015 1.81875 2.33463	
8.13	2.22189 1.56158 2.3837	
8.14	2.01756 1.28536 2.38102	
8.15	1.74357 0.898055 2.41396	
8.16	1.48993 0.5652 2.39688	
8.17	1.32088 0.377788 2.31839	
8.18	1.22197 0.291598 2.22451	
8.19	1.17414 0.265953 2.14367	
8.2	1.12454 0.236688 2.06562	
8.21	1.09892 0.234556 1.99627	
8.22	1.04839 0.189744 1.94528	
8.23	0.99868 0.165796 1.85848	
8.24	0.963557 0.170969 1.75398	
8.25	0.950585 0.199906 1.65986	
8.26	0.937203 0.225625 1.571	
8.27	0.952636 0.275538 1.50781	
8.28	0.914839 0.256068 1.44337	
8.29	0.843347 0.193491 1.37675	
8.3	0.810892 0.187032 1.30202	
8.31	0.720241 0.109832 1.21648	
8.32	0.661434 0.0756756 1.12936	
8.33	0.614963 0.061379 1.03596	
8.34	0.419204 -0.136823 0.918816	
8.35	0.346149 -0.18763 0.82855	
8.36	0.290166 -0.214451 0.735864	
8.37	0.261302 -0.228223 0.685052	
8.38	0.219444 -0.261236 0.638299	
8.39	0.157761 -0.310212 0.57309	
8.4	0.078445 -0.354208 0.456362	
8.41	0.00474775 -0.384793 0.328857	
8.42	-0.0614264 -0.385686 0.165359	
8.43	-0.111861 -0.331324 -0.0610933	
8.44	-0.113032 -0.246416 -0.224249	
8.45	-0.0911042 -0.173255 -0.309898	
8.46	-0.0553166 -0.0939157 -0.373196	
8.47	-0.0189202 -0.0122392 -0.43914	
8.48	0.0446505 0.136223 -0.561552	
8.49	0.0860012 0.234861 -0.646273	
8.5	0.0931585 0.249516 -0.659694	
8.51	0.0982117 0.253109 -0.657803	
8.52	0.123717 0.288916 -0.665341	
8.53	0.142564 0.315681 -0.67228	
8.54	0.157859 0.335383 -0.674745	
8.55	0.160413 0.336887 -0.674553	
8.56	0.149873 0.318772 -0.669961	
8.57	0.141724 0.302742 -0.663299	
8.58	0.134189 0.287992 -0.657383	
8.59	0.116679 0.25928 -0.649906	
8.6	0.0981712 0.230046 -0.643782	
8.61	0.0786653 0.196829 -0.632678	
8.62	0.066515 0.174918 -0.62441	
8.63	0.0570755 0.158785 -0.620079	
8.64	0.0460178 0.139857 -0.614454	
8.65	0.0341683 0.117951 -0.605206	
8.66	0.0264927 0.103048 -0.598612	
8.67	0.0216488 0.0923182 -0.592741	
8.68	0.0176926 0.0835979 -0.588328	
8.69	0.0122611 0.0723691 -0.582815	
8.7	0.00109229 0.0489699 -0.568811	
8.71	-0.00246082 0.0395965 -0.562019	
8.72	-0.0088564 0.0258158 -0.553961	
8.73	-0.0108677 0.0206666 -0.551051	
8.74	-0.0151924 0.00971536 -0.543047	
8.75	-0.0139962 0.0105057 -0.543144	
8.76	-0.0123791 0.0120198 -0.543492	
8.77	-0.0116276 0.0119234 -0.54293	
8.78	-0.0109485 0.0114065 -0.541721	
8.79	-0.0106746 0.009904 -0.539637	
8.8	-0.0107418 0.00841587 -0.538354	
8.81	-0.0105504 0.00761273 -0.537655	
8.82	-0.0100148 0.00744508 -0.537242	
8.83	-0.00968146 0.00671016 -0.536237	
8.84	-0.00950897 0.00600691 -0.535637	
8.85	-0.00899715 0.00583285 -0.535145	
8.86	-0.00822515 0.00578644 -0.53422	
8.87	-0.00779356 0.00548195 -0.533608	
8.88	-0.00778151 0.00468109 -0.533065	
8.89	-0.00821464 0.00281189 -0.531606	
8.9	-0.0084158 0.00190914 -0.531324	
8.91	-0.0082107 0.00188126 -0.53163	
8.92	-0.00751253 0.00273361 -0.532325	
8.93	-0.00693676 0.00357533 -0.533266	
8.94	-0.00620255 0.00483246 -0.534557	
8.95	-0.00516535 0.00617948 -0.535252	
8.96	-0.0050818 0.00539162 -0.534316	
8.97	-0.00449958 0.00570729 -0.53417	
8.98	-0.00437626 0.00534558 -0.533868	
8.99	-0.00420686 0.00514192 -0.53372	
9	-0.00410789 0.00485454 -0.533565	
9.01	-0.0040198 0.00461369 -0.5335	
9.02	-0.00402556 0.00441134 -0.533711	
9.03	-0.00390228 0.00433113 -0.533813	
9.04	-0.00381461 0.00411701 -0.533737	
9.05	-0.00367963 0.00399207 -0.53369	
9.06	-0.00356423 0.0039247 -0.533777	
9.07	-0.00347672 0.00371933 -0.533661	
9.08	-0.00338893 0.00351429 -0.533528	
9.09	-0.00329257 0.00348111 -0.533673	
9.1	-0.0032232 0.00338713 -0.533755	
9.11	-0.00311726 0.00335176 -0.533841	
9.12	-0.00299112 0.00343334 -0.534078	
9.13	-0.00257603 0.00401162 -0.534512	
9.14	-0.00224785 0.00442855 -0.534846	
9.15	-0.00192251 0.00483065 -0.535147	
9.16	-0.00178391 0.00486546 -0.535214	
9.17	-0.00172841 0.00478943 -0.535267	
9.18	-0.00174232 0.004648 -0.535356	
9.19	-0.00145287 0.00531143 -0.536174	
9.2	-0.00203332 0.00363194 -0.534793	
9.21	-0.00191994 0.00296143 -0.533572	
9.22	-0.00159723 0.00313802 -0.533387	
9.23	-0.0013855 0.00325587 -0.533352	
9.24	-0.00139416 0.00295044 -0.533065	
9.25	-0.00148525 0.00260319 -0.532892	
9.26	-0.00134629 0.00278761 -0.533127	
9.27	-0.00126723 0.00259941 -0.532817	
9.28	-0.00125666 0.00223582 -0.532343	
9.29	-0.0011693 0.00216636 -0.532213	
9.3	-0.00112088 0.00216863 -0.532302	
9.31	-0.00101692 0.0022998 -0.532485	
9.32	-0.000788031 0.00253962 -0.532559	
9.33	-0.000690448 0.00257437 -0.532567	
9.34	-0.000628587 0.00250113 -0.532457	
9.35	-0.00057296 0.0024264 -0.532353	
9.36	-0.000529384 0.00238105 -0.532326	
9.37	-0.000483869 0.00235385 -0.532322	
9.38	-0.000410786 0.00235326 -0.532294	
9.39	-0.000391305 0.0022468 -0.532197	
9.4	-0.000399355 0.00215182 -0.532182	
9.41	-0.000387152 0.00212457 -0.532237	
9.42	-0.000358738 0.00207273 -0.532202	
9.43	-0.000364792 0.0019175 -0.532057	
9.44	-0.000351055 0.00181486 -0.531956	
9.45	-0.000333223 0.00175893 -0.531927	
9.46	-0.000287682 0.00179441 -0.531993	
9.47	-0.000261348 0.001728 -0.531915	
9.48	-0.000195465 0.00170235 -0.531813	
9.49	-0.000116133 0.00173858 -0.531787	
9.5	-4.69104e-05 0.00174655 -0.531731	
9.51	-1.08486e-05 0.00170844 -0.531666	
9.52	1.56828e-05 0.00174889 -0.531676	
9.53	-1.42041e-05 0.00168161 -0.531625	
9.54	-1.22889e-05 0.00169573 -0.531647	
9.55	-1.82261e-05 0.00170525 -0.531678	
9.56	9.13473e-06 0.00175189 -0.531698	
9.57	1.96013e-05 0.00176258 -0.531692	
9.58	5.2041e-05 0.00180651 -0.531694	
9.59	6.0738e-05 0.00183119 -0.531718	
9.6	6.61379e-05 0.00184144 -0.531724	
9.61	6.97472e-05 0.0018618 -0.531753	
9.62	8.91045e-05 0.00189864 -0.531773	
9.63	0.000114803 0.00192031 -0.531751	
9.64	0.000124388 0.00193875 -0.531761	
9.65	0.000128794 0.0019594 -0.531789	
9.66	0.000143133 0.00197329 -0.531779	
9.67	0.000166115 0.00199678 -0.531767	
9.68	0.000158263 0.00197432 -0.531745	
9.69	0.000163611 0.0019881 -0.531757	
9.7	0.000175717 0.00202552 -0.531796	
9.71	0.000253826 0.00213359 -0.531805	
9.72	0.000303142 0.00220778 -0.531822	
9.73	0.00031609 0.00221923 -0.531812	
9.74	0.000327267 0.00222924 -0.531803	
9.75	0.000329052 0.00223065 -0.531801	
9.76	0.000332784 0.00223658 -0.531803	
9.77	0.000349127 0.00224929 -0.531787	
9.78	0.000394076 0.00228543 -0.531744	
9.79	0.000415132 0.00230786 -0.531735	
9.8	0.000440888 0.00233812 -0.531728	
9.81	4.42585 1.15281 10.8371	
9.82	5.78374 1.38345 14.0537	
9.83	8.25908 1.98026 21.0526	
9.84	8.43727 2.00398 21.5004	
9.85	11.7385 3.16394 30.2069	
9.86	12.397 3.34075 28.1594	
9.87	12.8973 3.47499 26.2094	
9.88	14.8259 3.37535 24.204	
9.89	-2.23655 -1.99663 5.68854	
9.9	-5.65488 1.49892 4.88856	
9.91	-5.38261 1.27087 4.44647	
9.92	14.586 0.0347014 -6.44486	
9.93	-15.465 -0.562774 -11.8168	
9.94	-17.2812 1.30614 0.307777	
9.95	-18.5008 3.07502 0.189196	
9.96	-18.6478 3.79909 0.509144	
9.97	-18.4611 4.15995 0.657061	
9.98	-18.0818 4.30703 0.751681	
9.99	-17.614 4.32841 0.599489	
10	-17.1531 4.33781 0.436162	
10.01	-16.6797 4.3306 0.437626	
10.02	-16.1713 4.27656 0.495008	
10.03	-15.6609 4.20604 0.571253	
10.04	-15.1149 4.07859 0.569758	
10.05	-14.5708 3.93589 0.540652	
10.06	-13.996 3.74579 0.47686	
10.07	-12.8681 2.98331 0.25831	
10.08	-11.4126 1.89091 0.124349	
10.09	-9.88138 0.708801 -0.0339691	
10.1	-8.44486 -0.383578 -0.084209	
10.11	-7.25577 -1.22529 0.0956991	
10.12	-6.39892 -1.75281 0.247247	
10.13	-5.69296 -1.80431 3.53483	
10.14	-0.595837 -0.0507882 3.79488	
10.15	4.786 -1.29384 6.93735	
10.16	4.77768 -1.17903 6.84144	
10.17	0.541908 -0.628372 9.26834	
10.18	-18.27 -0.210468 0.927964	
10.19	-32.437 44.7565 -49.6199	
10.2	10.8435 1.47012 -3.53127	
10.21	-3.57336 -19.4394 11.7918	
10.22	-6.35656 -45.0945 30.9955	
10.23	-15.0829 -46.957 33.2851	
10.24	-16.9183 -46.5478 33.2388	
10.25	-15.6966 -45.9859 32.7832	
10.26	-16.0236 -44.2607 31.6191	
10.27	-15.8953 -42.5455 30.416	
10.28	-17.2272 -40.598 29.1802	
10.29	-17.4934 -38.9015 28.0238	
10.3	-17.2181 -37.3789 26.9407	
10.31	-17.3471 -35.8051 25.8567	
10.32	-16.1172 -34.5759 24.8928	
10.33	-14.5808 -33.5356 24.0362	
10.34	-13.5035 -32.4053 23.1556	
10.35	-14.1579 -31.4602 22.5759	
10.36	-16.9235 -30.4876 22.1773	
10.37	-18.4459 -30.0909 22.0805	
10.38	-12.4019 -25.7516 30.1434	
10.39	-11.9115 -24.8962 29.1163	
10.4	-11.1522 -23.8762 27.8636	
10.41	-10.3266 -22.9139 26.6681	
10.42	-9.42337 -21.6857 25.3389	
10.43	-2.6357 -16.0764 32.3984	
10.44	-0.1852 -14.4263 28.7338	
10.45	1.16508 -13.2562 26.1887	
10.46	1.37004 -12.6798 24.9923	
10.47	1.42946 -12.1952 24.0003	
10.48	1.52372 -11.7194 23.0209	
10.49	1.53732 -11.2705 22.1087	
10.5	1.59184 -10.8432 21.2332	
10.51	1.59191 -10.4376 20.4101	
10.52	1.60799 -10.0328 19.5871	
10.53	1.61848 -9.65212 18.8133	
10.54	1.62294 -9.27859 18.0555	
10.55	1.62372 -8.93484 17.3573	
10.56	1.47999 -8.588 16.5236	
10.57	1.47661 -8.26371 15.8722	
10.58	1.41968 -7.94652 15.193	
10.59	1.33721 -7.1225 14.3674	
10.6	0.864081 -4.45027 12.6629	
10.61	0.340725 -2.2067 11.0584	
10.62	0.275673 -1.85213 10.4725	
10.63	0.136262 -1.2734 9.77607	
10.64	0.0167831 -0.778648 9.12198	
10.65	-0.140751 -0.233238 8.44672	
10.66	-0.251063 0.13834 7.88518	
10.67	-0.331844 0.407856 7.39714	
10.68	-0.416811 0.671313 6.92172	
10.69	-0.502609 0.919814 6.46413	
10.7	-0.579493 1.13174 6.03889	
10.71	-0.650286 1.31682 5.63974	
10.72	-0.7184 1.48452 5.26014	
10.73	-0.783085 1.63441 4.90029	
10.74	-0.844233 1.76754 4.55941	
10.75	-0.902497 1.88633 4.23566	
10.76	-0.958108 1.99216 3.92795	
10.77	-1.01136 2.08634 3.63517	
10.78	-1.06252 2.17008 3.35631	
10.79	-1.11186 2.24441 3.09042	
10.8	-1.15982 2.3105 2.83642	
10.81	-1.2066 2.369 2.59361	
10.82	-1.25242 2.42051 2.36131	
10.83	-1.29779 2.4658 2.13857	
10.84	-1.34291 2.5051 1.9249	
10.85	-1.38835 2.5388 1.71952	
10.86	-1.43741 2.56571 1.51818	
10.87	-1.68046 2.76063 1.12871	
10.88	-1.61938 2.66115 1.06675	
10.89	-1.56053 2.56525 1.00712	
10.9	-1.75325 2.62296 0.726593	
10.91	-1.71655 2.54191 0.656976	
10.92	-1.77664 2.57958 0.557209	
10.93	-1.78076 2.61164 0.492337	
10.94	-1.76115 2.61912 0.43998	
10.95	-1.74708 2.64143 0.381972	
10.96	-1.84421 2.8498 0.301456	
10.97	-1.7774 2.74647 0.270143	
10.98	-1.713 2.6469 0.240031	
10.99	-1.7019 2.70677 0.19672	
11	-1.69063 2.74545 0.153201	
11.01	-1.6707 2.7509 0.110807	
11.02	-1.72782 2.92454 0.0496263	
11.03	-1.66538 2.81733 0.0305586	
11.04	-1.6048 2.71599 0.00642672	
11.05	-1.63593 2.84049 -0.0466346	
11.06	-1.62178 2.84835 -0.0823125	
11.07	-1.60293 2.84187 -0.112127	
11.08	-1.56868 2.81339 -0.136687	
11.09	-1.55965 2.85277 -0.172265	
11.1	-1.57831 2.92304 -0.216817	
11.11	-1.56096 2.91076 -0.24556	
