# Gnuplot File : velocities of 1 particle(s) Monitored
# 1st Column : time, others : particle(s) number 0 
0.01	3.69511e-16 0 -0.0737101	
0.02	3.02554e-16 0 -0.134079	
0.03	6.17365e-16 0 -0.183521	
0.04	8.75134e-16 0 -0.224014	
0.05	7.19569e-16 0 -0.257177	
0.06	5.89327e-16 0 -0.284339	
0.07	8.5027e-16 0 -0.306584	
0.08	1.06588e-15 0 -0.324802	
0.09	1.24247e-15 0 -0.339723	
0.1	1.02161e-15 0 -0.351944	
0.11	1.20291e-15 0 -0.361952	
0.12	1.3547e-15 0 -0.370149	
0.13	1.47901e-15 0 -0.376863	
0.14	1.58082e-15 0 -0.382361	
0.15	1.66421e-15 0 -0.386864	
0.16	1.36837e-15 0 -0.390552	
0.17	1.1207e-15 0 -0.393572	
0.18	1.28375e-15 0 -0.396046	
0.19	1.4209e-15 0 -0.398072	
0.2	1.53323e-15 0 -0.399732	
0.21	1.26068e-15 0 -0.401091	
0.22	1.0325e-15 0 -0.402204	
0.23	1.2118e-15 0 -0.403115	
0.24	1.36198e-15 0 -0.403862	
0.25	1.11987e-15 0 -0.404473	
0.26	9.13654e-16 0 -0.404974	
0.27	7.51166e-16 0 -0.405384	
0.28	9.82295e-16 0 -0.40572	
0.29	8.30739e-16 0 -0.405995	
0.3	1.04727e-15 0 -0.40622	
0.31	1.04727e-15 0 -0.40622	
0.32	1.04727e-15 0 -0.40622	
0.33	1.04727e-15 0 -0.40622	
0.34	1.04701e-15 0 -0.40622	
0.35	1.04727e-15 0 -0.40622	
0.36	1.04738e-15 0 -0.40622	
0.37	1.04727e-15 0 -0.40622	
0.38	1.04727e-15 0 -0.40622	
0.39	1.04727e-15 0 -0.40622	
0.4	1.04727e-15 0 -0.40622	
0.41	1.04727e-15 0 -0.40622	
0.42	1.04727e-15 0 -0.40622	
0.43	1.04727e-15 0 -0.40622	
0.44	1.04727e-15 0 -0.40622	
0.45	1.05157e-15 0 -0.40622	
0.46	1.04727e-15 0 -0.40622	
0.47	1.04701e-15 0 -0.40622	
0.48	1.04727e-15 0 -0.40622	
0.49	1.04727e-15 0 -0.40622	
0.5	1.04727e-15 0 -0.40622	
0.51	1.05141e-15 0 -0.40622	
0.52	1.04727e-15 0 -0.40622	
0.53	1.04727e-15 0 -0.40622	
0.54	1.04727e-15 0 -0.40622	
0.55	1.05141e-15 0 -0.40622	
0.56	1.05141e-15 0 -0.40622	
0.57	1.05141e-15 0 -0.40622	
0.58	1.04727e-15 0 -0.40622	
0.59	1.05141e-15 0 -0.40622	
0.6	1.04727e-15 0 -0.40622	
0.61	1.04727e-15 0 -0.40622	
0.62	1.04727e-15 0 -0.40622	
0.63	1.04727e-15 0 -0.40622	
0.64	1.04727e-15 0 -0.40622	
0.65	1.04727e-15 0 -0.40622	
0.66	1.04727e-15 0 -0.40622	
0.67	1.04727e-15 0 -0.40622	
0.68	1.04727e-15 0 -0.40622	
0.69	1.04727e-15 0 -0.40622	
0.7	1.04727e-15 0 -0.40622	
0.71	1.04727e-15 0 -0.40622	
0.72	1.04727e-15 0 -0.40622	
0.73	1.04727e-15 0 -0.40622	
0.74	1.04727e-15 0 -0.40622	
0.75	1.04738e-15 0 -0.40622	
0.76	1.04727e-15 0 -0.40622	
0.77	1.04727e-15 0 -0.40622	
0.78	1.04727e-15 0 -0.40622	
0.79	1.04727e-15 0 -0.40622	
0.8	1.04712e-15 0 -0.40622	
0.81	1.04712e-15 0 -0.40622	
0.82	1.05141e-15 0 -0.40622	
0.83	1.04727e-15 0 -0.40622	
0.84	1.05141e-15 0 -0.40622	
0.85	1.05141e-15 0 -0.40622	
0.86	1.04727e-15 0 -0.40622	
0.87	1.04727e-15 0 -0.40622	
0.88	1.04727e-15 0 -0.40622	
0.89	1.04701e-15 0 -0.40622	
0.9	1.05141e-15 0 -0.40622	
0.91	1.05141e-15 0 -0.40622	
0.92	1.04727e-15 0 -0.40622	
0.93	1.04727e-15 0 -0.40622	
0.94	1.04727e-15 0 -0.40622	
0.95	1.04727e-15 0 -0.40622	
0.96	1.04727e-15 0 -0.40622	
0.97	1.04727e-15 0 -0.40622	
0.98	1.04727e-15 0 -0.40622	
0.99	1.04727e-15 0 -0.40622	
1	1.04738e-15 0 -0.40622	
1.01	1.04727e-15 0 -0.40622	
1.02	1.04727e-15 0 -0.40622	
1.03	1.04738e-15 0 -0.40622	
1.04	1.04738e-15 0 -0.40622	
1.05	1.04738e-15 0 -0.40622	
1.06	1.04727e-15 0 -0.40622	
1.07	1.05141e-15 0 -0.40622	
1.08	1.05141e-15 0 -0.40622	
1.09	1.04727e-15 0 -0.40622	
1.1	1.04701e-15 0 -0.40622	
1.11	1.04727e-15 0 -0.40622	
1.12	1.04727e-15 0 -0.40622	
1.13	1.05141e-15 0 -0.40622	
1.14	1.04727e-15 0 -0.40622	
1.15	1.04727e-15 0 -0.40622	
1.16	1.04701e-15 0 -0.40622	
1.17	1.04727e-15 0 -0.40622	
1.18	1.04727e-15 0 -0.40622	
1.19	1.05141e-15 0 -0.40622	
1.2	1.04727e-15 0 -0.40622	
1.21	1.04727e-15 0 -0.40622	
1.22	1.04701e-15 0 -0.40622	
1.23	1.04727e-15 0 -0.40622	
1.24	1.04727e-15 0 -0.40622	
1.25	1.04727e-15 0 -0.40622	
1.26	1.04727e-15 0 -0.40622	
1.27	1.04712e-15 0 -0.40622	
1.28	1.05141e-15 0 -0.40622	
1.29	1.04727e-15 0 -0.40622	
1.3	1.04727e-15 0 -0.40622	
1.31	1.04727e-15 0 -0.40622	
1.32	1.04727e-15 0 -0.40622	
1.33	1.05152e-15 0 -0.40622	
1.34	1.05141e-15 0 -0.40622	
1.35	1.04727e-15 0 -0.40622	
1.36	1.05141e-15 0 -0.40622	
1.37	1.05141e-15 0 -0.40622	
1.38	1.05141e-15 0 -0.40622	
1.39	1.04727e-15 0 -0.40622	
1.4	1.04727e-15 0 -0.40622	
1.41	1.05141e-15 0 -0.40622	
1.42	1.04727e-15 0 -0.40622	
1.43	1.04727e-15 0 -0.40622	
1.44	1.04727e-15 0 -0.40622	
1.45	1.04727e-15 0 -0.40622	
1.46	1.04727e-15 0 -0.40622	
1.47	1.04727e-15 0 -0.40622	
1.48	1.04727e-15 0 -0.40622	
1.49	1.05141e-15 0 -0.40622	
1.5	1.05141e-15 0 -0.40622	
1.51	1.04727e-15 0 -0.40622	
1.52	1.04738e-15 0 -0.40622	
1.53	1.05141e-15 0 -0.40622	
1.54	1.05141e-15 0 -0.40622	
1.55	1.04738e-15 0 -0.40622	
1.56	1.05141e-15 0 -0.40622	
1.57	1.04738e-15 0 -0.40622	
1.58	1.05141e-15 0 -0.40622	
1.59	1.05141e-15 0 -0.40622	
1.6	1.04701e-15 0 -0.40622	
1.61	1.04738e-15 0 -0.40622	
1.62	1.04727e-15 0 -0.40622	
1.63	1.04727e-15 0 -0.40622	
1.64	1.04727e-15 0 -0.40622	
1.65	1.04727e-15 0 -0.40622	
1.66	1.05141e-15 0 -0.40622	
1.67	1.05141e-15 0 -0.40622	
1.68	1.05141e-15 0 -0.40622	
1.69	1.05141e-15 0 -0.40622	
1.7	1.04727e-15 0 -0.40622	
1.71	1.04727e-15 0 -0.40622	
1.72	1.04727e-15 0 -0.40622	
1.73	1.05141e-15 0 -0.40622	
1.74	1.05141e-15 0 -0.40622	
1.75	1.05141e-15 0 -0.40622	
1.76	1.04727e-15 0 -0.40622	
1.77	1.04727e-15 0 -0.40622	
1.78	1.04727e-15 0 -0.40622	
1.79	1.05141e-15 0 -0.40622	
1.8	1.05141e-15 0 -0.40622	
1.81	1.04727e-15 0 -0.40622	
1.82	1.04727e-15 0 -0.40622	
1.83	1.04738e-15 0 -0.40622	
1.84	1.04727e-15 0 -0.40622	
1.85	1.04727e-15 0 -0.40622	
1.86	1.04727e-15 0 -0.40622	
1.87	1.04727e-15 0 -0.40622	
1.88	1.04727e-15 0 -0.40622	
1.89	1.04727e-15 0 -0.40622	
1.9	1.04727e-15 0 -0.40622	
1.91	1.04727e-15 0 -0.40622	
1.92	1.05141e-15 0 -0.40622	
1.93	1.04738e-15 0 -0.40622	
1.94	1.04712e-15 0 -0.40622	
1.95	1.04727e-15 0 -0.40622	
1.96	1.04727e-15 0 -0.40622	
1.97	1.04712e-15 0 -0.40622	
1.98	1.04727e-15 0 -0.40622	
1.99	1.04727e-15 0 -0.40622	
2	1.04727e-15 0 -0.40622	
2.01	1.04727e-15 0 -0.40622	
2.02	1.04727e-15 0 -0.40622	
2.03	1.04712e-15 0 -0.40622	
2.04	1.04738e-15 0 -0.40622	
2.05	1.04712e-15 0 -0.40622	
2.06	1.04712e-15 0 -0.40622	
2.07	1.04727e-15 0 -0.40622	
2.08	1.04727e-15 0 -0.40622	
2.09	1.04727e-15 0 -0.40622	
2.1	1.04727e-15 0 -0.40622	
2.11	1.05141e-15 0 -0.40622	
2.12	1.05141e-15 0 -0.40622	
2.13	1.04727e-15 0 -0.40622	
2.14	1.04727e-15 0 -0.40622	
2.15	1.04727e-15 0 -0.40622	
2.16	1.04727e-15 0 -0.40622	
2.17	1.04727e-15 0 -0.40622	
2.18	1.05141e-15 0 -0.40622	
2.19	1.04727e-15 0 -0.40622	
2.2	1.04727e-15 0 -0.40622	
2.21	1.05141e-15 0 -0.40622	
2.22	1.04727e-15 0 -0.40622	
2.23	1.04727e-15 0 -0.40622	
2.24	1.04727e-15 0 -0.40622	
2.25	1.04727e-15 0 -0.40622	
2.26	1.04727e-15 0 -0.40622	
2.27	1.05168e-15 0 -0.40622	
2.28	1.04727e-15 0 -0.40622	
2.29	1.04727e-15 0 -0.40622	
2.3	1.04727e-15 0 -0.40622	
2.31	1.04727e-15 0 -0.40622	
2.32	1.04727e-15 0 -0.40622	
2.33	1.04727e-15 0 -0.40622	
2.34	1.04738e-15 0 -0.40622	
2.35	1.05141e-15 0 -0.40622	
2.36	1.05141e-15 0 -0.40622	
2.37	1.04727e-15 0 -0.40622	
2.38	1.04738e-15 0 -0.40622	
2.39	1.05141e-15 0 -0.40622	
2.4	1.04727e-15 0 -0.40622	
2.41	1.04738e-15 0 -0.40622	
2.42	1.05141e-15 0 -0.40622	
2.43	1.05141e-15 0 -0.40622	
2.44	1.04738e-15 0 -0.40622	
2.45	1.04727e-15 0 -0.40622	
2.46	1.05141e-15 0 -0.40622	
2.47	1.04727e-15 0 -0.40622	
2.48	1.04727e-15 0 -0.40622	
2.49	1.05141e-15 0 -0.40622	
2.5	1.04727e-15 0 -0.40622	
2.51	1.04727e-15 0 -0.40622	
2.52	1.05141e-15 0 -0.40622	
2.53	1.05141e-15 0 -0.40622	
2.54	1.04727e-15 0 -0.40622	
2.55	1.04738e-15 0 -0.40622	
2.56	1.04727e-15 0 -0.40622	
2.57	1.04727e-15 0 -0.40622	
2.58	1.05141e-15 0 -0.40622	
2.59	1.04712e-15 0 -0.40622	
2.6	1.04727e-15 0 -0.40622	
2.61	1.04727e-15 0 -0.40622	
2.62	1.05141e-15 0 -0.40622	
2.63	1.04727e-15 0 -0.40622	
2.64	1.04727e-15 0 -0.40622	
2.65	1.04727e-15 0 -0.40622	
2.66	1.04712e-15 0 -0.40622	
2.67	1.04727e-15 0 -0.40622	
2.68	1.04701e-15 0 -0.40622	
2.69	1.04738e-15 0 -0.40622	
2.7	1.04727e-15 0 -0.40622	
2.71	1.05141e-15 0 -0.40622	
2.72	1.04727e-15 0 -0.40622	
2.73	1.04727e-15 0 -0.40622	
2.74	1.04727e-15 0 -0.40622	
2.75	1.05141e-15 0 -0.40622	
2.76	1.04738e-15 0 -0.40622	
2.77	1.04727e-15 0 -0.40622	
2.78	1.05141e-15 0 -0.40622	
2.79	1.04727e-15 0 -0.40622	
2.8	1.05141e-15 0 -0.40622	
2.81	1.05141e-15 0 -0.40622	
2.82	1.04727e-15 0 -0.40622	
2.83	1.04727e-15 0 -0.40622	
2.84	1.04727e-15 0 -0.40622	
2.85	1.04727e-15 0 -0.40622	
2.86	1.04727e-15 0 -0.40622	
2.87	1.04727e-15 0 -0.40622	
2.88	1.05152e-15 0 -0.40622	
2.89	1.05141e-15 0 -0.40622	
2.9	1.04727e-15 0 -0.40622	
2.91	1.04727e-15 0 -0.40622	
2.92	1.04727e-15 0 -0.40622	
2.93	1.05141e-15 0 -0.40622	
2.94	1.05141e-15 0 -0.40622	
2.95	1.04727e-15 0 -0.40622	
2.96	1.04727e-15 0 -0.40622	
2.97	1.04727e-15 0 -0.40622	
2.98	1.05141e-15 0 -0.40622	
2.99	1.04727e-15 0 -0.40622	
3	1.05141e-15 0 -0.40622	
3.01	1.04727e-15 0 -0.40622	
3.02	1.04727e-15 0 -0.40622	
3.03	1.05141e-15 0 -0.40622	
3.04	1.04727e-15 0 -0.40622	
3.05	1.04727e-15 0 -0.40622	
3.06	1.04727e-15 0 -0.40622	
3.07	1.04727e-15 0 -0.40622	
3.08	1.04727e-15 0 -0.40622	
3.09	1.05141e-15 0 -0.40622	
3.1	1.04727e-15 0 -0.40622	
3.11	1.04727e-15 0 -0.40622	
3.12	1.05141e-15 0 -0.40622	
3.13	1.04727e-15 0 -0.40622	
3.14	1.04727e-15 0 -0.40622	
3.15	1.04738e-15 0 -0.40622	
3.16	1.04727e-15 0 -0.40622	
3.17	1.04727e-15 0 -0.40622	
3.18	1.04727e-15 0 -0.40622	
3.19	1.04727e-15 0 -0.40622	
3.2	1.04727e-15 0 -0.40622	
3.21	1.04717e-15 0 -0.40622	
3.22	1.04727e-15 0 -0.40622	
3.23	1.04727e-15 0 -0.40622	
3.24	1.04738e-15 0 -0.40622	
3.25	1.04727e-15 0 -0.40622	
3.26	1.04727e-15 0 -0.40622	
3.27	1.05141e-15 0 -0.40622	
3.28	1.05168e-15 0 -0.40622	
3.29	1.05152e-15 0 -0.40622	
3.3	1.04727e-15 0 -0.40622	
3.31	1.04727e-15 0 -0.40622	
3.32	1.04727e-15 0 -0.40622	
3.33	1.04738e-15 0 -0.40622	
3.34	1.04701e-15 0 -0.40622	
3.35	1.05141e-15 0 -0.40622	
3.36	1.05141e-15 0 -0.40622	
3.37	1.05141e-15 0 -0.40622	
3.38	1.04727e-15 0 -0.40622	
3.39	1.04727e-15 0 -0.40622	
3.4	1.04727e-15 0 -0.40622	
3.41	1.04727e-15 0 -0.40622	
3.42	1.04727e-15 0 -0.40622	
3.43	1.05141e-15 0 -0.40622	
3.44	1.04727e-15 0 -0.40622	
3.45	1.04727e-15 0 -0.40622	
3.46	1.04738e-15 0 -0.40622	
3.47	1.04738e-15 0 -0.40622	
3.48	1.04727e-15 0 -0.40622	
3.49	1.05141e-15 0 -0.40622	
3.5	1.04701e-15 0 -0.40622	
3.51	1.04727e-15 0 -0.40622	
3.52	1.04712e-15 0 -0.40622	
3.53	1.04727e-15 0 -0.40622	
3.54	1.04727e-15 0 -0.40622	
3.55	1.04727e-15 0 -0.40622	
3.56	1.04727e-15 0 -0.40622	
3.57	1.04727e-15 0 -0.40622	
3.58	1.04727e-15 0 -0.40622	
3.59	1.04727e-15 0 -0.40622	
3.6	1.04738e-15 0 -0.40622	
3.61	1.04727e-15 0 -0.40622	
3.62	1.04727e-15 0 -0.40622	
3.63	1.04738e-15 0 -0.40622	
3.64	1.04738e-15 0 -0.40622	
3.65	1.05141e-15 0 -0.40622	
3.66	1.04727e-15 0 -0.40622	
3.67	1.05141e-15 0 -0.40622	
3.68	1.04738e-15 0 -0.40622	
3.69	1.05141e-15 0 -0.40622	
3.7	1.04727e-15 0 -0.40622	
3.71	1.04727e-15 0 -0.40622	
3.72	1.05141e-15 0 -0.40622	
3.73	1.05141e-15 0 -0.40622	
3.74	1.04727e-15 0 -0.40622	
3.75	1.04727e-15 0 -0.40622	
3.76	1.04754e-15 0 -0.40622	
3.77	1.04727e-15 0 -0.40622	
3.78	1.04727e-15 0 -0.40622	
3.79	1.04727e-15 0 -0.40622	
3.8	1.04727e-15 0 -0.40622	
3.81	1.04727e-15 0 -0.40622	
3.82	1.04727e-15 0 -0.40622	
3.83	1.04727e-15 0 -0.40622	
3.84	1.04727e-15 0 -0.40622	
3.85	1.05141e-15 0 -0.40622	
3.86	1.04727e-15 0 -0.40622	
3.87	1.04727e-15 0 -0.40622	
3.88	1.04727e-15 0 -0.40622	
3.89	1.04727e-15 0 -0.40622	
3.9	1.05115e-15 0 -0.40622	
3.91	1.04727e-15 0 -0.40622	
3.92	1.04727e-15 0 -0.40622	
3.93	1.05141e-15 0 -0.40622	
3.94	1.04738e-15 0 -0.40622	
3.95	1.04727e-15 0 -0.40622	
3.96	1.05141e-15 0 -0.40622	
3.97	1.04727e-15 0 -0.40622	
3.98	1.04727e-15 0 -0.40622	
3.99	1.05141e-15 0 -0.40622	
4	1.04754e-15 0 -0.40622	
4.01	1.05141e-15 0 -0.40622	
4.02	1.04727e-15 0 -0.40622	
4.03	1.04727e-15 0 -0.40622	
4.04	1.04727e-15 0 -0.40622	
4.05	1.05152e-15 0 -0.40622	
4.06	1.04727e-15 0 -0.40622	
4.07	1.05141e-15 0 -0.40622	
4.08	1.04738e-15 0 -0.40622	
4.09	1.04727e-15 0 -0.40622	
4.1	1.05141e-15 0 -0.40622	
4.11	1.04727e-15 0 -0.40622	
4.12	1.04738e-15 0 -0.40622	
4.13	1.04727e-15 0 -0.40622	
4.14	1.04727e-15 0 -0.40622	
4.15	1.05141e-15 0 -0.40622	
4.16	1.04727e-15 0 -0.40622	
4.17	1.04727e-15 0 -0.40622	
4.18	1.05141e-15 0 -0.40622	
4.19	1.04727e-15 0 -0.40622	
4.2	1.05141e-15 0 -0.40622	
4.21	1.05141e-15 0 -0.40622	
4.22	1.04738e-15 0 -0.40622	
4.23	1.05141e-15 0 -0.40622	
4.24	1.04727e-15 0 -0.40622	
4.25	1.04727e-15 0 -0.40622	
4.26	1.04727e-15 0 -0.40622	
4.27	1.04727e-15 0 -0.40622	
4.28	1.04727e-15 0 -0.40622	
4.29	1.04727e-15 0 -0.40622	
4.3	1.04727e-15 0 -0.40622	
4.31	1.04701e-15 0 -0.40622	
4.32	1.04727e-15 0 -0.40622	
4.33	1.05141e-15 0 -0.40622	
4.34	1.04754e-15 0 -0.40622	
4.35	1.05141e-15 0 -0.40622	
4.36	1.04727e-15 0 -0.40622	
4.37	1.05141e-15 0 -0.40622	
4.38	1.05141e-15 0 -0.40622	
4.39	1.05141e-15 0 -0.40622	
4.4	1.04727e-15 0 -0.40622	
4.41	1.04727e-15 0 -0.40622	
4.42	1.04727e-15 0 -0.40622	
4.43	1.04727e-15 0 -0.40622	
4.44	1.04727e-15 0 -0.40622	
4.45	1.04727e-15 0 -0.40622	
4.46	1.04738e-15 0 -0.40622	
4.47	1.04727e-15 0 -0.40622	
4.48	1.05141e-15 0 -0.40622	
4.49	1.05141e-15 0 -0.40622	
4.5	1.04727e-15 0 -0.40622	
4.51	1.05141e-15 0 -0.40622	
4.52	1.04727e-15 0 -0.40622	
4.53	1.05141e-15 0 -0.40622	
4.54	1.05141e-15 0 -0.40622	
4.55	1.04727e-15 0 -0.40622	
4.56	1.04738e-15 0 -0.40622	
4.57	1.04727e-15 0 -0.40622	
4.58	1.04727e-15 0 -0.40622	
4.59	1.05141e-15 0 -0.40622	
4.6	1.04727e-15 0 -0.40622	
4.61	1.05152e-15 0 -0.40622	
4.62	1.04727e-15 0 -0.40622	
4.63	1.04701e-15 0 -0.40622	
4.64	1.04727e-15 0 -0.40622	
4.65	1.04727e-15 0 -0.40622	
4.66	1.04727e-15 0 -0.40622	
4.67	1.04727e-15 0 -0.40622	
4.68	1.04738e-15 0 -0.40622	
4.69	1.04727e-15 0 -0.40622	
4.7	1.04727e-15 0 -0.40622	
4.71	1.04727e-15 0 -0.40622	
4.72	1.04701e-15 0 -0.40622	
4.73	1.04727e-15 0 -0.40622	
4.74	1.04727e-15 0 -0.40622	
4.75	1.04727e-15 0 -0.40622	
4.76	1.05141e-15 0 -0.40622	
4.77	1.04727e-15 0 -0.40622	
4.78	1.04754e-15 0 -0.40622	
4.79	1.04727e-15 0 -0.40622	
4.8	1.04727e-15 0 -0.40622	
4.81	1.05141e-15 0 -0.40622	
4.82	1.05141e-15 0 -0.40622	
4.83	1.04727e-15 0 -0.40622	
4.84	1.04727e-15 0 -0.40622	
4.85	1.04727e-15 0 -0.40622	
4.86	1.04727e-15 0 -0.40622	
4.87	1.04727e-15 0 -0.40622	
4.88	1.04727e-15 0 -0.40622	
4.89	1.05141e-15 0 -0.40622	
4.9	1.04727e-15 0 -0.40622	
4.91	1.04738e-15 0 -0.40622	
4.92	1.04727e-15 0 -0.40622	
4.93	1.04738e-15 0 -0.40622	
4.94	1.04754e-15 0 -0.40622	
4.95	1.04727e-15 0 -0.40622	
4.96	1.04738e-15 0 -0.40622	
4.97	1.04727e-15 0 -0.40622	
4.98	1.04727e-15 0 -0.40622	
4.99	1.04727e-15 0 -0.40622	
5	1.05141e-15 0 -0.40622	
5.01	1.04727e-15 0 -0.40622	
5.02	1.05141e-15 0 -0.40622	
5.03	1.05141e-15 0 -0.40622	
5.04	1.04738e-15 0 -0.40622	
5.05	1.04727e-15 0 -0.40622	
5.06	1.05141e-15 0 -0.40622	
5.07	1.04727e-15 0 -0.40622	
5.08	1.04727e-15 0 -0.40622	
5.09	1.04727e-15 0 -0.40622	
5.1	1.05141e-15 0 -0.40622	
5.11	1.05141e-15 0 -0.40622	
5.12	1.05141e-15 0 -0.40622	
5.13	1.05141e-15 0 -0.40622	
5.14	1.05141e-15 0 -0.40622	
5.15	1.04727e-15 0 -0.40622	
5.16	1.04727e-15 0 -0.40622	
5.17	1.04738e-15 0 -0.40622	
5.18	1.04701e-15 0 -0.40622	
5.19	1.04727e-15 0 -0.40622	
5.2	1.05141e-15 0 -0.40622	
5.21	1.04727e-15 0 -0.40622	
5.22	1.04727e-15 0 -0.40622	
5.23	1.04727e-15 0 -0.40622	
5.24	1.04727e-15 0 -0.40622	
5.25	1.04727e-15 0 -0.40622	
5.26	1.04727e-15 0 -0.40622	
5.27	1.04727e-15 0 -0.40622	
5.28	1.05141e-15 0 -0.40622	
5.29	1.04727e-15 0 -0.40622	
5.3	1.04727e-15 0 -0.40622	
5.31	1.04727e-15 0 -0.40622	
5.32	1.04727e-15 0 -0.40622	
5.33	1.04727e-15 0 -0.40622	
5.34	1.04727e-15 0 -0.40622	
5.35	1.04727e-15 0 -0.40622	
5.36	1.04727e-15 0 -0.40622	
5.37	1.04727e-15 0 -0.40622	
5.38	1.05131e-15 0 -0.40622	
5.39	1.04727e-15 0 -0.40622	
5.4	1.05141e-15 0 -0.40622	
5.41	1.05141e-15 0 -0.40622	
5.42	1.04727e-15 0 -0.40622	
5.43	1.05141e-15 0 -0.40622	
5.44	1.04727e-15 0 -0.40622	
5.45	1.04738e-15 0 -0.40622	
5.46	1.04727e-15 0 -0.40622	
5.47	1.05141e-15 0 -0.40622	
5.48	1.05141e-15 0 -0.40622	
5.49	1.05141e-15 0 -0.40622	
5.5	1.04727e-15 0 -0.40622	
5.51	1.04727e-15 0 -0.40622	
5.52	1.04738e-15 0 -0.40622	
5.53	1.04727e-15 0 -0.40622	
5.54	1.04727e-15 0 -0.40622	
5.55	1.04701e-15 0 -0.40622	
5.56	1.05141e-15 0 -0.40622	
5.57	1.04727e-15 0 -0.40622	
5.58	1.05141e-15 0 -0.40622	
5.59	1.05141e-15 0 -0.40622	
5.6	1.04701e-15 0 -0.40622	
5.61	1.04727e-15 0 -0.40622	
5.62	1.04727e-15 0 -0.40622	
5.63	1.05141e-15 0 -0.40622	
5.64	1.04727e-15 0 -0.40622	
5.65	1.05141e-15 0 -0.40622	
5.66	1.05141e-15 0 -0.40622	
5.67	1.04727e-15 0 -0.40622	
5.68	1.04727e-15 0 -0.40622	
5.69	1.04727e-15 0 -0.40622	
5.7	1.04727e-15 0 -0.40622	
5.71	1.05141e-15 0 -0.40622	
5.72	1.04727e-15 0 -0.40622	
5.73	1.04727e-15 0 -0.40622	
5.74	1.05141e-15 0 -0.40622	
5.75	1.04738e-15 0 -0.40622	
5.76	1.04727e-15 0 -0.40622	
5.77	1.04727e-15 0 -0.40622	
5.78	1.04727e-15 0 -0.40622	
5.79	1.05141e-15 0 -0.40622	
5.8	1.05141e-15 0 -0.40622	
5.81	1.04727e-15 0 -0.40622	
5.82	1.04738e-15 0 -0.40622	
5.83	1.04738e-15 0 -0.40622	
5.84	1.04727e-15 0 -0.40622	
5.85	1.05141e-15 0 -0.40622	
5.86	1.04727e-15 0 -0.40622	
5.87	1.04738e-15 0 -0.40622	
5.88	1.04727e-15 0 -0.40622	
5.89	1.04727e-15 0 -0.40622	
5.9	1.04727e-15 0 -0.40622	
5.91	1.04727e-15 0 -0.40622	
5.92	1.04727e-15 0 -0.40622	
5.93	1.04701e-15 0 -0.40622	
5.94	1.04727e-15 0 -0.40622	
5.95	1.04727e-15 0 -0.40622	
5.96	1.04727e-15 0 -0.40622	
5.97	1.04727e-15 0 -0.40622	
5.98	1.04727e-15 0 -0.40622	
5.99	1.05141e-15 0 -0.40622	
6	1.04727e-15 0 -0.40622	
6.01	1.04738e-15 0 -0.40622	
6.02	1.05141e-15 0 -0.40622	
6.03	1.04712e-15 0 -0.40622	
6.04	1.04727e-15 0 -0.40622	
6.05	1.04727e-15 0 -0.40622	
6.06	1.04738e-15 0 -0.40622	
6.07	1.04727e-15 0 -0.40622	
6.08	1.04738e-15 0 -0.40622	
6.09	1.04727e-15 0 -0.40622	
6.1	1.05141e-15 0 -0.40622	
6.11	1.04727e-15 0 -0.40622	
6.12	1.04727e-15 0 -0.40622	
6.13	1.05141e-15 0 -0.40622	
6.14	1.05168e-15 0 -0.40622	
6.15	1.05141e-15 0 -0.40622	
6.16	1.05141e-15 0 -0.40622	
6.17	1.04727e-15 0 -0.40622	
6.18	1.05141e-15 0 -0.40622	
6.19	1.05131e-15 0 -0.40622	
6.2	1.04727e-15 0 -0.40622	
6.21	1.04727e-15 0 -0.40622	
6.22	1.04727e-15 0 -0.40622	
6.23	1.04727e-15 0 -0.40622	
6.24	1.04727e-15 0 -0.40622	
6.25	1.04727e-15 0 -0.40622	
6.26	1.04738e-15 0 -0.40622	
6.27	1.04727e-15 0 -0.40622	
6.28	1.05141e-15 0 -0.40622	
6.29	1.05141e-15 0 -0.40622	
6.3	1.04727e-15 0 -0.40622	
6.31	1.05141e-15 0 -0.40622	
6.32	1.04727e-15 0 -0.40622	
6.33	1.05141e-15 0 -0.40622	
6.34	1.04727e-15 0 -0.40622	
6.35	1.04738e-15 0 -0.40622	
6.36	1.04727e-15 0 -0.40622	
6.37	1.05168e-15 0 -0.40622	
6.38	1.04727e-15 0 -0.40622	
6.39	1.05141e-15 0 -0.40622	
6.4	1.04738e-15 0 -0.40622	
6.41	1.05141e-15 0 -0.40622	
6.42	1.04727e-15 0 -0.40622	
6.43	1.04738e-15 0 -0.40622	
6.44	1.04727e-15 0 -0.40622	
6.45	1.05141e-15 0 -0.40622	
6.46	1.04738e-15 0 -0.40622	
6.47	1.05141e-15 0 -0.40622	
6.48	1.04727e-15 0 -0.40622	
6.49	1.04738e-15 0 -0.40622	
6.5	1.05141e-15 0 -0.40622	
6.51	1.04727e-15 0 -0.40622	
6.52	1.05141e-15 0 -0.40622	
6.53	1.05141e-15 0 -0.40622	
6.54	1.04727e-15 0 -0.40622	
6.55	1.04727e-15 0 -0.40622	
6.56	1.05141e-15 0 -0.40622	
6.57	1.04727e-15 0 -0.40622	
6.58	1.04727e-15 0 -0.40622	
6.59	1.05141e-15 0 -0.40622	
6.6	1.04727e-15 0 -0.40622	
6.61	1.04738e-15 0 -0.40622	
6.62	1.04727e-15 0 -0.40622	
6.63	1.04727e-15 0 -0.40622	
6.64	1.04727e-15 0 -0.40622	
6.65	1.05141e-15 0 -0.40622	
6.66	1.05141e-15 0 -0.40622	
6.67	1.04727e-15 0 -0.40622	
6.68	1.05141e-15 0 -0.40622	
6.69	1.04727e-15 0 -0.40622	
6.7	1.04727e-15 0 -0.40622	
6.71	1.04727e-15 0 -0.40622	
6.72	1.04727e-15 0 -0.40622	
6.73	1.04727e-15 0 -0.40622	
6.74	1.04727e-15 0 -0.40622	
6.75	1.04727e-15 0 -0.40622	
6.76	1.04727e-15 0 -0.40622	
6.77	1.04727e-15 0 -0.40622	
6.78	1.04727e-15 0 -0.40622	
6.79	1.04727e-15 0 -0.40622	
6.8	1.04727e-15 0 -0.40622	
6.81	1.04727e-15 0 -0.40622	
6.82	1.04727e-15 0 -0.40622	
6.83	1.04727e-15 0 -0.40622	
6.84	1.04738e-15 0 -0.40622	
6.85	1.04727e-15 0 -0.40622	
6.86	1.04727e-15 0 -0.40622	
6.87	1.05141e-15 0 -0.40622	
6.88	1.04727e-15 0 -0.40622	
6.89	1.04727e-15 0 -0.40622	
6.9	1.05141e-15 0 -0.40622	
6.91	1.05115e-15 0 -0.40622	
6.92	1.04727e-15 0 -0.40622	
6.93	1.04701e-15 0 -0.40622	
6.94	1.04727e-15 0 -0.40622	
6.95	1.05141e-15 0 -0.40622	
6.96	1.05141e-15 0 -0.40622	
6.97	1.04727e-15 0 -0.40622	
6.98	1.04727e-15 0 -0.40622	
6.99	1.05141e-15 0 -0.40622	
7	1.04738e-15 0 -0.40622	
7.01	1.05141e-15 0 -0.40622	
7.02	1.04738e-15 0 -0.40622	
7.03	1.04727e-15 0 -0.40622	
7.04	1.05141e-15 0 -0.40622	
7.05	1.04727e-15 0 -0.40622	
7.06	1.04712e-15 0 -0.40622	
7.07	1.04727e-15 0 -0.40622	
7.08	1.04712e-15 0 -0.40622	
7.09	1.04727e-15 0 -0.40622	
7.1	1.05141e-15 0 -0.40622	
7.11	1.04727e-15 0 -0.40622	
7.12	1.04727e-15 0 -0.40622	
7.13	1.04727e-15 0 -0.40622	
7.14	1.05141e-15 0 -0.40622	
7.15	1.04727e-15 0 -0.40622	
7.16	1.04727e-15 0 -0.40622	
7.17	1.05141e-15 0 -0.40622	
7.18	1.04727e-15 0 -0.40622	
7.19	1.04712e-15 0 -0.40622	
7.2	1.04727e-15 0 -0.40622	
7.21	1.04727e-15 0 -0.40622	
7.22	1.05141e-15 0 -0.40622	
7.23	1.05141e-15 0 -0.40622	
7.24	1.05141e-15 0 -0.40622	
7.25	1.04727e-15 0 -0.40622	
7.26	1.04727e-15 0 -0.40622	
7.27	1.05141e-15 0 -0.40622	
7.28	1.04727e-15 0 -0.40622	
7.29	1.04727e-15 0 -0.40622	
7.3	1.04738e-15 0 -0.40622	
7.31	1.05141e-15 0 -0.40622	
7.32	1.05141e-15 0 -0.40622	
7.33	1.04727e-15 0 -0.40622	
7.34	1.04727e-15 0 -0.40622	
7.35	1.05141e-15 0 -0.40622	
7.36	1.04727e-15 0 -0.40622	
7.37	1.04727e-15 0 -0.40622	
7.38	1.04727e-15 0 -0.40622	
7.39	1.04727e-15 0 -0.40622	
7.4	1.05141e-15 0 -0.40622	
7.41	1.05152e-15 0 -0.40622	
7.42	1.05141e-15 0 -0.40622	
7.43	1.04727e-15 0 -0.40622	
7.44	1.04727e-15 0 -0.40622	
7.45	1.04727e-15 0 -0.40622	
7.46	1.04727e-15 0 -0.40622	
7.47	1.04727e-15 0 -0.40622	
7.48	1.04701e-15 0 -0.40622	
7.49	1.04727e-15 0 -0.40622	
7.5	1.04727e-15 0 -0.40622	
7.51	1.04727e-15 0 -0.40622	
7.52	1.05141e-15 0 -0.40622	
7.53	1.05141e-15 0 -0.40622	
7.54	1.04727e-15 0 -0.40622	
7.55	1.04727e-15 0 -0.40622	
7.56	1.04701e-15 0 -0.40622	
7.57	1.05141e-15 0 -0.40622	
7.58	1.04727e-15 0 -0.40622	
7.59	1.04727e-15 0 -0.40622	
7.6	1.04727e-15 0 -0.40622	
7.61	1.04727e-15 0 -0.40622	
7.62	1.04727e-15 0 -0.40622	
7.63	1.04727e-15 0 -0.40622	
7.64	1.04717e-15 0 -0.40622	
7.65	1.04707e-15 0 -0.40622	
7.66	1.05111e-15 0 -0.40622	
7.67	1.05101e-15 0 -0.40622	
7.68	1.05091e-15 0 -0.40622	
7.69	1.04717e-15 0 -0.40622	
7.7	1.04717e-15 0 -0.40622	
7.71	1.05121e-15 0 -0.40622	
7.72	1.04727e-15 0 -0.40622	
7.73	1.04717e-15 0 -0.40622	
7.74	1.05131e-15 0 -0.40622	
7.75	1.05121e-15 0 -0.40622	
7.76	1.05131e-15 0 -0.40622	
7.77	1.05121e-15 0 -0.40622	
7.78	1.05121e-15 0 -0.40622	
7.79	1.05121e-15 0 -0.40622	
7.8	1.05121e-15 0 -0.40622	
7.81	1.05121e-15 0 -0.40622	
7.82	1.05095e-15 0 -0.40622	
7.83	1.05111e-15 0 -0.40622	
7.84	1.04791e-15 0 -0.40622	
7.85	1.04817e-15 0 -0.40622	
7.86	1.0486e-15 0 -0.40622	
7.87	1.04897e-15 0 -0.40622	
7.88	1.04913e-15 0 -0.40622	
7.89	1.04913e-15 0 -0.40622	
7.9	1.04966e-15 0 -0.40622	
7.91	1.04977e-15 0 -0.40622	
7.92	1.05418e-15 0 -0.40622	
7.93	1.05004e-15 0 -0.40622	
7.94	1.04993e-15 0 -0.40622	
7.95	1.0502e-15 0 -0.40622	
7.96	1.05031e-15 0 -0.40622	
7.97	1.0502e-15 0 -0.40622	
7.98	1.0502e-15 0 -0.40622	
7.99	1.05047e-15 0 -0.40622	
8	1.05047e-15 0 -0.40622	
8.01	1.05031e-15 0 -0.40622	
8.02	1.05047e-15 0 -0.40622	
8.03	1.05047e-15 0 -0.40622	
8.04	1.05047e-15 0 -0.40622	
8.05	1.04644e-15 0 -0.40622	
8.06	1.05058e-15 0 -0.40622	
8.07	1.04644e-15 0 -0.40622	
8.08	1.04633e-15 0 -0.40622	
8.09	1.05047e-15 0 -0.40622	
8.1	1.05058e-15 0 -0.40622	
8.11	1.05058e-15 0 -0.40622	
8.12	1.05058e-15 0 -0.40622	
8.13	1.05058e-15 0 -0.40622	
8.14	1.05058e-15 0 -0.40622	
8.15	1.05047e-15 0 -0.40622	
8.16	1.05058e-15 0 -0.40622	
8.17	1.04644e-15 0 -0.40622	
8.18	1.05074e-15 0 -0.40622	
8.19	1.05085e-15 0 -0.40622	
8.2	1.05085e-15 0 -0.40622	
8.21	1.05085e-15 0 -0.40622	
8.22	1.05058e-15 0 -0.40622	
8.23	1.05085e-15 0 -0.40622	
8.24	1.05488e-15 0 -0.40622	
8.25	1.05058e-15 0 -0.40622	
8.26	1.05085e-15 0 -0.40622	
8.27	1.05047e-15 0 -0.40622	
8.28	1.05085e-15 0 -0.40622	
8.29	1.04633e-15 0 -0.40622	
8.3	1.05074e-15 0 -0.40622	
8.31	1.05058e-15 0 -0.40622	
8.32	1.05085e-15 0 -0.40622	
8.33	1.04671e-15 0 -0.40622	
8.34	1.05085e-15 0 -0.40622	
8.35	1.05112e-15 0 -0.40622	
8.36	1.05139e-15 0 -0.40622	
8.37	1.05183e-15 0 -0.40622	
8.38	1.05276e-15 0 -0.40622	
8.39	1.05358e-15 0 -0.40622	
8.4	1.05497e-15 0 -0.40622	
8.41	1.05553e-15 0 -0.40622	
8.42	1.05195e-15 0 -0.40622	
8.43	1.05682e-15 0 -0.40622	
8.44	1.05739e-15 0 -0.40622	
8.45	1.05796e-15 0 -0.40622	
8.46	1.05824e-15 0 -0.40622	
8.47	1.0587e-15 0 -0.40622	
8.48	1.06323e-15 0 -0.40622	
8.49	1.06312e-15 0 -0.40622	
8.5	1.06754e-15 0 -0.40622	
8.51	1.06783e-15 0 -0.40622	
8.52	1.06794e-15 0 -0.40622	
8.53	1.06823e-15 0 -0.40622	
8.54	1.0684e-15 0 -0.40622	
8.55	1.06823e-15 0 -0.40622	
8.56	1.0684e-15 0 -0.40622	
8.57	1.06869e-15 0 -0.40622	
8.58	1.06427e-15 0 -0.40622	
8.59	1.06881e-15 0 -0.40622	
8.6	1.06869e-15 0 -0.40622	
8.61	1.06881e-15 0 -0.40622	
8.62	1.06898e-15 0 -0.40622	
8.63	1.06869e-15 0 -0.40622	
8.64	1.06898e-15 0 -0.40622	
8.65	1.07311e-15 0 -0.40622	
8.66	1.06869e-15 0 -0.40622	
8.67	1.06898e-15 0 -0.40622	
8.68	1.07311e-15 0 -0.40622	
8.69	1.06898e-15 0 -0.40622	
8.7	1.06898e-15 0 -0.40622	
8.71	1.06898e-15 0 -0.40622	
8.72	1.0691e-15 0 -0.40622	
8.73	1.06898e-15 0 -0.40622	
8.74	1.06898e-15 0 -0.40622	
8.75	1.06898e-15 0 -0.40622	
8.76	1.07311e-15 0 -0.40622	
8.77	1.06898e-15 0 -0.40622	
8.78	1.06898e-15 0 -0.40622	
8.79	1.06898e-15 0 -0.40622	
8.8	1.06112e-15 0 -0.40622	
8.81	1.06112e-15 0 -0.40622	
8.82	1.06525e-15 0 -0.40622	
8.83	1.06083e-15 0 -0.40622	
8.84	1.06112e-15 0 -0.40622	
8.85	1.06496e-15 0 -0.40622	
8.86	1.06083e-15 0 -0.40622	
8.87	1.06112e-15 0 -0.40622	
8.88	1.06112e-15 0 -0.40622	
8.89	1.06083e-15 0 -0.40622	
8.9	1.06095e-15 0 -0.40622	
8.91	1.06112e-15 0 -0.40622	
8.92	1.06112e-15 0 -0.40622	
8.93	1.06112e-15 0 -0.40622	
8.94	1.06095e-15 0 -0.40622	
8.95	1.06095e-15 0 -0.40622	
8.96	1.06112e-15 0 -0.40622	
8.97	1.06525e-15 0 -0.40622	
8.98	1.06083e-15 0 -0.40622	
8.99	1.06112e-15 0 -0.40622	
9	1.06124e-15 0 -0.40622	
9.01	1.06124e-15 0 -0.40622	
9.02	1.06112e-15 0 -0.40622	
9.03	1.06095e-15 0 -0.40622	
9.04	1.06083e-15 0 -0.40622	
9.05	1.06095e-15 0 -0.40622	
9.06	1.06095e-15 0 -0.40622	
9.07	1.06083e-15 0 -0.40622	
9.08	1.06496e-15 0 -0.40622	
9.09	1.06525e-15 0 -0.40622	
9.1	1.06124e-15 0 -0.40622	
9.11	1.06095e-15 0 -0.40622	
9.12	1.06112e-15 0 -0.40622	
9.13	1.06112e-15 0 -0.40622	
9.14	1.06095e-15 0 -0.40622	
9.15	1.06095e-15 0 -0.40622	
9.16	1.06112e-15 0 -0.40622	
9.17	1.06095e-15 0 -0.40622	
9.18	1.06083e-15 0 -0.40622	
9.19	1.06112e-15 0 -0.40622	
9.2	1.06112e-15 0 -0.40622	
9.21	1.06072e-15 0 -0.40622	
9.22	1.06112e-15 0 -0.40622	
9.23	1.06112e-15 0 -0.40622	
9.24	1.06496e-15 0 -0.40622	
9.25	1.06083e-15 0 -0.40622	
9.26	1.06083e-15 0 -0.40622	
9.27	1.06083e-15 0 -0.40622	
9.28	1.06083e-15 0 -0.40622	
9.29	1.06083e-15 0 -0.40622	
9.3	1.06095e-15 0 -0.40622	
9.31	1.06066e-15 0 -0.40622	
9.32	1.06025e-15 0 -0.40622	
9.33	1.0595e-15 0 -0.40622	
9.34	1.0591e-15 0 -0.40622	
9.35	1.06249e-15 0 -0.40622	
9.36	1.05779e-15 0 -0.40622	
9.37	1.05694e-15 0 -0.40622	
9.38	1.05637e-15 0 -0.40622	
9.39	1.05581e-15 0 -0.40622	
9.4	1.05553e-15 0 -0.40622	
9.41	1.05497e-15 0 -0.40622	
9.42	1.05458e-15 0 -0.40622	
9.43	1.05844e-15 0 -0.40622	
9.44	1.05816e-15 0 -0.40622	
9.45	1.04961e-15 0 -0.40622	
9.46	1.04933e-15 0 -0.40622	
9.47	1.05347e-15 0 -0.40622	
9.48	1.04906e-15 0 -0.40622	
9.49	1.04878e-15 0 -0.40622	
9.5	1.05292e-15 0 -0.40622	
9.51	1.05292e-15 0 -0.40622	
9.52	1.05276e-15 0 -0.40622	
9.53	1.05695e-15 0 -0.40622	
9.54	1.04834e-15 0 -0.40622	
9.55	1.05226e-15 0 -0.40622	
9.56	1.05172e-15 0 -0.40622	
9.57	1.0509e-15 0 -0.40622	
9.58	1.04966e-15 0 -0.40622	
9.59	1.04807e-15 0 -0.40622	
9.6	1.05105e-15 0 -0.40622	
9.61	1.04141e-15 0 -0.40622	
9.62	1.04416e-15 0 -0.40622	
9.63	1.04289e-15 0 -0.40622	
9.64	1.04203e-15 0 -0.40622	
9.65	1.03649e-15 0 -0.40622	
9.66	1.03975e-15 0 -0.40622	
9.67	1.03452e-15 0 -0.40622	
9.68	1.03331e-15 0 -0.40622	
9.69	1.03589e-15 0 -0.40622	
9.7	1.03495e-15 0 -0.40622	
9.71	1.03401e-15 0 -0.40622	
9.72	1.03319e-15 0 -0.40622	
9.73	1.0325e-15 0 -0.40622	
9.74	1.03182e-15 0 -0.40622	
9.75	1.03146e-15 0 -0.40622	
9.76	1.03092e-15 0 -0.40622	
9.77	1.03047e-15 0 -0.40622	
9.78	1.03007e-15 0 -0.40622	
9.79	1.02526e-15 0 -0.40622	
9.8	1.02535e-15 0 -0.40622	
9.81	1.02919e-15 0 -0.40622	
9.82	1.02897e-15 0 -0.40622	
9.83	1.02862e-15 0 -0.40622	
9.84	1.02854e-15 0 -0.40622	
9.85	1.02447e-15 0 -0.40622	
9.86	1.02854e-15 0 -0.40622	
9.87	1.02841e-15 0 -0.40622	
9.88	1.02819e-15 0 -0.40622	
9.89	1.02819e-15 0 -0.40622	
9.9	1.02819e-15 0 -0.40622	
9.91	1.02819e-15 0 -0.40622	
9.92	1.02819e-15 0 -0.40622	
9.93	1.02797e-15 0 -0.40622	
9.94	1.02806e-15 0 -0.40622	
9.95	1.02797e-15 0 -0.40622	
9.96	1.02806e-15 0 -0.40622	
9.97	1.02797e-15 0 -0.40622	
9.98	1.02391e-15 0 -0.40622	
9.99	1.02806e-15 0 -0.40622	
10	1.02391e-15 0 -0.40622	
10.01	1.02806e-15 0 -0.40622	
10.02	1.03204e-15 0 -0.40622	
10.03	1.03204e-15 0 -0.40622	
10.04	1.02789e-15 0 -0.40622	
10.05	1.02767e-15 0 -0.40622	
10.06	1.02746e-15 0 -0.40622	
10.07	1.02296e-15 0 -0.40622	
10.08	1.02275e-15 0 -0.40622	
10.09	1.02657e-15 0 -0.40622	
10.1	1.02627e-15 0 -0.40622	
10.11	1.02169e-15 0 -0.40622	
10.12	1.02115e-15 0 -0.40622	
10.13	1.02498e-15 0 -0.40622	
10.14	1.02021e-15 0 -0.40622	
10.15	1.0198e-15 0 -0.40622	
10.16	1.02277e-15 0 -0.40622	
10.17	1.02653e-15 0 -0.40622	
10.18	1.02593e-15 0 -0.40622	
10.19	1.02119e-15 0 -0.40622	
10.2	1.02099e-15 0 -0.40622	
10.21	1.02053e-15 0 -0.40622	
10.22	1.02449e-15 0 -0.40622	
10.23	1.01995e-15 0 -0.40622	
10.24	1.01957e-15 0 -0.40622	
10.25	1.01938e-15 0 -0.40622	
10.26	1.02346e-15 0 -0.40622	
10.27	1.01919e-15 0 -0.40622	
10.28	1.02327e-15 0 -0.40622	
10.29	1.019e-15 0 -0.40622	
10.3	1.01477e-15 0 -0.40622	
10.31	1.01458e-15 0 -0.40622	
10.32	1.01439e-15 0 -0.40622	
10.33	1.02271e-15 0 -0.40622	
10.34	1.02271e-15 0 -0.40622	
10.35	1.02271e-15 0 -0.40622	
10.36	1.02263e-15 0 -0.40622	
10.37	1.01836e-15 0 -0.40622	
10.38	1.02263e-15 0 -0.40622	
10.39	1.02245e-15 0 -0.40622	
10.4	1.02245e-15 0 -0.40622	
10.41	1.01803e-15 0 -0.40622	
10.42	1.02259e-15 0 -0.40622	
10.43	1.01825e-15 0 -0.40622	
10.44	1.01818e-15 0 -0.40622	
10.45	1.01825e-15 0 -0.40622	
10.46	1.02241e-15 0 -0.40622	
10.47	1.01818e-15 0 -0.40622	
10.48	1.01825e-15 0 -0.40622	
10.49	1.02233e-15 0 -0.40622	
10.5	1.02233e-15 0 -0.40622	
10.51	1.02241e-15 0 -0.40622	
10.52	1.01825e-15 0 -0.40622	
10.53	1.02241e-15 0 -0.40622	
10.54	1.01844e-15 0 -0.40622	
10.55	1.01409e-15 0 -0.40622	
10.56	1.01818e-15 0 -0.40622	
10.57	1.01818e-15 0 -0.40622	
10.58	1.01836e-15 0 -0.40622	
10.59	1.01825e-15 0 -0.40622	
10.6	1.01818e-15 0 -0.40622	
10.61	1.01836e-15 0 -0.40622	
10.62	1.01825e-15 0 -0.40622	
10.63	1.01825e-15 0 -0.40622	
10.64	1.01836e-15 0 -0.40622	
10.65	1.01825e-15 0 -0.40622	
10.66	1.01836e-15 0 -0.40622	
10.67	1.01829e-15 0 -0.40622	
10.68	1.01836e-15 0 -0.40622	
10.69	1.02252e-15 0 -0.40622	
10.7	1.01836e-15 0 -0.40622	
10.71	1.02259e-15 0 -0.40622	
10.72	1.02278e-15 0 -0.40622	
10.73	1.02278e-15 0 -0.40622	
10.74	1.02278e-15 0 -0.40622	
10.75	1.02694e-15 0 -0.40622	
10.76	1.02712e-15 0 -0.40622	
10.77	1.03128e-15 0 -0.40622	
10.78	1.03146e-15 0 -0.40622	
10.79	1.0358e-15 0 -0.40622	
10.8	1.03618e-15 0 -0.40622	
10.81	1.03675e-15 0 -0.40622	
10.82	1.04148e-15 0 -0.40622	
10.83	1.04187e-15 0 -0.40622	
10.84	1.04265e-15 0 -0.40622	
10.85	1.04759e-15 0 -0.40622	
10.86	1.04397e-15 0 -0.40622	
10.87	1.0486e-15 0 -0.40622	
10.88	1.049e-15 0 -0.40622	
10.89	1.04982e-15 0 -0.40622	
10.9	1.05003e-15 0 -0.40622	
10.91	1.05045e-15 0 -0.40622	
10.92	1.0463e-15 0 -0.40622	
10.93	1.05086e-15 0 -0.40622	
10.94	1.05107e-15 0 -0.40622	
10.95	1.05128e-15 0 -0.40622	
10.96	1.05141e-15 0 -0.40622	
10.97	1.05149e-15 0 -0.40622	
10.98	1.05213e-15 0 -0.40622	
10.99	1.05277e-15 0 -0.40622	
11	1.05355e-15 0 -0.40622	
11.01	1.05856e-15 0 -0.40622	
11.02	1.05966e-15 0 -0.40622	
11.03	1.05628e-15 0 -0.40622	
11.04	1.05741e-15 0 -0.40622	
11.05	1.05878e-15 0 -0.40622	
11.06	1.06408e-15 0 -0.40622	
11.07	1.06136e-15 0 -0.40622	
11.08	1.06255e-15 0 -0.40622	
11.09	1.0639e-15 0 -0.40622	
11.1	1.06547e-15 0 -0.40622	
11.11	1.07075e-15 0 -0.40622	
11.12	1.06822e-15 0 -0.40622	
11.13	1.04467e-15 0 -0.40622	
11.14	1.04545e-15 0 -0.40622	
11.15	1.05079e-15 0 -0.40622	
11.16	1.04754e-15 0 -0.40622	
11.17	1.05247e-15 0 -0.40622	
11.18	1.04902e-15 0 -0.40622	
11.19	1.05407e-15 0 -0.40622	
11.2	1.0502e-15 0 -0.40622	
11.21	1.05074e-15 0 -0.40622	
11.22	1.05515e-15 0 -0.40622	
11.23	1.05155e-15 0 -0.40622	
11.24	1.05155e-15 0 -0.40622	
11.25	1.05183e-15 0 -0.40622	
11.26	1.0521e-15 0 -0.40622	
11.27	1.05237e-15 0 -0.40622	
11.28	1.05237e-15 0 -0.40622	
11.29	1.05678e-15 0 -0.40622	
11.3	1.05265e-15 0 -0.40622	
11.31	1.05706e-15 0 -0.40622	
11.32	1.05265e-15 0 -0.40622	
11.33	1.05292e-15 0 -0.40622	
11.34	1.05733e-15 0 -0.40622	
11.35	1.05722e-15 0 -0.40622	
11.36	1.05761e-15 0 -0.40622	
11.37	1.0575e-15 0 -0.40622	
11.38	1.05375e-15 0 -0.40622	
11.39	1.05375e-15 0 -0.40622	
11.4	1.05375e-15 0 -0.40622	
11.41	1.05402e-15 0 -0.40622	
11.42	1.05391e-15 0 -0.40622	
11.43	1.05391e-15 0 -0.40622	
11.44	1.05805e-15 0 -0.40622	
11.45	1.06208e-15 0 -0.40622	
11.46	1.06649e-15 0 -0.40622	
11.47	1.05419e-15 0 -0.40622	
11.48	1.0543e-15 0 -0.40622	
11.49	1.05833e-15 0 -0.40622	
11.5	1.05833e-15 0 -0.40622	
11.51	1.06235e-15 0 -0.40622	
11.52	1.06225e-15 0 -0.40622	
11.53	1.066e-15 0 -0.40622	
11.54	1.05822e-15 0 -0.40622	
11.55	1.05419e-15 0 -0.40622	
11.56	1.05811e-15 0 -0.40622	
11.57	1.05828e-15 0 -0.40622	
11.58	1.05801e-15 0 -0.40622	
11.59	1.06194e-15 0 -0.40622	
11.6	1.06184e-15 0 -0.40622	
11.61	1.06174e-15 0 -0.40622	
11.62	1.06699e-15 0 -0.40622	
11.63	1.06295e-15 0 -0.40622	
11.64	1.06268e-15 0 -0.40622	
11.65	1.06259e-15 0 -0.40622	
11.66	1.06822e-15 0 -0.40622	
11.67	1.06786e-15 0 -0.40622	
11.68	1.06901e-15 0 -0.40622	
11.69	1.07164e-15 0 -0.40622	
11.7	1.07493e-15 0 -0.40622	
11.71	1.0768e-15 0 -0.40622	
11.72	1.07763e-15 0 -0.40622	
11.73	1.07858e-15 0 -0.40622	
11.74	1.08037e-15 0 -0.40622	
11.75	1.08129e-15 0 -0.40622	
11.76	1.08198e-15 0 -0.40622	
11.77	1.08255e-15 0 -0.40622	
11.78	1.08312e-15 0 -0.40622	
11.79	1.08332e-15 0 -0.40622	
11.8	1.07949e-15 0 -0.40622	
11.81	1.08513e-15 0 -0.40622	
11.82	1.08122e-15 0 -0.40622	
11.83	1.08143e-15 0 -0.40622	
11.84	1.08304e-15 0 -0.40622	
11.85	1.07891e-15 0 -0.40622	
11.86	1.07632e-15 0 -0.40622	
11.87	1.07632e-15 0 -0.40622	
11.88	1.0738e-15 0 -0.40622	
11.89	1.0696e-15 0 -0.40622	
11.9	1.06142e-15 0 -0.40622	
11.91	1.06296e-15 0 -0.40622	
11.92	1.05883e-15 0 -0.40622	
11.93	1.05188e-15 0 -0.40622	
11.94	1.04782e-15 0 -0.40622	
11.95	1.04522e-15 0 -0.40622	
11.96	1.04108e-15 0 -0.40622	
11.97	1.03665e-15 0 -0.40622	
11.98	1.03694e-15 0 -0.40622	
11.99	1.03694e-15 0 -0.40622	
12	1.0328e-15 0 -0.40622	
12.01	1.0328e-15 0 -0.40622	
12.02	1.02866e-15 0 -0.40622	
12.03	1.02866e-15 0 -0.40622	
12.04	1.02866e-15 0 -0.40622	
12.05	1.02451e-15 0 -0.40622	
12.06	1.02488e-15 0 -0.40622	
12.07	1.02495e-15 0 -0.40622	
12.08	1.02917e-15 0 -0.40622	
12.09	1.0251e-15 0 -0.40622	
12.1	1.0251e-15 0 -0.40622	
12.11	1.02526e-15 0 -0.40622	
12.12	1.02505e-15 0 -0.40622	
12.13	1.02513e-15 0 -0.40622	
12.14	1.02551e-15 0 -0.40622	
12.15	1.0253e-15 0 -0.40622	
12.16	1.02548e-15 0 -0.40622	
12.17	1.02548e-15 0 -0.40622	
12.18	1.02527e-15 0 -0.40622	
12.19	1.02536e-15 0 -0.40622	
12.2	1.02536e-15 0 -0.40622	
12.21	1.02546e-15 0 -0.40622	
12.22	1.02649e-15 0 -0.40622	
12.23	1.02658e-15 0 -0.40622	
12.24	1.03214e-15 0 -0.40622	
12.25	1.03064e-15 0 -0.40622	
12.26	1.03197e-15 0 -0.40622	
12.27	1.03329e-15 0 -0.40622	
12.28	1.02885e-15 0 -0.40622	
12.29	1.03432e-15 0 -0.40622	
12.3	1.03564e-15 0 -0.40622	
12.31	1.03584e-15 0 -0.40622	
12.32	1.03263e-15 0 -0.40622	
12.33	1.03791e-15 0 -0.40622	
12.34	1.03923e-15 0 -0.40622	
12.35	1.03756e-15 0 -0.40622	
12.36	1.04418e-15 0 -0.40622	
12.37	1.044e-15 0 -0.40622	
12.38	1.05062e-15 0 -0.40622	
12.39	1.0545e-15 0 -0.40622	
12.4	1.05714e-15 0 -0.40622	
12.41	1.05942e-15 0 -0.40622	
12.42	1.06462e-15 0 -0.40622	
12.43	1.06989e-15 0 -0.40622	
12.44	1.07509e-15 0 -0.40622	
12.45	1.07631e-15 0 -0.40622	
12.46	1.08517e-15 0 -0.40622	
12.47	1.08895e-15 0 -0.40622	
12.48	1.09404e-15 0 -0.40622	
12.49	1.10317e-15 0 -0.40622	
12.5	1.11088e-15 0 -0.40622	
12.51	1.1167e-15 0 -0.40622	
12.52	1.12178e-15 0 -0.40622	
12.53	1.12628e-15 0 -0.40622	
12.54	1.13392e-15 0 -0.40622	
12.55	1.13712e-15 0 -0.40622	
12.56	1.14065e-15 0 -0.40622	
12.57	1.1455e-15 0 -0.40622	
12.58	1.14882e-15 0 -0.40622	
12.59	1.15339e-15 0 -0.40622	
12.6	1.16084e-15 0 -0.40622	
12.61	1.16399e-15 0 -0.40622	
12.62	1.17013e-15 0 -0.40622	
12.63	1.17198e-15 0 -0.40622	
12.64	1.17962e-15 0 -0.40622	
12.65	1.17862e-15 0 -0.40622	
12.66	1.18736e-15 0 -0.40622	
12.67	1.18513e-15 0 -0.40622	
12.68	1.18711e-15 0 -0.40622	
12.69	1.18943e-15 0 -0.40622	
12.7	1.19243e-15 0 -0.40622	
12.71	1.19441e-15 0 -0.40622	
12.72	1.19629e-15 0 -0.40622	
12.73	1.1999e-15 0 -0.40622	
12.74	1.2017e-15 0 -0.40622	
12.75	1.20227e-15 0 -0.40622	
12.76	1.20007e-15 0 -0.40622	
12.77	1.19954e-15 0 -0.40622	
12.78	1.2002e-15 0 -0.40622	
12.79	1.20477e-15 0 -0.40622	
12.8	1.20126e-15 0 -0.40622	
12.81	1.20451e-15 0 -0.40622	
12.82	1.20658e-15 0 -0.40622	
12.83	1.20684e-15 0 -0.40622	
12.84	1.21132e-15 0 -0.40622	
12.85	1.21732e-15 0 -0.40622	
12.86	1.2164e-15 0 -0.40622	
12.87	1.22213e-15 0 -0.40622	
12.88	1.22915e-15 0 -0.40622	
12.89	1.2359e-15 0 -0.40622	
12.9	1.24246e-15 0 -0.40622	
12.91	1.24919e-15 0 -0.40622	
12.92	1.2529e-15 0 -0.40622	
12.93	1.25923e-15 0 -0.40622	
12.94	1.26316e-15 0 -0.40622	
12.95	1.26987e-15 0 -0.40622	
12.96	1.27233e-15 0 -0.40622	
12.97	1.28268e-15 0 -0.40622	
12.98	1.28685e-15 0 -0.40622	
12.99	1.28812e-15 0 -0.40622	
13	1.29211e-15 0 -0.40622	
13.01	1.30006e-15 0 -0.40622	
13.02	1.30131e-15 0 -0.40622	
13.03	1.3059e-15 0 -0.40622	
13.04	1.30833e-15 0 -0.40622	
13.05	1.31115e-15 0 -0.40622	
13.06	1.31382e-15 0 -0.40622	
13.07	1.32072e-15 0 -0.40622	
13.08	1.32085e-15 0 -0.40622	
13.09	1.32873e-15 0 -0.40622	
13.1	1.33238e-15 0 -0.40622	
13.11	1.34026e-15 0 -0.40622	
13.12	1.33858e-15 0 -0.40622	
13.13	1.34748e-15 0 -0.40622	
13.14	1.3536e-15 0 -0.40622	
13.15	1.35971e-15 0 -0.40622	
13.16	1.36581e-15 0 -0.40622	
13.17	1.36792e-15 0 -0.40622	
13.18	1.37799e-15 0 -0.40622	
13.19	1.38157e-15 0 -0.40622	
13.2	1.38911e-15 0 -0.40622	
13.21	1.39686e-15 0 -0.40622	
13.22	1.40039e-15 0 -0.40622	
13.23	1.40415e-15 0 -0.40622	
13.24	1.40391e-15 0 -0.40622	
13.25	1.40782e-15 0 -0.40622	
13.26	1.41297e-15 0 -0.40622	
13.27	1.41515e-15 0 -0.40622	
13.28	1.41598e-15 0 -0.40622	
13.29	1.41585e-15 0 -0.40622	
13.3	1.4198e-15 0 -0.40622	
13.31	1.41901e-15 0 -0.40622	
13.32	1.42017e-15 0 -0.40622	
13.33	1.42253e-15 0 -0.40622	
13.34	1.42457e-15 0 -0.40622	
13.35	1.42676e-15 0 -0.40622	
13.36	1.4264e-15 0 -0.40622	
13.37	1.42587e-15 0 -0.40622	
13.38	1.42498e-15 0 -0.40622	
13.39	1.42778e-15 0 -0.40622	
13.4	1.42653e-15 0 -0.40622	
13.41	1.42421e-15 0 -0.40622	
13.42	1.42197e-15 0 -0.40622	
13.43	1.41902e-15 0 -0.40622	
13.44	1.4168e-15 0 -0.40622	
13.45	1.41141e-15 0 -0.40622	
13.46	1.40957e-15 0 -0.40622	
13.47	1.40541e-15 0 -0.40622	
13.48	1.40262e-15 0 -0.40622	
13.49	1.40346e-15 0 -0.40622	
13.5	1.40129e-15 0 -0.40622	
13.51	1.39949e-15 0 -0.40622	
13.52	1.39336e-15 0 -0.40622	
13.53	1.39229e-15 0 -0.40622	
13.54	1.38941e-15 0 -0.40622	
13.55	1.38643e-15 0 -0.40622	
13.56	1.38783e-15 0 -0.40622	
13.57	1.37773e-15 0 -0.40622	
13.58	3.35672 -10.3684 -22.7337	
13.59	2.69803 -8.33379 -18.7769	
13.6	2.17872 -6.72973 -15.505	
13.61	1.76542 -5.4531 -12.8023	
13.62	1.43196 -4.42309 -10.582	
13.63	1.15874 -3.57916 -8.76115	
13.64	0.940395 -2.90473 -7.26322	
13.65	0.763666 -2.35884 -6.03195	
13.66	0.618614 -1.9108 -5.02368	
13.67	0.507414 -1.56732 -4.18773	
13.68	0.411602 -1.27137 -3.50903	
13.69	0.336056 -1.03802 -2.94929	
13.7	0.273316 -0.844231 -2.49196	
13.71	0.222212 -0.686379 -2.11711	
13.72	0.181091 -0.55936 -1.80912	
13.73	0.147096 -0.454357 -1.55712	
13.74	0.119096 -0.36787 -1.35094	
13.75	0.09673 -0.298784 -1.18128	
13.76	0.0784059 -0.242183 -1.04221	
13.77	0.0635311 -0.196238 -0.928176	
13.78	0.0513516 -0.158617 -0.834764	
13.79	-0.94231 3.05349 11.1245	
13.8	-0.765236 2.47924 9.04529	
13.81	-0.613545 1.98685 7.35072	
13.82	-0.496311 1.60677 5.95374	
13.83	-0.401568 1.29969 4.80797	
13.84	-0.324625 1.05035 3.86893	
13.85	-0.264357 0.855239 3.09658	
13.86	-0.215621 0.697501 2.46359	
13.87	-0.176441 0.570748 1.9442	
13.88	-0.144542 0.467564 1.51856	
13.89	-0.117946 0.381498 1.17056	
13.9	-0.0966625 0.312662 0.88485	
13.91	-0.0789454 0.255338 0.65132	
13.92	-0.0648105 0.209632 0.459563	
13.93	-0.0528416 0.1709 0.303033	
13.94	-0.0432636 0.139922 0.174455	
13.95	-0.0355132 0.114862 0.0691214	
13.96	-0.0290796 0.0940529 -0.0170878	
13.97	-0.0237842 0.0769232 -0.0876429	
13.98	-0.0194797 0.0630015 -0.145491	
13.99	-0.0159711 0.0516554 -0.192902	
14	-0.013108 0.0423972 -0.231737	
14.01	-0.0106786 0.034535 -0.263428	
14.02	-0.00875228 0.028306 -0.289479	
14.03	-0.00710532 0.0229747 -0.310717	
14.04	-0.00578266 0.0186952 -0.328151	
14.05	-0.00467725 0.0151169 -0.342408	
14.06	-0.00380648 0.0123007 -0.354117	
14.07	-0.00307935 0.00994807 -0.363695	
14.08	-0.00249069 0.00804389 -0.371545	
14.09	-0.00200964 0.00648791 -0.377978	
14.1	-0.00162728 0.00525202 -0.383258	
14.11	-0.00131358 0.004238 -0.38758	
14.12	-0.00106287 0.00342807 -0.391128	
14.13	-0.000860686 0.00277515 -0.394034	
14.14	-0.000691397 0.00222817 -0.396412	
14.15	-0.000559975 0.00180409 -0.398365	
14.16	-0.000453605 0.00146096 -0.399967	
14.17	-0.000367669 0.00118384 -0.401279	
14.18	-0.000364839 0.00117448 -0.401277	
14.19	-0.000361412 0.00116314 -0.401274	
14.2	-0.000359022 0.00115523 -0.401271	
14.21	-0.000355546 0.00114373 -0.401267	
14.22	-0.000354318 0.00113967 -0.401266	
14.23	-0.000350512 0.00112707 -0.401263	
14.24	-0.0003492 0.00112273 -0.401262	
14.25	-0.000346876 0.00111505 -0.401261	
14.26	-0.000345639 0.00111096 -0.40126	
14.27	-0.000348241 0.00111957 -0.401263	
14.28	-0.000347272 0.00111637 -0.401263	
14.29	-0.000348574 0.00112068 -0.401265	
14.3	-0.000350462 0.00112693 -0.401267	
14.31	-0.000351283 0.00112965 -0.401268	
14.32	-0.000353668 0.00113754 -0.401271	
14.33	-0.000355995 0.00114525 -0.401275	
14.34	-0.000357617 0.00115062 -0.401277	
14.35	-0.000359032 0.00115531 -0.40128	
14.36	-0.000357429 0.00115001 -0.401279	
14.37	-0.000359467 0.00115676 -0.401282	
14.38	-0.000358893 0.00115486 -0.401282	
14.39	-0.00035978 0.0011578 -0.401284	
14.4	-0.000358817 0.00115462 -0.401284	
14.41	-0.000359446 0.00115671 -0.401286	
14.42	-0.000357357 0.0011498 -0.401284	
14.43	-0.000359318 0.00115629 -0.401287	
14.44	-0.000356721 0.00114771 -0.401287	
14.45	-0.000355274 0.00114293 -0.401287	
14.46	-0.00035519 0.00114267 -0.401289	
14.47	-0.000351779 0.0011314 -0.401289	
14.48	-0.00035088 0.00112843 -0.40129	
14.49	-0.000347818 0.00111831 -0.401288	
14.5	-0.000345746 0.00111147 -0.40129	
14.51	-0.00034135 0.00109693 -0.401287	
14.52	-0.000340395 0.00109378 -0.401288	
14.53	-0.000338778 0.00108844 -0.401288	
14.54	-0.000337005 0.00108258 -0.401287	
14.55	-0.000336774 0.00108182 -0.401288	
14.56	-0.000337122 0.00108297 -0.401288	
14.57	-0.000337581 0.00108449 -0.401289	
14.58	-0.000337062 0.00108277 -0.401288	
14.59	-0.000337405 0.00108391 -0.401289	
14.6	-0.000340342 0.00109362 -0.401291	
14.61	-0.000343482 0.00110401 -0.401293	
14.62	-0.000346417 0.00111372 -0.401295	
14.63	-0.000350146 0.00112604 -0.401297	
14.64	-0.000354582 0.00114072 -0.4013	
14.65	-0.000358234 0.00115279 -0.401302	
14.66	-0.000361792 0.00116455 -0.401304	
14.67	-0.000366798 0.00118111 -0.401307	
14.68	-0.000371001 0.00119501 -0.40131	
14.69	-0.000375377 0.00120949 -0.401314	
14.7	-0.000380873 0.00122766 -0.401317	
14.71	-0.000385023 0.00124139 -0.40132	
14.72	-0.000389819 0.00125725 -0.401323	
14.73	-0.00039262 0.00126652 -0.401326	
14.74	-0.000398766 0.00128685 -0.401331	
14.75	-0.000400815 0.00129363 -0.401334	
14.76	-0.000404888 0.00130711 -0.401337	
14.77	-0.000406921 0.00131383 -0.401339	
14.78	-0.000408786 0.00132 -0.40134	
14.79	-0.000412256 0.00133148 -0.401344	
14.8	-0.000412242 0.00133144 -0.401344	
14.81	-0.000412957 0.0013338 -0.401345	
14.82	-0.000412201 0.0013313 -0.401343	
14.83	-0.000413615 0.00133598 -0.401345	
14.84	-0.000412868 0.0013335 -0.401344	
14.85	-0.000414199 0.00133791 -0.401345	
14.86	-0.000416243 0.00134468 -0.401348	
14.87	-0.000416125 0.00134428 -0.401348	
14.88	-0.000416068 0.0013441 -0.401348	
14.89	-0.000418038 0.00135062 -0.401351	
14.9	-0.000420007 0.00135714 -0.401353	
14.91	-0.00041792 0.00135023 -0.401351	
14.92	-0.000419832 0.00135656 -0.401353	
14.93	-0.000417688 0.00134947 -0.401351	
14.94	-0.00041966 0.00135599 -0.401353	
14.95	-0.000419544 0.00135561 -0.401352	
14.96	-0.000419483 0.0013554 -0.401352	
14.97	-0.000417343 0.00134832 -0.40135	
14.98	-0.000416634 0.00134597 -0.401348	
14.99	-0.000417962 0.00135036 -0.40135	
15	-0.000417316 0.00134823 -0.401349	
15.01	-0.000416606 0.00134588 -0.401348	
15.02	-0.000415905 0.00134356 -0.401348	
15.03	-0.000415194 0.0013412 -0.401347	
15.04	-0.000414548 0.00133907 -0.401346	
15.05	-0.000413848 0.00133675 -0.401346	
15.06	-0.000413201 0.00133461 -0.401345	
15.07	-0.000410523 0.00132575 -0.401343	
15.08	-0.00040981 0.00132339 -0.401342	
15.09	-0.000408395 0.00131871 -0.40134	
15.1	-0.000407032 0.0013142 -0.401339	
15.11	-0.000405647 0.00130961 -0.401336	
15.12	-0.000404873 0.00130704 -0.401335	
15.13	-0.000406027 0.00131086 -0.401335	
15.14	-0.000405133 0.00130789 -0.401332	
15.15	-0.000404173 0.0013047 -0.401329	
15.16	-0.000403941 0.00130393 -0.401328	
15.17	-0.000403008 0.00130083 -0.401326	
15.18	-0.000402613 0.00129952 -0.401324	
15.19	-0.000404392 0.0013054 -0.401324	
15.2	-0.000404068 0.00130432 -0.401323	
15.21	-0.000403754 0.00130328 -0.401321	
15.22	-0.000405353 0.00130856 -0.401322	
15.23	-0.000404462 0.00130561 -0.401321	
15.24	-0.000406171 0.00131127 -0.401322	
15.25	-0.000405555 0.00130922 -0.40132	
15.26	-0.000405352 0.00130855 -0.40132	
15.27	-0.000406952 0.00131384 -0.401321	
15.28	-0.000408503 0.00131897 -0.401321	
15.29	-0.000407869 0.00131686 -0.401319	
15.3	-0.000406569 0.00131255 -0.401317	
15.31	-0.000405893 0.00131031 -0.401315	
15.32	-0.00040847 0.00131883 -0.401316	
15.33	-0.000407097 0.00131428 -0.401313	
15.34	-0.000408195 0.0013179 -0.401313	
15.35	-0.000406797 0.00131327 -0.40131	
15.36	-0.000405353 0.00130848 -0.401307	
15.37	-0.000407957 0.00131709 -0.401309	
15.38	-0.000406488 0.00131223 -0.401306	
15.39	-0.000406999 0.00131391 -0.401306	
15.4	-0.000405915 0.00131032 -0.401305	
15.41	-0.000407271 0.00131481 -0.401305	
15.42	-0.00040595 0.00131044 -0.401303	
15.43	-0.000405295 0.00130827 -0.401303	
15.44	-0.000406227 0.00131135 -0.401304	
15.45	-0.000407138 0.00131436 -0.401304	
15.46	-0.000406896 0.00131356 -0.401304	
15.47	-0.000405373 0.00130852 -0.401302	
15.48	-0.000405141 0.00130775 -0.401302	
15.49	-0.000406053 0.00131077 -0.401303	
15.5	-0.000407185 0.00131452 -0.401304	
15.51	-0.000406307 0.00131161 -0.401303	
15.52	-0.000405175 0.00130786 -0.401302	
15.53	-0.000405684 0.00130955 -0.401302	
15.54	-0.000404789 0.00130659 -0.401301	
15.55	-0.000405922 0.00131033 -0.401302	
15.56	-0.000405035 0.0013074 -0.401301	
15.57	-0.000406415 0.00131196 -0.401303	
15.58	-0.000404889 0.00130692 -0.401301	
15.59	-0.000404889 0.00130692 -0.401301	
15.6	-0.00040626 0.00131145 -0.401302	
15.61	-0.000405622 0.00130934 -0.401302	
15.62	-0.000405233 0.00130806 -0.401301	
15.63	-0.000406613 0.00131262 -0.401303	
15.64	-0.000408003 0.00131722 -0.401304	
15.65	-0.000406223 0.00131133 -0.401303	
15.66	-0.00040786 0.00131675 -0.401304	
15.67	-0.000408337 0.00131833 -0.401305	
15.68	-0.000410366 0.00132504 -0.401307	
15.69	-0.000410837 0.0013266 -0.401308	
15.7	-0.000411087 0.00132743 -0.401308	
15.71	-0.00041333 0.00133485 -0.401311	
15.72	-0.000413565 0.00133563 -0.401311	
15.73	-0.000413798 0.0013364 -0.401311	
15.74	-0.000414029 0.00133717 -0.401312	
15.75	-0.00041673 0.00134611 -0.401315	
15.76	-0.000417593 0.00134897 -0.401316	
15.77	-0.000418477 0.00135189 -0.401318	
15.78	-0.000421351 0.00136141 -0.401321	
15.79	-0.000420164 0.00135748 -0.401321	
15.8	-0.000421165 0.00136081 -0.401323	
15.81	-0.000422126 0.00136399 -0.401326	
15.82	-0.000422865 0.00136645 -0.401328	
15.83	-0.000421903 0.00136327 -0.401329	
15.84	-0.000424595 0.00137219 -0.401334	
15.85	-0.000427728 0.00138258 -0.40134	
15.86	-0.000426305 0.00137788 -0.401341	
15.87	-0.000427041 0.00138033 -0.401344	
15.88	-0.00042794 0.00138333 -0.40135	
15.89	-0.000428667 0.00138575 -0.401354	
15.9	-0.000427341 0.00138139 -0.401357	
15.91	-0.000429874 0.00138979 -0.401363	
15.92	-0.000430431 0.00139166 -0.401369	
15.93	-0.000430849 0.00139307 -0.401373	
15.94	-0.00042934 0.0013881 -0.401378	
15.95	-0.00043174 0.00139607 -0.401386	
15.96	-0.000430031 0.00139045 -0.40139	
15.97	-0.000430357 0.00139157 -0.401399	
15.98	-0.000430506 0.0013921 -0.401405	
15.99	-0.000430645 0.00139261 -0.401414	
16	-0.000430732 0.00139292 -0.401419	
16.01	-0.000430748 0.00139301 -0.401425	
16.02	-0.000430737 0.001393 -0.401431	
16.03	-0.0004307 0.00139291 -0.401437	
16.04	-0.000430634 0.00139272 -0.401442	
16.05	-0.000430568 0.00139253 -0.401446	
16.06	-0.000430486 0.00139228 -0.40145	
16.07	-0.000430389 0.00139198 -0.401455	
16.08	-0.000430237 0.00139151 -0.40146	
16.09	-0.000430105 0.00139109 -0.401464	
16.1	-0.000429905 0.00139047 -0.401471	
16.11	-0.000427714 0.00138324 -0.401473	
16.12	-0.000429555 0.00138936 -0.401481	
16.13	-0.000429425 0.00138896 -0.401485	
16.14	-0.000429202 0.00138825 -0.401492	
16.15	-0.000429128 0.00138803 -0.401495	
16.16	-0.000428838 0.00138711 -0.401501	
16.17	-0.000430697 0.00139328 -0.401508	
16.18	-0.000430526 0.00139275 -0.401513	
16.19	-0.000428386 0.00138569 -0.401516	
16.2	-0.000428144 0.00138492 -0.401521	
16.21	-0.000430034 0.0013912 -0.401527	
16.22	-0.000427816 0.00138388 -0.40153	
16.23	-0.000427612 0.00138324 -0.401535	
16.24	-0.000429484 0.00138946 -0.401542	
16.25	-0.000429329 0.00138898 -0.401547	
16.26	-0.000427968 0.00138449 -0.40155	
16.27	-0.000427919 0.00138435 -0.401553	
16.28	-0.00042787 0.00138421 -0.401557	
16.29	-0.000427885 0.00138428 -0.401561	
16.3	-0.000428016 0.00138473 -0.401565	
16.31	-0.000428262 0.00138555 -0.401565	
16.32	-0.000426529 0.00137981 -0.401563	
16.33	-0.000428724 0.00138708 -0.401567	
16.34	-0.000429236 0.00138876 -0.401565	
16.35	-0.000429598 0.00138994 -0.401562	
16.36	-0.000429209 0.00138865 -0.40156	
16.37	-0.000429457 0.00138946 -0.401559	
16.38	-0.000429781 0.00139051 -0.401555	
16.39	-0.00043009 0.00139151 -0.401552	
16.4	-0.000430308 0.00139222 -0.401549	
16.41	-0.000430519 0.0013929 -0.401547	
16.42	-0.000430659 0.00139335 -0.401544	
16.43	-0.000430855 0.00139398 -0.401541	
16.44	-0.00043098 0.00139438 -0.401538	
16.45	-0.000431099 0.00139476 -0.401535	
16.46	-0.000431219 0.00139515 -0.401534	
16.47	-0.000431274 0.00139532 -0.401533	
16.48	-0.000433412 0.00140239 -0.401534	
16.49	-0.000433412 0.00140239 -0.401535	
16.5	-0.000432882 0.00140063 -0.401533	
16.51	-0.000430957 0.00139425 -0.401528	
16.52	-0.000430957 0.00139425 -0.401529	
16.53	-0.000431109 0.00139474 -0.401526	
16.54	-0.000431152 0.00139487 -0.401525	
16.55	-0.000431193 0.001395 -0.401523	
16.56	-0.000433255 0.00140182 -0.401525	
16.57	-0.000431367 0.00139556 -0.401519	
16.58	-0.000431401 0.00139566 -0.401518	
16.59	-0.000431433 0.00139576 -0.401517	
16.6	-0.000431464 0.00139586 -0.401516	
16.61	-0.000431553 0.00139614 -0.401514	
16.62	-0.000433628 0.001403 -0.401514	
16.63	-0.000431605 0.0013963 -0.401512	
16.64	-0.000432274 0.00139852 -0.401512	
16.65	-0.000434379 0.00140547 -0.401513	
16.66	-0.000432317 0.00139865 -0.40151	
16.67	-0.000434418 0.00140559 -0.401511	
16.68	-0.000432998 0.00140089 -0.40151	
16.69	-0.000433072 0.00140113 -0.401509	
16.7	-0.000435061 0.00140771 -0.401509	
16.71	-0.000433049 0.00140104 -0.401506	
16.72	-0.000435145 0.00140797 -0.401506	
16.73	-0.000433131 0.00140129 -0.401502	
16.74	-0.000433076 0.0014011 -0.401501	
16.75	-0.000433075 0.0014011 -0.4015	
16.76	-0.000435146 0.00140794 -0.401501	
16.77	-0.000435131 0.00140788 -0.401499	
16.78	-0.000435121 0.00140784 -0.401498	
16.79	-0.000433073 0.00140106 -0.401494	
16.8	-0.000433058 0.00140101 -0.401494	
16.81	-0.000435064 0.00140765 -0.401496	
16.82	-0.000435046 0.00140758 -0.401495	
16.83	-0.000435046 0.00140759 -0.401496	
16.84	-0.000435004 0.00140744 -0.401494	
16.85	-0.000432958 0.00140066 -0.401492	
16.86	-0.000432933 0.00140058 -0.40149	
16.87	-0.00043501 0.00140745 -0.401494	
16.88	-0.000434954 0.00140725 -0.401491	
16.89	-0.000432848 0.00140028 -0.401488	
16.9	-0.000432922 0.00140051 -0.401486	
16.91	-0.000432834 0.00140022 -0.401484	
16.92	-0.000434822 0.00140679 -0.401485	
16.93	-0.000434785 0.00140666 -0.401484	
16.94	-0.000434837 0.00140683 -0.401484	
16.95	-0.000432682 0.00139968 -0.401479	
16.96	-0.000432734 0.00139985 -0.401478	
16.97	-0.000432734 0.00139985 -0.401478	
16.98	-0.000432734 0.00139986 -0.401479	
16.99	-0.000434714 0.0014064 -0.401479	
17	-0.000432699 0.00139972 -0.401476	
17.01	-0.000432647 0.00139955 -0.401476	
17.02	-0.000432653 0.00139956 -0.401474	
17.03	-0.000434675 0.00140626 -0.401476	
17.04	-0.000432653 0.00139956 -0.401474	
17.05	-0.000434628 0.00140609 -0.401475	
17.06	-0.000433983 0.00140396 -0.401474	
17.07	-0.000431911 0.00139709 -0.401471	
17.08	-0.000433983 0.00140396 -0.401475	
17.09	-0.000435956 0.00141048 -0.401476	
17.1	-0.00043665 0.00141279 -0.401478	
17.11	-0.000436601 0.00141262 -0.401477	
17.12	-0.000438622 0.00141931 -0.40148	
17.13	-0.000438622 0.00141932 -0.40148	
17.14	-0.000438674 0.00141949 -0.40148	
17.15	-0.000440694 0.00142618 -0.401483	
17.16	-0.000440694 0.00142618 -0.401483	
17.17	-0.000438623 0.00141931 -0.40148	
17.18	-0.000441287 0.00142813 -0.401483	
17.19	-0.000441338 0.00142831 -0.401484	
17.2	-0.000441287 0.00142813 -0.401483	
17.21	-0.000443949 0.00143694 -0.401486	
17.22	-0.00044188 0.0014301 -0.401484	
17.23	-0.000442574 0.00143239 -0.401484	
17.24	-0.000444592 0.00143907 -0.401487	
17.25	-0.000444592 0.00143907 -0.401487	
17.26	-0.000445236 0.0014412 -0.401487	
17.27	-0.000445339 0.00144155 -0.401489	
17.28	-0.000445287 0.00144137 -0.401487	
17.29	-0.000445287 0.00144137 -0.401487	
17.3	-0.000443861 0.00143665 -0.401486	
17.31	-0.000443912 0.00143682 -0.401486	
17.32	-0.000443912 0.00143682 -0.401486	
17.33	-0.000446573 0.00144563 -0.401489	
17.34	-0.000444555 0.00143895 -0.401486	
17.35	-0.000446573 0.00144563 -0.401489	
17.36	-0.000444555 0.00143895 -0.401486	
17.37	-0.000446624 0.0014458 -0.401488	
17.38	-0.000446573 0.00144563 -0.401489	
17.39	-0.000446573 0.00144563 -0.401489	
17.4	-0.000447216 0.00144775 -0.401489	
17.41	-0.000445198 0.00144108 -0.401487	
17.42	-0.000447216 0.00144775 -0.401489	
17.43	-0.000445198 0.00144108 -0.401487	
17.44	-0.000445198 0.00144108 -0.401487	
17.45	-0.000445198 0.00144108 -0.401487	
17.46	-0.000447267 0.00144792 -0.401489	
17.47	-0.000445198 0.00144108 -0.401487	
17.48	-0.000443179 0.00143439 -0.401484	
17.49	-0.000445198 0.00144107 -0.401487	
17.5	-0.000445198 0.00144107 -0.401487	
17.51	-0.000445198 0.00144107 -0.401487	
17.52	-0.000445198 0.00144107 -0.401487	
17.53	-0.000447215 0.00144775 -0.401489	
17.54	-0.000445841 0.0014432 -0.401487	
17.55	-0.000445841 0.0014432 -0.401487	
17.56	-0.000446484 0.00144533 -0.401488	
17.57	-0.000447124 0.00144744 -0.401487	
17.58	-0.000447769 0.00144958 -0.401489	
17.59	-0.000450428 0.00145838 -0.401492	
17.6	-0.000448412 0.00145171 -0.40149	
17.61	-0.000449697 0.00145596 -0.401492	
17.62	-0.000449749 0.00145613 -0.401491	
17.63	-0.00045034 0.00145809 -0.401492	
17.64	-0.000450982 0.00146022 -0.401493	
17.65	-0.000451034 0.00146039 -0.401493	
17.66	-0.000451624 0.00146234 -0.401494	
17.67	-0.000451624 0.00146234 -0.401494	
17.68	-0.000452264 0.00146445 -0.401493	
17.69	-0.000452267 0.00146447 -0.401495	
17.7	-0.000452267 0.00146447 -0.401495	
17.71	-0.000452264 0.00146445 -0.401493	
17.72	-0.000450894 0.00145993 -0.401493	
17.73	-0.00045296 0.00146676 -0.401495	
17.74	-0.000452909 0.0014666 -0.401496	
17.75	-0.000450891 0.00145991 -0.401492	
17.76	-0.000452906 0.00146658 -0.401494	
17.77	-0.000452906 0.00146658 -0.401494	
17.78	-0.00045084 0.00145974 -0.401492	
17.79	-0.000450891 0.00145991 -0.401492	
17.8	-0.000450891 0.00145991 -0.401492	
17.81	-0.000453548 0.0014687 -0.401495	
17.82	-0.000453548 0.0014687 -0.401495	
17.83	-0.000455506 0.00147517 -0.401495	
17.84	-0.000455562 0.00147537 -0.401497	
17.85	-0.000455506 0.00147517 -0.401495	
17.86	-0.000455506 0.00147517 -0.401495	
17.87	-0.000457519 0.00148184 -0.401498	
17.88	-0.000457402 0.00148143 -0.401494	
17.89	-0.000457461 0.00148164 -0.401496	
17.9	-0.000457352 0.00148127 -0.401495	
17.91	-0.000457402 0.00148143 -0.401494	
17.92	-0.000457402 0.00148143 -0.401494	
17.93	-0.000457341 0.00148122 -0.401493	
17.94	-0.000457402 0.00148143 -0.401494	
17.95	-0.000457352 0.00148127 -0.401495	
17.96	-0.000459414 0.00148809 -0.401497	
17.97	-0.000459353 0.00148788 -0.401495	
17.98	-0.000459414 0.00148809 -0.401497	
17.99	-0.000459353 0.00148788 -0.401495	
18	-0.000459994 0.00149 -0.401496	
18.01	-0.000462116 0.00149703 -0.401499	
18.02	-0.000460635 0.00149212 -0.401497	
18.03	-0.000460522 0.00149175 -0.401495	
18.04	-0.000462645 0.00149878 -0.401499	
18.05	-0.000462583 0.00149856 -0.401497	
18.06	-0.000462645 0.00149878 -0.401499	
18.07	-0.000462645 0.00149878 -0.401499	
18.08	-0.000463286 0.0015009 -0.4015	
18.09	-0.000463286 0.0015009 -0.4015	
18.1	-0.000463286 0.0015009 -0.4015	
18.11	-0.000465232 0.00150733 -0.4015	
18.12	-0.000465232 0.00150733 -0.4015	
18.13	-0.000465232 0.00150733 -0.4015	
18.14	-0.000465232 0.00150733 -0.4015	
18.15	-0.000467241 0.00151398 -0.401503	
18.16	-0.000467304 0.0015142 -0.401504	
18.17	-0.000467304 0.0015142 -0.401504	
18.18	-0.000467304 0.0015142 -0.401504	
18.19	-0.000467241 0.00151398 -0.401503	
18.2	-0.000469311 0.00152084 -0.401506	
18.21	-0.000467241 0.00151398 -0.401503	
18.22	-0.000467241 0.00151398 -0.401503	
18.23	-0.000469249 0.00152063 -0.401505	
18.24	-0.000469184 0.0015204 -0.401503	
18.25	-0.000469249 0.00152063 -0.401505	
18.26	-0.000469249 0.00152063 -0.401505	
18.27	-0.000469249 0.00152063 -0.401505	
18.28	-0.000469249 0.00152063 -0.401505	
18.29	-0.000471255 0.00152727 -0.401507	
18.3	-0.000471255 0.00152727 -0.401507	
18.31	-0.000471255 0.00152727 -0.401507	
18.32	-0.000471255 0.00152727 -0.401507	
18.33	-0.000471191 0.00152705 -0.401506	
18.34	-0.000471255 0.00152727 -0.401507	
18.35	-0.000471191 0.00152705 -0.401506	
18.36	-0.000471191 0.00152705 -0.401506	
18.37	-0.000471255 0.00152727 -0.401507	
18.38	-0.000471191 0.00152705 -0.401506	
18.39	-0.000473311 0.00153407 -0.401509	
18.4	-0.000471305 0.00152743 -0.401507	
18.41	-0.000473197 0.00153368 -0.401508	
18.42	-0.000473311 0.00153407 -0.401509	
18.43	-0.000473246 0.00153385 -0.401508	
18.44	-0.000473246 0.00153385 -0.401508	
18.45	-0.00047124 0.00152721 -0.401505	
18.46	-0.000473836 0.0015358 -0.401509	
18.47	-0.000473836 0.0015358 -0.401509	
18.48	-0.000473885 0.00153596 -0.401508	
18.49	-0.000473836 0.0015358 -0.401509	
18.5	-0.000473836 0.0015358 -0.401509	
18.51	-0.000473885 0.00153596 -0.401508	
18.52	-0.00047395 0.00153618 -0.40151	
18.53	-0.000473836 0.0015358 -0.401509	
18.54	-0.000473885 0.00153596 -0.401508	
18.55	-0.000473885 0.00153596 -0.401508	
18.56	-0.000473885 0.00153596 -0.401508	
18.57	-0.00047395 0.00153618 -0.40151	
18.58	-0.000473885 0.00153596 -0.401508	
18.59	-0.00047589 0.0015426 -0.401511	
18.6	-0.000473836 0.0015358 -0.401509	
18.61	-0.000474524 0.00153808 -0.401509	
18.62	-0.000476528 0.00154471 -0.401512	
18.63	-0.000476528 0.00154471 -0.401512	
18.64	-0.000476528 0.00154471 -0.401512	
18.65	-0.000476528 0.00154471 -0.401512	
18.66	-0.000478531 0.00155134 -0.401514	
18.67	-0.000478531 0.00155134 -0.401514	
18.68	-0.000478531 0.00155134 -0.401514	
18.69	-0.000478482 0.00155118 -0.401514	
18.7	-0.000478482 0.00155118 -0.401514	
18.71	-0.000480534 0.00155797 -0.401516	
18.72	-0.000481172 0.00156008 -0.401517	
18.73	-0.000481172 0.00156008 -0.401517	
18.74	-0.000481123 0.00155992 -0.401518	
18.75	-0.00048181 0.00156219 -0.401518	
18.76	-0.00048181 0.00156219 -0.401518	
18.77	-0.000483811 0.00156882 -0.401521	
18.78	-0.000482447 0.0015643 -0.401519	
18.79	-0.000482331 0.00156391 -0.401518	
18.8	-0.000484381 0.0015707 -0.40152	
18.81	-0.000484381 0.0015707 -0.40152	
18.82	-0.000484381 0.0015707 -0.40152	
18.83	-0.000484381 0.0015707 -0.40152	
18.84	-0.000484448 0.00157093 -0.401521	
18.85	-0.000484448 0.00157093 -0.401521	
18.86	-0.000484448 0.00157093 -0.401521	
18.87	-0.000485085 0.00157303 -0.401522	
18.88	-0.000485018 0.00157281 -0.401521	
18.89	-0.000485085 0.00157303 -0.401522	
18.9	-0.000485673 0.00157498 -0.401523	
18.91	-0.000485722 0.00157514 -0.401523	
18.92	-0.000485722 0.00157514 -0.401523	
18.93	-0.000485722 0.00157514 -0.401523	
18.94	-0.000485606 0.00157475 -0.401521	
18.95	-0.000485656 0.00157492 -0.401521	
18.96	-0.000487722 0.00158176 -0.401525	
18.97	-0.000485656 0.00157492 -0.401521	
18.98	-0.000486293 0.00157702 -0.401522	
18.99	-0.000486293 0.00157702 -0.401522	
19	-0.000486293 0.00157702 -0.401522	
19.01	-0.000486996 0.00157936 -0.401524	
19.02	-0.000488928 0.00158575 -0.401526	
19.03	-0.000488928 0.00158575 -0.401526	
19.04	-0.00048693 0.00157913 -0.401523	
19.05	-0.00048693 0.00157913 -0.401523	
19.06	-0.00048693 0.00157913 -0.401523	
19.07	-0.00048693 0.00157913 -0.401523	
19.08	-0.000489565 0.00158786 -0.401526	
19.09	-0.000490201 0.00158996 -0.401527	
19.1	-0.000490201 0.00158996 -0.401527	
19.11	-0.000490201 0.00158996 -0.401527	
19.12	-0.000490133 0.00158973 -0.401526	
19.13	-0.000490201 0.00158996 -0.401527	
19.14	-0.000490838 0.00159207 -0.401528	
19.15	-0.000490838 0.00159207 -0.401528	
19.16	-0.000491405 0.00159394 -0.401527	
19.17	-0.00049347 0.00160078 -0.401531	
19.18	-0.00049347 0.00160078 -0.401531	
19.19	-0.00049347 0.00160078 -0.401531	
19.2	-0.000493402 0.00160055 -0.40153	
19.21	-0.000494038 0.00160266 -0.401531	
19.22	-0.000494742 0.001605 -0.401533	
19.23	-0.000495309 0.00160687 -0.401532	
19.24	-0.000495378 0.0016071 -0.401534	
19.25	-0.000495945 0.00160897 -0.401533	
19.26	-0.000496531 0.00161091 -0.401534	
19.27	-0.000497215 0.00161318 -0.401535	
19.28	-0.00049778 0.00161504 -0.401534	
19.29	-0.000498486 0.00161738 -0.401536	
19.3	-0.000499121 0.00161948 -0.401537	
19.31	-0.00050032 0.00162344 -0.401537	
19.32	0.116045 0.14728 0.0258202	
19.33	0.131852 0.505124 1.15186	
19.34	0.155564 0.730303 1.8574	
19.35	0.162467 0.927464 2.46113	
19.36	0.154633 1.18126 3.27801	
19.37	0.128152 1.26033 3.52585	
19.38	0.0972009 1.43105 4.08712	
19.39	0.0602383 1.5719 4.53543	
19.4	0.0102456 1.77393 5.19682	
19.41	-0.0351401 2.1234 6.36467	
19.42	-0.059005 2.2125 6.6448	
19.43	-0.0923635 2.47766 7.51018	
19.44	-0.108413 2.69021 8.1995	
19.45	-0.139039 2.93846 9.04486	
19.46	-0.147095 3.06017 9.42322	
19.47	-0.156778 3.35286 10.3824	
19.48	-0.163601 3.63863 11.3212	
19.49	-0.165277 3.8743 12.149	
19.5	-0.16254 3.96588 12.4413	
19.51	-0.163754 4.31187 13.6244	
19.52	-0.173693 4.65617 14.7188	
19.53	-0.18075 5.01251 16.0327	
19.54	-0.183248 5.05597 16.0552	
19.55	-0.227598 5.54015 17.8759	
19.56	-0.23994 5.61267 18.0888	
19.57	-0.256698 5.82573 18.8453	
19.58	-0.276952 6.18357 20.0807	
19.59	-0.292776 6.36689 20.6974	
19.6	-0.302663 6.54484 21.2272	
19.61	-0.300239 6.72256 21.8692	
19.62	-0.301392 6.72134 21.5898	
19.63	-0.319448 7.05696 22.6661	
19.64	-0.322998 7.16664 22.9018	
19.65	-0.328477 7.1923 22.9016	
19.66	-0.3099 7.14022 22.7522	
19.67	-0.302243 7.13473 22.6632	
19.68	-0.299805 7.20003 22.8357	
19.69	-0.295858 7.22067 22.9584	
19.7	-0.287677 7.07483 22.472	
19.71	-0.293991 7.15471 22.7333	
19.72	-0.295101 7.34858 23.4994	
19.73	-0.298978 7.36299 23.5169	
19.74	-0.295703 7.39641 23.6877	
19.75	-0.316209 7.56212 24.2437	
19.76	-0.32946 7.74659 24.9114	
19.77	-0.343236 7.85738 25.2955	
19.78	-1.95722 7.83091 25.7008	
19.79	-2.47723 7.5384 24.7139	
19.8	-2.64174 7.64972 25.2649	
19.81	-2.22542 7.8923 25.9864	
19.82	-1.84315 6.62111 21.1525	
19.83	-1.52143 5.51416 17.2164	
19.84	-1.16814 5.05753 15.4699	
19.85	-0.920414 6.04371 18.5676	
19.86	-0.748097 5.42337 16.2987	
19.87	-0.619909 4.50761 13.2504	
19.88	-0.512032 3.73121 10.7637	
19.89	-0.423556 3.09424 8.72717	
19.9	-0.348477 2.54864 7.06846	
19.91	-0.287273 2.10442 5.70872	
19.92	-0.235955 1.72973 4.59933	
19.93	-0.194363 1.42684 3.68911	
19.94	-0.237836 1.98753 5.62558	
19.95	-0.31073 2.77382 8.28024	
19.96	-0.411501 3.52717 10.9699	
19.97	-2.35023 3.71196 12.0993	
19.98	-3.33884 3.85794 12.9254	
19.99	-3.62749 4.60789 15.7439	
20	-2.79793 5.48883 18.7445	
20.01	-1.84822 6.28501 21.4728	
20.02	-1.0087 6.96586 23.8214	
20.03	-0.343858 7.71042 26.6582	
20.04	0.0461543 8.20874 28.4702	
20.05	0.340395 8.91613 30.9986	
20.06	0.512817 9.52398 33.3507	
20.07	0.615139 9.94265 34.945	
20.08	0.458905 8.42987 28.444	
20.09	0.344927 7.10155 23.1515	
20.1	0.261184 5.95119 18.8361	
20.11	0.198287 4.97321 15.3159	
20.12	0.152009 4.13818 12.4433	
20.13	0.117257 3.43496 10.0998	
20.14	0.0903543 2.84913 8.18412	
20.15	0.0716618 2.34806 6.623	
20.16	0.0556903 1.94184 5.34274	
20.17	0.0439553 1.60072 4.29767	
20.18	0.0352978 1.31537 3.44424	
20.19	0.0280404 1.08271 2.74483	
20.2	0.0228106 0.887704 2.1739	
20.21	0.0183422 0.729204 1.70595	
20.22	0.0146606 0.599428 1.32239	
20.23	0.0119127 0.491557 1.00917	
20.24	1.40067 -9.82889 -24.386	
20.25	1.13115 -7.93576 -20.1012	
20.26	0.915256 -6.41988 -16.5738	
20.27	0.740709 -5.19454 -13.6768	
20.28	0.602373 -4.22391 -11.2889	
20.29	0.545301 -5.03816 -13.3102	
20.3	0.500737 -4.50689 -12.0304	
20.31	0.517261 -4.50174 -12.1095	
20.32	0.563736 -4.77529 -12.8197	
20.33	0.588874 -4.92835 -13.2708	
20.34	0.596859 -4.96421 -13.3436	
20.35	0.603609 -5.00248 -13.4762	
20.36	0.626023 -5.17772 -13.9434	
20.37	0.653183 -5.39384 -14.4412	
20.38	0.663606 -5.47494 -14.6498	
20.39	0.692344 -5.70708 -15.2117	
20.4	0.422316 -6.11022 -15.9964	
20.41	0.292321 -6.36374 -16.5244	
20.42	0.149465 -6.92763 -17.7182	
20.43	0.042031 -7.34273 -18.6252	
20.44	-0.0376123 -7.61241 -19.2509	
20.45	-0.471716 -8.25213 -20.6505	
20.46	12.7235 -7.31067 -21.7894	
20.47	9.06346 -5.05169 -14.3825	
20.48	4.17166 -2.6156 -5.1854	
20.49	7.56133 -2.29578 -7.0651	
20.5	6.68872 -1.67301 -3.93256	
20.51	7.56738 -0.974471 -3.28587	
20.52	5.19284 -0.259762 -1.04519	
20.53	8.64325 -0.143086 -0.353909	
20.54	4.6456 -0.521671 -0.842929	
20.55	8.94359 0.10233 1.19861	
20.56	4.39182 0.937282 0.827018	
20.57	8.81604 1.43094 2.11235	
20.58	3.89445 1.45948 2.55374	
20.59	7.75644 3.5962 5.16321	
20.6	4.23155 3.45859 5.38793	
20.61	6.63306 2.10419 3.59599	
20.62	4.95013 1.95542 5.04824	
20.63	3.31682 0.390658 3.5545	
20.64	7.36776 1.43919 1.54861	
20.65	-0.517671 2.00751 4.45057	
20.66	12.0662 3.38022 7.84214	
20.67	-8.32267 -5.18492 -8.71612	
20.68	13.5388 -4.17134 -12.6873	
20.69	5.46618 51.0821 156.334	
20.7	2.98716 45.3318 127.335	
20.71	1.39513 39.513 103.673	
20.72	22.1858 26.317 61.3753	
20.73	-7.28095 21.5522 49.0528	
20.74	8.55645 18.5672 44.565	
20.75	-26.8838 -2.93737 1.5704	
20.76	24.8092 0.147092 -3.39295	
20.77	-8.32488 -3.59231 -4.77238	
20.78	-0.617361 1.1882 8.43433	
20.79	0.900231 2.67679 2.68644	
20.8	-4.53507 0.437173 0.730943	
20.81	-1.60195 -0.405571 0.895527	
20.82	-5.66022 -0.451607 -0.0332631	
20.83	-1.48093 -1.65922 -1.90823	
20.84	-3.87541 -1.11145 -3.26833	
20.85	2.72522 -1.20565 -5.5548	
20.86	14.6949 -16.6716 -36.1692	
20.87	-9.17938 0.198427 -1.64366	
20.88	9.24089 0.06055 -0.534892	
20.89	-5.9246 -0.344253 0.0154363	
20.9	10.2508 0.244626 3.15733	
20.91	-6.07105 -2.57497 -5.66406	
20.92	23.3052 -2.1094 -1.62967	
20.93	-18.5016 -3.38183 -3.29163	
20.94	12.5599 0.123816 1.0356	
20.95	-7.59827 -0.280999 -0.330759	
20.96	11.3138 -0.696384 -0.575822	
20.97	-7.31282 1.04627 4.16842	
20.98	12.5997 1.62804 4.12697	
20.99	-11.6518 0.201254 3.2285	
21	13.4777 -0.20188 0.98952	
21.01	-11.7747 -0.610523 3.46492	
21.02	15.4055 2.19173 4.55409	
21.03	-13.2472 2.78364 8.6352	
21.04	14.6759 0.358704 0.588605	
21.05	-13.408 -5.14515 -5.80318	
21.06	11.3684 2.34512 2.52234	
21.07	-11.0542 -2.06375 -2.06772	
21.08	8.37559 3.44357 2.68524	
21.09	-9.84368 -10.084 -12.7582	
21.1	7.06359 0.677133 -3.32164	
21.11	-10.9675 1.19648 2.02556	
21.12	5.27906 0.258291 -0.418204	
21.13	-10.7316 2.8793 1.94868	
21.14	-8.03969 2.30345 -1.00242	
21.15	-15.4465 0.417818 3.05568	
21.16	-15.1021 -15.1096 -30.8319	
21.17	-12.3538 -11.9235 -25.6323	
21.18	-10.1156 -9.3981 -21.327	
21.19	-8.28941 -7.47478 -17.7046	
21.2	-6.79849 -5.97222 -14.6908	
21.21	-5.57183 -4.81499 -12.1641	
21.22	-4.07664 -4.1206 -10.7709	
21.23	-2.55719 -3.88101 -10.4182	
21.24	-1.81004 -3.48359 -9.48908	
21.25	-1.33351 -3.02368 -8.35129	
21.26	-1.09207 -2.46429 -6.92093	
21.27	-0.895324 -2.01496 -5.7457	
21.28	-0.733043 -1.64301 -4.78361	
21.29	-0.6006 -1.34269 -3.99377	
21.3	-0.492204 -1.10136 -3.34411	
21.31	-0.402831 -0.898677 -2.81413	
21.32	-0.329907 -0.73604 -2.37845	
21.33	-0.270192 -0.603091 -2.02148	
21.34	-0.221103 -0.491527 -1.73049	
21.35	-0.180779 -0.40107 -1.49138	
21.36	-0.148075 -0.328399 -1.29523	
21.37	-0.121209 -0.268068 -1.13495	
21.38	-0.0991754 -0.218399 -1.00379	
21.39	-0.0811718 -0.178773 -0.895778	
21.4	-0.0664613 -0.146163 -0.807479	
21.41	-0.05438 -0.119115 -0.735316	
21.42	-0.0445656 -0.0978295 -0.675813	
21.43	-0.0364978 -0.0800854 -0.627222	
21.44	-0.0298901 -0.0656771 -0.587348	
21.45	-0.0245018 -0.0538746 -0.554734	
21.46	-0.0200642 -0.044028 -0.528093	
21.47	-0.0164287 -0.0358537 -0.506341	
21.48	-0.0134502 -0.0293218 -0.488422	
21.49	-0.0110205 -0.0239584 -0.473772	
21.5	0.0304795 -0.249196 -1.01579	
21.51	0.0650228 -0.708374 -2.11804	
21.52	0.0976082 -0.981774 -2.76495	
21.53	0.122732 -1.26731 -3.43705	
21.54	-12.1508 -2.53986 -4.01398	
21.55	-9.95326 -2.05068 -3.38417	
21.56	-8.15139 -1.6587 -2.86083	
21.57	-6.67462 -1.34023 -2.42979	
21.58	-11.1717 -0.807968 -0.296573	
21.59	-9.14916 -0.638044 -0.333741	
21.6	-7.49406 -0.508823 -0.35705	
21.61	-6.7419 -0.310592 -0.0308565	
21.62	-11.3774 -0.389798 0.745245	
21.63	-9.31904 -0.302236 0.525047	
21.64	-7.63614 -0.226334 0.342039	
21.65	-6.87094 -0.191107 0.298185	
21.66	-7.08326 -0.204679 0.301004	
21.67	-11.498 -0.484645 0.579695	
21.68	-9.41846 -0.380255 0.390314	
21.69	-7.71761 -0.294996 0.235495	
21.7	-6.32258 -0.226262 0.109293	
21.71	-12.722 -0.698852 0.439031	
21.72	-10.424 -0.544403 0.268143	
21.73	-8.5416 -0.426082 0.133394	
21.74	-6.99758 -0.334795 0.0265516	
21.75	-8.01734 -0.149065 0.660761	
21.76	-6.56723 -0.111339 0.460593	
21.77	-8.82351 -0.320638 0.43423	
21.78	-7.22714 -0.253716 0.276309	
21.79	-5.9205 -0.198115 0.146523	
21.8	-7.90739 -0.332454 0.214491	
21.81	-6.82629 -0.248973 0.18261	
21.82	-7.88753 -0.213488 0.481056	
21.83	-6.46193 -0.163894 0.313456	
21.84	-8.5276 -0.342681 0.336723	
21.85	-6.9854 -0.266464 0.193136	
21.86	-7.63909 -0.172871 0.538687	
21.87	-6.26036 -0.125122 0.357321	
21.88	-5.12716 -0.0985446 0.2164	
21.89	-4.20013 -0.0760916 0.100661	
21.9	-3.44013 -0.058646 0.00639268	
21.91	-2.81817 -0.0455062 -0.0700214	
21.92	-2.30859 -0.0358204 -0.131934	
21.93	-1.89104 -0.028186 -0.182471	
21.94	-1.54883 -0.0223636 -0.22361	
21.95	-1.26847 -0.0178691 -0.257137	
21.96	-1.0389 -0.0142936 -0.284522	
21.97	-0.850831 -0.0115022 -0.306869	
21.98	-0.696844 -0.00927256 -0.325129	
21.99	-0.57063 -0.00754344 -0.340033	
22	-0.467361 -0.00579925 -0.35244	
22.01	-0.382617 -0.00504565 -0.362185	
22.02	-0.313384 -0.00409406 -0.370362	
22.03	-0.256621 -0.00335821 -0.377038	
22.04	-0.21019 -0.00259232 -0.382604	
22.05	-0.172104 -0.0022502 -0.386986	
22.06	-0.140954 -0.00183757 -0.390655	
22.07	-0.115442 -0.00150139 -0.393659	
22.08	-0.0945311 -0.00123566 -0.396115	
22.09	-0.0774212 -0.0010104 -0.39813	
22.1	-0.0634082 -0.000826434 -0.399779	
22.11	-0.0519314 -0.000676124 -0.40113	
22.12	-0.0425319 -0.000553259 -0.402236	
22.13	-0.0348277 -0.000455901 -0.403141	
22.14	-0.0285286 -0.000374358 -0.403882	
22.15	-0.0233611 -0.000305475 -0.404491	
22.16	-0.0191328 -0.000250086 -0.404988	
22.17	-0.0156698 -0.000204754 -0.405396	
22.18	-0.0128332 -0.000171565 -0.405727	
22.19	-0.0105104 -0.000140482 -0.406001	
22.2	-0.00860803 -0.000115035 -0.406225	
22.21	-0.00705115 -9.44944e-05 -0.406409	
22.22	-0.00704999 -9.42006e-05 -0.406409	
22.23	-0.00704999 -9.42006e-05 -0.406409	
22.24	-0.00705121 -9.35702e-05 -0.406409	
22.25	-0.00704978 -9.63515e-05 -0.406407	
22.26	-0.00705094 -9.6644e-05 -0.406407	
22.27	-0.00704978 -9.63515e-05 -0.406407	
22.28	-0.00704978 -9.63515e-05 -0.406407	
22.29	-0.00704978 -9.63515e-05 -0.406407	
22.3	-0.00705101 -9.57199e-05 -0.406408	
22.31	-0.00704904 -0.000103386 -0.406403	
22.32	-0.00704904 -0.000103386 -0.406403	
22.33	-0.00704904 -0.000103386 -0.406403	
22.34	-0.00704843 -0.000105807 -0.406402	
22.35	-0.00704966 -0.00010518 -0.406402	
22.36	-0.00704945 -0.00010733 -0.4064	
22.37	-0.00704945 -0.00010733 -0.4064	
22.38	-0.00704945 -0.00010733 -0.4064	
22.39	-0.00705046 -0.00010885 -0.406399	
22.4	-0.00705046 -0.00010885 -0.406399	
22.41	-0.00705111 -0.000113125 -0.406397	
22.42	-0.00705166 -0.00010822 -0.4064	
22.43	-0.00705051 -0.000115543 -0.406395	
22.44	-0.0070517 -0.000114918 -0.406395	
22.45	-0.00705051 -0.000115543 -0.406395	
22.46	-0.00705122 -0.000118905 -0.406393	
22.47	-0.00705069 -0.000121026 -0.406392	
22.48	-0.00705156 -0.000119755 -0.406392	
22.49	-0.00705118 -0.000120026 -0.406392	
22.5	-0.00705103 -0.000124877 -0.406389	
22.51	-0.00705007 -0.000130074 -0.406386	
22.52	-0.00705166 -0.000129408 -0.406386	
22.53	-0.00705077 -0.000133694 -0.406383	
22.54	-0.00705098 -0.000138315 -0.40638	
22.55	-0.0070511 -0.000143875 -0.406377	
22.56	-0.00705188 -0.000143563 -0.406377	
22.57	-0.00705168 -0.000148489 -0.406374	
22.58	-0.00705245 -0.000148183 -0.406374	
22.59	-0.007052 -0.000157841 -0.406368	
22.6	-0.00705064 -0.000163365 -0.406364	
22.61	-0.00705103 -0.00016335 -0.406364	
22.62	-0.00705005 -0.000168873 -0.406361	
22.63	-0.00705007 -0.000169135 -0.406361	
22.64	-0.00704971 -0.000169667 -0.40636	
22.65	-0.00704835 -0.000175487 -0.406357	
22.66	-0.00704697 -0.000181321 -0.406353	
22.67	-0.007047 -0.000181869 -0.406353	
22.68	-0.00704588 -0.000182955 -0.406352	
22.69	-0.00704397 -0.000187501 -0.40635	
22.7	-0.00704139 -0.000194198 -0.406345	
22.71	-0.00704064 -0.00019531 -0.406345	
22.72	-0.00703763 -0.000202596 -0.406341	
22.73	-0.00703607 -0.00020455 -0.406339	
22.74	-0.00703437 -0.00021656 -0.406332	
22.75	-0.00703239 -0.000218816 -0.406331	
22.76	-0.00703163 -0.000220555 -0.40633	
22.77	-0.0070285 -0.00022859 -0.406325	
22.78	-0.00702787 -0.000235664 -0.40632	
22.79	-0.0070268 -0.000243071 -0.406316	
22.8	-0.00702614 -0.000244235 -0.406315	
22.81	-0.0070258 -0.000252422 -0.40631	
22.82	-0.00702371 -0.000258632 -0.406306	
22.83	-0.00702301 -0.000266291 -0.406301	
22.84	-0.00702156 -0.000273626 -0.406297	
22.85	-0.00702107 -0.000273933 -0.406296	
22.86	-0.0070202 -0.000280172 -0.406293	
22.87	-0.0070202 -0.000289069 -0.406287	
22.88	-0.00701869 -0.000296605 -0.406282	
22.89	-0.00701695 -0.000312895 -0.406272	
22.9	-0.00701485 -0.000321788 -0.406266	
22.91	-0.00701359 -0.000331187 -0.40626	
22.92	-0.00701386 -0.000340489 -0.406254	
22.93	-0.00701128 -0.000354962 -0.406245	
22.94	-0.00701158 -0.000364152 -0.406239	
22.95	-0.00701325 -0.00036669 -0.406238	
22.96	-0.00701226 -0.000376041 -0.406232	
22.97	-0.00701325 -0.000384403 -0.406226	
22.98	-0.00701371 -0.000390874 -0.406222	
22.99	-0.00701489 -0.000393215 -0.40622	
23	-0.00701572 -0.000403429 -0.406214	
23.01	-0.00701595 -0.000410535 -0.406209	
23.02	-0.00701445 -0.000420233 -0.406203	
23.03	-0.00701188 -0.00043366 -0.406195	
23.04	-0.00701023 -0.000449083 -0.406185	
23.05	-0.00700791 -0.0004591 -0.406179	
23.06	-0.00700346 -0.000482435 -0.406164	
23.07	-0.00699889 -0.000501242 -0.406153	
23.08	-0.00699169 -0.000528198 -0.406136	
23.09	-0.00698803 -0.000541285 -0.406128	
23.1	-0.00698156 -0.000568232 -0.406112	
23.11	-0.00697715 -0.000588181 -0.406099	
23.12	-0.00697174 -0.000604718 -0.406089	
23.13	-0.00696705 -0.000619864 -0.40608	
23.14	-0.00695968 -0.000635657 -0.406071	
23.15	-0.00695274 -0.000652094 -0.406061	
23.16	-0.0069472 -0.000661047 -0.406056	
23.17	-0.00693998 -0.000665552 -0.406053	
23.18	-0.00693422 -0.000664222 -0.406055	
23.19	-0.00692522 -0.000667665 -0.406054	
23.2	-0.00691579 -0.000673852 -0.406051	
23.21	-0.0069069 -0.000674331 -0.406051	
23.22	-0.00689296 -0.00068426 -0.406047	
23.23	-0.00688005 -0.000686736 -0.406046	
23.24	-0.0068647 -0.000697534 -0.406041	
23.25	-0.00685164 -0.000704858 -0.406038	
23.26	-0.00683471 -0.00071254 -0.406035	
23.27	-0.00681954 -0.000722815 -0.40603	
23.28	-0.00680673 -0.000719426 -0.406033	
23.29	-0.00679088 -0.000733842 -0.406026	
23.3	-0.006778 -0.000735794 -0.406026	
23.31	-0.00675763 -0.000742111 -0.406024	
23.32	-0.00674287 -0.000748005 -0.406022	
23.33	-0.00671939 -0.000757483 -0.406018	
23.34	-0.00669961 -0.000759934 -0.406019	
23.35	-0.00667642 -0.000767918 -0.406016	
23.36	-0.00664809 -0.000780872 -0.406011	
23.37	-0.00661924 -0.000791521 -0.406008	
23.38	-0.00659636 -0.000809261 -0.405999	
23.39	-0.00657409 -0.000818822 -0.405995	
23.4	-0.00655034 -0.000835628 -0.405987	
23.41	-0.00652467 -0.000847062 -0.405982	
23.42	-0.00649604 -0.000866111 -0.405973	
23.43	-0.00647381 -0.000885436 -0.405963	
23.44	-0.00646132 -0.000891782 -0.40596	
23.45	-0.00644889 -0.000898191 -0.405958	
23.46	-0.00642392 -0.000920935 -0.405946	
23.47	-0.00640583 -0.000934194 -0.405939	
23.48	-0.00638656 -0.000947787 -0.405932	
23.49	-0.00636421 -0.000968799 -0.405921	
23.5	-0.00634139 -0.000989702 -0.40591	
23.51	-0.0063153 -0.00101502 -0.405897	
23.52	-0.00629609 -0.00103619 -0.405885	
23.53	-0.00626215 -0.00106309 -0.405872	
23.54	-0.00624679 -0.00108363 -0.40586	
23.55	-0.00622492 -0.00110785 -0.405847	
23.56	-0.00621314 -0.00112289 -0.405839	
23.57	-0.00619702 -0.00113581 -0.405832	
23.58	-0.00618567 -0.00115306 -0.405822	
23.59	-0.00616505 -0.00117122 -0.405813	
23.6	-0.00615309 -0.00118174 -0.405808	
23.61	-0.00613619 -0.00119818 -0.405799	
23.62	-0.00611809 -0.00121568 -0.40579	
23.63	-0.0061033 -0.00123258 -0.40578	
23.64	-0.00608801 -0.00124253 -0.405776	
23.65	-0.00608091 -0.00125311 -0.40577	
23.66	-0.00606362 -0.0012701 -0.40576	
23.67	-0.00604847 -0.00127901 -0.405756	
23.68	-0.00603733 -0.00129336 -0.405748	
23.69	-0.00602189 -0.00129997 -0.405746	
23.7	-0.00601536 -0.00130108 -0.405746	
23.71	-0.0060039 -0.00131741 -0.405737	
23.72	-0.00599611 -0.00132449 -0.405733	
23.73	-0.00599186 -0.00133175 -0.405729	
23.74	-0.00598996 -0.00133832 -0.405725	
23.75	-0.00598577 -0.00134541 -0.405721	
23.76	-0.00598332 -0.00135203 -0.405717	
23.77	-0.00597844 -0.00136627 -0.405708	
23.78	-0.00597295 -0.00138268 -0.405698	
23.79	-0.00597003 -0.00138962 -0.405694	
23.8	-0.00596703 -0.00140549 -0.405684	
23.81	-0.0059663 -0.00141401 -0.405679	
23.82	-0.00596314 -0.00142087 -0.405674	
23.83	-0.00596607 -0.00141987 -0.405675	
23.84	-0.00596036 -0.00143073 -0.405668	
23.85	-0.00595805 -0.00142941 -0.40567	
23.86	-0.00595837 -0.00143401 -0.405667	
23.87	-0.00595503 -0.00142743 -0.405671	
23.88	-0.00594875 -0.00143116 -0.405669	
23.89	-0.00594578 -0.00142677 -0.405673	
23.9	-0.00594626 -0.00142553 -0.405673	
23.91	-0.00594142 -0.00142883 -0.405672	
23.92	-0.00594053 -0.00142774 -0.405673	
23.93	-0.00594203 -0.00143277 -0.405669	
23.94	-0.0059444 -0.0014299 -0.405671	
23.95	-0.00595137 -0.00141958 -0.405677	
23.96	-0.00595293 -0.00142442 -0.405673	
23.97	-0.00595906 -0.00142182 -0.405674	
23.98	-0.00595855 -0.00142368 -0.405673	
23.99	-0.00596272 -0.0014137 -0.405679	
24	-0.0059696 -0.001404 -0.405685	
24.01	-0.00597467 -0.00139492 -0.40569	
24.02	-0.00599016 -0.00138322 -0.405696	
24.03	-0.0059977 -0.00137642 -0.405699	
24.04	-0.00600622 -0.00136973 -0.405703	
24.05	-0.00602596 -0.00134683 -0.405715	
24.06	-0.00603732 -0.00133922 -0.405719	
24.07	-0.00605127 -0.00133265 -0.405722	
24.08	-0.00606346 -0.00132588 -0.405725	
24.09	-0.00608376 -0.00131796 -0.405727	
24.1	-0.00610763 -0.0013109 -0.405729	
24.11	-0.00612479 -0.00130865 -0.405729	
24.12	-0.00614261 -0.00129097 -0.405738	
24.13	-0.00615972 -0.00128751 -0.405739	
24.14	-0.00617639 -0.00127906 -0.405742	
24.15	-0.0062032 -0.00125981 -0.405752	
24.16	-0.00623026 -0.00123817 -0.405763	
24.17	-0.00625416 -0.00121755 -0.405773	
24.18	-0.00628429 -0.0011917 -0.405787	
24.19	-0.00630681 -0.00116545 -0.405801	
24.2	-0.00633077 -0.00113658 -0.405817	
24.21	-0.00635075 -0.00111261 -0.40583	
24.22	-0.00636862 -0.00109289 -0.405841	
24.23	-0.00688661 0.000133849 -0.406573	
24.24	-0.00688657 0.000134755 -0.406574	
24.25	-0.00688652 0.000135662 -0.406575	
24.26	-0.00688648 0.000136569 -0.406575	
24.27	-0.00688644 0.000137477 -0.406576	
24.28	-0.00688644 0.000137477 -0.406576	
24.29	-0.00688644 0.000137477 -0.406576	
24.3	-0.0068864 0.000138385 -0.406576	
24.31	-0.0068864 0.000138385 -0.406576	
24.32	-0.0068864 0.000138385 -0.406576	
24.33	-0.00688657 0.000134755 -0.406574	
24.34	-0.00688669 0.000132038 -0.406572	
24.35	-0.00688674 0.000131133 -0.406572	
24.36	-0.00688687 0.00012842 -0.40657	
24.37	-0.00688704 0.00012481 -0.406567	
24.38	-0.00688727 0.000120307 -0.406565	
24.39	-0.00688773 0.000111336 -0.406559	
24.4	-0.00688802 0.000105975 -0.406555	
24.41	-0.00688847 9.79673e-05 -0.40655	
24.42	-0.00688888 9.08822e-05 -0.406545	
24.43	-0.00688925 8.4709e-05 -0.406541	
24.44	-0.00688969 7.76847e-05 -0.406537	
24.45	-0.00689008 7.1566e-05 -0.406533	
24.46	-0.0068906 6.37375e-05 -0.406528	
24.47	-0.00689119 5.50912e-05 -0.406522	
24.48	-0.00689762 5.01133e-05 -0.406518	
24.49	-0.00689263 3.54197e-05 -0.406509	
24.5	-0.00689882 3.48994e-05 -0.406508	
24.51	-0.00689936 3.72668e-05 -0.40651	
24.52	-0.00689944 2.73663e-05 -0.406503	
24.53	-0.00689467 1.02349e-05 -0.406493	
24.54	-0.00689488 7.74718e-06 -0.406491	
24.55	-0.00689517 4.43919e-06 -0.406489	
24.56	-0.00689553 3.18712e-07 -0.406487	
24.57	-0.00689561 -5.03487e-07 -0.406486	
24.58	-0.00689583 -2.96608e-06 -0.406484	
24.59	-0.0068959 -3.78555e-06 -0.406484	
24.6	-0.00689605 -5.4227e-06 -0.406483	
24.61	-0.00690381 4.19739e-06 -0.406488	
24.62	-0.00690865 1.05798e-05 -0.406492	
24.63	-0.00689915 -4.65375e-06 -0.406483	
24.64	-0.00690149 -4.70607e-06 -0.406483	
24.65	-0.00690411 9.40566e-07 -0.406486	
24.66	-0.00690924 1.30117e-05 -0.406493	
24.67	-0.00689907 -1.28012e-05 -0.406478	
24.68	-0.00690171 -7.14234e-06 -0.406481	
24.69	-0.00690171 -7.14234e-06 -0.406481	
24.7	-0.00690464 4.20318e-06 -0.406488	
24.71	-0.00690471 3.39213e-06 -0.406487	
24.72	-0.00690724 9.83322e-06 -0.406491	
24.73	-0.00690975 1.62627e-05 -0.406495	
24.74	-0.00690975 1.62627e-05 -0.406495	
24.75	-0.00691233 2.18691e-05 -0.406499	
24.76	-0.0068968 -2.25205e-05 -0.406472	
24.77	-0.00689711 -1.68081e-05 -0.406475	
24.78	-0.00689711 -1.68081e-05 -0.406475	
24.79	-0.00689977 -1.1142e-05 -0.406479	
24.8	-0.00689946 -1.68491e-05 -0.406475	
24.81	-0.00689977 -1.1142e-05 -0.406479	
24.82	-0.00689969 -1.03333e-05 -0.406479	
24.83	-0.00689977 -1.1142e-05 -0.406479	
24.84	-0.00689719 -1.76163e-05 -0.406475	
24.85	-0.00689946 -1.68491e-05 -0.406475	
24.86	-0.00689687 -2.33284e-05 -0.406471	
24.87	-0.00689953 -1.76566e-05 -0.406475	
24.88	-0.00689491 -1.83837e-05 -0.406475	
24.89	-0.00689719 -1.76163e-05 -0.406475	
24.9	-0.00689719 -1.76163e-05 -0.406475	
24.91	-0.00689719 -1.76163e-05 -0.406475	
24.92	-0.00689687 -2.33284e-05 -0.406471	
24.93	-0.00689687 -2.33284e-05 -0.406471	
24.94	-0.00689727 -1.84238e-05 -0.406474	
24.95	-0.00689468 -2.49088e-05 -0.40647	
24.96	-0.0068946 -2.41017e-05 -0.406471	
24.97	-0.00689727 -1.84238e-05 -0.406474	
24.98	-0.00689491 -1.83837e-05 -0.406475	
24.99	-0.0068927 -1.99589e-05 -0.406474	
25	-0.0068927 -1.99589e-05 -0.406474	
25.01	-0.00689286 -2.15718e-05 -0.406473	
25.02	-0.00689096 -1.74162e-05 -0.406476	
25.03	-0.00689734 -2.81604e-05 -0.406468	
25.04	-0.00689766 -2.24511e-05 -0.406472	
25.05	-0.00689774 -2.32545e-05 -0.406471	
25.06	-0.00689562 -2.56265e-05 -0.40647	
25.07	-0.0068957 -2.64278e-05 -0.406469	
25.08	-0.00689805 -2.64612e-05 -0.406469	
25.09	-0.00689813 -2.72612e-05 -0.406468	
25.1	-0.00689813 -2.72612e-05 -0.406468	
25.11	-0.00689813 -2.72612e-05 -0.406468	
25.12	-0.00689375 -3.03935e-05 -0.406467	
25.13	-0.00689342 -3.6111e-05 -0.406463	
25.14	-0.00689383 -3.11913e-05 -0.406466	
25.15	-0.006889 -3.92524e-05 -0.406462	
25.16	-0.00688404 -4.65404e-05 -0.406458	
25.17	-0.00688162 -4.65249e-05 -0.406458	
25.18	-0.00687659 -5.38435e-05 -0.406454	
25.19	-0.00687397 -6.11872e-05 -0.406449	
25.2	-0.0068716 -6.19806e-05 -0.406449	
25.21	-0.0068716 -6.19806e-05 -0.406449	
25.22	-0.00686895 -6.93399e-05 -0.406445	
25.23	-0.00686655 -7.01396e-05 -0.406444	
25.24	-0.0068662 -7.59156e-05 -0.406441	
25.25	-0.00686379 -7.67214e-05 -0.40644	
25.26	-0.00686379 -7.67214e-05 -0.40644	
25.27	-0.00686138 -7.75274e-05 -0.40644	
25.28	-0.00686138 -7.75274e-05 -0.40644	
25.29	-0.00686102 -8.33142e-05 -0.406436	
25.3	-0.00685859 -8.41263e-05 -0.406436	
25.31	-0.00685651 -7.91402e-05 -0.40644	
25.32	-0.00685651 -7.91402e-05 -0.40644	
25.33	-0.00685624 -8.57306e-05 -0.406435	
25.34	-0.00685859 -8.41263e-05 -0.406436	
25.35	-0.00685823 -8.99178e-05 -0.406433	
25.36	-0.00685859 -8.41263e-05 -0.406436	
25.37	-0.00685615 -8.49385e-05 -0.406436	
25.38	-0.00685624 -8.57306e-05 -0.406435	
25.39	-0.00685624 -8.57306e-05 -0.406435	
25.4	-0.00685624 -8.57306e-05 -0.406435	
25.41	-0.00685624 -8.57306e-05 -0.406435	
25.42	-0.0068566 -7.99327e-05 -0.406439	
25.43	-0.00685624 -8.57306e-05 -0.406435	
25.44	-0.00685624 -8.57306e-05 -0.406435	
25.45	-0.00685588 -9.15274e-05 -0.406432	
25.46	-0.00685334 -9.15541e-05 -0.406432	
25.47	-0.00685371 -8.5751e-05 -0.406436	
25.48	-0.00685615 -8.49385e-05 -0.406436	
25.49	-0.00685579 -9.07358e-05 -0.406432	
25.5	-0.00685615 -8.49385e-05 -0.406436	
25.51	-0.00685371 -8.5751e-05 -0.406436	
25.52	-0.00685624 -8.57306e-05 -0.406435	
25.53	-0.00685624 -8.57306e-05 -0.406435	
25.54	-0.00685615 -8.49385e-05 -0.406436	
25.55	-0.00685624 -8.57306e-05 -0.406435	
25.56	-0.00685624 -8.57306e-05 -0.406435	
25.57	-0.00685579 -9.07358e-05 -0.406432	
25.58	-0.00685624 -8.57306e-05 -0.406435	
25.59	-0.00685624 -8.57306e-05 -0.406435	
25.6	-0.00685379 -8.6543e-05 -0.406435	
25.61	-0.00685624 -8.57306e-05 -0.406435	
25.62	-0.00685624 -8.57306e-05 -0.406435	
25.63	-0.00685579 -9.07358e-05 -0.406432	
25.64	-0.00685379 -8.6543e-05 -0.406435	
25.65	-0.00685343 -9.23457e-05 -0.406432	
25.66	-0.00685624 -8.57306e-05 -0.406435	
25.67	-0.00685624 -8.57306e-05 -0.406435	
25.68	-0.00685624 -8.57306e-05 -0.406435	
25.69	-0.00685624 -8.57306e-05 -0.406435	
25.7	-0.00685343 -9.23457e-05 -0.406432	
25.71	-0.00685615 -8.49385e-05 -0.406436	
25.72	-0.00685334 -9.15541e-05 -0.406432	
25.73	-0.00685588 -9.15274e-05 -0.406432	
25.74	-0.00685588 -9.15274e-05 -0.406432	
25.75	-0.00685624 -8.57306e-05 -0.406435	
25.76	-0.00685624 -8.57306e-05 -0.406435	
25.77	-0.00685343 -9.23457e-05 -0.406432	
25.78	-0.0068566 -7.99327e-05 -0.406439	
25.79	-0.00685624 -8.57306e-05 -0.406435	
25.8	-0.00685379 -8.6543e-05 -0.406435	
25.81	-0.00685588 -9.15274e-05 -0.406432	
25.82	-0.00685588 -9.15274e-05 -0.406432	
25.83	-0.00685624 -8.57306e-05 -0.406435	
25.84	-0.00685624 -8.57306e-05 -0.406435	
25.85	-0.00685624 -8.57306e-05 -0.406435	
25.86	-0.00685624 -8.57306e-05 -0.406435	
25.87	-0.00685624 -8.57306e-05 -0.406435	
25.88	-0.00685588 -9.15274e-05 -0.406432	
25.89	-0.00685379 -8.6543e-05 -0.406435	
25.9	-0.00685624 -8.57306e-05 -0.406435	
25.91	-0.00685624 -8.57306e-05 -0.406435	
25.92	-0.00685579 -9.07358e-05 -0.406432	
25.93	-0.00685588 -9.15274e-05 -0.406432	
25.94	-0.00685343 -9.23457e-05 -0.406432	
25.95	-0.00685579 -9.07358e-05 -0.406432	
25.96	-0.00685588 -9.15274e-05 -0.406432	
25.97	-0.00685334 -9.15541e-05 -0.406432	
25.98	-0.00685624 -8.57306e-05 -0.406435	
25.99	-0.00685624 -8.57306e-05 -0.406435	
26	-0.00685624 -8.57306e-05 -0.406435	
26.01	-0.00685334 -9.15541e-05 -0.406432	
26.02	-0.00685588 -9.15274e-05 -0.406432	
26.03	-0.00685624 -8.57306e-05 -0.406435	
26.04	-0.00685633 -8.65219e-05 -0.406435	
26.05	-0.00685624 -8.57306e-05 -0.406435	
26.06	-0.00685624 -8.57306e-05 -0.406435	
26.07	-0.00685588 -9.15274e-05 -0.406432	
26.08	-0.00685588 -9.15274e-05 -0.406432	
26.09	-0.00685588 -9.15274e-05 -0.406432	
26.1	-0.00685379 -8.6543e-05 -0.406435	
26.11	-0.00685343 -9.23457e-05 -0.406432	
26.12	-0.00685624 -8.57306e-05 -0.406435	
26.13	-0.00685588 -9.15274e-05 -0.406432	
26.14	-0.00685588 -9.15274e-05 -0.406432	
26.15	-0.00685379 -8.6543e-05 -0.406435	
26.16	-0.00685624 -8.57306e-05 -0.406435	
26.17	-0.00685588 -9.15274e-05 -0.406432	
26.18	-0.00685343 -9.23457e-05 -0.406432	
26.19	-0.00685624 -8.57306e-05 -0.406435	
26.2	-0.00685379 -8.6543e-05 -0.406435	
26.21	-0.00685343 -9.23457e-05 -0.406432	
26.22	-0.00685371 -8.5751e-05 -0.406436	
26.23	-0.00685624 -8.57306e-05 -0.406435	
26.24	-0.00685588 -9.15274e-05 -0.406432	
26.25	-0.00685624 -8.57306e-05 -0.406435	
26.26	-0.00685624 -8.57306e-05 -0.406435	
26.27	-0.00685624 -8.57306e-05 -0.406435	
26.28	-0.00685624 -8.57306e-05 -0.406435	
26.29	-0.00685624 -8.57306e-05 -0.406435	
26.3	-0.00685588 -9.15274e-05 -0.406432	
26.31	-0.00685588 -9.15274e-05 -0.406432	
26.32	-0.00685588 -9.15274e-05 -0.406432	
26.33	-0.00685624 -8.57306e-05 -0.406435	
26.34	-0.00685588 -9.15274e-05 -0.406432	
26.35	-0.00685343 -9.23457e-05 -0.406432	
26.36	-0.00685624 -8.57306e-05 -0.406435	
26.37	-0.00685624 -8.57306e-05 -0.406435	
26.38	-0.00685588 -9.15274e-05 -0.406432	
26.39	-0.00685588 -9.15274e-05 -0.406432	
26.4	-0.00685624 -8.57306e-05 -0.406435	
26.41	-0.00685379 -8.6543e-05 -0.406435	
26.42	-0.00685624 -8.57306e-05 -0.406435	
26.43	-0.00685379 -8.6543e-05 -0.406435	
26.44	-0.00685588 -9.15274e-05 -0.406432	
