# Gnuplot File : velocities of 1 particle(s) Monitored
# 1st Column : time, others : particle(s) number 0 
0.01	0 0 -0.019274	
0.02	0 0 -0.0378484	
0.03	0 0 -0.0557485	
0.04	0 0 -0.0729989	
0.05	0 0 -0.0896231	
0.06	0 0 -0.105644	
0.07	0 0 -0.121083	
0.08	0 0 -0.135962	
0.09	0 0 -0.150301	
0.1	0 0 -0.164119	
0.11	0 0 -0.177435	
0.12	-8.42887e-17 0 -0.190269	
0.13	-8.11991e-17 0 -0.202636	
0.14	-7.82516e-17 0 -0.214554	
0.15	-7.54112e-17 0 -0.22604	
0.16	-7.26738e-17 0 -0.237109	
0.17	-7.00358e-17 0 -0.247776	
0.18	-6.74935e-17 0 -0.258056	
0.19	-6.50435e-17 0 -0.267963	
0.2	-6.26825e-17 0 -0.27751	
0.21	-1.19957e-16 0 -0.28671	
0.22	-1.15485e-16 0 -0.295577	
0.23	-1.11461e-16 0 -0.304122	
0.24	-1.07375e-16 0 -0.312356	
0.25	-1.03516e-16 0 -0.320292	
0.26	-9.97581e-17 0 -0.32794	
0.27	-9.61135e-17 0 -0.33531	
0.28	-9.25904e-17 0 -0.342412	
0.29	-1.81154e-16 0 -0.349257	
0.3	-1.74003e-16 0 -0.355853	
0.31	-1.67687e-16 0 -0.36221	
0.32	-1.616e-16 0 -0.368336	
0.33	-1.55734e-16 0 -0.374239	
0.34	-1.50081e-16 0 -0.379929	
0.35	-2.27407e-16 0 -0.385412	
0.36	-2.15224e-16 0 -0.390695	
0.37	-2.80876e-16 0 -0.395787	
0.38	-2.5908e-16 0 -0.400695	
0.39	-2.47574e-16 0 -0.405424	
0.4	-2.89472e-16 0 -0.409981	
0.41	-2.7401e-16 0 -0.414373	
0.42	-2.63795e-16 0 -0.418606	
0.43	-2.52126e-16 0 -0.422684	
0.44	-2.41956e-16 0 -0.426615	
0.45	-3.41224e-16 0 -0.430403	
0.46	-3.24179e-16 0 -0.434054	
0.47	-3.11686e-16 0 -0.437572	
0.48	-2.99292e-16 0 -0.440963	
0.49	-2.86695e-16 0 -0.44423	
0.5	-2.78869e-16 0 -0.447379	
0.51	-2.69175e-16 0 -0.450413	
0.52	-2.5876e-16 0 -0.453337	
0.53	-2.97947e-16 0 -0.456155	
0.54	-3.31153e-16 0 -0.458871	
0.55	-3.14064e-16 0 -0.461489	
0.56	-3.6868e-16 0 -0.464011	
0.57	-3.13457e-16 0 -0.466442	
0.58	-2.50724e-16 0 -0.468784	
0.59	-1.79208e-16 0 -0.471041	
0.6	-7.99759e-17 0 -0.473217	
0.61	3.69022e-17 0 -0.475313	
0.62	1.39842e-16 0 -0.477334	
0.63	2.22201e-16 0 -0.479281	
0.64	3.06217e-16 0 -0.481157	
0.65	3.53105e-16 0 -0.482966	
0.66	4.70427e-16 0 -0.484708	
0.67	4.78482e-16 0 -0.486388	
0.68	4.70116e-16 0 -0.488006	
0.69	5.09048e-16 0 -0.489566	
0.7	4.92099e-16 0 -0.491069	
0.71	4.73109e-16 0 -0.492517	
0.72	4.52437e-16 0 -0.493913	
0.73	5.57888e-16 0 -0.495259	
0.74	5.29815e-16 0 -0.496555	
0.75	6.03926e-16 0 -0.497804	
0.76	5.75986e-16 0 -0.499008	
0.77	5.49043e-16 0 -0.500169	
0.78	5.22587e-16 0 -0.501287	
0.79	4.96701e-16 0 -0.502365	
0.8	4.7183e-16 0 -0.503403	
0.81	5.44271e-16 0 -0.504404	
0.82	5.24568e-16 0 -0.505368	
0.83	5.06197e-16 0 -0.506298	
0.84	4.88907e-16 0 -0.507193	
0.85	4.71311e-16 0 -0.508057	
0.86	4.54335e-16 0 -0.508889	
0.87	4.37453e-16 0 -0.50969	
0.88	4.21716e-16 0 -0.510463	
0.89	4.06598e-16 0 -0.511207	
0.9	3.91556e-16 0 -0.511925	
0.91	3.76555e-16 0 -0.512616	
0.92	3.61443e-16 0 -0.513283	
0.93	3.4691e-16 0 -0.513925	
0.94	3.33877e-16 0 -0.514544	
0.95	3.2167e-16 0 -0.51514	
0.96	3.21266e-16 0 -0.51514	
0.97	3.20213e-16 0 -0.51514	
0.98	3.19007e-16 0 -0.51514	
0.99	3.17996e-16 0 -0.51514	
1	3.17529e-16 0 -0.51514	
1.01	3.16968e-16 0 -0.51514	
1.02	3.16315e-16 0 -0.51514	
1.03	3.15889e-16 0 -0.51514	
1.04	3.15198e-16 0 -0.51514	
1.05	3.15862e-16 0 -0.51514	
1.06	3.16464e-16 0 -0.51514	
1.07	3.17116e-16 0 -0.51514	
1.08	3.17248e-16 0 -0.51514	
1.09	3.18088e-16 0 -0.51514	
1.1	3.18175e-16 0 -0.51514	
1.11	3.18083e-16 0 -0.51514	
1.12	3.18051e-16 0 -0.51514	
1.13	3.18003e-16 0 -0.51514	
1.14	3.18065e-16 0 -0.51514	
1.15	3.17943e-16 0 -0.51514	
1.16	3.17567e-16 0 -0.51514	
1.17	3.17371e-16 0 -0.51514	
1.18	3.17205e-16 0 -0.51514	
1.19	3.16553e-16 0 -0.51514	
1.2	3.16408e-16 0 -0.51514	
1.21	3.15732e-16 0 -0.51514	
1.22	3.15346e-16 0 -0.51514	
1.23	3.1529e-16 0 -0.51514	
1.24	3.1517e-16 0 -0.51514	
1.25	3.15111e-16 0 -0.51514	
1.26	3.15239e-16 0 -0.51514	
1.27	3.15354e-16 0 -0.51514	
1.28	3.15687e-16 0 -0.51514	
1.29	3.15442e-16 0 -0.51514	
1.3	3.15444e-16 0 -0.51514	
1.31	3.15542e-16 0 -0.51514	
1.32	3.15307e-16 0 -0.51514	
1.33	3.15185e-16 0 -0.51514	
1.34	3.15349e-16 0 -0.51514	
1.35	3.15448e-16 0 -0.51514	
1.36	3.15344e-16 0 -0.51514	
1.37	3.15212e-16 0 -0.51514	
1.38	3.15209e-16 0 -0.51514	
1.39	3.14937e-16 0 -0.51514	
1.4	3.14813e-16 0 -0.51514	
1.41	3.14894e-16 0 -0.51514	
1.42	3.15032e-16 0 -0.51514	
1.43	3.15075e-16 0 -0.51514	
1.44	3.14975e-16 0 -0.51514	
1.45	3.14887e-16 0 -0.51514	
1.46	3.14923e-16 0 -0.51514	
1.47	3.14735e-16 0 -0.51514	
1.48	3.14587e-16 0 -0.51514	
1.49	3.14708e-16 0 -0.51514	
1.5	3.14903e-16 0 -0.51514	
1.51	3.14916e-16 0 -0.51514	
1.52	3.15142e-16 0 -0.51514	
1.53	3.15159e-16 0 -0.51514	
1.54	3.15024e-16 0 -0.51514	
1.55	3.15028e-16 0 -0.51514	
1.56	3.14971e-16 0 -0.51514	
1.57	3.15079e-16 0 -0.51514	
1.58	3.15133e-16 0 -0.51514	
1.59	3.1531e-16 0 -0.51514	
1.6	3.15397e-16 0 -0.51514	
1.61	3.15454e-16 0 -0.51514	
1.62	3.1554e-16 0 -0.51514	
1.63	3.15626e-16 0 -0.51514	
1.64	3.15466e-16 0 -0.51514	
1.65	3.15618e-16 0 -0.51514	
1.66	3.1527e-16 0 -0.51514	
1.67	3.15122e-16 0 -0.51514	
1.68	3.15111e-16 0 -0.51514	
1.69	3.15155e-16 0 -0.51514	
1.7	3.15437e-16 0 -0.51514	
1.71	3.15539e-16 0 -0.51514	
1.72	3.1565e-16 0 -0.51514	
1.73	3.15395e-16 0 -0.51514	
1.74	3.15424e-16 0 -0.51514	
1.75	3.15394e-16 0 -0.51514	
1.76	3.15073e-16 0 -0.51514	
1.77	3.15376e-16 0 -0.51514	
1.78	3.15289e-16 0 -0.51514	
1.79	3.15215e-16 0 -0.51514	
1.8	3.15344e-16 0 -0.51514	
1.81	3.1543e-16 0 -0.51514	
1.82	3.15506e-16 0 -0.51514	
1.83	3.15831e-16 0 -0.51514	
1.84	3.15813e-16 0 -0.51514	
1.85	3.1593e-16 0 -0.51514	
1.86	3.16202e-16 0 -0.51514	
1.87	3.16317e-16 0 -0.51514	
1.88	3.17138e-16 0 -0.51514	
1.89	3.18157e-16 0 -0.51514	
1.9	3.18748e-16 0 -0.51514	
1.91	3.19011e-16 0 -0.51514	
1.92	3.19282e-16 0 -0.51514	
1.93	3.20405e-16 0 -0.51514	
1.94	3.2241e-16 0 -0.51514	
1.95	3.23562e-16 0 -0.51514	
1.96	3.24699e-16 0 -0.51514	
1.97	3.25856e-16 0 -0.51514	
1.98	3.26918e-16 0 -0.51514	
1.99	3.27859e-16 0 -0.51514	
2	3.28531e-16 0 -0.51514	
2.01	3.29251e-16 0 -0.51514	
2.02	3.29598e-16 0 -0.51514	
2.03	3.2986e-16 0 -0.51514	
2.04	3.30175e-16 0 -0.51514	
2.05	3.30609e-16 0 -0.51514	
2.06	3.30642e-16 0 -0.51514	
2.07	3.30863e-16 0 -0.51514	
2.08	3.31083e-16 0 -0.51514	
2.09	3.31173e-16 0 -0.51514	
2.1	3.31569e-16 0 -0.51514	
2.11	3.31867e-16 0 -0.51514	
2.12	3.31989e-16 0 -0.51514	
2.13	3.32359e-16 0 -0.51514	
2.14	3.32543e-16 0 -0.51514	
2.15	3.32479e-16 0 -0.51514	
2.16	3.32674e-16 0 -0.51514	
2.17	3.32719e-16 0 -0.51514	
2.18	3.32719e-16 0 -0.51514	
2.19	3.32591e-16 0 -0.51514	
2.2	3.3259e-16 0 -0.51514	
2.21	3.3256e-16 0 -0.51514	
2.22	3.32592e-16 0 -0.51514	
2.23	3.32497e-16 0 -0.51514	
2.24	3.32157e-16 0 -0.51514	
2.25	3.3201e-16 0 -0.51514	
2.26	3.31725e-16 0 -0.51514	
2.27	3.31426e-16 0 -0.51514	
2.28	3.30999e-16 0 -0.51514	
2.29	3.30405e-16 0 -0.51514	
2.3	3.30303e-16 0 -0.51514	
2.31	3.30057e-16 0 -0.51514	
2.32	3.29779e-16 0 -0.51514	
2.33	3.29117e-16 0 -0.51514	
2.34	3.28784e-16 0 -0.51514	
2.35	3.28564e-16 0 -0.51514	
2.36	3.28169e-16 0 -0.51514	
2.37	3.28002e-16 0 -0.51514	
2.38	3.2785e-16 0 -0.51514	
2.39	3.27699e-16 0 -0.51514	
2.4	3.27652e-16 0 -0.51514	
2.41	3.27419e-16 0 -0.51514	
2.42	3.27383e-16 0 -0.51514	
2.43	3.2704e-16 0 -0.51514	
2.44	3.26252e-16 0 -0.51514	
2.45	3.25677e-16 0 -0.51514	
2.46	3.25154e-16 0 -0.51514	
2.47	3.24707e-16 0 -0.51514	
2.48	3.24376e-16 0 -0.51514	
2.49	3.24185e-16 0 -0.51514	
2.5	3.24088e-16 0 -0.51514	
2.51	3.24038e-16 0 -0.51514	
2.52	3.23965e-16 0 -0.51514	
2.53	3.23983e-16 0 -0.51514	
2.54	3.23934e-16 0 -0.51514	
2.55	3.23973e-16 0 -0.51514	
2.56	3.2399e-16 0 -0.51514	
2.57	3.23961e-16 0 -0.51514	
2.58	3.23999e-16 0 -0.51514	
2.59	3.23928e-16 0 -0.51514	
2.6	3.23792e-16 0 -0.51514	
2.61	3.23896e-16 0 -0.51514	
2.62	3.23951e-16 0 -0.51514	
2.63	3.24032e-16 0 -0.51514	
2.64	3.24048e-16 0 -0.51514	
2.65	3.2373e-16 0 -0.51514	
2.66	3.23893e-16 0 -0.51514	
2.67	3.23828e-16 0 -0.51514	
2.68	3.23991e-16 0 -0.51514	
2.69	3.24218e-16 0 -0.51514	
2.7	3.2454e-16 0 -0.51514	
2.71	3.24522e-16 0 -0.51514	
2.72	3.24624e-16 0 -0.51514	
2.73	3.24471e-16 0 -0.51514	
2.74	3.24381e-16 0 -0.51514	
2.75	3.24377e-16 0 -0.51514	
2.76	3.24477e-16 0 -0.51514	
2.77	3.24745e-16 0 -0.51514	
2.78	3.25152e-16 0 -0.51514	
2.79	3.25745e-16 0 -0.51514	
2.8	3.26351e-16 0 -0.51514	
2.81	3.27014e-16 0 -0.51514	
2.82	3.27286e-16 0 -0.51514	
2.83	3.28027e-16 0 -0.51514	
2.84	3.28696e-16 0 -0.51514	
2.85	3.2984e-16 0 -0.51514	
2.86	3.30663e-16 0 -0.51514	
2.87	3.31495e-16 0 -0.51514	
2.88	3.32248e-16 0 -0.51514	
2.89	3.32915e-16 0 -0.51514	
2.9	3.33518e-16 0 -0.51514	
2.91	3.33832e-16 0 -0.51514	
2.92	3.34138e-16 0 -0.51514	
2.93	3.34458e-16 0 -0.51514	
2.94	-2.18125 -1.0908 5.0253	
2.95	-3.82718 -2.63032 13.4477	
2.96	-3.84729 -2.61245 15.7792	
2.97	-2.98631 -2.96695 20.0024	
2.98	-2.07083 -2.35807 20.7385	
2.99	-0.854072 -2.37267 21.5366	
3	-0.837822 -2.29375 20.8781	
3.01	-0.804858 -2.21144 20.0952	
3.02	-0.776634 -2.1308 19.3488	
3.03	-0.743545 -2.05527 18.6161	
3.04	-0.097424 -1.97269 18.242	
3.05	2.34121 -1.4472 18.8392	
3.06	3.19821 -1.44194 18.7554	
3.07	3.72393 -1.95937 21.1796	
3.08	4.07591 -2.84145 27.5596	
3.09	3.47517 -2.71377 29.8312	
3.1	3.45362 -2.51277 30.6258	
3.11	2.94242 -2.89677 31.9674	
3.12	3.08303 -3.1471 34.0993	
3.13	3.0574 -3.06469 32.5492	
3.14	3.04481 -2.98741 30.9605	
3.15	3.03504 -2.91091 29.3541	
3.16	-6.65797 -17.255 27.6685	
3.17	-6.43984 -16.4873 26.6217	
3.18	-9.73402 -0.268305 8.61573	
3.19	-5.08694 -0.545887 3.01821	
3.2	-4.90385 -0.51772 2.91485	
3.21	-32.7469 0.238994 5.35246	
3.22	-13.6015 -1.65755 2.1342	
3.23	-12.0389 -1.75055 2.41536	
3.24	-3.98709 -2.89175 2.88087	
3.25	-3.83248 -2.79955 2.7995	
3.26	-2.65079 -2.1693 1.78582	
3.27	2.70077 -1.52534 1.3947	
3.28	6.81583 -0.0755793 -1.31651	
3.29	25.385 -0.780904 -1.88407	
3.3	22.2626 -2.93493 -4.30348	
3.31	1.84521 3.40761 6.18604	
3.32	8.76126 0.619564 1.82506	
3.33	6.40996 -5.16108 -7.2352	
3.34	8.60049 -12.648 1.07593	
3.35	18.5765 -16.219 7.26078	
3.36	18.7535 -17.1177 6.19254	
3.37	18.2705 -16.8179 5.79222	
3.38	17.5285 -16.2172 5.47377	
3.39	16.7688 -15.6219 5.1406	
3.4	16.1094 -15.0226 4.91978	
3.41	15.5077 -14.4645 4.71903	
3.42	14.9257 -13.9164 4.53488	
3.43	14.3863 -13.4102 4.35441	
3.44	13.8603 -12.8856 4.21477	
3.45	13.3806 -12.4021 4.0831	
3.46	12.8883 -11.9873 3.87027	
3.47	12.4027 -11.6133 3.62577	
3.48	11.9414 -11.2668 3.38174	
3.49	11.4958 -11.0686 2.99655	
3.5	11.0307 -10.8044 2.67036	
3.51	10.6106 -10.4794 2.46092	
3.52	10.2145 -10.0348 2.41181	
3.53	9.6912 -9.36049 2.49344	
3.54	9.05675 -8.6493 2.5102	
3.55	8.39855 -8.00379 2.43623	
3.56	7.72558 -7.30944 2.40579	
3.57	7.0183 -6.53412 2.43452	
3.58	6.26443 -5.59137 2.60486	
3.59	5.35175 -4.51296 2.77044	
3.6	4.41043 -3.57766 2.75474	
3.61	3.48011 -2.67805 2.71471	
3.62	2.56787 -1.67093 2.8142	
3.63	1.97673 -0.903357 2.97341	
3.64	1.28071 -0.136081 3.03167	
3.65	0.642349 0.389464 2.88553	
3.66	0.177443 0.682948 2.6604	
3.67	-0.11826 0.824925 2.44025	
3.68	-0.291672 0.887954 2.25793	
3.69	-0.401561 0.904771 2.09088	
3.7	-0.533799 0.911306 1.89315	
3.71	-0.679994 0.909265 1.67485	
3.72	-0.892176 0.926305 1.41454	
3.73	-1.13292 0.927688 1.1112	
3.74	-1.32421 0.890047 0.816564	
3.75	-1.47369 0.806745 0.515686	
3.76	-1.59312 0.683964 0.203585	
3.77	-1.65692 0.530334 -0.0849803	
3.78	-1.66869 0.351179 -0.347813	
3.79	-1.65005 0.130747 -0.62372	
3.8	-1.58854 -0.0924133 -0.858149	
3.81	-1.49471 -0.295538 -1.0367	
3.82	-1.39779 -0.435427 -1.14109	
3.83	-1.33465 -0.5301 -1.22772	
3.84	-1.28483 -0.587728 -1.28533	
3.85	-1.23204 -0.590685 -1.27847	
3.86	-1.19494 -0.605319 -1.29844	
3.87	-1.16562 -0.648145 -1.35555	
3.88	-1.11375 -0.703588 -1.4027	
3.89	-1.0609 -0.733359 -1.41935	
3.9	-1.01688 -0.735183 -1.41281	
3.91	-0.980592 -0.723484 -1.39785	
3.92	-0.945914 -0.708001 -1.37911	
3.93	-0.914973 -0.697774 -1.36865	
3.94	-0.887027 -0.687449 -1.35991	
3.95	-0.854718 -0.668829 -1.33666	
3.96	-0.828212 -0.649959 -1.31783	
3.97	-0.815788 -0.623559 -1.30369	
3.98	-0.791117 -0.595781 -1.27491	
3.99	-0.760981 -0.574418 -1.24679	
4	-0.730028 -0.551935 -1.21571	
4.01	-0.697334 -0.535692 -1.18886	
4.02	-0.668575 -0.51911 -1.1647	
4.03	-0.641969 -0.509322 -1.1493	
4.04	-0.616839 -0.49843 -1.13337	
4.05	-0.590495 -0.485755 -1.11352	
4.06	-0.565419 -0.471759 -1.09274	
4.07	-0.54283 -0.457651 -1.07361	
4.08	-0.521176 -0.44456 -1.05584	
4.09	-0.498204 -0.433826 -1.03868	
4.1	-0.482047 -0.424208 -1.02889	
4.11	-0.465177 -0.413783 -1.01689	
4.12	-0.449391 -0.401664 -1.00352	
4.13	-0.433617 -0.38925 -0.989275	
4.14	-0.417261 -0.379336 -0.976648	
4.15	-0.396574 -0.372619 -0.962701	
4.16	-0.380043 -0.36772 -0.954367	
4.17	-0.363448 -0.362982 -0.945656	
4.18	-0.350189 -0.356644 -0.938033	
4.19	-0.339082 -0.348338 -0.929935	
4.2	-0.330416 -0.337352 -0.920886	
4.21	-0.319181 -0.32264 -0.904781	
4.22	-0.305021 -0.310437 -0.88812	
4.23	-0.29186 -0.298135 -0.871951	
4.24	-0.285475 -0.283951 -0.860066	
4.25	-0.27651 -0.272462 -0.848212	
4.26	-0.265395 -0.264023 -0.837217	
4.27	-0.257088 -0.254431 -0.827408	
4.28	-0.250983 -0.244509 -0.819099	
4.29	-0.242993 -0.235634 -0.809753	
4.3	-0.234376 -0.227442 -0.800231	
4.31	-0.225037 -0.218718 -0.78912	
4.32	-0.216429 -0.2119 -0.780541	
4.33	-0.209538 -0.203036 -0.771156	
4.34	-0.201783 -0.195783 -0.762418	
4.35	-0.194957 -0.188382 -0.75419	
4.36	-0.188131 -0.181085 -0.745832	
4.37	-0.181544 -0.174068 -0.737787	
4.38	-0.17728 -0.163861 -0.728326	
4.39	-0.172845 -0.155374 -0.720364	
4.4	-0.16792 -0.148055 -0.712988	
4.41	-0.162503 -0.141757 -0.706042	
4.42	-0.157104 -0.135692 -0.699176	
4.43	-0.151485 -0.130414 -0.692767	
4.44	-0.145559 -0.125407 -0.686171	
4.45	-0.140224 -0.12053 -0.68013	
4.46	-0.135457 -0.115242 -0.674036	
4.47	-0.131092 -0.109542 -0.667729	
4.48	-0.126987 -0.1043 -0.662026	
4.49	-0.122714 -0.0997125 -0.656724	
4.5	-0.118467 -0.0957216 -0.651958	
4.51	-0.1139 -0.0919456 -0.646972	
4.52	-0.109872 -0.0883483 -0.642582	
4.53	-0.105708 -0.0843654 -0.637506	
4.54	-0.10254 -0.080283 -0.633185	
4.55	-0.0995017 -0.0766181 -0.629331	
4.56	-0.0959131 -0.0735092 -0.625424	
4.57	-0.0923855 -0.0708364 -0.621945	
4.58	-0.089052 -0.0682868 -0.618687	
4.59	-0.0858172 -0.0660082 -0.61572	
4.6	-0.0837431 -0.0626719 -0.612646	
4.61	-0.0817514 -0.0604208 -0.610748	
4.62	-0.0795721 -0.0586885 -0.60914	
4.63	-0.0770128 -0.0566227 -0.6067	
4.64	-0.0741011 -0.0545368 -0.603802	
4.65	-0.071591 -0.0527427 -0.60154	
4.66	-0.0690257 -0.0509888 -0.599188	
4.67	-0.0662492 -0.0491921 -0.596502	
4.68	-0.0636308 -0.0477698 -0.59431	
4.69	-0.0612676 -0.0468583 -0.592859	
4.7	-0.0594672 -0.0457008 -0.591629	
4.71	-0.0577358 -0.0435686 -0.589332	
4.72	-0.056231 -0.041567 -0.58734	
4.73	-0.054601 -0.0399466 -0.58558	
4.74	-0.0529075 -0.038563 -0.583957	
4.75	-0.0509845 -0.037197 -0.582068	
4.76	-0.0489511 -0.0356898 -0.57986	
4.77	-0.0469181 -0.03444 -0.577881	
4.78	-0.04503 -0.0332658 -0.576078	
4.79	-0.0434813 -0.032027 -0.574492	
4.8	-0.0419081 -0.030791 -0.572837	
4.81	-3.02284 2.93794 13.9311	
4.82	-2.74983 3.95404 14.3412	
4.83	-1.61432 4.13534 23.9906	
4.84	-1.54903 3.98276 23.0849	
4.85	0.803775 3.18482 27.3688	
4.86	0.789129 3.06346 26.3212	
4.87	2.73231 1.24159 29.7676	
4.88	2.65242 1.18873 28.6218	
4.89	2.58036 1.13591 27.5075	
4.9	3.23729 0.76318 26.9079	
4.91	3.15616 0.720473 25.8216	
4.92	3.07341 0.681249 24.7868	
4.93	2.97681 0.65017 23.8274	
4.94	0.290428 -0.648185 21.7434	
4.95	-0.318333 -0.887734 17.548	
4.96	4.00549 -10.7333 14.9521	
4.97	-2.57197 -0.141348 2.79822	
4.98	-2.49266 -0.0788873 2.69711	
4.99	-30.8636 -0.424295 0.831442	
5	-12.5303 -3.41903 4.56854	
5.01	-4.33497 -1.2197 3.38959	
5.02	22.2189 -2.01994 -4.1421	
5.03	22.9398 9.81514 -20.745	
5.04	0.195273 1.62893 -12.7048	
5.05	-2.01261 6.75334 -6.56967	
5.06	-2.25693 7.96159 -6.74249	
5.07	-2.42038 8.68396 -6.94816	
5.08	-2.46544 9.37259 -6.42879	
5.09	-2.56112 10.185 -6.0961	
5.1	-2.73417 11.1432 -6.09751	
5.11	-2.93934 12.1142 -6.29266	
5.12	-3.15016 13.1647 -6.43444	
5.13	-3.33942 14.1395 -6.52404	
5.14	-3.55985 15.4092 -6.47955	
5.15	-3.55877 15.5396 -6.30443	
5.16	-3.47752 15.2509 -6.09037	
5.17	-3.41703 15.0657 -5.89294	
5.18	-3.45127 15.2759 -5.85706	
5.19	-3.46535 15.4648 -5.71583	
5.2	-3.44158 15.5338 -5.46761	
5.21	-3.49 15.9976 -5.23579	
5.22	-3.52324 16.3143 -5.07439	
5.23	-3.48884 16.328 -4.82228	
5.24	-3.39915 16.1275 -4.45792	
5.25	-3.20112 15.5931 -3.77517	
5.26	-3.02918 14.9373 -3.39976	
5.27	-2.91278 14.2804 -3.38482	
5.28	-2.80215 13.7041 -3.3157	
5.29	-2.67613 13.14 -3.13369	
5.3	-2.55767 12.6096 -2.96239	
5.31	-2.43065 11.903 -2.93727	
5.32	-2.3009 11.1201 -2.98189	
5.33	-2.1566 10.2896 -2.98721	
5.34	-1.95787 9.18404 -2.95513	
5.35	-1.73028 7.77626 -3.08162	
5.36	-1.67377 7.09728 -3.48207	
5.37	-1.59889 6.62692 -3.52636	
5.38	-1.52112 6.28563 -3.40509	
5.39	-1.50909 6.28922 -3.31538	
5.4	-1.52118 6.43911 -3.21483	
5.41	-1.53909 6.52325 -3.22709	
5.42	-1.56868 6.5145 -3.42107	
5.43	-1.5656 6.31844 -3.61786	
5.44	-1.51693 6.08712 -3.56076	
5.45	-1.4791 5.88446 -3.54115	
5.46	-1.44363 5.69419 -3.52298	
5.47	-1.39348 5.50033 -3.41427	
5.48	-1.39004 5.15231 -3.7832	
5.49	-1.33876 4.96258 -3.6629	
5.5	-1.31052 4.8742 -3.57605	
5.51	-1.29745 4.8772 -3.48313	
5.52	-1.26018 4.75205 -3.38023	
5.53	-1.23528 4.68664 -3.28928	
5.54	-1.19251 4.52696 -3.1906	
5.55	-1.14986 4.38504 -3.07267	
5.56	-1.10833 4.22946 -2.97766	
5.57	-1.06851 4.07776 -2.88937	
5.58	-1.02973 3.93165 -2.80164	
5.59	-0.991889 3.78723 -2.71818	
5.6	-0.956281 3.65251 -2.63821	
5.61	-0.921142 3.51831 -2.56081	
5.62	-0.888075 3.39312 -2.48664	
5.63	-0.855444 3.26841 -2.41486	
5.64	-0.824375 3.15018 -2.3459	
5.65	-0.794434 3.0362 -2.27949	
5.66	-0.765918 2.92811 -2.21567	
5.67	-0.738101 2.82215 -2.15406	
5.68	-0.711295 2.72001 -2.09471	
5.69	-0.685464 2.62155 -2.03755	
5.7	-0.660699 2.52567 -1.98445	
5.71	-0.636581 2.43518 -1.92946	
5.72	-0.613464 2.34701 -1.87838	
5.73	-0.591187 2.26202 -1.82917	
5.74	-0.56983 2.17926 -1.78346	
5.75	-0.54903 2.10114 -1.73611	
5.76	-0.528878 2.02447 -1.69139	
5.77	-0.50998 1.95093 -1.65127	
5.78	-0.491366 1.88099 -1.60894	
5.79	-0.473616 1.81214 -1.57102	
5.8	-0.456329 1.74716 -1.53174	
5.81	-0.43976 1.68385 -1.49525	
5.82	-0.423792 1.62284 -1.4601	
5.83	-0.408484 1.56342 -1.42744	
5.84	-0.393575 1.50735 -1.3936	
5.85	-0.379205 1.45175 -1.36276	
5.86	-0.365513 1.40006 -1.33188	
5.87	-0.352088 1.3485 -1.30263	
5.88	-0.339453 1.30041 -1.27459	
5.89	-0.327193 1.25278 -1.24847	
5.9	-0.315251 1.20783 -1.22141	
5.91	-0.303805 1.16404 -1.19627	
5.92	-0.292775 1.12184 -1.17205	
5.93	-0.282145 1.08116 -1.14871	
5.94	-0.271782 1.04133 -1.12617	
5.95	-0.262081 1.00379 -1.10533	
5.96	-0.252619 0.968041 -1.08403	
5.97	-0.243397 0.932314 -1.06429	
5.98	-0.23456 0.898504 -1.04488	
5.99	-0.226044 0.865919 -1.02619	
6	-0.217795 0.834836 -1.00752	
6.01	-0.209888 0.804558 -0.990188	
6.02	-0.202268 0.775378 -0.973484	
6.03	-0.194963 0.746967 -0.957966	
6.04	-0.187803 0.719439 -0.942402	
6.05	-0.181064 0.693762 -0.927473	
6.06	-0.174456 0.668854 -0.912537	
6.07	-0.168224 0.644526 -0.899394	
6.08	-0.162019 0.621209 -0.885293	
6.09	-0.156137 0.598674 -0.872411	
6.1	-0.150499 0.576734 -0.860444	
6.11	-0.145007 0.556025 -0.848036	
6.12	-0.139742 0.535853 -0.83651	
6.13	-0.134637 0.515903 -0.825779	
6.14	-0.129806 0.497486 -0.815087	
6.15	-0.125094 0.479437 -0.804761	
6.16	-0.120553 0.462042 -0.79481	
6.17	-0.116176 0.445279 -0.785221	
6.18	-0.111959 0.429123 -0.775982	
6.19	-0.107873 0.413712 -0.766758	
6.2	-0.103978 0.398547 -0.758498	
6.21	-0.100183 0.384234 -0.749934	
6.22	-0.0965656 0.37015 -0.742264	
6.23	-0.0930194 0.356504 -0.73457	
6.24	-0.0896639 0.343907 -0.726923	
6.25	-0.0863885 0.331101 -0.720044	
6.26	-0.0832888 0.319278 -0.713191	
6.27	-0.0802493 0.307811 -0.706333	
6.28	-0.0773675 0.296725 -0.700069	
6.29	-0.0745287 0.285876 -0.693823	
6.3	-0.0718376 0.275397 -0.688121	
6.31	-0.0692298 0.265403 -0.682412	
6.32	-0.0667167 0.255771 -0.676911	
6.33	-0.0642819 0.246584 -0.671419	
6.34	-0.0619608 0.237544 -0.666502	
6.35	-0.0596855 0.228786 -0.661568	
6.36	-0.057544 0.220616 -0.656836	
6.37	-0.055444 0.212691 -0.6521	
6.38	-0.053453 0.20503 -0.647774	
6.39	-0.051502 0.197458 -0.643614	
6.4	-0.0496325 0.190292 -0.639523	
6.41	-0.0478099 0.183275 -0.635572	
6.42	-0.0460853 0.176798 -0.631645	
6.43	-0.0444124 0.170381 -0.627989	
6.44	-0.0428002 0.164198 -0.624466	
6.45	-0.0412465 0.158238 -0.621071	
6.46	-0.0397665 0.152587 -0.617806	
6.47	-0.0383063 0.146961 -0.614646	
6.48	-0.0369232 0.141573 -0.611717	
6.49	-0.0355829 0.136434 -0.608785	
6.5	-0.0342983 0.13157 -0.605905	
6.51	-0.0330398 0.126759 -0.603139	
6.52	-0.0318468 0.122112 -0.600613	
6.53	-0.0307041 0.11775 -0.59809	
6.54	-0.0295708 0.113452 -0.595559	
6.55	-0.028503 0.109292 -0.593299	
6.56	-0.0274748 0.105429 -0.590959	
6.57	-0.026466 0.101541 -0.588776	
6.58	-0.0255104 0.0978185 -0.586753	
6.59	-0.024595 0.0943248 -0.584733	
6.6	-0.0236975 0.090936 -0.58271	
6.61	-0.0228319 0.0875492 -0.580895	
6.62	-0.0220031 0.0843715 -0.579083	
6.63	-0.0212002 0.0813403 -0.577273	
6.64	-0.0204258 0.0783107 -0.575649	
6.65	-0.019689 0.0755427 -0.573972	
6.66	-0.0189781 0.0727729 -0.572467	
6.67	-0.0182812 0.0700892 -0.570958	
6.68	-0.0176253 0.0675859 -0.569509	
6.69	-0.0169855 0.0651328 -0.56811	
6.7	-0.0163656 0.0627927 -0.566713	
6.71	-0.0157747 0.0604903 -0.565463	
6.72	-0.0152087 0.0583298 -0.564213	
6.73	-0.0146503 0.0561788 -0.563004	
6.74	-0.0141185 0.0541396 -0.561841	
6.75	-0.013606 0.0521745 -0.56072	
6.76	-0.0131121 0.0502807 -0.55964	
6.77	-0.0126361 0.0484556 -0.5586	
6.78	-0.0121774 0.0466968 -0.557597	
6.79	-0.0117354 0.0450018 -0.55663	
6.8	-0.0113071 0.043385 -0.555665	
6.81	-0.0108967 0.0418102 -0.554769	
6.82	-0.0105032 0.0402771 -0.553936	
6.83	-0.01012 0.03883 -0.553072	
6.84	-0.00975455 0.0374063 -0.552299	
6.85	-0.00939858 0.0360623 -0.551497	
6.86	-0.00905923 0.03474 -0.550779	
6.87	-0.00873038 0.033479 -0.55006	
6.88	-0.00841179 0.0322761 -0.549342	
6.89	-0.00810645 0.0311046 -0.548675	
6.9	-0.00781375 0.0299641 -0.548056	
6.91	-0.00753011 0.0288764 -0.547436	
6.92	-0.00725677 0.0278282 -0.546838	
6.93	-0.00699619 0.0268257 -0.546272	
6.94	-0.00699196 0.0268284 -0.546241	
6.95	-0.00699336 0.0268181 -0.546262	
6.96	-0.0069964 0.0268343 -0.546263	
6.97	-0.00699336 0.0268181 -0.546262	
6.98	-0.00699336 0.0268181 -0.546262	
6.99	-0.00698911 0.0268208 -0.546232	
7	-0.00699336 0.0268181 -0.546262	
7.01	-0.00699336 0.0268181 -0.546262	
7.02	-0.00699336 0.0268181 -0.546262	
7.03	-0.00699336 0.0268181 -0.546262	
7.04	-0.00699196 0.0268284 -0.546241	
7.05	-0.00699196 0.0268284 -0.546241	
7.06	-0.00699196 0.0268284 -0.546241	
7.07	-0.00699336 0.0268181 -0.546262	
7.08	-0.00699336 0.0268181 -0.546262	
7.09	-0.00699196 0.0268284 -0.546241	
7.1	-0.00699336 0.0268181 -0.546262	
7.11	-0.00699196 0.0268284 -0.546241	
7.12	-0.00699619 0.0268257 -0.546272	
7.13	-0.00699336 0.0268181 -0.546262	
7.14	-0.00699336 0.0268181 -0.546262	
7.15	-0.00699196 0.0268284 -0.546241	
7.16	-0.00699336 0.0268181 -0.546262	
7.17	-0.0069903 0.026802 -0.546261	
7.18	-0.00699336 0.0268181 -0.546262	
7.19	-0.00699336 0.0268181 -0.546262	
7.2	-0.00699196 0.0268284 -0.546241	
7.21	-0.0069948 0.026836 -0.546251	
7.22	-0.0069948 0.026836 -0.546251	
7.23	-0.00699336 0.0268181 -0.546262	
7.24	-0.00699336 0.0268181 -0.546262	
7.25	-0.00699196 0.0268284 -0.546241	
7.26	-0.00699336 0.0268181 -0.546262	
7.27	-0.00699336 0.0268181 -0.546262	
7.28	-0.006995 0.0268445 -0.546243	
7.29	-0.00699336 0.0268181 -0.546262	
7.3	-0.00699336 0.0268181 -0.546262	
7.31	-0.00699051 0.0268105 -0.546252	
7.32	-0.006995 0.0268445 -0.546243	
7.33	-0.00699336 0.0268181 -0.546262	
7.34	-0.00699336 0.0268181 -0.546262	
7.35	-0.00699336 0.0268181 -0.546262	
7.36	-0.00699336 0.0268181 -0.546262	
7.37	-0.00699336 0.0268181 -0.546262	
7.38	-0.00699196 0.0268284 -0.546241	
7.39	-0.00699336 0.0268181 -0.546262	
7.4	-0.00699336 0.0268181 -0.546262	
7.41	-0.00699336 0.0268181 -0.546262	
7.42	-0.00699336 0.0268181 -0.546262	
7.43	-0.00699196 0.0268284 -0.546241	
7.44	-0.00699196 0.0268284 -0.546241	
7.45	-0.00699196 0.0268284 -0.546241	
7.46	-0.006995 0.0268445 -0.546243	
7.47	-0.00699336 0.0268181 -0.546262	
7.48	-0.00699196 0.0268284 -0.546241	
7.49	-0.00699196 0.0268284 -0.546241	
7.5	-0.00699619 0.0268257 -0.546272	
7.51	-0.00699196 0.0268284 -0.546241	
7.52	-0.00699196 0.0268284 -0.546241	
7.53	-0.00699336 0.0268181 -0.546262	
7.54	-0.00699336 0.0268181 -0.546262	
7.55	-0.00699336 0.0268181 -0.546262	
7.56	-0.00699196 0.0268284 -0.546241	
7.57	-0.00699336 0.0268181 -0.546262	
