# Gnuplot File : positions of 1 particle(s) Monitored
# 1st Column : time, others : particle(s) number 0 
0.01	6.56571 30.03 -8.56447	
0.02	6.56665 30.0302 -8.56457	
0.03	6.56571 30.03 -8.56557	
0.04	6.56571 30.03 -8.56598	
0.05	6.56571 30.0274 -8.57426	
0.06	6.56571 30.0274 -8.57453	
0.07	6.56571 30.03 -8.5668	
0.08	6.56571 30.03 -8.56698	
0.09	6.56571 30.03 -8.56713	
0.1	6.56571 30.0274 -8.57521	
0.11	6.56571 30.03 -8.56736	
0.12	6.56571 30.03 -8.56744	
0.13	6.56571 30.03 -8.5675	
0.14	6.56571 30.03 -8.56756	
0.15	6.56571 30.03 -8.5676	
0.16	6.56571 30.0274 -8.5756	
0.17	6.56571 30.0274 -8.57563	
0.18	6.56571 30.03 -8.5677	
0.19	6.56571 30.03 -8.56772	
0.2	6.56571 30.03 -8.56773	
0.21	6.56571 30.0274 -8.5757	
0.22	6.56571 30.0274 -8.57571	
0.23	6.56571 30.03 -8.56777	
0.24	6.56571 30.03 -8.56777	
0.25	6.56571 30.0274 -8.57573	
0.26	6.55922 30.0295 -8.56799	
0.27	6.56571 30.0274 -8.57574	
0.28	6.56571 30.03 -8.56779	
0.29	6.57218 30.0279 -8.57555	
0.3	6.56571 30.03 -8.5678	
0.31	6.56571 30.03 -8.5678	
0.32	6.56571 30.03 -8.5678	
0.33	6.56571 30.03 -8.5678	
0.34	6.56665 30.0302 -8.56729	
0.35	6.56571 30.03 -8.5678	
0.36	6.55922 30.0295 -8.568	
0.37	6.56571 30.03 -8.5678	
0.38	6.56571 30.03 -8.5678	
0.39	6.56571 30.03 -8.5678	
0.4	6.56571 30.03 -8.5678	
0.41	6.56571 30.03 -8.5678	
0.42	6.56571 30.03 -8.5678	
0.43	6.56571 30.03 -8.5678	
0.44	6.56571 30.03 -8.5678	
0.45	6.57124 30.0277 -8.57606	
0.46	6.56571 30.03 -8.5678	
0.47	6.56665 30.0302 -8.56729	
0.48	6.56571 30.03 -8.5678	
0.49	6.56571 30.03 -8.5678	
0.5	6.56571 30.03 -8.5678	
0.51	6.56571 30.0274 -8.57575	
0.52	6.56571 30.03 -8.5678	
0.53	6.56571 30.03 -8.5678	
0.54	6.56571 30.03 -8.5678	
0.55	6.56571 30.0274 -8.57575	
0.56	6.56571 30.0274 -8.57575	
0.57	6.56571 30.0274 -8.57575	
0.58	6.56571 30.03 -8.5678	
0.59	6.56571 30.0274 -8.57575	
0.6	6.56571 30.03 -8.5678	
0.61	6.56571 30.03 -8.5678	
0.62	6.56571 30.03 -8.5678	
0.63	6.56571 30.03 -8.5678	
0.64	6.56571 30.03 -8.5678	
0.65	6.56571 30.03 -8.5678	
0.66	6.56571 30.03 -8.5678	
0.67	6.56571 30.03 -8.5678	
0.68	6.56571 30.03 -8.5678	
0.69	6.56571 30.03 -8.5678	
0.7	6.56571 30.03 -8.5678	
0.71	6.56571 30.03 -8.5678	
0.72	6.56571 30.03 -8.5678	
0.73	6.56571 30.03 -8.5678	
0.74	6.56571 30.03 -8.5678	
0.75	6.55922 30.0295 -8.568	
0.76	6.56571 30.03 -8.5678	
0.77	6.56571 30.03 -8.5678	
0.78	6.56571 30.03 -8.5678	
0.79	6.56571 30.03 -8.5678	
0.8	6.56016 30.0297 -8.5675	
0.81	6.56016 30.0297 -8.5675	
0.82	6.56571 30.0274 -8.57575	
0.83	6.56571 30.03 -8.5678	
0.84	6.56571 30.0274 -8.57575	
0.85	6.56571 30.0274 -8.57575	
0.86	6.56571 30.03 -8.5678	
0.87	6.56571 30.03 -8.5678	
0.88	6.56571 30.03 -8.5678	
0.89	6.56665 30.0302 -8.56729	
0.9	6.56571 30.0274 -8.57575	
0.91	6.56571 30.0274 -8.57575	
0.92	6.56571 30.03 -8.5678	
0.93	6.56571 30.03 -8.5678	
0.94	6.56571 30.03 -8.5678	
0.95	6.56571 30.03 -8.5678	
0.96	6.56571 30.03 -8.5678	
0.97	6.56571 30.03 -8.5678	
0.98	6.56571 30.03 -8.5678	
0.99	6.56571 30.03 -8.5678	
1	6.55922 30.0295 -8.568	
1.01	6.56571 30.03 -8.5678	
1.02	6.56571 30.03 -8.5678	
1.03	6.55922 30.0295 -8.568	
1.04	6.55922 30.0295 -8.568	
1.05	6.55922 30.0295 -8.568	
1.06	6.56571 30.03 -8.5678	
1.07	6.56571 30.0274 -8.57575	
1.08	6.56571 30.0274 -8.57575	
1.09	6.56571 30.03 -8.5678	
1.1	6.56665 30.0302 -8.56729	
1.11	6.56571 30.03 -8.5678	
1.12	6.56571 30.03 -8.5678	
1.13	6.56571 30.0274 -8.57575	
1.14	6.56571 30.03 -8.5678	
1.15	6.56571 30.03 -8.5678	
1.16	6.56665 30.0302 -8.56729	
1.17	6.56571 30.03 -8.5678	
1.18	6.56571 30.03 -8.5678	
1.19	6.56571 30.0274 -8.57575	
1.2	6.56571 30.03 -8.5678	
1.21	6.56571 30.03 -8.5678	
1.22	6.56665 30.0302 -8.56729	
1.23	6.56571 30.03 -8.5678	
1.24	6.56571 30.03 -8.5678	
1.25	6.56571 30.03 -8.5678	
1.26	6.56571 30.03 -8.5678	
1.27	6.56016 30.0297 -8.5675	
1.28	6.56571 30.0274 -8.57575	
1.29	6.56571 30.03 -8.5678	
1.3	6.56571 30.03 -8.5678	
1.31	6.56571 30.03 -8.5678	
1.32	6.56571 30.03 -8.5678	
1.33	6.55923 30.0269 -8.57595	
1.34	6.56571 30.0274 -8.57575	
1.35	6.56571 30.03 -8.5678	
1.36	6.56571 30.0274 -8.57575	
1.37	6.56571 30.0274 -8.57575	
1.38	6.56571 30.0274 -8.57575	
1.39	6.56571 30.03 -8.5678	
1.4	6.56571 30.03 -8.5678	
1.41	6.56571 30.0274 -8.57575	
1.42	6.56571 30.03 -8.5678	
1.43	6.56571 30.03 -8.5678	
1.44	6.56571 30.03 -8.5678	
1.45	6.56571 30.03 -8.5678	
1.46	6.56571 30.03 -8.5678	
1.47	6.56571 30.03 -8.5678	
1.48	6.56571 30.03 -8.5678	
1.49	6.56571 30.0274 -8.57575	
1.5	6.56571 30.0274 -8.57575	
1.51	6.56571 30.03 -8.5678	
1.52	6.55922 30.0295 -8.568	
1.53	6.56571 30.0274 -8.57575	
1.54	6.56571 30.0274 -8.57575	
1.55	6.55922 30.0295 -8.568	
1.56	6.56571 30.0274 -8.57575	
1.57	6.55922 30.0295 -8.568	
1.58	6.56571 30.0274 -8.57575	
1.59	6.56571 30.0274 -8.57575	
1.6	6.56665 30.0302 -8.56729	
1.61	6.55922 30.0295 -8.568	
1.62	6.56571 30.03 -8.5678	
1.63	6.56571 30.03 -8.5678	
1.64	6.56571 30.03 -8.5678	
1.65	6.56571 30.03 -8.5678	
1.66	6.56571 30.0274 -8.57575	
1.67	6.56571 30.0274 -8.57575	
1.68	6.56571 30.0274 -8.57575	
1.69	6.56571 30.0274 -8.57575	
1.7	6.56571 30.03 -8.5678	
1.71	6.56571 30.03 -8.5678	
1.72	6.56571 30.03 -8.5678	
1.73	6.56571 30.0274 -8.57575	
1.74	6.56571 30.0274 -8.57575	
1.75	6.56571 30.0274 -8.57575	
1.76	6.56571 30.03 -8.5678	
1.77	6.56571 30.03 -8.5678	
1.78	6.56571 30.03 -8.5678	
1.79	6.56571 30.0274 -8.57575	
1.8	6.56571 30.0274 -8.57575	
1.81	6.56571 30.03 -8.5678	
1.82	6.56571 30.03 -8.5678	
1.83	6.55922 30.0295 -8.568	
1.84	6.56571 30.03 -8.5678	
1.85	6.56571 30.03 -8.5678	
1.86	6.56571 30.03 -8.5678	
1.87	6.56571 30.03 -8.5678	
1.88	6.56571 30.03 -8.5678	
1.89	6.56571 30.03 -8.5678	
1.9	6.56571 30.03 -8.5678	
1.91	6.56571 30.03 -8.5678	
1.92	6.56571 30.0274 -8.57575	
1.93	6.55922 30.0295 -8.568	
1.94	6.56016 30.0297 -8.5675	
1.95	6.56571 30.03 -8.5678	
1.96	6.56571 30.03 -8.5678	
1.97	6.56016 30.0297 -8.5675	
1.98	6.56571 30.03 -8.5678	
1.99	6.56571 30.03 -8.5678	
2	6.56571 30.03 -8.5678	
2.01	6.56571 30.03 -8.5678	
2.02	6.56571 30.03 -8.5678	
2.03	6.56016 30.0297 -8.5675	
2.04	6.55922 30.0295 -8.568	
2.05	6.56016 30.0297 -8.5675	
2.06	6.56016 30.0297 -8.5675	
2.07	6.56571 30.03 -8.5678	
2.08	6.56571 30.03 -8.5678	
2.09	6.56571 30.03 -8.5678	
2.1	6.56571 30.03 -8.5678	
2.11	6.56571 30.0274 -8.57575	
2.12	6.56571 30.0274 -8.57575	
2.13	6.56571 30.03 -8.5678	
2.14	6.56571 30.03 -8.5678	
2.15	6.56571 30.03 -8.5678	
2.16	6.56571 30.03 -8.5678	
2.17	6.56571 30.03 -8.5678	
2.18	6.56571 30.0274 -8.57575	
2.19	6.56571 30.03 -8.5678	
2.2	6.56571 30.03 -8.5678	
2.21	6.56571 30.0274 -8.57575	
2.22	6.56571 30.03 -8.5678	
2.23	6.56571 30.03 -8.5678	
2.24	6.56571 30.03 -8.5678	
2.25	6.56571 30.03 -8.5678	
2.26	6.56571 30.03 -8.5678	
2.27	6.56477 30.0272 -8.57626	
2.28	6.56571 30.03 -8.5678	
2.29	6.56571 30.03 -8.5678	
2.3	6.56571 30.03 -8.5678	
2.31	6.56571 30.03 -8.5678	
2.32	6.56571 30.03 -8.5678	
2.33	6.56571 30.03 -8.5678	
2.34	6.55922 30.0295 -8.568	
2.35	6.56571 30.0274 -8.57575	
2.36	6.56571 30.0274 -8.57575	
2.37	6.56571 30.03 -8.5678	
2.38	6.55922 30.0295 -8.568	
2.39	6.56571 30.0274 -8.57575	
2.4	6.56571 30.03 -8.5678	
2.41	6.55922 30.0295 -8.568	
2.42	6.56571 30.0274 -8.57575	
2.43	6.56571 30.0274 -8.57575	
2.44	6.55922 30.0295 -8.568	
2.45	6.56571 30.03 -8.5678	
2.46	6.56571 30.0274 -8.57575	
2.47	6.56571 30.03 -8.5678	
2.48	6.56571 30.03 -8.5678	
2.49	6.56571 30.0274 -8.57575	
2.5	6.56571 30.03 -8.5678	
2.51	6.56571 30.03 -8.5678	
2.52	6.56571 30.0274 -8.57575	
2.53	6.56571 30.0274 -8.57575	
2.54	6.56571 30.03 -8.5678	
2.55	6.55922 30.0295 -8.568	
2.56	6.56571 30.03 -8.5678	
2.57	6.56571 30.03 -8.5678	
2.58	6.56571 30.0274 -8.57575	
2.59	6.56016 30.0297 -8.5675	
2.6	6.56571 30.03 -8.5678	
2.61	6.56571 30.03 -8.5678	
2.62	6.56571 30.0274 -8.57575	
2.63	6.56571 30.03 -8.5678	
2.64	6.56571 30.03 -8.5678	
2.65	6.56571 30.03 -8.5678	
2.66	6.56016 30.0297 -8.5675	
2.67	6.56571 30.03 -8.5678	
2.68	6.56665 30.0302 -8.56729	
2.69	6.55922 30.0295 -8.568	
2.7	6.56571 30.03 -8.5678	
2.71	6.56571 30.0274 -8.57575	
2.72	6.56571 30.03 -8.5678	
2.73	6.56571 30.03 -8.5678	
2.74	6.56571 30.03 -8.5678	
2.75	6.56571 30.0274 -8.57575	
2.76	6.55922 30.0295 -8.568	
2.77	6.56571 30.03 -8.5678	
2.78	6.56571 30.0274 -8.57575	
2.79	6.56571 30.03 -8.5678	
2.8	6.56571 30.0274 -8.57575	
2.81	6.56571 30.0274 -8.57575	
2.82	6.56571 30.03 -8.5678	
2.83	6.56571 30.03 -8.5678	
2.84	6.56571 30.03 -8.5678	
2.85	6.56571 30.03 -8.5678	
2.86	6.56571 30.03 -8.5678	
2.87	6.56571 30.03 -8.5678	
2.88	6.55923 30.0269 -8.57595	
2.89	6.56571 30.0274 -8.57575	
2.9	6.56571 30.03 -8.5678	
2.91	6.56571 30.03 -8.5678	
2.92	6.56571 30.03 -8.5678	
2.93	6.56571 30.0274 -8.57575	
2.94	6.56571 30.0274 -8.57575	
2.95	6.56571 30.03 -8.5678	
2.96	6.56571 30.03 -8.5678	
2.97	6.56571 30.03 -8.5678	
2.98	6.56571 30.0274 -8.57575	
2.99	6.56571 30.03 -8.5678	
3	6.56571 30.0274 -8.57575	
3.01	6.56571 30.03 -8.5678	
3.02	6.56571 30.03 -8.5678	
3.03	6.56571 30.0274 -8.57575	
3.04	6.56571 30.03 -8.5678	
3.05	6.56571 30.03 -8.5678	
3.06	6.56571 30.03 -8.5678	
3.07	6.56571 30.03 -8.5678	
3.08	6.56571 30.03 -8.5678	
3.09	6.56571 30.0274 -8.57575	
3.1	6.56571 30.03 -8.5678	
3.11	6.56571 30.03 -8.5678	
3.12	6.56571 30.0274 -8.57575	
3.13	6.56571 30.03 -8.5678	
3.14	6.56571 30.03 -8.5678	
3.15	6.55922 30.0295 -8.568	
3.16	6.56571 30.03 -8.5678	
3.17	6.56571 30.03 -8.5678	
3.18	6.56571 30.03 -8.5678	
3.19	6.56571 30.03 -8.5678	
3.2	6.56571 30.03 -8.5678	
3.21	6.57219 30.0305 -8.5676	
3.22	6.56571 30.03 -8.5678	
3.23	6.56571 30.03 -8.5678	
3.24	6.55922 30.0295 -8.568	
3.25	6.56571 30.03 -8.5678	
3.26	6.56571 30.03 -8.5678	
3.27	6.56571 30.0274 -8.57575	
3.28	6.56477 30.0272 -8.57626	
3.29	6.55923 30.0269 -8.57595	
3.3	6.56571 30.03 -8.5678	
3.31	6.56571 30.03 -8.5678	
3.32	6.56571 30.03 -8.5678	
3.33	6.55922 30.0295 -8.568	
3.34	6.56665 30.0302 -8.56729	
3.35	6.56571 30.0274 -8.57575	
3.36	6.56571 30.0274 -8.57575	
3.37	6.56571 30.0274 -8.57575	
3.38	6.56571 30.03 -8.5678	
3.39	6.56571 30.03 -8.5678	
3.4	6.56571 30.03 -8.5678	
3.41	6.56571 30.03 -8.5678	
3.42	6.56571 30.03 -8.5678	
3.43	6.56571 30.0274 -8.57575	
3.44	6.56571 30.03 -8.5678	
3.45	6.56571 30.03 -8.5678	
3.46	6.55922 30.0295 -8.568	
3.47	6.55922 30.0295 -8.568	
3.48	6.56571 30.03 -8.5678	
3.49	6.56571 30.0274 -8.57575	
3.5	6.56665 30.0302 -8.56729	
3.51	6.56571 30.03 -8.5678	
3.52	6.56016 30.0297 -8.5675	
3.53	6.56571 30.03 -8.5678	
3.54	6.56571 30.03 -8.5678	
3.55	6.56571 30.03 -8.5678	
3.56	6.56571 30.03 -8.5678	
3.57	6.56571 30.03 -8.5678	
3.58	6.56571 30.03 -8.5678	
3.59	6.56571 30.03 -8.5678	
3.6	6.55922 30.0295 -8.568	
3.61	6.56571 30.03 -8.5678	
3.62	6.56571 30.03 -8.5678	
3.63	6.55922 30.0295 -8.568	
3.64	6.55922 30.0295 -8.568	
3.65	6.56571 30.0274 -8.57575	
3.66	6.56571 30.03 -8.5678	
3.67	6.56571 30.0274 -8.57575	
3.68	6.55922 30.0295 -8.568	
3.69	6.56571 30.0274 -8.57575	
3.7	6.56571 30.03 -8.5678	
3.71	6.56571 30.03 -8.5678	
3.72	6.56571 30.0274 -8.57575	
3.73	6.56571 30.0274 -8.57575	
3.74	6.56571 30.03 -8.5678	
3.75	6.56571 30.03 -8.5678	
3.76	6.56477 30.0298 -8.5683	
3.77	6.56571 30.03 -8.5678	
3.78	6.56571 30.03 -8.5678	
3.79	6.56571 30.03 -8.5678	
3.8	6.56571 30.03 -8.5678	
3.81	6.56571 30.03 -8.5678	
3.82	6.56571 30.03 -8.5678	
3.83	6.56571 30.03 -8.5678	
3.84	6.56571 30.03 -8.5678	
3.85	6.56571 30.0274 -8.57575	
3.86	6.56571 30.03 -8.5678	
3.87	6.56571 30.03 -8.5678	
3.88	6.56571 30.03 -8.5678	
3.89	6.56571 30.03 -8.5678	
3.9	6.56665 30.0276 -8.57525	
3.91	6.56571 30.03 -8.5678	
3.92	6.56571 30.03 -8.5678	
3.93	6.56571 30.0274 -8.57575	
3.94	6.55922 30.0295 -8.568	
3.95	6.56571 30.03 -8.5678	
3.96	6.56571 30.0274 -8.57575	
3.97	6.56571 30.03 -8.5678	
3.98	6.56571 30.03 -8.5678	
3.99	6.56571 30.0274 -8.57575	
4	6.56477 30.0298 -8.5683	
4.01	6.56571 30.0274 -8.57575	
4.02	6.56571 30.03 -8.5678	
4.03	6.56571 30.03 -8.5678	
4.04	6.56571 30.03 -8.5678	
4.05	6.55923 30.0269 -8.57595	
4.06	6.56571 30.03 -8.5678	
4.07	6.56571 30.0274 -8.57575	
4.08	6.55922 30.0295 -8.568	
4.09	6.56571 30.03 -8.5678	
4.1	6.56571 30.0274 -8.57575	
4.11	6.56571 30.03 -8.5678	
4.12	6.55922 30.0295 -8.568	
4.13	6.56571 30.03 -8.5678	
4.14	6.56571 30.03 -8.5678	
4.15	6.56571 30.0274 -8.57575	
4.16	6.56571 30.03 -8.5678	
4.17	6.56571 30.03 -8.5678	
4.18	6.56571 30.0274 -8.57575	
4.19	6.56571 30.03 -8.5678	
4.2	6.56571 30.0274 -8.57575	
4.21	6.56571 30.0274 -8.57575	
4.22	6.55922 30.0295 -8.568	
4.23	6.56571 30.0274 -8.57575	
4.24	6.56571 30.03 -8.5678	
4.25	6.56571 30.03 -8.5678	
4.26	6.56571 30.03 -8.5678	
4.27	6.56571 30.03 -8.5678	
4.28	6.56571 30.03 -8.5678	
4.29	6.56571 30.03 -8.5678	
4.3	6.56571 30.03 -8.5678	
4.31	6.56665 30.0302 -8.56729	
4.32	6.56571 30.03 -8.5678	
4.33	6.56571 30.0274 -8.57575	
4.34	6.56477 30.0298 -8.5683	
4.35	6.56571 30.0274 -8.57575	
4.36	6.56571 30.03 -8.5678	
4.37	6.56571 30.0274 -8.57575	
4.38	6.56571 30.0274 -8.57575	
4.39	6.56571 30.0274 -8.57575	
4.4	6.56571 30.03 -8.5678	
4.41	6.56571 30.03 -8.5678	
4.42	6.56571 30.03 -8.5678	
4.43	6.56571 30.03 -8.5678	
4.44	6.56571 30.03 -8.5678	
4.45	6.56571 30.03 -8.5678	
4.46	6.55922 30.0295 -8.568	
4.47	6.56571 30.03 -8.5678	
4.48	6.56571 30.0274 -8.57575	
4.49	6.56571 30.0274 -8.57575	
4.5	6.56571 30.03 -8.5678	
4.51	6.56571 30.0274 -8.57575	
4.52	6.56571 30.03 -8.5678	
4.53	6.56571 30.0274 -8.57575	
4.54	6.56571 30.0274 -8.57575	
4.55	6.56571 30.03 -8.5678	
4.56	6.55922 30.0295 -8.568	
4.57	6.56571 30.03 -8.5678	
4.58	6.56571 30.03 -8.5678	
4.59	6.56571 30.0274 -8.57575	
4.6	6.56571 30.03 -8.5678	
4.61	6.55923 30.0269 -8.57595	
4.62	6.56571 30.03 -8.5678	
4.63	6.56665 30.0302 -8.56729	
4.64	6.56571 30.03 -8.5678	
4.65	6.56571 30.03 -8.5678	
4.66	6.56571 30.03 -8.5678	
4.67	6.56571 30.03 -8.5678	
4.68	6.55922 30.0295 -8.568	
4.69	6.56571 30.03 -8.5678	
4.7	6.56571 30.03 -8.5678	
4.71	6.56571 30.03 -8.5678	
4.72	6.56665 30.0302 -8.56729	
4.73	6.56571 30.03 -8.5678	
4.74	6.56571 30.03 -8.5678	
4.75	6.56571 30.03 -8.5678	
4.76	6.56571 30.0274 -8.57575	
4.77	6.56571 30.03 -8.5678	
4.78	6.56477 30.0298 -8.5683	
4.79	6.56571 30.03 -8.5678	
4.8	6.56571 30.03 -8.5678	
4.81	6.56571 30.0274 -8.57575	
4.82	6.56571 30.0274 -8.57575	
4.83	6.56571 30.03 -8.5678	
4.84	6.56571 30.03 -8.5678	
4.85	6.56571 30.03 -8.5678	
4.86	6.56571 30.03 -8.5678	
4.87	6.56571 30.03 -8.5678	
4.88	6.56571 30.03 -8.5678	
4.89	6.56571 30.0274 -8.57575	
4.9	6.56571 30.03 -8.5678	
4.91	6.55922 30.0295 -8.568	
4.92	6.56571 30.03 -8.5678	
4.93	6.55922 30.0295 -8.568	
4.94	6.56477 30.0298 -8.5683	
4.95	6.56571 30.03 -8.5678	
4.96	6.55922 30.0295 -8.568	
4.97	6.56571 30.03 -8.5678	
4.98	6.56571 30.03 -8.5678	
4.99	6.56571 30.03 -8.5678	
5	6.56571 30.0274 -8.57575	
5.01	6.56571 30.03 -8.5678	
5.02	6.56571 30.0274 -8.57575	
5.03	6.56571 30.0274 -8.57575	
5.04	6.55922 30.0295 -8.568	
5.05	6.56571 30.03 -8.5678	
5.06	6.56571 30.0274 -8.57575	
5.07	6.56571 30.03 -8.5678	
5.08	6.56571 30.03 -8.5678	
5.09	6.56571 30.03 -8.5678	
5.1	6.56571 30.0274 -8.57575	
5.11	6.56571 30.0274 -8.57575	
5.12	6.56571 30.0274 -8.57575	
5.13	6.56571 30.0274 -8.57575	
5.14	6.56571 30.0274 -8.57575	
5.15	6.56571 30.03 -8.5678	
5.16	6.56571 30.03 -8.5678	
5.17	6.55922 30.0295 -8.568	
5.18	6.56665 30.0302 -8.56729	
5.19	6.56571 30.03 -8.5678	
5.2	6.56571 30.0274 -8.57575	
5.21	6.56571 30.03 -8.5678	
5.22	6.56571 30.03 -8.5678	
5.23	6.56571 30.03 -8.5678	
5.24	6.56571 30.03 -8.5678	
5.25	6.56571 30.03 -8.5678	
5.26	6.56571 30.03 -8.5678	
5.27	6.56571 30.03 -8.5678	
5.28	6.56571 30.0274 -8.57575	
5.29	6.56571 30.03 -8.5678	
5.3	6.56571 30.03 -8.5678	
5.31	6.56571 30.03 -8.5678	
5.32	6.56571 30.03 -8.5678	
5.33	6.56571 30.03 -8.5678	
5.34	6.56571 30.03 -8.5678	
5.35	6.56571 30.03 -8.5678	
5.36	6.56571 30.03 -8.5678	
5.37	6.56571 30.03 -8.5678	
5.38	6.57218 30.0279 -8.57555	
5.39	6.56571 30.03 -8.5678	
5.4	6.56571 30.0274 -8.57575	
5.41	6.56571 30.0274 -8.57575	
5.42	6.56571 30.03 -8.5678	
5.43	6.56571 30.0274 -8.57575	
5.44	6.56571 30.03 -8.5678	
5.45	6.55922 30.0295 -8.568	
5.46	6.56571 30.03 -8.5678	
5.47	6.56571 30.0274 -8.57575	
5.48	6.56571 30.0274 -8.57575	
5.49	6.56571 30.0274 -8.57575	
5.5	6.56571 30.03 -8.5678	
5.51	6.56571 30.03 -8.5678	
5.52	6.55922 30.0295 -8.568	
5.53	6.56571 30.03 -8.5678	
5.54	6.56571 30.03 -8.5678	
5.55	6.56665 30.0302 -8.56729	
5.56	6.56571 30.0274 -8.57575	
5.57	6.56571 30.03 -8.5678	
5.58	6.56571 30.0274 -8.57575	
5.59	6.56571 30.0274 -8.57575	
5.6	6.56665 30.0302 -8.56729	
5.61	6.56571 30.03 -8.5678	
5.62	6.56571 30.03 -8.5678	
5.63	6.56571 30.0274 -8.57575	
5.64	6.56571 30.03 -8.5678	
5.65	6.56571 30.0274 -8.57575	
5.66	6.56571 30.0274 -8.57575	
5.67	6.56571 30.03 -8.5678	
5.68	6.56571 30.03 -8.5678	
5.69	6.56571 30.03 -8.5678	
5.7	6.56571 30.03 -8.5678	
5.71	6.56571 30.0274 -8.57575	
5.72	6.56571 30.03 -8.5678	
5.73	6.56571 30.03 -8.5678	
5.74	6.56571 30.0274 -8.57575	
5.75	6.55922 30.0295 -8.568	
5.76	6.56571 30.03 -8.5678	
5.77	6.56571 30.03 -8.5678	
5.78	6.56571 30.03 -8.5678	
5.79	6.56571 30.0274 -8.57575	
5.8	6.56571 30.0274 -8.57575	
5.81	6.56571 30.03 -8.5678	
5.82	6.55922 30.0295 -8.568	
5.83	6.55922 30.0295 -8.568	
5.84	6.56571 30.03 -8.5678	
5.85	6.56571 30.0274 -8.57575	
5.86	6.56571 30.03 -8.5678	
5.87	6.55922 30.0295 -8.568	
5.88	6.56571 30.03 -8.5678	
5.89	6.56571 30.03 -8.5678	
5.9	6.56571 30.03 -8.5678	
5.91	6.56571 30.03 -8.5678	
5.92	6.56571 30.03 -8.5678	
5.93	6.56665 30.0302 -8.56729	
5.94	6.56571 30.03 -8.5678	
5.95	6.56571 30.03 -8.5678	
5.96	6.56571 30.03 -8.5678	
5.97	6.56571 30.03 -8.5678	
5.98	6.56571 30.03 -8.5678	
5.99	6.56571 30.0274 -8.57575	
6	6.56571 30.03 -8.5678	
6.01	6.55922 30.0295 -8.568	
6.02	6.56571 30.0274 -8.57575	
6.03	6.56016 30.0297 -8.5675	
6.04	6.56571 30.03 -8.5678	
6.05	6.56571 30.03 -8.5678	
6.06	6.55922 30.0295 -8.568	
6.07	6.56571 30.03 -8.5678	
6.08	6.55922 30.0295 -8.568	
6.09	6.56571 30.03 -8.5678	
6.1	6.56571 30.0274 -8.57575	
6.11	6.56571 30.03 -8.5678	
6.12	6.56571 30.03 -8.5678	
6.13	6.56571 30.0274 -8.57575	
6.14	6.56477 30.0272 -8.57626	
6.15	6.56571 30.0274 -8.57575	
6.16	6.56571 30.0274 -8.57575	
6.17	6.56571 30.03 -8.5678	
6.18	6.56571 30.0274 -8.57575	
6.19	6.57218 30.0279 -8.57555	
6.2	6.56571 30.03 -8.5678	
6.21	6.56571 30.03 -8.5678	
6.22	6.56571 30.03 -8.5678	
6.23	6.56571 30.03 -8.5678	
6.24	6.56571 30.03 -8.5678	
6.25	6.56571 30.03 -8.5678	
6.26	6.55922 30.0295 -8.568	
6.27	6.56571 30.03 -8.5678	
6.28	6.56571 30.0274 -8.57575	
6.29	6.56571 30.0274 -8.57575	
6.3	6.56571 30.03 -8.5678	
6.31	6.56571 30.0274 -8.57575	
6.32	6.56571 30.03 -8.5678	
6.33	6.56571 30.0274 -8.57575	
6.34	6.56571 30.03 -8.5678	
6.35	6.55922 30.0295 -8.568	
6.36	6.56571 30.03 -8.5678	
6.37	6.56477 30.0272 -8.57626	
6.38	6.56571 30.03 -8.5678	
6.39	6.56571 30.0274 -8.57575	
6.4	6.55922 30.0295 -8.568	
6.41	6.56571 30.0274 -8.57575	
6.42	6.56571 30.03 -8.5678	
6.43	6.55922 30.0295 -8.568	
6.44	6.56571 30.03 -8.5678	
6.45	6.56571 30.0274 -8.57575	
6.46	6.55922 30.0295 -8.568	
6.47	6.56571 30.0274 -8.57575	
6.48	6.56571 30.03 -8.5678	
6.49	6.55922 30.0295 -8.568	
6.5	6.56571 30.0274 -8.57575	
6.51	6.56571 30.03 -8.5678	
6.52	6.56571 30.0274 -8.57575	
6.53	6.56571 30.0274 -8.57575	
6.54	6.56571 30.03 -8.5678	
6.55	6.56571 30.03 -8.5678	
6.56	6.56571 30.0274 -8.57575	
6.57	6.56571 30.03 -8.5678	
6.58	6.56571 30.03 -8.5678	
6.59	6.56571 30.0274 -8.57575	
6.6	6.56571 30.03 -8.5678	
6.61	6.55922 30.0295 -8.568	
6.62	6.56571 30.03 -8.5678	
6.63	6.56571 30.03 -8.5678	
6.64	6.56571 30.03 -8.5678	
6.65	6.56571 30.0274 -8.57575	
6.66	6.56571 30.0274 -8.57575	
6.67	6.56571 30.03 -8.5678	
6.68	6.56571 30.0274 -8.57575	
6.69	6.56571 30.03 -8.5678	
6.7	6.56571 30.03 -8.5678	
6.71	6.56571 30.03 -8.5678	
6.72	6.56571 30.03 -8.5678	
6.73	6.56571 30.03 -8.5678	
6.74	6.56571 30.03 -8.5678	
6.75	6.56571 30.03 -8.5678	
6.76	6.56571 30.03 -8.5678	
6.77	6.56571 30.03 -8.5678	
6.78	6.56571 30.03 -8.5678	
6.79	6.56571 30.03 -8.5678	
6.8	6.56571 30.03 -8.5678	
6.81	6.56571 30.03 -8.5678	
6.82	6.56571 30.03 -8.5678	
6.83	6.56571 30.03 -8.5678	
6.84	6.55922 30.0295 -8.568	
6.85	6.56571 30.03 -8.5678	
6.86	6.56571 30.03 -8.5678	
6.87	6.56571 30.0274 -8.57575	
6.88	6.56571 30.03 -8.5678	
6.89	6.56571 30.03 -8.5678	
6.9	6.56571 30.0274 -8.57575	
6.91	6.56665 30.0276 -8.57525	
6.92	6.56571 30.03 -8.5678	
6.93	6.56665 30.0302 -8.56729	
6.94	6.56571 30.03 -8.5678	
6.95	6.56571 30.0274 -8.57575	
6.96	6.56571 30.0274 -8.57575	
6.97	6.56571 30.03 -8.5678	
6.98	6.56571 30.03 -8.5678	
6.99	6.56571 30.0274 -8.57575	
7	6.55922 30.0295 -8.568	
7.01	6.56571 30.0274 -8.57575	
7.02	6.55922 30.0295 -8.568	
7.03	6.56571 30.03 -8.5678	
7.04	6.56571 30.0274 -8.57575	
7.05	6.56571 30.03 -8.5678	
7.06	6.56016 30.0297 -8.5675	
7.07	6.56571 30.03 -8.5678	
7.08	6.56016 30.0297 -8.5675	
7.09	6.56571 30.03 -8.5678	
7.1	6.56571 30.0274 -8.57575	
7.11	6.56571 30.03 -8.5678	
7.12	6.56571 30.03 -8.5678	
7.13	6.56571 30.03 -8.5678	
7.14	6.56571 30.0274 -8.57575	
7.15	6.56571 30.03 -8.5678	
7.16	6.56571 30.03 -8.5678	
7.17	6.56571 30.0274 -8.57575	
7.18	6.56571 30.03 -8.5678	
7.19	6.56016 30.0297 -8.5675	
7.2	6.56571 30.03 -8.5678	
7.21	6.56571 30.03 -8.5678	
7.22	6.56571 30.0274 -8.57575	
7.23	6.56571 30.0274 -8.57575	
7.24	6.56571 30.0274 -8.57575	
7.25	6.56571 30.03 -8.5678	
7.26	6.56571 30.03 -8.5678	
7.27	6.56571 30.0274 -8.57575	
7.28	6.56571 30.03 -8.5678	
7.29	6.56571 30.03 -8.5678	
7.3	6.55922 30.0295 -8.568	
7.31	6.56571 30.0274 -8.57575	
7.32	6.56571 30.0274 -8.57575	
7.33	6.56571 30.03 -8.5678	
7.34	6.56571 30.03 -8.5678	
7.35	6.56571 30.0274 -8.57575	
7.36	6.56571 30.03 -8.5678	
7.37	6.56571 30.03 -8.5678	
7.38	6.56571 30.03 -8.5678	
7.39	6.56571 30.03 -8.5678	
7.4	6.56571 30.0274 -8.57575	
7.41	6.55923 30.0269 -8.57595	
7.42	6.56571 30.0274 -8.57575	
7.43	6.56571 30.03 -8.5678	
7.44	6.56571 30.03 -8.5678	
7.45	6.56571 30.03 -8.5678	
7.46	6.56571 30.03 -8.5678	
7.47	6.56571 30.03 -8.5678	
7.48	6.56665 30.0302 -8.56729	
7.49	6.56571 30.03 -8.5678	
7.5	6.56571 30.03 -8.5678	
7.51	6.56571 30.03 -8.5678	
7.52	6.56571 30.0274 -8.57575	
7.53	6.56571 30.0274 -8.57575	
7.54	6.56571 30.03 -8.5678	
7.55	6.56571 30.03 -8.5678	
7.56	6.56665 30.0302 -8.56729	
7.57	6.56571 30.0274 -8.57575	
7.58	6.56571 30.03 -8.5678	
7.59	6.56571 30.03 -8.5678	
7.6	6.56571 30.03 -8.5678	
7.61	6.56571 30.03 -8.5678	
7.62	6.56571 30.03 -8.5678	
7.63	6.56571 30.03 -8.5678	
7.64	6.57219 30.0305 -8.5676	
7.65	6.57867 30.031 -8.5674	
7.66	6.58514 30.0289 -8.57516	
7.67	6.59162 30.0294 -8.57497	
7.68	6.5981 30.0299 -8.57478	
7.69	6.57219 30.0305 -8.5676	
7.7	6.57219 30.0305 -8.5676	
7.71	6.57866 30.0284 -8.57536	
7.72	6.56571 30.03 -8.5678	
7.73	6.57219 30.0305 -8.5676	
7.74	6.57218 30.0279 -8.57555	
7.75	6.57866 30.0284 -8.57536	
7.76	6.57218 30.0279 -8.57555	
7.77	6.57866 30.0284 -8.57536	
7.78	6.57866 30.0284 -8.57536	
7.79	6.57866 30.0284 -8.57536	
7.8	6.57866 30.0284 -8.57536	
7.81	6.57866 30.0284 -8.57536	
7.82	6.5796 30.0287 -8.57485	
7.83	6.58514 30.0289 -8.57516	
7.84	6.55734 30.029 -8.56901	
7.85	6.55641 30.0288 -8.56952	
7.86	6.56101 30.0288 -8.57034	
7.87	6.55359 30.0281 -8.57105	
7.88	6.55914 30.0284 -8.57136	
7.89	6.55914 30.0284 -8.57136	
7.9	6.55727 30.0279 -8.57239	
7.91	6.55079 30.0274 -8.57259	
7.92	6.54986 30.0246 -8.58106	
7.93	6.54986 30.0271 -8.57311	
7.94	6.55634 30.0277 -8.5729	
7.95	6.5554 30.0274 -8.57342	
7.96	6.54892 30.0269 -8.57363	
7.97	6.5554 30.0274 -8.57342	
7.98	6.5554 30.0274 -8.57342	
7.99	6.55447 30.0272 -8.57394	
8	6.55447 30.0272 -8.57394	
8.01	6.54892 30.0269 -8.57363	
8.02	6.55447 30.0272 -8.57394	
8.03	6.55447 30.0272 -8.57394	
8.04	6.55447 30.0272 -8.57394	
8.05	6.54799 30.0292 -8.56619	
8.06	6.54799 30.0267 -8.57415	
8.07	6.54799 30.0292 -8.56619	
8.08	6.55447 30.0298 -8.56598	
8.09	6.55447 30.0272 -8.57394	
8.1	6.54799 30.0267 -8.57415	
8.11	6.54799 30.0267 -8.57415	
8.12	6.54799 30.0267 -8.57415	
8.13	6.54799 30.0267 -8.57415	
8.14	6.54799 30.0267 -8.57415	
8.15	6.55447 30.0272 -8.57394	
8.16	6.54799 30.0267 -8.57415	
8.17	6.54799 30.0292 -8.56619	
8.18	6.55354 30.027 -8.57446	
8.19	6.54706 30.0264 -8.57466	
8.2	6.54706 30.0264 -8.57466	
8.21	6.54706 30.0264 -8.57466	
8.22	6.54799 30.0267 -8.57415	
8.23	6.54706 30.0264 -8.57466	
8.24	6.55354 30.0244 -8.58241	
8.25	6.54799 30.0267 -8.57415	
8.26	6.54706 30.0264 -8.57466	
8.27	6.55447 30.0272 -8.57394	
8.28	6.54706 30.0264 -8.57466	
8.29	6.55447 30.0298 -8.56598	
8.3	6.55354 30.027 -8.57446	
8.31	6.54799 30.0267 -8.57415	
8.32	6.54706 30.0264 -8.57466	
8.33	6.54705 30.029 -8.56671	
8.34	6.54706 30.0264 -8.57466	
8.35	6.54613 30.0262 -8.57518	
8.36	6.5452 30.026 -8.57571	
8.37	6.54982 30.026 -8.57654	
8.38	6.54056 30.0248 -8.57833	
8.39	6.53779 30.0241 -8.57992	
8.4	6.53318 30.0228 -8.58258	
8.41	6.53134 30.0224 -8.58365	
8.42	6.5295 30.0244 -8.57678	
8.43	6.53323 30.0217 -8.58614	
8.44	6.5314 30.0212 -8.58723	
8.45	6.52957 30.0207 -8.58832	
8.46	6.52866 30.0204 -8.58887	
8.47	6.5333 30.0205 -8.58975	
8.48	6.52593 30.0171 -8.59846	
8.49	6.53239 30.0177 -8.59824	
8.5	6.53147 30.0148 -8.60673	
8.51	6.53056 30.0145 -8.60728	
8.52	6.52412 30.014 -8.6075	
8.53	6.52321 30.0137 -8.60805	
8.54	6.52875 30.014 -8.60839	
8.55	6.52321 30.0137 -8.60805	
8.56	6.52875 30.014 -8.60839	
8.57	6.52784 30.0138 -8.60894	
8.58	6.52876 30.0167 -8.60045	
8.59	6.5214 30.0132 -8.60916	
8.6	6.52784 30.0138 -8.60894	
8.61	6.5214 30.0132 -8.60916	
8.62	6.52694 30.0135 -8.6095	
8.63	6.52784 30.0138 -8.60894	
8.64	6.52694 30.0135 -8.6095	
8.65	6.52693 30.0109 -8.61743	
8.66	6.52784 30.0138 -8.60894	
8.67	6.52694 30.0135 -8.6095	
8.68	6.52693 30.0109 -8.61743	
8.69	6.52694 30.0135 -8.6095	
8.7	6.52694 30.0135 -8.6095	
8.71	6.52694 30.0135 -8.6095	
8.72	6.5205 30.013 -8.60972	
8.73	6.52694 30.0135 -8.6095	
8.74	6.52694 30.0135 -8.6095	
8.75	6.52694 30.0135 -8.6095	
8.76	6.52693 30.0109 -8.61743	
8.77	6.52694 30.0135 -8.6095	
8.78	6.52694 30.0135 -8.6095	
8.79	6.52694 30.0135 -8.6095	
8.8	6.51959 30.0179 -8.5944	
8.81	6.51959 30.0179 -8.5944	
8.82	6.51959 30.0153 -8.60234	
8.83	6.52049 30.0182 -8.59384	
8.84	6.51959 30.0179 -8.5944	
8.85	6.52049 30.0156 -8.60178	
8.86	6.52049 30.0182 -8.59384	
8.87	6.51959 30.0179 -8.5944	
8.88	6.51959 30.0179 -8.5944	
8.89	6.52049 30.0182 -8.59384	
8.9	6.51404 30.0176 -8.59407	
8.91	6.51959 30.0179 -8.5944	
8.92	6.51959 30.0179 -8.5944	
8.93	6.51959 30.0179 -8.5944	
8.94	6.51404 30.0176 -8.59407	
8.95	6.51404 30.0176 -8.59407	
8.96	6.51959 30.0179 -8.5944	
8.97	6.51959 30.0153 -8.60234	
8.98	6.52049 30.0182 -8.59384	
8.99	6.51959 30.0179 -8.5944	
9	6.51313 30.0174 -8.59463	
9.01	6.51313 30.0174 -8.59463	
9.02	6.51959 30.0179 -8.5944	
9.03	6.51404 30.0176 -8.59407	
9.04	6.52049 30.0182 -8.59384	
9.05	6.51404 30.0176 -8.59407	
9.06	6.51404 30.0176 -8.59407	
9.07	6.52049 30.0182 -8.59384	
9.08	6.52049 30.0156 -8.60178	
9.09	6.51959 30.0153 -8.60234	
9.1	6.51313 30.0174 -8.59463	
9.11	6.51404 30.0176 -8.59407	
9.12	6.51959 30.0179 -8.5944	
9.13	6.51959 30.0179 -8.5944	
9.14	6.51404 30.0176 -8.59407	
9.15	6.51404 30.0176 -8.59407	
9.16	6.51959 30.0179 -8.5944	
9.17	6.51404 30.0176 -8.59407	
9.18	6.52049 30.0182 -8.59384	
9.19	6.51959 30.0179 -8.5944	
9.2	6.51959 30.0179 -8.5944	
9.21	6.52695 30.0188 -8.59362	
9.22	6.51959 30.0179 -8.5944	
9.23	6.51959 30.0179 -8.5944	
9.24	6.52049 30.0156 -8.60178	
9.25	6.52049 30.0182 -8.59384	
9.26	6.52049 30.0182 -8.59384	
9.27	6.52049 30.0182 -8.59384	
9.28	6.52049 30.0182 -8.59384	
9.29	6.52049 30.0182 -8.59384	
9.3	6.51404 30.0176 -8.59407	
9.31	6.51494 30.0179 -8.59351	
9.32	6.5223 30.0187 -8.59273	
9.33	6.51856 30.0189 -8.59129	
9.34	6.52593 30.0197 -8.59052	
9.35	6.52221 30.0173 -8.59703	
9.36	6.52402 30.0204 -8.58799	
9.37	6.52676 30.0211 -8.58636	
9.38	6.52859 30.0216 -8.58527	
9.39	6.53043 30.0221 -8.58419	
9.4	6.53134 30.0224 -8.58365	
9.41	6.53318 30.0228 -8.58258	
9.42	6.54057 30.0236 -8.58183	
9.43	6.54149 30.0213 -8.58924	
9.44	6.54242 30.0215 -8.58871	
9.45	6.54334 30.0269 -8.57228	
9.46	6.54426 30.0272 -8.57175	
9.47	6.54426 30.0246 -8.5797	
9.48	6.54518 30.0274 -8.57122	
9.49	6.54611 30.0277 -8.57069	
9.5	6.54611 30.0251 -8.57864	
9.51	6.54611 30.0251 -8.57864	
9.52	6.54056 30.0248 -8.57833	
9.53	6.55258 30.023 -8.58638	
9.54	6.54148 30.0276 -8.56985	
9.55	6.55444 30.0261 -8.57738	
9.56	6.55629 30.0266 -8.57634	
9.57	6.55908 30.0273 -8.57477	
9.58	6.55727 30.0279 -8.57239	
9.59	6.56289 30.0293 -8.56932	
9.6	6.57313 30.0282 -8.57505	
9.61	6.56581 30.0336 -8.55653	
9.62	6.57704 30.0327 -8.56182	
9.63	6.5818 30.0338 -8.55937	
9.64	6.59115 30.035 -8.55773	
9.65	6.5904 30.0383 -8.54708	
9.66	6.58774 30.0361 -8.55333	
9.67	6.59809 30.04 -8.5433	
9.68	6.60292 30.0411 -8.54097	
9.69	6.6032 30.0395 -8.54592	
9.7	6.60709 30.0403 -8.54411	
9.71	6.61099 30.0412 -8.54232	
9.72	6.60839 30.0415 -8.54073	
9.73	6.61132 30.0421 -8.53941	
9.74	6.61427 30.0427 -8.5381	
9.75	6.60972 30.0426 -8.53742	
9.76	6.6182 30.0435 -8.53638	
9.77	6.62017 30.0439 -8.53552	
9.78	6.63419 30.045 -8.53475	
9.79	6.63715 30.0481 -8.5255	
9.8	6.63063 30.0476 -8.52567	
9.81	6.63814 30.0457 -8.53306	
9.82	6.63913 30.0459 -8.53264	
9.83	6.63459 30.0459 -8.53197	
9.84	6.64111 30.0463 -8.5318	
9.85	6.63458 30.0484 -8.52399	
9.86	6.64111 30.0463 -8.5318	
9.87	6.63558 30.0461 -8.53155	
9.88	6.63657 30.0462 -8.53113	
9.89	6.63657 30.0462 -8.53113	
9.9	6.63657 30.0462 -8.53113	
9.91	6.63657 30.0462 -8.53113	
9.92	6.63657 30.0462 -8.53113	
9.93	6.63757 30.0464 -8.53072	
9.94	6.63105 30.046 -8.53089	
9.95	6.63757 30.0464 -8.53072	
9.96	6.63105 30.046 -8.53089	
9.97	6.63757 30.0464 -8.53072	
9.98	6.63103 30.0485 -8.52291	
9.99	6.63105 30.046 -8.53089	
10	6.63103 30.0485 -8.52291	
10.01	6.63105 30.046 -8.53089	
10.02	6.64409 30.0443 -8.53853	
10.03	6.64409 30.0443 -8.53853	
10.04	6.64409 30.0469 -8.53055	
10.05	6.64508 30.047 -8.53014	
10.06	6.64607 30.0472 -8.52973	
10.07	6.64153 30.0497 -8.52109	
10.08	6.64253 30.0499 -8.52068	
10.09	6.63801 30.0473 -8.52801	
10.1	6.64553 30.0479 -8.52744	
10.11	6.64751 30.0508 -8.51865	
10.12	6.64398 30.0509 -8.51761	
10.13	6.63947 30.0484 -8.52496	
10.14	6.64245 30.0514 -8.51579	
10.15	6.64446 30.0518 -8.51501	
10.16	6.66256 30.051 -8.52073	
10.17	6.66458 30.0488 -8.52794	
10.18	6.6676 30.0493 -8.5268	
10.19	6.67063 30.0524 -8.51768	
10.2	6.67164 30.0525 -8.51731	
10.21	6.6802 30.0533 -8.51641	
10.22	6.68121 30.0509 -8.52402	
10.23	6.68324 30.0538 -8.5153	
10.24	6.68527 30.0541 -8.51457	
10.25	6.68628 30.0543 -8.5142	
10.26	6.69281 30.0521 -8.52204	
10.27	6.6873 30.0544 -8.51384	
10.28	6.69383 30.0523 -8.52168	
10.29	6.68832 30.0546 -8.51348	
10.3	6.69486 30.0575 -8.50535	
10.31	6.69588 30.0576 -8.50498	
10.32	6.6969 30.0578 -8.50462	
10.33	6.69688 30.0528 -8.5206	
10.34	6.69688 30.0528 -8.5206	
10.35	6.69688 30.0528 -8.5206	
10.36	6.70342 30.0531 -8.52046	
10.37	6.69791 30.0555 -8.51225	
10.38	6.70342 30.0531 -8.52046	
10.39	6.70443 30.0533 -8.5201	
10.4	6.70443 30.0533 -8.5201	
10.41	6.71201 30.0563 -8.51162	
10.42	6.69137 30.0526 -8.52038	
10.43	6.69239 30.0552 -8.51204	
10.44	6.69893 30.0556 -8.5119	
10.45	6.69239 30.0552 -8.51204	
10.46	6.69239 30.0527 -8.52002	
10.47	6.69893 30.0556 -8.5119	
10.48	6.69239 30.0552 -8.51204	
10.49	6.69892 30.0531 -8.51988	
10.5	6.69892 30.0531 -8.51988	
10.51	6.69239 30.0527 -8.52002	
10.52	6.69239 30.0552 -8.51204	
10.53	6.69239 30.0527 -8.52002	
10.54	6.69137 30.0551 -8.51239	
10.55	6.69239 30.0577 -8.50405	
10.56	6.69893 30.0556 -8.5119	
10.57	6.69893 30.0556 -8.5119	
10.58	6.69791 30.0555 -8.51225	
10.59	6.69239 30.0552 -8.51204	
10.6	6.69893 30.0556 -8.5119	
10.61	6.69791 30.0555 -8.51225	
10.62	6.69239 30.0552 -8.51204	
10.63	6.69239 30.0552 -8.51204	
10.64	6.69791 30.0555 -8.51225	
10.65	6.69239 30.0552 -8.51204	
10.66	6.69791 30.0555 -8.51225	
10.67	6.70445 30.0558 -8.51212	
10.68	6.69791 30.0555 -8.51225	
10.69	6.6979 30.0529 -8.52024	
10.7	6.69791 30.0555 -8.51225	
10.71	6.69137 30.0526 -8.52038	
10.72	6.69035 30.0524 -8.52074	
10.73	6.69035 30.0524 -8.52074	
10.74	6.69035 30.0524 -8.52074	
10.75	6.69035 30.0499 -8.52872	
10.76	6.68933 30.0497 -8.52908	
10.77	6.68933 30.0472 -8.53706	
10.78	6.68832 30.0471 -8.53742	
10.79	6.6873 30.0443 -8.54576	
10.8	6.68527 30.044 -8.54649	
10.81	6.68223 30.0435 -8.54759	
10.82	6.67919 30.0404 -8.55667	
10.83	6.67716 30.0401 -8.55741	
10.84	6.67312 30.0394 -8.55892	
10.85	6.66909 30.0361 -8.56841	
10.86	6.67257 30.0386 -8.56145	
10.87	6.66406 30.0353 -8.57034	
10.88	6.66206 30.0349 -8.57112	
10.89	6.65805 30.0342 -8.5727	
10.9	6.65705 30.034 -8.57309	
10.91	6.65505 30.0336 -8.57389	
10.92	6.65505 30.0362 -8.56593	
10.93	6.65305 30.0332 -8.57469	
10.94	6.65205 30.0331 -8.57509	
10.95	6.65106 30.0329 -8.5755	
10.96	6.65654 30.0331 -8.57574	
10.97	6.65006 30.0327 -8.5759	
10.98	6.64707 30.0321 -8.57712	
10.99	6.64409 30.0315 -8.57836	
11	6.6466 30.0312 -8.57985	
11.01	6.64264 30.0278 -8.58948	
11.02	6.6377 30.0269 -8.5916	
11.03	6.62828 30.0284 -8.5851	
11.04	6.62337 30.0274 -8.58727	
11.05	6.6175 30.0262 -8.58991	
11.06	6.61262 30.0226 -8.60008	
11.07	6.60679 30.0239 -8.59485	
11.08	6.60195 30.0229 -8.59714	
11.09	6.60262 30.0221 -8.59974	
11.1	6.5904 30.0203 -8.60276	
11.11	6.59206 30.017 -8.61289	
11.12	6.5799 30.0178 -8.60804	
11.13	6.57515 30.0323 -8.5628	
11.14	6.57231 30.0316 -8.56429	
11.15	6.57407 30.0284 -8.57455	
11.16	6.56477 30.0298 -8.5683	
11.17	6.56195 30.0265 -8.57778	
11.18	6.56562 30.0289 -8.57116	
11.19	6.55634 30.0251 -8.58085	
11.2	6.5554 30.0274 -8.57342	
11.21	6.55354 30.027 -8.57446	
11.22	6.55261 30.0242 -8.58293	
11.23	6.55075 30.0263 -8.57602	
11.24	6.55075 30.0263 -8.57602	
11.25	6.54982 30.026 -8.57654	
11.26	6.54889 30.0258 -8.57707	
11.27	6.54796 30.0256 -8.57759	
11.28	6.54796 30.0256 -8.57759	
11.29	6.54704 30.0227 -8.58607	
11.3	6.54704 30.0253 -8.57812	
11.31	6.54611 30.0225 -8.58659	
11.32	6.54704 30.0253 -8.57812	
11.33	6.54611 30.0251 -8.57864	
11.34	6.54519 30.0222 -8.58712	
11.35	6.55165 30.0228 -8.58691	
11.36	6.54426 30.022 -8.58765	
11.37	6.55073 30.0225 -8.58744	
11.38	6.54334 30.0244 -8.58023	
11.39	6.54334 30.0244 -8.58023	
11.4	6.54334 30.0244 -8.58023	
11.41	6.54241 30.0241 -8.58076	
11.42	6.54889 30.0247 -8.58055	
11.43	6.54889 30.0247 -8.58055	
11.44	6.54888 30.0221 -8.5885	
11.45	6.55533 30.02 -8.59624	
11.46	6.55439 30.0171 -8.60471	
11.47	6.54796 30.0244 -8.58109	
11.48	6.54149 30.0239 -8.5813	
11.49	6.54796 30.0218 -8.58903	
11.5	6.54796 30.0218 -8.58903	
11.51	6.55441 30.0198 -8.59677	
11.52	6.56087 30.0203 -8.59656	
11.53	6.56822 30.0184 -8.60377	
11.54	6.55442 30.0224 -8.58882	
11.55	6.54796 30.0244 -8.58109	
11.56	6.56014 30.0231 -8.58862	
11.57	6.56568 30.0233 -8.58895	
11.58	6.56587 30.0238 -8.58842	
11.59	6.57801 30.0223 -8.59597	
11.6	6.58373 30.023 -8.59577	
11.61	6.59019 30.0235 -8.59558	
11.62	6.60304 30.0159 -8.60765	
11.63	6.61437 30.0193 -8.59988	
11.64	6.6153 30.0196 -8.59935	
11.65	6.62177 30.0215 -8.59393	
11.66	6.62719 30.0131 -8.60672	
11.67	6.63458 30.0152 -8.60079	
11.68	6.6475 30.0131 -8.59447	
11.69	6.64748 30.0027 -8.59821	
11.7	6.65759 29.9925 -8.6032	
11.71	6.65572 29.9876 -8.6035	
11.72	6.65294 29.9869 -8.60509	
11.73	6.66215 29.9868 -8.60691	
11.74	6.66675 29.9808 -8.61231	
11.75	6.65753 29.9797 -8.61408	
11.76	6.66768 29.9798 -8.6154	
11.77	6.66584 29.9794 -8.61649	
11.78	6.66401 29.9789 -8.61758	
11.79	6.66954 29.979 -8.61798	
11.8	6.6688 29.9815 -8.61061	
11.81	6.67415 29.973 -8.6234	
11.82	6.67987 29.9758 -8.61589	
11.83	6.68541 29.976 -8.6163	
11.84	6.68449 29.9698 -8.62132	
11.85	6.68468 29.9725 -8.6134	
11.86	6.69041 29.9693 -8.61037	
11.87	6.69041 29.9693 -8.61037	
11.88	6.68968 29.9658 -8.60747	
11.89	6.69636 29.9688 -8.5994	
11.9	6.69026 29.9737 -8.58368	
11.91	6.69583 29.9679 -8.58857	
11.92	6.69604 29.9705 -8.58063	
11.93	6.69566 29.9699 -8.56923	
11.94	6.68933 29.9722 -8.56142	
11.95	6.69437 29.9691 -8.55837	
11.96	6.69457 29.9717 -8.55042	
11.97	6.69492 29.9746 -8.54191	
11.98	6.694 29.9743 -8.54246	
11.99	6.694 29.9743 -8.54246	
12	6.69497 29.9768 -8.53451	
12.01	6.69497 29.9768 -8.53451	
12.02	6.69517 29.9793 -8.52655	
12.03	6.69517 29.9793 -8.52655	
12.04	6.69517 29.9793 -8.52655	
12.05	6.69537 29.9818 -8.51858	
12.06	6.68789 29.9812 -8.51928	
12.07	6.68133 29.9809 -8.51942	
12.08	6.67458 29.978 -8.52753	
12.09	6.66897 29.9815 -8.51448	
12.1	6.66897 29.9815 -8.51448	
12.11	6.65584 29.9807 -8.51478	
12.12	6.65019 29.9806 -8.51437	
12.13	6.64363 29.9802 -8.51453	
12.14	6.63616 29.9795 -8.51526	
12.15	6.63051 29.9793 -8.51486	
12.16	6.61815 29.9783 -8.5152	
12.17	6.61815 29.9783 -8.5152	
12.18	6.6125 29.9781 -8.5148	
12.19	6.60594 29.9777 -8.51498	
12.2	6.60594 29.9777 -8.51498	
12.21	6.59938 29.9772 -8.51516	
12.22	6.59952 29.9732 -8.51383	
12.23	6.59296 29.9727 -8.51401	
12.24	6.58631 29.9653 -8.5214	
12.25	6.58637 29.9576 -8.51713	
12.26	6.58636 29.9531 -8.51636	
12.27	6.58634 29.9473 -8.52082	
12.28	6.58733 29.9515 -8.50706	
12.29	6.58724 29.9445 -8.51425	
12.3	6.58722 29.9387 -8.51871	
12.31	6.59288 29.9404 -8.51385	
12.32	6.60043 29.9377 -8.50961	
12.33	6.61343 29.9316 -8.51643	
12.34	6.61342 29.9272 -8.51565	
12.35	6.62664 29.9203 -8.51102	
12.36	6.63962 29.9098 -8.51708	
12.37	6.63972 29.8991 -8.50675	
12.38	6.65269 29.8885 -8.51279	
12.39	6.65922 29.8772 -8.50501	
12.4	6.65921 29.8714 -8.49295	
12.41	6.66667 29.8678 -8.47497	
12.42	6.67401 29.8519 -8.46637	
12.43	6.6748 29.8373 -8.45267	
12.44	6.68134 29.8233 -8.43882	
12.45	6.67492 29.8112 -8.41731	
12.46	6.68236 29.7844 -8.40036	
12.47	6.6825 29.7624 -8.38217	
12.48	6.68263 29.7379 -8.35789	
12.49	6.68917 29.7094 -8.34651	
12.5	6.68928 29.6731 -8.3307	
12.51	6.69033 29.64 -8.31975	
12.52	6.69046 29.6159 -8.29518	
12.53	6.69241 29.5871 -8.28496	
12.54	6.68666 29.5594 -8.28414	
12.55	6.68862 29.5367 -8.26956	
12.56	6.68303 29.5135 -8.25559	
12.57	6.67742 29.4843 -8.24576	
12.58	6.66608 29.461 -8.23126	
12.59	6.66136 29.4321 -8.22074	
12.6	6.65568 29.3944 -8.20868	
12.61	6.64438 29.3594 -8.18824	
12.62	6.63867 29.3242 -8.18207	
12.63	6.6273 29.2954 -8.15731	
12.64	6.62731 29.258 -8.14515	
12.65	6.62267 29.2266 -8.11626	
12.66	6.61687 29.183 -8.10746	
12.67	6.60544 29.1555 -8.07955	
12.68	6.60644 29.1258 -8.05962	
12.69	6.59974 29.0935 -8.04533	
12.7	6.60165 29.058 -8.02862	
12.71	6.60263 29.0284 -8.00837	
12.72	6.59685 28.9848 -7.98697	
12.73	6.59007 28.9505 -7.96595	
12.74	6.59106 28.9095 -7.939	
12.75	6.5852 28.8744 -7.90815	
12.76	6.57934 28.8361 -7.87315	
12.77	6.57939 28.8076 -7.83858	
12.78	6.57251 28.7631 -7.79622	
12.79	6.57342 28.726 -7.77243	
12.8	6.56745 28.6944 -7.73298	
12.81	6.55913 28.6381 -7.69737	
12.82	6.55908 28.5978 -7.66941	
12.83	6.54589 28.5381 -7.62858	
12.84	6.54437 28.4743 -7.60037	
12.85	6.53575 28.4152 -7.58244	
12.86	6.52944 28.3718 -7.54876	
12.87	6.52016 28.3156 -7.52472	
12.88	6.5122 28.2529 -7.5038	
12.89	6.50508 28.1883 -7.48687	
12.9	6.49778 28.1125 -7.46208	
12.91	6.49049 28.0504 -7.43932	
12.92	6.4824 27.9832 -7.41609	
12.93	6.46847 27.905 -7.39414	
12.94	6.45297 27.8485 -7.37776	
12.95	6.44525 27.7842 -7.35814	
12.96	6.43106 27.7228 -7.32994	
12.97	6.4149 27.6395 -7.31848	
12.98	6.39966 27.5851 -7.29621	
12.99	6.37662 27.5158 -7.26082	
13	6.367 27.4323 -7.23607	
13.01	6.3604 27.3593 -7.22145	
13.02	6.33874 27.2849 -7.19395	
13.03	6.32842 27.2258 -7.18008	
13.04	6.31941 27.1466 -7.15428	
13.05	6.31284 27.0943 -7.13581	
13.06	6.30272 27.0151 -7.10939	
13.07	6.28544 26.9454 -7.09425	
13.08	6.26565 26.8734 -7.07072	
13.09	6.25442 26.7987 -7.0568	
13.1	6.23634 26.7268 -7.03423	
13.11	6.21508 26.649 -7.02401	
13.12	6.19795 26.6008 -6.99432	
13.13	6.16958 26.5188 -6.98055	
13.14	6.15195 26.4506 -6.96068	
13.15	6.13418 26.3825 -6.94036	
13.16	6.12167 26.3183 -6.91487	
13.17	6.0935 26.2533 -6.88599	
13.18	6.07312 26.1851 -6.86727	
13.19	6.04877 26.1175 -6.83556	
13.2	6.02675 26.049 -6.80632	
13.21	6.00892 25.9844 -6.77235	
13.22	5.97628 25.922 -6.7298	
13.23	5.95547 25.8646 -6.68263	
13.24	5.92663 25.813 -6.62274	
13.25	5.89419 25.7585 -6.57044	
13.26	5.86371 25.6973 -6.51977	
13.27	5.82076 25.6368 -6.45798	
13.28	5.76545 25.5695 -6.3877	
13.29	5.72921 25.5267 -6.31677	
13.3	5.68397 25.4797 -6.25336	
13.31	5.61843 25.4267 -6.16992	
13.32	5.56969 25.3846 -6.0909	
13.33	5.51737 25.3343 -6.01774	
13.34	5.4581 25.2902 -5.93465	
13.35	5.39725 25.2436 -5.8559	
13.36	5.34214 25.206 -5.77776	
13.37	5.28821 25.162 -5.68796	
13.38	5.22694 25.1181 -5.59706	
13.39	5.15023 25.0692 -5.49298	
13.4	5.07581 25.0242 -5.38064	
13.41	5.00838 24.9943 -5.27814	
13.42	4.94846 24.963 -5.17982	
13.43	4.8747 24.928 -5.06415	
13.44	4.81335 24.8983 -4.96533	
13.45	4.75316 24.8671 -4.85906	
13.46	4.67702 24.8287 -4.74342	
13.47	4.61266 24.8009 -4.6294	
13.48	4.55597 24.7725 -4.51243	
13.49	4.49721 24.7423 -4.39809	
13.5	4.43916 24.7145 -4.27239	
13.51	4.38872 24.6923 -4.14318	
13.52	4.33669 24.6755 -4.00155	
13.53	4.28383 24.6503 -3.86809	
13.54	4.22886 24.6209 -3.70406	
13.55	4.18728 24.5942 -3.53958	
13.56	4.14549 24.569 -3.3995	
13.57	4.10148 24.5469 -3.21551	
13.58	4.09866 24.4247 -3.26829	
13.59	4.0749 24.446 -3.08113	
13.6	4.03687 24.4325 -2.86484	
13.61	4.02212 24.4331 -2.69655	
13.62	3.99915 24.4189 -2.48102	
13.63	3.98285 24.4167 -2.2862	
13.64	3.95899 24.394 -2.09434	
13.65	3.9467 24.3765 -1.88455	
13.66	3.93773 24.384 -1.67657	
13.67	3.91848 24.3173 -1.46111	
13.68	3.90987 24.3088 -1.24771	
13.69	3.89626 24.2671 -1.06593	
13.7	3.88889 24.2382 -0.821656	
13.71	3.87116 24.2145 -0.63144	
13.72	3.85661 24.1836 -0.416837	
13.73	3.84216 24.1656 -0.211858	
13.74	3.8318 24.1284 0.039192	
13.75	3.81839 24.0866 0.246109	
13.76	3.81566 24.0601 0.447955	
13.77	3.80211 24.0347 0.634367	
13.78	3.79351 24.0196 0.798952	
13.79	3.78337 24.0356 1.08009	
13.8	3.78955 24.0262 1.22406	
13.81	3.78023 24.0119 1.40173	
13.82	3.78699 23.9975 1.54874	
13.83	3.7899 23.9838 1.68428	
13.84	3.79539 23.9679 1.80449	
13.85	3.8115 23.9527 1.9087	
13.86	3.81305 23.9304 2.0024	
13.87	3.81169 23.8959 2.10119	
13.88	3.81885 23.8639 2.18358	
13.89	3.817 23.845 2.25114	
13.9	3.82323 23.8162 2.33936	
13.91	3.82392 23.7967 2.41172	
13.92	3.83084 23.7665 2.47089	
13.93	3.82576 23.7424 2.54446	
13.94	3.84456 23.7043 2.62561	
13.95	3.84384 23.6694 2.68954	
13.96	3.85562 23.6313 2.77715	
13.97	3.86024 23.5928 2.86721	
13.98	3.86949 23.5687 2.94411	
13.99	3.88565 23.5411 3.01735	
14	3.90512 23.5019 3.10645	
14.01	3.91143 23.4808 3.17786	
14.02	3.93928 23.4591 3.24878	
14.03	3.95064 23.4299 3.34412	
14.04	3.97634 23.4091 3.42169	
14.05	4.00565 23.4013 3.50795	
14.06	4.03459 23.3847 3.5878	
14.07	4.05857 23.3791 3.65782	
14.08	4.08956 23.3712 3.72798	
14.09	4.13023 23.3681 3.80789	
14.1	4.1648 23.3732 3.86392	
14.11	4.19879 23.3687 3.93265	
14.12	4.24768 23.3771 3.9854	
14.13	4.28251 23.3856 4.03267	
14.14	4.34036 23.404 4.09374	
14.15	4.3757 23.4164 4.12613	
14.16	4.43423 23.4332 4.17	
14.17	4.4888 23.4593 4.20653	
14.18	4.54686 23.4786 4.24118	
14.19	4.61153 23.5104 4.2778	
14.2	4.69296 23.5415 4.31611	
14.21	4.76389 23.5774 4.35447	
14.22	4.84569 23.6123 4.37794	
14.23	4.93015 23.6479 4.41144	
14.24	5.00736 23.6795 4.4332	
14.25	5.12115 23.7147 4.45886	
14.26	5.19469 23.7364 4.48244	
14.27	5.31104 23.7647 4.49257	
14.28	5.39076 23.7937 4.51667	
14.29	5.5003 23.816 4.5399	
14.3	5.56479 23.825 4.55733	
14.31	5.66361 23.8429 4.58063	
14.32	5.7457 23.8546 4.59605	
14.33	5.82118 23.8573 4.60834	
14.34	5.90641 23.8633 4.61928	
14.35	5.98721 23.8607 4.62773	
14.36	6.06499 23.8635 4.64396	
14.37	6.14508 23.8625 4.64006	
14.38	6.21212 23.8621 4.64645	
14.39	6.28423 23.8606 4.64131	
14.4	6.37023 23.8622 4.64346	
14.41	6.43153 23.8551 4.63766	
14.42	6.49334 23.8494 4.63677	
14.43	6.55144 23.8345 4.61822	
14.44	6.61422 23.8194 4.61012	
14.45	6.66311 23.8057 4.59329	
14.46	6.70916 23.7787 4.56176	
14.47	6.74712 23.7568 4.54904	
14.48	6.78288 23.7176 4.51104	
14.49	6.80713 23.6898 4.48488	
14.5	6.84303 23.6554 4.44106	
14.51	6.86781 23.621 4.4061	
14.52	6.88866 23.5869 4.35324	
14.53	6.90932 23.5572 4.29869	
14.54	6.92687 23.5218 4.24259	
14.55	6.94757 23.4898 4.17611	
14.56	6.96346 23.4628 4.11505	
14.57	6.98084 23.4228 4.01539	
14.58	6.99097 23.395 3.95129	
14.59	7.00705 23.3689 3.88962	
14.6	7.01712 23.337 3.80547	
14.61	7.03677 23.3061 3.72032	
14.62	7.05471 23.2649 3.63143	
14.63	7.06959 23.2391 3.55172	
14.64	7.09696 23.2055 3.47074	
14.65	7.11701 23.1756 3.38878	
14.66	7.13712 23.1495 3.32531	
14.67	7.16954 23.1174 3.24762	
14.68	7.19388 23.0872 3.18514	
14.69	7.23747 23.0598 3.12186	
14.7	7.26209 23.0306 3.06629	
14.71	7.30646 23.001 3.01972	
14.72	7.34376 22.9717 2.97667	
14.73	7.38807 22.9608 2.94854	
14.74	7.42784 22.937 2.91476	
14.75	7.46545 22.9241 2.89953	
14.76	7.51428 22.9096 2.87628	
14.77	7.55891 22.9022 2.86347	
14.78	7.60099 22.8942 2.85129	
14.79	7.64805 22.8893 2.829	
14.8	7.68788 22.8942 2.82905	
14.81	7.73103 22.9015 2.81624	
14.82	7.76353 22.9052 2.81301	
14.83	7.80561 22.9126 2.80364	
14.84	7.84948 22.9232 2.8028	
14.85	7.87384 22.9238 2.79135	
14.86	7.90553 22.9258 2.7833	
14.87	7.93429 22.9298 2.78376	
14.88	7.95103 22.9323 2.78399	
14.89	7.96808 22.9325 2.77622	
14.9	7.97308 22.9307 2.76845	
14.91	7.97381 22.9334 2.77669	
14.92	7.97618 22.9314 2.76915	
14.93	7.97795 22.9344 2.7776	
14.94	7.97996 22.9274 2.76741	
14.95	7.96997 22.926 2.76787	
14.96	7.96262 22.9247 2.7681	
14.97	7.96506 22.9229 2.77413	
14.98	7.9534 22.9259 2.77313	
14.99	7.95409 22.9283 2.76411	
15	7.95045 22.9277 2.76046	
15.01	7.9388 22.9307 2.75948	
15.02	7.93554 22.9352 2.75847	
15.03	7.92389 22.9382 2.75749	
15.04	7.9196 22.9425 2.75627	
15.05	7.91635 22.947 2.75526	
15.06	7.91207 22.9513 2.75404	
15.07	7.90752 22.958 2.76084	
15.08	7.89525 22.9658 2.7623	
15.09	7.8804 22.9734 2.76035	
15.1	7.86089 22.9804 2.7582	
15.11	7.83664 22.9862 2.75613	
15.12	7.82608 22.9895 2.75542	
15.13	7.79272 22.9869 2.7471	
15.14	7.76581 22.9922 2.74927	
15.15	7.73694 22.9926 2.74929	
15.16	7.71903 22.9948 2.75261	
15.17	7.69217 23 2.75493	
15.18	7.66861 22.9963 2.75647	
15.19	7.65086 22.996 2.75186	
15.2	7.62461 22.9964 2.75552	
15.21	7.6084 22.994 2.75675	
15.22	7.58131 22.9874 2.75043	
15.23	7.56926 22.991 2.75019	
15.24	7.54888 22.9907 2.74585	
15.25	7.50814 22.985 2.74826	
15.26	7.49504 22.9886 2.75147	
15.27	7.46321 22.9815 2.74514	
15.28	7.43183 22.9796 2.74141	
15.29	7.39368 22.9739 2.74389	
15.3	7.35444 22.9776 2.74765	
15.31	7.31634 22.9719 2.7503	
15.32	7.26864 22.9689 2.73875	
15.33	7.23731 22.9679 2.74039	
15.34	7.19491 22.963 2.73842	
15.35	7.16257 22.9616 2.74016	
15.36	7.13132 22.9604 2.74208	
15.37	7.10233 22.9539 2.72803	
15.38	7.07371 22.9523 2.73005	
15.39	7.04594 22.9484 2.72425	
15.4	7.03192 22.95 2.72478	
15.41	7.01037 22.9475 2.72179	
15.42	6.98908 22.9473 2.72324	
15.43	6.98961 22.9523 2.7221	
15.44	6.97065 22.9509 2.71467	
15.45	6.95272 22.9499 2.70733	
15.46	6.93919 22.9485 2.70829	
15.47	6.92464 22.9565 2.70684	
15.48	6.91372 22.9548 2.70775	
15.49	6.89109 22.9534 2.70041	
15.5	6.87676 22.9542 2.69222	
15.51	6.86534 22.9572 2.69196	
15.52	6.84771 22.9587 2.69269	
15.53	6.83444 22.9635 2.68324	
15.54	6.82772 22.9667 2.68305	
15.55	6.81963 22.9671 2.67485	
15.56	6.81187 22.97 2.67463	
15.57	6.81105 22.9721 2.66548	
15.58	6.79915 22.9798 2.66408	
15.59	6.79915 22.9798 2.66408	
15.6	6.79885 22.9871 2.65736	
15.61	6.79836 22.9918 2.65617	
15.62	6.80513 22.9983 2.65402	
15.63	6.80431 23.0005 2.64487	
15.64	6.80244 23.0023 2.63569	
15.65	6.81109 23.007 2.64273	
15.66	6.81651 23.0106 2.63259	
15.67	6.83213 23.0145 2.63073	
15.68	6.83078 23.0116 2.62272	
15.69	6.84642 23.0155 2.62089	
15.7	6.85268 23.017 2.61991	
15.71	6.86074 23.0164 2.61108	
15.72	6.86856 23.0133 2.60777	
15.73	6.87588 23.0151 2.60686	
15.74	6.88682 23.0168 2.60596	
15.75	6.91577 23.0193 2.59533	
15.76	6.92723 23.0163 2.59562	
15.77	6.96381 23.0231 2.59218	
15.78	7.00021 23.0273 2.58087	
15.79	7.03705 23.0366 2.58559	
15.8	7.07746 23.0449 2.58169	
15.81	7.1143 23.053 2.57795	
15.82	7.14381 23.0593 2.57507	
15.83	7.18824 23.0712 2.57893	
15.84	7.21773 23.0747 2.56834	
15.85	7.26955 23.0825 2.55605	
15.86	7.29927 23.0908 2.56169	
15.87	7.33535 23.0976 2.55883	
15.88	7.38848 23.1075 2.55535	
15.89	7.43317 23.1154 2.55253	
15.9	7.47679 23.1254 2.5578	
15.91	7.5142 23.1291 2.54785	
15.92	7.55905 23.1363 2.54569	
15.93	7.59647 23.1422 2.54408	
15.94	7.64872 23.1526 2.55008	
15.95	7.6939 23.1565 2.54065	
15.96	7.73514 23.165 2.54743	
15.97	7.79522 23.1729 2.54619	
15.98	7.82924 23.1773 2.54563	
15.99	7.87478 23.1828 2.54512	
16	7.89672 23.1853 2.54479	
16.01	7.91973 23.1878 2.54475	
16.02	7.94632 23.1905 2.54481	
16.03	7.96937 23.1927 2.54498	
16.04	7.99953 23.1956 2.54525	
16.05	8.01861 23.1973 2.54552	
16.06	8.04125 23.1993 2.54586	
16.07	8.06389 23.2012 2.54625	
16.08	8.09409 23.2037 2.54686	
16.09	8.11674 23.2055 2.54739	
16.1	8.1434 23.2073 2.54819	
16.11	8.16201 23.211 2.55684	
16.12	8.18163 23.2095 2.54959	
16.13	8.18964 23.2096 2.55011	
16.14	8.21171 23.2103 2.551	
16.15	8.20863 23.2093 2.55129	
16.16	8.22173 23.2091 2.55244	
16.17	8.23079 23.2016 2.54272	
16.18	8.23171 23.2003 2.5434	
16.19	8.23455 23.2018 2.55185	
16.2	8.24364 23.2016 2.55281	
16.21	8.25164 23.1937 2.54296	
16.22	8.25907 23.1957 2.55171	
16.23	8.26353 23.1947 2.55251	
16.24	8.27109 23.1915 2.54513	
16.25	8.27137 23.1849 2.54335	
16.26	8.26239 23.1806 2.55242	
16.27	8.25822 23.1792 2.55261	
16.28	8.25089 23.1723 2.5504	
16.29	8.24208 23.1702 2.55034	
16.3	8.21897 23.1622 2.54742	
16.31	8.19541 23.1551 2.54405	
16.32	8.15759 23.1495 2.54848	
16.33	8.13205 23.1396 2.53741	
16.34	8.08506 23.1314 2.53298	
16.35	8.04733 23.1244 2.52914	
16.36	8.01323 23.1219 2.52456	
16.37	7.98302 23.115 2.52117	
16.38	7.94849 23.1134 2.51989	
16.39	7.91427 23.1068 2.51626	
16.4	7.89089 23.1057 2.51539	
16.41	7.86751 23.1046 2.51456	
16.42	7.84878 23.1039 2.51401	
16.43	7.82539 23.1027 2.51324	
16.44	7.80665 23.102 2.51274	
16.45	7.78792 23.1013 2.51227	
16.46	7.77569 23.1006 2.5118	
16.47	7.76453 23.1001 2.51158	
16.48	7.7527 23.0969 2.50315	
16.49	7.74911 23.0966 2.50315	
16.5	7.7366 23.1008 2.50154	
16.51	7.71388 23.1023 2.50913	
16.52	7.71029 23.102 2.50913	
16.53	7.69049 23.1011 2.50853	
16.54	7.67933 23.1006 2.50836	
16.55	7.66816 23.1001 2.5082	
16.56	7.65734 23.097 2.50007	
16.57	7.63719 23.0986 2.50751	
16.58	7.62629 23.0933 2.50496	
16.59	7.61538 23.0879 2.50241	
16.6	7.60447 23.0825 2.49986	
16.61	7.5961 23.0772 2.49708	
16.62	7.57792 23.069 2.48646	
16.63	7.57452 23.0616 2.48958	
16.64	7.56023 23.0512 2.4882	
16.65	7.54853 23.0432 2.47746	
16.66	7.53473 23.0402 2.48315	
16.67	7.52325 23.0273 2.46998	
16.68	7.50969 23.0196 2.47684	
16.69	7.49428 23.0091 2.47165	
16.7	7.47365 22.9959 2.4589	
16.71	7.45901 22.9881 2.46192	
16.72	7.43621 22.9747 2.44873	
16.73	7.41376 22.9714 2.45421	
16.74	7.38573 22.9557 2.44703	
16.75	7.37127 22.9454 2.44209	
16.76	7.34489 22.9271 2.42649	
16.77	7.323 22.9116 2.4191	
16.78	7.30847 22.9013 2.41416	
16.79	7.28269 22.8883 2.41476	
16.8	7.26812 22.8781 2.40983	
16.81	7.25018 22.8604 2.39441	
16.82	7.23557 22.8502 2.38946	
16.83	7.22869 22.8355 2.38193	
16.84	7.20663 22.8202 2.37454	
16.85	7.19183 22.8126 2.37756	
16.86	7.18087 22.8025 2.37261	
16.87	7.1728 22.7901 2.35935	
16.88	7.15423 22.7797 2.3545	
16.89	7.1442 22.7723 2.35773	
16.9	7.1348 22.7621 2.35235	
16.91	7.12845 22.757 2.35015	
16.92	7.11738 22.7492 2.33976	
16.93	7.10995 22.744 2.33736	
16.94	7.10904 22.7391 2.3346	
16.95	7.09503 22.7362 2.34054	
16.96	7.09397 22.7361 2.34033	
16.97	7.09397 22.7361 2.34033	
16.98	7.09022 22.736 2.34033	
16.99	7.08272 22.7331 2.33252	
17	7.07403 22.7351 2.34047	
17.01	7.07509 22.7352 2.34067	
17.02	7.06646 22.7346 2.34065	
17.03	7.06637 22.7369 2.33522	
17.04	7.06631 22.7394 2.3432	
17.05	7.0588 22.7365 2.33541	
17.06	7.05492 22.7412 2.33425	
17.07	7.0473 22.7433 2.34243	
17.08	7.05118 22.7412 2.33425	
17.09	7.04365 22.7382 2.32647	
17.1	7.04763 22.7338 2.32743	
17.11	7.03631 22.7334 2.32763	
17.12	7.03261 22.7308 2.31966	
17.13	7.02887 22.7308 2.31966	
17.14	7.0278 22.7307 2.31945	
17.15	7.0241 22.7281 2.31149	
17.16	7.02036 22.7281 2.31148	
17.17	7.01274 22.7302 2.31965	
17.18	7.0129 22.7229 2.31285	
17.19	7.02062 22.7185 2.31009	
17.2	7.01303 22.718 2.31029	
17.21	7.00958 22.7059 2.30094	
17.22	7.01061 22.7086 2.3091	
17.23	7.0098 22.6988 2.30751	
17.24	7.00996 22.6915 2.29699	
17.25	7.01009 22.6867 2.29442	
17.26	7.01035 22.6771 2.29303	
17.27	7.01713 22.6678 2.28749	
17.28	7.00967 22.6625 2.28513	
17.29	7.0098 22.6577 2.28255	
17.3	7.01121 22.6461 2.28674	
17.31	7.01027 22.6412 2.28396	
17.32	7.01053 22.6316 2.2788	
17.33	7.01095 22.6146 2.26684	
17.34	7.01104 22.6125 2.27222	
17.35	7.01133 22.6003 2.25908	
17.36	7.01155 22.5933 2.26185	
17.37	7.01078 22.581 2.24849	
17.38	7.01197 22.5764 2.2461	
17.39	7.01223 22.5668 2.24089	
17.4	7.01261 22.5525 2.23685	
17.41	7.0127 22.5503 2.2422	
17.42	7.01299 22.5382 2.22901	
17.43	7.01308 22.536 2.23436	
17.44	7.01334 22.5265 2.22912	
17.45	7.01347 22.5217 2.2265	
17.46	7.01257 22.5142 2.21571	
17.47	7.01372 22.5122 2.22125	
17.48	7.01765 22.5101 2.22658	
17.49	7.01781 22.5027 2.21599	
17.5	7.01794 22.4979 2.21336	
17.51	7.01807 22.4932 2.21073	
17.52	7.0182 22.4884 2.20809	
17.53	7.01837 22.4811 2.1975	
17.54	7.01846 22.4789 2.20663	
17.55	7.01859 22.4741 2.20399	
17.56	7.01885 22.4646 2.20252	
17.57	7.01046 22.4545 2.20107	
17.58	7.01937 22.4455 2.1996	
17.59	7.01967 22.4333 2.19018	
17.6	7.01988 22.4264 2.19283	
17.61	7.02027 22.4121 2.19255	
17.62	7.01947 22.4025 2.18703	
17.63	7.02079 22.3931 2.18577	
17.64	7.02105 22.3835 2.1843	
17.65	7.02024 22.3739 2.17876	
17.66	7.02169 22.3598 2.17483	
17.67	7.02195 22.3503 2.16948	
17.68	7.00978 22.3355 2.16534	
17.69	7.01881 22.3218 2.15729	
17.7	7.01919 22.3077 2.14923	
17.71	7.01092 22.2929 2.14117	
17.72	7.02004 22.2772 2.14221	
17.73	7.01939 22.2602 2.12595	
17.74	7.02083 22.2462 2.11803	
17.75	7.01253 22.2342 2.11784	
17.76	7.01307 22.2127 2.09901	
17.77	7.01344 22.1986 2.09082	
17.78	7.01473 22.192 2.09351	
17.79	7.01416 22.173 2.08235	
17.8	7.01454 22.1589 2.07412	
17.81	7.0152 22.1328 2.05636	
17.82	7.01545 22.1234 2.05084	
17.83	7.00828 22.1062 2.03483	
17.84	7.01624 22.0926 2.02631	
17.85	7.0089 22.0828 2.02098	
17.86	7.00928 22.0688 2.01265	
17.87	7.00968 22.0521 1.99636	
17.88	6.99475 22.0419 1.99124	
17.89	7.00259 22.033 1.98542	
17.9	6.99631 22.0234 1.98026	
17.91	6.9955 22.0139 1.97446	
17.92	6.99575 22.0046 1.96886	
17.93	6.9884 21.9948 1.96348	
17.94	6.99612 21.9906 1.96043	
17.95	6.99743 21.9815 1.95501	
17.96	6.99664 21.9694 1.94124	
17.97	6.98929 21.9596 1.93583	
17.98	6.99701 21.9554 1.93277	
17.99	6.98954 21.9503 1.93018	
18	6.98979 21.9409 1.92856	
18.01	6.99647 21.9338 1.91736	
18.02	6.99017 21.9268 1.92411	
18.03	6.98376 21.9218 1.92171	
18.04	6.99044 21.9148 1.91051	
18.05	6.98296 21.9097 1.90792	
18.06	6.99068 21.9055 1.90483	
18.07	6.99093 21.8962 1.89915	
18.08	6.99119 21.8868 1.89751	
18.09	6.99131 21.8822 1.89467	
18.1	6.99156 21.8729 1.88897	
18.11	6.9841 21.8651 1.87844	
18.12	6.98434 21.8559 1.87273	
18.13	6.98447 21.8512 1.86987	
18.14	6.98471 21.842 1.86415	
18.15	6.98498 21.83 1.8505	
18.16	6.99283 21.8212 1.84452	
18.17	6.99295 21.8166 1.84165	
18.18	6.9932 21.8074 1.8359	
18.19	6.98584 21.7977 1.83039	
18.2	6.99371 21.7862 1.81647	
18.21	6.98633 21.7793 1.81886	
18.22	6.98646 21.7746 1.81597	
18.23	6.98684 21.7581 1.79938	
18.24	6.97935 21.753 1.79674	
18.25	6.98709 21.7489 1.79359	
18.26	6.98733 21.7397 1.78779	
18.27	6.98746 21.7351 1.78489	
18.28	6.9877 21.7259 1.77908	
18.29	6.98784 21.7186 1.76825	
18.3	6.98796 21.714 1.76534	
18.31	6.98821 21.7048 1.75951	
18.32	6.98821 21.7048 1.75951	
18.33	6.98084 21.6952 1.75393	
18.34	6.98845 21.6956 1.75368	
18.35	6.98096 21.6906 1.75101	
18.36	6.98108 21.686 1.74809	
18.37	6.98882 21.6819 1.74492	
18.38	6.98121 21.6814 1.74517	
18.39	6.9879 21.6744 1.73388	
18.4	6.98788 21.6771 1.7418	
18.41	6.98146 21.6695 1.73141	
18.42	6.98802 21.6698 1.73096	
18.43	6.98052 21.6647 1.72828	
18.44	6.98052 21.6647 1.72828	
18.45	6.98063 21.6629 1.73326	
18.46	6.98184 21.6555 1.72676	
18.47	6.98184 21.6555 1.72676	
18.48	6.98077 21.6554 1.72657	
18.49	6.98184 21.6555 1.72676	
18.5	6.98196 21.6509 1.72383	
18.51	6.98089 21.6508 1.72363	
18.52	6.98851 21.6512 1.72338	
18.53	6.98196 21.6509 1.72383	
18.54	6.98102 21.6462 1.7207	
18.55	6.98102 21.6462 1.7207	
18.56	6.98114 21.6416 1.71776	
18.57	6.98876 21.6421 1.71751	
18.58	6.98126 21.637 1.71482	
18.59	6.9814 21.6297 1.70398	
18.6	6.98245 21.6326 1.71208	
18.61	6.98163 21.6231 1.71016	
18.62	6.98165 21.6203 1.70225	
18.63	6.98177 21.6157 1.69931	
18.64	6.98177 21.6157 1.69931	
18.65	6.98189 21.6112 1.69636	
18.66	6.98203 21.6038 1.68551	
18.67	6.98215 21.5993 1.68257	
18.68	6.98215 21.5993 1.68257	
18.69	6.98333 21.5948 1.67981	
18.7	6.98333 21.5948 1.67981	
18.71	6.9824 21.5873 1.66876	
18.72	6.98266 21.578 1.66703	
18.73	6.97844 21.578 1.66703	
18.74	6.9795 21.5781 1.66723	
18.75	6.97856 21.5731 1.66826	
18.76	6.97856 21.5731 1.66826	
18.77	6.97858 21.5703 1.66036	
18.78	6.97881 21.5637 1.66653	
18.79	6.97224 21.5634 1.66698	
18.8	6.97119 21.5605 1.65889	
18.81	6.97131 21.5559 1.65594	
18.82	6.97131 21.5559 1.65594	
18.83	6.97131 21.5559 1.65594	
18.84	6.97894 21.5564 1.65567	
18.85	6.97894 21.5564 1.65567	
18.86	6.97894 21.5564 1.65567	
18.87	6.97919 21.547 1.65394	
18.88	6.97155 21.5465 1.6542	
18.89	6.97919 21.547 1.65394	
18.9	6.98038 21.5423 1.65537	
18.91	6.97944 21.5376 1.65221	
18.92	6.97944 21.5376 1.65221	
18.93	6.97956 21.533 1.64925	
18.94	6.97311 21.5282 1.64674	
18.95	6.97204 21.528 1.64654	
18.96	6.97981 21.5211 1.63543	
18.97	6.97228 21.5189 1.64061	
18.98	6.97253 21.5095 1.63887	
18.99	6.97265 21.505 1.6359	
19	6.97289 21.4959 1.62994	
19.01	6.98089 21.4824 1.62496	
19.02	6.96912 21.4746 1.61435	
19.03	6.96936 21.4655 1.60838	
19.04	6.9697 21.4547 1.6073	
19.05	6.96994 21.4456 1.60131	
19.06	6.97029 21.432 1.59231	
19.07	6.97064 21.4184 1.58329	
19.08	6.97101 21.4017 1.57063	
19.09	6.97149 21.3833 1.56283	
19.1	6.97172 21.3742 1.55679	
19.11	6.97207 21.3607 1.54772	
19.12	6.96478 21.3466 1.5389	
19.13	6.97278 21.3336 1.52953	
19.14	6.97325 21.3152 1.52165	
19.15	6.97372 21.2972 1.50946	
19.16	6.96655 21.2784 1.50182	
19.17	6.97467 21.2581 1.48144	
19.18	6.97513 21.2401 1.46917	
19.19	6.97548 21.2266 1.45995	
19.2	6.96819 21.2127 1.45098	
19.21	6.9644 21.19 1.43989	
19.22	6.97262 21.1677 1.4285	
19.23	6.96544 21.149 1.42073	
19.24	6.97354 21.1316 1.40804	
19.25	6.96647 21.1085 1.39711	
19.26	6.96812 21.086 1.38608	
19.27	6.96774 21.0588 1.37151	
19.28	6.96067 21.0357 1.3605	
19.29	6.9689 21.0136 1.34891	
19.3	6.96947 20.991 1.33758	
19.31	6.96264 20.9588 1.32459	
19.32	6.97213 20.9338 1.31402	
19.33	6.96545 20.9052 1.31222	
19.34	6.9665 20.8758 1.30589	
19.35	6.96738 20.8428 1.29514	
19.36	6.96811 20.8166 1.29771	
19.37	6.96853 20.7903 1.28992	
19.38	6.96902 20.7634 1.28987	
19.39	6.96934 20.7377 1.28403	
19.4	6.97716 20.7135 1.27548	
19.41	6.96985 20.6881 1.28164	
19.42	6.97041 20.6576 1.27078	
19.43	6.97076 20.6334 1.26898	
19.44	6.96375 20.6037 1.26242	
19.45	6.97187 20.5785 1.26463	
19.46	6.97258 20.5485 1.25461	
19.47	6.96563 20.5198 1.25062	
19.48	6.96634 20.4916 1.24609	
19.49	6.9671 20.4659 1.24825	
19.5	6.97542 20.4411 1.2356	
19.51	6.96843 20.418 1.23232	
19.52	6.96909 20.3876 1.22134	
19.53	6.96955 20.3725 1.23016	
19.54	6.97042 20.3347 1.20511	
19.55	6.97048 20.3211 1.21887	
19.56	6.97114 20.291 1.20683	
19.57	6.97161 20.2672 1.19877	
19.58	6.96465 20.235 1.19842	
19.59	6.97278 20.211 1.19336	
19.6	6.97369 20.1726 1.18705	
19.61	6.97461 20.1415 1.19306	
19.62	6.96813 20.0929 1.17259	
19.63	6.97657 20.0563 1.17619	
19.64	6.96994 20.0163 1.17209	
19.65	6.97116 19.97 1.17114	
19.66	6.97261 19.9266 1.17164	
19.67	6.97383 19.8848 1.16839	
19.68	6.97499 19.844 1.16772	
19.69	6.97618 19.8058 1.17434	
19.7	6.97005 19.7571 1.16826	
19.71	6.97869 19.7177 1.16316	
19.72	6.97243 19.6729 1.16937	
19.73	6.98098 19.6371 1.16531	
19.74	6.98247 19.5871 1.16172	
19.75	6.98358 19.5397 1.15763	
19.76	6.97699 19.501 1.15696	
19.77	6.9856 19.4583 1.14927	
19.78	6.97068 19.4165 1.15489	
19.79	6.96767 19.3733 1.13765	
19.8	6.95862 19.333 1.13968	
19.81	6.96396 19.2917 1.13543	
19.82	6.96911 19.2375 1.07989	
19.83	6.97488 19.1802 1.03897	
19.84	6.97851 19.1354 1.0136	
19.85	6.9757 19.1052 1.041	
19.86	6.98501 19.0568 0.997041	
19.87	6.98768 18.9995 0.951437	
19.88	6.98347 18.9523 0.913916	
19.89	6.98449 18.8998 0.8686	
19.9	6.97972 18.8639 0.841264	
19.91	6.98139 18.8184 0.801095	
19.92	6.98181 18.7806 0.774649	
19.93	6.98435 18.7363 0.744291	
19.94	6.9839 18.7044 0.744305	
19.95	6.97667 18.6684 0.736331	
19.96	6.98413 18.6395 0.743435	
19.97	6.95826 18.6008 0.72779	
19.98	6.94933 18.5629 0.70328	
19.99	6.94743 18.527 0.700033	
20	6.95671 18.4927 0.698465	
20.01	6.96712 18.4615 0.697895	
20.02	6.97653 18.4254 0.689568	
20.03	6.97663 18.3969 0.6979	
20.04	6.98154 18.3592 0.683989	
20.05	6.97796 18.3197 0.675145	
20.06	6.98627 18.2829 0.671856	
20.07	6.98085 18.2436 0.661376	
20.08	6.98651 18.1819 0.570781	
20.09	6.98386 18.1263 0.496033	
20.1	6.98438 18.0701 0.426617	
20.11	6.98438 18.0149 0.37113	
20.12	6.99264 17.9632 0.315366	
20.13	6.98596 17.9158 0.269506	
20.14	6.9783 17.8688 0.233358	
20.15	6.98022 17.8314 0.206665	
20.16	6.98117 17.7871 0.17654	
20.17	6.98181 17.7563 0.149353	
20.18	6.98264 17.7249 0.133449	
20.19	6.98331 17.6953 0.109642	
20.2	6.98396 17.6731 0.0988411	
20.21	6.97699 17.652 0.0800318	
20.22	6.98503 17.6277 0.0629684	
20.23	6.97786 17.6153 0.0480159	
20.24	6.99798 17.5048 -0.211302	
20.25	6.99551 17.5021 -0.176019	
20.26	6.99371 17.5082 -0.142661	
20.27	6.99255 17.5069 -0.110423	
20.28	6.99158 17.5036 -0.0869756	
20.29	6.99146 17.4829 -0.104372	
20.3	7.00481 17.4723 -0.0965811	
20.31	6.99806 17.459 -0.0940026	
20.32	6.99898 17.4393 -0.100028	
20.33	6.99973 17.4251 -0.101595	
20.34	7.00051 17.3996 -0.103527	
20.35	7.0012 17.3819 -0.100118	
20.36	7.00204 17.363 -0.100081	
20.37	7.003 17.3359 -0.106259	
20.38	7.00385 17.3135 -0.101819	
20.39	7.00357 17.2846 -0.0987367	
20.4	7.00174 17.2547 -0.098287	
20.41	7.00876 17.2302 -0.0879532	
20.42	7.00064 17.1985 -0.0947279	
20.43	7.01381 17.1692 -0.0958506	
20.44	7.0067 17.1392 -0.0837858	
20.45	7.00316 17.1143 -0.0776346	
20.46	7.13632 17.0935 -0.0664158	
20.47	7.1009 17.0915 0.0251736	
20.48	7.05707 17.0669 0.12833	
20.49	7.08293 17.0223 0.13277	
20.5	7.07416 16.9804 0.170391	
20.51	7.09715 16.9343 0.179617	
20.52	7.06588 16.8831 0.200603	
20.53	7.10744 16.8314 0.200557	
20.54	7.07059 16.7782 0.197159	
20.55	7.11337 16.7313 0.202326	
20.56	7.07426 16.696 0.196453	
20.57	7.12031 16.6514 0.206266	
20.58	7.08814 16.612 0.210317	
20.59	7.124 16.5876 0.230049	
20.6	7.10712 16.5423 0.244351	
20.61	7.12419 16.4836 0.218052	
20.62	7.15288 16.4431 0.249252	
20.63	7.10736 16.3792 0.209266	
20.64	7.19447 16.3541 0.205464	
20.65	7.08259 16.3103 0.216012	
20.66	7.2601 16.2808 0.24744	
20.67	7.03117 16.1615 0.0998253	
20.68	7.27142 16.1172 0.0575094	
20.69	7.12991 16.7521 1.72028	
20.7	7.15437 16.6174 1.43795	
20.71	7.13927 16.4946 1.21408	
20.72	7.38602 16.2962 0.800056	
20.73	7.08791 16.1926 0.649931	
20.74	7.23991 16.1139 0.564722	
20.75	6.89934 15.8658 0.177176	
20.76	7.36021 15.8189 0.128447	
20.77	7.04781 15.7189 0.0433663	
20.78	7.16278 15.7162 0.17626	
20.79	7.19939 15.6788 0.0908539	
20.8	7.18232 15.608 0.0817331	
20.81	7.22089 15.527 0.0607918	
20.82	7.1828 15.473 0.0506215	
20.83	7.21242 15.4102 0.0408154	
20.84	7.16736 15.3601 0.0167971	
20.85	7.19554 15.3117 -0.00988668	
20.86	7.25774 15.1226 -0.352566	
20.87	7.04078 15.2519 0.0396477	
20.88	7.20152 15.202 0.0291743	
20.89	7.05241 15.1654 0.0424022	
20.9	7.21377 15.1436 0.0738338	
20.91	7.04067 15.0899 -0.000996557	
20.92	7.34067 15.0636 0.0347239	
20.93	6.92134 15.0285 0.0453724	
20.94	7.22688 15.013 0.0529452	
20.95	7.04245 14.99 0.0673594	
20.96	7.22413 14.9502 0.0582868	
20.97	7.03136 14.9301 0.113205	
20.98	7.23979 14.8785 0.123787	
20.99	7.00432 14.8304 0.109552	
21	7.26202 14.7541 0.107462	
21.01	7.00968 14.6924 0.142891	
21.02	7.29164 14.6425 0.132518	
21.03	7.01153 14.5975 0.189575	
21.04	7.30851 14.5074 0.130485	
21.05	7.05349 14.3992 0.122864	
21.06	7.28997 14.4045 0.21795	
21.07	7.08794 14.315 0.159462	
21.08	7.2825 14.3085 0.212242	
21.09	7.1293 14.1649 0.0596559	
21.1	7.30682 14.2101 0.176585	
21.11	7.21936 14.2012 0.206967	
21.12	7.35645 14.1602 0.179447	
21.13	7.30197 14.145 0.160204	
21.14	7.38175 14.1216 0.130283	
21.15	7.34467 14.0515 0.126502	
21.16	7.38011 13.873 -0.227597	
21.17	7.4757 13.8703 -0.1827	
21.18	7.49248 13.8621 -0.155195	
21.19	7.51812 13.8396 -0.138719	
21.2	7.54877 13.8137 -0.131733	
21.21	7.56314 13.7816 -0.134389	
21.22	7.57278 13.7477 -0.133686	
21.23	7.58391 13.7082 -0.145409	
21.24	7.58579 13.6756 -0.152234	
21.25	7.57191 13.6304 -0.163616	
21.26	7.55589 13.581 -0.174552	
21.27	7.54555 13.5304 -0.191196	
21.28	7.52794 13.4938 -0.19735	
21.29	7.5243 13.4463 -0.210408	
21.3	7.5063 13.4 -0.22978	
21.31	7.49572 13.3588 -0.240189	
21.32	7.48477 13.3185 -0.249264	
21.33	7.47386 13.2739 -0.269108	
21.34	7.47513 13.2443 -0.27788	
21.35	7.46589 13.2196 -0.283695	
21.36	7.46756 13.1939 -0.30373	
21.37	7.46901 13.176 -0.306562	
21.38	7.47005 13.1666 -0.309896	
21.39	7.46479 13.1553 -0.315652	
21.4	7.46554 13.1464 -0.317007	
21.41	7.46621 13.1432 -0.305902	
21.42	7.4669 13.1297 -0.307528	
21.43	7.46753 13.1219 -0.296631	
21.44	7.45451 13.1102 -0.282787	
21.45	7.44019 13.0905 -0.269202	
21.46	7.43339 13.0797 -0.245652	
21.47	7.43288 13.0677 -0.217341	
21.48	7.41237 13.0543 -0.198444	
21.49	7.41189 13.0348 -0.187819	
21.5	7.39795 13.0146 -0.177297	
21.51	7.38389 12.9921 -0.172364	
21.52	7.37147 12.9744 -0.165091	
21.53	7.35717 12.9569 -0.158474	
21.54	7.22865 12.9309 -0.151428	
21.55	7.2426 12.9204 -0.141944	
21.56	7.26108 12.9175 -0.13371	
21.57	7.26872 12.9143 -0.116176	
21.58	7.2241 12.9135 -0.092332	
21.59	7.24598 12.9121 -0.0818849	
21.6	7.26201 12.9045 -0.0843758	
21.61	7.27005 12.8979 -0.0832842	
21.62	7.22404 12.8921 -0.0807479	
21.63	7.24037 12.885 -0.0921347	
21.64	7.26364 12.8701 -0.114269	
21.65	7.26505 12.8575 -0.126788	
21.66	7.26933 12.842 -0.147222	
21.67	7.22588 12.8192 -0.167207	
21.68	7.2416 12.8055 -0.186031	
21.69	7.25947 12.7828 -0.207288	
21.7	7.28016 12.765 -0.228881	
21.71	7.2123 12.7339 -0.255525	
21.72	7.23542 12.7088 -0.276972	
21.73	7.2551 12.6869 -0.298074	
21.74	7.27261 12.6667 -0.316303	
21.75	7.26372 12.6381 -0.3323	
21.76	7.27848 12.6144 -0.351795	
21.77	7.2488 12.59 -0.372153	
21.78	7.26017 12.5703 -0.380406	
21.79	7.27421 12.5503 -0.399174	
21.8	7.26098 12.5246 -0.41631	
21.81	7.27391 12.5026 -0.431255	
21.82	7.26426 12.4883 -0.433175	
21.83	7.27851 12.4658 -0.449812	
21.84	7.25298 12.4458 -0.461732	
21.85	7.27069 12.4261 -0.475413	
21.86	7.26388 12.4108 -0.479472	
21.87	7.28441 12.383 -0.501416	
21.88	7.29214 12.3674 -0.51231	
21.89	7.30137 12.3456 -0.528562	
21.9	7.31121 12.3262 -0.541922	
21.91	7.3186 12.3005 -0.560114	
21.92	7.3239 12.2716 -0.588751	
21.93	7.32923 12.2459 -0.61993	
21.94	7.33401 12.2213 -0.640714	
21.95	7.33807 12.1997 -0.664243	
21.96	7.34176 12.1741 -0.690206	
21.97	7.34482 12.1545 -0.708479	
21.98	7.34723 12.137 -0.739895	
21.99	7.34936 12.126 -0.753244	
22	7.35655 12.116 -0.772133	
22.01	7.35233 12.1157 -0.782896	
22.02	7.35337 12.1061 -0.80647	
22.03	7.35425 12.1041 -0.819977	
22.04	7.36038 12.1002 -0.83624	
22.05	7.35551 12.0993 -0.844048	
22.06	7.35592 12.0966 -0.854612	
22.07	7.35632 12.0925 -0.870437	
22.08	7.35674 12.0933 -0.873393	
22.09	7.35701 12.0906 -0.883948	
22.1	7.3573 12.0865 -0.899771	
22.11	7.35751 12.0838 -0.910325	
22.12	7.3577 12.0812 -0.920879	
22.13	7.35799 12.082 -0.923826	
22.14	7.35696 12.0756 -0.942146	
22.15	7.35824 12.078 -0.939661	
22.16	7.35838 12.0753 -0.950216	
22.17	7.35851 12.0727 -0.960773	
22.18	7.36681 12.0689 -0.976609	
22.19	7.36693 12.0663 -0.98717	
22.2	7.36709 12.0624 -1.00301	
22.21	7.36606 12.0548 -1.02663	
22.22	7.36738 12.0546 -1.03471	
22.23	7.36748 12.052 -1.04528	
22.24	7.36745 12.046 -1.06346	
22.25	7.3758 12.0471 -1.06643	
22.26	7.37471 12.0408 -1.08477	
22.27	7.37599 12.042 -1.08758	
22.28	7.37608 12.0394 -1.09816	
22.29	7.37626 12.0344 -1.11933	
22.3	7.37629 12.0271 -1.14281	
22.31	7.37914 12.028 -1.14537	
22.32	7.37933 12.023 -1.16655	
22.33	7.37942 12.0206 -1.17714	
22.34	7.3876 12.0197 -1.19582	
22.35	7.38767 12.0113 -1.22463	
22.36	7.39591 12.009 -1.23524	
22.37	7.39605 12.0054 -1.25115	
22.38	7.39618 12.0018 -1.26706	
22.39	7.40432 11.9961 -1.28528	
22.4	7.40441 11.9937 -1.29589	
22.41	7.39887 11.9875 -1.31367	
22.42	7.40443 11.9866 -1.31941	
22.43	7.40702 11.9879 -1.32707	
22.44	7.4069 11.9844 -1.33467	
22.45	7.40706 11.9867 -1.33238	
22.46	7.40248 11.983 -1.33938	
22.47	7.40025 11.9854 -1.34247	
22.48	7.40113 11.9835 -1.358	
22.49	7.40102 11.9862 -1.36079	
22.5	7.39519 11.9865 -1.3788	
22.51	7.38955 11.9888 -1.38113	
22.52	7.3891 11.9859 -1.40718	
22.53	7.38451 11.9884 -1.40934	
22.54	7.37869 11.9872 -1.41924	
22.55	7.37179 11.9858 -1.42927	
22.56	7.37152 11.985 -1.43963	
22.57	7.36561 11.9853 -1.45759	
22.58	7.36533 11.9844 -1.46795	
22.59	7.35385 11.9828 -1.4773	
22.6	7.34805 11.9879 -1.48236	
22.61	7.34764 11.9897 -1.49549	
22.62	7.34141 11.9967 -1.51365	
22.63	7.34089 12.0013 -1.52955	
22.64	7.34026 12.0087 -1.54821	
22.65	7.33394 12.0173 -1.57442	
22.66	7.32755 12.0271 -1.59529	
22.67	7.32648 12.0366 -1.62701	
22.68	7.32562 12.0497 -1.65113	
22.69	7.31029 12.07 -1.69326	
22.7	7.30352 12.0886 -1.72224	
22.71	7.30219 12.1041 -1.7593	
22.72	7.29471 12.1307 -1.80666	
22.73	7.29256 12.1574 -1.86477	
22.74	7.27805 12.1852 -1.94494	
22.75	7.27573 12.2156 -2.00546	
22.76	7.27315 12.2429 -2.07344	
22.77	7.26425 12.2821 -2.15134	
22.78	7.25475 12.315 -2.24422	
22.79	7.24503 12.3516 -2.33947	
22.8	7.24278 12.3868 -2.42203	
22.81	7.23146 12.4243 -2.52707	
22.82	7.21317 12.4725 -2.62918	
22.83	7.20261 12.5151 -2.73592	
22.84	7.19276 12.5653 -2.84724	
22.85	7.1807 12.6103 -2.94365	
22.86	7.16123 12.6655 -3.06683	
22.87	7.1482 12.7183 -3.19717	
22.88	7.138 12.7728 -3.30652	
22.89	7.116 12.8557 -3.4846	
22.9	7.10432 12.9161 -3.59512	
22.91	7.09073 12.9927 -3.74451	
22.92	7.0765 13.0561 -3.88366	
22.93	7.05761 13.1317 -4.0181	
22.94	7.04273 13.2141 -4.18439	
22.95	7.03542 13.2871 -4.33361	
22.96	7.0214 13.3685 -4.47577	
22.97	7.00729 13.4401 -4.62012	
22.98	6.98598 13.5125 -4.7538	
22.99	6.97923 13.587 -4.88734	
23	6.96066 13.7164 -5.11178	
23.01	6.93893 13.7855 -5.22327	
23.02	6.92436 13.8811 -5.36083	
23.03	6.8959 13.9845 -5.48763	
23.04	6.86237 14.1355 -5.68189	
23.05	6.84785 14.2397 -5.78963	
23.06	6.81784 14.3479 -5.91108	
23.07	6.79277 14.4837 -6.04486	
23.08	6.76791 14.6469 -6.18805	
23.09	6.75886 14.7783 -6.30558	
23.1	6.7336 14.9216 -6.42674	
23.11	6.71522 15.0706 -6.55039	
23.12	6.71024 15.2476 -6.67993	
23.13	6.70763 15.3849 -6.76302	
23.14	6.69563 15.5587 -6.85396	
23.15	6.69146 15.7261 -6.93439	
23.16	6.69646 15.8719 -6.99603	
23.17	6.70492 16.0977 -7.07699	
23.18	6.70412 16.2638 -7.1243	
23.19	6.70568 16.4872 -7.17496	
23.2	6.69702 16.6602 -7.20375	
23.21	6.69412 16.8549 -7.2372	
23.22	6.69009 17.0639 -7.26088	
23.23	6.68572 17.2755 -7.28251	
23.24	6.68031 17.4876 -7.30026	
23.25	6.67074 17.6636 -7.31386	
23.26	6.66897 17.8807 -7.30319	
23.27	6.65571 18.0681 -7.29736	
23.28	6.6591 18.2301 -7.27814	
23.29	6.63349 18.395 -7.25316	
23.3	6.63053 18.544 -7.21899	
23.31	6.62223 18.7644 -7.1677	
23.32	6.60688 18.9155 -7.12456	
23.33	6.58809 19.1269 -7.06498	
23.34	6.58567 19.2976 -7.01638	
23.35	6.56879 19.4947 -6.96791	
23.36	6.55486 19.6991 -6.90935	
23.37	6.53623 19.899 -6.86383	
23.38	6.51586 20.0608 -6.83084	
23.39	6.49671 20.2447 -6.80358	
23.4	6.47757 20.404 -6.77721	
23.41	6.46391 20.598 -6.7498	
23.42	6.4403 20.8285 -6.72645	
23.43	6.42359 21.0038 -6.7037	
23.44	6.41333 21.1565 -6.6953	
23.45	6.40222 21.3269 -6.68608	
23.46	6.3739 21.5238 -6.66143	
23.47	6.35677 21.676 -6.64404	
23.48	6.33855 21.8515 -6.62423	
23.49	6.31199 22.0314 -6.60094	
23.5	6.28629 22.194 -6.57582	
23.51	6.26741 22.3971 -6.56044	
23.52	6.24832 22.5182 -6.5419	
23.53	6.22659 22.7729 -6.51277	
23.54	6.20556 22.9231 -6.51249	
23.55	6.18487 23.1387 -6.49528	
23.56	6.17551 23.2837 -6.48442	
23.57	6.16146 23.4719 -6.45843	
23.58	6.1371 23.6107 -6.44579	
23.59	6.11272 23.775 -6.41102	
23.6	6.09523 23.9433 -6.39495	
23.61	6.07286 24.0874 -6.37203	
23.62	6.04856 24.2509 -6.35357	
23.63	6.02256 24.4497 -6.34902	
23.64	6.00773 24.5897 -6.33663	
23.65	5.99507 24.7445 -6.34134	
23.66	5.97218 24.8825 -6.32573	
23.67	5.95776 25.037 -6.31498	
23.68	5.93152 25.1691 -6.3074	
23.69	5.91284 25.3642 -6.28805	
23.7	5.90704 25.495 -6.27943	
23.71	5.88318 25.643 -6.26809	
23.72	5.86905 25.8045 -6.25751	
23.73	5.85615 25.9166 -6.25255	
23.74	5.84151 26.074 -6.24507	
23.75	5.8288 26.186 -6.23786	
23.76	5.8156 26.3129 -6.22237	
23.77	5.79872 26.4356 -6.21011	
23.78	5.78414 26.5556 -6.20178	
23.79	5.77539 26.6784 -6.19222	
23.8	5.76185 26.771 -6.18831	
23.81	5.75564 26.8821 -6.18284	
23.82	5.74745 26.9884 -6.17115	
23.83	5.74806 27.0804 -6.16779	
23.84	5.73069 27.1906 -6.15115	
23.85	5.72798 27.2885 -6.1352	
23.86	5.71771 27.3817 -6.13216	
23.87	5.71155 27.5059 -6.11134	
23.88	5.699 27.6107 -6.09167	
23.89	5.69588 27.7104 -6.07892	
23.9	5.69336 27.7926 -6.0764	
23.91	5.68157 27.8896 -6.06287	
23.92	5.67894 27.9771 -6.05563	
23.93	5.66916 28.0479 -6.05364	
23.94	5.66762 28.1428 -6.04463	
23.95	5.67453 28.229 -6.04176	
23.96	5.66487 28.3017 -6.03328	
23.97	5.66373 28.3637 -6.03638	
23.98	5.66253 28.4284 -6.03256	
23.99	5.66929 28.521 -6.03038	
24	5.67583 28.5984 -6.04551	
24.01	5.68243 28.6672 -6.05424	
24.02	5.69072 28.7181 -6.11349	
24.03	5.68974 28.7948 -6.15319	
24.04	5.68958 28.8483 -6.20458	
24.05	5.70553 28.923 -6.27429	
24.06	5.70884 28.994 -6.33518	
24.07	5.71064 29.0574 -6.39403	
24.08	5.71344 29.1126 -6.44664	
24.09	5.71946 29.1667 -6.5152	
24.1	5.72247 29.242 -6.60854	
24.11	5.72214 29.2961 -6.68255	
24.12	5.73665 29.3503 -6.75065	
24.13	5.7347 29.3908 -6.82339	
24.14	5.74219 29.4369 -6.89598	
24.15	5.75644 29.4855 -6.97959	
24.16	5.76987 29.5344 -7.06288	
24.17	5.78289 29.5816 -7.13145	
24.18	5.7931 29.6383 -7.20835	
24.19	5.80236 29.6955 -7.27312	
24.2	5.81119 29.7491 -7.33665	
24.21	5.81946 29.7848 -7.39078	
24.22	5.8197 29.823 -7.44609	
24.23	6.78162 30.0672 -8.48574	
24.24	6.78268 30.0673 -8.48549	
24.25	6.78374 30.0674 -8.48523	
24.26	6.78479 30.0675 -8.48498	
24.27	6.78585 30.0676 -8.48473	
24.28	6.78585 30.0676 -8.48473	
24.29	6.78585 30.0676 -8.48473	
24.3	6.78691 30.0677 -8.48449	
24.31	6.78691 30.0677 -8.48449	
24.32	6.78691 30.0677 -8.48449	
24.33	6.78268 30.0673 -8.48549	
24.34	6.77951 30.0669 -8.48625	
24.35	6.77846 30.0668 -8.48651	
24.36	6.77529 30.0665 -8.48728	
24.37	6.77108 30.066 -8.48834	
24.38	6.76583 30.0654 -8.48968	
24.39	6.75534 30.0641 -8.49246	
24.4	6.74907 30.0633 -8.49419	
24.41	6.73969 30.0621 -8.49686	
24.42	6.73138 30.061 -8.49932	
24.43	6.72414 30.06 -8.50153	
24.44	6.71588 30.0588 -8.50413	
24.45	6.70868 30.0578 -8.50647	
24.46	6.69946 30.0564 -8.50957	
24.47	6.68926 30.0548 -8.51312	
24.48	6.68105 30.0469 -8.53662	
24.49	6.666 30.0509 -8.52173	
24.5	6.66301 30.0437 -8.54373	
24.51	6.66553 30.0434 -8.5452	
24.52	6.65406 30.0421 -8.54742	
24.53	6.63609 30.0453 -8.5339	
24.54	6.63313 30.0448 -8.53518	
24.55	6.62919 30.044 -8.53689	
24.56	6.62428 30.043 -8.53906	
24.57	6.6233 30.0428 -8.5395	
24.58	6.62036 30.0422 -8.54082	
24.59	6.61938 30.042 -8.54126	
24.6	6.61743 30.0416 -8.54215	
24.61	6.62553 30.0338 -8.56792	
24.62	6.631 30.0289 -8.58411	
24.63	6.6171 30.0381 -8.55308	
24.64	6.61613 30.0353 -8.56149	
24.65	6.62163 30.033 -8.56973	
24.66	6.63358 30.0285 -8.58574	
24.67	6.60769 30.037 -8.55462	
24.68	6.61321 30.0347 -8.56285	
24.69	6.61321 30.0347 -8.56285	
24.7	6.62521 30.0329 -8.57092	
24.71	6.62424 30.0326 -8.57137	
24.72	6.63069 30.0305 -8.57916	
24.73	6.63714 30.0284 -8.58694	
24.74	6.63714 30.0284 -8.58694	
24.75	6.6426 30.026 -8.59518	
24.76	6.59731 30.0383 -8.54867	
24.77	6.60381 30.0387 -8.54848	
24.78	6.60381 30.0387 -8.54848	
24.79	6.60934 30.0364 -8.55673	
24.8	6.60285 30.036 -8.55691	
24.81	6.60934 30.0364 -8.55673	
24.82	6.61031 30.0367 -8.55627	
24.83	6.60934 30.0364 -8.55673	
24.84	6.60285 30.0385 -8.54894	
24.85	6.60285 30.036 -8.55691	
24.86	6.59634 30.0381 -8.54913	
24.87	6.60188 30.0358 -8.55737	
24.88	6.60285 30.0411 -8.54098	
24.89	6.60285 30.0385 -8.54894	
24.9	6.60285 30.0385 -8.54894	
24.91	6.60285 30.0385 -8.54894	
24.92	6.59634 30.0381 -8.54913	
24.93	6.59634 30.0381 -8.54913	
24.94	6.60188 30.0383 -8.54941	
24.95	6.59537 30.0404 -8.54163	
24.96	6.59634 30.0406 -8.54116	
24.97	6.60188 30.0383 -8.54941	
24.98	6.60285 30.0411 -8.54098	
24.99	6.60188 30.0434 -8.53347	
25	6.60188 30.0434 -8.53347	
25.01	6.59995 30.043 -8.5344	
25.02	6.6055 30.0458 -8.52671	
25.03	6.59056 30.0368 -8.55192	
25.04	6.59706 30.0373 -8.55174	
25.05	6.59609 30.0371 -8.5522	
25.06	6.59417 30.0392 -8.54518	
25.07	6.59321 30.039 -8.54565	
25.08	6.59225 30.0362 -8.55409	
25.09	6.59129 30.036 -8.55457	
25.1	6.59129 30.036 -8.55457	
25.11	6.59129 30.036 -8.55457	
25.12	6.58937 30.0406 -8.53959	
25.13	6.58286 30.0401 -8.53978	
25.14	6.58841 30.0404 -8.54007	
25.15	6.58093 30.0448 -8.5248	
25.16	6.57438 30.0493 -8.50903	
25.17	6.57533 30.052 -8.50057	
25.18	6.56875 30.0564 -8.48479	
25.19	6.56121 30.0581 -8.47748	
25.2	6.56118 30.0606 -8.46949	
25.21	6.56118 30.0606 -8.46949	
25.22	6.55363 30.0623 -8.46218	
25.23	6.5536 30.0647 -8.45418	
25.24	6.54702 30.0642 -8.45439	
25.25	6.54698 30.0666 -8.44638	
25.26	6.54698 30.0666 -8.44638	
25.27	6.54694 30.069 -8.43838	
25.28	6.54694 30.069 -8.43838	
25.29	6.54035 30.0684 -8.43859	
25.3	6.5403 30.0708 -8.43058	
25.31	6.54686 30.0738 -8.42235	
25.32	6.54686 30.0738 -8.42235	
25.33	6.53931 30.073 -8.42305	
25.34	6.5403 30.0708 -8.43058	
25.35	6.53371 30.0703 -8.43079	
25.36	6.5403 30.0708 -8.43058	
25.37	6.54026 30.0732 -8.42256	
25.38	6.53931 30.073 -8.42305	
25.39	6.53931 30.073 -8.42305	
25.4	6.53931 30.073 -8.42305	
25.41	6.53931 30.073 -8.42305	
25.42	6.54591 30.0736 -8.42284	
25.43	6.53931 30.073 -8.42305	
25.44	6.53931 30.073 -8.42305	
25.45	6.5327 30.0725 -8.42327	
25.46	6.5336 30.0751 -8.41476	
25.47	6.54021 30.0756 -8.41455	
25.48	6.54026 30.0732 -8.42256	
25.49	6.53366 30.0727 -8.42278	
25.5	6.54026 30.0732 -8.42256	
25.51	6.54021 30.0756 -8.41455	
25.52	6.53931 30.073 -8.42305	
25.53	6.53931 30.073 -8.42305	
25.54	6.54026 30.0732 -8.42256	
25.55	6.53931 30.073 -8.42305	
25.56	6.53931 30.073 -8.42305	
25.57	6.53366 30.0727 -8.42278	
25.58	6.53931 30.073 -8.42305	
25.59	6.53931 30.073 -8.42305	
25.6	6.53926 30.0754 -8.41504	
25.61	6.53931 30.073 -8.42305	
25.62	6.53931 30.073 -8.42305	
25.63	6.53366 30.0727 -8.42278	
25.64	6.53926 30.0754 -8.41504	
25.65	6.53265 30.0748 -8.41525	
25.66	6.53931 30.073 -8.42305	
25.67	6.53931 30.073 -8.42305	
25.68	6.53931 30.073 -8.42305	
25.69	6.53931 30.073 -8.42305	
25.7	6.53265 30.0748 -8.41525	
25.71	6.54026 30.0732 -8.42256	
25.72	6.5336 30.0751 -8.41476	
25.73	6.5327 30.0725 -8.42327	
25.74	6.5327 30.0725 -8.42327	
25.75	6.53931 30.073 -8.42305	
25.76	6.53931 30.073 -8.42305	
25.77	6.53265 30.0748 -8.41525	
25.78	6.54591 30.0736 -8.42284	
25.79	6.53931 30.073 -8.42305	
25.8	6.53926 30.0754 -8.41504	
25.81	6.5327 30.0725 -8.42327	
25.82	6.5327 30.0725 -8.42327	
25.83	6.53931 30.073 -8.42305	
25.84	6.53931 30.073 -8.42305	
25.85	6.53931 30.073 -8.42305	
25.86	6.53931 30.073 -8.42305	
25.87	6.53931 30.073 -8.42305	
25.88	6.5327 30.0725 -8.42327	
25.89	6.53926 30.0754 -8.41504	
25.9	6.53931 30.073 -8.42305	
25.91	6.53931 30.073 -8.42305	
25.92	6.53366 30.0727 -8.42278	
25.93	6.5327 30.0725 -8.42327	
25.94	6.53265 30.0748 -8.41525	
25.95	6.53366 30.0727 -8.42278	
25.96	6.5327 30.0725 -8.42327	
25.97	6.5336 30.0751 -8.41476	
25.98	6.53931 30.073 -8.42305	
25.99	6.53931 30.073 -8.42305	
26	6.53931 30.073 -8.42305	
26.01	6.5336 30.0751 -8.41476	
26.02	6.5327 30.0725 -8.42327	
26.03	6.53931 30.073 -8.42305	
26.04	6.53835 30.0728 -8.42354	
26.05	6.53931 30.073 -8.42305	
26.06	6.53931 30.073 -8.42305	
26.07	6.5327 30.0725 -8.42327	
26.08	6.5327 30.0725 -8.42327	
26.09	6.5327 30.0725 -8.42327	
26.1	6.53926 30.0754 -8.41504	
26.11	6.53265 30.0748 -8.41525	
26.12	6.53931 30.073 -8.42305	
26.13	6.5327 30.0725 -8.42327	
26.14	6.5327 30.0725 -8.42327	
26.15	6.53926 30.0754 -8.41504	
26.16	6.53931 30.073 -8.42305	
26.17	6.5327 30.0725 -8.42327	
26.18	6.53265 30.0748 -8.41525	
26.19	6.53931 30.073 -8.42305	
26.2	6.53926 30.0754 -8.41504	
26.21	6.53265 30.0748 -8.41525	
26.22	6.54021 30.0756 -8.41455	
26.23	6.53931 30.073 -8.42305	
26.24	6.5327 30.0725 -8.42327	
26.25	6.53931 30.073 -8.42305	
26.26	6.53931 30.073 -8.42305	
26.27	6.53931 30.073 -8.42305	
26.28	6.53931 30.073 -8.42305	
26.29	6.53931 30.073 -8.42305	
26.3	6.5327 30.0725 -8.42327	
26.31	6.5327 30.0725 -8.42327	
26.32	6.5327 30.0725 -8.42327	
26.33	6.53931 30.073 -8.42305	
26.34	6.5327 30.0725 -8.42327	
26.35	6.53265 30.0748 -8.41525	
26.36	6.53931 30.073 -8.42305	
26.37	6.53931 30.073 -8.42305	
26.38	6.5327 30.0725 -8.42327	
26.39	6.5327 30.0725 -8.42327	
26.4	6.53931 30.073 -8.42305	
26.41	6.53926 30.0754 -8.41504	
26.42	6.53931 30.073 -8.42305	
26.43	6.53926 30.0754 -8.41504	
26.44	6.5327 30.0725 -8.42327	
