# Gnuplot File : positions of 1 particle(s) Monitored
# 1st Column : time, others : particle(s) number 0 
0.01	8.75535 16.0052 5.81023	
0.02	8.75535 16.0052 5.81004	
0.03	8.75535 16.0052 5.80987	
0.04	8.75197 16.0045 5.80824	
0.05	8.75535 16.0052 5.80953	
0.06	8.75197 16.0045 5.80792	
0.07	8.75788 16.0067 5.80979	
0.08	8.75535 16.0052 5.80906	
0.09	8.75535 16.0052 5.80892	
0.1	8.75535 16.0052 5.80878	
0.11	8.75535 16.0052 5.80865	
0.12	8.75621 16.0044 5.80939	
0.13	8.75535 16.0052 5.8084	
0.14	8.75535 16.0052 5.80828	
0.15	8.75535 16.0052 5.80816	
0.16	8.75535 16.0052 5.80805	
0.17	8.75535 16.0052 5.80795	
0.18	8.75535 16.0052 5.80784	
0.19	8.75535 16.0052 5.80774	
0.2	8.75535 16.0052 5.80765	
0.21	8.75283 16.0037 5.80698	
0.22	8.75197 16.0076 5.80448	
0.23	8.75788 16.0067 5.80796	
0.24	8.75702 16.0075 5.807	
0.25	8.75788 16.0067 5.8078	
0.26	8.75788 16.0067 5.80772	
0.27	8.75535 16.0052 5.80707	
0.28	8.75449 16.006 5.80613	
0.29	8.6881 15.9917 5.77717	
0.3	8.67142 15.9882 5.76943	
0.31	8.67142 15.9882 5.76936	
0.32	8.67142 15.9882 5.7693	
0.33	8.67142 15.9882 5.76924	
0.34	8.67142 15.9882 5.76918	
0.35	8.67142 15.9912 5.76762	
0.36	8.58231 15.9687 5.72592	
0.37	8.46375 15.9389 5.66331	
0.38	8.30715 15.8973 5.56816	
0.39	8.27983 15.8892 5.55024	
0.4	8.25573 15.8819 5.53406	
0.41	8.20217 15.8651 5.4969	
0.42	8.19923 15.8641 5.49477	
0.43	8.17575 15.8565 5.47785	
0.44	8.16409 15.8526 5.46929	
0.45	8.11209 15.3681 5.70486	
0.46	8.0944 14.9804 6.25171	
0.47	8.09941 14.3625 6.49875	
0.48	8.10901 13.4667 6.38884	
0.49	8.09251 12.5365 6.45989	
0.5	8.08289 11.7182 7.09602	
0.51	8.06042 10.6591 8.00632	
0.52	7.99114 9.39782 8.93068	
0.53	7.92414 8.09292 9.48844	
0.54	7.84373 6.99324 9.84774	
0.55	7.78243 6.06833 10.2037	
0.56	7.79325 5.27606 10.5522	
0.57	7.65989 4.44099 10.7647	
0.58	7.51631 3.70042 10.9395	
0.59	7.38354 3.16727 10.9101	
0.6	7.26401 2.79829 10.5609	
0.61	7.24868 2.64569 9.9036	
0.62	7.38095 2.58012 9.25887	
0.63	7.61737 2.62827 8.64343	
0.64	8.0559 2.70337 7.97357	
0.65	8.54575 2.71744 7.58809	
0.66	8.9812 2.76333 7.37483	
0.67	9.41065 2.92848 7.40516	
0.68	9.69839 3.1563 7.77797	
0.69	9.91736 3.49795 8.34032	
0.7	10.0973 3.79246 8.7987	
0.71	10.2397 4.03672 8.97527	
0.72	10.3264 4.22681 9.09927	
0.73	10.3742 4.30398 9.12884	
0.74	10.4407 4.34498 9.15878	
0.75	10.5459 4.36187 9.18382	
0.76	10.6277 4.32015 9.16183	
0.77	10.6907 4.25334 9.09809	
0.78	10.7386 4.18075 9.01368	
0.79	10.7005 4.07194 8.75145	
0.8	10.5323 3.83525 8.35708	
0.81	10.2919 3.61231 8.06086	
0.82	10.1282 3.51825 7.93648	
0.83	10.041 3.52089 7.9287	
0.84	9.99793 3.5613 7.89743	
0.85	9.98783 3.59589 7.86255	
0.86	9.97757 3.58343 7.83651	
0.87	9.98317 3.57713 7.83883	
0.88	9.98161 3.576 7.83795	
0.89	10.002 3.56245 7.82734	
0.9	10.0509 3.52214 7.77709	
0.91	10.0983 3.46944 7.71272	
0.92	10.1232 3.41466 7.64051	
0.93	10.1495 3.39978 7.58811	
0.94	10.1795 3.39305 7.55418	
0.95	10.1817 3.42043 7.50478	
0.96	10.1964 3.48105 7.38774	
0.97	10.2208 3.53107 7.19027	
0.98	10.2586 3.57176 7.032	
0.99	10.3102 3.63347 6.96892	
1	10.3586 3.67961 6.92252	
1.01	10.4078 3.71864 6.87601	
1.02	10.4657 3.75374 6.83382	
1.03	10.5444 3.79746 6.8035	
1.04	10.65 3.84704 6.77212	
1.05	10.7536 3.88732 6.73009	
1.06	10.8834 3.91473 6.68878	
1.07	11.0432 3.95099 6.6407	
1.08	11.1633 3.9821 6.59709	
1.09	11.1868 3.98668 6.56432	
1.1	11.1871 3.99719 6.54741	
1.11	11.1894 4.01172 6.53197	
1.12	11.1828 4.0247 6.51932	
1.13	11.1763 4.04853 6.5004	
1.14	11.168 4.0902 6.47106	
1.15	11.1704 4.13371 6.44017	
1.16	11.1761 4.20049 6.39886	
1.17	11.1796 4.2635 6.35647	
1.18	11.183 4.3339 6.30798	
1.19	11.1935 4.40283 6.26386	
1.2	11.1967 4.45723 6.22527	
1.21	11.2076 4.50732 6.19124	
1.22	11.2145 4.54528 6.16872	
1.23	11.2167 4.5972 6.13027	
1.24	11.2198 4.65778 6.08675	
1.25	11.222 4.7131 6.05351	
1.26	11.2213 4.76165 6.0249	
1.27	11.2207 4.80897 6.01138	
1.28	11.217 4.85452 5.9844	
1.29	11.2212 4.9126 5.95654	
1.3	11.2218 4.97408 5.92697	
1.31	11.2215 5.04859 5.88121	
1.32	11.2253 5.12014 5.84414	
1.33	11.2279 5.19081 5.80379	
1.34	11.2265 5.25159 5.76701	
1.35	11.2262 5.32131 5.7257	
1.36	11.2361 5.42197 5.67053	
1.37	11.246 5.4999 5.62949	
1.38	11.2469 5.56184 5.59568	
1.39	11.2518 5.6062 5.56948	
1.4	11.2544 5.67258 5.53471	
1.41	11.2684 5.75631 5.49114	
1.42	11.2955 5.83448 5.45015	
1.43	11.3307 5.89413 5.41778	
1.44	11.3748 5.93625 5.39417	
1.45	11.4046 5.95969 5.3779	
1.46	11.412 5.96367 5.37246	
1.47	11.4149 5.98 5.36194	
1.48	11.4173 6.00118 5.34877	
1.49	11.4227 6.02917 5.33351	
1.5	11.4271 6.06102 5.31537	
1.51	11.4409 6.09387 5.29877	
1.52	11.4723 6.15087 5.27127	
1.53	11.513 6.22903 5.23647	
1.54	11.549 6.27849 5.21242	
1.55	11.5693 6.3145 5.19426	
1.56	11.5768 6.3405 5.17897	
1.57	11.5887 6.37172 5.16244	
1.58	11.6013 6.40896 5.14646	
1.59	11.6053 6.44245 5.12958	
1.6	11.6107 6.46602 5.11791	
1.61	11.6165 6.48472 5.10871	
1.62	11.6152 6.50165 5.0993	
1.63	11.6272 6.53195 5.0856	
1.64	11.6693 6.55848 5.0716	
1.65	11.7269 6.60264 5.05537	
1.66	11.8242 6.6503 5.039	
1.67	11.925 6.69903 5.02119	
1.68	12.0232 6.75135 5.00036	
1.69	12.1262 6.8125 4.97519	
1.7	12.2053 6.86754 4.94637	
1.71	12.2286 6.8863 4.9314	
1.72	12.2196 6.88394 4.92447	
1.73	12.2162 6.86782 4.92651	
1.74	12.2023 6.85232 4.92627	
1.75	12.1893 6.84283 4.92651	
1.76	12.1735 6.83088 4.92909	
1.77	12.1694 6.83123 4.92666	
1.78	12.1705 6.82952 4.92736	
1.79	12.1582 6.82481 4.92795	
1.8	12.1431 6.81999 4.92692	
1.81	12.1222 6.81906 4.92623	
1.82	12.1139 6.82736 4.91511	
1.83	12.1088 6.85935 4.90251	
1.84	12.1077 6.90507 4.88678	
1.85	12.1047 6.94046 4.87207	
1.86	12.0997 6.98055 4.8562	
1.87	12.0967 7.01603 4.8417	
1.88	12.0841 7.03827 4.81457	
1.89	12.0687 7.05311 4.78784	
1.9	12.0598 7.0615 4.75107	
1.91	12.0548 7.09124 4.6985	
1.92	12.0495 7.13032 4.64869	
1.93	12.031 7.17843 4.58222	
1.94	11.9992 7.22201 4.48275	
1.95	11.9799 7.24585 4.37855	
1.96	11.9604 7.27466 4.27924	
1.97	11.9402 7.2953 4.2098	
1.98	11.9203 7.32874 4.17513	
1.99	11.9022 7.37581 4.14458	
2	11.888 7.42407 4.12102	
2.01	11.8733 7.46306 4.10058	
2.02	11.8653 7.49379 4.0865	
2.03	11.8595 7.51628 4.07639	
2.04	11.8522 7.5283 4.06751	
2.05	11.8434 7.53871 4.05928	
2.06	11.8416 7.55645 4.05271	
2.07	11.8374 7.58031 4.04466	
2.08	11.8332 7.60418 4.03666	
2.09	11.8309 7.61472 4.01595	
2.1	11.8237 7.63159 3.99741	
2.11	11.8177 7.63562 3.98735	
2.12	11.815 7.638 3.9741	
2.13	11.8081 7.64523 3.96348	
2.14	11.8048 7.6474 3.95587	
2.15	11.8054 7.6505 3.95486	
2.16	11.8017 7.65898 3.94565	
2.17	11.8061 7.66181 3.93765	
2.18	11.812 7.67339 3.93463	
2.19	11.8194 7.68035 3.93265	
2.2	11.8315 7.6927 3.92965	
2.21	11.85 7.71699 3.92391	
2.22	11.8736 7.74982 3.91621	
2.23	11.8988 7.77809 3.9096	
2.24	11.9268 7.80348 3.90353	
2.25	11.9462 7.82961 3.89745	
2.26	11.9658 7.8547 3.88965	
2.27	11.9682 7.885 3.88208	
2.28	11.9727 7.92893 3.87283	
2.29	11.979 7.97307 3.86371	
2.3	11.9787 8.01584 3.85359	
2.31	11.9802 8.04762 3.84609	
2.32	11.982 8.07772 3.83896	
2.33	11.9899 8.0727 3.84161	
2.34	12.0005 8.07473 3.84296	
2.35	12.027 8.07018 3.84472	
2.36	12.0687 8.07508 3.84656	
2.37	12.1006 8.07948 3.84658	
2.38	12.1259 8.08939 3.84516	
2.39	12.1573 8.10023 3.84375	
2.4	12.2056 8.12335 3.8402	
2.41	12.2746 8.1588 3.83097	
2.42	12.3563 8.19792 3.82354	
2.43	12.4726 8.22812 3.82117	
2.44	12.6072 8.24219 3.82495	
2.45	12.7251 8.26655 3.8245	
2.46	12.794 8.28404 3.82367	
2.47	12.8325 8.2927 3.82351	
2.48	12.8454 8.30614 3.82121	
2.49	12.851 8.32313 3.81781	
2.5	12.8501 8.33921 3.80909	
2.51	12.8494 8.35111 3.79081	
2.52	12.8484 8.36779 3.77153	
2.53	12.847 8.38479 3.74694	
2.54	12.8469 8.39108 3.71947	
2.55	12.8451 8.41165 3.68897	
2.56	12.8435 8.4314 3.64826	
2.57	12.8423 8.44964 3.60798	
2.58	12.8403 8.47316 3.56142	
2.59	12.8388 8.49561 3.5309	
2.6	12.8373 8.52127 3.4999	
2.61	12.8329 8.56692 3.45453	
2.62	12.828 8.61934 3.42382	
2.63	12.8239 8.66162 3.38478	
2.64	12.8198 8.70715 3.34545	
2.65	12.82 8.74815 3.31939	
2.66	12.8122 8.7993 3.29343	
2.67	12.8078 8.84999 3.26955	
2.68	12.7994 8.90668 3.25352	
2.69	12.7913 8.95754 3.23341	
2.7	12.781 9.00083 3.19775	
2.71	12.7774 9.04322 3.16588	
2.72	12.7722 9.07019 3.13486	
2.73	12.7708 9.09617 3.09574	
2.74	12.7691 9.12174 3.06175	
2.75	12.7655 9.13668 3.02793	
2.76	12.7611 9.15608 2.9831	
2.77	12.7538 9.17073 2.94247	
2.78	12.7435 9.18157 2.91105	
2.79	12.7306 9.18657 2.87889	
2.8	12.7169 9.19803 2.84597	
2.81	12.7023 9.2141 2.82766	
2.82	12.694 9.23338 2.81733	
2.83	12.6786 9.25252 2.78828	
2.84	12.6637 9.26999 2.75987	
2.85	12.6399 9.30409 2.73126	
2.86	12.621 9.32557 2.70116	
2.87	12.601 9.36357 2.6645	
2.88	12.5817 9.39234 2.63943	
2.89	12.5653 9.423 2.61036	
2.9	12.5521 9.4545 2.57229	
2.91	12.5425 9.48346 2.54147	
2.92	12.5337 9.50746 2.51132	
2.93	12.5252 9.53044 2.47631	
2.94	12.4963 9.5347 2.50884	
2.95	12.4694 9.53649 2.58856	
2.96	12.4666 9.54164 2.61156	
2.97	12.4777 9.55191 2.65253	
2.98	12.5044 9.56367 2.66047	
2.99	12.5323 9.56144 2.6692	
3	12.5441 9.56414 2.66362	
3.01	12.5439 9.57597 2.65526	
3.02	12.5442 9.58307 2.64818	
3.03	12.5423 9.60323 2.63901	
3.04	12.547 9.61397 2.62358	
3.05	12.5642 9.61551 2.60594	
3.06	12.5301 9.59498 2.56128	
3.07	12.456 9.54392 2.48849	
3.08	12.3856 9.52178 2.50889	
3.09	12.3241 9.5087 2.51356	
3.1	12.2805 9.4999 2.51077	
3.11	12.2096 9.48058 2.50574	
3.12	12.1125 9.45661 2.50672	
3.13	12.0095 9.43593 2.47219	
3.14	11.8832 9.41587 2.43877	
3.15	11.7631 9.36052 2.25058	
3.16	11.5789 9.09444 1.93639	
3.17	11.4629 9.00828 1.69773	
3.18	11.3613 9.14317 1.50727	
3.19	11.3613 9.10023 1.39143	
3.2	11.2998 9.04133 1.25013	
3.21	10.9253 9.00683 1.17224	
3.22	10.9977 8.99621 1.11887	
3.23	10.8772 9.03685 1.11392	
3.24	10.8131 9.03637 1.09273	
3.25	10.6453 9.09278 1.10003	
3.26	10.4675 9.15365 1.12758	
3.27	10.2757 9.19768 1.1746	
3.28	10.0373 9.2154 1.20532	
3.29	10.0471 9.21977 1.26327	
3.3	9.66873 9.28062 1.24428	
3.31	8.95073 9.92877 1.45803	
3.32	8.82449 9.92593 1.4178	
3.33	8.57891 10.0016 1.30665	
3.34	8.12652 10.4677 4.2843	
3.35	8.87404 10.6998 5.45006	
3.36	9.03336 10.7367 5.58587	
3.37	8.69928 10.7138 5.64895	
3.38	8.22481 10.6357 5.66029	
3.39	8.09039 10.6049 5.6666	
3.4	8.08092 10.5979 5.6711	
3.41	8.08073 10.5812 5.67111	
3.42	8.07359 10.5706 5.66979	
3.43	8.07206 10.5766 5.70635	
3.44	8.06427 10.6088 5.78943	
3.45	8.06004 10.5993 6.03882	
3.46	8.06215 10.5185 6.38041	
3.47	8.0569 10.3849 6.78518	
3.48	8.06024 10.2337 7.261	
3.49	8.10296 10.0755 7.7852	
3.5	8.1298 9.81926 8.1205	
3.51	8.155 9.50859 8.35993	
3.52	8.16845 9.06986 8.64971	
3.53	8.07974 8.503 9.12435	
3.54	7.94098 7.9526 9.77528	
3.55	7.81911 7.33966 10.3377	
3.56	7.7488 6.62671 10.7503	
3.57	7.71246 5.89586 10.9645	
3.58	7.55794 5.15021 11.1368	
3.59	7.34829 4.30589 11.3042	
3.6	7.39132 3.49588 11.4504	
3.61	7.94622 3.04981 11.1553	
3.62	8.66252 2.81611 10.7283	
3.63	9.20315 2.56001 10.6649	
3.64	9.36245 2.27262 10.4052	
3.65	9.34781 2.00019 10.2796	
3.66	9.38473 1.79891 10.0912	
3.67	9.38873 1.65384 9.8234	
3.68	9.31268 1.51104 9.47926	
3.69	9.04888 1.31185 9.16728	
3.7	8.76477 1.08066 9.04202	
3.71	8.64849 0.874111 8.95152	
3.72	8.79215 0.684865 8.83561	
3.73	8.98378 0.473025 8.84753	
3.74	9.22461 0.3477 8.80676	
3.75	9.48136 0.246099 8.76511	
3.76	9.75206 0.148379 8.72251	
3.77	10.0287 0.0677768 8.64493	
3.78	10.2956 0.0597611 8.50337	
3.79	10.5993 0.0801674 8.41299	
3.8	10.7272 0.0998353 8.34024	
3.81	10.8898 0.167836 8.27469	
3.82	10.9598 0.238391 8.07527	
3.83	10.6886 0.291721 7.73085	
3.84	10.3034 0.324838 7.44534	
3.85	10.2424 0.378479 7.36325	
3.86	10.2896 0.373692 7.3512	
3.87	10.4024 0.29335 7.41822	
3.88	10.5263 0.256775 7.47601	
3.89	10.5918 0.252869 7.49315	
3.9	10.6402 0.24985 7.50567	
3.91	10.67 0.215891 7.50597	
3.92	10.6846 0.137842 7.43542	
3.93	10.6965 -0.0178554 7.33252	
3.94	10.7079 -0.188649 7.19943	
3.95	10.7172 -0.236263 7.15145	
3.96	10.7058 -0.316899 7.16717	
3.97	10.5534 -0.544597 7.11882	
3.98	10.5216 -0.694239 7.08648	
3.99	10.5218 -0.705514 7.10893	
4	10.5192 -0.688309 7.09836	
4.01	10.5375 -0.642516 7.05571	
4.02	10.6014 -0.622947 7.03971	
4.03	10.7068 -0.62481 7.04694	
4.04	10.7427 -0.62605 7.05335	
4.05	10.7556 -0.596211 7.02658	
4.06	10.7652 -0.527659 6.94522	
4.07	10.7637 -0.47889 6.88611	
4.08	10.7834 -0.376291 6.75345	
4.09	10.7992 -0.256133 6.61097	
4.1	10.8252 -0.225047 6.55789	
4.11	10.839 -0.201934 6.53035	
4.12	10.8477 -0.150197 6.4572	
4.13	10.8734 -0.0813449 6.36662	
4.14	10.9525 0.0161148 6.25503	
4.15	11.0787 0.171816 6.12566	
4.16	11.1718 0.322503 6.0039	
4.17	11.3195 0.518128 5.90097	
4.18	11.5052 0.635674 5.80988	
4.19	11.5557 0.727928 5.74602	
4.2	11.5676 0.834453 5.73741	
4.21	11.6004 0.983602 5.82807	
4.22	11.6402 1.19633 5.87011	
4.23	11.7643 1.40084 5.73047	
4.24	11.7718 1.49191 5.62047	
4.25	11.7629 1.60742 5.51305	
4.26	11.8171 1.7781 5.38963	
4.27	11.8727 1.88884 5.28689	
4.28	11.8669 1.89417 5.26203	
4.29	11.8653 1.914 5.23802	
4.3	11.8819 1.97827 5.18313	
4.31	11.9448 2.06888 5.11539	
4.32	11.9911 2.13398 5.06681	
4.33	11.9901 2.1797 5.02283	
4.34	11.9899 2.2082 4.99439	
4.35	11.9871 2.21694 4.98361	
4.36	11.984 2.21375 4.97734	
4.37	11.9812 2.19894 4.94647	
4.38	11.953 2.1507 4.85542	
4.39	11.9332 2.11422 4.79838	
4.4	11.9192 2.09561 4.78678	
4.41	11.9114 2.08206 4.77734	
4.42	11.9029 2.0837 4.77076	
4.43	11.8991 2.1012 4.75583	
4.44	11.8964 2.12758 4.71902	
4.45	11.8936 2.12427 4.62789	
4.46	11.8845 2.11618 4.50271	
4.47	11.8683 2.1147 4.37628	
4.48	11.8531 2.1341 4.33264	
4.49	11.8428 2.15635 4.29084	
4.5	11.8377 2.16772 4.26598	
4.51	11.8332 2.20927 4.21098	
4.52	11.828 2.25676 4.13381	
4.53	11.8164 2.31391 4.02694	
4.54	11.8005 2.33393 3.92303	
4.55	11.788 2.34405 3.88533	
4.56	11.7824 2.36629 3.83577	
4.57	11.8061 2.39748 3.79509	
4.58	11.8955 2.44504 3.75039	
4.59	12.068 2.53155 3.69531	
4.6	12.2915 2.60128 3.63798	
4.61	12.4641 2.65575 3.5916	
4.62	12.4974 2.70295 3.54877	
4.63	12.4901 2.79154 3.48407	
4.64	12.496 2.92838 3.39743	
4.65	12.4908 3.03036 3.32973	
4.66	12.486 3.13336 3.2653	
4.67	12.5156 3.30287 3.16899	
4.68	12.6358 3.48962 3.07006	
4.69	12.8102 3.67144 2.97942	
4.7	12.9703 3.7917 2.91663	
4.71	13.0225 3.96047 2.82104	
4.72	13.0385 4.08938 2.7442	
4.73	13.0317 4.15517 2.7035	
4.74	13.0276 4.17933 2.68673	
4.75	13.0451 4.23472 2.66075	
4.76	13.0884 4.36486 2.60288	
4.77	13.1566 4.52369 2.53699	
4.78	13.1911 4.64559 2.48703	
4.79	13.1908 4.75133 2.43822	
4.8	13.2038 4.86458 2.38914	
4.81	13.2283 4.98482 2.49712	
4.82	13.2426 4.97948 2.48815	
4.83	13.2565 4.96806 2.58932	
4.84	13.2515 4.9777 2.56969	
4.85	13.268 4.96824 2.61168	
4.86	13.2427 4.92571 2.56677	
4.87	13.2298 4.85521 2.61544	
4.88	13.2257 4.8124 2.5892	
4.89	13.1716 4.77229 2.58063	
4.9	13.0893 4.62299 2.38116	
4.91	12.8775 4.52585 2.28214	
4.92	12.8268 4.51524 2.21895	
4.93	12.791 4.37494 1.89589	
4.94	12.5302 4.24403 1.74486	
4.95	12.3823 4.1256 1.44888	
4.96	12.0882 3.92612 1.2169	
4.97	11.6163 3.91525 0.93222	
4.98	11.2724 3.83918 0.883024	
4.99	10.6269 3.77853 0.785396	
5	10.3589 3.64197 0.822413	
5.01	10.0807 3.60116 0.853235	
5.02	9.98085 3.5522 0.841438	
5.03	7.86562 3.76679 1.5316	
5.04	7.15097 3.97088 2.94404	
5.05	6.40859 3.93765 3.2747	
5.06	6.69257 4.05888 3.44688	
5.07	6.00343 3.96851 3.67661	
5.08	5.30576 3.78598 3.91973	
5.09	4.93768 3.74463 4.13365	
5.1	4.84114 3.79247 4.38527	
5.11	4.63806 3.84278 4.74798	
5.12	4.46547 3.85864 5.11861	
5.13	4.3118 3.84199 5.55669	
5.14	4.40606 3.86177 6.12685	
5.15	4.47916 3.8408 6.40556	
5.16	4.50861 3.80406 6.57701	
5.17	4.55215 3.81039 6.77692	
5.18	4.65382 3.80395 7.02574	
5.19	4.78764 3.76659 7.42413	
5.2	4.92294 3.7766 8.03067	
5.21	5.24921 3.78092 8.99871	
5.22	5.53784 3.77731 9.83759	
5.23	5.78523 3.70682 10.5889	
5.24	6.05993 3.65077 11.5063	
5.25	6.36899 3.7533 12.1229	
5.26	6.34916 3.88679 12.0841	
5.27	6.17424 3.97866 12.0949	
5.28	6.13848 4.07274 12.1921	
5.29	6.11597 4.13781 12.2985	
5.3	6.10438 4.22397 12.1747	
5.31	6.03132 4.37932 11.9468	
5.32	5.86976 4.40789 11.8027	
5.33	5.68074 4.40242 11.5625	
5.34	5.42505 4.57035 10.8108	
5.35	5.42023 4.94074 9.06251	
5.36	5.64323 5.5766 8.34004	
5.37	5.69298 6.55197 7.85334	
5.38	5.86438 7.80367 7.37525	
5.39	6.16792 9.36443 7.13933	
5.4	6.60151 10.8213 7.12433	
5.41	7.01477 11.8645 6.9991	
5.42	7.47486 12.4155 6.55547	
5.43	7.72347 13.1567 6.4745	
5.44	7.74904 13.7529 6.44886	
5.45	7.7934 14.0998 6.11691	
5.46	7.84533 14.5568 6.09275	
5.47	7.98247 15.3492 5.51728	
5.48	8.08974 15.8837 5.3903	
5.49	8.0874 15.8807 5.38928	
5.5	8.16192 15.9118 5.44252	
5.51	8.31329 15.9504 5.55045	
5.52	8.36229 15.9614 5.58244	
5.53	8.47612 15.9904 5.64911	
5.54	8.48856 15.993 5.65605	
5.55	8.5017 15.9765 5.67327	
5.56	8.50449 15.9738 5.67633	
5.57	8.50728 15.9741 5.67789	
5.58	8.5085 15.9716 5.67981	
5.59	8.50565 15.9694 5.67889	
5.6	8.50923 15.9688 5.68143	
5.61	8.50636 15.9667 5.68045	
5.62	8.50991 15.9662 5.68293	
5.63	8.50702 15.9642 5.6819	
5.64	8.50733 15.963 5.68258	
5.65	8.50763 15.9618 5.68324	
5.66	8.51113 15.9615 5.68562	
5.67	8.51141 15.9604 5.68623	
5.68	8.51168 15.9594 5.68682	
5.69	8.51194 15.9584 5.68739	
5.7	8.5122 15.9603 5.68649	
5.71	8.51243 15.9565 5.68846	
5.72	8.51266 15.9557 5.68897	
5.73	8.51288 15.9548 5.68946	
5.74	8.51311 15.9569 5.68849	
5.75	8.5133 15.9532 5.69038	
5.76	8.51112 15.9507 5.69014	
5.77	8.51371 15.9546 5.6898	
5.78	8.51388 15.951 5.69165	
5.79	8.51407 15.9532 5.6906	
5.8	8.51423 15.9496 5.69242	
5.81	8.5144 15.949 5.69278	
5.82	8.51456 15.9484 5.69313	
5.83	8.51472 15.9507 5.69203	
5.84	8.51486 15.9472 5.69379	
5.85	8.51263 15.9478 5.69199	
5.86	8.51514 15.9462 5.69441	
5.87	8.51205 15.9449 5.69296	
5.88	8.5154 15.9452 5.69498	
5.89	8.51554 15.9476 5.69381	
5.9	8.51564 15.9442 5.69551	
5.91	8.51575 15.9438 5.69576	
5.92	8.51586 15.9434 5.696	
5.93	8.51597 15.943 5.69623	
5.94	8.51285 15.9418 5.69472	
5.95	8.51619 15.9451 5.69524	
5.96	8.51866 15.9436 5.69757	
5.97	8.51638 15.9444 5.69565	
5.98	8.51646 15.944 5.69584	
5.99	8.51655 15.9437 5.69603	
6	8.51661 15.9405 5.69764	
6.01	8.51669 15.9402 5.69782	
6.02	8.51677 15.9399 5.69798	
6.03	8.51686 15.9425 5.69671	
6.04	8.51371 15.9415 5.69512	
6.05	8.517 15.942 5.69701	
6.06	8.51705 15.9389 5.69859	
6.07	8.51952 15.9433 5.69798	
6.08	8.51717 15.9384 5.69886	
6.09	8.51723 15.9381 5.69899	
6.1	8.5173 15.9408 5.69768	
6.11	8.51734 15.9377 5.69924	
6.12	8.5174 15.9375 5.69935	
6.13	8.51424 15.9395 5.69629	
6.14	8.51751 15.94 5.69814	
6.15	8.51756 15.9398 5.69824	
6.16	8.5176 15.9397 5.69834	
6.17	8.51765 15.9395 5.69844	
6.18	8.51769 15.9393 5.69853	
6.19	8.51771 15.9363 5.70005	
6.2	8.51777 15.939 5.6987	
6.21	8.51779 15.936 5.70022	
6.22	8.51784 15.9387 5.69886	
6.23	8.51466 15.9379 5.6972	
6.24	8.5179 15.9356 5.70045	
6.25	8.51472 15.9376 5.69734	
6.26	8.51798 15.9382 5.69915	
6.27	8.51799 15.9352 5.70065	
6.28	8.52041 15.9369 5.7014	
6.29	8.51805 15.935 5.70078	
6.3	8.51809 15.9378 5.69941	
6.31	8.51812 15.9377 5.69946	
6.32	8.51814 15.9376 5.69952	
6.33	8.51815 15.9346 5.701	
6.34	8.51819 15.9374 5.69962	
6.35	8.51499 15.9366 5.69793	
6.36	8.51823 15.9372 5.69972	
6.37	8.51824 15.9343 5.70119	
6.38	8.52065 15.936 5.70192	
6.39	8.51829 15.937 5.69985	
6.4	8.51831 15.9369 5.69989	
6.41	8.51511 15.9361 5.69819	
6.42	8.51833 15.9339 5.7014	
6.43	8.51835 15.9339 5.70143	
6.44	8.51836 15.9338 5.70147	
6.45	8.51838 15.9337 5.7015	
6.46	8.52162 15.9344 5.70328	
6.47	8.51841 15.9336 5.70157	
6.48	8.51844 15.9365 5.70017	
6.49	8.51845 15.9364 5.7002	
6.5	8.52084 15.9352 5.70234	
6.51	8.51846 15.9334 5.70168	
6.52	8.51849 15.9363 5.70028	
6.53	8.52173 15.937 5.70204	
6.54	8.5185 15.9333 5.70176	
6.55	8.51852 15.9361 5.70035	
6.56	8.52174 15.934 5.70354	
6.57	8.51853 15.9332 5.70183	
6.58	8.51855 15.936 5.70042	
6.59	8.52179 15.9367 5.70218	
6.6	8.52178 15.9338 5.70363	
6.61	8.51858 15.9359 5.70048	
6.62	8.51859 15.9359 5.7005	
6.63	8.51858 15.933 5.70194	
6.64	8.51538 15.9351 5.69879	
6.65	8.5186 15.9329 5.70197	
6.66	8.51862 15.9358 5.70056	
6.67	8.5154 15.935 5.69883	
6.68	8.51863 15.9357 5.70059	
6.69	8.51864 15.9357 5.70061	
6.7	8.51863 15.9328 5.70205	
6.71	8.51865 15.9356 5.70063	
6.72	8.52188 15.9364 5.70238	
6.73	8.51866 15.9356 5.70066	
6.74	8.51867 15.9356 5.70067	
6.75	8.51867 15.9356 5.70068	
6.76	8.51868 15.9355 5.70069	
6.77	8.51868 15.9355 5.7007	
6.78	8.51869 15.9355 5.70071	
6.79	8.51869 15.9355 5.70072	
6.8	8.51868 15.9326 5.70216	
6.81	8.51868 15.9326 5.70217	
6.82	8.5187 15.9354 5.70075	
6.83	8.51869 15.9325 5.70218	
6.84	8.51871 15.9354 5.70076	
6.85	8.5187 15.9325 5.7022	
6.86	8.51872 15.9354 5.70078	
6.87	8.51872 15.9354 5.70079	
6.88	8.51871 15.9325 5.70222	
6.89	8.51871 15.9325 5.70223	
6.9	8.51873 15.9353 5.70081	
6.91	8.51873 15.9353 5.70081	
6.92	8.51874 15.9353 5.70082	
6.93	8.52113 15.9371 5.70151	
6.94	8.51872 15.9324 5.70225	
6.95	8.51874 15.9353 5.70082	
6.96	8.52196 15.9361 5.70256	
6.97	8.51874 15.9353 5.70082	
6.98	8.51874 15.9353 5.70082	
6.99	8.51634 15.9307 5.70157	
7	8.51874 15.9353 5.70082	
7.01	8.51874 15.9353 5.70082	
7.02	8.51874 15.9353 5.70082	
7.03	8.51874 15.9353 5.70082	
7.04	8.51872 15.9324 5.70225	
7.05	8.51872 15.9324 5.70225	
7.06	8.51872 15.9324 5.70225	
7.07	8.51874 15.9353 5.70082	
7.08	8.51874 15.9353 5.70082	
7.09	8.51872 15.9324 5.70225	
7.1	8.51874 15.9353 5.70082	
7.11	8.51872 15.9324 5.70225	
7.12	8.52113 15.9371 5.70151	
7.13	8.51874 15.9353 5.70082	
7.14	8.51874 15.9353 5.70082	
7.15	8.51872 15.9324 5.70225	
7.16	8.51874 15.9353 5.70082	
7.17	8.51552 15.9346 5.69908	
7.18	8.51874 15.9353 5.70082	
7.19	8.51874 15.9353 5.70082	
7.2	8.51872 15.9324 5.70225	
7.21	8.52111 15.9342 5.70294	
7.22	8.52111 15.9342 5.70294	
7.23	8.51874 15.9353 5.70082	
7.24	8.51874 15.9353 5.70082	
7.25	8.51872 15.9324 5.70225	
7.26	8.51874 15.9353 5.70082	
7.27	8.51874 15.9353 5.70082	
7.28	8.52195 15.9332 5.70399	
7.29	8.51874 15.9353 5.70082	
7.3	8.51874 15.9353 5.70082	
7.31	8.51635 15.9335 5.70014	
7.32	8.52195 15.9332 5.70399	
7.33	8.51874 15.9353 5.70082	
7.34	8.51874 15.9353 5.70082	
7.35	8.51874 15.9353 5.70082	
7.36	8.51874 15.9353 5.70082	
7.37	8.51874 15.9353 5.70082	
7.38	8.51872 15.9324 5.70225	
7.39	8.51874 15.9353 5.70082	
7.4	8.51874 15.9353 5.70082	
7.41	8.51874 15.9353 5.70082	
7.42	8.51874 15.9353 5.70082	
7.43	8.51872 15.9324 5.70225	
7.44	8.51872 15.9324 5.70225	
7.45	8.51872 15.9324 5.70225	
7.46	8.52195 15.9332 5.70399	
7.47	8.51874 15.9353 5.70082	
7.48	8.51872 15.9324 5.70225	
7.49	8.51872 15.9324 5.70225	
7.5	8.52113 15.9371 5.70151	
7.51	8.51872 15.9324 5.70225	
7.52	8.51872 15.9324 5.70225	
7.53	8.51874 15.9353 5.70082	
7.54	8.51874 15.9353 5.70082	
7.55	8.51874 15.9353 5.70082	
7.56	8.51872 15.9324 5.70225	
7.57	8.51874 15.9353 5.70082	
