# Gnuplot File : positions of 1 particle(s) Monitored
# 1st Column : time, others : particle(s) number 0 
0.01	6.72731 30.0604 -8.49725	
0.02	6.72731 30.0604 -8.49785	
0.03	6.72628 30.0603 -8.49866	
0.04	6.72628 30.0603 -8.49907	
0.05	6.72628 30.0603 -8.4994	
0.06	6.72628 30.0603 -8.49967	
0.07	6.72628 30.0603 -8.49989	
0.08	6.72628 30.0603 -8.50007	
0.09	6.72628 30.0603 -8.50022	
0.1	6.72731 30.0604 -8.50003	
0.11	6.72731 30.0604 -8.50013	
0.12	6.72731 30.0604 -8.50021	
0.13	6.72628 30.0603 -8.50059	
0.14	6.72628 30.0603 -8.50065	
0.15	6.72628 30.0578 -8.50869	
0.16	6.73282 30.0581 -8.5086	
0.17	6.72731 30.0604 -8.50044	
0.18	6.72628 30.0603 -8.50079	
0.19	6.73283 30.0606 -8.50068	
0.2	6.72628 30.0603 -8.50082	
0.21	6.72628 30.0603 -8.50084	
0.22	6.72731 30.0604 -8.50053	
0.23	6.72731 30.0604 -8.50054	
0.24	6.73282 30.0581 -8.50873	
0.25	6.72628 30.0603 -8.50087	
0.26	6.72731 30.0604 -8.50056	
0.27	6.72628 30.0603 -8.50088	
0.28	6.72628 30.0578 -8.50887	
0.29	6.73283 30.0606 -8.50076	
0.3	6.72628 30.0603 -8.50089	
0.31	6.72628 30.0578 -8.50888	
0.32	6.73283 30.0606 -8.50076	
0.33	6.72628 30.0603 -8.50089	
0.34	6.72731 30.0604 -8.50057	
0.35	6.72628 30.0603 -8.50089	
0.36	6.72628 30.0603 -8.50089	
0.37	6.72628 30.0603 -8.50089	
0.38	6.72628 30.0603 -8.50089	
0.39	6.72628 30.0578 -8.50888	
0.4	6.72628 30.0603 -8.50089	
0.41	6.73283 30.0606 -8.50076	
0.42	6.72731 30.0604 -8.50057	
0.43	6.72628 30.0578 -8.50888	
0.44	6.72628 30.0603 -8.50089	
0.45	6.72628 30.0603 -8.50089	
0.46	6.72628 30.0603 -8.50089	
0.47	6.72628 30.0603 -8.50089	
0.48	6.72628 30.0603 -8.50089	
0.49	6.72731 30.058 -8.50856	
0.5	6.72628 30.0603 -8.50089	
0.51	6.72628 30.0603 -8.50089	
0.52	6.72628 30.0603 -8.50089	
0.53	6.72628 30.0578 -8.50888	
0.54	6.72628 30.0603 -8.50089	
0.55	6.72628 30.0603 -8.50089	
0.56	6.72628 30.0603 -8.50089	
0.57	6.72628 30.0578 -8.50888	
0.58	6.72731 30.0604 -8.50057	
0.59	6.72628 30.0603 -8.50089	
0.6	6.72628 30.0603 -8.50089	
0.61	6.72628 30.0578 -8.50888	
0.62	6.72731 30.0604 -8.50057	
0.63	6.72628 30.0603 -8.50089	
0.64	6.72628 30.0578 -8.50888	
0.65	6.72628 30.0603 -8.50089	
0.66	6.72628 30.0603 -8.50089	
0.67	6.73283 30.0606 -8.50076	
0.68	6.72731 30.0604 -8.50057	
0.69	6.72731 30.0604 -8.50057	
0.7	6.72731 30.0604 -8.50057	
0.71	6.72628 30.0578 -8.50888	
0.72	6.73283 30.0606 -8.50076	
0.73	6.72628 30.0578 -8.50888	
0.74	6.72628 30.0578 -8.50888	
0.75	6.72628 30.0603 -8.50089	
0.76	6.72628 30.0603 -8.50089	
0.77	6.72731 30.0604 -8.50057	
0.78	6.72628 30.0603 -8.50089	
0.79	6.72628 30.0603 -8.50089	
0.8	6.72628 30.0578 -8.50888	
0.81	6.72731 30.0604 -8.50057	
0.82	6.73283 30.0606 -8.50076	
0.83	6.72731 30.0604 -8.50057	
0.84	6.72731 30.0604 -8.50057	
0.85	6.72628 30.0603 -8.50089	
0.86	6.72731 30.0604 -8.50057	
0.87	6.72628 30.0603 -8.50089	
0.88	6.72731 30.0604 -8.50057	
0.89	6.72731 30.0604 -8.50057	
0.9	6.72628 30.0603 -8.50089	
0.91	6.73283 30.0606 -8.50076	
0.92	6.72731 30.0604 -8.50057	
0.93	6.72628 30.0603 -8.50089	
0.94	6.72628 30.0603 -8.50089	
0.95	6.72731 30.058 -8.50856	
0.96	6.72628 30.0603 -8.50089	
0.97	6.72628 30.0603 -8.50089	
0.98	6.72628 30.0603 -8.50089	
0.99	6.72628 30.0603 -8.50089	
1	6.72628 30.0603 -8.50089	
1.01	6.72628 30.0578 -8.50888	
1.02	6.72628 30.0603 -8.50089	
1.03	6.72628 30.0603 -8.50089	
1.04	6.72628 30.0603 -8.50089	
1.05	6.72628 30.0578 -8.50888	
1.06	6.72628 30.0578 -8.50888	
1.07	6.72628 30.0578 -8.50888	
1.08	6.72628 30.0578 -8.50888	
1.09	6.72628 30.0603 -8.50089	
1.1	6.72628 30.0603 -8.50089	
1.11	6.72731 30.0604 -8.50057	
1.12	6.72731 30.0604 -8.50057	
1.13	6.72628 30.0603 -8.50089	
1.14	6.72628 30.0578 -8.50888	
1.15	6.72628 30.0578 -8.50888	
1.16	6.72076 30.0601 -8.5007	
1.17	6.72628 30.0603 -8.50089	
1.18	6.72628 30.0603 -8.50089	
1.19	6.72628 30.0603 -8.50089	
1.2	6.72628 30.0603 -8.50089	
1.21	6.72628 30.0578 -8.50888	
1.22	6.72628 30.0578 -8.50888	
1.23	6.72628 30.0603 -8.50089	
1.24	6.72628 30.0603 -8.50089	
1.25	6.72628 30.0603 -8.50089	
1.26	6.73283 30.0606 -8.50076	
1.27	6.72731 30.0604 -8.50057	
1.28	6.72628 30.0603 -8.50089	
1.29	6.72628 30.0603 -8.50089	
1.3	6.73283 30.0606 -8.50076	
1.31	6.73283 30.0606 -8.50076	
1.32	6.72628 30.0603 -8.50089	
1.33	6.72731 30.0604 -8.50057	
1.34	6.72628 30.0603 -8.50089	
1.35	6.72731 30.0604 -8.50057	
1.36	6.72731 30.0604 -8.50057	
1.37	6.73385 30.0583 -8.50844	
1.38	6.72628 30.0603 -8.50089	
1.39	6.72628 30.0603 -8.50089	
1.4	6.72731 30.058 -8.50856	
1.41	6.72731 30.0604 -8.50057	
1.42	6.72628 30.0603 -8.50089	
1.43	6.72731 30.0604 -8.50057	
1.44	6.72628 30.0603 -8.50089	
1.45	6.72731 30.0604 -8.50057	
1.46	6.72628 30.0603 -8.50089	
1.47	6.72628 30.0603 -8.50089	
1.48	6.72731 30.0604 -8.50057	
1.49	6.72731 30.0604 -8.50057	
1.5	6.72628 30.0603 -8.50089	
1.51	6.72628 30.0603 -8.50089	
1.52	6.72731 30.0604 -8.50057	
1.53	6.72731 30.0604 -8.50057	
1.54	6.72731 30.0604 -8.50057	
1.55	6.72731 30.0604 -8.50057	
1.56	6.72628 30.0603 -8.50089	
1.57	6.72628 30.0603 -8.50089	
1.58	6.72731 30.058 -8.50856	
1.59	6.72628 30.0603 -8.50089	
1.6	6.72628 30.0603 -8.50089	
1.61	6.72628 30.0603 -8.50089	
1.62	6.72628 30.0603 -8.50089	
1.63	6.72731 30.0604 -8.50057	
1.64	6.72628 30.0603 -8.50089	
1.65	6.72628 30.0603 -8.50089	
1.66	6.73283 30.0606 -8.50076	
1.67	6.72628 30.0603 -8.50089	
1.68	6.72731 30.0604 -8.50057	
1.69	6.72731 30.0604 -8.50057	
1.7	6.72628 30.0603 -8.50089	
1.71	6.72731 30.058 -8.50856	
1.72	6.72628 30.0578 -8.50888	
1.73	6.72628 30.0603 -8.50089	
1.74	6.72731 30.0604 -8.50057	
1.75	6.72628 30.0603 -8.50089	
1.76	6.72731 30.058 -8.50856	
1.77	6.72628 30.0603 -8.50089	
1.78	6.72731 30.0604 -8.50057	
1.79	6.72628 30.0603 -8.50089	
1.8	6.72628 30.0603 -8.50089	
1.81	6.72628 30.0578 -8.50888	
1.82	6.72628 30.0603 -8.50089	
1.83	6.72628 30.0603 -8.50089	
1.84	6.72731 30.0604 -8.50057	
1.85	6.72731 30.0604 -8.50057	
1.86	6.72628 30.0603 -8.50089	
1.87	6.72628 30.0603 -8.50089	
1.88	6.72628 30.0578 -8.50888	
1.89	6.72731 30.0604 -8.50057	
1.9	6.73283 30.0606 -8.50076	
1.91	6.72628 30.0578 -8.50888	
1.92	6.72731 30.0604 -8.50057	
1.93	6.73283 30.0606 -8.50076	
1.94	6.72731 30.0604 -8.50057	
1.95	6.72628 30.0603 -8.50089	
1.96	6.72628 30.0603 -8.50089	
1.97	6.72628 30.0603 -8.50089	
1.98	6.72628 30.0603 -8.50089	
1.99	6.72628 30.0603 -8.50089	
2	6.72628 30.0578 -8.50888	
2.01	6.72628 30.0603 -8.50089	
2.02	6.72628 30.0603 -8.50089	
2.03	6.72628 30.0603 -8.50089	
2.04	6.72731 30.058 -8.50856	
2.05	6.72628 30.0578 -8.50888	
2.06	6.72628 30.0603 -8.50089	
2.07	6.72628 30.0603 -8.50089	
2.08	6.72731 30.0604 -8.50057	
2.09	6.72731 30.0604 -8.50057	
2.1	6.72731 30.0604 -8.50057	
2.11	6.72731 30.0604 -8.50057	
2.12	6.72628 30.0603 -8.50089	
2.13	6.72628 30.0603 -8.50089	
2.14	6.72628 30.0603 -8.50089	
2.15	6.72731 30.0604 -8.50057	
2.16	6.72731 30.0604 -8.50057	
2.17	6.72731 30.0604 -8.50057	
2.18	6.72731 30.058 -8.50856	
2.19	6.72731 30.058 -8.50856	
2.2	6.72731 30.0604 -8.50057	
2.21	6.73386 30.0608 -8.50045	
2.22	6.72731 30.0604 -8.50057	
2.23	6.72731 30.0604 -8.50057	
2.24	6.72731 30.0604 -8.50057	
2.25	6.71973 30.0575 -8.50901	
2.26	6.72628 30.0603 -8.50089	
2.27	6.72628 30.0578 -8.50888	
2.28	6.72076 30.0601 -8.5007	
2.29	6.72731 30.0604 -8.50057	
2.3	6.73282 30.0581 -8.50876	
2.31	6.72628 30.0578 -8.50888	
2.32	6.73282 30.0581 -8.50876	
2.33	6.72731 30.0604 -8.50057	
2.34	6.72628 30.0603 -8.50089	
2.35	6.72628 30.0603 -8.50089	
2.36	6.72628 30.0578 -8.50888	
2.37	6.72628 30.0603 -8.50089	
2.38	6.72628 30.0603 -8.50089	
2.39	6.72731 30.0604 -8.50057	
2.4	6.73283 30.0606 -8.50076	
2.41	6.73282 30.0581 -8.50876	
2.42	6.72628 30.0603 -8.50089	
2.43	6.72731 30.0604 -8.50057	
2.44	6.72628 30.0603 -8.50089	
2.45	6.72731 30.0604 -8.50057	
2.46	6.72628 30.0603 -8.50089	
2.47	6.72628 30.0603 -8.50089	
2.48	6.72731 30.0604 -8.50057	
2.49	6.72628 30.0603 -8.50089	
2.5	6.72731 30.0604 -8.50057	
2.51	6.72628 30.0603 -8.50089	
2.52	6.72628 30.0603 -8.50089	
2.53	6.72628 30.0603 -8.50089	
2.54	6.72628 30.0603 -8.50089	
2.55	6.73283 30.0606 -8.50076	
2.56	6.73283 30.0606 -8.50076	
2.57	6.73283 30.0606 -8.50076	
2.58	6.73282 30.0581 -8.50876	
2.59	6.72628 30.0603 -8.50089	
2.6	6.72628 30.0603 -8.50089	
2.61	6.72628 30.0603 -8.50089	
2.62	6.72628 30.0603 -8.50089	
2.63	6.72628 30.0603 -8.50089	
2.64	6.72628 30.0603 -8.50089	
2.65	6.72628 30.0603 -8.50089	
2.66	6.73283 30.0606 -8.50076	
2.67	6.73283 30.0606 -8.50076	
2.68	6.73283 30.0606 -8.50076	
2.69	6.72628 30.0603 -8.50089	
2.7	6.72628 30.0603 -8.50089	
2.71	6.72731 30.0604 -8.50057	
2.72	6.72731 30.0604 -8.50057	
2.73	6.71972 30.0624 -8.49302	
2.74	6.72628 30.0603 -8.50089	
2.75	6.72628 30.0603 -8.50089	
2.76	6.72627 30.0628 -8.49289	
2.77	6.72076 30.0601 -8.5007	
2.78	6.72731 30.0604 -8.50057	
2.79	6.72628 30.0603 -8.50089	
2.8	6.71972 30.06 -8.50102	
2.81	6.72731 30.0604 -8.50057	
2.82	6.72731 30.0604 -8.50057	
2.83	6.72628 30.0603 -8.50089	
2.84	6.72628 30.0603 -8.50089	
2.85	6.72731 30.0604 -8.50057	
2.86	6.71973 30.0575 -8.50901	
2.87	6.71317 30.0596 -8.50115	
2.88	6.70766 30.0594 -8.50096	
2.89	6.70008 30.0589 -8.50142	
2.9	6.7001 30.0564 -8.50941	
2.91	6.70008 30.0589 -8.50142	
2.92	6.6925 30.0584 -8.50188	
2.93	6.68182 30.0574 -8.50332	
2.94	6.67775 30.0543 -8.51263	
2.95	6.66505 30.053 -8.5148	
2.96	6.65886 30.0545 -8.50886	
2.97	6.64416 30.0528 -8.51184	
2.98	6.63704 30.0516 -8.51436	
2.99	6.62996 30.0503 -8.51695	
3	6.67514 30.0524 -8.51828	
3.01	6.66155 30.0508 -8.52111	
3.02	6.65552 30.0497 -8.52345	
3.03	6.64952 30.0487 -8.52583	
3.04	6.64553 30.0479 -8.52744	
3.05	6.64806 30.0476 -8.52891	
3.06	6.64409 30.0469 -8.53055	
3.07	6.63459 30.0459 -8.53197	
3.08	6.63814 30.0457 -8.53306	
3.09	6.63616 30.0453 -8.5339	
3.1	6.63419 30.045 -8.53475	
3.11	6.63123 30.0444 -8.53603	
3.12	6.63024 30.0442 -8.53646	
3.13	6.62926 30.044 -8.53689	
3.14	6.62729 30.0436 -8.53775	
3.15	6.62631 30.0434 -8.53819	
3.16	6.62435 30.043 -8.53906	
3.17	6.62337 30.0428 -8.5395	
3.18	6.62337 30.0428 -8.5395	
3.19	6.62141 30.0424 -8.54037	
3.2	6.62127 29.7908 -8.62014	
3.21	6.6157 29.6666 -8.62396	
3.22	6.61363 29.4408 -8.65017	
3.23	6.62022 29.2824 -8.63939	
3.24	6.62982 29.1368 -8.61939	
3.25	6.63299 29.0438 -8.58404	
3.26	6.6401 28.9338 -8.51865	
3.27	6.6521 28.873 -8.46551	
3.28	6.65048 28.8135 -8.38394	
3.29	6.65981 28.7555 -8.30227	
3.3	6.65827 28.7008 -8.24843	
3.31	6.65618 28.6329 -8.18109	
3.32	6.65404 28.5621 -8.10956	
3.33	6.64974 28.501 -8.04984	
3.34	6.64015 28.4215 -7.96549	
3.35	6.63279 28.3584 -7.88953	
3.36	6.62725 28.307 -7.82043	
3.37	6.60616 28.2209 -7.73192	
3.38	6.60599 28.1637 -7.65634	
3.39	6.5916 28.0944 -7.59649	
3.4	6.57564 28.0247 -7.50642	
3.41	6.56736 27.9371 -7.42522	
3.42	6.55151 27.858 -7.35616	
3.43	6.53487 27.7615 -7.27223	
3.44	6.52625 27.6599 -7.18994	
3.45	6.51066 27.5552 -7.10192	
3.46	6.48706 27.4162 -7.01414	
3.47	6.46944 27.31 -6.93056	
3.48	6.4529 27.2197 -6.86288	
3.49	6.42812 27.0714 -6.76889	
3.5	6.41075 26.9596 -6.70144	
3.51	6.38534 26.8365 -6.61666	
3.52	6.35859 26.6845 -6.51527	
3.53	6.33226 26.5808 -6.44697	
3.54	6.29836 26.4566 -6.35775	
3.55	6.27496 26.3203 -6.26813	
3.56	6.25922 26.2086 -6.19481	
3.57	6.23528 26.0441 -6.09705	
3.58	6.22084 25.9204 -6.03105	
3.59	6.20562 25.7843 -5.93692	
3.6	6.18472 25.6644 -5.8694	
3.61	6.18028 25.5237 -5.77287	
3.62	6.17395 25.3971 -5.69466	
3.63	6.15236 25.2536 -5.59414	
3.64	6.13533 25.1053 -5.50329	
3.65	6.12689 24.9841 -5.42152	
3.66	6.1028 24.8495 -5.316	
3.67	6.08657 24.7282 -5.23733	
3.68	6.0704 24.598 -5.15527	
3.69	6.05376 24.4627 -5.04776	
3.7	6.03412 24.3061 -4.94562	
3.71	6.01932 24.181 -4.85658	
3.72	5.99509 24.0434 -4.74584	
3.73	5.98782 23.9171 -4.65743	
3.74	5.97206 23.7631 -4.54166	
3.75	5.94721 23.6058 -4.41588	
3.76	5.93005 23.4844 -4.31265	
3.77	5.90697 23.3286 -4.19243	
3.78	5.88883 23.1541 -4.06444	
3.79	5.87133 23.0308 -3.97	
3.8	5.85765 22.9048 -3.86651	
3.81	5.83215 22.7286 -3.7299	
3.82	5.81532 22.5656 -3.61278	
3.83	5.79061 22.4108 -3.4958	
3.84	5.76622 22.2599 -3.3838	
3.85	5.74195 22.1206 -3.29631	
3.86	5.73441 21.9801 -3.19656	
3.87	5.70706 21.7843 -3.06127	
3.88	5.69879 21.6161 -3.04224	
3.89	5.67924 21.4566 -2.90489	
3.9	5.66052 21.3123 -2.76419	
3.91	5.6389 21.133 -2.59771	
3.92	5.62175 20.9768 -2.4509	
3.93	5.61369 20.8078 -2.30325	
3.94	5.59381 20.6338 -2.15244	
3.95	5.57901 20.4596 -1.97873	
3.96	5.5667 20.2656 -1.79585	
3.97	5.56085 20.0982 -1.63886	
3.98	5.55137 19.9483 -1.47815	
3.99	5.53216 19.756 -1.28931	
4	5.51764 19.5496 -1.07865	
4.01	5.50845 19.4132 -0.938003	
4.02	5.48068 19.1748 -0.674939	
4.03	5.46826 18.9652 -0.453982	
4.04	5.42983 18.7336 -0.210072	
4.05	5.41366 18.5199 0.0149075	
4.06	5.38869 18.289 0.259508	
4.07	5.36811 18.0839 0.479645	
4.08	5.34849 17.888 0.71096	
4.09	5.33925 17.7665 0.863228	
4.1	5.31002 17.6557 1.40684	
4.11	5.30274 17.421 1.61456	
4.12	5.30506 17.1839 1.85916	
4.13	5.31604 16.9213 2.15266	
4.14	5.32762 16.7013 2.41338	
4.15	5.33418 16.532 2.60958	
4.16	5.35194 16.3741 2.82663	
4.17	5.37111 16.2367 3.0011	
4.18	5.37339 16.0752 3.18947	
4.19	5.38205 15.9497 3.36257	
4.2	5.39334 15.7972 3.579	
4.21	5.39741 15.6806 3.7471	
4.22	5.40832 15.5743 3.9108	
4.23	5.40559 15.4896 4.05717	
4.24	5.41331 15.4114 4.19706	
4.25	5.41408 15.3393 4.32571	
4.26	5.42366 15.2663 4.49464	
4.27	5.42742 15.2179 4.60888	
4.28	5.44197 15.165 4.73891	
4.29	5.44374 15.119 4.86335	
4.3	5.45253 15.077 4.99352	
4.31	5.45649 15.0412 5.11793	
4.32	5.46739 15.0102 5.25465	
4.33	5.47182 14.9856 5.3572	
4.34	5.47694 14.9531 5.48903	
4.35	5.48431 14.9309 5.59825	
4.36	5.49269 14.9082 5.69783	
4.37	5.49727 14.8863 5.80658	
4.38	5.49754 14.8675 5.89365	
4.39	5.50669 14.8495 5.99752	
4.4	5.50512 14.8359 6.06666	
4.41	5.51779 14.8276 6.15738	
4.42	5.51526 14.8133 6.24826	
4.43	5.52654 14.8085 6.31419	
4.44	5.52753 14.8082 6.39614	
4.45	5.53788 14.8062 6.47834	
4.46	5.54849 14.8154 6.55141	
4.47	5.5533 14.8257 6.6149	
4.48	5.56348 14.8393 6.67282	
4.49	5.5647 14.8545 6.72779	
4.5	5.57646 14.8838 6.78772	
4.51	5.57976 14.9057 6.83217	
4.52	5.58354 14.9362 6.87973	
4.53	5.59107 14.9677 6.92505	
4.54	5.60455 14.9923 6.94981	
4.55	5.60281 15.02 6.98292	
4.56	5.61954 15.0641 7.03549	
4.57	5.62431 15.0911 7.06926	
4.58	5.6348 15.1199 7.09759	
4.59	5.64523 15.1505 7.12315	
4.6	5.65569 15.1796 7.15131	
4.61	5.66293 15.214 7.18139	
4.62	5.6798 15.2438 7.20773	
4.63	5.69032 15.2696 7.2316	
4.64	5.70046 15.2993 7.24853	
4.65	5.71129 15.3143 7.26018	
4.66	5.71905 15.3325 7.26714	
4.67	5.72537 15.3521 7.26993	
4.68	5.72973 15.3686 7.26948	
4.69	5.73427 15.3815 7.26501	
4.7	5.73432 15.396 7.25695	
4.71	5.73575 15.4035 7.24102	
4.72	5.74396 15.4182 7.24393	
4.73	5.73859 15.4353 7.2333	
4.74	5.73904 15.4532 7.21975	
4.75	5.73499 15.4704 7.19991	
4.76	5.72564 15.4876 7.18979	
4.77	5.721 15.4992 7.16842	
4.78	5.71966 15.5143 7.15187	
4.79	5.70432 15.5261 7.12009	
4.8	5.70031 15.5352 7.10434	
4.81	5.68641 15.5437 7.06878	
4.82	5.67572 15.5584 7.02311	
4.83	5.6561 15.5626 6.97544	
4.84	5.63967 15.5705 6.93264	
4.85	5.63338 15.575 6.89303	
4.86	5.61727 15.5832 6.8502	
4.87	5.60798 15.5908 6.80737	
4.88	5.59254 15.598 6.75484	
4.89	5.57396 15.6064 6.70176	
4.9	5.56805 15.6163 6.6665	
4.91	5.54981 15.625 6.6134	
4.92	5.54196 15.6303 6.55422	
4.93	5.53429 15.6413 6.49637	
4.94	5.5289 15.6537 6.45852	
4.95	5.52163 15.6672 6.39806	
4.96	5.51015 15.6772 6.35471	
4.97	5.50327 15.6931 6.29168	
4.98	5.49938 15.707 6.24154	
4.99	5.492 15.7182 6.19613	
5	5.48585 15.7326 6.13577	
5.01	5.48542 15.7435 6.09039	
5.02	5.47851 15.7551 6.04503	
5.03	5.47711 15.7652 5.97961	
5.04	5.47459 15.7789 5.92142	
5.05	5.46818 15.7909 5.87612	
5.06	5.46993 15.8104 5.81077	
5.07	5.47041 15.8244 5.76297	
5.08	5.46864 15.8342 5.71001	
5.09	5.47344 15.8541 5.6551	
5.1	5.46541 15.8696 5.59712	
5.11	5.46416 15.8822 5.5417	
5.12	5.46634 15.8998 5.49187	
5.13	5.46769 15.9149 5.44429	
5.14	5.4668 15.9366 5.38792	
5.15	5.45627 15.955 5.33003	
5.16	5.45878 15.9815 5.25928	
5.17	5.45513 15.9946 5.2065	
5.18	5.44721 16.0188 5.14043	
5.19	5.44377 16.036 5.09169	
5.2	5.43482 16.0622 5.03592	
5.21	5.4339 16.0902 4.97402	
5.22	5.42874 16.1161 4.9089	
5.23	5.42279 16.1456 4.84749	
5.24	5.41998 16.1665 4.79659	
5.25	5.4138 16.1934 4.75145	
5.26	5.40741 16.2233 4.68994	
5.27	5.39946 16.2514 4.63474	
5.28	5.39648 16.2778 4.58002	
5.29	5.3878 16.3069 4.53099	
5.3	5.38761 16.3312 4.48832	
5.31	5.37771 16.3624 4.43743	
5.32	5.37678 16.386 4.39369	
5.33	5.36042 16.4077 4.33555	
5.34	5.35425 16.4371 4.29706	
5.35	5.3527 16.4541 4.25156	
5.36	5.34305 16.4793 4.19752	
5.37	5.33623 16.5028 4.16354	
5.38	5.32505 16.523 4.10411	
5.39	5.32572 16.5434 4.07285	
5.4	5.32014 16.5714 4.04321	
5.41	5.31293 16.5903 4.00419	
5.42	5.30757 16.6084 3.97532	
5.43	5.30758 16.6256 3.94614	
5.44	5.30064 16.6485 3.91109	
5.45	5.30348 16.6685 3.89011	
5.46	5.29915 16.6889 3.86881	
5.47	5.3004 16.7067 3.84005	
5.48	5.29717 16.7244 3.8214	
5.49	5.29378 16.74 3.8044	
5.5	5.29966 16.7624 3.77727	
5.51	5.30441 16.7858 3.77036	
5.52	5.29589 16.7994 3.75597	
5.53	5.29808 16.8233 3.73865	
5.54	5.29872 16.8416 3.71577	
5.55	5.30358 16.8652 3.70888	
5.56	5.30527 16.8911 3.68794	
5.57	5.30461 16.9137 3.68299	
5.58	5.30796 16.9383 3.66605	
5.59	5.31036 16.9665 3.65262	
5.6	5.31069 16.9929 3.64578	
5.61	5.31315 17.0213 3.63236	
5.62	5.31758 17.0538 3.6174	
5.63	5.32868 17.0844 3.61217	
5.64	5.33219 17.1201 3.5947	
5.65	5.34143 17.1575 3.58137	
5.66	5.34503 17.1934 3.56396	
5.67	5.34896 17.2243 3.55063	
5.68	5.35258 17.2683 3.54081	
5.69	5.36801 17.3017 3.52379	
5.7	5.37176 17.3312 3.51079	
5.71	5.38289 17.3734 3.50512	
5.72	5.38668 17.4066 3.49001	
5.73	5.39642 17.4393 3.47491	
5.74	5.40025 17.4766 3.46356	
5.75	5.41 17.5169 3.4501	
5.76	5.41975 17.5592 3.43487	
5.77	5.42955 17.5958 3.41776	
5.78	5.44618 17.6456 3.40456	
5.79	5.44924 17.6793 3.38926	
5.8	5.46729 17.7242 3.38243	
5.81	5.47143 17.7513 3.37166	
5.82	5.47902 17.7898 3.35013	
5.83	5.49365 17.8263 3.32929	
5.84	5.49788 17.8572 3.31648	
5.85	5.50789 17.8876 3.30368	
5.86	5.51342 17.921 3.2988	
5.87	5.52345 17.9515 3.28602	
5.88	5.52558 17.9836 3.26297	
5.89	5.53663 18.0147 3.25056	
5.9	5.55192 18.0385 3.23421	
5.91	5.55637 18.0699 3.22148	
5.92	5.56033 18.1033 3.20841	
5.93	5.57662 18.1355 3.19406	
5.94	5.5858 18.1662 3.18102	
5.95	5.59717 18.1919 3.17465	
5.96	5.60636 18.2228 3.16163	
5.97	5.61862 18.2569 3.15724	
5.98	5.63537 18.298 3.15411	
5.99	5.64562 18.3215 3.13987	
6	5.65486 18.3486 3.12335	
6.01	5.67267 18.3786 3.12095	
6.02	5.68283 18.41 3.10288	
6.03	5.69311 18.4338 3.0887	
6.04	5.70989 18.4637 3.08598	
6.05	5.72646 18.4992 3.07185	
6.06	5.74216 18.5266 3.0558	
6.07	5.75875 18.5584 3.04362	
6.08	5.78174 18.5875 3.02643	
6.09	5.79287 18.6221 3.02188	
6.1	5.80958 18.6462 3.00814	
6.11	5.8252 18.6763 3.00515	
6.12	5.84722 18.7053 2.98774	
6.13	5.87534 18.7465 2.97581	
6.14	5.89084 18.7787 2.9634	
6.15	5.91384 18.8086 2.95176	
6.16	5.94014 18.8413 2.9376	
6.17	5.96837 18.8749 2.92418	
6.18	5.98581 18.9001 2.92796	
6.19	6.00738 18.9369 2.9194	
6.2	6.03465 18.9664 2.90751	
6.21	6.05675 18.9922 2.89223	
6.22	6.09013 19.0261 2.88415	
6.23	6.1191 19.0586 2.88063	
6.24	6.14556 19.0861 2.86088	
6.25	6.17811 19.1178 2.84489	
6.26	6.21052 19.1475 2.83314	
6.27	6.23867 19.178 2.82176	
6.28	6.27199 19.2083 2.8104	
6.29	6.29428 19.2359 2.80491	
6.3	6.34062 19.2732 2.7945	
6.31	6.36657 19.2938 2.7825	
6.32	6.38375 19.3179 2.77881	
6.33	6.42792 19.3514 2.76177	
6.34	6.46221 19.3785 2.75264	
6.35	6.48419 19.4069 2.75229	
6.36	6.51254 19.4297 2.73952	
6.37	6.54215 19.4597 2.73838	
6.38	6.55866 19.4816 2.72678	
6.39	6.59398 19.5127 2.72423	
6.4	6.61625 19.5327 2.7173	
6.41	6.63243 19.5527 2.71505	
6.42	6.65685 19.5831 2.709	
6.43	6.67301 19.603 2.70178	
6.44	6.69691 19.6248 2.69884	
6.45	6.72082 19.6464 2.69097	
6.46	6.73792 19.6668 2.68414	
6.47	6.7561 19.6839 2.67273	
6.48	6.78028 19.7012 2.66171	
6.49	6.79227 19.7154 2.66099	
6.5	6.80302 19.733 2.64101	
6.51	6.82158 19.7527 2.63772	
6.52	6.83423 19.7646 2.62451	
6.53	6.84589 19.7763 2.61099	
6.54	6.85946 19.7892 2.59658	
6.55	6.86647 19.7966 2.58476	
6.56	6.87788 19.8125 2.56967	
6.57	6.88491 19.82 2.55787	
6.58	6.89068 19.8315 2.54413	
6.59	6.8962 19.8404 2.52243	
6.6	6.89663 19.8492 2.51952	
6.61	6.90272 19.8564 2.50744	
6.62	6.90135 19.8642 2.48665	
6.63	6.90407 19.87 2.48452	
6.64	6.91019 19.8771 2.46761	
6.65	6.90938 19.8832 2.45642	
6.66	6.91676 19.8932 2.45271	
6.67	6.90438 19.8938 2.43912	
6.68	6.91053 19.901 2.42711	
6.69	6.90609 19.9031 2.41303	
6.7	6.90554 19.9117 2.405	
6.71	6.90474 19.9178 2.39384	
6.72	6.89932 19.9196 2.37944	
6.73	6.89976 19.9285 2.37177	
6.74	6.90081 19.9333 2.347	
6.75	6.90003 19.9394 2.33104	
6.76	6.89896 19.9498 2.31836	
6.77	6.89818 19.956 2.30243	
6.78	6.89322 19.9668 2.29011	
6.79	6.89918 19.9785 2.27183	
6.8	6.89762 19.9909 2.24969	
6.81	6.88344 19.9975 2.2296	
6.82	6.88311 20.0127 2.2158	
6.83	6.88155 20.0252 2.18892	
6.84	6.88049 20.0358 2.17637	
6.85	6.87866 20.0527 2.15282	
6.86	6.8771 20.0652 2.13082	
6.87	6.8755 20.0846 2.12008	
6.88	6.87367 20.1016 2.09662	
6.89	6.88071 20.1138 2.08369	
6.9	6.87889 20.1309 2.0603	
6.91	6.87735 20.1435 2.03842	
6.92	6.88367 20.162 2.01938	
6.93	6.88242 20.1702 1.99904	
6.94	6.88062 20.1874 1.97577	
6.95	6.89078 20.2056 1.95647	
6.96	6.88336 20.213 1.93732	
6.97	6.88828 20.2331 1.90867	
6.98	6.8866 20.2431 1.88376	
6.99	6.89232 20.2571 1.86131	
7	6.88478 20.2715 1.85342	
7.01	6.89051 20.2855 1.83101	
7.02	6.88903 20.2982 1.81411	
7.03	6.89511 20.3074 1.79788	
7.04	6.8948 20.3231 1.78926	
7.05	6.89235 20.3355 1.77206	
7.06	6.89944 20.3453 1.75152	
7.07	6.89843 20.3561 1.74402	
7.08	6.90429 20.37 1.72644	
7.09	6.90302 20.3851 1.7222	
7.1	6.89498 20.3904 1.71223	
7.11	6.90088 20.4041 1.69933	
7.12	6.89989 20.4149 1.69185	
7.13	6.8999 20.4258 1.68936	
7.14	6.90554 20.4329 1.68221	
7.15	6.9047 20.4463 1.68727	
7.16	6.9047 20.4574 1.68014	
7.17	6.90373 20.468 1.6773	
7.18	6.90415 20.4773 1.67946	
7.19	6.90233 20.4805 1.66517	
7.2	6.90942 20.4973 1.66052	
7.21	6.90915 20.5016 1.66374	
7.22	6.90817 20.5125 1.65628	
7.23	6.90718 20.5234 1.64883	
7.24	6.90649 20.5296 1.64277	
7.25	6.9065 20.5409 1.63565	
7.26	6.91203 20.5554 1.63504	
7.27	6.91133 20.562 1.62439	
7.28	6.91135 20.5732 1.6173	
7.29	6.91065 20.5797 1.60667	
7.3	6.91735 20.5875 1.59532	
7.31	6.91748 20.6015 1.59613	
7.32	6.91689 20.6109 1.5934	
7.33	6.92362 20.6183 1.58664	
7.34	6.92223 20.6199 1.57707	
7.35	6.92156 20.6262 1.57103	
7.36	6.92226 20.6311 1.57	
7.37	6.92872 20.6433 1.56191	
7.38	6.93274 20.6523 1.56375	
7.39	6.93237 20.6539 1.55907	
7.4	6.93914 20.6614 1.55233	
7.41	6.94343 20.666 1.55098	
7.42	6.94285 20.6751 1.55283	
7.43	6.94993 20.6779 1.54745	
7.44	6.96138 20.6881 1.54861	
7.45	6.96888 20.7003 1.54542	
7.46	6.9725 20.7113 1.53804	
7.47	6.97132 20.7295 1.54172	
7.48	6.97812 20.737 1.53502	
7.49	6.98173 20.748 1.52765	
7.5	6.988 20.7674 1.53067	
7.51	6.99159 20.7784 1.52331	
7.52	7.0024 20.7979 1.52634	
7.53	7.01316 20.8145 1.5215	
7.54	7.01746 20.8331 1.52553	
7.55	7.02368 20.8497 1.52069	
7.56	7.03893 20.8664 1.51587	
7.57	7.04188 20.8895 1.51825	
7.58	7.04508 20.9054 1.50961	
7.59	7.06841 20.9255 1.49535	
7.6	7.07228 20.949 1.4981	
7.61	7.0894 20.9667 1.48957	
7.62	7.10073 20.9886 1.48385	
7.63	7.10864 21.0141 1.47747	
7.64	7.12747 21.0343 1.46332	
7.65	7.13565 21.0555 1.45385	
7.66	7.14725 21.073 1.44508	
7.67	7.1585 21.0953 1.43508	
7.68	7.16255 21.1117 1.42691	
7.69	7.17069 21.1298 1.41418	
7.7	7.17406 21.1415 1.40259	
7.71	7.18257 21.1549 1.39114	
7.72	7.18633 21.159 1.37292	
7.73	7.19308 21.1673 1.37906	
7.74	7.20131 21.1686 1.35851	
7.75	7.19283 21.1725 1.37006	
7.76	7.2 21.1761 1.36203	
7.77	7.20118 21.1702 1.35498	
7.78	7.20041 21.1772 1.36085	
7.79	7.20076 21.1727 1.35746	
7.8	7.20033 21.1779 1.35751	
7.81	7.20128 21.1758 1.35158	
7.82	7.20102 21.1772 1.35613	
7.83	7.20114 21.1741 1.3471	
7.84	7.20083 21.1782 1.35952	
7.85	7.20122 21.1736 1.34572	
7.86	7.20091 21.1752 1.35103	
7.87	7.20093 21.1726 1.34373	
7.88	7.20064 21.1766 1.35567	
7.89	7.201 21.1748 1.34941	
7.9	7.202 21.1751 1.34978	
7.91	7.20193 21.1754 1.35097	
7.92	7.20194 21.1754 1.35077	
7.93	7.20201 21.1725 1.34263	
7.94	7.20169 21.1741 1.34816	
7.95	7.20174 21.1739 1.34733	
7.96	7.20214 21.1691 1.34299	
7.97	7.20195 21.1701 1.34633	
7.98	7.20265 21.1607 1.34417	
7.99	7.20263 21.1609 1.34457	
8	7.20296 21.1564 1.34143	
8.01	7.21073 21.154 1.34063	
8.02	7.20331 21.1493 1.34093	
8.03	7.20356 21.1452 1.33914	
8.04	7.20411 21.137 1.33488	
8.05	7.20447 21.1297 1.33385	
8.06	7.2052 21.1178 1.32896	
8.07	7.20547 21.111 1.32952	
8.08	7.2139 21.0972 1.31531	
8.09	7.20656 21.0893 1.32681	
8.1	7.20315 21.0732 1.30938	
8.11	7.20382 21.0589 1.30813	
8.12	7.20524 21.0489 1.30894	
8.13	7.20635 21.0298 1.29242	
8.14	7.20757 21.0045 1.2842	
8.15	7.20838 20.9843 1.27557	
8.16	7.20261 20.9515 1.27371	
8.17	7.2048 20.913 1.24448	
8.18	7.19803 20.8852 1.2595	
8.19	7.20966 20.8294 1.21897	
8.2	7.20367 20.7976 1.22783	
8.21	7.1987 20.76 1.21446	
8.22	7.2008 20.7401 1.21568	
8.23	7.19522 20.7058 1.20311	
8.24	7.19756 20.6819 1.20217	
8.25	7.19087 20.6643 1.20447	
8.26	7.19318 20.6465 1.19495	
8.27	7.1931 20.6298 1.19659	
8.28	7.19528 20.6126 1.19496	
8.29	7.1959 20.6064 1.20128	
8.3	7.19682 20.5964 1.18982	
8.31	7.20064 20.5689 1.13687	
8.32	7.20396 20.5471 1.09589	
8.33	7.19464 20.5198 1.05143	
8.34	7.19224 20.503 1.01878	
8.35	7.19119 20.4818 0.996959	
8.36	7.15626 20.4611 0.965099	
8.37	7.19389 20.423 0.905451	
8.38	7.14872 20.4012 0.872791	
8.39	7.18624 20.3701 0.849078	
8.4	7.1521 20.3619 0.854226	
8.41	7.1793 20.3323 0.827606	
8.42	7.15078 20.3045 0.792266	
8.43	7.16993 20.2703 0.754963	
8.44	7.14831 20.267 0.781524	
8.45	7.16592 20.2512 0.781185	
8.46	7.1523 20.3173 0.84655	
8.47	7.13752 20.202 0.737861	
8.48	7.00241 20.0839 0.498334	
8.49	7.30355 20.1261 0.481041	
8.5	7.01034 20.0925 0.595897	
8.51	7.29414 20.0911 0.659481	
8.52	7.02755 20.0446 0.624915	
8.53	7.29745 19.8996 0.349296	
8.54	7.02074 20.0329 0.615949	
8.55	7.32761 19.9728 0.571025	
8.56	7.02628 19.9858 0.656209	
8.57	7.33044 19.946 0.569668	
8.58	7.05256 19.9263 0.577117	
8.59	7.33715 19.9199 0.501457	
8.6	7.105 19.9065 0.505572	
8.61	7.38442 19.8659 0.342938	
8.62	7.00812 19.9155 0.560836	
8.63	7.33764 19.9206 0.581746	
8.64	7.00773 19.8523 0.55675	
8.65	7.34244 19.8217 0.483598	
8.66	7.00624 19.7917 0.532911	
8.67	7.3676 19.7927 0.454095	
8.68	7.34749 19.7574 0.418807	
8.69	6.97512 19.729 0.503043	
8.7	7.11183 19.7213 0.518581	
8.71	7.20141 19.7059 0.469361	
8.72	7.12269 19.6703 0.509247	
8.73	7.21152 19.6554 0.512446	
8.74	7.1083 19.6204 0.534154	
8.75	7.23223 19.6131 0.525848	
8.76	7.12244 19.5204 0.41593	
8.77	7.29753 19.5943 0.490894	
8.78	7.09322 19.5986 0.614479	
8.79	7.31805 19.5188 0.532973	
8.8	7.04691 19.4891 0.609715	
8.81	7.36819 19.4784 0.632255	
8.82	6.9953 19.4137 0.650825	
8.83	7.38188 19.3875 0.640459	
8.84	7.1631 19.3209 0.574506	
8.85	7.19425 19.2962 0.70827	
8.86	7.15661 19.2617 0.779498	
8.87	7.19421 19.2069 0.808925	
8.88	7.15632 19.1921 0.854817	
8.89	7.19091 19.1468 0.895851	
8.9	7.14989 19.1036 0.890831	
8.91	7.1931 19.0488 0.89606	
8.92	7.15484 18.9955 0.851708	
8.93	7.20271 18.9756 0.876281	
8.94	7.15274 19.0063 1.08558	
8.95	7.15186 18.8841 0.980541	
8.96	7.13397 18.8089 0.914126	
8.97	7.15656 18.7448 0.885945	
8.98	7.15206 18.7261 0.940877	
8.99	7.16992 18.6566 0.873647	
9	7.15294 18.6138 0.86213	
9.01	7.17383 18.5879 0.94277	
9.02	7.16637 18.5563 0.970062	
9.03	7.18103 18.4872 0.874847	
9.04	7.14222 18.4451 0.803375	
9.05	7.19981 18.3475 0.738819	
9.06	7.17218 18.3296 0.864167	
9.07	7.17458 18.3184 0.870732	
9.08	7.18714 18.2846 0.908687	
9.09	7.22554 18.2824 0.93567	
9.1	7.22384 18.1543 0.720304	
9.11	7.40111 18.4528 1.34456	
9.12	7.37088 18.3962 1.27877	
9.13	7.32627 18.3487 1.23044	
9.14	7.30342 18.3036 1.18877	
9.15	7.26624 18.2655 1.15648	
9.16	7.24579 18.2241 1.12471	
9.17	7.20836 18.2006 1.15279	
9.18	7.19482 18.1664 1.14155	
9.19	7.18102 18.1451 1.16295	
9.2	7.17673 18.1107 1.15147	
9.21	7.15685 18.0746 1.16095	
9.22	7.14702 18.048 1.17077	
9.23	7.14951 18.0073 1.14392	
9.24	7.13698 17.9864 1.17745	
9.25	7.13936 17.9539 1.15117	
9.26	7.14181 17.9195 1.1262	
9.27	7.12798 17.9233 1.19815	
9.28	7.13316 17.8902 1.16595	
9.29	7.13542 17.8592 1.13523	
9.3	7.12488 17.8587 1.18693	
9.31	7.12755 17.8269 1.1405	
9.32	7.13179 17.7978 1.10055	
9.33	7.11657 17.8168 1.20145	
9.34	7.12696 17.7829 1.14672	
9.35	7.13071 17.7553 1.10337	
9.36	7.13184 17.7724 1.18346	
9.37	7.14253 17.7378 1.13292	
9.38	7.14256 17.7227 1.13959	
9.39	7.13652 17.6991 1.13302	
9.4	7.14492 17.6775 1.13055	
9.41	7.13925 17.6563 1.13605	
9.42	7.14116 17.6303 1.13231	
9.43	7.14319 17.6079 1.13712	
9.44	7.15293 17.5894 1.13962	
9.45	7.14782 17.5619 1.13567	
9.46	7.15695 17.5414 1.14138	
9.47	7.15226 17.5205 1.15236	
9.48	7.15502 17.4915 1.13983	
9.49	7.15763 17.4655 1.15298	
9.5	7.16046 17.4374 1.15494	
9.51	7.16444 17.4004 1.15712	
9.52	7.16753 17.3686 1.15544	
9.53	7.17101 17.3334 1.16949	
9.54	7.16779 17.2941 1.16459	
9.55	7.1787 17.2662 1.17893	
9.56	7.17596 17.2267 1.17775	
9.57	7.17983 17.191 1.17522	
9.58	7.18197 17.1579 1.18041	
9.59	7.17894 17.1209 1.17195	
9.6	7.17469 17.086 1.17405	
9.61	7.17002 17.0517 1.16564	
9.62	7.16458 17.0234 1.1604	
9.63	7.15917 16.9925 1.1536	
9.64	7.15996 16.9672 1.14332	
9.65	7.15939 16.9433 1.13423	
9.66	7.16649 16.9193 1.13576	
9.67	7.16084 16.9037 1.12633	
9.68	7.1665 16.8852 1.11921	
9.69	7.17437 16.8638 1.11588	
9.7	7.18031 16.8441 1.11251	
9.71	7.17401 16.8265 1.10521	
9.72	7.18127 16.8097 1.11529	
9.73	7.18318 16.7855 1.10554	
9.74	7.1911 16.7739 1.11445	
9.75	7.193 16.7499 1.10518	
9.76	7.2013 16.7441 1.11287	
9.77	7.18917 16.7281 1.10342	
9.78	7.1831 16.7192 1.10413	
9.79	7.18323 16.7136 1.10041	
9.8	7.17083 16.7099 1.10965	
9.81	7.1662 16.6953 1.0944	
9.82	7.16376 16.6714 1.03778	
9.83	7.27012 16.6321 0.899206	
9.84	7.05051 16.5544 0.77714	
9.85	7.25004 16.5457 0.773271	
9.86	7.04138 16.5326 0.780574	
9.87	7.22697 16.4999 0.644337	
9.88	7.02137 16.4828 0.713134	
9.89	7.24638 16.5775 0.802408	
9.9	6.97062 16.4686 0.69192	
9.91	6.92514 16.459 0.658986	
9.92	6.99773 16.4325 0.555378	
9.93	6.97571 16.4729 0.618265	
9.94	7.00022 16.4793 0.63614	
9.95	6.97774 16.4693 0.614867	
9.96	7.00966 16.483 0.632485	
9.97	7.20185 16.4877 0.590799	
9.98	7.00512 16.4659 0.63072	
9.99	7.20979 16.4967 0.619457	
10	6.99609 16.4762 0.655511	
10.01	7.15928 16.4724 0.596482	
10.02	7.05269 16.4568 0.590984	
10.03	7.16751 16.4472 0.591304	
10.04	7.04038 16.4541 0.633809	
10.05	7.17531 16.446 0.642532	
10.06	7.04105 16.426 0.644199	
10.07	7.17963 16.4047 0.610421	
10.08	7.08602 16.3466 0.471191	
10.09	7.186 16.2973 0.442804	
10.1	7.1335 16.1812 0.246746	
10.11	7.03776 16.0676 0.0622761	
10.12	7.2665 16.1241 0.276438	
10.13	7.09115 16.166 0.556492	
10.14	7.21393 16.0333 0.0832605	
10.15	7.16516 16.0561 0.163722	
10.16	7.22035 16.0296 0.149663	
10.17	7.14097 15.9885 0.205875	
10.18	7.1922 15.9222 0.119565	
10.19	7.11213 15.904 0.191219	
10.2	7.18177 15.8511 0.120183	
10.21	7.12207 15.8436 0.145813	
10.22	7.2108 15.9253 0.30193	
10.23	7.06662 15.9655 0.467252	
10.24	7.21293 15.9073 0.432963	
10.25	7.10311 15.6422 0.237485	
10.26	6.91621 15.6535 0.010799	
10.27	7.11959 15.7088 0.0454105	
10.28	7.08293 15.6438 0.0586078	
10.29	7.13806 15.6082 0.0593916	
10.3	7.09571 15.5778 0.0452022	
10.31	7.15239 15.5589 0.0507346	
10.32	7.0973 15.5289 0.0661486	
10.33	7.15121 15.4934 0.0587875	
10.34	7.10465 15.4614 0.0489382	
10.35	7.15381 15.4357 0.0412699	
10.36	7.10897 15.4216 0.0931567	
10.37	7.16285 15.3698 0.0614917	
10.38	7.1207 15.3154 0.0259078	
10.39	7.17627 15.2721 0.0159283	
10.4	7.10363 15.2574 0.0295989	
10.41	7.19407 15.2195 0.0102308	
10.42	7.10259 15.1692 0.00950063	
10.43	7.18518 15.1237 -0.043436	
10.44	7.15565 15.0865 -0.0329538	
10.45	7.14918 15.056 -0.0421233	
10.46	7.14948 15.0106 -0.0845842	
10.47	7.14152 14.9796 -0.0904254	
10.48	7.1348 14.9396 -0.114837	
10.49	7.13578 14.8952 -0.140669	
10.5	7.12942 14.8605 -0.143752	
10.51	7.12437 14.8161 -0.166357	
10.52	7.11878 14.7735 -0.175602	
10.53	7.10885 14.7339 -0.177588	
10.54	7.10611 14.6919 -0.180837	
10.55	7.10654 14.641 -0.192819	
10.56	7.10743 14.6016 -0.192228	
10.57	7.10568 14.5561 -0.192953	
10.58	7.10919 14.5133 -0.192833	
10.59	7.09962 14.463 -0.190242	
10.6	7.11187 14.4158 -0.185116	
10.61	7.10899 14.3605 -0.186616	
10.62	7.1076 14.3073 -0.174968	
10.63	7.1063 14.2596 -0.168186	
10.64	7.11453 14.2074 -0.152451	
10.65	7.10718 14.1558 -0.156783	
10.66	7.11353 14.1189 -0.142248	
10.67	7.10247 14.1097 -0.0722915	
10.68	7.11017 14.1032 -0.00759692	
10.69	7.15835 14.1094 0.0684642	
10.7	7.06678 14.0961 0.179847	
10.71	7.16236 14.1133 0.190687	
10.72	7.11234 13.9995 0.203965	
10.73	7.1677 14.0545 0.142406	
10.74	7.10342 13.9786 0.166365	
10.75	7.18362 13.996 0.179674	
10.76	7.08948 13.9482 0.272247	
10.77	7.18288 13.9459 0.250182	
10.78	7.06273 13.8919 0.316659	
10.79	7.1883 13.8973 0.315767	
10.8	7.06013 13.7848 0.248143	
10.81	7.19075 13.8148 0.290258	
10.82	7.12016 13.5944 0.0793428	
10.83	7.29922 13.7856 0.227555	
10.84	6.97247 13.773 0.370176	
10.85	7.34068 13.7385 0.183105	
10.86	6.95412 13.5669 0.0468515	
10.87	7.22258 13.6457 -0.0606083	
10.88	7.07123 13.6821 0.203878	
10.89	7.20601 13.611 0.0343033	
10.9	7.1135 13.5057 -0.102976	
10.91	7.11542 13.5047 -0.19237	
10.92	7.19539 13.4824 -0.275093	
10.93	7.14251 13.4783 -0.247234	
10.94	7.11837 13.4548 -0.194614	
10.95	7.11243 13.4227 -0.157319	
10.96	7.05769 13.4201 -0.109063	
10.97	7.08912 13.3854 -0.0870502	
10.98	7.05543 13.3609 -0.063312	
10.99	7.07918 13.311 -0.0845578	
11	7.05884 13.3076 -0.0564653	
11.01	7.06601 13.25 -0.102455	
11.02	7.07631 13.2585 -0.0699492	
11.03	7.07151 13.2132 -0.113685	
11.04	7.06502 13.2132 -0.0980056	
11.05	7.07155 13.1837 -0.120789	
11.06	7.06768 13.1727 -0.119048	
11.07	7.09435 13.1491 -0.146879	
11.08	7.05989 13.1504 -0.153961	
11.09	7.04656 13.1131 -0.166134	
11.1	7.06954 13.0948 -0.18528	
11.11	7.06362 13.061 -0.210013	
11.12	7.06964 13.0437 -0.222915	
11.13	7.0747 13.0174 -0.243278	
11.14	7.07232 12.9923 -0.266866	
11.15	7.09606 12.975 -0.287335	
11.16	7.08688 12.9473 -0.306191	
11.17	7.08933 12.9223 -0.326823	
11.18	7.0931 12.8945 -0.34492	
11.19	7.08636 12.8546 -0.370645	
11.2	7.09408 12.8216 -0.388925	
11.21	6.9871 12.5289 -0.638751	
11.22	7.00892 12.5466 -0.59613	
11.23	7.01979 12.5487 -0.567066	
11.24	7.04157 12.5384 -0.55138	
11.25	7.05057 12.5282 -0.52882	
11.26	7.06145 12.5112 -0.514262	
11.27	7.07421 12.4986 -0.494183	
11.28	7.08855 12.4796 -0.490499	
11.29	7.09145 12.4503 -0.483272	
11.3	7.09954 12.4268 -0.482152	
11.31	7.10556 12.3925 -0.482108	
11.32	7.10586 12.3664 -0.472658	
11.33	7.11195 12.3426 -0.460829	
11.34	7.13253 12.3127 -0.445606	
11.35	7.13801 12.2865 -0.427395	
11.36	7.14653 12.265 -0.388152	
11.37	7.16794 12.2334 -0.361092	
11.38	7.19252 12.1921 -0.35959	
11.39	7.22753 12.1466 -0.345313	
11.4	7.25155 12.108 -0.34433	
11.41	7.28424 12.0663 -0.32057	
11.42	7.3141 12.0057 -0.30897	
11.43	7.35297 11.9458 -0.291337	
11.44	7.40233 11.8794 -0.270022	
11.45	7.42164 11.8401 -0.165066	
11.46	7.45767 11.8026 -0.0715311	
11.47	7.4977 11.7461 0.0297757	
11.48	7.5541 11.6693 0.156339	
11.49	7.62163 11.5994 0.295509	
11.5	7.593 11.3722 0.273804	
11.51	7.67624 11.3313 0.403342	
11.52	7.77457 11.2732 0.569617	
11.53	7.88784 11.2085 0.725211	
11.54	8.01051 11.1556 0.865393	
11.55	8.14833 11.2254 1.15067	
11.56	8.26961 11.2245 1.25953	
11.57	8.38706 11.2539 1.37316	
11.58	8.52827 11.3134 1.45883	
11.59	8.69571 11.3831 1.53184	
11.6	8.84921 11.438 1.57741	
11.61	8.98321 11.4823 1.59818	
11.62	9.09753 11.5215 1.59988	
11.63	9.18629 11.5703 1.58524	
11.64	9.27918 11.6337 1.55868	
11.65	9.34206 11.6921 1.49577	
11.66	9.38554 11.7634 1.43672	
11.67	9.40397 11.8312 1.35581	
11.68	9.40985 11.9121 1.26247	
11.69	9.40859 12.0414 1.11299	
11.7	9.37785 12.2343 1.053	
11.71	9.3375 12.442 1.03416	
11.72	9.32803 12.7289 0.82201	
11.73	9.32266 13.0612 0.57891	
11.74	9.30431 13.4374 0.616712	
11.75	9.31611 13.722 0.348978	
11.76	9.33085 14.0316 0.0620404	
11.77	9.36958 14.1962 -0.490977	
11.78	9.37732 14.4585 -0.873221	
11.79	9.37074 14.6944 -1.11256	
11.8	9.3602 14.8709 -1.32113	
11.81	9.34712 15.1226 -1.60956	
11.82	9.33167 15.3553 -1.89877	
11.83	9.30776 15.5847 -2.1472	
11.84	9.27614 15.7813 -2.34572	
11.85	9.25289 16.0135 -2.59829	
11.86	9.20071 16.2661 -2.86616	
11.87	9.16793 16.5266 -3.13318	
11.88	9.12666 16.7866 -3.39456	
11.89	9.06961 17.1144 -3.69559	
11.9	9.01744 17.4204 -3.99819	
11.91	8.97454 17.6996 -4.22844	
11.92	8.90847 17.9839 -4.47687	
11.93	8.85603 18.2319 -4.64555	
11.94	8.79356 18.488 -4.80962	
11.95	8.74376 18.704 -4.9556	
11.96	8.69304 18.9196 -5.07608	
11.97	8.62868 19.1161 -5.18625	
11.98	8.58905 19.3217 -5.29808	
11.99	8.53123 19.51 -5.40284	
12	8.49528 19.666 -5.48261	
12.01	8.44574 19.8245 -5.56521	
12.02	8.41728 19.9326 -5.62154	
12.03	8.37698 20.0942 -5.68441	
12.04	8.3434 20.2431 -5.73754	
12.05	8.30955 20.3577 -5.77418	
12.06	8.26896 20.4979 -5.81655	
12.07	8.23558 20.6195 -5.85027	
12.08	8.20402 20.7565 -5.89015	
12.09	8.16944 20.8821 -5.92931	
12.1	8.15459 20.9635 -5.95485	
12.11	8.11198 21.0887 -5.99182	
12.12	8.08626 21.223 -6.02692	
12.13	8.04601 21.3735 -6.05875	
12.14	8.01184 21.504 -6.08368	
12.15	7.98389 21.6279 -6.11584	
12.16	7.94766 21.7533 -6.13864	
12.17	7.91699 21.8605 -6.15079	
12.18	7.88365 22.0029 -6.177	
12.19	7.85137 22.1024 -6.19262	
12.2	7.80854 22.2521 -6.20737	
12.21	7.76983 22.3791 -6.22416	
12.22	7.74282 22.4806 -6.23699	
12.23	7.70379 22.6179 -6.25745	
12.24	7.66091 22.7173 -6.26824	
12.25	7.62561 22.8181 -6.27866	
12.26	7.58308 22.9307 -6.28552	
12.27	7.54468 23.0441 -6.29467	
12.28	7.50399 23.1494 -6.30907	
12.29	7.45534 23.2557 -6.31438	
12.3	7.42066 23.346 -6.32316	
12.31	7.37141 23.4585 -6.32572	
12.32	7.33255 23.5668 -6.32861	
12.33	7.29371 23.6814 -6.32907	
12.34	7.25094 23.7977 -6.32072	
12.35	7.20093 23.9105 -6.32042	
12.36	7.16613 24.0112 -6.30734	
12.37	7.12547 24.1257 -6.30537	
12.38	7.08569 24.2362 -6.29603	
12.39	7.05273 24.3314 -6.28243	
12.4	7.00388 24.4525 -6.268	
12.41	6.96027 24.5851 -6.25699	
12.42	6.93604 24.6815 -6.24146	
12.43	6.89791 24.794 -6.21992	
12.44	6.85472 24.9096 -6.20362	
12.45	6.83082 25.0059 -6.18629	
12.46	6.79343 25.1346 -6.16405	
12.47	6.76525 25.2237 -6.14737	
12.48	6.7437 25.3315 -6.12392	
12.49	6.71538 25.4368 -6.10749	
12.5	6.68655 25.5396 -6.09557	
12.51	6.66236 25.6273 -6.08466	
12.52	6.64806 25.7383 -6.06028	
12.53	6.625 25.8431 -6.04125	
12.54	6.62392 25.9308 -6.03296	
12.55	6.60186 26.0523 -6.0209	
12.56	6.59314 26.1591 -6.00629	
12.57	6.59189 26.2633 -6.00443	
12.58	6.58343 26.3652 -5.99785	
12.59	6.58496 26.4511 -5.99805	
12.6	6.58512 26.5733 -6.00785	
12.61	6.5867 26.6828 -6.01808	
12.62	6.59453 26.7904 -6.04038	
12.63	6.60006 26.8771 -6.05955	
12.64	6.60365 26.9608 -6.09122	
12.65	6.60487 27.0732 -6.12286	
12.66	6.61741 27.1776 -6.15732	
12.67	6.61925 27.2735 -6.21096	
12.68	6.6322 27.3652 -6.26617	
12.69	6.64355 27.4494 -6.32866	
12.7	6.65525 27.5433 -6.38831	
12.71	6.66661 27.6236 -6.45569	
12.72	6.671 27.7162 -6.52138	
12.73	6.68256 27.8064 -6.58488	
12.74	6.70254 27.9009 -6.67276	
12.75	6.7206 28.0148 -6.7667	
12.76	6.72428 28.1102 -6.84635	
12.77	6.73755 28.184 -6.92813	
12.78	6.75929 28.2609 -7.00349	
12.79	6.77014 28.3427 -7.06363	
12.8	6.78321 28.4235 -7.13078	
12.81	6.7892 28.4868 -7.18554	
12.82	6.7992 28.5731 -7.23645	
12.83	6.80351 28.635 -7.29495	
12.84	6.78753 28.7235 -7.29987	
12.85	6.77954 28.7864 -7.31784	
12.86	6.76686 28.8468 -7.31783	
12.87	6.74634 28.897 -7.3324	
12.88	6.72819 28.9495 -7.35251	
12.89	6.71301 28.9934 -7.36693	
12.9	6.69896 29.0421 -7.39683	
12.91	6.69286 29.0912 -7.42687	
12.92	6.678 29.1445 -7.4382	
12.93	6.66217 29.1955 -7.4652	
12.94	6.64319 29.254 -7.47955	
12.95	6.6321 29.3146 -7.48516	
12.96	6.61384 29.3785 -7.4916	
12.97	6.60453 29.4399 -7.51092	
12.98	6.59007 29.4991 -7.53467	
12.99	6.57585 29.5634 -7.55129	
13	6.57141 29.6113 -7.58325	
13.01	6.55945 29.678 -7.60826	
13.02	6.54856 29.7445 -7.6328	
13.03	6.54516 29.8118 -7.6597	
13.04	6.53555 29.8719 -7.67291	
13.05	6.52989 29.9461 -7.70924	
13.06	6.52069 29.9992 -7.73135	
13.07	6.51648 30.0318 -7.78632	
13.08	6.51308 30.0938 -7.81565	
13.09	6.50297 30.1365 -7.82957	
13.1	6.50006 30.1489 -7.86055	
13.11	6.54242 30.0241 -8.58084	
13.12	6.5415 30.0239 -8.58137	
13.13	6.54058 30.0236 -8.5819	
13.14	6.54058 30.0236 -8.5819	
13.15	6.54058 30.0236 -8.5819	
13.16	6.53966 30.0234 -8.58244	
13.17	6.5415 30.0239 -8.58137	
13.18	6.5415 30.0239 -8.58137	
13.19	6.54704 30.0253 -8.57819	
13.2	6.55541 30.0248 -8.58144	
13.21	6.56008 30.0286 -8.57092	
13.22	6.57042 30.0311 -8.56536	
13.23	6.5818 30.0312 -8.5674	
13.24	6.58873 30.0286 -8.57681	
13.25	6.60195 30.0383 -8.54948	
13.26	6.6136 30.0305 -8.57586	
13.27	6.62888 30.0354 -8.56373	
13.28	6.63716 30.0379 -8.55746	
13.29	6.6476 30.034 -8.57155	
13.3	6.65305 30.0435 -8.5429	
13.31	6.66657 30.0477 -8.53198	
13.32	6.6746 30.0465 -8.53684	
13.33	6.68167 30.0503 -8.52619	
13.34	6.68672 30.0486 -8.5323	
13.35	6.68121 30.0534 -8.51611	
13.36	6.6979 30.0504 -8.52829	
13.37	6.69954 30.0539 -8.51762	
13.38	6.70671 30.0524 -8.52319	
13.39	6.70979 30.0504 -8.53016	
13.4	6.71493 30.0562 -8.51252	
13.41	6.72008 30.0544 -8.51887	
13.42	6.72525 30.0526 -8.52525	
13.43	6.73592 30.0535 -8.52386	
13.44	6.73146 30.051 -8.53134	
13.45	6.74109 30.0492 -8.53827	
13.46	6.74525 30.0498 -8.53705	
13.47	6.74837 30.0476 -8.54413	
13.48	6.75045 30.0479 -8.54354	
13.49	6.75254 30.0482 -8.54295	
13.5	6.76113 30.0462 -8.55023	
13.51	6.7567 30.0462 -8.54976	
13.52	6.75228 30.0662 -8.48539	
13.53	6.75332 30.0638 -8.4931	
13.54	6.75542 30.0641 -8.49253	
13.55	6.75646 30.0642 -8.49225	
13.56	6.75751 30.0644 -8.49196	
13.57	6.75856 30.062 -8.49968	
13.58	6.75856 30.0645 -8.49168	
13.59	6.7596 30.0671 -8.4834	
13.6	6.76065 30.0647 -8.49112	
13.61	6.7617 30.0649 -8.49085	
13.62	6.7617 30.0649 -8.49085	
13.63	6.75619 30.0647 -8.49068	
13.64	6.76275 30.065 -8.49057	
13.65	6.76275 30.0625 -8.49857	
13.66	6.7638 30.0651 -8.49029	
13.67	6.7638 30.0651 -8.49029	
13.68	6.7638 30.0651 -8.49029	
13.69	6.7638 30.0651 -8.49029	
13.7	6.7638 30.0651 -8.49029	
13.71	6.7638 30.0651 -8.49029	
13.72	6.7638 30.0651 -8.49029	
13.73	6.76485 30.0677 -8.48202	
13.74	6.76485 30.0677 -8.48202	
13.75	6.77036 30.0654 -8.49019	
13.76	6.76485 30.0677 -8.48202	
13.77	6.76485 30.0677 -8.48202	
13.78	6.7659 30.0678 -8.48175	
13.79	6.76695 30.068 -8.48148	
13.8	6.77116 30.0684 -8.4804	
13.81	6.78405 30.0694 -8.47873	
13.82	6.78487 30.0675 -8.48505	
13.83	6.78487 30.0675 -8.48505	
13.84	6.79418 30.0713 -8.47353	
13.85	6.82543 30.071 -8.47761	
13.86	6.83061 30.0718 -8.47545	
13.87	6.84455 30.073 -8.473	
13.88	6.85745 30.0739 -8.47093	
13.89	6.87039 30.0748 -8.46904	
13.9	6.87795 30.0752 -8.46802	
13.91	6.88336 30.0755 -8.46732	
13.92	6.89527 30.0762 -8.46591	
13.93	6.90503 30.0766 -8.46487	
13.94	6.9127 30.0768 -8.46472	
13.95	6.90611 30.0791 -8.45675	
13.96	6.91162 30.0792 -8.45682	
13.97	6.91713 30.0792 -8.45689	
13.98	6.91054 30.0791 -8.45693	
13.99	6.91714 30.0817 -8.44887	
14	6.91606 30.0816 -8.44898	
14.01	6.91606 30.0816 -8.44898	
14.02	6.91606 30.0816 -8.44898	
14.03	6.91607 30.084 -8.44095	
14.04	6.92268 30.0841 -8.44092	
14.05	6.91607 30.084 -8.44095	
14.06	6.91607 30.084 -8.44095	
14.07	6.92268 30.0841 -8.44092	
14.08	6.92159 30.0841 -8.44103	
14.09	6.92268 30.0841 -8.44092	
14.1	6.92159 30.0841 -8.44103	
14.11	6.92159 30.0841 -8.44103	
14.12	6.92159 30.0841 -8.44103	
14.13	6.92159 30.0841 -8.44103	
14.14	6.92159 30.0841 -8.44103	
14.15	6.92268 30.0841 -8.44092	
14.16	6.92159 30.0841 -8.44103	
14.17	6.92159 30.0841 -8.44103	
14.18	6.92159 30.0841 -8.44103	
14.19	6.92159 30.0841 -8.44103	
14.2	6.92159 30.0841 -8.44103	
14.21	6.92159 30.0841 -8.44103	
14.22	6.9282 30.0842 -8.44099	
14.23	6.9282 30.0842 -8.44099	
14.24	6.92159 30.0841 -8.44103	
14.25	6.9282 30.0842 -8.44099	
14.26	6.92159 30.0841 -8.44103	
14.27	6.92159 30.0841 -8.44103	
14.28	6.92159 30.0841 -8.44103	
14.29	6.92159 30.0841 -8.44103	
14.3	6.92159 30.0841 -8.44103	
14.31	6.92159 30.0841 -8.44103	
14.32	6.92159 30.0841 -8.44103	
14.33	6.92159 30.0841 -8.44103	
14.34	6.92268 30.0841 -8.44092	
14.35	6.92159 30.0841 -8.44103	
14.36	6.92268 30.0841 -8.44092	
14.37	6.92159 30.0841 -8.44103	
14.38	6.9282 30.0842 -8.44099	
14.39	6.92159 30.0841 -8.44103	
14.4	6.92159 30.0841 -8.44103	
14.41	6.92159 30.0841 -8.44103	
14.42	6.92159 30.0841 -8.44103	
14.43	6.92159 30.0841 -8.44103	
14.44	6.92159 30.0841 -8.44103	
14.45	6.92159 30.0841 -8.44103	
14.46	6.92159 30.0841 -8.44103	
14.47	6.9282 30.0842 -8.44099	
14.48	6.9282 30.0842 -8.44099	
14.49	6.92159 30.0841 -8.44103	
14.5	6.92159 30.0841 -8.44103	
14.51	6.9282 30.0842 -8.44099	
14.52	6.92928 30.0842 -8.44088	
14.53	6.92159 30.0841 -8.44103	
14.54	6.92928 30.0842 -8.44088	
14.55	6.92159 30.0841 -8.44103	
14.56	6.92159 30.0841 -8.44103	
14.57	6.92268 30.0841 -8.44092	
14.58	6.9282 30.0842 -8.44099	
14.59	6.9282 30.0842 -8.44099	
14.6	6.92159 30.0841 -8.44103	
14.61	6.92159 30.0841 -8.44103	
14.62	6.92159 30.0841 -8.44103	
14.63	6.9282 30.0842 -8.44099	
14.64	6.92817 30.0817 -8.44902	
14.65	6.9282 30.0842 -8.44099	
14.66	6.92159 30.0841 -8.44103	
14.67	6.9282 30.0842 -8.44099	
14.68	6.92159 30.0841 -8.44103	
14.69	6.92159 30.0841 -8.44103	
14.7	6.92268 30.0841 -8.44092	
14.71	6.92159 30.0841 -8.44103	
14.72	6.92159 30.0841 -8.44103	
14.73	6.92159 30.0841 -8.44103	
14.74	6.92268 30.0841 -8.44092	
14.75	6.92268 30.0841 -8.44092	
14.76	6.9282 30.0842 -8.44099	
14.77	6.92928 30.0842 -8.44088	
14.78	6.92159 30.0841 -8.44103	
14.79	6.92159 30.0841 -8.44103	
14.8	6.92159 30.0841 -8.44103	
14.81	6.92928 30.0842 -8.44088	
14.82	6.92159 30.0841 -8.44103	
14.83	6.92159 30.0841 -8.44103	
14.84	6.92159 30.0841 -8.44103	
14.85	6.92159 30.0841 -8.44103	
14.86	6.92268 30.0841 -8.44092	
14.87	6.92159 30.0841 -8.44103	
14.88	6.92268 30.0841 -8.44092	
14.89	6.9282 30.0842 -8.44099	
14.9	6.92159 30.0841 -8.44103	
14.91	6.92159 30.0841 -8.44103	
14.92	6.92268 30.0841 -8.44092	
14.93	6.92268 30.0841 -8.44092	
