# Gnuplot File : velocities of 1 particle(s) Monitored
# 1st Column : time, others : particle(s) number 0 
0.01	0 0 -0.0737101	
0.02	0 0 -0.134079	
0.03	0 0 -0.183521	
0.04	0 0 -0.224014	
0.05	0 0 -0.257177	
0.06	0 0 -0.284339	
0.07	0 0 -0.306584	
0.08	0 0 -0.324802	
0.09	0 0 -0.339723	
0.1	0 0 -0.351944	
0.11	0 0 -0.361952	
0.12	0 0 -0.370149	
0.13	0 0 -0.376863	
0.14	0 0 -0.382361	
0.15	0 0 -0.386864	
0.16	0 0 -0.390552	
0.17	0 0 -0.393572	
0.18	0 0 -0.396046	
0.19	0 0 -0.398072	
0.2	0 0 -0.399732	
0.21	0 0 -0.401091	
0.22	0 0 -0.402204	
0.23	0 0 -0.403115	
0.24	0 0 -0.403862	
0.25	0 0 -0.404473	
0.26	0 0 -0.404974	
0.27	0 0 -0.405384	
0.28	0 0 -0.40572	
0.29	0 0 -0.405995	
0.3	0 0 -0.40622	
0.31	0 0 -0.40622	
0.32	0 0 -0.40622	
0.33	0 0 -0.40622	
0.34	0 0 -0.40622	
0.35	0 0 -0.40622	
0.36	0 0 -0.40622	
0.37	0 0 -0.40622	
0.38	0 0 -0.40622	
0.39	0 0 -0.40622	
0.4	0 0 -0.40622	
0.41	0 0 -0.40622	
0.42	0 0 -0.40622	
0.43	0 0 -0.40622	
0.44	0 0 -0.40622	
0.45	0 0 -0.40622	
0.46	0 0 -0.40622	
0.47	0 0 -0.40622	
0.48	0 0 -0.40622	
0.49	0 0 -0.40622	
0.5	0 0 -0.40622	
0.51	0 0 -0.40622	
0.52	0 0 -0.40622	
0.53	0 0 -0.40622	
0.54	0 0 -0.40622	
0.55	0 0 -0.40622	
0.56	0 0 -0.40622	
0.57	0 0 -0.40622	
0.58	0 0 -0.40622	
0.59	0 0 -0.40622	
0.6	0 0 -0.40622	
0.61	0 0 -0.40622	
0.62	0 0 -0.40622	
0.63	0 0 -0.40622	
0.64	0 0 -0.40622	
0.65	0 0 -0.40622	
0.66	0 0 -0.40622	
0.67	0 0 -0.40622	
0.68	0 0 -0.40622	
0.69	0 0 -0.40622	
0.7	0 0 -0.40622	
0.71	0 0 -0.40622	
0.72	0 0 -0.40622	
0.73	0 0 -0.40622	
0.74	0 0 -0.40622	
0.75	0 0 -0.40622	
0.76	0 0 -0.40622	
0.77	0 0 -0.40622	
0.78	0 0 -0.40622	
0.79	0 0 -0.40622	
0.8	0 0 -0.40622	
0.81	0 0 -0.40622	
0.82	0 0 -0.40622	
0.83	0 0 -0.40622	
0.84	0 0 -0.40622	
0.85	0 0 -0.40622	
0.86	0 0 -0.40622	
0.87	0 0 -0.40622	
0.88	0 0 -0.40622	
0.89	0 0 -0.40622	
0.9	0 0 -0.40622	
0.91	0 0 -0.40622	
0.92	0 0 -0.40622	
0.93	0 0 -0.40622	
0.94	0 0 -0.40622	
0.95	0 0 -0.40622	
0.96	0 0 -0.40622	
0.97	0 0 -0.40622	
0.98	0 0 -0.40622	
0.99	0 0 -0.40622	
1	0 0 -0.40622	
1.01	0 0 -0.40622	
1.02	0 0 -0.40622	
1.03	0 0 -0.40622	
1.04	0 0 -0.40622	
1.05	0 0 -0.40622	
1.06	0 0 -0.40622	
1.07	0 0 -0.40622	
1.08	0 0 -0.40622	
1.09	0 0 -0.40622	
1.1	0 0 -0.40622	
1.11	0 0 -0.40622	
1.12	0 0 -0.40622	
1.13	0 0 -0.40622	
1.14	0 0 -0.40622	
1.15	0 0 -0.40622	
1.16	0 0 -0.40622	
1.17	0 0 -0.40622	
1.18	0 0 -0.40622	
1.19	0 0 -0.40622	
1.2	0 0 -0.40622	
1.21	0 0 -0.40622	
1.22	0 0 -0.40622	
1.23	0 0 -0.40622	
1.24	0 0 -0.40622	
1.25	0 0 -0.40622	
1.26	0 0 -0.40622	
1.27	0 0 -0.40622	
1.28	0 0 -0.40622	
1.29	0 0 -0.40622	
1.3	0 0 -0.40622	
1.31	0 0 -0.40622	
1.32	0 0 -0.40622	
1.33	0 0 -0.40622	
1.34	0 0 -0.40622	
1.35	0 0 -0.40622	
1.36	0 0 -0.40622	
1.37	0 0 -0.40622	
1.38	0 0 -0.40622	
1.39	0 0 -0.40622	
1.4	0 0 -0.40622	
1.41	0 0 -0.40622	
1.42	0 0 -0.40622	
1.43	0 0 -0.40622	
1.44	0 0 -0.40622	
1.45	0 0 -0.40622	
1.46	0 0 -0.40622	
1.47	0 0 -0.40622	
1.48	0 0 -0.40622	
1.49	0 0 -0.40622	
1.5	0 0 -0.40622	
1.51	0 0 -0.40622	
1.52	0 0 -0.40622	
1.53	0 0 -0.40622	
1.54	0 0 -0.40622	
1.55	0 0 -0.40622	
1.56	0 0 -0.40622	
1.57	0 0 -0.40622	
1.58	0 0 -0.40622	
1.59	0 0 -0.40622	
1.6	0 0 -0.40622	
1.61	0 0 -0.40622	
1.62	0 0 -0.40622	
1.63	0 0 -0.40622	
1.64	0 0 -0.40622	
1.65	0 0 -0.40622	
1.66	0 0 -0.40622	
1.67	0 0 -0.40622	
1.68	0 0 -0.40622	
1.69	0 0 -0.40622	
1.7	0 0 -0.40622	
1.71	0 0 -0.40622	
1.72	0 0 -0.40622	
1.73	0 0 -0.40622	
1.74	0 0 -0.40622	
1.75	0 0 -0.40622	
1.76	0 0 -0.40622	
1.77	0 0 -0.40622	
1.78	0 0 -0.40622	
1.79	0 0 -0.40622	
1.8	0 0 -0.40622	
1.81	0 0 -0.40622	
1.82	0 0 -0.40622	
1.83	0 0 -0.40622	
1.84	0 0 -0.40622	
1.85	0 0 -0.40622	
1.86	0 0 -0.40622	
1.87	0 0 -0.40622	
1.88	0 0 -0.40622	
1.89	0 0 -0.40622	
1.9	0 0 -0.40622	
1.91	0 0 -0.40622	
1.92	0 0 -0.40622	
1.93	0 0 -0.40622	
1.94	0 0 -0.40622	
1.95	0 0 -0.40622	
1.96	0 0 -0.40622	
1.97	0 0 -0.40622	
1.98	0 0 -0.40622	
1.99	0 0 -0.40622	
2	0 0 -0.40622	
2.01	0 0 -0.40622	
2.02	0 0 -0.40622	
2.03	0 0 -0.40622	
2.04	0 0 -0.40622	
2.05	0 0 -0.40622	
2.06	0 0 -0.40622	
2.07	0 0 -0.40622	
2.08	0 0 -0.40622	
2.09	0 0 -0.40622	
2.1	0 0 -0.40622	
2.11	0 0 -0.40622	
2.12	0 0 -0.40622	
2.13	0 0 -0.40622	
2.14	0 0 -0.40622	
2.15	0 0 -0.40622	
2.16	0 0 -0.40622	
2.17	0 0 -0.40622	
2.18	0 0 -0.40622	
2.19	0 0 -0.40622	
2.2	0 0 -0.40622	
2.21	0 0 -0.40622	
2.22	0 0 -0.40622	
2.23	0 0 -0.40622	
2.24	0 0 -0.40622	
2.25	0 0 -0.40622	
2.26	0 0 -0.40622	
2.27	0 0 -0.40622	
2.28	0 0 -0.40622	
2.29	0 0 -0.40622	
2.3	0 0 -0.40622	
2.31	0 0 -0.40622	
2.32	0 0 -0.40622	
2.33	0 0 -0.40622	
2.34	0 0 -0.40622	
2.35	0 0 -0.40622	
2.36	0 0 -0.40622	
2.37	0 0 -0.40622	
2.38	0 0 -0.40622	
2.39	0 0 -0.40622	
2.4	0 0 -0.40622	
2.41	0 0 -0.40622	
2.42	0 0 -0.40622	
2.43	0 0 -0.40622	
2.44	0 0 -0.40622	
2.45	0 0 -0.40622	
2.46	0 0 -0.40622	
2.47	0 0 -0.40622	
2.48	0 0 -0.40622	
2.49	0 0 -0.40622	
2.5	0 0 -0.40622	
2.51	0 0 -0.40622	
2.52	0 0 -0.40622	
2.53	0 0 -0.40622	
2.54	0 0 -0.40622	
2.55	0 0 -0.40622	
2.56	0 0 -0.40622	
2.57	0 0 -0.40622	
2.58	0 0 -0.40622	
2.59	0 0 -0.40622	
2.6	0 0 -0.40622	
2.61	0 0 -0.40622	
2.62	0 0 -0.40622	
2.63	0 0 -0.40622	
2.64	0 0 -0.40622	
2.65	0 0 -0.40622	
2.66	0 0 -0.40622	
2.67	0 0 -0.40622	
2.68	0 0 -0.40622	
2.69	0 0 -0.40622	
2.7	0 0 -0.40622	
2.71	0 0 -0.40622	
2.72	0 0 -0.40622	
2.73	0 0 -0.40622	
2.74	0 0 -0.40622	
2.75	0 0 -0.40622	
2.76	0 0 -0.40622	
2.77	0 0 -0.40622	
2.78	1.23286 -3.12854 -11.6528	
2.79	0.977679 -2.48491 -9.65126	
2.8	0.772749 -1.96757 -8.0065	
2.81	0.976629 -3.36569 -12.7872	
2.82	0.760185 -2.65554 -10.585	
2.83	0.595289 -2.10536 -8.76854	
2.84	-1.67675 3.38423 18.2148	
2.85	-1.34861 2.71865 14.8663	
2.86	-1.07455 2.1621 12.1272	
2.87	-0.858475 1.72432 9.87696	
2.88	-0.676041 1.35406 8.03444	
2.89	-0.521358 1.03951 6.52731	
2.9	-0.410421 0.815736 5.28287	
2.91	-0.317414 0.627865 4.26356	
2.92	-0.246025 0.484284 3.42537	
2.93	-0.189681 0.371257 2.73728	
2.94	-0.147387 0.286963 2.17174	
2.95	-0.114421 0.221521 1.70746	
2.96	-0.0887136 0.1707 1.32663	
2.97	-0.0705384 0.135257 1.01355	
2.98	-0.0563093 0.10764 0.756816	
2.99	-0.0446399 0.0849866 0.546573	
3	-0.03595 0.0682953 0.374103	
3.01	-0.0289021 0.0547732 0.232826	
3.02	-0.0229662 0.0433479 0.117138	
3.03	-0.0185755 0.0350006 0.0222647	
3.04	-0.0147404 0.027651 -0.055345	
3.05	-0.0120245 0.0225436 -0.119044	
3.06	-0.00958759 0.0179045 -0.171149	
3.07	-0.0077087 0.014356 -0.213854	
3.08	-0.00609646 0.0112923 -0.248815	
3.09	-0.00491826 0.00908811 -0.277478	
3.1	-0.00393002 0.00723295 -0.300949	
3.11	-0.00316003 0.00579798 -0.320174	
3.12	-0.00251599 0.00459398 -0.335919	
3.13	-0.00204722 0.00373382 -0.348827	
3.14	-0.00164072 0.00298089 -0.359394	
3.15	-0.00132957 0.00241097 -0.368054	
3.16	-0.0010668 0.00192715 -0.375142	
3.17	-0.000862508 0.00155432 -0.380949	
3.18	-0.000713692 0.00128864 -0.38571	
3.19	-0.000597803 0.00108389 -0.389609	
3.2	-0.000491815 0.000892454 -0.3928	
3.21	-0.000413273 0.000753382 -0.395416	
3.22	-0.000348526 0.000638588 -0.397558	
3.23	-0.000291421 0.000535824 -0.399312	
3.24	-0.000250283 0.000463735 -0.400749	
3.25	-0.000254268 0.000472278 -0.400749	
3.26	-0.000258872 0.000482152 -0.40075	
3.27	-0.000264767 0.000494792 -0.400751	
3.28	-0.000271456 0.000509135 -0.400753	
3.29	-0.000274574 0.000515818 -0.400753	
3.3	-0.000285366 0.000538962 -0.400755	
3.31	-0.000289239 0.000547267 -0.400755	
3.32	-0.000295935 0.000561626 -0.400757	
3.33	-0.000301358 0.000573256 -0.400758	
3.34	-0.000307092 0.000585552 -0.400759	
3.35	-0.000309392 0.000590483 -0.400759	
3.36	-0.000318498 0.00061002 -0.400762	
3.37	-0.000320865 0.000615094 -0.400762	
3.38	-0.000325702 0.000625473 -0.400764	
3.39	-0.000330652 0.000636091 -0.400765	
3.4	-0.000332614 0.000640297 -0.400765	
3.41	-0.000332647 0.000640367 -0.400765	
3.42	-0.000336155 0.00064789 -0.400766	
3.43	-0.000340604 0.000657436 -0.400767	
3.44	-0.000342306 0.000661088 -0.400768	
3.45	-0.000342682 0.00066189 -0.400767	
3.46	-0.000345609 0.000668169 -0.400768	
3.47	-0.000345365 0.000667645 -0.400768	
3.48	-0.000348316 0.000673974 -0.400769	
3.49	-0.000350591 0.000678857 -0.400769	
3.5	-0.000351701 0.000681239 -0.40077	
3.51	-0.000352936 0.000683887 -0.40077	
3.52	-0.000355844 0.000690128 -0.400771	
3.53	-0.000356952 0.000692505 -0.400771	
3.54	-0.000357584 0.000693862 -0.400772	
3.55	-0.000358386 0.00069558 -0.400772	
3.56	-0.000358746 0.000696354 -0.400772	
3.57	-0.000360819 0.000700804 -0.400773	
3.58	-0.000364943 0.000709655 -0.400774	
3.59	-0.000361466 0.00070219 -0.400773	
3.6	-0.000359498 0.000697964 -0.400772	
3.61	-0.000360145 0.00069935 -0.400772	
3.62	-0.000360268 0.000699614 -0.400772	
3.63	-0.000359402 0.000697756 -0.400771	
3.64	-0.000355582 0.000689554 -0.40077	
3.65	-0.000355856 0.000690141 -0.40077	
3.66	-0.000357319 0.00069328 -0.40077	
3.67	-0.000357094 0.000692798 -0.40077	
3.68	-0.000354609 0.000687464 -0.400769	
3.69	-0.000353364 0.000684789 -0.400769	
3.7	-0.000350807 0.0006793 -0.400768	
3.71	-0.000348198 0.000673698 -0.400767	
3.72	-0.000345552 0.000668017 -0.400765	
3.73	-0.000344183 0.000665078 -0.400765	
3.74	-0.000341459 0.00065923 -0.400764	
3.75	-0.000338528 0.000652938 -0.400763	
3.76	-0.00033572 0.000646911 -0.400761	
3.77	-0.000335044 0.000645458 -0.400761	
3.78	-0.000331987 0.000638897 -0.40076	
3.79	-0.00033271 0.000640447 -0.40076	
3.8	-0.000333234 0.000641572 -0.40076	
3.81	-0.000332483 0.000639961 -0.40076	
3.82	-0.000333795 0.000642775 -0.400761	
3.83	-0.000333295 0.000641703 -0.40076	
3.84	-0.000335179 0.000645747 -0.400761	
3.85	-0.000337725 0.000651213 -0.400762	
3.86	-0.000337971 0.000651741 -0.400762	
3.87	-0.00033737 0.000650451 -0.400762	
3.88	-0.000342639 0.000661762 -0.400764	
3.89	-0.000344367 0.000665472 -0.400765	
3.9	-0.000343705 0.00066405 -0.400764	
3.91	-0.000346689 0.000670457 -0.400766	
3.92	-0.000345994 0.000668965 -0.400765	
3.93	-0.000345283 0.000667439 -0.400765	
3.94	-0.000346158 0.000669317 -0.400765	
3.95	-0.00034529 0.000667453 -0.400765	
3.96	-0.000347629 0.000672474 -0.400766	
3.97	-0.000348346 0.000674013 -0.400766	
3.98	-0.00034757 0.000672347 -0.400766	
3.99	-0.000347589 0.000672388 -0.400766	
4	-0.000348858 0.000675112 -0.400767	
4.01	-0.000345892 0.000668745 -0.400765	
4.02	-0.00034808 0.000673441 -0.400766	
4.03	-0.00034876 0.000674902 -0.400766	
4.04	-0.000347861 0.000672971 -0.400766	
4.05	-0.00034867 0.000674709 -0.400766	
4.06	-0.000347636 0.000672488 -0.400766	
4.07	-0.000349026 0.000675472 -0.400767	
4.08	-0.000348646 0.000674658 -0.400766	
4.09	-0.000346822 0.000670742 -0.400766	
4.1	-0.00034664 0.000670351 -0.400766	
4.11	-0.000346593 0.00067025 -0.400766	
4.12	-0.000346332 0.000669691 -0.400766	
4.13	-0.000345754 0.000668449 -0.400765	
4.14	-0.000348657 0.000674682 -0.400766	
4.15	-0.000347476 0.000672146 -0.400766	
4.16	-0.000349345 0.000676158 -0.400767	
4.17	-0.000351077 0.000679877 -0.400767	
4.18	-0.000352806 0.000683588 -0.400768	
4.19	-0.000353022 0.000684053 -0.400768	
4.2	-0.000356295 0.000691079 -0.40077	
4.21	-0.00036022 0.000699506 -0.400771	
4.22	-0.000362875 0.000705206 -0.400772	
4.23	-0.000364778 0.000709291 -0.400773	
4.24	-0.000365777 0.000711436 -0.400774	
4.25	-0.000368312 0.00071688 -0.400775	
4.26	-0.000370226 0.000720987 -0.400775	
4.27	-0.000372148 0.000725114 -0.400776	
4.28	-0.00037252 0.000725914 -0.400776	
4.29	-0.000372894 0.000726716 -0.400777	
4.3	-0.000376999 0.000735531 -0.400778	
4.31	-0.000375854 0.000733073 -0.400778	
4.32	-0.00037714 0.000735834 -0.400778	
4.33	-0.000381927 0.000746112 -0.40078	
4.34	-0.000381413 0.000745007 -0.40078	
4.35	-0.000382466 0.000747269 -0.400781	
4.36	-0.000381957 0.000746177 -0.400781	
4.37	-0.000383685 0.000749886 -0.400781	
4.38	-0.00038385 0.000750242 -0.400781	
4.39	-0.00038428 0.000751164 -0.400782	
4.4	-0.000387559 0.000758205 -0.400783	
4.41	-0.000388401 0.000760014 -0.400783	
4.42	-0.000388831 0.000760936 -0.400784	
4.43	-0.000389921 0.000763278 -0.400784	
4.44	-0.000389443 0.000762252 -0.400784	
4.45	-0.00039253 0.00076888 -0.400785	
4.46	-0.000395199 0.000774611 -0.400787	
4.47	-0.000396064 0.000776468 -0.400787	
4.48	-0.000396422 0.000777239 -0.400787	
4.49	-0.000398055 0.000780746 -0.400788	
4.5	-0.000401859 0.000788913 -0.40079	
4.51	-0.000402089 0.000789407 -0.40079	
4.52	-0.000405923 0.000797643 -0.400792	
4.53	-0.000405777 0.000797329 -0.400792	
4.54	-0.00040987 0.000806117 -0.400793	
4.55	-0.000409077 0.000804415 -0.400793	
4.56	-0.000411397 0.000809399 -0.400794	
4.57	-0.000412326 0.000811394 -0.400795	
4.58	-0.000413254 0.000813385 -0.400795	
4.59	-0.000416636 0.00082065 -0.400797	
4.6	-0.000414355 0.000815753 -0.400796	
4.61	-0.000415838 0.000818937 -0.400796	
4.62	-0.000417332 0.000822145 -0.400797	
4.63	-0.000418782 0.00082526 -0.400798	
4.64	-0.000419156 0.000826064 -0.400798	
4.65	-0.000422243 0.000832694 -0.4008	
4.66	-0.000421667 0.000831457 -0.400799	
4.67	-0.000421964 0.000832097 -0.4008	
4.68	-0.000421135 0.000830316 -0.400799	
4.69	-0.00042515 0.000838941 -0.400801	
4.7	-0.000426737 0.000842349 -0.400802	
4.71	-0.000423506 0.000835411 -0.400801	
4.72	-0.000429071 0.000847364 -0.400803	
4.73	-0.000429787 0.000848899 -0.400804	
4.74	-0.000430223 0.00084984 -0.400804	
4.75	-0.000429843 0.000849025 -0.400804	
4.76	-0.000428121 0.000845327 -0.400803	
4.77	-0.000429474 0.000848233 -0.400804	
4.78	-0.00043193 0.000853509 -0.400805	
4.79	-0.000429723 0.00084877 -0.400804	
4.8	-0.000430406 0.000850239 -0.400805	
4.81	-0.000432084 0.000853842 -0.400806	
4.82	-0.000428558 0.000846269 -0.400804	
4.83	-0.000430523 0.000850492 -0.400805	
4.84	-0.000430021 0.000849412 -0.400805	
4.85	-0.000432826 0.000855436 -0.400806	
4.86	-0.000431603 0.000852812 -0.400806	
4.87	-0.00043643 0.000863178 -0.400808	
4.88	-0.000433193 0.000856228 -0.400807	
4.89	-0.000431953 0.000853565 -0.400806	
4.9	-0.000436785 0.000863943 -0.400808	
4.91	-0.000438678 0.00086801 -0.400809	
4.92	-0.000443169 0.000877654 -0.400811	
4.93	-0.000443766 0.000878936 -0.400812	
4.94	-0.000442657 0.000876559 -0.400811	
4.95	-0.000445255 0.000882138 -0.400813	
4.96	-0.000447782 0.000887568 -0.400814	
4.97	-0.000448741 0.000889628 -0.400815	
4.98	-0.000451127 0.000894755 -0.400816	
4.99	-0.000456975 0.000907318 -0.400819	
5	-0.000458433 0.000910451 -0.40082	
5.01	-0.000459043 0.000911765 -0.400821	
5.02	-0.000461882 0.000917866 -0.400822	
5.03	-0.000463312 0.000920937 -0.400823	
5.04	-0.000462688 0.000919598 -0.400823	
5.05	-0.000464558 0.000923616 -0.400824	
5.06	-0.000465964 0.000926639 -0.400825	
5.07	-0.000469584 0.000934416 -0.400827	
5.08	-0.000470972 0.000937397 -0.400828	
5.09	-0.000472355 0.000940371 -0.400829	
5.1	-0.000474645 0.00094529 -0.40083	
5.11	-0.000473066 0.000941902 -0.400829	
5.12	-0.00047574 0.00094765 -0.400831	
5.13	-0.000474103 0.000944134 -0.40083	
5.14	-0.000474698 0.000945415 -0.400831	
5.15	-0.000477121 0.000950624 -0.400833	
5.16	-0.000476926 0.000950209 -0.400833	
5.17	-0.00048099 0.000958941 -0.400835	
5.18	-0.000480577 0.000958059 -0.400835	
5.19	-0.000482903 0.00096306 -0.400837	
5.2	-0.000481318 0.000959662 -0.400837	
5.21	-0.000484584 0.000966682 -0.400839	
5.22	-0.000486876 0.000971609 -0.40084	
5.23	-0.00048787 0.000973751 -0.400842	
5.24	-0.00048986 0.000978029 -0.400843	
5.25	-0.000492936 0.00098464 -0.400845	
5.26	-0.000495219 0.000989548 -0.400846	
5.27	-0.000500341 0.00100056 -0.40085	
5.28	-0.000503311 0.00100694 -0.400851	
5.29	-0.000508429 0.00101794 -0.400855	
5.3	-0.000511595 0.00102474 -0.400856	
5.31	-0.000512633 0.00102697 -0.400857	
5.32	-0.000514873 0.00103179 -0.400859	
5.33	-0.00051897 0.0010406 -0.400861	
5.34	-0.000519067 0.00104081 -0.400862	
5.35	-0.000522234 0.00104761 -0.400864	
5.36	-0.000522135 0.0010474 -0.400864	
5.37	-0.000526285 0.00105633 -0.400867	
5.38	-0.000526554 0.00105691 -0.400867	
5.39	-0.000524531 0.00105256 -0.400866	
5.4	-0.00052557 0.0010548 -0.400868	
5.41	-0.000529664 0.0010636 -0.40087	
5.42	-0.000527641 0.00105926 -0.400869	
5.43	-0.000530819 0.00106609 -0.400871	
5.44	-0.000533774 0.00107244 -0.400873	
5.45	-0.000534014 0.00107296 -0.400873	
5.46	-0.000536047 0.00107733 -0.400875	
5.47	-0.00053702 0.00107942 -0.400875	
5.48	-0.000538116 0.00108178 -0.400876	
5.49	-0.000543146 0.00109258 -0.400879	
5.5	-0.000544299 0.00109507 -0.40088	
5.51	-0.000547277 0.00110146 -0.400882	
5.52	-0.000549366 0.00110596 -0.400883	
5.53	-0.000551413 0.00111035 -0.400884	
5.54	-0.000549424 0.00110609 -0.400884	
5.55	-0.000554288 0.00111653 -0.400886	
5.56	-0.000558185 0.00112491 -0.400889	
5.57	-0.000562261 0.00113367 -0.400892	
5.58	-0.000563244 0.00113579 -0.400892	
5.59	-0.000563107 0.0011355 -0.400893	
5.6	-0.000564217 0.00113789 -0.400894	
5.61	-0.000569091 0.00114836 -0.400897	
5.62	-0.000567108 0.0011441 -0.400895	
5.63	-0.000572109 0.00115485 -0.400899	
5.64	-0.0005729 0.00115655 -0.400899	
5.65	-0.000572793 0.00115632 -0.400899	
5.66	-0.000578722 0.00116907 -0.400903	
5.67	-0.000581573 0.00117519 -0.400905	
5.68	-0.000581461 0.00117495 -0.400905	
5.69	-0.000584312 0.00118108 -0.400907	
5.7	-0.000585318 0.00118324 -0.400907	
5.71	-0.00058708 0.00118703 -0.400909	
5.72	-0.000589928 0.00119315 -0.40091	
5.73	-0.000590929 0.00119531 -0.400911	
5.74	-0.000592863 0.00119946 -0.400912	
5.75	-0.000593675 0.00120121 -0.400913	
5.76	-0.000595431 0.00120499 -0.400914	
5.77	-0.000596312 0.00120688 -0.400915	
5.78	-0.000598057 0.00121064 -0.400916	
5.79	-0.000599983 0.00121478 -0.400918	
5.8	-0.000600716 0.00121635 -0.400918	
5.81	-0.000603465 0.00122226 -0.40092	
5.82	-0.000605203 0.001226 -0.400921	
5.83	-0.000608059 0.00123214 -0.400923	
5.84	-0.000606812 0.00122946 -0.400923	
5.85	-0.000609487 0.00123521 -0.400924	
5.86	-0.000608362 0.00123279 -0.400923	
5.87	-0.000609039 0.00123425 -0.400925	
5.88	-0.000612652 0.00124202 -0.400927	
5.89	-0.000615321 0.00124776 -0.400929	
5.9	-0.000616288 0.00124983 -0.400929	
5.91	-0.000616939 0.00125124 -0.40093	
5.92	-0.000617554 0.00125256 -0.400931	
5.93	-0.000617373 0.00125217 -0.400931	
5.94	-0.00062211 0.00126236 -0.400934	
5.95	-0.000619726 0.00125724 -0.400933	
5.96	-0.00062332 0.00126496 -0.400935	
5.97	-0.000624091 0.00126662 -0.400936	
5.98	-0.000624692 0.00126791 -0.400936	
5.99	-0.000625458 0.00126956 -0.400937	
6	-0.000626225 0.00127121 -0.400937	
6.01	-0.000626986 0.00127285 -0.400938	
6.02	-0.000627572 0.00127411 -0.400938	
6.03	-0.000627379 0.00127369 -0.400938	
6.04	-0.000629066 0.00127732 -0.40094	
6.05	-0.000628863 0.00127689 -0.40094	
6.06	-0.000627736 0.00127446 -0.400939	
6.07	-0.000627529 0.00127402 -0.400938	
6.08	-0.000626199 0.00127116 -0.400938	
6.09	-0.0006222 0.00126256 -0.400935	
6.1	-0.000621033 0.00126006 -0.400935	
6.11	-0.00062291 0.00126408 -0.400935	
6.12	-0.000620739 0.00125942 -0.400934	
6.13	-0.000616544 0.00125041 -0.400932	
6.14	-0.000617419 0.00125229 -0.400932	
6.15	-0.000612252 0.00124118 -0.400929	
6.16	-0.000613189 0.00124319 -0.400929	
6.17	-0.000607669 0.00123133 -0.400926	
6.18	-0.000606395 0.0012286 -0.400926	
6.19	-0.000610285 0.00123696 -0.400928	
6.2	-0.000607945 0.00123193 -0.400927	
6.21	-0.000603526 0.00122244 -0.400924	
6.22	-0.000605246 0.00122614 -0.400926	
6.23	-0.000605134 0.0012259 -0.400926	
6.24	-0.000601641 0.0012184 -0.400924	
6.25	-0.000601521 0.00121814 -0.400924	
6.26	-0.000599147 0.00121304 -0.400923	
6.27	-0.000603875 0.00122321 -0.400927	
6.28	-0.000599516 0.00121384 -0.400924	
6.29	-0.000601189 0.00121744 -0.400926	
6.3	-0.000602139 0.00121948 -0.400926	
6.31	-0.000600881 0.00121678 -0.400925	
6.32	-0.00060267 0.00122064 -0.400927	
6.33	-0.000605416 0.00122654 -0.400929	
6.34	-0.000603189 0.00122176 -0.400928	
6.35	-0.000605929 0.00122765 -0.40093	
6.36	-0.000607848 0.00123178 -0.400932	
6.37	-0.000607372 0.00123076 -0.400932	
6.38	-0.000609317 0.00123495 -0.400934	
6.39	-0.000608186 0.00123252 -0.400933	
6.4	-0.000607872 0.00123185 -0.400934	
6.41	-0.000608978 0.00123422 -0.400934	
6.42	-0.000608015 0.00123215 -0.400933	
6.43	-0.000610919 0.0012384 -0.400935	
6.44	-0.000609789 0.00123597 -0.400935	
6.45	-0.000610602 0.00123772 -0.400936	
6.46	-0.000611728 0.00124014 -0.400936	
6.47	-0.000612371 0.00124153 -0.400938	
6.48	-0.000614465 0.00124603 -0.400939	
6.49	-0.000613505 0.00124397 -0.400939	
6.5	-0.000611412 0.00123948 -0.400937	
6.51	-0.000613505 0.00124398 -0.400939	
6.52	-0.000613349 0.00124365 -0.400939	
6.53	-0.00061448 0.00124608 -0.40094	
6.54	-0.000612556 0.00124195 -0.400939	
6.55	-0.000613517 0.00124401 -0.40094	
6.56	-0.000612558 0.00124195 -0.400939	
6.57	-0.00061063 0.00123781 -0.400938	
6.58	-0.000612565 0.00124198 -0.40094	
6.59	-0.000610799 0.00123817 -0.400938	
6.6	-0.000611931 0.00124061 -0.400939	
6.61	-0.000609842 0.00123613 -0.400939	
6.62	-0.000611935 0.00124062 -0.40094	
6.63	-0.000610011 0.00123649 -0.400939	
6.64	-0.000609046 0.00123441 -0.400938	
6.65	-0.000606316 0.00122854 -0.400936	
6.66	-0.000607284 0.00123063 -0.400937	
6.67	-0.000607451 0.00123098 -0.400937	
6.68	-0.000607618 0.00123134 -0.400937	
6.69	-0.000608583 0.00123342 -0.400938	
6.7	-0.000605522 0.00122684 -0.400936	
6.71	-0.000606655 0.00122928 -0.400937	
6.72	-0.000606485 0.00122892 -0.400937	
6.73	-0.000606653 0.00122928 -0.400937	
6.74	-0.000602626 0.00122062 -0.400935	
6.75	-0.000602795 0.00122099 -0.400935	
6.76	-0.000600688 0.00121646 -0.400934	
6.77	-0.00060069 0.00121647 -0.400934	
6.78	-0.00060068 0.00121645 -0.400934	
6.79	-0.00060085 0.00121682 -0.400934	
6.8	-0.000600852 0.00121682 -0.400934	
6.81	-0.000600057 0.00121511 -0.400934	
6.82	-0.000604079 0.00122376 -0.400937	
6.83	-0.000601182 0.00121753 -0.400935	
6.84	-0.000600998 0.00121714 -0.400935	
6.85	-0.000601945 0.00121918 -0.400936	
6.86	-0.000600982 0.00121711 -0.400936	
6.87	-0.000603263 0.00122202 -0.400937	
6.88	-0.000603268 0.00122203 -0.400937	
6.89	-0.000604213 0.00122406 -0.400938	
6.9	-0.000605155 0.00122609 -0.40094	
6.91	-0.000606501 0.00122898 -0.40094	
6.92	-0.000608781 0.00123388 -0.400941	
6.93	-0.000611661 0.00124007 -0.400943	
6.94	-0.000613941 0.00124497 -0.400945	
6.95	-0.000613748 0.00124457 -0.400945	
6.96	-0.00061469 0.0012466 -0.400946	
6.97	-0.000615838 0.00124907 -0.400947	
6.98	-0.000621191 0.00126057 -0.40095	
6.99	-0.000621163 0.00126051 -0.400951	
7	-0.000620207 0.00125846 -0.40095	
7.01	-0.000623246 0.001265 -0.400952	
7.02	-0.000625361 0.00126954 -0.400954	
7.03	-0.000628398 0.00127607 -0.400956	
7.04	-0.000630686 0.00128099 -0.400958	
7.05	-0.000634515 0.00128923 -0.400961	
7.06	-0.000633731 0.00128754 -0.40096	
7.07	-0.000637726 0.00129613 -0.400963	
7.08	-0.000636773 0.00129409 -0.400963	
7.09	-0.000637527 0.00129571 -0.400964	
7.1	-0.000640776 0.0013027 -0.400966	
7.11	-0.000642659 0.00130675 -0.400968	
7.12	-0.000643577 0.00130873 -0.400969	
7.13	-0.00064455 0.00131082 -0.400969	
7.14	-0.000642625 0.00130668 -0.400968	
7.15	-0.000642636 0.00130671 -0.400968	
7.16	-0.000645476 0.00131282 -0.400971	
7.17	-0.000642417 0.00130625 -0.400969	
7.18	-0.000644525 0.00131077 -0.40097	
7.19	-0.000646399 0.00131481 -0.400972	
7.2	-0.000648506 0.00131934 -0.400973	
7.21	-0.000646407 0.00131482 -0.400972	
7.22	-0.000647551 0.00131728 -0.400972	
7.23	-0.000646588 0.00131521 -0.400972	
7.24	-0.00064829 0.00131888 -0.400974	
7.25	-0.000647327 0.00131681 -0.400973	
7.26	-0.000649434 0.00132134 -0.400974	
7.27	-0.000650578 0.0013238 -0.400975	
7.28	-0.000647098 0.00131633 -0.400973	
7.29	-0.000646135 0.00131425 -0.400973	
7.3	-0.000648243 0.00131879 -0.400974	
7.31	-0.000650351 0.00132332 -0.400975	
7.32	-0.00065229 0.00132748 -0.400977	
7.33	-0.000651084 0.0013249 -0.400977	
7.34	-0.00065012 0.00132283 -0.400976	
7.35	-0.000652945 0.00132891 -0.400979	
7.36	-0.000653921 0.00133101 -0.400979	
7.37	-0.000652957 0.00132893 -0.400979	
7.38	-0.000651031 0.00132479 -0.400977	
7.39	-0.000652176 0.00132725 -0.400978	
7.4	-0.000651756 0.00132636 -0.400979	
7.41	-0.000650792 0.00132429 -0.400978	
7.42	-0.000651938 0.00132675 -0.400979	
7.43	-0.000654047 0.00133128 -0.40098	
7.44	-0.000657035 0.00133771 -0.400982	
7.45	-0.000655108 0.00133357 -0.400981	
7.46	-0.000653975 0.00133114 -0.40098	
7.47	-0.000652047 0.00132699 -0.400979	
7.48	-0.000650821 0.00132436 -0.400979	
7.49	-0.000652932 0.0013289 -0.40098	
7.5	-0.00065083 0.00132438 -0.400979	
7.51	-0.000648901 0.00132023 -0.400977	
7.52	-0.000650917 0.00132457 -0.400979	
7.53	-0.000652592 0.00132818 -0.400981	
7.54	-0.000650659 0.00132402 -0.400979	
7.55	-0.000649424 0.00132137 -0.400979	
7.56	-0.000650568 0.00132383 -0.40098	
7.57	-0.000649155 0.0013208 -0.400979	
7.58	-0.000650992 0.00132475 -0.400981	
7.59	-0.000649056 0.00132059 -0.40098	
7.6	-0.000650205 0.00132306 -0.40098	
7.61	-0.000647816 0.00131793 -0.400979	
7.62	-0.000648965 0.0013204 -0.40098	
7.63	-0.000647032 0.00131624 -0.400979	
7.64	-0.00064886 0.00132017 -0.40098	
7.65	-0.000646464 0.00131504 -0.40098	
7.66	-0.000648581 0.00131959 -0.400981	
7.67	-0.000650108 0.00132288 -0.400983	
7.68	-0.000650585 0.0013239 -0.400983	
7.69	-0.000652407 0.00132782 -0.400985	
7.7	-0.0006503 0.00132329 -0.400983	
7.71	-0.000654235 0.00133176 -0.400987	
7.72	-0.000655384 0.00133423 -0.400987	
7.73	-0.0006572 0.00133814 -0.400989	
7.74	-0.000659012 0.00134205 -0.400991	
7.75	-0.000659988 0.00134414 -0.400992	
7.76	-0.000664879 0.00135467 -0.400996	
7.77	-0.000666202 0.00135751 -0.400997	
7.78	-0.000668143 0.00136168 -0.400998	
7.79	-0.000669949 0.00136557 -0.401	
7.8	-0.000671097 0.00136804 -0.401001	
7.81	-0.000669165 0.00136389 -0.400999	
7.82	-0.000673393 0.00137297 -0.401002	
7.83	-0.000673082 0.00137231 -0.401003	
7.84	-0.000674057 0.00137441 -0.401003	
7.85	-0.000675205 0.00137688 -0.401004	
7.86	-0.000677178 0.00138113 -0.401006	
7.87	-0.000678152 0.00138322 -0.401007	
7.88	-0.000676396 0.00137944 -0.401005	
7.89	-0.000681271 0.00138993 -0.40101	
7.9	-0.000683383 0.00139447 -0.401011	
7.91	-0.000684527 0.00139693 -0.401011	
7.92	-0.000682424 0.00139241 -0.40101	
7.93	-0.000683743 0.00139524 -0.40101	
7.94	-0.000684716 0.00139733 -0.401011	
7.95	-0.000684393 0.00139664 -0.401011	
7.96	-0.000682463 0.00139249 -0.40101	
7.97	-0.000687326 0.00140295 -0.401014	
7.98	-0.000688474 0.00140542 -0.401014	
7.99	-0.000690583 0.00140995 -0.401016	
8	-0.000689292 0.00140718 -0.401016	
8.01	-0.000690437 0.00140964 -0.401016	
8.02	-0.000690104 0.00140893 -0.401016	
8.03	-0.000691249 0.00141139 -0.401017	
8.04	-0.000693025 0.00141521 -0.401018	
8.05	-0.000695134 0.00141974 -0.40102	
8.06	-0.000693834 0.00141696 -0.40102	
8.07	-0.000694799 0.00141902 -0.40102	
8.08	-0.000696907 0.00142355 -0.401021	
8.09	-0.000695424 0.00142037 -0.40102	
8.1	-0.000697191 0.00142418 -0.401022	
8.11	-0.000695258 0.00142002 -0.40102	
8.12	-0.000694286 0.00141792 -0.401019	
8.13	-0.000695084 0.00141964 -0.40102	
8.14	-0.000697633 0.00142513 -0.401023	
8.15	-0.0006986 0.00142721 -0.401023	
8.16	-0.000700354 0.00143098 -0.401024	
8.17	-0.00069842 0.00142682 -0.401023	
8.18	-0.000699996 0.00143021 -0.401024	
8.19	-0.000701137 0.00143266 -0.401025	
8.2	-0.000703675 0.00143812 -0.401027	
8.21	-0.000705422 0.00144189 -0.401029	
8.22	-0.000703308 0.00143733 -0.401027	
8.23	-0.000704275 0.00143941 -0.401027	
8.24	-0.000705842 0.00144279 -0.401029	
8.25	-0.000707578 0.00144652 -0.40103	
8.26	-0.000708545 0.0014486 -0.401031	
8.27	-0.000707989 0.00144741 -0.401031	
8.28	-0.00070858 0.00144868 -0.401032	
8.29	-0.000709547 0.00145076 -0.401032	
8.3	-0.000712239 0.00145655 -0.401034	
8.31	-0.00071071 0.00145327 -0.401034	
8.32	-0.000711463 0.00145489 -0.401035	
8.33	-0.00071397 0.00146029 -0.401037	
8.34	-0.000714719 0.0014619 -0.401038	
8.35	-0.00071414 0.00146066 -0.401038	
8.36	-0.000714882 0.00146227 -0.401039	
8.37	-0.000712764 0.0014577 -0.401037	
8.38	-0.000714852 0.00146221 -0.40104	
8.39	-0.000716548 0.00146586 -0.401041	
8.4	-0.000718068 0.00146914 -0.401043	
8.41	-0.000720727 0.00147486 -0.401045	
8.42	-0.000721269 0.00147603 -0.401046	
8.43	-0.000721383 0.00147629 -0.401048	
8.44	-0.000722347 0.00147836 -0.401048	
8.45	-0.000724562 0.00148313 -0.401051	
8.46	-0.000726056 0.00148635 -0.401052	
8.47	-0.000727015 0.00148841 -0.401052	
8.48	-0.000729034 0.00149276 -0.401055	
8.49	-0.000728586 0.00149181 -0.401056	
8.5	-0.000730067 0.00149499 -0.401057	
8.51	-0.000727943 0.00149042 -0.401055	
8.52	-0.000729939 0.00149473 -0.401058	
8.53	-0.000729475 0.00149374 -0.401058	
8.54	-0.000730946 0.00149691 -0.40106	
8.55	-0.000732082 0.00149934 -0.40106	
8.56	-0.00073194 0.00149906 -0.401062	
8.57	-0.000731926 0.00149902 -0.401061	
8.58	-0.000731452 0.00149801 -0.401062	
8.59	-0.000732909 0.00150115 -0.401063	
8.6	-0.000734363 0.00150429 -0.401065	
8.61	-0.000735989 0.00150779 -0.401067	
8.62	-0.000731266 0.00149764 -0.401064	
8.63	-0.000731254 0.00149761 -0.401064	
8.64	-0.000729788 0.00149447 -0.401063	
8.65	-0.000730749 0.00149653 -0.401064	
8.66	-0.000731214 0.00149753 -0.401065	
8.67	-0.000729744 0.00149438 -0.401065	
8.68	-0.000731353 0.00149785 -0.401066	
8.69	-0.000732135 0.00149953 -0.401067	
8.7	-0.000730477 0.00149597 -0.401066	
8.71	-0.000732085 0.00149944 -0.401068	
8.72	-0.000732354 0.00150003 -0.401069	
8.73	-0.000730402 0.00149582 -0.401067	
8.74	-0.000728731 0.00149224 -0.401067	
8.75	-0.000729411 0.00149369 -0.401066	
8.76	-0.000727736 0.00149009 -0.401065	
8.77	-0.000729331 0.00149353 -0.401067	
8.78	-0.000730292 0.00149559 -0.401067	
8.79	-0.000730908 0.00149692 -0.401069	
8.8	-0.000732043 0.00149935 -0.401069	
8.81	-0.000730361 0.00149575 -0.401068	
8.82	-0.000731322 0.00149781 -0.401069	
8.83	-0.000731753 0.00149875 -0.40107	
8.84	-0.000730774 0.00149664 -0.401069	
8.85	-0.000731198 0.00149755 -0.401069	
8.86	-0.000732336 0.0015 -0.40107	
8.87	-0.000732322 0.00149996 -0.401069	
8.88	-0.000736188 0.00150828 -0.401073	
8.89	-0.000734491 0.00150464 -0.401072	
8.9	-0.000731382 0.00149795 -0.40107	
8.91	-0.000731365 0.0014979 -0.401069	
8.92	-0.000731953 0.00149917 -0.40107	
8.93	-0.000732963 0.00150136 -0.401072	
8.94	-0.000732947 0.00150132 -0.401071	
8.95	-0.000733348 0.00150219 -0.401072	
8.96	-0.000732946 0.00150133 -0.401072	
8.97	-0.000732362 0.00150008 -0.401072	
8.98	-0.000732755 0.00150093 -0.401073	
8.99	-0.000733319 0.00150215 -0.401074	
9	-0.000732724 0.00150088 -0.401074	
9.01	-0.000733281 0.00150208 -0.401075	
9.02	-0.0583457 0.288441 0.612235	
9.03	-0.0935147 0.466073 1.24601	
9.04	-0.147349 0.7525 2.26694	
9.05	-0.21537 1.1267 3.62497	
9.06	-0.177926 0.928404 2.89323	
9.07	-0.146568 0.763467 2.29479	
9.08	-0.120262 0.626097 1.80544	
9.09	-12.2754 -2.50295 1.81488	
9.1	11.284 1.20579 -1.77531	
9.11	9.23968 1.00297 -1.53598	
9.12	7.03168 0.967491 -0.544036	
9.13	5.37929 0.909956 0.0672176	
9.14	3.28806 1.10178 1.82681	
9.15	1.35652 1.3302 3.68775	
9.16	1.11068 1.09193 2.94555	
9.17	0.909588 0.896698 2.33848	
9.18	0.74464 0.738784 1.84046	
9.19	-0.76309 1.66965 6.73812	
9.2	-3.07379 1.31409 7.7547	
9.21	-4.39058 2.7084 14.6761	
9.22	-7.53466 2.01723 15.3088	
9.23	-8.40008 0.768189 11.2636	
9.24	-6.88973 0.701456 9.13147	
9.25	-5.64797 0.613899 7.39398	
9.26	-4.62964 0.532193 5.97377	
9.27	-3.79602 0.467776 4.81	
9.28	-3.11048 0.397718 3.86107	
9.29	-2.54898 0.335586 3.08599	
9.3	-2.08844 0.282325 2.45139	
9.31	-1.71172 0.240367 1.93152	
9.32	-1.40217 0.201279 1.50655	
9.33	-1.14896 0.168635 1.1592	
9.34	-0.941421 0.14122 0.874812	
9.35	-0.771329 0.117147 0.642484	
9.36	-0.631835 0.0972814 0.45203	
9.37	-0.517576 0.0809735 0.296046	
9.38	-0.424033 0.0669898 0.168627	
9.39	-0.347306 0.0549833 0.0643712	
9.4	-0.28446 0.0452394 -0.0210631	
9.41	-0.232985 0.0372114 -0.0910178	
9.42	-0.190845 0.0309024 -0.148408	
9.43	-0.156309 0.0254064 -0.195292	
9.44	-0.128012 0.0206884 -0.233607	
9.45	-0.104854 0.0171651 -0.265119	
9.46	-0.0859047 0.0142542 -0.290893	
9.47	-0.0703601 0.0117473 -0.31198	
9.48	-0.0576087 0.00961746 -0.329242	
9.49	-0.0471855 0.00792717 -0.343377	
9.5	-0.0386468 0.00654853 -0.354959	
9.51	-0.0316555 0.00544162 -0.364453	
9.52	-0.0259291 0.0045093 -0.372217	
9.53	-0.0212424 0.0037287 -0.378564	
9.54	-0.0173991 0.0030881 -0.383768	
9.55	-0.0142522 0.00256849 -0.388031	
9.56	-0.0116711 0.00212416 -0.391519	
9.57	-0.00956237 0.0017795 -0.394378	
9.58	-0.00783094 0.00147351 -0.396714	
9.59	-0.00641577 0.00122684 -0.398625	
9.6	-0.00525411 0.00101811 -0.400191	
9.61	-0.00430282 0.000846805 -0.401473	
9.62	-0.00352421 0.000700188 -0.40252	
9.63	-0.00352357 0.000701635 -0.402521	
9.64	-0.00352297 0.000707535 -0.402525	
9.65	-0.00352348 0.000711965 -0.402526	
9.66	-0.00352361 0.000716688 -0.402528	
9.67	-0.00352393 0.000717321 -0.402528	
9.68	-1.34777 5.00305 16.2527	
9.69	-1.11765 4.14895 13.2163	
9.7	-0.922082 3.42302 10.74	
9.71	-0.758105 2.81432 8.71814	
9.72	-0.621086 2.30566 7.06606	
9.73	-0.510566 1.89539 5.71053	
9.74	-0.417266 1.54902 4.60466	
9.75	-0.92294 3.66677 10.7196	
9.76	-0.759113 3.01569 8.7006	
9.77	-1.1035 4.3597 13.1471	
9.78	-0.910647 3.59758 10.6831	
9.79	-0.746422 2.94878 8.67481	
9.8	-0.613855 2.425 7.027	
9.81	-0.504163 1.99162 5.67917	
9.82	-0.413075 1.63179 4.57727	
9.83	-0.338213 1.33606 3.67522	
9.84	-0.27675 1.09327 2.93669	
9.85	-0.226899 0.89633 2.33105	
9.86	-0.186415 0.736386 1.8345	
9.87	-0.152919 0.604061 1.42836	
9.88	-0.125401 0.495355 1.09586	
9.89	-0.102691 0.405649 0.82382	
9.9	-0.0841458 0.33239 0.600928	
9.91	-0.0689587 0.272397 0.418382	
9.92	-0.0565045 0.2232 0.268902	
9.93	-0.0461291 0.18222 0.146756	
9.94	-0.0379178 0.14978 0.0462644	
9.95	-0.0309865 0.122402 -0.0357139	
9.96	-0.0253811 0.10026 -0.102964	
9.97	-0.0207651 0.0820264 -0.158003	
9.98	-0.0169845 0.0670931 -0.203079	
9.99	-0.0139513 0.0551098 -0.240096	
10	-0.0114499 0.0452284 -0.270388	
10.01	-0.00936455 0.0369913 -0.295137	
10.02	-0.0076593 0.0302556 -0.315412	
10.03	-0.00626406 0.0247444 -0.332019	
10.04	-0.00512321 0.020238 -0.345623	
10.05	-0.00422069 0.0166721 -0.356815	
10.06	-0.00344849 0.0136221 -0.365929	
10.07	-0.00282164 0.011146 -0.373401	
10.08	-0.00231286 0.00913619 -0.379529	
10.09	-0.00189084 0.00746921 -0.38454	
10.1	-0.00154987 0.00612229 -0.388651	
10.11	-0.00126585 0.00500045 -0.39201	
10.12	-0.0010391 0.00410467 -0.39477	
10.13	-0.000848513 0.00335187 -0.397023	
10.14	-0.00069573 0.00274831 -0.398874	
10.15	-0.000570909 0.0022552 -0.40039	
10.16	-0.000569321 0.00224898 -0.400387	
10.17	-0.000569666 0.00225033 -0.400388	
10.18	-0.000570313 0.00225287 -0.400389	
10.19	-0.000570762 0.00225463 -0.40039	
10.2	-0.000569064 0.00224797 -0.400387	
10.21	-0.000569508 0.00224971 -0.400388	
10.22	-0.000568994 0.00224769 -0.400388	
10.23	-0.000569433 0.00224941 -0.400389	
10.24	-0.000570079 0.00225195 -0.40039	
10.25	-0.000570202 0.00225243 -0.40039	
10.26	-0.000570849 0.00225496 -0.400391	
10.27	-0.000570318 0.00225288 -0.400391	
10.28	-0.000570326 0.00225291 -0.400391	
10.29	-0.000570752 0.00225458 -0.400392	
10.3	-0.00057043 0.00225332 -0.400392	
10.31	-0.000570527 0.0022537 -0.400392	
10.32	-0.000570102 0.00225203 -0.400392	
10.33	-0.000572457 0.00226127 -0.400396	
10.34	-0.000570093 0.002252 -0.400392	
10.35	-0.000569765 0.00225071 -0.400392	
10.36	-0.00057114 0.0022561 -0.400395	
10.37	-0.000570808 0.0022548 -0.400395	
10.38	-0.000571026 0.00225565 -0.400395	
10.39	-0.000572392 0.00226101 -0.400398	
10.4	-0.000574091 0.00226767 -0.400401	
10.41	-0.000573416 0.00226502 -0.400401	
10.42	-0.000572986 0.00226334 -0.4004	
10.43	-0.00057443 0.002269 -0.400403	
10.44	-0.000571877 0.00225898 -0.4004	
10.45	-0.000573313 0.00226461 -0.400403	
10.46	-0.000572968 0.00226326 -0.400402	
10.47	-0.000572276 0.00226055 -0.400402	
10.48	-0.000573874 0.00226681 -0.400405	
10.49	-0.000573177 0.00226408 -0.400405	
10.5	-0.000572827 0.0022627 -0.400405	
10.51	-0.000572392 0.002261 -0.400404	
10.52	-0.000576101 0.00227554 -0.400411	
10.53	-0.000575025 0.00227132 -0.400409	
10.54	-0.000574753 0.00227025 -0.40041	
10.55	-0.000574122 0.00226778 -0.40041	
10.56	-0.000576071 0.00227542 -0.400413	
10.57	-0.000575073 0.0022715 -0.400412	
10.58	-0.000574715 0.0022701 -0.400412	
10.59	-0.000575822 0.00227444 -0.400414	
10.6	-0.000576848 0.00227846 -0.400416	
10.61	-0.000575847 0.00227453 -0.400415	
10.62	-0.000575129 0.00227172 -0.400414	
10.63	-0.000575514 0.00227323 -0.400415	
10.64	-0.000574797 0.00227042 -0.400414	
10.65	-0.00057323 0.00226427 -0.400412	
10.66	-0.000571873 0.00225895 -0.40041	
10.67	-0.000573261 0.00226439 -0.400412	
10.68	-0.000572258 0.00226046 -0.400411	
10.69	-0.000572365 0.00226088 -0.400412	
10.7	-0.000571649 0.00225807 -0.40041	
10.71	-0.000571818 0.00225873 -0.400412	
10.72	-0.000570463 0.00225342 -0.40041	
10.73	-0.000571211 0.00225635 -0.400411	
10.74	-0.000571884 0.00225899 -0.400412	
10.75	-0.000570239 0.00225254 -0.40041	
10.76	-0.000570346 0.00225296 -0.40041	
10.77	-0.000569066 0.00224794 -0.400408	
10.78	-0.000568882 0.00224722 -0.400408	
10.79	-0.000567177 0.00224053 -0.400405	
10.8	-0.000566995 0.00223981 -0.400405	
10.81	-0.000569133 0.0022482 -0.400408	
10.82	-0.000569241 0.00224862 -0.400409	
10.83	-0.000568636 0.00224625 -0.400408	
10.84	-0.000571414 0.00225714 -0.400412	
10.85	-0.000571449 0.00225728 -0.400412	
10.86	-0.000571558 0.00225771 -0.400412	
10.87	-0.000574116 0.00226774 -0.400417	
10.88	-0.000575082 0.00227153 -0.400418	
10.89	-0.000577566 0.00228126 -0.400423	
10.9	-0.000578241 0.00228391 -0.400424	
10.91	-0.000579627 0.00228935 -0.400426	
10.92	-0.000581012 0.00229478 -0.400429	
10.93	-0.000583782 0.00230564 -0.400433	
10.94	-0.000585095 0.00231079 -0.400435	
10.95	-0.000586479 0.00231622 -0.400438	
10.96	-0.000588953 0.00232592 -0.400443	
10.97	-0.000590627 0.00233248 -0.400445	
10.98	-0.000592009 0.0023379 -0.400447	
10.99	-0.000594026 0.00234581 -0.400451	
11	-0.000594771 0.00234873 -0.400452	
11.01	-0.000596787 0.00235664 -0.400455	
11.02	-0.000598095 0.00236177 -0.400457	
11.03	-0.000599475 0.00236718 -0.40046	
11.04	-0.000599928 0.00236895 -0.400462	
11.05	-0.000601306 0.00237435 -0.400464	
11.06	-0.000602684 0.00237976 -0.400466	
11.07	-0.000603428 0.00238267 -0.400468	
11.08	-0.000604805 0.00238808 -0.40047	
11.09	-0.000606182 0.00239347 -0.400473	
11.1	-0.000607559 0.00239887 -0.400475	
11.11	-0.000610943 0.00241214 -0.400481	
11.12	-0.000611685 0.00241505 -0.400483	
11.13	-0.154445 0.398594 0.767873	
11.14	-0.236929 0.608155 1.3874	
11.15	-0.325767 0.835821 2.04363	
11.16	-0.715601 1.82125 4.98013	
11.17	-0.751594 1.90915 5.21617	
11.18	-1.07834 2.71848 7.62336	
11.19	-1.205 3.01744 8.48932	
11.2	-1.42862 3.5438 10.0545	
11.21	-1.55114 3.82778 10.906	
11.22	-1.64843 4.05191 11.5299	
11.23	-1.84837 4.50952 12.8777	
11.24	-2.00272 4.86474 13.9534	
11.25	-2.08917 5.05542 14.4512	
11.26	-1.73466 4.19813 11.7353	
11.27	-1.43729 3.47885 9.51857	
11.28	-7.89313 -0.958784 4.79351	
11.29	6.08491 0.149407 -2.58083	
11.3	4.98232 0.12528 -2.18872	
11.31	4.07974 0.104386 -1.86706	
11.32	3.33828 0.0934155 -1.60649	
11.33	2.7339 0.0765178 -1.38938	
11.34	2.23866 0.0635147 -1.21198	
11.35	1.83237 0.0548132 -1.0676	
11.36	1.5007 0.0445675 -0.947877	
11.37	1.22843 0.0382328 -0.850829	
11.38	1.0061 0.0311271 -0.770434	
11.39	0.823997 0.0254026 -0.704641	
11.4	0.674833 0.0208689 -0.650843	
11.41	0.552729 0.0168453 -0.606618	
11.42	0.452471 0.0143856 -0.570807	
11.43	0.370608 0.0116467 -0.541132	
11.44	0.303389 0.00991998 -0.517076	
11.45	-10.2509 -2.97625 1.35523	
11.46	-8.4041 -2.41644 1.02531	
11.47	-6.8858 -1.97207 0.762395	
11.48	-5.6413 -1.61053 0.548315	
11.49	-4.62055 -1.31821 0.374937	
11.5	-3.78448 -1.079 0.233048	
11.51	-3.10097 -0.880021 0.115251	
11.52	-2.53939 -0.721439 0.0210429	
11.53	-2.08027 -0.589529 -0.0571647	
11.54	-1.70357 -0.48319 -0.12034	
11.55	-1.39552 -0.394953 -0.172672	
11.56	-1.14323 -0.322664 -0.215545	
11.57	-0.936406 -0.263963 -0.250396	
11.58	-0.76708 -0.215741 -0.279016	
11.59	-0.628018 -0.177256 -0.301932	
11.6	-0.514158 -0.145616 -0.320763	
11.61	-0.42117 -0.119076 -0.336511	
11.62	-0.344953 -0.097488 -0.349331	
11.63	-0.282526 -0.079819 -0.359825	
11.64	-0.231493 -0.0651113 -0.368542	
11.65	-0.189517 -0.0535025 -0.375455	
11.66	-0.155198 -0.0438595 -0.381187	
11.67	-0.127156 -0.0357857 -0.385972	
11.68	-0.722136 -0.071876 -0.0277414	
11.69	-0.591625 -0.0583716 -0.0967001	
11.7	-0.649735 -0.0434379 -0.0255093	
11.71	-0.53248 -0.0347175 -0.0950679	
11.72	-1.57101 -0.332525 0.0664185	
11.73	-1.28693 -0.271634 -0.0197017	
11.74	-2.49759 -0.568366 0.269789	
11.75	-2.04629 -0.463576 0.146185	
11.76	-2.82207 -0.67815 0.287304	
11.77	-2.90038 -0.697882 0.301242	
11.78	-3.47393 -0.856321 0.40868	
11.79	-3.53404 -0.87452 0.412389	
11.8	-4.09225 -1.03135 0.513326	
11.81	-4.06865 -1.02725 0.500555	
11.82	-4.54942 -1.16165 0.588847	
11.83	-4.81111 -1.23809 0.630053	
11.84	-5.05884 -1.31329 0.677652	
11.85	-4.59384 -1.18506 0.578788	
11.86	-4.93645 -1.28585 0.655515	
11.87	-4.04386 -1.05075 0.461787	
11.88	-3.81601 -0.980063 0.435721	
11.89	-3.77935 -0.960685 0.450426	
11.9	-3.62991 -0.922546 0.428252	
11.91	-2.97307 -0.754897 0.276628	
11.92	-2.55619 -0.520728 0.395031	
11.93	-2.6765 3.71936 9.05083	
11.94	-2.20462 3.07422 7.32232	
11.95	-1.81255 2.53333 5.91418	
11.96	-1.48625 2.07876 4.76762	
11.97	-1.21949 1.70756 3.82793	
11.98	-0.999242 1.39955 3.06077	
11.99	-0.817211 1.14361 2.43465	
12	-0.668929 0.93579 1.92079	
12.01	-0.548021 0.766786 1.49921	
12.02	-0.447922 0.625966 1.15537	
12.03	-0.366876 0.512727 0.872503	
12.04	-0.299652 0.418089 0.641981	
12.05	-0.245782 0.343237 0.45158	
12.06	-0.200926 0.280282 0.296634	
12.07	-0.164245 0.228849 0.169655	
12.08	-0.134105 0.186508 0.0657879	
12.09	-0.109734 0.152531 -0.0196994	
12.1	-0.0897848 0.124727 -0.0897279	
12.11	-0.0734224 0.101903 -0.14705	
12.12	-0.06017 0.0835409 -0.194193	
12.13	-0.0493119 0.068493 -0.232798	
12.14	-0.0404103 0.056149 -0.264403	
12.15	-0.0330256 0.0458288 -0.290163	
12.16	-0.0270493 0.0375367 -0.311357	
12.17	-0.0221174 0.0306623 -0.328664	
12.18	-0.0180654 0.0250036 -0.342822	
12.19	-0.0148206 0.020534 -0.354515	
12.2	-0.0121384 0.0168179 -0.364059	
12.21	-0.0099142 0.0137134 -0.371839	
12.22	-0.00812434 0.0112415 -0.378253	
12.23	-0.00665031 0.00919898 -0.383495	
12.24	-0.00544661 0.00753397 -0.387793	
12.25	-0.00445604 0.00615979 -0.391307	
12.26	-0.00364769 0.00504087 -0.394188	
12.27	-0.00299247 0.00413966 -0.396557	
12.28	-0.00245356 0.0033965 -0.398495	
12.29	-0.00200731 0.00277695 -0.400075	
12.3	-0.00164502 0.00227665 -0.401373	
12.31	-0.00164502 0.00227665 -0.401373	
12.32	-0.00164325 0.00227272 -0.401371	
12.33	-0.00164325 0.00227272 -0.401371	
12.34	-0.00164147 0.00226877 -0.401369	
12.35	-0.00164062 0.00226688 -0.401368	
12.36	-0.00164248 0.00227104 -0.40137	
12.37	-0.00164156 0.00226903 -0.401369	
12.38	-0.00164249 0.00227115 -0.401371	
12.39	-0.00164257 0.00227131 -0.401371	
12.4	-0.00164164 0.00226926 -0.40137	
12.41	-0.00163984 0.00226527 -0.401367	
12.42	-0.00164255 0.00227134 -0.401371	
12.43	-0.00164347 0.00227343 -0.401372	
12.44	-0.00164533 0.00227761 -0.401375	
12.45	-0.00164455 0.00227584 -0.401374	
12.46	-0.0016436 0.00227375 -0.401373	
12.47	-0.00164546 0.0022779 -0.401375	
12.48	-0.0016473 0.00228205 -0.401378	
12.49	-0.00164915 0.0022862 -0.40138	
12.5	-0.00165005 0.00228827 -0.401382	
12.51	-0.00165005 0.00228827 -0.401382	
12.52	-0.0016519 0.00229241 -0.401384	
12.53	-0.00165375 0.00229655 -0.401387	
12.54	-0.00165837 0.0023069 -0.401393	
12.55	-0.00165936 0.00230914 -0.401394	
12.56	-0.00166294 0.00231721 -0.4014	
12.57	-0.00166478 0.00232135 -0.401402	
12.58	-0.00166577 0.00232358 -0.401404	
12.59	-0.00166857 0.0023298 -0.401407	
12.6	-0.0016686 0.00232994 -0.401408	
12.61	-0.00167044 0.00233407 -0.40141	
12.62	-0.00167411 0.00234232 -0.401415	
12.63	-0.00167327 0.00234043 -0.401414	
12.64	-0.00167426 0.00234266 -0.401416	
12.65	-0.00167525 0.00234489 -0.401417	
12.66	-0.00167708 0.00234901 -0.40142	
12.67	-0.00167807 0.00235124 -0.401421	
12.68	-0.00167906 0.00235348 -0.401422	
12.69	-0.00168272 0.00236171 -0.401428	
12.7	-0.00168288 0.00236207 -0.401428	
12.71	-0.00168387 0.00236431 -0.401429	
12.72	-0.00168485 0.00236652 -0.401431	
12.73	-0.001685 0.00236687 -0.401431	
12.74	-0.00168684 0.002371 -0.401433	
12.75	-0.00168698 0.00237133 -0.401434	
12.76	-0.00168531 0.00236756 -0.401431	
12.77	-0.00168546 0.00236791 -0.401432	
12.78	-0.00168646 0.00237016 -0.401433	
12.79	-0.00168756 0.00237258 -0.401434	
12.8	-0.00168409 0.00236484 -0.40143	
12.81	-0.00168509 0.00236708 -0.401431	
12.82	-0.00168547 0.00236782 -0.401431	
12.83	-0.00168563 0.0023682 -0.401431	
12.84	-0.00168597 0.00236887 -0.401431	
12.85	-0.143013 0.333897 0.301167	
12.86	-0.564561 1.35308 2.47543	
12.87	-0.545001 1.30903 2.37227	
12.88	-1.31811 3.20869 6.49087	
12.89	-1.22214 2.98145 5.97004	
12.9	-2.04713 5.0421 10.5293	
12.91	-1.98811 4.89552 10.15	
12.92	-1.64626 4.04643 8.21643	
12.93	-1.36347 3.34523 6.63611	
12.94	3.00137 1.71405 -1.41149	
12.95	-1.45569 2.18199 -0.844404	
12.96	1.95736 1.13105 -0.694713	
12.97	-2.67619 1.47857 0.036658	
12.98	1.37268 0.958103 0.330158	
12.99	-2.9014 1.61407 1.52756	
13	0.111214 -0.484088 -0.651757	
13.01	-6.31591 -5.7719 -8.32054	
13.02	2.08399 0.178885 -0.00682331	
13.03	-5.75542 0.613854 1.70576	
13.04	1.739 -0.0468977 -0.376593	
13.05	-7.34598 -0.128791 0.855466	
13.06	0.732504 0.39541 0.507212	
13.07	-7.64724 1.66531 3.41383	
13.08	-0.667134 0.272038 0.251586	
13.09	-8.38313 1.07729 2.69467	
13.1	-1.04535 0.805297 1.5118	
13.11	-8.76655 2.27367 4.64125	
13.12	-2.19613 0.518992 1.39295	
13.13	-10.2742 -0.984139 1.7415	
13.14	-4.10829 -0.71044 0.774312	
13.15	-10.6026 -2.96439 2.15977	
13.16	-4.03596 -0.0822306 -0.110231	
13.17	-3.30714 -0.0652445 -0.165926	
13.18	-2.71095 -0.0501702 -0.212625	
13.19	-2.22078 -0.040646 -0.24825	
13.2	-1.81943 -0.0325197 -0.277737	
13.21	-1.49091 -0.0251957 -0.302523	
13.22	-1.2213 -0.0203022 -0.321785	
13.23	-1.00032 -0.016605 -0.33727	
13.24	-0.819737 -0.0127987 -0.350682	
13.25	-0.671511 -0.0104666 -0.360925	
13.26	-0.550269 -0.00806362 -0.369783	
13.27	-0.60465 0.774699 1.22576	
13.28	-0.497325 0.637869 0.927545	
13.29	-0.615031 0.911965 1.60056	
13.3	-0.504714 0.748496 1.23599	
13.31	-0.415614 0.616614 0.935685	
13.32	-0.34218 0.507866 0.690347	
13.33	-0.281569 0.418046 0.490209	
13.34	-0.231534 0.343858 0.326753	
13.35	-0.190322 0.282727 0.193056	
13.36	-0.156651 0.23279 0.083536	
13.37	-0.128845 0.191527 -0.00591533	
13.38	-0.105721 0.157172 -0.0787551	
13.39	-0.0868313 0.129117 -0.138525	
13.4	-0.0713576 0.106134 -0.187466	
13.41	-0.0583645 0.0867994 -0.227129	
13.42	-0.0478458 0.0711611 -0.259791	
13.43	-0.0392452 0.0583759 -0.286556	
13.44	-0.0320979 0.0477394 -0.308334	
13.45	-0.0263143 0.0391401 -0.326263	
13.46	-0.0215602 0.0320696 -0.340924	
13.47	-0.0176243 0.0262111 -0.352872	
13.48	-0.014406 0.0214215 -0.362669	
13.49	-0.0117688 0.0174966 -0.370691	
13.5	-0.00961982 0.0142994 -0.377274	
13.51	-2.56969 4.15208 8.58027	
13.52	-2.10668 3.40396 6.95177	
13.53	-1.7187 2.77707 5.62908	
13.54	-2.34659 4.62194 8.99159	
13.55	-1.9234 3.78804 7.28889	
13.56	-1.57129 3.09556 5.90122	
13.57	-1.27989 2.52319 4.7685	
13.58	-1.04489 2.06073 3.83597	
13.59	-0.848796 1.67571 3.07684	
13.6	-0.693535 1.3696 2.4484	
13.61	-0.567206 1.12032 1.93252	
13.62	-0.46204 0.913226 1.51222	
13.63	-0.378264 0.747679 1.16497	
13.64	-0.308916 0.610826 0.881515	
13.65	-0.252409 0.499242 0.64898	
13.66	-0.207039 0.409425 0.457419	
13.67	-0.169004 0.334351 0.301618	
13.68	-0.138283 0.273606 0.173492	
13.69	-0.113205 0.223999 0.0684381	
13.7	-0.0926743 0.183385 -0.0176088	
13.71	-0.0761 0.150538 -0.0883759	
13.72	-0.0622504 0.12316 -0.145992	
13.73	-0.0510244 0.10094 -0.193333	
13.74	-0.0417656 0.0826293 -0.232018	
13.75	-0.034209 0.0676784 -0.263737	
13.76	-0.028019 0.0554319 -0.289714	
13.77	-0.0229328 0.0453732 -0.310968	
13.78	-0.0187822 0.037161 -0.328394	
13.79	-0.0153831 0.0304356 -0.342666	
13.8	-0.0126292 0.0249795 -0.354391	
13.81	-0.0103367 0.0204467 -0.363948	
13.82	-0.00845969 0.0167354 -0.371776	
13.83	-0.00694029 0.0137267 -0.37821	
13.84	-0.00569348 0.0112584 -0.383476	
13.85	-0.00465601 0.0092086 -0.387768	
13.86	-0.00380768 0.00753217 -0.391286	
13.87	-0.00311184 0.00615737 -0.394165	
13.88	-0.00254906 0.00504369 -0.396532	
13.89	-0.00208667 0.00412905 -0.398469	
13.9	-0.00171212 0.00338712 -0.40006	
13.91	-0.00140491 0.00277869 -0.401363	
13.92	-0.00140758 0.0027833 -0.401366	
13.93	-0.00141258 0.00279195 -0.401372	
13.94	-0.00141523 0.00279654 -0.401375	
13.95	-0.277436 0.519864 0.641955	
13.96	-0.527935 1.00542 1.617	
13.97	-0.704882 1.34024 2.28543	
13.98	-1.14531 2.17365 3.98599	
13.99	-1.04144 1.97424 3.55395	
14	-1.71133 3.23133 6.12286	
14.01	-1.54529 2.91494 5.46807	
14.02	-1.9374 3.639 6.93575	
14.03	-2.13565 4.01072 7.70071	
14.04	-2.217 4.15266 7.9541	
14.05	-2.48365 4.64135 8.96261	
14.06	-2.57809 4.81249 9.3045	
14.07	-2.62666 4.89067 9.43813	
14.08	-2.87675 5.35477 10.3926	
14.09	-2.87472 5.33649 10.3211	
14.1	-2.37368 4.40326 8.35536	
14.11	-1.95346 3.62223 6.75757	
14.12	-1.60965 2.98315 5.44843	
14.13	-1.32624 2.45665 4.37847	
14.14	-1.09133 2.0207 3.50569	
14.15	-0.898164 1.66234 2.79184	
14.16	-0.738884 1.36702 2.20857	
14.17	-0.607267 1.12318 1.73233	
14.18	-0.499278 0.923147 1.34254	
14.19	-0.411245 0.76001 1.02275	
14.2	-0.337968 0.624408 0.762389	
14.21	-0.306244 0.558124 0.636335	
14.22	-0.251923 0.458972 0.445977	
14.23	-0.207369 0.377655 0.29013	
14.24	-0.170444 0.310325 0.163091	
14.25	-1.19014 1.6682 3.18275	
14.26	-0.981282 1.37558 2.52538	
14.27	-0.808776 1.13387 1.98863	
14.28	-0.974872 1.34391 2.4517	
14.29	-0.944338 1.29806 2.35405	
14.3	-0.917404 1.25578 2.2601	
14.31	-0.889722 1.21331 2.16756	
14.32	-0.933328 1.26742 2.28403	
14.33	-1.00181 1.35685 2.47477	
14.34	-1.04797 1.41614 2.58819	
14.35	-1.29135 1.74178 3.29919	
14.36	-1.33054 1.79414 3.41005	
14.37	-1.36334 1.83317 3.48697	
14.38	-1.73278 2.32727 4.53462	
14.39	-2.06267 2.76971 5.49132	
14.4	-2.3096 3.09945 6.19168	
14.41	-2.36978 3.18156 6.35437	
14.42	-2.45074 3.28866 6.54822	
14.43	-2.84874 3.82117 7.71844	
14.44	-2.56525 3.44072 6.84809	
14.45	-3.40206 4.56663 9.29534	
14.46	-2.88148 3.86735 7.74932	
14.47	-3.65348 4.89647 9.96272	
14.48	-3.64257 4.88317 9.93404	
14.49	-3.94701 5.27926 10.7661	
14.5	-4.44312 5.94265 12.2491	
14.51	-4.79087 6.4117 13.29	
14.52	-5.04805 6.75738 14.004	
14.53	-4.16042 5.56915 11.3637	
14.54	-3.43521 4.59835 9.19989	
14.55	-2.83141 3.79007 7.43915	
14.56	-2.32756 3.11562 6.00798	
14.57	-1.91668 2.56561 4.8335	
14.58	-1.57558 2.10902 3.87828	
14.59	-1.29466 1.73299 3.09733	
14.6	-1.06402 1.42425 2.45844	
14.61	-0.872155 1.16743 1.93905	
14.62	-0.715567 0.957824 1.51257	
14.63	-0.588371 0.787562 1.16224	
14.64	-0.481161 0.644057 0.879156	
14.65	-0.395057 0.528802 0.644983	
14.66	-0.32339 0.432873 0.454823	
14.67	-0.265468 0.35534 0.297957	
14.68	-0.217402 0.291003 0.170336	
14.69	-0.178031 0.238303 0.0658289	
14.7	-0.145703 0.195031 -0.0196713	
14.71	-0.119444 0.15988 -0.0899243	
14.72	-0.0979092 0.131056 -0.147488	
14.73	-0.0800771 0.107187 -0.194344	
14.74	-0.0656776 0.0879123 -0.232994	
14.75	-0.0538326 0.0720572 -0.264601	
14.76	-0.0441508 0.0590977 -0.290495	
14.77	-0.0361666 0.0484105 -0.311634	
14.78	-0.0297278 0.0397918 -0.329072	
14.79	3.37 -6.10964 -10.214	
14.8	2.75871 -5.00174 -8.44097	
14.81	2.25095 -4.08331 -6.99948	
14.82	1.84023 -3.33909 -5.81121	
14.83	1.0552 -1.92877 -3.54281	
14.84	0.4441 -0.792013 -1.68181	
14.85	-0.133109 0.18722 0.0942495	
14.86	-0.592035 0.712896 1.41418	
14.87	-1.09784 1.26387 2.82622	
14.88	-1.41973 1.62063 3.73916	
14.89	-1.16848 1.3331 2.98362	
14.9	-0.961336 1.09619 2.36521	
14.91	-0.790066 0.900525 1.86042	
14.92	-0.652478 0.742969 1.4439	
14.93	-0.537322 0.61147 1.10608	
14.94	-0.442615 0.503349 0.829177	
14.95	-0.365223 0.414986 0.602574	
14.96	-0.301463 0.342244 0.417505	
14.97	0.0341602 -0.112204 -0.343816	
14.98	1.17466 -2.19653 -3.43368	
14.99	1.34184 -2.50469 -3.90224	
15	2.78428 -5.16335 -7.7071	
15.01	3.28479 -6.07121 -8.99098	
15.02	2.67964 -4.95653 -7.45438	
15.03	2.18861 -4.05043 -6.18849	
15.04	1.78586 -3.30746 -5.15263	
15.05	1.45469 -2.69697 -4.30624	
15.06	1.19053 -2.20753 -3.60191	
15.07	0.974289 -1.80684 -3.02484	
15.08	0.797031 -1.47844 -2.55246	
15.09	0.652591 -1.21058 -2.16446	
15.1	0.533152 -0.989493 -1.84846	
15.11	0.436396 -0.810011 -1.58798	
15.12	0.357234 -0.66314 -1.37455	
15.13	-5.38067 6.4295 13.4403	
15.14	-4.42522 5.28762 10.9114	
15.15	-3.62949 4.33676 8.85477	
15.16	-2.98224 3.56328 7.16645	
15.17	-2.4465 2.92312 5.78985	
15.18	-2.01117 2.40291 4.65852	
15.19	-1.64899 1.97016 3.73886	
15.2	-1.35304 1.61654 2.98491	
15.21	-1.10985 1.32598 2.36851	
15.22	-0.909687 1.08682 1.86498	
15.23	-3.80401 5.95882 9.81091	
15.24	-3.13437 4.9069 7.93418	
15.25	-2.57709 4.03291 6.40982	
15.26	-2.1158 3.31024 5.16844	
15.27	-1.73543 2.71473 4.15534	
15.28	-1.41954 2.22085 3.33198	
15.29	-1.16532 1.82271 2.65131	
15.3	-0.954377 1.49277 2.09765	
15.31	-0.780938 1.22159 1.64527	
15.32	-0.639687 1.00062 1.27358	
15.33	-0.52184 0.816599 0.972297	
15.34	-0.426841 0.668025 0.723401	
15.35	-0.3495 0.546998 0.518903	
15.36	-0.285848 0.447438 0.351851	
15.37	-0.233679 0.365843 0.215036	
15.38	-0.191214 0.299387 0.102636	
15.39	-0.156379 0.24488 0.010662	
15.4	-0.127803 0.200173 -0.064583	
15.41	-0.104456 0.16364 -0.126304	
15.42	-0.085516 0.133973 -0.177105	
15.43	-0.0699718 0.109631 -0.218667	
15.44	-0.0572219 0.089668 -0.252681	
15.45	-0.0467943 0.0733387 -0.280558	
15.46	-0.0382461 0.0599536 -0.303378	
15.47	-0.0313124 0.0490863 -0.322161	
15.48	-0.0255478 0.0400646 -0.337426	
15.49	-0.0209021 0.0327826 -0.350031	
15.5	-0.0170939 0.0268136 -0.360353	
15.51	-0.0139703 0.0219185 -0.368799	
15.52	-0.0114172 0.0179167 -0.375724	
15.53	-0.00932558 0.0146383 -0.381394	
15.54	-0.00763461 0.0119845 -0.386068	
15.55	-0.00624348 0.00980218 -0.389887	
15.56	-0.00511142 0.00802521 -0.393025	
15.57	-0.00418494 0.00657076 -0.395597	
15.58	-0.00343219 0.00538815 -0.39771	
15.59	-0.00281196 0.0044143 -0.399437	
15.6	-0.00230234 0.00361438 -0.400848	
15.61	-0.00188612 0.00296089 -0.402006	
15.62	-0.00188456 0.00295869 -0.402004	
15.63	-0.00187951 0.00295155 -0.401996	
15.64	-0.00188146 0.00295431 -0.401999	
15.65	-0.496886 0.823996 0.98586	
15.66	-1.38885 2.32288 3.54358	
15.67	-2.07486 3.48089 5.54771	
15.68	-3.16547 5.33492 8.81217	
15.69	-3.4838 5.88545 9.78086	
15.7	-2.86852 4.84345 7.91542	
15.71	-2.36099 3.98456 6.39256	
15.72	-1.94393 3.279 5.1472	
15.73	-1.59587 2.69127 4.13644	
15.74	-1.31327 2.21366 3.30505	
15.75	-1.07833 1.81718 2.62915	
15.76	-0.886135 1.49281 2.07525	
15.77	-0.728432 1.2267 1.62201	
15.78	-6.66245 -1.31728 2.67967	
15.79	-5.46728 -1.0667 2.1057	
15.8	-4.48344 -0.867884 1.64378	
15.81	10.7223 1.33934 -2.94571	
15.82	8.77487 1.10801 -2.50168	
15.83	-1.99116 1.3124 -1.6926	
15.84	7.08153 1.07599 -2.04513	
15.85	-3.0105 1.35971 -0.325802	
15.86	5.88412 -0.211576 -2.46751	
15.87	-4.68739 -2.50881 -3.00295	
15.88	5.63189 3.66332 1.92218	
15.89	-5.56526 4.62829 4.72489	
15.9	3.43317 -3.77587 -3.45208	
15.91	-2.31329 -1.54267 -6.8723	
15.92	18.6454 -0.033104 -14.4091	
15.93	15.3115 0.35552 -11.7787	
15.94	12.5877 0.551239 -9.67164	
15.95	10.381 0.632659 -7.99274	
15.96	8.49773 0.64502 -6.57311	
15.97	6.95594 0.545265 -5.44824	
15.98	5.67933 0.495564 -4.50456	
15.99	4.63333 0.406901 -3.74761	
16	3.77268 0.361182 -3.11521	
16.01	3.07227 0.271966 -2.61859	
16.02	2.48989 0.228253 -2.19461	
16.03	2.02193 0.186536 -1.85687	
16.04	1.63131 0.153165 -1.57387	
16.05	1.33267 0.128631 -1.35882	
16.06	1.07678 0.106881 -1.17387	
16.07	0.872704 0.0891684 -1.02693	
16.08	0.701005 0.0663334 -0.905624	
16.09	0.566852 0.0497723 -0.810923	
16.1	0.459503 0.0408408 -0.733884	
16.11	0.372156 0.0327907 -0.671515	
16.12	-0.162124 -4.52678 -4.56108	
16.13	0.592602 -7.23287 -7.61395	
16.14	2.47582 -9.79469 -11.3709	
16.15	5.36597 -5.31933 -9.25803	
16.16	4.3797 -4.33331 -7.68133	
16.17	3.5802 -3.53829 -6.37743	
16.18	2.92762 -2.89081 -5.3045	
16.19	4.01742 1.64814 10.529	
16.2	3.20799 1.33237 8.56161	
16.21	2.97857 1.06556 6.68542	
16.22	3.30542 0.898627 4.87703	
16.23	5.59841 0.789573 2.18721	
16.24	4.58121 0.691983 1.73303	
16.25	3.76099 0.616319 1.35794	
16.26	3.08673 0.526491 1.04295	
16.27	2.53736 0.450133 0.783126	
16.28	2.0804 0.393482 0.574582	
16.29	1.71032 0.333592 0.398156	
16.3	1.39946 0.288797 0.257667	
16.31	1.15053 0.245095 0.138469	
16.32	0.944403 0.203642 0.0398684	
16.33	0.775026 0.171691 -0.0400724	
16.34	0.635586 0.144464 -0.105625	
16.35	0.524206 0.12061 -0.160769	
16.36	0.431188 0.100361 -0.205532	
16.37	0.354947 0.0835669 -0.242238	
16.38	0.29259 0.0687711 -0.272653	
16.39	0.240114 0.0563882 -0.29716	
16.4	0.19813 0.0470119 -0.317336	
16.41	0.162746 0.038532 -0.333765	
16.42	0.133735 0.0315113 -0.347232	
16.43	0.109956 0.0258305 -0.358234	
16.44	0.0902055 0.0210657 -0.367184	
16.45	0.0742539 0.0174724 -0.374496	
16.46	0.0610642 0.0141603 -0.380555	
16.47	0.0502004 0.0117564 -0.385401	
16.48	0.0414617 0.00975797 -0.389433	
16.49	0.0340824 0.00791622 -0.392723	
16.5	0.0280613 0.00657633 -0.395373	
16.51	0.0230886 0.00540398 -0.397552	
16.52	0.0190303 0.00444066 -0.399342	
16.53	0.0156787 0.00365664 -0.400798	
16.54	0.0129249 0.00303911 -0.401979	
16.55	0.0106154 0.00249064 -0.402941	
16.56	0.00874557 0.00203115 -0.40374	
16.57	0.00716692 0.00166568 -0.404374	
16.58	0.00589541 0.0013833 -0.404896	
16.59	0.00485065 0.00113643 -0.405327	
16.6	0.00396644 0.000928312 -0.405671	
16.61	0.00324721 0.000760663 -0.405955	
16.62	0.0026522 0.000619103 -0.406186	
16.63	0.00216838 0.000506061 -0.406376	
16.64	0.00177962 0.000415564 -0.406533	
16.65	0.0014548 0.000342313 -0.406659	
16.66	-2.36702 3.16417 5.24126	
16.67	-4.19825 5.64106 9.74282	
16.68	-3.44943 4.63467 7.89089	
16.69	-2.84159 3.81764 6.36676	
16.7	-2.34382 3.14855 5.1182	
16.71	-1.92845 2.59039 4.10594	
16.72	-6.28661 5.73827 12.834	
16.73	-6.0881 6.91167 13.9115	
16.74	-5.04785 5.72916 11.2459	
16.75	-4.17533 4.73787 9.0864	
16.76	-3.45323 3.91766 7.32673	
16.77	-2.85186 3.23483 5.89719	
16.78	-2.34842 2.66348 4.74045	
16.79	-1.94215 2.20225 3.78449	
16.8	-1.59682 1.81053 3.01805	
16.81	-1.31527 1.49111 2.38838	
16.82	4.93351 -6.31517 -10.0688	
16.83	4.0406 -5.1722 -8.3197	
16.84	3.30039 -4.2244 -6.90133	
16.85	2.70402 -3.4611 -5.72423	
16.86	2.21448 -2.83449 -4.76195	
16.87	1.81492 -2.3231 -3.97172	
16.88	1.48845 -1.90529 -3.32329	
16.89	1.2218 -1.56405 -2.79118	
16.9	1.00188 -1.28256 -2.3578	
16.91	0.821978 -1.05231 -2.0025	
16.92	0.675092 -0.864325 -1.71071	
16.93	0.553539 -0.70872 -1.47379	
16.94	0.454454 -0.581892 -1.27899	
16.95	0.677249 -0.851269 -1.70768	
16.96	0.871711 -1.0901 -2.08178	
16.97	0.957405 -1.19302 -2.2442	
16.98	0.784145 -0.977123 -1.91165	
16.99	0.642737 -0.800923 -1.63854	
17	0.526543 -0.656134 -1.41545	
17.01	0.478602 -0.595458 -1.32249	
17.02	0.392523 -0.488371 -1.15596	
17.03	0.321503 -0.40001 -1.0204	
17.04	0.263123 -0.327371 -0.909715	
17.05	0.215675 -0.26834 -0.818489	
17.06	0.176849 -0.220037 -0.74372	
17.07	0.144755 -0.180103 -0.682951	
17.08	0.118704 -0.147694 -0.63281	
17.09	0.0971642 -0.120893 -0.592069	
17.1	0.0798061 -0.0992994 -0.55825	
17.11	0.065368 -0.0813348 -0.530908	
17.12	0.0535534 -0.0666346 -0.508497	
17.13	0.0439023 -0.0546268 -0.490102	
17.14	0.0359687 -0.0447554 -0.475084	
17.15	0.0294677 -0.0366664 -0.462789	
17.16	0.0241488 -0.0300484 -0.452711	
17.17	0.0197779 -0.0246097 -0.444481	
17.18	0.0162034 -0.0201621 -0.437732	
17.19	0.0132705 -0.0165126 -0.432213	
17.2	0.0108684 -0.0135237 -0.427693	
17.21	0.00890677 -0.0110828 -0.423982	
17.22	0.00729917 -0.00908256 -0.420945	
17.23	0.00597799 -0.00743858 -0.418464	
17.24	0.00489596 -0.00609218 -0.416433	
17.25	0.00400832 -0.00498764 -0.414771	
17.26	0.00328879 -0.00409241 -0.413398	
17.27	0.00269518 -0.00335379 -0.412281	
17.28	0.00269524 -0.00335385 -0.412281	
17.29	0.00269518 -0.00335378 -0.412281	
17.3	0.00269517 -0.00335377 -0.412281	
17.31	0.00269908 -0.00335869 -0.412275	
17.32	0.00270074 -0.00336079 -0.412272	
17.33	0.00270394 -0.00336483 -0.412267	
17.34	9.78355 1.03676 -1.6669	
17.35	-2.95832 -1.35258 -3.59897	
17.36	5.40114 -1.2927 -3.84805	
17.37	-3.5107 -3.85037 -7.04675	
17.38	-4.28352 -3.13261 -1.35871	
17.39	-3.98431 -2.27885 0.646651	
17.4	-4.4211 -0.354528 5.17174	
17.41	19.1965 -34.7583 -24.932	
17.42	17.3334 -26.1957 -22.0967	
17.43	15.3184 -19.8739 -19.288	
17.44	13.2957 -15.1672 -16.6066	
17.45	11.2786 -11.7608 -14.04	
17.46	9.46842 -9.21199 -11.784	
17.47	7.89611 -7.21771 -9.84056	
17.48	20.506 -21.9549 -19.6581	
17.49	18.9487 -6.42787 -25.8007	
17.5	19.2099 -12.6311 -18.7268	
17.51	16.0485 -9.58378 -15.6695	
17.52	13.3783 -7.27987 -13.0988	
17.53	11.1321 -5.56687 -10.9484	
17.54	9.21675 -4.30318 -9.12014	
17.55	7.63715 -3.33964 -7.61905	
17.56	6.32809 -2.60809 -6.37943	
17.57	5.21127 -2.06277 -5.32136	
17.58	4.3101 -1.60452 -4.46827	
17.59	3.54568 -1.28553 -3.74716	
17.6	4.78444 -5.43923 -7.95931	
17.61	3.92421 -4.41258 -6.61435	
17.62	3.22075 -3.56344 -5.517	
17.63	0.425608 0.49012 3.29272	
17.64	0.352097 0.410677 2.62768	
17.65	0.309031 0.344962 2.07221	
17.66	0.267078 0.292966 1.62264	
17.67	0.234855 0.249724 1.25268	
17.68	0.206525 0.213284 0.950096	
17.69	0.18079 0.183736 0.704022	
17.7	0.156158 0.155673 0.501807	
17.71	0.135355 0.133796 0.337379	
17.72	0.118345 0.113781 0.201163	
17.73	0.103498 0.0955401 0.0888047	
17.74	0.0897493 0.0817955 -0.00138857	
17.75	0.0785479 0.068873 -0.0765086	
17.76	0.0687163 0.0579189 -0.137907	
17.77	0.0596068 0.0488942 -0.187594	
17.78	0.0506504 0.0407009 -0.227973	
17.79	0.0430729 0.0340575 -0.260849	
17.8	0.0364307 0.0285108 -0.28759	
17.81	0.0306801 0.0236474 -0.309537	
17.82	0.0259427 0.0197959 -0.327399	
17.83	0.0216627 0.0164868 -0.3419	
17.84	0.0180415 0.0136693 -0.353785	
17.85	0.0150746 0.0113081 -0.363558	
17.86	0.0127021 0.00945843 -0.371535	
17.87	0.010459 0.00773129 -0.378042	
17.88	0.008706 0.00639097 -0.383368	
17.89	0.00711839 0.00521421 -0.387696	
17.9	0.00589151 0.00434595 -0.391216	
17.91	0.00481478 0.00354513 -0.39412	
17.92	0.00396297 0.00292105 -0.396494	
17.93	0.00321002 0.00235851 -0.398442	
17.94	0.00263098 0.00193909 -0.40003	
17.95	0.00214753 0.00159234 -0.401328	
17.96	0.00176286 0.00129158 -0.402409	
17.97	0.00142571 0.0010585 -0.403272	
17.98	0.00115873 0.000868008 -0.403984	
17.99	0.000940733 0.000707314 -0.404571	
18	0.000768999 0.000582227 -0.405051	
18.01	0.000623549 0.000473307 -0.405446	
18.02	0.000501607 0.000387679 -0.405765	
18.03	0.000407039 0.000313688 -0.406033	
18.04	0.000330419 0.000257833 -0.406249	
18.05	0.000325932 0.000256435 -0.406247	
18.06	0.000319923 0.000254456 -0.406245	
18.07	0.000315283 0.000253207 -0.406243	
18.08	0.000310643 0.000251958 -0.406241	
18.09	0.000305926 0.000248673 -0.406241	
18.1	0.000303681 0.000250085 -0.406238	
18.11	0.000298089 0.00024894 -0.406236	
18.12	-0.585598 0.748961 0.814992	
18.13	-1.98457 2.53068 3.75308	
18.14	-2.51799 3.20522 4.84672	
18.15	-4.38394 5.55898 8.79494	
18.16	-5.22046 6.61813 10.5283	
18.17	-4.31927 5.47467 8.48585	
18.18	-3.55855 4.50999 6.84535	
18.19	-2.93228 3.71588 5.50623	
18.2	-2.41756 3.06325 4.41193	
18.21	-1.98828 2.51912 3.52712	
18.22	-1.63579 2.07235 2.80379	
18.23	-1.34228 1.70045 2.21867	
18.24	-1.1029 1.39712 1.73788	
18.25	-0.903967 1.1451 1.34855	
18.26	-0.74276 0.940839 1.02703	
18.27	-0.608608 0.770905 0.766976	
18.28	-0.49995 0.633237 0.552113	
18.29	-0.409619 0.518821 0.378206	
18.3	-0.335541 0.424993 0.235948	
18.31	-0.274984 0.348288 0.119255	
18.32	-0.225661 0.285807 0.0232593	
18.33	-0.184718 0.233953 -0.0545109	
18.34	-0.151412 0.191766 -0.118554	
18.35	-0.124106 0.157181 -0.170962	
18.36	-0.428326 0.42144 0.485935	
18.37	-0.703368 0.693291 1.1161	
18.38	-1.2552 1.2497 2.35216	
18.39	-1.77997 1.77485 3.54362	
18.4	-2.15579 2.15356 4.3798	
18.41	-2.48309 2.48745 5.11827	
18.42	-2.74051 2.74858 5.69354	
18.43	-3.04005 3.04893 6.35895	
18.44	-3.8154 3.82703 8.09238	
18.45	-4.44228 4.46463 9.47237	
18.46	-5.01025 5.0444 10.7614	
18.47	-5.4554 5.49807 11.7594	
18.48	-5.87878 5.93037 12.713	
18.49	-6.42361 6.48998 13.9196	
18.5	-5.28546 5.33939 11.2925	
18.51	-4.35593 4.39961 9.13695	
18.52	-3.57896 3.61453 7.39304	
18.53	-2.93501 2.96408 5.97635	
18.54	-2.41274 2.43639 4.80794	
18.55	-1.98098 2.00026 3.85694	
18.56	-1.62655 1.64226 3.07951	
18.57	-1.3369 1.34969 2.4422	
18.58	-1.0952 1.10567 1.92582	
18.59	-0.89826 0.906814 1.50209	
18.6	-0.737444 0.744417 1.15386	
18.61	5.30112 -6.66536 -9.93271	
18.62	4.33319 -5.44808 -8.22281	
18.63	3.54271 -4.45403 -6.81863	
18.64	2.90204 -3.64857 -5.65726	
18.65	2.37485 -2.98571 -4.7102	
18.66	1.94753 -2.44856 -3.92709	
18.67	1.5942 -2.0043 -3.29137	
18.68	1.30572 -1.64162 -2.76921	
18.69	1.06999 -1.34526 -2.3407	
18.7	0.877338 -1.10308 -1.98898	
18.71	0.719146 -0.904199 -1.70168	
18.72	0.589151 -0.740758 -1.46708	
18.73	0.483005 -0.607312 -1.27443	
18.74	0.396453 -0.498511 -1.11598	
18.75	0.325177 -0.4089 -0.986875	
18.76	0.266437 -0.33504 -0.881772	
18.77	0.21893 -0.275322 -0.79465	
18.78	0.179587 -0.225853 -0.72404	
18.79	0.147221 -0.185154 -0.666451	
18.8	0.120718 -0.151826 -0.619292	
18.81	0.0989219 -0.124415 -0.580819	
18.82	-0.290047 0.240973 0.441656	
18.83	-0.23804 0.197718 0.287027	
18.84	-0.195902 0.162649 0.160237	
18.85	-0.16109 0.133694 0.0565741	
18.86	2.99836 -6.84824 -8.93528	
18.87	2.45689 -5.61023 -7.38945	
18.88	2.01337 -4.59624 -6.12355	
18.89	1.65478 -3.77158 -5.07832	
18.9	1.35749 -3.09169 -4.22882	
18.91	1.11406 -2.53493 -3.53297	
18.92	0.91348 -2.07743 -2.96529	
18.93	0.750158 -1.70392 -2.4986	
18.94	0.616071 -1.39761 -2.11697	
18.95	0.506368 -1.14688 -1.80419	
18.96	0.415989 -0.940872 -1.54899	
18.97	0.34266 -0.773002 -1.33868	
18.98	0.281555 -0.634219 -1.16838	
18.99	0.231915 -0.521052 -1.02813	
19	2.43532 -2.27822 -10.3129	
19.01	1.99662 -1.86783 -8.51813	
19.02	1.84955 -1.70646 -9.93262	
19.03	-2.33426 -11.0626 -11.4081	
19.04	-1.92288 -9.04666 -9.43961	
19.05	-1.57551 -7.40843 -7.80614	
19.06	-1.29799 -6.0581 -6.48248	
19.07	-1.07036 -4.95256 -5.39768	
19.08	-0.878016 -4.05429 -4.49717	
19.09	-0.724931 -3.31318 -3.76871	
19.1	-0.595182 -2.71167 -3.16324	
19.11	-0.489497 -2.21822 -2.6685	
19.12	-0.401995 -1.81528 -2.2614	
19.13	4.57018 -6.15745 -9.98153	
19.14	4.41547 -4.55568 -8.32401	
19.15	3.59813 -3.70959 -6.92582	
19.16	3.92792 -2.35755 -5.8597	
19.17	3.36702 -1.80196 -4.91762	
19.18	6.16415 -0.142697 -4.94063	
19.19	5.20819 -0.0348945 -4.18964	
19.2	8.44469 0.841236 -5.00393	
19.21	6.89534 0.712991 -4.20903	
19.22	5.63127 0.601986 -3.54866	
19.23	4.59862 0.507793 -3.00267	
19.24	3.75803 0.424587 -2.5461	
19.25	3.07157 0.354127 -2.16859	
19.26	2.51039 0.295337 -1.85776	
19.27	2.05289 0.244799 -1.59952	
19.28	1.67715 0.204535 -1.38974	
19.29	1.37039 0.170333 -1.21599	
19.3	1.11983 0.141688 -1.07277	
19.31	0.915441 0.117526 -0.954452	
19.32	0.747989 0.0977514 -0.857558	
19.33	0.611836 0.0805718 -0.776731	
19.34	0.500172 0.0667594 -0.710955	
19.35	0.409145 0.0550151 -0.656435	
19.36	0.334846 0.0452237 -0.611553	
19.37	0.273733 0.0374248 -0.575109	
19.38	0.223882 0.0309089 -0.545095	
19.39	0.18319 0.0254203 -0.52028	
19.4	0.149754 0.0210113 -0.500076	
19.41	0.122474 0.0173443 -0.483463	
19.42	0.100192 0.0142704 -0.469748	
19.43	0.0819475 0.0117477 -0.458506	
19.44	0.0670421 0.00966822 -0.449288	
19.45	0.0548346 0.00796817 -0.441744	
19.46	0.0448521 0.00656317 -0.435548	
19.47	0.0367051 0.00538435 -0.430431	
19.48	0.0300434 0.00441502 -0.426236	
19.49	0.0245834 0.00362281 -0.422803	
19.5	0.0201159 0.0029818 -0.420007	
19.51	0.0164729 0.00244208 -0.417695	
19.52	0.0134804 0.00200852 -0.415815	
19.53	0.0110408 0.00164583 -0.414264	
19.54	0.00904044 0.00134726 -0.412991	
19.55	0.00740516 0.00110292 -0.411949	
19.56	0.00606773 0.000899587 -0.411091	
19.57	0.0060638 0.000903841 -0.411098	
19.58	0.00606462 0.000903569 -0.411097	
19.59	0.00606413 0.000903828 -0.411098	
19.6	0.00606488 0.000904161 -0.411099	
19.61	0.00606458 0.000904128 -0.411098	
19.62	0.00607006 0.000899403 -0.411092	
19.63	0.00607077 0.000899221 -0.411092	
19.64	0.0060741 0.000896055 -0.411087	
19.65	0.00607521 0.000895382 -0.411086	
19.66	0.00607243 0.000899267 -0.411092	
19.67	0.006079 0.000894258 -0.411085	
19.68	0.00607812 0.000894486 -0.411085	
19.69	0.00607832 0.000894907 -0.411086	
19.7	0.00608179 0.00089283 -0.411084	
19.71	0.00608557 0.000889076 -0.411078	
19.72	0.00608745 0.000887836 -0.411076	
19.73	0.00609386 0.00088291 -0.41107	
19.74	0.00609511 0.000882469 -0.411069	
19.75	0.00610053 0.000877581 -0.411062	
19.76	0.00610371 0.000876314 -0.411061	
19.77	0.00610655 0.000874858 -0.411059	
19.78	0.00610974 0.000872939 -0.411057	
19.79	0.00611415 0.000870935 -0.411055	
19.8	0.00611661 0.000870366 -0.411054	
19.81	-0.175292 0.231605 -0.0337862	
19.82	-1.15013 1.48183 2.01052	
19.83	-1.93095 2.47776 3.63168	
19.84	-3.43643 4.39111 6.83015	
19.85	-4.028 5.12844 8.02796	
19.86	-3.31732 4.22391 6.47415	
19.87	-2.73245 3.47944 5.20547	
19.88	-2.24222 2.85527 4.18304	
19.89	-1.84659 2.35164 3.3368	
19.9	-1.51485 1.9292 2.65533	
19.91	-1.24382 1.58409 2.09618	
19.92	-1.01947 1.29837 1.64189	
19.93	-0.836083 1.06484 1.26928	
19.94	-0.684751 0.8721 0.965841	
19.95	-0.560532 0.71389 0.717748	
19.96	-0.459505 0.585229 0.513478	
19.97	-0.376247 0.47919 0.346962	
19.98	-0.308181 0.392501 0.210406	
19.99	-0.252118 0.321095 0.0990442	
20	-0.206551 0.263062 0.00730693	
20.01	-0.16935 0.215687 -0.0680096	
20.02	-0.138528 0.176428 -0.129153	
20.03	-0.113394 0.144416 -0.179397	
20.04	-0.0927742 0.118154 -0.220495	
20.05	-0.0759664 0.096748 -0.254278	
20.06	-0.0622022 0.0792183 -0.281945	
20.07	-0.0510125 0.0649686 -0.304731	
20.08	-0.0416662 0.0530635 -0.323118	
20.09	-0.0340732 0.0433928 -0.338271	
20.1	-0.0279087 0.0355423 -0.35076	
20.11	-0.0228222 0.0290639 -0.360932	
20.12	-0.0186696 0.0237753 -0.369283	
20.13	-0.0152784 0.0194564 -0.376136	
20.14	-0.012503 0.015922 -0.381753	
20.15	-0.0102238 0.0130192 -0.386343	
20.16	-0.00836601 0.0106534 -0.390117	
20.17	-0.00684106 0.00871132 -0.3932	
20.18	-0.00560224 0.00713382 -0.395742	
20.19	-0.00457853 0.00583009 -0.39781	
20.2	-0.00374385 0.00476716 -0.399508	
20.21	-0.00306359 0.00390092 -0.400904	
20.22	-0.00250872 0.00319439 -0.402051	
20.23	-0.00250752 0.00319284 -0.402049	
20.24	-0.0025053 0.00318998 -0.402047	
20.25	-0.00250306 0.0031871 -0.402044	
20.26	-0.00250005 0.00318322 -0.40204	
20.27	-0.00249854 0.00318127 -0.402038	
20.28	-0.0024973 0.00317968 -0.402037	
20.29	-0.002495 0.00317672 -0.402034	
20.3	-0.0024927 0.00317375 -0.402031	
20.31	-0.00248806 0.00316778 -0.402025	
20.32	-0.00248575 0.0031648 -0.402022	
20.33	-0.00248773 0.00316736 -0.402026	
20.34	-0.00248465 0.00316339 -0.402021	
20.35	-0.00248299 0.00316124 -0.40202	
20.36	-0.00247956 0.00315683 -0.402015	
20.37	-0.00247818 0.00315505 -0.402014	
20.38	-0.00247978 0.00315711 -0.402017	
20.39	-0.0024773 0.00315392 -0.402014	
20.4	-0.00247587 0.00315209 -0.402013	
20.41	-0.00247681 0.00315329 -0.402014	
20.42	-0.00247729 0.00315392 -0.402016	
20.43	-0.0024748 0.00315071 -0.402013	
20.44	-0.00247732 0.00315396 -0.402018	
20.45	-0.00247479 0.00315071 -0.402015	
20.46	-0.0024733 0.00314879 -0.402014	
20.47	-0.00247309 0.00314852 -0.402014	
20.48	-0.00247392 0.00314959 -0.402015	
20.49	-0.00247474 0.00315065 -0.402017	
20.5	-0.00247612 0.00315244 -0.40202	
20.51	-0.00247482 0.00315076 -0.402019	
20.52	-0.877382 1.4234 2.33457	
20.53	-1.10779 1.80743 3.06324	
20.54	-1.94412 3.21809 5.7644	
20.55	-2.62294 4.36784 7.95635	
20.56	-3.61972 6.07922 11.2903	
20.57	-4.02962 6.69876 12.5236	
20.58	-3.3241 5.52001 10.1468	
20.59	-2.73792 4.54274 8.21182	
20.6	-2.25423 3.73724 6.63267	
20.61	-1.85455 3.07254 5.34476	
20.62	-1.52578 2.52609 4.29164	
20.63	-1.25517 2.07672 3.4324	
20.64	-1.03154 1.70582 2.73124	
20.65	-0.848482 1.40221 2.15707	
20.66	-0.696388 1.15047 1.69001	
20.67	-0.571765 0.944235 1.30803	
20.68	3.93195 -6.86345 -9.85119	
20.69	3.2126 -5.60741 -8.15707	
20.7	2.62382 -4.57937 -6.76857	
20.71	2.14989 -3.75228 -5.6153	
20.72	1.75775 -3.06772 -4.67851	
20.73	11.6001 2.92771 -3.59048	
20.74	5.45585 1.56234 -1.87113	
20.75	4.46867 1.28053 -1.60744	
20.76	2.8951 0.884884 -1.15567	
20.77	-1.75732 -0.12735 0.245934	
20.78	-3.45709 -0.11368 1.24201	
20.79	-8.79488 1.6127 7.3821	
20.8	-10.8014 1.34662 8.43005	
20.81	-6.3877 5.86729 13.5152	
20.82	-5.72759 6.95605 16.2017	
20.83	-4.72867 5.75684 13.1297	
20.84	2.91184 -4.90918 -7.34275	
20.85	2.38577 -4.02214 -6.08577	
20.86	1.95303 -3.2927 -5.05959	
20.87	1.60404 -2.70378 -4.20929	
20.88	1.31469 -2.21592 -3.51926	
20.89	1.07892 -1.81828 -2.95218	
20.9	0.885138 -1.49151 -2.48872	
20.91	0.727014 -1.22482 -2.10824	
20.92	0.596882 -1.0054 -1.79758	
20.93	0.4908 -0.826476 -1.54236	
20.94	0.403202 -0.67881 -1.33452	
20.95	0.331267 -0.557577 -1.16474	
20.96	0.271924 -0.457617 -1.02648	
20.97	0.223626 -0.376224 -0.912654	
20.98	0.183723 -0.309022 -0.820108	
20.99	0.151148 -0.254148 -0.74409	
21	0.124184 -0.208763 -0.682396	
21.01	0.102286 -0.171879 -0.631482	
21.02	0.0841391 -0.14134 -0.590187	
21.03	0.0692274 -0.116251 -0.556456	
21.04	0.0569149 -0.095548 -0.529016	
21.05	0.0468194 -0.0785737 -0.506564	
21.06	0.0384583 -0.0645271 -0.488354	
21.07	0.0316207 -0.0530385 -0.473415	
21.08	0.0259614 -0.0435373 -0.461301	
21.09	0.0213209 -0.0357471 -0.451389	
21.1	0.0175122 -0.0293545 -0.443289	
21.11	0.0143583 -0.0240655 -0.436726	
21.12	0.125408 -0.154063 -0.808999	
21.13	13.3597 -21.9968 -13.4419	
21.14	11.5296 -16.5279 -11.7583	
21.15	9.69888 -12.5618 -9.96258	
21.16	8.03324 -9.64117 -8.29077	
21.17	6.60616 -7.48903 -6.858	
21.18	5.43693 -5.78368 -5.69015	
21.19	4.44761 -4.48455 -4.69911	
21.2	3.62332 -3.49239 -3.87525	
21.21	6.78224 -7.67598 -10.4502	
21.22	5.53469 -6.12517 -8.64806	
21.23	1.31016 0.432629 5.33336	
21.24	1.06591 0.431637 4.33685	
21.25	0.869782 0.408464 3.50669	
21.26	0.71684 0.384674 2.81745	
21.27	0.593259 0.34473 2.2419	
21.28	0.490891 0.311198 1.77121	
21.29	0.407355 0.276211 1.38193	
21.3	0.343028 0.245825 1.05853	
21.31	0.291304 0.212165 0.788691	
21.32	0.249109 0.183721 0.567135	
21.33	0.210748 0.1576 0.387878	
21.34	0.178443 0.133594 0.240671	
21.35	0.150112 0.112628 0.12123	
21.36	0.126405 0.0950103 0.0236666	
21.37	0.106545 0.0793862 -0.0563842	
21.38	0.0891567 0.0654397 -0.121444	
21.39	0.0747179 0.054649 -0.174251	
21.4	0.0623192 0.0454327 -0.217147	
21.41	0.0523411 0.0375242 -0.252609	
21.42	0.0433615 0.0306719 -0.281082	
21.43	0.035917 0.0250709 -0.304312	
21.44	0.0297749 0.0204622 -0.323307	
21.45	0.0245072 0.0168059 -0.338589	
21.46	0.0203481 0.0138899 -0.351211	
21.47	0.0167462 0.0114072 -0.361413	
21.48	0.0137924 0.00945363 -0.369727	
21.49	0.0113719 0.00777715 -0.376571	
21.5	0.00942857 0.00640506 -0.382212	
21.51	0.00777892 0.00531576 -0.386762	
21.52	0.00645909 0.00442966 -0.390514	
21.53	0.00531843 0.00366846 -0.393549	
21.54	0.00438708 0.00304279 -0.396038	
21.55	0.00364145 0.00253367 -0.398091	
21.56	0.00300366 0.00208064 -0.399764	
21.57	0.00247503 0.0017274 -0.40112	
21.58	0.00205365 0.00143755 -0.402242	
21.59	0.00168339 0.00117577 -0.403148	
21.6	0.00139535 0.000979545 -0.403897	
21.61	0.00115063 0.000804272 -0.404508	
21.62	0.000954331 0.000668933 -0.405009	
21.63	0.00078627 0.000544989 -0.405418	
21.64	0.000652516 0.00045451 -0.405752	
21.65	0.00054151 0.00037231 -0.406028	
21.66	0.000449309 0.000304989 -0.406253	
21.67	0.000373301 0.000252457 -0.406435	
21.68	0.000310653 0.00020385 -0.406587	
21.69	0.000317175 0.000207163 -0.406591	
21.7	0.000324204 0.000209014 -0.406597	
21.71	0.000329822 0.00020891 -0.406602	
21.72	0.000338327 0.00021001 -0.406609	
21.73	0.000347036 0.000213562 -0.406616	
21.74	0.000355546 0.000215569 -0.406623	
21.75	0.000364816 0.000215898 -0.406631	
21.76	0.000375728 0.000219716 -0.406639	
21.77	0.000383545 0.000222571 -0.406645	
21.78	0.00039531 0.000223878 -0.406655	
21.79	0.000405528 0.000223623 -0.406665	
21.8	0.000418322 0.000226682 -0.406675	
21.81	0.000429032 0.000229587 -0.406684	
21.82	0.000443208 0.00023337 -0.406695	
21.83	0.000453349 0.000233982 -0.406704	
21.84	0.00046371 0.000232971 -0.406714	
21.85	-3.38357 4.96299 8.39738	
21.86	-2.76134 4.05033 6.81566	
21.87	-2.24042 3.28631 5.53264	
21.88	-1.82076 2.67079 4.47179	
21.89	-1.48292 2.17524 3.5944	
21.9	0.516221 -0.90931 -8.89555	
21.91	1.40733 -1.73573 -9.68415	
21.92	1.1623 -1.38421 -8.09229	
21.93	0.959893 -1.11356 -6.7623	
21.94	0.791973 -0.901722 -5.65215	
21.95	0.652595 -0.720492 -4.7413	
21.96	0.538392 -0.582391 -3.9846	
21.97	0.444432 -0.477339 -3.35454	
21.98	0.366685 -0.39249 -2.83328	
21.99	0.30217 -0.32342 -2.40164	
22	0.249024 -0.266768 -2.04664	
22.01	0.205345 -0.221879 -1.75359	
22.02	0.169061 -0.183042 -1.51308	
22.03	0.139351 -0.154047 -1.31328	
22.04	0.114955 -0.132897 -1.1467	
22.05	0.0945762 -0.111599 -1.01226	
22.06	0.0777103 -0.0931476 -0.90227	
22.07	0.0638489 -0.0779654 -0.812016	
22.08	0.0524648 -0.0655177 -0.73795	
22.09	0.0430636 -0.0546789 -0.677545	
22.1	0.035298 -0.0449397 -0.628608	
22.11	0.0289704 -0.0374497 -0.588202	
22.12	0.0237329 -0.0306693 -0.555481	
22.13	0.0194455 -0.0251792 -0.52863	
22.14	0.0159299 -0.0206467 -0.506654	
22.15	0.0130358 -0.0167487 -0.488768	
22.16	0.0106641 -0.0135258 -0.474142	
22.17	0.00872789 -0.0109944 -0.462086	
22.18	0.00713941 -0.00887363 -0.452247	
22.19	0.00583884 -0.00713317 -0.444194	
22.2	0.00477143 -0.00569247 -0.437602	
22.21	0.00390203 -0.00457461 -0.432166	
22.22	0.00318774 -0.00364066 -0.42772	
22.23	0.00260621 -0.00291017 -0.424063	
22.24	0.00212732 -0.00228243 -0.421083	
22.25	0.00173597 -0.00178848 -0.418627	
22.26	0.00141499 -0.00137361 -0.416624	
22.27	0.00115471 -0.00106903 -0.41496	
22.28	0.000941533 -0.000824605 -0.413593	
22.29	0.000768703 -0.00064635 -0.41246	
22.3	0.000625766 -0.000485687 -0.41154	
22.31	0.000511054 -0.000381505 -0.410771	
22.32	0.000416222 -0.000286089 -0.410146	
22.33	0.000338973 -0.000213488 -0.409632	
22.34	0.000276358 -0.000162283 -0.409205	
22.35	0.000274878 -0.000145901 -0.409214	
22.36	0.000273056 -0.000128244 -0.409223	
22.37	0.000271148 -0.000109164 -0.409232	
22.38	0.000269977 -9.75985e-05 -0.409238	
22.39	0.000267994 -7.84072e-05 -0.409247	
22.4	0.000266693 -6.61202e-05 -0.409253	
22.41	0.000265625 -5.52551e-05 -0.409258	
22.42	0.000264172 -4.12007e-05 -0.409265	
22.43	0.000262409 -2.47466e-05 -0.409273	
22.44	0.00026099 -1.15124e-05 -0.409279	
22.45	0.000259224 5.84295e-06 -0.409288	
22.46	0.000257296 2.37586e-05 -0.409296	
22.47	0.000256006 3.58192e-05 -0.409301	
22.48	0.000254293 5.11131e-05 -0.409308	
22.49	0.000252682 6.5939e-05 -0.409315	
22.5	0.00025066 8.342e-05 -0.409322	
22.51	0.000249512 9.47508e-05 -0.409328	
22.52	0.000247548 0.00011126 -0.409334	
22.53	0.00024574 0.000126116 -0.40934	
22.54	0.000244153 0.000140021 -0.409346	
22.55	0.000242426 0.000154438 -0.409352	
22.56	0.00024023 0.000172137 -0.409359	
22.57	0.00023852 0.000186304 -0.409364	
22.58	0.000237223 0.000196801 -0.409368	
22.59	0.000235746 0.000208987 -0.409373	
22.6	0.000234422 0.000219512 -0.409377	
22.61	0.000233251 0.000228947 -0.409381	
22.62	0.000231914 0.000240519 -0.409385	
22.63	0.000230136 0.000254178 -0.40939	
22.64	0.000229049 0.000263748 -0.409394	
22.65	0.00022711 0.000278949 -0.4094	
22.66	0.000226312 0.000285745 -0.409403	
22.67	0.00022518 0.000294885 -0.409406	
22.68	0.000224044 0.000304463 -0.40941	
22.69	0.000223207 0.000311414 -0.409413	
22.7	0.000221422 0.00032537 -0.409418	
22.71	0.000220589 0.000331698 -0.40942	
22.72	0.00021959 0.000339695 -0.409423	
22.73	0.000218998 0.000344133 -0.409424	
22.74	0.000218209 0.000349782 -0.409426	
22.75	0.0002169 0.000359818 -0.409429	
22.76	0.000216754 0.00036107 -0.40943	
22.77	0.000216238 0.000364642 -0.409431	
22.78	0.00021547 0.000369659 -0.409432	
22.79	0.000215279 0.000371049 -0.409432	
22.8	0.000214392 0.000377384 -0.409434	
22.81	0.000213704 0.000382001 -0.409435	
22.82	0.00021329 0.000385714 -0.409437	
22.83	0.00021327 0.000385831 -0.409437	
22.84	0.000212638 0.000389809 -0.409438	
22.85	0.000212795 0.000388868 -0.409438	
22.86	0.000212874 0.000388275 -0.409438	
22.87	0.00021255 0.00039066 -0.409438	
22.88	0.000212828 0.000389181 -0.409438	
22.89	0.00021276 0.000390186 -0.409439	
22.9	0.000212903 0.000389354 -0.409439	
22.91	0.000212882 0.000390158 -0.40944	
22.92	0.000212306 0.000394388 -0.409441	
22.93	0.000212547 0.000393681 -0.409441	
22.94	0.000212215 0.00039654 -0.409443	
22.95	0.000211908 0.000398811 -0.409443	
22.96	0.000211901 0.000399429 -0.409444	
22.97	0.000211574 0.000402246 -0.409445	
22.98	0.00021106 0.000406293 -0.409447	
22.99	0.000210504 0.000410949 -0.409448	
23	0.000209918 0.000416169 -0.409451	
23.01	0.000209579 0.000419354 -0.409452	
23.02	0.000208099 0.000432195 -0.409458	
23.03	0.00020803 0.000433525 -0.409459	
23.04	0.00020692 0.000441825 -0.409461	
23.05	0.000205898 0.000449583 -0.409464	
23.06	0.000205027 0.000456654 -0.409467	
23.07	0.000204113 0.000463757 -0.409469	
23.08	0.000202543 0.000475003 -0.409473	
23.09	0.000201705 0.000481325 -0.409475	
23.1	0.000200381 0.000490623 -0.409477	
23.11	0.000199385 0.000497719 -0.409479	
23.12	0.000198293 0.000505983 -0.409482	
23.13	0.000197358 0.000512892 -0.409484	
23.14	0.000196564 0.000519035 -0.409487	
23.15	0.000196087 0.000522432 -0.409488	
23.16	0.000195121 0.000529493 -0.40949	
23.17	0.000194901 0.000531396 -0.409491	
23.18	0.000194501 0.000534585 -0.409492	
23.19	0.000194183 0.000537224 -0.409493	
23.2	0.000193879 0.00053963 -0.409494	
23.21	0.000193986 0.00053966 -0.409494	
23.22	0.000193534 0.000542833 -0.409495	
23.23	0.000192899 0.000547286 -0.409496	
23.24	0.000192516 0.000550348 -0.409498	
23.25	0.000192635 0.00055002 -0.409498	
23.26	0.000193021 0.000547903 -0.409498	
23.27	0.00019289 0.00054894 -0.409498	
23.28	0.000192961 0.000549147 -0.409499	
23.29	0.000193544 0.000545857 -0.409498	
23.3	0.000194004 0.000543216 -0.409498	
23.31	0.000195874 0.000531428 -0.409496	
23.32	0.000199847 0.000505498 -0.40949	
23.33	0.000200078 0.000504599 -0.40949	
23.34	0.000198269 0.000517028 -0.409493	
23.35	0.0001986 0.000515382 -0.409493	
23.36	0.00019796 0.000520023 -0.409495	
23.37	0.000197652 0.000522296 -0.409495	
23.38	0.000197098 0.000526275 -0.409497	
23.39	0.000195603 0.000536401 -0.409499	
23.4	0.000194572 0.000543279 -0.409501	
23.41	0.000193167 0.000552579 -0.409503	
23.42	0.000192372 0.000557939 -0.409504	
23.43	0.000191765 0.000561987 -0.409505	
23.44	0.000190898 0.000567678 -0.409507	
23.45	0.00019047 0.000570587 -0.409508	
23.46	0.000189905 0.000574195 -0.409508	
23.47	0.000188966 0.000580203 -0.40951	
23.48	0.000188243 0.000584892 -0.409511	
23.49	0.000187866 0.00058731 -0.409511	
23.5	0.000187761 0.000588009 -0.409511	
23.51	0.00018806 0.000586127 -0.409511	
23.52	0.000241475 0.00021208 -0.409405	
23.53	0.000241938 0.000208482 -0.409404	
23.54	0.000242072 0.000207441 -0.409404	
23.55	0.000242272 0.00020587 -0.409403	
23.56	0.000242373 0.000205079 -0.409403	
23.57	0.000242542 0.000203755 -0.409402	
23.58	0.000242745 0.000202154 -0.409402	
23.59	0.000242881 0.00020108 -0.409401	
23.6	0.000243258 0.0001981 -0.4094	
23.61	0.000243292 0.000197827 -0.4094	
23.62	0.000243465 0.000196457 -0.4094	
23.63	0.000243499 0.000196182 -0.4094	
23.64	0.000243603 0.000195355 -0.409399	
23.65	0.000243777 0.00019397 -0.409399	
23.66	0.000243811 0.000193692 -0.409399	
23.67	0.000243811 0.000193692 -0.409399	
23.68	0.000243916 0.000192857 -0.409398	
23.69	0.000244021 0.000192018 -0.409398	
23.7	0.000244021 0.000192018 -0.409398	
23.71	0.000244056 0.000191738 -0.409398	
23.72	0.000244091 0.000191457 -0.409398	
23.73	0.000244091 0.000191457 -0.409398	
23.74	0.000244091 0.000191457 -0.409398	
23.75	0.000244091 0.000191457 -0.409398	
23.76	0.000244056 0.000191738 -0.409398	
23.77	0.000243881 0.000193135 -0.409399	
23.78	0.000243811 0.000193692 -0.409399	
23.79	0.000244805 0.000185661 -0.409396	
23.8	0.000244829 0.000185422 -0.409396	
23.81	0.000242813 0.000201618 -0.409402	
23.82	0.000242643 0.000202956 -0.409402	
23.83	0.000242005 0.000207962 -0.409404	
23.84	0.000241905 0.000208741 -0.409404	
23.85	0.000241679 0.000210443 -0.409405	
23.86	0.000241759 0.000209709 -0.409404	
23.87	0.000241906 0.000208442 -0.409404	
23.88	0.000242257 0.000205651 -0.409403	
23.89	0.000242714 0.000201897 -0.409401	
23.9	0.000242472 0.00020367 -0.409402	
23.91	0.000242595 0.000202621 -0.409402	
23.92	0.000239443 0.000227449 -0.409411	
23.93	0.000238858 0.000231813 -0.409412	
23.94	0.000238998 0.000230533 -0.409411	
23.95	0.000239135 0.000229493 -0.409411	
23.96	0.000238522 0.000234131 -0.409413	
23.97	0.000238344 0.000235549 -0.409413	
23.98	0.000238001 0.000237908 -0.409414	
23.99	0.000237389 0.000242626 -0.409415	
24	0.000237541 0.000241475 -0.409415	
24.01	0.000237405 0.000242313 -0.409415	
24.02	0.000237156 0.00024408 -0.409416	
24.03	0.000237049 0.000244683 -0.409416	
24.04	0.000237158 0.000243833 -0.409415	
24.05	0.000236613 0.000247888 -0.409417	
24.06	0.000236838 0.000246066 -0.409416	
24.07	0.000236653 0.000247341 -0.409416	
24.08	0.000236882 0.000245485 -0.409416	
24.09	0.000236728 0.000246545 -0.409416	
24.1	0.000235776 0.00025363 -0.409418	
24.11	0.000235649 0.000254488 -0.409419	
24.12	0.000235106 0.000258647 -0.40942	
24.13	0.000234565 0.00026259 -0.409421	
24.14	0.000234884 0.000259935 -0.40942	
24.15	0.000235249 0.00025716 -0.409419	
24.16	0.000234736 0.000260912 -0.40942	
24.17	0.000234635 0.000261773 -0.409421	
24.18	0.00023459 0.000261874 -0.409421	
24.19	0.000234565 0.000262032 -0.409421	
24.2	0.000234074 0.000265828 -0.409422	
24.21	0.000234394 0.000263355 -0.409421	
24.22	0.00023442 0.000262975 -0.409421	
24.23	0.000234349 0.000263441 -0.409421	
24.24	0.000234349 0.000263441 -0.409421	
24.25	0.000234301 0.000263749 -0.409421	
24.26	0.000234277 0.000263902 -0.409421	
24.27	0.000234253 0.000264055 -0.409421	
24.28	0.00023423 0.000264208 -0.409421	
24.29	0.000234182 0.000264511 -0.409421	
24.3	0.000234182 0.000264511 -0.409421	
24.31	0.000234159 0.000264663 -0.409421	
24.32	0.000234088 0.000265114 -0.409421	
24.33	0.000233833 0.000266733 -0.409422	
24.34	0.000232739 0.000273409 -0.409423	
24.35	0.000232513 0.000274726 -0.409423	
24.36	0.000231219 0.000281709 -0.409423	
24.37	0.000230869 0.000283392 -0.409423	
24.38	0.000230525 0.000284932 -0.409423	
24.39	0.000230148 0.000286455 -0.409423	
24.4	0.000229552 0.000290107 -0.409423	
24.41	0.000229893 0.000287364 -0.409422	
24.42	0.000229717 0.000287923 -0.409422	
24.43	0.000229717 0.000287923 -0.409422	
24.44	0.000229393 0.000288758 -0.409421	
24.45	0.000229393 0.000288758 -0.409421	
24.46	0.000229339 0.000288868 -0.409421	
24.47	0.000228307 0.000294704 -0.409422	
24.48	0.00022826 0.000294309 -0.409421	
24.49	0.00022781 0.00029686 -0.409421	
24.5	0.00022736 0.000299847 -0.409422	
24.51	0.000227316 0.000299853 -0.409422	
24.52	0.000227298 0.000299397 -0.409421	
24.53	0.000226849 0.000302361 -0.409422	
24.54	0.000226823 0.000302349 -0.409422	
24.55	0.00022639 0.00030485 -0.409422	
24.56	0.00022638 0.000304377 -0.409422	
24.57	0.000226357 0.00030482 -0.409422	
24.58	0.000226341 0.000304802 -0.409422	
24.59	0.000225923 0.000307308 -0.409422	
24.6	0.0002259 0.000307748 -0.409423	
24.61	0.000225899 0.000307276 -0.409422	
24.62	0.000225891 0.000307264 -0.409422	
24.63	0.000225459 0.000310691 -0.409423	
24.64	0.000225457 0.000310216 -0.409423	
24.65	0.00022545 0.000310203 -0.409423	
24.66	0.000225442 0.00031019 -0.409423	
24.67	0.000225434 0.000310175 -0.409423	
24.68	0.00022544 0.000309711 -0.409422	
24.69	0.000225427 0.000310161 -0.409423	
24.7	0.000225419 0.000310145 -0.409423	
24.71	0.000225419 0.000310145 -0.409423	
24.72	0.000225425 0.000309681 -0.409422	
24.73	0.000224993 0.000313109 -0.409423	
24.74	0.000225417 0.000309665 -0.409422	
24.75	0.000225417 0.000309665 -0.409422	
24.76	0.000225412 0.00031013 -0.409423	
24.77	0.000225404 0.000310113 -0.409423	
24.78	0.00022541 0.000309649 -0.409422	
24.79	0.000225397 0.000310097 -0.409422	
24.8	0.000225404 0.000310113 -0.409423	
24.81	0.000225397 0.000310097 -0.409422	
24.82	0.000225397 0.000310097 -0.409422	
24.83	0.000225397 0.000310097 -0.409422	
24.84	0.000224983 0.000312611 -0.409423	
24.85	0.000225402 0.000309632 -0.409422	
24.86	0.000225402 0.000309632 -0.409422	
24.87	0.000225402 0.000309632 -0.409422	
24.88	0.00022539 0.00031008 -0.409422	
24.89	0.00022539 0.00031008 -0.409422	
24.9	0.000224963 0.000313041 -0.409423	
24.91	0.000224971 0.000313059 -0.409423	
24.92	0.00022539 0.00031008 -0.409422	
24.93	0.000224971 0.000313059 -0.409423	
24.94	0.000224963 0.000313041 -0.409423	
24.95	0.000225382 0.000310062 -0.409422	
24.96	0.000225395 0.000309615 -0.409422	
24.97	0.000225395 0.000309615 -0.409422	
24.98	0.00022539 0.00031008 -0.409422	
24.99	0.00022539 0.00031008 -0.409422	
25	0.000224968 0.000312576 -0.409423	
25.01	0.000225388 0.000309597 -0.409422	
25.02	0.00022539 0.00031008 -0.409422	
25.03	0.000225382 0.000310062 -0.409422	
25.04	0.000225388 0.000309597 -0.409422	
25.05	0.000224968 0.000312576 -0.409423	
25.06	0.000225382 0.000310062 -0.409422	
25.07	0.000225395 0.000309615 -0.409422	
25.08	0.000225382 0.000310062 -0.409422	
25.09	0.000224968 0.000312576 -0.409423	
25.1	0.000224963 0.000313041 -0.409423	
25.11	0.000225382 0.000310062 -0.409422	
25.12	0.000225382 0.000310062 -0.409422	
25.13	0.000225388 0.000309597 -0.409422	
25.14	0.000225395 0.000309615 -0.409422	
25.15	0.000225395 0.000309615 -0.409422	
25.16	0.000225395 0.000309615 -0.409422	
25.17	0.000225388 0.000309597 -0.409422	
25.18	0.000225388 0.000309597 -0.409422	
25.19	0.000225388 0.000309597 -0.409422	
25.2	0.000225395 0.000309615 -0.409422	
25.21	0.000225388 0.000309597 -0.409422	
25.22	0.000224963 0.000313041 -0.409423	
25.23	0.000224956 0.000313023 -0.409423	
25.24	0.000225388 0.000309597 -0.409422	
25.25	0.000225382 0.000310062 -0.409422	
25.26	0.000225382 0.000310062 -0.409422	
25.27	0.000225382 0.000310062 -0.409422	
25.28	0.000224963 0.000313041 -0.409423	
25.29	0.00022539 0.00031008 -0.409422	
25.3	0.000225388 0.000309597 -0.409422	
25.31	0.000224963 0.000313041 -0.409423	
25.32	0.000225382 0.000310062 -0.409422	
25.33	0.000225388 0.000309597 -0.409422	
25.34	0.000225382 0.000310062 -0.409422	
25.35	0.000225388 0.000309597 -0.409422	
25.36	0.000225382 0.000310062 -0.409422	
25.37	0.000224963 0.000313041 -0.409423	
25.38	0.000225382 0.000310062 -0.409422	
25.39	0.000224963 0.000313041 -0.409423	
25.4	0.000224963 0.000313041 -0.409423	
25.41	0.000225388 0.000309597 -0.409422	
25.42	0.00022538 0.000309579 -0.409422	
25.43	0.000224956 0.000313023 -0.409423	
25.44	0.000225388 0.000309597 -0.409422	
25.45	0.000225388 0.000309597 -0.409422	
25.46	0.000225388 0.000309597 -0.409422	
25.47	0.000225388 0.000309597 -0.409422	
25.48	0.000225382 0.000310062 -0.409422	
25.49	0.000225388 0.000309597 -0.409422	
25.5	0.000225388 0.000309597 -0.409422	
25.51	0.000225388 0.000309597 -0.409422	
25.52	0.000225382 0.000310062 -0.409422	
25.53	0.000225388 0.000309597 -0.409422	
25.54	0.000224961 0.000312557 -0.409423	
25.55	0.000225382 0.000310062 -0.409422	
25.56	0.000225375 0.000310044 -0.409422	
25.57	0.000224956 0.000313023 -0.409423	
25.58	0.000224968 0.000312576 -0.409423	
25.59	0.000225382 0.000310062 -0.409422	
25.6	0.000225382 0.000310062 -0.409422	
25.61	0.000225382 0.000310062 -0.409422	
25.62	0.000224961 0.000312557 -0.409423	
25.63	0.00022538 0.000309579 -0.409422	
25.64	0.000225388 0.000309597 -0.409422	
25.65	0.00022538 0.000309579 -0.409422	
25.66	0.000225388 0.000309597 -0.409422	
25.67	0.000225388 0.000309597 -0.409422	
25.68	0.000225388 0.000309597 -0.409422	
25.69	0.000225388 0.000309597 -0.409422	
25.7	0.000225382 0.000310062 -0.409422	
25.71	0.000225382 0.000310062 -0.409422	
25.72	0.000225388 0.000309597 -0.409422	
25.73	0.000225382 0.000310062 -0.409422	
25.74	0.000225388 0.000309597 -0.409422	
25.75	0.000225382 0.000310062 -0.409422	
25.76	0.000225388 0.000309597 -0.409422	
25.77	0.000225388 0.000309597 -0.409422	
25.78	0.000225388 0.000309597 -0.409422	
