# Gnuplot File : positions of 1 particle(s) Monitored
# 1st Column : time, others : particle(s) number 0 
0.01	6.85853 30.074 -8.46737	
0.02	6.85853 30.074 -8.46797	
0.03	6.86511 30.0741 -8.4684	
0.04	6.8596 30.0741 -8.46871	
0.05	6.85853 30.074 -8.4692	
0.06	6.86511 30.0741 -8.46941	
0.07	6.85853 30.074 -8.4697	
0.08	6.86511 30.0741 -8.46981	
0.09	6.85853 30.074 -8.47003	
0.1	6.85853 30.074 -8.47015	
0.11	6.8596 30.0741 -8.47009	
0.12	6.85853 30.074 -8.47033	
0.13	6.86403 30.0741 -8.4705	
0.14	6.85853 30.074 -8.47045	
0.15	6.86511 30.0741 -8.47044	
0.16	6.85853 30.074 -8.47054	
0.17	6.85853 30.0715 -8.47858	
0.18	6.85853 30.074 -8.47059	
0.19	6.8651 30.0717 -8.47856	
0.2	6.86511 30.0741 -8.47056	
0.21	6.85853 30.074 -8.47064	
0.22	6.86511 30.0741 -8.47059	
0.23	6.86511 30.0741 -8.4706	
0.24	6.85853 30.074 -8.47067	
0.25	6.86511 30.0741 -8.47061	
0.26	6.85853 30.074 -8.47068	
0.27	6.86511 30.0741 -8.47062	
0.28	6.8596 30.0741 -8.47052	
0.29	6.85853 30.074 -8.47069	
0.3	6.86511 30.0741 -8.47063	
0.31	6.85853 30.074 -8.47069	
0.32	6.86511 30.0741 -8.47063	
0.33	6.85853 30.074 -8.47069	
0.34	6.86511 30.0741 -8.47063	
0.35	6.86511 30.0741 -8.47063	
0.36	6.85853 30.074 -8.47069	
0.37	6.85853 30.074 -8.47069	
0.38	6.8651 30.0717 -8.47864	
0.39	6.85853 30.074 -8.47069	
0.4	6.86511 30.0741 -8.47063	
0.41	6.86511 30.0741 -8.47063	
0.42	6.86511 30.0741 -8.47063	
0.43	6.86511 30.0741 -8.47063	
0.44	6.85853 30.074 -8.47069	
0.45	6.85853 30.074 -8.47069	
0.46	6.85853 30.074 -8.47069	
0.47	6.85853 30.074 -8.47069	
0.48	6.86511 30.0741 -8.47063	
0.49	6.85853 30.074 -8.47069	
0.5	6.85853 30.074 -8.47069	
0.51	6.85853 30.074 -8.47069	
0.52	6.85853 30.074 -8.47069	
0.53	6.86511 30.0741 -8.47063	
0.54	6.85853 30.074 -8.47069	
0.55	6.86511 30.0741 -8.47063	
0.56	6.86511 30.0741 -8.47063	
0.57	6.85853 30.074 -8.47069	
0.58	6.85853 30.074 -8.47069	
0.59	6.86511 30.0741 -8.47063	
0.6	6.85853 30.074 -8.47069	
0.61	6.86511 30.0741 -8.47063	
0.62	6.8651 30.0717 -8.47864	
0.63	6.86511 30.0741 -8.47063	
0.64	6.85853 30.074 -8.47069	
0.65	6.85853 30.074 -8.47069	
0.66	6.85853 30.074 -8.47069	
0.67	6.86511 30.0741 -8.47063	
0.68	6.85853 30.074 -8.47069	
0.69	6.86511 30.0741 -8.47063	
0.7	6.85853 30.074 -8.47069	
0.71	6.86402 30.0716 -8.4788	
0.72	6.8651 30.0717 -8.47864	
0.73	6.85853 30.074 -8.47069	
0.74	6.85853 30.074 -8.47069	
0.75	6.86511 30.0741 -8.47063	
0.76	6.86511 30.0741 -8.47063	
0.77	6.86511 30.0766 -8.46262	
0.78	6.8651 30.0717 -8.47864	
0.79	6.86511 30.0741 -8.47063	
0.8	6.85853 30.074 -8.47069	
0.81	6.85853 30.074 -8.47069	
0.82	6.86511 30.0741 -8.47063	
0.83	6.86511 30.0741 -8.47063	
0.84	6.85853 30.074 -8.47069	
0.85	6.85853 30.074 -8.47069	
0.86	6.8596 30.0741 -8.47053	
0.87	6.85853 30.074 -8.47069	
0.88	6.85853 30.074 -8.47069	
0.89	6.86511 30.0741 -8.47063	
0.9	6.86511 30.0741 -8.47063	
0.91	6.85853 30.074 -8.47069	
0.92	6.86511 30.0741 -8.47063	
0.93	6.86511 30.0741 -8.47063	
0.94	6.8651 30.0717 -8.47864	
0.95	6.85853 30.074 -8.47069	
0.96	6.86511 30.0741 -8.47063	
0.97	6.86511 30.0741 -8.47063	
0.98	6.85853 30.074 -8.47069	
0.99	6.85853 30.074 -8.47069	
1	6.86511 30.0741 -8.47063	
1.01	6.85745 30.0739 -8.47086	
1.02	6.86511 30.0741 -8.47063	
1.03	6.85853 30.074 -8.47069	
1.04	6.86511 30.0741 -8.47063	
1.05	6.85853 30.074 -8.47069	
1.06	6.85853 30.074 -8.47069	
1.07	6.85745 30.0715 -8.47887	
1.08	6.85853 30.074 -8.47069	
1.09	6.85853 30.074 -8.47069	
1.1	6.85853 30.0715 -8.4787	
1.11	6.85853 30.074 -8.47069	
1.12	6.85853 30.074 -8.47069	
1.13	6.85853 30.074 -8.47069	
1.14	6.86511 30.0741 -8.47063	
1.15	6.85853 30.074 -8.47069	
1.16	6.86511 30.0741 -8.47063	
1.17	6.85853 30.074 -8.47069	
1.18	6.85853 30.074 -8.47069	
1.19	6.8651 30.0717 -8.47864	
1.2	6.85853 30.074 -8.47069	
1.21	6.8651 30.0717 -8.47864	
1.22	6.8596 30.0741 -8.47053	
1.23	6.86511 30.0741 -8.47063	
1.24	6.85853 30.074 -8.47069	
1.25	6.86511 30.0741 -8.47063	
1.26	6.86511 30.0741 -8.47063	
1.27	6.85853 30.074 -8.47069	
1.28	6.85853 30.074 -8.47069	
1.29	6.86511 30.0741 -8.47063	
1.3	6.86511 30.0741 -8.47063	
1.31	6.85853 30.074 -8.47069	
1.32	6.85853 30.074 -8.47069	
1.33	6.8596 30.0741 -8.47053	
1.34	6.86511 30.0741 -8.47063	
1.35	6.86511 30.0741 -8.47063	
1.36	6.85745 30.0739 -8.47086	
1.37	6.85853 30.074 -8.47069	
1.38	6.86511 30.0741 -8.47063	
1.39	6.86511 30.0741 -8.47063	
1.4	6.86511 30.0741 -8.47063	
1.41	6.85853 30.074 -8.47069	
1.42	6.85853 30.074 -8.47069	
1.43	6.8596 30.0741 -8.47053	
1.44	6.85853 30.074 -8.47069	
1.45	6.86511 30.0741 -8.47063	
1.46	6.86402 30.0716 -8.4788	
1.47	6.85853 30.074 -8.47069	
1.48	6.85853 30.074 -8.47069	
1.49	6.85853 30.074 -8.47069	
1.5	6.85853 30.074 -8.47069	
1.51	6.85853 30.074 -8.47069	
1.52	6.85853 30.074 -8.47069	
1.53	6.85853 30.074 -8.47069	
1.54	6.85853 30.074 -8.47069	
1.55	6.86511 30.0741 -8.47063	
1.56	6.85853 30.074 -8.47069	
1.57	6.86511 30.0741 -8.47063	
1.58	6.85853 30.074 -8.47069	
1.59	6.86511 30.0741 -8.47063	
1.6	6.86511 30.0741 -8.47063	
1.61	6.85853 30.074 -8.47069	
1.62	6.85853 30.074 -8.47069	
1.63	6.85853 30.074 -8.47069	
1.64	6.86511 30.0741 -8.47063	
1.65	6.86511 30.0741 -8.47063	
1.66	6.86511 30.0741 -8.47063	
1.67	6.86511 30.0741 -8.47063	
1.68	6.8596 30.0765 -8.46252	
1.69	6.85853 30.074 -8.47069	
1.7	6.85853 30.074 -8.47069	
1.71	6.85853 30.074 -8.47069	
1.72	6.85853 30.074 -8.47069	
1.73	6.86511 30.0741 -8.47063	
1.74	6.85853 30.074 -8.47069	
1.75	6.85853 30.074 -8.47069	
1.76	6.85853 30.074 -8.47069	
1.77	6.85853 30.074 -8.47069	
1.78	6.85853 30.074 -8.47069	
1.79	6.86511 30.0741 -8.47063	
1.8	6.86511 30.0741 -8.47063	
1.81	6.85853 30.074 -8.47069	
1.82	6.85853 30.074 -8.47069	
1.83	6.85853 30.074 -8.47069	
1.84	6.85853 30.074 -8.47069	
1.85	6.8596 30.0741 -8.47053	
1.86	6.8651 30.0717 -8.47864	
1.87	6.85853 30.074 -8.47069	
1.88	6.85853 30.074 -8.47069	
1.89	6.85853 30.074 -8.47069	
1.9	6.86511 30.0741 -8.47063	
1.91	6.86511 30.0741 -8.47063	
1.92	6.85853 30.074 -8.47069	
1.93	6.85853 30.074 -8.47069	
1.94	6.8596 30.0741 -8.47053	
1.95	6.8596 30.0716 -8.47854	
1.96	6.85853 30.074 -8.47069	
1.97	6.85853 30.074 -8.47069	
1.98	6.85853 30.0715 -8.4787	
1.99	6.85853 30.074 -8.47069	
2	6.85853 30.0715 -8.4787	
2.01	6.8651 30.0717 -8.47864	
2.02	6.86511 30.0741 -8.47063	
2.03	6.86511 30.0741 -8.47063	
2.04	6.86511 30.0741 -8.47063	
2.05	6.86511 30.0741 -8.47063	
2.06	6.86511 30.0741 -8.47063	
2.07	6.85853 30.074 -8.47069	
2.08	6.85853 30.074 -8.47069	
2.09	6.86511 30.0741 -8.47063	
2.1	6.85853 30.074 -8.47069	
2.11	6.85853 30.074 -8.47069	
2.12	6.85853 30.074 -8.47069	
2.13	6.85853 30.074 -8.47069	
2.14	6.86511 30.0741 -8.47063	
2.15	6.85853 30.074 -8.47069	
2.16	6.85853 30.074 -8.47069	
2.17	6.85853 30.074 -8.47069	
2.18	6.86511 30.0741 -8.47063	
2.19	6.86402 30.0716 -8.4788	
2.2	6.8651 30.0717 -8.47864	
2.21	6.8651 30.0717 -8.47864	
2.22	6.86511 30.0741 -8.47063	
2.23	6.86511 30.0741 -8.47063	
2.24	6.86511 30.0741 -8.47063	
2.25	6.86511 30.0741 -8.47063	
2.26	6.86511 30.0741 -8.47063	
2.27	6.86511 30.0741 -8.47063	
2.28	6.8651 30.0717 -8.47864	
2.29	6.86511 30.0741 -8.47063	
2.3	6.86511 30.0741 -8.47063	
2.31	6.86511 30.0741 -8.47063	
2.32	6.86511 30.0741 -8.47063	
2.33	6.85853 30.074 -8.47069	
2.34	6.85853 30.074 -8.47069	
2.35	6.86511 30.0741 -8.47063	
2.36	6.86511 30.0741 -8.47063	
2.37	6.86511 30.0741 -8.47063	
2.38	6.86511 30.0741 -8.47063	
2.39	6.85853 30.074 -8.47069	
2.4	6.86511 30.0741 -8.47063	
2.41	6.86403 30.0741 -8.47079	
2.42	6.85745 30.0715 -8.47887	
2.43	6.86402 30.0716 -8.4788	
2.44	6.86402 30.0716 -8.4788	
2.45	6.85853 30.074 -8.47069	
2.46	6.86511 30.0741 -8.47063	
2.47	6.86511 30.0741 -8.47063	
2.48	6.86511 30.0741 -8.47063	
2.49	6.86511 30.0741 -8.47063	
2.5	6.8596 30.0741 -8.47053	
2.51	6.85853 30.074 -8.47069	
2.52	6.86511 30.0741 -8.47063	
2.53	6.86511 30.0741 -8.47063	
2.54	6.86511 30.0741 -8.47063	
2.55	6.8651 30.0717 -8.47864	
2.56	6.86403 30.0741 -8.47079	
2.57	6.86511 30.0741 -8.47063	
2.58	6.85853 30.074 -8.47069	
2.59	6.85853 30.074 -8.47069	
2.6	6.85853 30.074 -8.47069	
2.61	6.85853 30.074 -8.47069	
2.62	6.86511 30.0741 -8.47063	
2.63	6.85853 30.074 -8.47069	
2.64	6.8596 30.0741 -8.47053	
2.65	6.8541 30.074 -8.47043	
2.66	6.85626 30.0741 -8.47011	
2.67	6.85183 30.0741 -8.46986	
2.68	6.85614 30.0744 -8.46924	
2.69	6.8528 30.0744 -8.46886	
2.7	6.84946 30.0744 -8.46848	
2.71	6.84615 30.072 -8.47613	
2.72	6.87461 30.0753 -8.46758	
2.73	6.87677 30.0754 -8.46731	
2.74	6.88444 30.0756 -8.46712	
2.75	6.88552 30.0757 -8.46698	
2.76	6.88435 30.0758 -8.46639	
2.77	6.88544 30.0734 -8.47428	
2.78	6.88651 30.0759 -8.46614	
2.79	6.87994 30.0734 -8.4742	
2.8	6.87228 30.0732 -8.47439	
2.81	6.86689 30.0704 -8.48304	
2.82	6.8604 30.07 -8.48386	
2.83	6.86715 30.0746 -8.46942	
2.84	6.84764 30.0735 -8.47143	
2.85	6.83047 30.0697 -8.48231	
2.86	6.81992 30.0709 -8.47741	
2.87	6.805 30.0696 -8.48046	
2.88	6.76775 30.0661 -8.48765	
2.89	6.75123 30.0636 -8.4936	
2.9	6.7356 30.0641 -8.49008	
2.91	6.70978 30.0579 -8.50613	
2.92	6.69791 30.0555 -8.51225	
2.93	6.67562 30.0518 -8.52042	
2.94	6.65305 30.0485 -8.52688	
2.95	6.6332 30.0448 -8.53517	
2.96	6.63024 30.0442 -8.53646	
2.97	6.61262 30.0406 -8.54438	
2.98	6.59616 30.0371 -8.5522	
2.99	6.57799 30.0329 -8.56133	
3	6.56383 30.0295 -8.56881	
3.01	6.5554 30.0274 -8.57342	
3.02	6.53702 29.9373 -8.60636	
3.03	6.52226 29.8486 -8.6154	
3.04	6.50382 29.7669 -8.61793	
3.05	6.48631 29.7003 -8.60029	
3.06	6.46615 29.6218 -8.58944	
3.07	6.44862 29.5663 -8.56713	
3.08	6.43183 29.4999 -8.52202	
3.09	6.41764 29.4444 -8.47473	
3.1	6.40515 29.3837 -8.43018	
3.11	6.39832 29.3216 -8.4047	
3.12	6.38629 29.255 -8.35355	
3.13	6.381 29.1927 -8.31733	
3.14	6.37567 29.1263 -8.2796	
3.15	6.36516 29.0409 -8.22952	
3.16	6.35453 28.9579 -8.1736	
3.17	6.34994 28.8907 -8.12748	
3.18	6.34548 28.8037 -8.07332	
3.19	6.33479 28.7337 -8.02186	
3.2	6.3373 28.6521 -7.95655	
3.21	6.31994 28.5565 -7.88609	
3.22	6.31535 28.4682 -7.81388	
3.23	6.30385 28.3858 -7.74874	
3.24	6.29796 28.2827 -7.67805	
3.25	6.28552 28.1891 -7.62766	
3.26	6.26712 28.0893 -7.5463	
3.27	6.2607 27.9827 -7.47256	
3.28	6.24741 27.8843 -7.41013	
3.29	6.24042 27.7812 -7.3594	
3.3	6.22569 27.6595 -7.29339	
3.31	6.21149 27.5381 -7.21578	
3.32	6.20367 27.3926 -7.15804	
3.33	6.18765 27.2658 -7.08995	
3.34	6.17375 27.1602 -7.02778	
3.35	6.15784 27.0397 -6.9745	
3.36	6.14293 26.8705 -6.89596	
3.37	6.12658 26.7572 -6.82656	
3.38	6.11974 26.6422 -6.76022	
3.39	6.10486 26.4993 -6.67578	
3.4	6.09559 26.3558 -6.60333	
3.41	6.08855 26.2627 -6.55174	
3.42	6.07293 26.0858 -6.44678	
3.43	6.06613 25.9612 -6.37261	
3.44	6.05109 25.8289 -6.30905	
3.45	6.0433 25.6657 -6.23341	
3.46	6.03679 25.5497 -6.15835	
3.47	6.03191 25.3975 -6.07846	
3.48	6.01773 25.2324 -5.99888	
3.49	6.01348 25.1045 -5.92888	
3.5	6.00944 24.9804 -5.85265	
3.51	5.9977 24.8166 -5.7732	
3.52	5.99119 24.6942 -5.70021	
3.53	5.99111 24.56 -5.59638	
3.54	5.98764 24.4039 -5.49891	
3.55	5.97951 24.2598 -5.39592	
3.56	5.96872 24.1039 -5.30016	
3.57	5.96966 23.956 -5.2042	
3.58	5.97893 23.8415 -5.11945	
3.59	5.97641 23.6826 -4.99179	
3.6	5.97509 23.5559 -4.90126	
3.61	5.98095 23.4143 -4.7927	
3.62	5.99177 23.2847 -4.68158	
3.63	6.00248 23.1403 -4.58031	
3.64	6.01343 23.0292 -4.49968	
3.65	6.04456 22.8947 -4.40578	
3.66	6.06529 22.7467 -4.32178	
3.67	6.0991 22.6238 -4.25755	
3.68	6.12755 22.4787 -4.17822	
3.69	6.14653 22.333 -4.08915	
3.7	6.16684 22.2049 -4.01662	
3.71	6.17665 22.0628 -3.92289	
3.72	6.19802 21.9225 -3.82815	
3.73	6.20687 21.7965 -3.73819	
3.74	6.2211 21.6456 -3.62722	
3.75	6.2262 21.5256 -3.53651	
3.76	6.23615 21.4001 -3.44064	
3.77	6.25303 21.2281 -3.31005	
3.78	6.26701 21.1252 -3.19966	
3.79	6.27887 20.9969 -3.06598	
3.8	6.29943 20.8693 -2.92653	
3.81	6.30918 20.7362 -2.77975	
3.82	6.31767 20.6097 -2.66425	
3.83	6.33587 20.4696 -2.5133	
3.84	6.34586 20.3425 -2.36488	
3.85	6.3505 20.2339 -2.23341	
3.86	6.3689 20.0682 -2.06026	
3.87	6.38098 19.9378 -1.90967	
3.88	6.36122 19.7954 -1.74755	
3.89	6.37907 19.6316 -1.58941	
3.9	6.39587 19.4056 -1.3533	
3.91	6.42152 19.1756 -1.11006	
3.92	6.44709 18.9327 -0.868825	
3.93	6.46913 18.7551 -0.664173	
3.94	6.4831 18.5202 -0.41104	
3.95	6.50152 18.331 -0.213087	
3.96	6.53019 18.0787 -0.134532	
3.97	6.56238 17.8847 0.115671	
3.98	6.67601 17.6656 0.479226	
3.99	6.52323 17.3929 0.778856	
4	6.64665 17.1457 1.00256	
4.01	6.73472 16.9075 1.40632	
4.02	6.80319 16.5881 1.69203	
4.03	6.86899 16.2975 1.91902	
4.04	6.90952 16.0544 2.10265	
4.05	6.94508 15.8144 2.26417	
4.06	6.96545 15.584 2.40916	
4.07	6.98433 15.362 2.58404	
4.08	6.98549 15.1587 2.7525	
4.09	6.98894 14.9887 2.90288	
4.1	6.97305 14.8183 3.0393	
4.11	6.97019 14.6773 3.18926	
4.12	6.95347 14.5398 3.31969	
4.13	6.95135 14.4181 3.45706	
4.14	6.96088 14.3053 3.58242	
4.15	6.95799 14.1954 3.71275	
4.16	6.96761 14.0953 3.87416	
4.17	6.97559 14.0264 4.03098	
4.18	6.98583 13.9715 4.18745	
4.19	6.99508 13.9263 4.36328	
4.2	7.00522 13.8815 4.5535	
4.21	7.00212 13.8415 4.73	
4.22	6.99956 13.8092 4.87622	
4.23	6.98778 13.7733 5.01618	
4.24	6.97449 13.7457 5.14668	
4.25	6.94952 13.7184 5.27012	
4.26	6.91806 13.6957 5.38728	
4.27	6.86487 13.6718 5.49741	
4.28	6.80886 13.6548 5.5977	
4.29	6.74869 13.6376 5.69028	
4.3	6.6653 13.6186 5.7847	
4.31	6.59105 13.6023 5.877	
4.32	6.5026 13.5802 5.95788	
4.33	6.42149 13.5613 6.04921	
4.34	6.34277 13.5367 6.11948	
4.35	6.24938 13.508 6.19752	
4.36	6.17081 13.4844 6.29589	
4.37	6.07949 13.4666 6.38362	
4.38	5.98408 13.448 6.46189	
4.39	5.89242 13.4326 6.54723	
4.4	5.79869 13.4167 6.61177	
4.41	5.69152 13.3989 6.68162	
4.42	5.61819 13.3874 6.75084	
4.43	5.52599 13.3723 6.81881	
4.44	5.43477 13.3569 6.86426	
4.45	5.35441 13.3462 6.90946	
4.46	5.26891 13.336 6.93903	
4.47	5.194 13.33 6.96824	
4.48	5.10786 13.3274 7.00873	
4.49	5.01089 13.3234 7.03652	
4.5	4.95084 13.3332 7.07906	
4.51	4.89526 13.3409 7.11122	
4.52	4.8275 13.3449 7.13965	
4.53	4.77402 13.3542 7.16631	
4.54	4.71326 13.366 7.1997	
4.55	4.66076 13.3759 7.22693	
4.56	4.61801 13.3854 7.25109	
4.57	4.56983 13.3962 7.27208	
4.58	4.5271 13.4028 7.29197	
4.59	4.47988 13.4173 7.31778	
4.6	4.43171 13.4254 7.33456	
4.61	4.38875 13.4339 7.35251	
4.62	4.34059 13.4391 7.36498	
4.63	4.3043 13.444 7.37073	
4.64	4.25611 13.4462 7.37889	
4.65	4.22504 13.4515 7.38573	
4.66	4.18129 13.4497 7.38512	
4.67	4.13837 13.4532 7.38664	
4.68	4.09984 13.4548 7.39164	
4.69	4.06248 13.4533 7.38863	
4.7	4.01733 13.4566 7.39384	
4.71	3.98847 13.4635 7.39427	
4.72	3.95083 13.4627 7.39509	
4.73	3.91669 13.4661 7.39016	
4.74	3.88131 13.4698 7.3889	
4.75	3.84593 13.4735 7.38768	
4.76	3.8043 13.4794 7.37973	
4.77	3.76576 13.4865 7.38354	
4.78	3.7456 13.4971 7.38547	
4.79	3.70188 13.5091 7.3901	
4.8	3.67516 13.5174 7.38739	
4.81	3.6477 13.5368 7.39511	
4.82	3.59897 13.5539 7.39718	
4.83	3.56756 13.5656 7.39107	
4.84	3.53901 13.5898 7.40386	
4.85	3.50265 13.6077 7.39526	
4.86	3.48168 13.6307 7.40797	
4.87	3.44828 13.6478 7.40701	
4.88	3.41893 13.672 7.41959	
4.89	3.4016 13.688 7.41881	
4.9	3.37678 13.7045 7.41781	
4.91	3.35617 13.7198 7.42071	
4.92	3.34181 13.7381 7.43205	
4.93	3.30961 13.7551 7.43401	
4.94	3.29007 13.7711 7.43691	
4.95	3.26797 13.7823 7.44235	
4.96	3.24344 13.7991 7.44442	
4.97	3.21834 13.8027 7.43938	
4.98	3.20401 13.818 7.44626	
4.99	3.18085 13.8256 7.44727	
5	3.16359 13.8345 7.44059	
5.01	3.13664 13.8479 7.44211	
5.02	3.11696 13.8565 7.43929	
5.03	3.07853 13.8623 7.43006	
5.04	3.05971 13.8681 7.42298	
5.05	3.02749 13.876 7.41174	
5.06	3.00067 13.8896 7.4132	
5.07	2.96737 13.8938 7.39756	
5.08	2.93518 13.9007 7.38937	
5.09	2.90307 13.9088 7.37809	
5.1	2.88356 13.9176 7.37522	
5.11	2.85312 13.9258 7.35986	
5.12	2.81826 13.929 7.35134	
5.13	2.80122 13.9351 7.34013	
5.14	2.77654 13.9404 7.3319	
5.15	2.74454 13.9475 7.32366	
5.16	2.7275 13.9524 7.3155	
5.17	2.70813 13.9615 7.31257	
5.18	2.68848 13.966 7.30843	
5.19	2.66788 13.97 7.30422	
5.2	2.64295 13.9695 7.29787	
5.21	2.62504 13.974 7.28958	
5.22	2.61791 13.9792 7.29386	
5.23	2.59726 13.9819 7.29274	
5.24	2.58501 13.9846 7.2886	
5.25	2.57246 13.9827 7.28328	
5.26	2.55182 13.9855 7.28216	
5.27	2.54741 13.9911 7.28234	
5.28	2.53225 13.9901 7.27802	
5.29	2.51896 13.991 7.2769	
5.3	2.50461 13.9994 7.27807	
5.31	2.4911 13.997 7.27268	
5.32	2.4788 13.9984 7.27164	
5.33	2.45902 13.9997 7.26323	
5.34	2.45202 14.0063 7.26439	
5.35	2.43375 14.0105 7.26532	
5.36	2.41857 14.0095 7.26105	
5.37	2.40435 14.0193 7.25909	
5.38	2.38468 14.0221 7.24757	
5.39	2.36501 14.0248 7.23605	
5.4	2.34536 14.0276 7.22452	
5.41	2.33031 14.0384 7.21936	
5.42	2.30425 14.0492 7.21532	
5.43	2.28461 14.0521 7.2038	
5.44	2.25195 14.0588 7.18494	
5.45	2.23244 14.0632 7.1703	
5.46	2.21043 14.0704 7.16412	
5.47	2.18901 14.0777 7.13801	
5.48	2.15932 14.0823 7.13069	
5.49	2.15024 14.0886 7.11609	
5.5	2.11587 14.0957 7.1015	
5.51	2.10684 14.1021 7.08688	
5.52	2.08281 14.1153 7.08603	
5.53	2.05847 14.1196 7.07032	
5.54	2.03907 14.1242 7.05566	
5.55	2.02727 14.1303 7.04526	
5.56	1.99964 14.1365 7.03051	
5.57	1.98059 14.1447 7.0201	
5.58	1.96123 14.1495 7.00544	
5.59	1.93669 14.1506 6.98545	
5.6	1.92011 14.1545 6.96961	
5.61	1.90176 14.1599 6.95502	
5.62	1.8763 14.1606 6.93492	
5.63	1.85979 14.1646 6.91904	
5.64	1.83953 14.1616 6.90645	
5.65	1.81788 14.1619 6.88523	
5.66	1.78604 14.1638 6.86832	
5.67	1.77673 14.1642 6.85553	
5.68	1.75238 14.1658 6.84599	
5.69	1.733 14.1694 6.8344	
5.7	1.72074 14.1693 6.82594	
5.71	1.70245 14.1721 6.80767	
5.72	1.67496 14.1713 6.79511	
5.73	1.66308 14.1746 6.7909	
5.74	1.6441 14.1817 6.78355	
5.75	1.62462 14.1838 6.77508	
5.76	1.6036 14.1876 6.75799	
5.77	1.58672 14.1981 6.76036	
5.78	1.57247 14.1947 6.74216	
5.79	1.55356 14.2019 6.73479	
5.8	1.54191 14.2069 6.72742	
5.81	1.52284 14.2125 6.72318	
5.82	1.51941 14.2219 6.71671	
5.83	1.50469 14.2263 6.71376	
5.84	1.49404 14.238 6.70727	
5.85	1.48832 14.2458 6.70846	
5.86	1.47029 14.2431 6.6914	
5.87	1.45442 14.2493 6.6827	
5.88	1.44561 14.2516 6.66662	
5.89	1.42663 14.2573 6.66236	
5.9	1.41959 14.2612 6.65921	
5.91	1.40595 14.2614 6.64514	
5.92	1.3948 14.262 6.63673	
5.93	1.39114 14.2682 6.6365	
5.94	1.37848 14.2712 6.63213	
5.95	1.37504 14.2791 6.62875	
5.96	1.36276 14.2775 6.62338	
5.97	1.36335 14.2826 6.62446	
5.98	1.35168 14.2861 6.62017	
5.99	1.34302 14.2885 6.61456	
6	1.34421 14.2986 6.6167	
6.01	1.34783 14.3026 6.61645	
6.02	1.34122 14.31 6.61751	
6.03	1.33719 14.3146 6.61742	
6.04	1.33118 14.3271 6.61955	
6.05	1.32999 14.3289 6.61075	
6.06	1.331 14.3374 6.61602	
6.07	1.33641 14.3487 6.61377	
6.08	1.33606 14.3533 6.61472	
6.09	1.33049 14.3694 6.62103	
6.1	1.33496 14.3802 6.61868	
6.11	1.33577 14.387 6.61659	
6.12	1.33178 14.3917 6.61642	
6.13	1.33646 14.4043 6.61091	
6.14	1.34191 14.4157 6.60866	
6.15	1.33003 14.424 6.6052	
6.16	1.32956 14.4311 6.59739	
6.17	1.33429 14.4438 6.59188	
6.18	1.33615 14.4594 6.595	
6.19	1.34131 14.4756 6.59366	
6.2	1.34371 14.4882 6.59272	
6.21	1.34392 14.5007 6.5859	
6.22	1.34383 14.5179 6.57997	
6.23	1.353 14.5401 6.57519	
6.24	1.3533 14.5527 6.56831	
6.25	1.3598 14.5798 6.56898	
6.26	1.36864 14.5987 6.56006	
6.27	1.36626 14.6161 6.55858	
6.28	1.37132 14.6403 6.54923	
6.29	1.3745 14.667 6.55428	
6.3	1.3758 14.6871 6.54519	
6.31	1.39351 14.7184 6.54237	
6.32	1.39831 14.7395 6.52883	
6.33	1.40078 14.7689 6.52476	
6.34	1.41179 14.8048 6.51882	
6.35	1.42919 14.8331 6.51191	
6.36	1.42679 14.8575 6.4949	
6.37	1.43815 14.8959 6.48589	
6.38	1.45484 14.9253 6.47293	
6.39	1.47347 14.9637 6.46088	
6.4	1.48447 15.0053 6.44277	
6.41	1.49069 15.0351 6.42705	
6.42	1.50004 15.0601 6.41869	
6.43	1.52249 15.1066 6.3972	
6.44	1.53354 15.1407 6.38733	
6.45	1.54003 15.1713 6.37159	
6.46	1.55456 15.207 6.35076	
6.47	1.56146 15.24 6.33198	
6.48	1.57499 15.2689 6.31621	
6.49	1.58125 15.2996 6.28718	
6.5	1.58812 15.3386 6.26913	
6.51	1.59695 15.3608 6.24338	
6.52	1.60806 15.3958 6.22035	
6.53	1.61911 15.4294 6.19047	
6.54	1.61321 15.4498 6.16282	
6.55	1.62658 15.4759 6.12982	
6.56	1.63081 15.5077 6.10516	
6.57	1.63705 15.5304 6.07122	
6.58	1.63908 15.5567 6.03864	
6.59	1.63857 15.5782 6.01332	
6.6	1.64543 15.6029 5.98618	
6.61	1.64961 15.6375 5.95825	
6.62	1.65316 15.6582 5.93166	
6.63	1.65945 15.6802 5.8938	
6.64	1.65918 15.7082 5.86909	
6.65	1.66723 15.7329 5.84873	
6.66	1.68351 15.7655 5.82076	
6.67	1.6877 15.795 5.7919	
6.68	1.69099 15.816 5.76503	
6.69	1.69803 15.8402 5.73084	
6.7	1.70751 15.8743 5.70864	
6.71	1.71544 15.8968 5.67767	
6.72	1.7236 15.9258 5.66101	
6.73	1.7324 15.9599 5.63862	
6.74	1.73734 15.9907 5.60983	
6.75	1.74164 16.0152 5.58013	
6.76	1.75482 16.0484 5.55662	
6.77	1.76441 16.0872 5.53813	
6.78	1.76022 16.1109 5.50949	
6.79	1.77138 16.1469 5.4742	
6.8	1.78169 16.1901 5.45952	
6.81	1.78737 16.2222 5.43083	
6.82	1.80368 16.2569 5.40156	
6.83	1.81734 16.2918 5.37696	
6.84	1.8235 16.3257 5.35484	
6.85	1.83612 16.3577 5.3327	
6.86	1.85999 16.4084 5.30168	
6.87	1.88011 16.4478 5.29283	
6.88	1.88997 16.4831 5.28014	
6.89	1.91313 16.5251 5.25111	
6.9	1.93006 16.5588 5.22475	
6.91	1.95365 16.608 5.21041	
6.92	1.97566 16.65 5.19482	
6.93	1.99304 16.6847 5.18258	
6.94	2.01518 16.7271 5.16706	
6.95	2.04415 16.7653 5.15466	
6.96	2.0661 16.8052 5.14191	
6.97	2.0844 16.8474 5.13065	
6.98	2.11261 16.8856 5.11794	
6.99	2.14186 16.9257 5.11189	
7	2.16385 16.9568 5.10138	
7.01	2.19319 16.9971 5.09534	
7.02	2.21755 17.0364 5.09299	
7.03	2.25181 17.0747 5.10055	
7.04	2.28295 17.1047 5.09962	
7.05	2.30592 17.1313 5.10161	
7.06	2.33695 17.1678 5.10833	
7.07	2.3758 17.205 5.11479	
7.08	2.40105 17.2347 5.1232	
7.09	2.43796 17.2698 5.12974	
7.1	2.47353 17.3059 5.14891	
7.11	2.50039 17.3333 5.1612	
7.12	2.53518 17.3606 5.15973	
7.13	2.56772 17.3968 5.1692	
7.14	2.60041 17.4263 5.17823	
7.15	2.64239 17.4617 5.19766	
7.16	2.68714 17.4945 5.20097	
7.17	2.72224 17.5163 5.20548	
7.18	2.76793 17.5507 5.21561	
7.19	2.81221 17.5809 5.22149	
7.2	2.8509 17.6057 5.22744	
7.21	2.8901 17.638 5.23416	
7.22	2.92775 17.6625 5.2397	
7.23	2.96557 17.6902 5.24268	
7.24	3.00942 17.7199 5.24271	
7.25	3.04972 17.748 5.2554	
7.26	3.09658 17.7763 5.24581	
7.27	3.13661 17.8034 5.25272	
7.28	3.18313 17.8289 5.24572	
7.29	3.22546 17.8544 5.24226	
7.3	3.27483 17.8865 5.24001	
7.31	3.33344 17.921 5.24544	
7.32	3.37107 17.9448 5.24002	
7.33	3.42405 17.9733 5.2311	
7.34	3.47165 17.9969 5.22221	
7.35	3.52007 18.0212 5.21381	
7.36	3.59001 18.059 5.20881	
7.37	3.63567 18.0805 5.19332	
7.38	3.67285 18.1052 5.18826	
7.39	3.73015 18.1355 5.18552	
7.4	3.78999 18.16 5.16938	
7.41	3.83056 18.1795 5.15139	
7.42	3.87903 18.1966 5.13768	
7.43	3.93963 18.222 5.12233	
7.44	3.97929 18.2416 5.10422	
7.45	4.0157 18.2572 5.08771	
7.46	4.07362 18.2726 5.0645	
7.47	4.111 18.2934 5.05175	
7.48	4.15923 18.3101 5.03309	
7.49	4.19645 18.3219 4.99918	
7.5	4.23689 18.3371 4.97323	
7.51	4.28296 18.3548 4.94505	
7.52	4.32253 18.3699 4.91891	
7.53	4.35008 18.381 4.89748	
7.54	4.38407 18.3904 4.87099	
7.55	4.42163 18.4064 4.83524	
7.56	4.45019 18.4216 4.81206	
7.57	4.46746 18.4228 4.7956	
7.58	4.50726 18.4445 4.76499	
7.59	4.53375 18.4483 4.72803	
7.6	4.56235 18.4595 4.70188	
7.61	4.57781 18.4675 4.67077	
7.62	4.61014 18.4765 4.62912	
7.63	4.62671 18.4801 4.60979	
7.64	4.65367 18.4869 4.57051	
7.65	4.67122 18.4971 4.54169	
7.66	4.68044 18.4946 4.5116	
7.67	4.70096 18.5031 4.47235	
7.68	4.71308 18.5075 4.44806	
7.69	4.72821 18.5137 4.41111	
7.7	4.73367 18.5153 4.38352	
7.71	4.73761 18.521 4.34908	
7.72	4.74707 18.5258 4.31466	
7.73	4.75693 18.5288 4.27459	
7.74	4.75423 18.5327 4.24228	
7.75	4.76012 18.5372 4.21232	
7.76	4.76425 18.5424 4.17258	
7.77	4.76161 18.5422 4.13706	
7.78	4.75941 18.5488 4.10241	
7.79	4.76541 18.5615 4.07365	
7.8	4.75735 18.5587 4.04032	
7.81	4.76072 18.5689 4.009	
7.82	4.75179 18.5738 3.97647	
7.83	4.75069 18.5811 3.94229	
7.84	4.73673 18.582 3.92007	
7.85	4.73383 18.5848 3.88732	
7.86	4.72761 18.5901 3.87039	
7.87	4.72477 18.598 3.84635	
7.88	4.71314 18.608 3.82732	
7.89	4.70528 18.6185 3.80395	
7.9	4.69817 18.6235 3.78669	
7.91	4.69203 18.6369 3.771	
7.92	4.68935 18.6487 3.74493	
7.93	4.68494 18.6651 3.73694	
7.94	4.67531 18.6749 3.71292	
7.95	4.66924 18.6885 3.69731	
7.96	4.67466 18.699 3.68141	
7.97	4.65995 18.7159 3.66139	
7.98	4.65134 18.7301 3.63574	
7.99	4.64978 18.7424 3.61983	
8	4.64384 18.7643 3.60555	
8.01	4.64242 18.7888 3.57921	
8.02	4.63391 18.8037 3.55899	
8.03	4.62394 18.8213 3.52977	
8.04	4.62173 18.8456 3.50318	
8.05	4.61329 18.8606 3.48303	
8.06	4.61739 18.8806 3.45888	
8.07	4.61445 18.9069 3.43802	
8.08	4.60085 18.929 3.42191	
8.09	4.61138 18.9591 3.39677	
8.1	4.60225 18.9878 3.37636	
8.11	4.6104 19.0191 3.34655	
8.12	4.61378 19.039 3.32225	
8.13	4.61825 19.0722 3.30288	
8.14	4.61156 19.0962 3.28937	
8.15	4.61506 19.1207 3.26842	
8.16	4.62495 19.1465 3.24001	
8.17	4.61826 19.1711 3.23178	
8.18	4.62273 19.1919 3.20805	
8.19	4.62735 19.2251 3.18376	
8.2	4.62848 19.246 3.1797	
8.21	4.63152 19.2641 3.14838	
8.22	4.63615 19.2894 3.12802	
8.23	4.63482 19.3027 3.11274	
8.24	4.64739 19.3287 3.09978	
8.25	4.65211 19.3539 3.07441	
8.26	4.65032 19.3693 3.05508	
8.27	4.65652 19.3937 3.04446	
8.28	4.65624 19.4161 3.03101	
8.29	4.65448 19.4316 3.01173	
8.3	4.65417 19.45 3.00019	
8.31	4.66697 19.4803 2.98559	
8.32	4.67593 19.4963 2.9638	
8.33	4.6756 19.5106 2.95415	
8.34	4.68186 19.5309 2.94049	
8.35	4.68162 19.5539 2.93224	
8.36	4.68694 19.5696 2.92008	
8.37	4.68667 19.5882 2.90866	
8.38	4.6957 19.6043 2.887	
8.39	4.69455 19.627 2.87845	
8.4	4.70089 19.6474 2.86492	
8.41	4.70592 19.6694 2.84688	
8.42	4.70975 19.6868 2.8352	
8.43	4.70816 19.7028 2.81616	
8.44	4.7137 19.7315 2.80378	
8.45	4.72279 19.7437 2.78405	
8.46	4.72038 19.768 2.76612	
8.47	4.72682 19.7887 2.75277	
8.48	4.72661 19.8078 2.74649	
8.49	4.73215 19.8281 2.73282	
8.5	4.74138 19.8491 2.7146	
8.51	4.73986 19.861 2.69744	
8.52	4.74545 19.8816 2.68872	
8.53	4.75476 19.907 2.66883	
8.54	4.75362 19.9214 2.65909	
8.55	4.75341 19.9363 2.64972	
8.56	4.7578 19.9541 2.63331	
8.57	4.76222 19.9719 2.61692	
8.58	4.76601 19.9899 2.61035	
8.59	4.76493 20.0089 2.60379	
8.6	4.77518 20.0263 2.58779	
8.61	4.77993 20.0422 2.58048	
8.62	4.79145 20.067 2.57537	
8.63	4.79038 20.0862 2.57361	
8.64	4.79973 20.0989 2.55895	
8.65	4.81123 20.1194 2.55551	
8.66	4.81405 20.1372 2.55336	
8.67	4.82189 20.1571 2.55455	
8.68	4.83727 20.1808 2.55381	
8.69	4.83618 20.1956 2.54892	
8.7	4.84786 20.2099 2.5514	
8.71	4.85156 20.2283 2.54957	
8.72	4.86303 20.2489 2.5461	
8.73	4.87265 20.2687 2.54187	
8.74	4.88887 20.2929 2.53674	
8.75	4.89939 20.3087 2.52983	
8.76	4.90993 20.338 2.52739	
8.77	4.91828 20.3512 2.52246	
8.78	4.93349 20.384 2.51837	
8.79	4.94491 20.4049 2.51488	
8.8	4.96008 20.4289 2.50939	
8.81	4.98108 20.4563 2.49723	
8.82	4.99263 20.4752 2.4981	
8.83	5.00636 20.5062 2.49633	
8.84	5.02234 20.5308 2.49124	
8.85	5.03739 20.5551 2.48577	
8.86	5.06398 20.5804 2.47839	
8.87	5.08681 20.6115 2.47442	
8.88	5.10376 20.6302 2.47572	
8.89	5.11859 20.6567 2.46133	
8.9	5.14961 20.686 2.45701	
8.91	5.1654 20.711 2.45198	
8.92	5.18208 20.7364 2.44734	
8.93	5.20937 20.7626 2.44049	
8.94	5.2306 20.7829 2.43742	
8.95	5.25776 20.8112 2.42168	
8.96	5.27265 20.8268 2.41491	
8.97	5.29631 20.8498 2.41007	
8.98	5.3183 20.8732 2.41033	
8.99	5.33582 20.8928 2.41214	
9	5.35247 20.9095 2.40617	
9.01	5.37962 20.9314 2.39658	
9.02	5.39624 20.9481 2.39063	
9.03	5.41911 20.9617 2.3797	
9.04	5.43913 20.9819 2.37189	
9.05	5.462 20.9955 2.36101	
9.06	5.48368 21.0192 2.36142	
9.07	5.49839 21.0373 2.34588	
9.08	5.5192 21.0561 2.34304	
9.09	5.53492 21.068 2.33391	
9.1	5.55824 21.096 2.32349	
9.11	5.57821 21.112 2.31293	
9.12	5.59447 21.1315 2.3102	
9.13	5.62074 21.1443 2.29482	
9.14	5.64046 21.165 2.28289	
9.15	5.65663 21.1847 2.28025	
9.16	5.67663 21.1962 2.26693	
9.17	5.69939 21.2102 2.25208	
9.18	5.71482 21.2271 2.24171	
9.19	5.72949 21.2389 2.22809	
9.2	5.75623 21.2617 2.21482	
9.21	5.77181 21.274 2.20165	
9.22	5.79151 21.2905 2.1871	
9.23	5.80707 21.3029 2.17398	
9.24	5.8296 21.3218 2.15801	
9.25	5.83793 21.3324 2.14643	
9.26	5.85755 21.3491 2.13201	
9.27	5.87376 21.3667 2.11801	
9.28	5.88903 21.384 2.10367	
9.29	5.90279 21.398 2.08114	
9.3	5.93049 21.4171 2.06582	
9.31	5.94571 21.4345 2.05159	
9.32	5.96494 21.4562 2.03606	
9.33	5.98012 21.4737 2.02191	
9.34	5.9986 21.4903 2.00742	
9.35	6.02167 21.5149 1.99104	
9.36	6.02979 21.5259 1.97968	
9.37	6.04376 21.5355 1.95873	
9.38	6.06614 21.5552 1.93924	
9.39	6.08289 21.5714 1.93483	
9.4	6.09703 21.5887 1.92055	
9.41	6.11922 21.6009 1.89464	
9.42	6.13519 21.6192 1.88121	
9.43	6.14988 21.6273 1.86541	
9.44	6.16501 21.6528 1.85829	
9.45	6.1742 21.6599 1.8446	
9.46	6.19099 21.6768 1.8214	
9.47	6.20627 21.6902 1.80487	
9.48	6.21868 21.7072 1.79664	
9.49	6.23262 21.7175 1.77193	
9.5	6.23635 21.7295 1.75675	
9.51	6.25513 21.7404 1.74032	
9.52	6.26134 21.7461 1.70906	
9.53	6.28014 21.7573 1.68861	
9.54	6.28385 21.7694 1.67352	
9.55	6.29461 21.7806 1.64939	
9.56	6.3057 21.7872 1.62238	
9.57	6.3162 21.7962 1.60289	
9.58	6.32259 21.8053 1.58748	
9.59	6.33279 21.8116 1.56017	
9.6	6.34012 21.8214 1.54114	
9.61	6.34381 21.8338 1.52622	
9.62	6.34998 21.8327 1.49224	
9.63	6.3528 21.8369 1.47023	
9.64	6.35926 21.8461 1.45495	
9.65	6.35951 21.8493 1.43828	
9.66	6.36946 21.8604 1.41406	
9.67	6.37688 21.87 1.39923	
9.68	6.37971 21.8743 1.37729	
9.69	6.38622 21.8836 1.36211	
9.7	6.38522 21.891 1.34805	
9.71	6.39173 21.9003 1.3329	
9.72	6.40291 21.9147 1.31709	
9.73	6.40192 21.9222 1.30309	
9.74	6.41207 21.9291 1.28247	
9.75	6.41693 21.9457 1.2929	
9.76	6.41971 21.9539 1.26577	
9.77	6.43486 21.9809 1.27116	
9.78	6.43837 21.994 1.26351	
9.79	6.44274 22.0079 1.24126	
9.8	6.46178 22.0387 1.24751	
9.81	6.48365 22.0619 1.22536	
9.82	6.48779 22.0883 1.23109	
9.83	6.50412 22.1089 1.21	
9.84	6.51674 22.1374 1.21433	
9.85	6.53389 22.1588 1.19479	
9.86	6.55245 22.1772 1.1446	
9.87	6.59334 22.2026 1.08872	
9.88	6.61182 22.2284 1.05123	
9.89	6.63264 22.2525 1.02128	
9.9	6.65818 22.272 0.986644	
9.91	6.68696 22.2943 0.945571	
9.92	6.70943 22.3164 0.924382	
9.93	6.7341 22.3422 0.89853	
9.94	6.76299 22.3638 0.871035	
9.95	6.785 22.3843 0.845917	
9.96	6.825 22.4112 0.833594	
9.97	7.0451 22.4475 0.717582	
9.98	6.92827 22.4761 0.671487	
9.99	7.03906 22.552 0.684727	
10	7.0983 22.6118 0.697832	
10.01	7.17421 22.6726 0.699618	
10.02	7.2552 22.7353 0.702955	
10.03	7.3132 22.7849 0.716953	
10.04	7.38729 22.8167 0.65071	
10.05	7.44972 22.832 0.591833	
10.06	7.50606 22.8491 0.537556	
10.07	7.56268 22.8634 0.499806	
10.08	7.60104 22.8747 0.470097	
10.09	7.64278 22.8881 0.441674	
10.1	7.67719 22.8982 0.424175	
10.11	7.7068 22.8982 0.409996	
10.12	7.73479 22.9036 0.39594	
10.13	7.76064 22.8992 0.380679	
10.14	7.77667 22.9006 0.377021	
10.15	7.79772 22.8976 0.35803	
10.16	7.79949 22.8974 0.356412	
10.17	7.8114 22.8956 0.346238	
10.18	7.82018 22.8971 0.344599	
10.19	7.82939 22.8957 0.335497	
10.2	7.82935 22.8952 0.334413	
10.21	7.8345 22.8967 0.333523	
10.22	7.83338 22.9032 0.327249	
10.23	7.82189 22.9065 0.326732	
10.24	7.8182 22.906 0.326244	
10.25	7.82299 22.9099 0.317367	
10.26	7.81524 22.9113 0.308567	
10.27	7.80283 22.9145 0.307981	
10.28	7.79509 22.9159 0.299292	
10.29	7.79089 22.9258 0.30173	
10.3	7.79317 22.9335 0.295261	
10.31	7.78022 22.9405 0.30139	
10.32	7.77228 22.9451 0.300179	
10.33	7.76701 22.9489 0.302626	
10.34	7.76567 22.9579 0.308397	
10.35	7.7584 22.958 0.304308	
10.36	7.74546 22.965 0.3105	
10.37	7.74413 22.9741 0.316282	
10.38	7.73199 22.9758 0.323192	
10.39	7.72311 22.98 0.321649	
10.4	7.72283 22.9887 0.331426	
10.41	7.71434 22.9906 0.33834	
10.42	7.71473 22.9948 0.345212	
10.43	7.71335 22.9974 0.354914	
10.44	7.70513 23.0044 0.365088	
10.45	7.71235 23.0042 0.371468	
10.46	7.7048 23.0066 0.378757	
10.47	7.70357 23.015 0.388083	
10.48	7.69978 23.0163 0.403009	
10.49	7.69922 23.0201 0.409463	
10.5	7.69665 23.0195 0.413445	
10.51	7.69526 23.0221 0.423105	
10.52	7.68459 23.014 0.427898	
10.53	7.68564 23.0136 0.431881	
10.54	7.68184 23.015 0.446802	
10.55	7.67909 23.0086 0.451164	
10.56	7.67931 23.0071 0.458367	
10.57	7.67579 23.0061 0.461969	
10.58	7.67005 22.9965 0.475668	
10.59	7.65975 22.9852 0.472798	
10.6	7.65902 22.9833 0.479639	
10.61	7.65663 22.9749 0.492537	
10.62	7.65395 22.9678 0.500562	
10.63	7.65653 22.9568 0.506163	
10.64	7.64458 22.9509 0.522003	
10.65	7.65386 22.9426 0.521903	
10.66	7.64755 22.9294 0.527645	
10.67	7.64541 22.9261 0.543801	
10.68	7.64778 22.9094 0.549941	
10.69	7.62775 22.96 0.753971	
10.7	7.62345 22.9445 0.730527	
10.71	7.63322 22.909 0.711551	
10.72	7.61997 22.8768 0.715779	
10.73	7.62304 22.8353 0.717167	
10.74	7.61975 22.8054 0.740118	
10.75	7.60778 22.7603 0.76204	
10.76	7.59876 22.7172 0.78571	
10.77	7.59364 22.6732 0.820201	
10.78	7.5947 22.6427 0.850281	
10.79	7.59108 22.6137 0.869925	
10.8	7.58028 22.5775 0.896073	
10.81	7.57301 22.5457 0.910239	
10.82	7.56888 22.5206 0.944302	
10.83	7.5652 22.4986 0.966921	
10.84	7.5603 22.4708 0.990434	
10.85	7.55988 22.4553 1.01622	
10.86	7.55013 22.4195 1.05559	
10.87	7.53083 22.4502 1.22759	
10.88	7.53002 22.4092 1.22723	
10.89	7.52949 22.3731 1.24398	
10.9	7.52247 22.3232 1.26026	
10.91	7.52194 22.2849 1.28601	
10.92	7.50614 22.2331 1.32198	
10.93	7.49743 22.195 1.35386	
10.94	7.49465 22.1642 1.38551	
10.95	7.4854 22.1309 1.42875	
10.96	7.47495 22.105 1.46325	
10.97	7.46281 22.0841 1.49729	
10.98	7.45199 22.0626 1.53754	
10.99	7.44627 22.0512 1.55834	
11	7.44141 22.0315 1.57337	
11.01	7.43771 22.0143 1.60582	
11.02	7.43189 22.0034 1.62812	
11.03	7.42606 21.9927 1.65076	
11.04	7.4209 21.9771 1.67501	
11.05	7.4157 21.9619 1.69549	
11.06	7.41764 21.9499 1.71039	
11.07	7.41206 21.9449 1.73291	
11.08	7.40636 21.9314 1.7449	
11.09	7.40904 21.9235 1.76818	
11.1	7.40239 21.9096 1.78007	
11.11	7.39684 21.9048 1.80301	
11.12	7.3987 21.8934 1.81452	
11.13	7.39237 21.8848 1.82962	
11.14	7.39356 21.8783 1.83986	
11.15	7.38803 21.8735 1.86303	
11.16	7.38856 21.872 1.87197	
11.17	7.38975 21.8655 1.88231	
11.18	7.38275 21.862 1.89216	
11.19	7.38409 21.8642 1.90915	
11.2	7.37725 21.8574 1.91135	
11.21	7.37807 21.8612 1.91931	
11.22	7.37795 21.8645 1.92696	
11.23	7.36949 21.8621 1.9275	
11.24	7.36282 21.8639 1.93637	
11.25	7.36271 21.8672 1.94404	
11.26	7.36355 21.8709 1.95204	
11.27	7.36355 21.8709 1.95204	
11.28	7.36355 21.8709 1.95204	
11.29	7.36291 21.8756 1.95471	
11.3	7.3704 21.8775 1.95383	
11.31	7.36213 21.8837 1.96104	
11.32	7.36149 21.8883 1.96371	
11.33	7.36179 21.8936 1.96265	
11.34	7.36179 21.8936 1.96265	
11.35	7.35983 21.908 1.96258	
11.36	7.35253 21.9146 1.97012	
11.37	7.35198 21.9162 1.96105	
11.38	7.34972 21.9253 1.96205	
11.39	7.34935 21.9354 1.95964	
11.4	7.34805 21.9449 1.96095	
11.41	7.34769 21.955 1.95855	
11.42	7.34636 21.9647 1.95586	
11.43	7.3444 21.9791 1.95584	
11.44	7.34413 21.986 1.94574	
11.45	7.34215 22.0005 1.94173	
11.46	7.34028 22.0117 1.934	
11.47	7.33992 22.0219 1.93165	
11.48	7.33662 22.046 1.92903	
11.49	7.32867 22.0574 1.93532	
11.5	7.32709 22.0739 1.92661	
11.51	7.3252 22.0853 1.91495	
11.52	7.3235 22.1052 1.91006	
11.53	7.31783 22.1248 1.90914	
11.54	7.31623 22.1415 1.89655	
11.55	7.30713 22.1563 1.88486	
11.56	7.30523 22.1678 1.87329	
11.57	7.30325 22.1948 1.85854	
11.58	7.30222 22.2099 1.85507	
11.59	7.29973 22.2232 1.83454	
11.6	7.29812 22.2401 1.8221	
11.61	7.2965 22.257 1.80969	
11.62	7.29401 22.2704 1.78924	
11.63	7.2797 22.292 1.76754	
11.64	7.27808 22.309 1.75521	
11.65	7.27531 22.3296 1.72498	
11.66	7.27339 22.3413 1.71362	
11.67	7.2709 22.3548 1.69332	
11.68	7.26774 22.3733 1.67187	
11.69	7.27294 22.3857 1.64303	
11.7	7.27199 22.3979 1.63204	
11.71	7.26126 22.4145 1.61155	
11.72	7.2581 22.4331 1.59024	
11.73	7.25715 22.4454 1.57931	
11.74	7.26159 22.4661 1.55721	
11.75	7.25179 22.4832 1.53715	
11.76	7.24932 22.4969 1.51712	
11.77	7.24603 22.5189 1.50373	
11.78	7.24383 22.5381 1.48294	
11.79	7.24054 22.5601 1.46963	
11.8	7.24556 22.5792 1.45663	
11.81	7.2424 22.5981 1.43566	
11.82	7.24007 22.6206 1.42276	
11.83	7.23676 22.6428 1.40962	
11.84	7.23456 22.6623 1.38906	
11.85	7.23891 22.6865 1.37518	
11.86	7.23671 22.706 1.35471	
11.87	7.23956 22.7319 1.33185	
11.88	7.23791 22.7496 1.32025	
11.89	7.2339 22.7771 1.30634	
11.9	7.23852 22.7956 1.27355	
11.91	7.23315 22.8133 1.26206	
11.92	7.23 22.8326 1.24156	
11.93	7.23359 22.8536 1.22003	
11.94	7.22854 22.865 1.20289	
11.95	7.23069 22.8937 1.20415	
11.96	7.22205 22.9222 1.17993	
11.97	7.21301 22.9494 1.17959	
11.98	7.20778 22.9766 1.14771	
11.99	7.20527 23.0032 1.15665	
12	7.19951 23.0118 1.11802	
12.01	7.18855 23.0125 1.08003	
12.02	7.18511 23.0135 1.03373	
12.03	7.19499 23.0108 0.999595	
12.04	7.19325 23.0062 0.972322	
12.05	7.1953 22.9918 0.945072	
12.06	7.19182 22.9944 0.936659	
12.07	7.19334 22.9844 0.920155	
12.08	7.19412 22.9793 0.907443	
12.09	7.19618 22.9736 0.900943	
12.1	7.19643 22.964 0.886939	
12.11	7.19772 22.9635 0.884467	
12.12	7.1986 22.958 0.879535	
12.13	7.19846 22.9522 0.874727	
12.14	7.19947 22.9437 0.862862	
12.15	7.20024 22.9385 0.858942	
12.16	7.20035 22.9382 0.857928	
12.17	7.20129 22.9299 0.846747	
12.18	7.20296 22.9253 0.843664	
12.19	7.20387 22.9171 0.832758	
12.2	7.20454 22.9122 0.829613	
12.21	7.20542 22.9041 0.818892	
12.22	7.20608 22.8993 0.815893	
12.23	7.20695 22.8911 0.805295	
12.24	7.19976 22.8843 0.803154	
12.25	7.2004 22.8796 0.800287	
12.26	7.20813 22.8731 0.788759	
12.27	7.21058 22.8607 0.775877	
12.28	7.21051 22.8613 0.772146	
12.29	7.20353 22.8512 0.762482	
12.3	7.20345 22.8518 0.758778	
12.31	7.21277 22.841 0.744902	
12.32	7.20826 22.8377 0.7333	
12.33	7.20985 22.8334 0.730828	
12.34	7.20254 22.8274 0.725188	
12.35	7.2066 22.8299 0.720754	
12.36	7.19952 22.8205 0.707481	
12.37	7.19943 22.8211 0.703811	
12.38	7.19935 22.8217 0.700145	
12.39	7.20011 22.8143 0.686121	
12.4	7.20027 22.8115 0.674833	
12.41	7.20795 22.8149 0.66676	
12.42	7.20464 22.8086 0.647845	
12.43	7.2048 22.8058 0.63656	
12.44	7.20496 22.8031 0.625279	
12.45	7.19786 22.7936 0.612004	
12.46	7.19777 22.7943 0.608338	
12.47	7.20606 22.7901 0.588689	
12.48	7.19587 22.795 0.596229	
12.49	7.20424 22.7933 0.581414	
12.5	7.19519 22.7887 0.588405	
12.51	7.20304 22.7915 0.575682	
12.52	7.19354 22.7939 0.589645	
12.53	7.20245 22.7908 0.570557	
12.54	7.19281 22.7907 0.580018	
12.55	7.19401 22.7847 0.564672	
12.56	7.19271 22.7853 0.569393	
12.57	7.19244 22.7895 0.56505	
12.58	7.19206 22.7877 0.562499	
12.59	7.19161 22.7889 0.566106	
12.6	7.19222 22.7844 0.55558	
12.61	7.19566 22.7823 0.560011	
12.62	7.1956 22.7824 0.560447	
12.63	7.19602 22.7717 0.55759	
12.64	7.19651 22.7674 0.555747	
12.65	7.19792 22.7608 0.549048	
12.66	7.19935 22.7444 0.550238	
12.67	7.19934 22.7414 0.552444	
12.68	7.20191 22.722 0.544521	
12.69	7.19491 22.7057 0.538653	
12.7	7.20394 22.6892 0.535445	
12.71	7.20244 22.6647 0.526172	
12.72	7.19355 22.633 0.527493	
12.73	7.19253 22.6041 0.50774	
12.74	7.17799 22.5776 0.510621	
12.75	7.16647 22.5451 0.506092	
12.76	7.15927 22.5045 0.495134	
12.77	7.15501 22.4692 0.489381	
12.78	7.13935 22.4296 0.489814	
12.79	7.13811 22.3947 0.477032	
12.8	7.12787 22.3569 0.479513	
12.81	7.12989 22.3201 0.458811	
12.82	7.12454 22.2959 0.475448	
12.83	7.13028 22.2666 0.457334	
12.84	7.11461 22.2329 0.470218	
12.85	7.11719 22.2039 0.465523	
12.86	7.11072 22.1698 0.457262	
12.87	7.09921 22.1419 0.450628	
12.88	7.07937 22.1129 0.447885	
12.89	7.06799 22.0906 0.452809	
12.9	7.04103 22.0517 0.454711	
12.91	6.98202 22.0433 0.493567	
12.92	6.9589 22.0409 0.497006	
12.93	6.94646 22.0463 0.467115	
12.94	6.91917 22.0163 0.475633	
12.95	6.83301 21.9621 0.488543	
12.96	6.90736 21.9166 0.47742	
12.97	6.82602 21.89 0.483414	
12.98	6.88482 21.8779 0.474616	
12.99	6.80996 21.8642 0.482265	
13	6.86474 21.8519 0.458732	
13.01	6.80076 21.8388 0.466594	
13.02	6.76466 21.8201 0.455884	
13.03	6.74777 21.8158 0.44975	
13.04	6.72721 21.804 0.440773	
13.05	6.71337 21.7886 0.424611	
13.06	6.70916 21.7878 0.429627	
13.07	6.69693 21.7813 0.423594	
13.08	6.69378 21.7755 0.425009	
13.09	6.69076 21.7752 0.425188	
13.1	6.69256 21.7707 0.41799	
13.11	6.69887 21.768 0.414168	
13.12	6.69767 21.7632 0.411394	
13.13	6.70464 21.7605 0.407532	
13.14	6.69657 21.7491 0.402913	
13.15	6.70399 21.7465 0.399016	
13.16	6.70857 21.7359 0.389175	
13.17	6.70577 21.736 0.399587	
13.18	6.71955 21.7367 0.400012	
13.19	6.72427 21.7316 0.395924	
13.2	6.73172 21.7274 0.390556	
13.21	6.7352 21.7254 0.394727	
13.22	6.74768 21.7191 0.384382	
13.23	6.75107 21.7131 0.387363	
13.24	6.75666 21.7021 0.383049	
13.25	6.76992 21.6901 0.372746	
13.26	6.77334 21.6775 0.38051	
13.27	6.78812 21.6621 0.367286	
13.28	6.79668 21.6537 0.377788	
13.29	6.80006 21.6307 0.366059	
13.3	6.80979 21.5989 0.3598	
13.31	6.81304 21.578 0.370909	
13.32	6.81768 21.5396 0.359206	
13.33	6.83039 21.5025 0.356501	
13.34	6.95047 21.4681 0.336762	
13.35	6.92566 21.4361 0.321734	
13.36	7.01742 21.4096 0.349095	
13.37	6.89979 21.3796 0.378051	
13.38	6.99488 21.321 0.353839	
13.39	6.90449 21.293 0.392425	
13.4	7.01785 21.2425 0.390805	
13.41	6.88344 21.2054 0.429386	
13.42	7.00081 21.1654 0.431601	
13.43	6.88489 21.1925 0.555187	
13.44	7.00603 21.0906 0.439288	
13.45	6.85794 21.027 0.430026	
13.46	7.01187 21.0463 0.478542	
13.47	6.85256 21.003 0.497699	
13.48	7.0224 21.0223 0.556553	
13.49	6.85147 20.9932 0.576558	
13.5	7.02643 20.9594 0.543383	
13.51	6.84464 20.9266 0.571495	
13.52	7.03045 20.9351 0.605501	
13.53	6.81271 20.8752 0.607496	
13.54	7.09933 20.9061 0.565312	
13.55	7.01944 20.8749 0.596028	
13.56	7.14932 20.8444 0.543555	
13.57	7.11131 20.826 0.544578	
13.58	7.09516 20.8132 0.547881	
13.59	7.08068 20.7944 0.5437	
13.6	7.07419 20.777 0.536439	
13.61	7.07565 20.7686 0.538198	
13.62	7.08003 20.756 0.531918	
13.63	7.07859 20.7419 0.521949	
13.64	7.07472 20.7366 0.525589	
13.65	7.08506 20.7245 0.513328	
13.66	7.0883 20.7239 0.519136	
13.67	7.10113 20.7164 0.513355	
13.68	7.19434 20.7346 0.503291	
13.69	7.14564 20.7161 0.506877	
13.7	7.16803 20.7071 0.491587	
13.71	7.17497 20.697 0.485233	
13.72	7.17148 20.6855 0.479821	
13.73	7.18945 20.6779 0.467516	
13.74	7.18685 20.6758 0.472365	
13.75	7.19402 20.6667 0.466285	
13.76	7.20623 20.6573 0.464021	
13.77	7.20831 20.6515 0.466142	
13.78	7.22264 20.6475 0.466983	
13.79	7.23236 20.6488 0.466269	
13.8	7.23753 20.6379 0.471139	
13.81	7.2501 20.6337 0.47257	
13.82	7.2558 20.6282 0.475235	
13.83	7.26389 20.6187 0.47822	
13.84	7.26984 20.6089 0.481616	
13.85	7.27836 20.5886 0.4874	
13.86	7.27225 20.5713 0.493215	
13.87	7.28204 20.5571 0.495446	
13.88	7.28689 20.528 0.50369	
13.89	7.30068 20.4943 0.512525	
13.9	7.29051 20.4568 0.524547	
13.91	7.32022 20.4248 0.53388	
13.92	7.29359 20.3817 0.550448	
13.93	7.29876 20.3406 0.559335	
13.94	7.33684 20.3099 0.57959	
13.95	7.30895 20.2708 0.60119	
13.96	7.30784 20.2133 0.603017	
13.97	7.25557 20.1612 0.613545	
13.98	7.2803 20.1261 0.635498	
13.99	7.30197 20.0809 0.652153	
14	7.31015 20.0381 0.687325	
14.01	7.29935 19.9938 0.71831	
14.02	7.30099 19.9386 0.755642	
14.03	7.29579 19.8816 0.794986	
14.04	7.29877 19.893 0.949604	
14.05	7.28777 19.8191 0.968894	
14.06	7.29065 19.7508 1.00529	
14.07	7.28437 19.6776 1.04341	
14.08	7.29142 19.6046 1.07517	
14.09	7.2961 19.5631 1.11586	
14.1	7.2874 19.5054 1.15648	
14.11	7.2829 19.4487 1.19883	
14.12	7.28574 19.395 1.24526	
14.13	7.27913 19.3495 1.29512	
14.14	7.28015 19.3064 1.35368	
14.15	7.28067 19.2592 1.39732	
14.16	7.27351 19.2109 1.44678	
14.17	7.26741 19.1744 1.49142	
14.18	7.25832 19.1362 1.53403	
14.19	7.24869 19.0982 1.56811	
14.2	7.24676 19.0676 1.61194	
14.21	7.23576 19.0396 1.64243	
14.22	7.2323 19.0138 1.67183	
14.23	7.22002 18.9955 1.69846	
14.24	7.22232 18.9861 1.72037	
14.25	7.21542 18.9791 1.7362	
14.26	7.20944 18.9776 1.74644	
14.27	7.20288 18.9759 1.76043	
14.28	7.19545 18.9738 1.7616	
14.29	7.18799 18.9717 1.76282	
14.3	7.17984 18.9791 1.76878	
14.31	7.16309 18.9892 1.76499	
14.32	7.15331 19.0059 1.75769	
14.33	7.14304 19.0226 1.74138	
14.34	7.13324 19.0394 1.73418	
14.35	7.12353 19.0515 1.72011	
14.36	7.11429 19.0635 1.71511	
14.37	7.10504 19.0756 1.71015	
14.38	7.10276 19.0945 1.70164	
14.39	7.09359 19.1019 1.68981	
14.4	7.08664 19.116 1.68346	
14.41	7.07224 19.1234 1.67166	
14.42	7.06603 19.1235 1.65359	
14.43	7.06431 19.1377 1.64729	
14.44	7.04469 19.1451 1.63554	
14.45	7.03784 19.1546 1.62234	
14.46	7.03043 19.169 1.60706	
14.47	7.0288 19.1786 1.59388	
14.48	7.00808 19.1956 1.57804	
14.49	7.00596 19.2053 1.5559	
14.5	6.99866 19.2151 1.53378	
14.51	6.98316 19.2323 1.51802	
14.52	6.97482 19.247 1.48492	
14.53	6.96755 19.2569 1.46288	
14.54	6.9649 19.2716 1.43883	
14.55	6.96225 19.2863 1.41481	
14.56	6.9598 19.2917 1.37701	
14.57	6.95773 19.3016 1.35509	
14.58	6.95578 19.3068 1.32631	
14.59	6.94773 19.3116 1.29742	
14.6	6.94666 19.3221 1.27573	
14.61	6.94462 19.3322 1.25392	
14.62	6.93521 19.3305 1.21988	
14.63	6.9408 19.3432 1.1916	
14.64	6.93931 19.3488 1.16683	
14.65	6.93321 19.35 1.13903	
14.66	6.93225 19.3512 1.11124	
14.67	6.92631 19.3477 1.07665	
14.68	6.9172 19.3565 1.05329	
14.69	6.91364 19.3665 1.06021	
14.7	6.9001 19.3578 1.01621	
14.71	6.89907 19.3764 1.02085	
14.72	6.89117 19.3696 0.979346	
14.73	6.89217 19.3871 0.98434	
14.74	6.89146 19.3818 0.949927	
14.75	6.89564 19.3539 0.882712	
14.76	6.89911 19.3322 0.831061	
14.77	6.89489 19.3047 0.785813	
14.78	6.89807 19.28 0.746626	
14.79	6.90845 19.2635 0.714738	
14.8	6.7736 19.2006 0.698033	
14.81	6.8454 19.2768 0.784972	
14.82	6.86076 19.2365 0.727723	
14.83	6.82962 19.1777 0.670045	
14.84	6.99473 19.1255 0.531727	
14.85	6.98376 19.1029 0.519355	
14.86	6.98869 19.0778 0.501504	
14.87	6.98009 19.0473 0.49093	
14.88	6.98347 19.0209 0.47692	
14.89	6.99059 18.9973 0.47041	
14.9	6.99448 18.9633 0.459005	
14.91	7.00605 18.9315 0.44051	
14.92	7.00709 18.9039 0.438566	
14.93	7.02743 18.8629 0.418613	
14.94	7.03992 18.8249 0.397877	
14.95	7.05225 18.7919 0.374924	
14.96	7.06498 18.7589 0.351852	
14.97	7.09151 18.7133 0.305716	
14.98	7.11856 18.679 0.272483	
14.99	7.14632 18.6393 0.232752	
15	7.1824 18.6021 0.200034	
15.01	7.21503 18.5712 0.166708	
15.02	7.32148 18.5552 0.14448	
15.03	7.20474 18.4764 0.122179	
15.04	7.28804 18.4557 0.0721165	
15.05	7.30126 18.4183 0.0373201	
15.06	7.31839 18.3729 -0.00397011	
15.07	7.36599 18.3383 -0.0489273	
15.08	7.45458 18.2677 -0.159323	
15.09	7.48327 18.2424 -0.182907	
15.1	7.4976 18.2065 -0.213442	
15.11	7.53393 18.1804 -0.241863	
15.12	7.55826 18.141 -0.279719	
15.13	7.58698 18.1101 -0.301156	
15.14	7.61435 18.0863 -0.30287	
15.15	7.64522 18.0422 -0.314236	
15.16	7.66907 17.9998 -0.315073	
15.17	7.68948 17.9487 -0.315946	
15.18	7.71724 17.8918 -0.311551	
15.19	7.73091 17.8439 -0.286873	
15.2	7.75327 17.7923 -0.254572	
15.21	7.76564 17.7125 -0.208494	
15.22	7.7783 17.6302 -0.14405	
15.23	7.78268 17.5645 -0.0773881	
15.24	7.7876 17.4938 -0.0289919	
15.25	7.78959 17.4101 0.0209961	
15.26	7.76845 17.387 0.139701	
15.27	7.75082 17.3575 0.240917	
15.28	7.73128 17.3321 0.356075	
15.29	7.70431 17.3036 0.457151	
15.3	7.63834 17.3627 0.736053	
15.31	7.61618 17.3132 0.830571	
15.32	7.59995 17.2679 0.944872	
15.33	7.59012 17.2214 1.05593	
15.34	7.56915 17.191 1.18151	
15.35	7.54995 17.1585 1.29843	
15.36	7.52859 17.1385 1.43589	
15.37	7.51147 17.1249 1.56693	
15.38	7.50252 17.125 1.69299	
15.39	7.49265 17.1186 1.80567	
15.4	7.47422 17.1144 1.9098	
15.41	7.45487 17.1142 2.0034	
15.42	7.44156 17.1312 2.0968	
15.43	7.42048 17.1452 2.17786	
15.44	7.41302 17.1657 2.23528	
15.45	7.3905 17.1877 2.29709	
15.46	7.3751 17.2106 2.34261	
15.47	7.36595 17.2443 2.38124	
15.48	7.34378 17.2647 2.40939	
15.49	7.32962 17.2829 2.43273	
15.5	7.31525 17.3102 2.45093	
15.51	7.29197 17.3396 2.45744	
15.52	7.27701 17.3715 2.46232	
15.53	7.24155 17.3991 2.46527	
15.54	7.22563 17.429 2.45225	
15.55	7.20438 17.4599 2.44845	
15.56	7.17534 17.4878 2.43753	
15.57	7.15897 17.5223 2.428	
15.58	7.13034 17.5611 2.41595	
15.59	7.10508 17.6068 2.41222	
15.6	7.08718 17.6495 2.3944	
15.61	7.05601 17.7001 2.37387	
15.62	7.0392 17.7384 2.35545	
15.63	7.01153 17.7868 2.33683	
15.64	6.99387 17.8249 2.31275	
15.65	6.96782 17.8698 2.29121	
15.66	6.95027 17.9237 2.26346	
15.67	6.93223 17.9512 2.24086	
15.68	6.90893 17.9942 2.20556	
15.69	6.87591 18.0387 2.16961	
15.7	6.85188 18.087 2.12991	
15.71	6.82844 18.1259 2.08625	
15.72	6.7971 18.1624 2.03007	
15.73	6.77434 18.1974 1.98363	
15.74	6.74448 18.2414 1.92354	
15.75	6.71538 18.2703 1.87279	
15.76	6.68447 18.3034 1.82862	
15.77	6.67012 18.3112 1.78256	
15.78	6.65622 18.3299 1.7265	
15.79	6.62841 18.3406 1.68013	
15.8	6.60715 18.3577 1.62073	
15.81	6.57991 18.3642 1.57145	
15.82	6.55872 18.3658 1.52459	
15.83	6.54003 18.3603 1.46629	
15.84	6.52188 18.3654 1.43538	
15.85	6.5022 18.3634 1.4087	
15.86	6.48854 18.3512 1.37786	
15.87	6.47643 18.3515 1.34932	
15.88	6.4648 18.3469 1.32312	
15.89	6.45919 18.3374 1.29925	
15.9	6.43996 18.3307 1.27496	
15.91	6.42716 18.3097 1.23794	
15.92	6.42108 18.305 1.21177	
15.93	6.40265 18.2949 1.18767	
15.94	6.40254 18.2808 1.14643	
15.95	6.39691 18.2664 1.11068	
15.96	6.39726 18.2527 1.0782	
15.97	6.38382 18.2549 1.06382	
15.98	6.37931 18.2461 1.04177	
15.99	6.36614 18.2375 1.01952	
16	6.36056 18.2224 0.987136	
16.01	6.36589 18.1852 0.917423	
16.02	6.36336 18.1419 0.860376	
16.03	6.37505 18.114 0.811456	
16.04	6.38436 18.0793 0.760073	
16.05	6.38798 18.0462 0.718938	
16.06	6.39659 18.0171 0.687944	
16.07	6.41245 17.9972 0.656792	
16.08	6.41261 17.988 0.659173	
16.09	6.42554 17.966 0.628972	
16.1	6.43736 17.965 0.64107	
16.11	6.46177 17.9376 0.597938	
16.12	6.4574 17.9372 0.619589	
16.13	6.48482 17.8944 0.565072	
16.14	6.48487 17.9082 0.596017	
16.15	6.49878 17.8634 0.543853	
16.16	6.51546 17.8306 0.492892	
16.17	6.53699 17.7936 0.445804	
16.18	6.55655 17.7587 0.396603	
16.19	6.57001 17.7303 0.353746	
16.2	6.57498 17.6897 0.31607	
16.21	6.58698 17.653 0.268047	
16.22	6.59288 17.6168 0.232063	
16.23	6.59661 17.5891 0.204059	
16.24	6.6072 17.5604 0.166083	
16.25	6.61783 17.5419 0.144219	
16.26	6.62172 17.5162 0.118932	
16.27	6.63221 17.4836 0.0854977	
16.28	6.63452 17.4638 0.0671966	
16.29	6.64528 17.4365 0.0380828	
16.3	6.65374 17.4128 0.0170474	
16.31	6.77968 17.385 -0.0634995	
16.32	6.66813 17.334 -0.0766104	
16.33	6.77333 17.343 -0.104145	
16.34	6.69861 17.3091 -0.0873822	
16.35	6.7618 17.2772 -0.135789	
16.36	6.73843 17.2418 -0.138689	
16.37	6.74606 17.2 -0.159432	
16.38	6.76104 17.1698 -0.18115	
16.39	6.78797 17.1326 -0.204104	
16.4	6.77616 17.0919 -0.222213	
16.41	6.80586 17.0441 -0.248404	
16.42	6.79604 16.9955 -0.265867	
16.43	6.83083 16.9622 -0.282862	
16.44	6.8064 16.9291 -0.272966	
16.45	6.85315 16.896 -0.291989	
16.46	6.81781 16.8544 -0.278072	
16.47	6.86202 16.8248 -0.285316	
16.48	6.91208 16.8056 -0.289098	
16.49	6.95027 16.7713 -0.297602	
16.5	6.98691 16.7429 -0.303483	
16.51	7.02859 16.705 -0.309706	
16.52	7.06006 16.6697 -0.316195	
16.53	7.09691 16.6466 -0.314651	
16.54	7.13936 16.6174 -0.318448	
16.55	7.17363 16.5807 -0.317674	
16.56	7.21503 16.5463 -0.318322	
16.57	7.26369 16.5141 -0.320405	
16.58	7.29723 16.4835 -0.316995	
16.59	7.32317 16.4457 -0.309139	
16.6	7.36302 16.4102 -0.302766	
16.61	7.39696 16.3696 -0.293596	
16.62	7.42094 16.3431 -0.282325	
16.63	7.44765 16.3053 -0.2775	
16.64	7.47137 16.2789 -0.266053	
16.65	7.503 16.2538 -0.249857	
16.66	7.53042 16.2178 -0.236376	
16.67	7.54742 16.1848 -0.21573	
16.68	7.56477 16.1564 -0.191283	
16.69	7.58349 16.1301 -0.168379	
16.7	7.60151 16.0995 -0.124493	
16.71	7.62087 16.0697 -0.0903784	
16.72	7.63906 16.0254 -0.0487801	
16.73	7.66832 15.958 -0.0435573	
16.74	7.6782 15.9212 0.006043	
16.75	7.67154 15.8827 0.0724205	
16.76	7.66638 15.8543 0.146112	
16.77	7.65936 15.8271 0.207004	
16.78	7.65981 15.8169 0.271239	
16.79	7.64699 15.7866 0.331582	
16.8	7.64191 15.765 0.409814	
16.81	7.60736 15.7924 0.577156	
16.82	7.6082 15.7597 0.634187	
16.83	7.60851 15.7316 0.711133	
16.84	7.59453 15.6975 0.812199	
16.85	7.59397 15.671 0.906951	
16.86	7.59113 15.6469 0.976898	
16.87	7.5822 15.633 1.09447	
16.88	7.56997 15.6298 1.18725	
16.89	7.5584 15.6246 1.29263	
16.9	7.54506 15.6356 1.39192	
16.91	7.51543 15.6525 1.50101	
16.92	7.49442 15.6765 1.57758	
16.93	7.48652 15.7007 1.64405	
16.94	7.47109 15.728 1.68617	
16.95	7.44763 15.7572 1.73417	
16.96	7.43229 15.7769 1.75599	
16.97	7.40885 15.8002 1.77504	
16.98	7.39457 15.8329 1.79172	
16.99	7.37147 15.8536 1.78716	
17	7.3476 15.8846 1.78568	
17.01	7.324 15.9097 1.7785	
17.02	7.30023 15.9454 1.76363	
17.03	7.2907 15.9778 1.73459	
17.04	7.26496 16.0204 1.71627	
17.05	7.24001 16.0529 1.69507	
17.06	7.22066 16.0934 1.6486	
17.07	7.20135 16.1342 1.60233	
17.08	7.18796 16.1798 1.55343	
17.09	7.16793 16.2184 1.48989	
17.1	7.15418 16.261 1.41049	
17.11	7.14178 16.2879 1.3645	
17.12	7.11756 16.308 1.31464	
17.13	7.10497 16.3486 1.24742	
17.14	7.07998 16.3799 1.19036	
17.15	7.06139 16.4077 1.14489	
17.16	7.04361 16.446 1.09419	
17.17	7.0333 16.4757 1.03836	
17.18	7.00813 16.5031 0.989038	
17.19	6.95212 16.6152 1.05209	
17.2	6.93388 16.6341 0.966533	
17.21	6.92821 16.6641 0.883012	
17.22	6.90816 16.6829 0.792546	
17.23	6.888 16.7062 0.716088	
17.24	6.87372 16.7328 0.644416	
17.25	6.86145 16.746 0.569231	
17.26	6.82842 16.8058 0.569538	
17.27	6.81343 16.8031 0.4845	
17.28	6.75089 16.7773 0.370848	
17.29	6.7375 16.7803 0.275384	
17.3	6.73678 16.7751 0.191388	
17.31	6.72758 16.753 0.104106	
17.32	6.7236 16.7385 0.0369639	
17.33	6.71859 16.7133 -0.0281081	
17.34	6.75983 16.6357 -0.179958	
17.35	6.71962 16.6295 -0.184723	
17.36	6.70794 16.6138 -0.226722	
17.37	6.70503 16.5876 -0.275485	
17.38	6.70031 16.5661 -0.315897	
17.39	6.68919 16.5253 -0.356299	
17.4	6.68661 16.4992 -0.398115	
17.41	6.68972 16.461 -0.439993	
17.42	6.69153 16.4284 -0.473064	
17.43	6.6964 16.3854 -0.489866	
17.44	6.7009 16.3439 -0.507445	
17.45	6.69992 16.288 -0.537874	
17.46	6.70952 16.2352 -0.557067	
17.47	6.73624 16.1545 -0.650578	
17.48	6.77843 16.0631 -0.747965	
17.49	6.8185 15.9992 -0.816579	
17.5	6.8479 15.9477 -0.866834	
17.51	6.88347 15.8936 -0.909736	
17.52	6.90976 15.8548 -0.943577	
17.53	6.94505 15.8089 -0.976768	
17.54	6.97184 15.7682 -1.00247	
17.55	7.00498 15.7315 -1.01704	
17.56	7.0394 15.6924 -1.03564	
17.57	7.05647 15.6551 -1.04445	
17.58	7.08189 15.6256 -1.04213	
17.59	7.09971 15.6 -1.04014	
17.6	7.12494 15.5698 -1.04495	
17.61	7.14971 15.5436 -1.04545	
17.62	7.16778 15.508 -1.04689	
17.63	7.1934 15.4703 -1.03961	
17.64	7.20406 15.4372 -1.03483	
17.65	7.23733 15.3856 -1.03549	
17.66	7.25489 15.3648 -1.02261	
17.67	7.28123 15.3239 -1.00353	
17.68	7.29134 15.2975 -0.992622	
17.69	7.30806 15.2631 -0.980333	
17.7	7.33501 15.2295 -0.965282	
17.71	7.3512 15.2016 -0.947373	
17.72	7.37137 15.1575 -0.93157	
17.73	7.39526 15.1439 -0.912572	
17.74	7.41414 15.1032 -0.892674	
17.75	7.42451 15.0761 -0.874382	
17.76	7.43595 15.0418 -0.848952	
17.77	7.44756 15.005 -0.824794	
17.78	7.45809 14.9704 -0.799228	
17.79	7.46958 14.9351 -0.781734	
17.8	7.48093 14.9041 -0.754639	
17.81	7.49072 14.8625 -0.75015	
17.82	7.51347 14.8286 -0.754231	
17.83	7.52714 14.7947 -0.738212	
17.84	7.68379 14.5785 -0.861547	
17.85	7.67194 14.6002 -0.81165	
17.86	7.66431 14.5965 -0.744075	
17.87	7.65507 14.5347 -0.67381	
17.88	7.64584 14.5011 -0.604469	
17.89	7.63232 14.4494 -0.547795	
17.9	7.63584 14.4034 -0.490676	
17.91	7.62792 14.3432 -0.430641	
17.92	7.62153 14.2784 -0.373359	
17.93	7.61794 14.1977 -0.323562	
17.94	7.61575 14.1185 -0.266739	
17.95	7.60764 14.0408 -0.215021	
17.96	7.60793 13.9586 -0.148335	
17.97	7.59956 13.8844 -0.0835108	
17.98	7.59281 13.8013 -0.0141741	
17.99	7.6153 13.6778 -0.0129988	
18	7.60788 13.5866 0.0670196	
18.01	7.59354 13.5314 0.147223	
18.02	7.57327 13.4771 0.243263	
18.03	7.56778 13.4226 0.315113	
18.04	7.52763 13.4116 0.502882	
18.05	7.52196 13.3533 0.587625	
18.06	7.49247 13.2911 0.658808	
18.07	7.49246 13.2439 0.718673	
18.08	7.4785 13.1885 0.792225	
18.09	7.47812 13.1543 0.867279	
18.1	7.47752 13.1148 0.934127	
18.11	7.49103 13.0878 0.990433	
18.12	7.48142 13.0607 1.05622	
18.13	7.46612 13.057 1.16251	
18.14	7.47512 13.0277 1.21493	
18.15	7.48425 12.9987 1.28125	
18.16	7.48494 12.9729 1.34808	
18.17	7.48362 12.9543 1.40594	
18.18	7.48005 12.9434 1.46557	
18.19	7.48579 12.9349 1.51826	
18.2	7.48923 12.9283 1.57254	
18.21	7.49226 12.9289 1.63237	
18.22	7.48759 12.9351 1.69249	
18.23	7.49721 12.942 1.75478	
18.24	7.49971 12.9505 1.82078	
18.25	7.49276 12.9768 1.88908	
18.26	7.4942 12.9912 1.94952	
18.27	7.48794 13.0012 1.99643	
18.28	7.481 13.028 2.06534	
18.29	7.48198 13.0401 2.11002	
18.3	7.47565 13.0571 2.16243	
18.31	7.46936 13.0742 2.21495	
18.32	7.46981 13.0968 2.26151	
18.33	7.4631 13.1242 2.32346	
18.34	7.45599 13.1487 2.37682	
18.35	7.44845 13.1768 2.4343	
18.36	7.44101 13.2115 2.49706	
18.37	7.43302 13.2347 2.53933	
18.38	7.42521 13.2663 2.58595	
18.39	7.41577 13.2937 2.62004	
18.4	7.39988 13.3222 2.65798	
18.41	7.39112 13.3525 2.69339	
18.42	7.3749 13.3845 2.72793	
18.43	7.35843 13.4265 2.77188	
18.44	7.33434 13.462 2.81053	
18.45	7.32617 13.4897 2.82974	
18.46	7.30209 13.5109 2.85515	
18.47	7.28554 13.5455 2.87495	
18.48	7.26188 13.5642 2.88403	
18.49	7.24361 13.5975 2.89666	
18.5	7.22055 13.6202 2.90231	
18.51	7.1966 13.6424 2.90807	
18.52	7.17826 13.6692 2.90796	
18.53	7.15397 13.6949 2.9104	
18.54	7.12109 13.7212 2.90056	
18.55	7.10526 13.7455 2.89648	
18.56	7.08635 13.7698 2.88758	
18.57	7.05453 13.7891 2.87729	
18.58	7.02227 13.8217 2.86594	
18.59	7.00576 13.8357 2.85255	
18.6	6.98148 13.8552 2.84239	
18.61	6.96418 13.8763 2.8224	
18.62	6.93303 13.8922 2.80838	
18.63	6.9076 13.9206 2.78185	
18.64	6.88264 13.9455 2.75871	
18.65	6.85078 13.9591 2.73583	
18.66	6.83323 13.9745 2.71037	
18.67	6.80756 13.9972 2.67838	
18.68	6.7905 14.0189 2.65873	
18.69	6.76468 14.0262 2.63032	
18.7	6.74083 14.0443 2.60429	
18.71	6.73725 14.0655 2.57312	
18.72	6.71163 14.0809 2.53823	
18.73	6.69338 14.0945 2.50401	
18.74	6.67476 14.112 2.46659	
18.75	6.66469 14.1281 2.44144	
18.76	6.63907 14.1343 2.40416	
18.77	6.63556 14.1463 2.37066	
18.78	6.61819 14.1531 2.33587	
18.79	6.60072 14.1618 2.30768	
18.8	6.58987 14.176 2.27367	
18.81	6.57986 14.1927 2.24869	
18.82	6.56899 14.1973 2.21216	
18.83	6.55012 14.2098 2.16928	
18.84	6.54694 14.2107 2.12888	
18.85	6.52931 14.2219 2.09822	
18.86	6.51869 14.2249 2.05733	
18.87	6.51502 14.2318 2.01832	
18.88	6.50428 14.2371 1.97486	
18.89	6.49395 14.2386 1.93462	
18.9	6.4904 14.2458 1.89572	
18.91	6.48812 14.2396 1.85475	
18.92	6.47787 14.2413 1.8146	
18.93	6.47555 14.2373 1.77106	
18.94	6.4737 14.2372 1.74301	
18.95	6.47793 14.233 1.68804	
18.96	6.47563 14.2186 1.65359	
18.97	6.47481 14.2114 1.61328	
18.98	6.47377 14.204 1.57736	
18.99	6.47207 14.1963 1.53715	
19	6.47108 14.1886 1.50838	
19.01	6.47019 14.1732 1.46741	
19.02	6.46805 14.1589 1.43308	
19.03	6.4675 14.1472 1.40752	
19.04	6.47438 14.1276 1.36978	
19.05	6.47464 14.1267 1.34662	
19.06	6.47452 14.111 1.32425	
19.07	6.47439 14.0957 1.29472	
19.08	6.48161 14.0819 1.2698	
19.09	6.48173 14.0724 1.25304	
19.1	6.48127 14.0608 1.22753	
19.11	6.48158 14.0414 1.2012	
19.12	6.48904 14.0339 1.18187	
19.13	6.49631 14.0205 1.1498	
19.14	6.49631 14.0048 1.12751	
19.15	6.49573 13.9849 1.10126	
19.16	6.49356 13.9702 1.07376	
19.17	6.48978 13.9763 1.06936	
19.18	6.48682 13.9536 1.02808	
19.19	6.48539 13.9656 1.01879	
19.2	6.48176 13.9499 0.984055	
19.21	6.50151 13.9173 0.906826	
19.22	6.51393 13.8927 0.852651	
19.23	6.5258 13.8639 0.799486	
19.24	6.5454 13.8448 0.758465	
19.25	6.555 13.8202 0.706525	
19.26	6.57222 13.8126 0.678074	
19.27	6.59035 13.7957 0.648484	
19.28	6.59934 13.7876 0.624536	
19.29	6.60756 13.7709 0.596709	
19.3	6.62492 13.7613 0.582058	
19.31	6.63329 13.7559 0.564745	
19.32	6.63481 13.741 0.549432	
19.33	6.6423 13.7357 0.543932	
19.34	6.65106 13.7232 0.526728	
19.35	6.65282 13.713 0.516278	
19.36	6.66044 13.7068 0.504846	
19.37	6.66852 13.6969 0.48743	
19.38	6.67047 13.6835 0.473307	
19.39	6.67094 13.6804 0.461401	
19.4	6.67935 13.6664 0.4475	
19.41	6.68774 13.6525 0.433667	
19.42	6.68998 13.6509 0.425988	
19.43	6.69464 13.6513 0.421626	
19.44	6.69801 13.6461 0.420102	
19.45	6.70309 13.6284 0.398717	
19.46	6.71079 13.6341 0.39975	
19.47	6.72915 13.6124 0.378931	
19.48	6.74422 13.5888 0.34107	
19.49	6.73088 13.5398 0.302056	
19.5	6.89156 13.5169 0.194343	
19.51	6.89315 13.4846 0.164448	
19.52	6.90587 13.4365 0.121001	
19.53	6.92849 13.389 0.0787199	
19.54	6.93851 13.3388 0.0436855	
19.55	6.96553 13.3017 0.0170482	
19.56	6.99491 13.2475 -0.0170738	
19.57	7.04093 13.1346 -0.114661	
19.58	7.07554 13.1061 -0.12552	
19.59	7.09601 13.0737 -0.133261	
19.6	7.14989 13.0341 -0.150005	
19.61	7.19846 12.9791 -0.174592	
19.62	7.25653 12.9215 -0.188975	
19.63	7.29154 12.8676 -0.193644	
19.64	7.3428 12.8143 -0.193837	
19.65	7.40386 12.7581 -0.199144	
19.66	7.44886 12.6933 -0.191542	
19.67	7.51039 12.6378 -0.181716	
19.68	7.557 12.5757 -0.162691	
19.69	7.6054 12.5071 -0.134182	
19.7	7.66164 12.4378 -0.102785	
19.71	7.70983 12.3759 -0.0519602	
19.72	7.77537 12.2766 -0.0280503	
19.73	7.82596 12.1832 0.0258519	
19.74	7.82684 12.1473 0.125864	
19.75	7.83223 12.097 0.236588	
19.76	7.80676 12.1018 0.443276	
19.77	7.79947 12.0625 0.540217	
19.78	7.78808 12.0149 0.661257	
19.79	7.76779 11.9709 0.819952	
19.8	7.74678 11.9375 0.961331	
19.81	7.73141 11.9213 1.10333	
19.82	7.70915 11.919 1.2584	
19.83	7.67681 11.9302 1.43235	
19.84	7.6452 11.9603 1.6212	
19.85	7.61954 11.9902 1.77579	
19.86	7.59392 12.0243 1.92747	
19.87	7.55933 12.069 2.0768	
19.88	7.53923 12.1261 2.22109	
19.89	7.51823 12.1866 2.35795	
19.9	7.48904 12.2351 2.47639	
19.91	7.46795 12.2957 2.57793	
19.92	7.44582 12.3428 2.65741	
19.93	7.42359 12.4095 2.74012	
19.94	7.40094 12.4561 2.7999	
19.95	7.37058 12.5022 2.85204	
19.96	7.3405 12.5484 2.90441	
19.97	7.31039 12.5778 2.93444	
19.98	7.28806 12.6118 2.96295	
19.99	7.26463 12.636 2.97743	
20	7.23521 12.6538 2.98345	
20.01	7.20275 12.6803 2.98691	
20.02	7.16504 12.7023 2.9889	
20.03	7.12413 12.7224 2.96691	
20.04	7.09204 12.746 2.95392	
20.05	7.0518 12.7727 2.93753	
20.06	7.01743 12.7979 2.90956	
20.07	6.96844 12.8344 2.88296	
20.08	6.92621 12.8585 2.84554	
20.09	6.8989 12.8812 2.8089	
20.1	6.84692 12.9125 2.75236	
20.11	6.81099 12.9325 2.69926	
20.12	6.77504 12.9612 2.64641	
20.13	6.73753 12.988 2.59441	
20.14	6.70682 13.0098 2.51682	
20.15	6.67845 13.0322 2.45163	
20.16	6.64662 13.0448 2.37215	
20.17	6.62526 13.0588 2.30697	
20.18	6.60423 13.0652 2.23904	
20.19	6.57647 13.0748 2.17254	
20.2	6.55441 13.074 2.0921	
20.21	6.53487 13.0675 2.02256	
20.22	6.52159 13.0697 1.95117	
20.23	6.50177 13.0672 1.87835	
20.24	6.4736 13.0721 1.8065	
20.25	6.45384 13.0701 1.73376	
20.26	6.42605 13.0722 1.65775	
20.27	6.40665 13.0674 1.58083	
20.28	6.38761 13.0592 1.50725	
20.29	6.36923 13.0442 1.43272	
20.3	6.35844 13.037 1.36859	
20.31	6.34039 13.0191 1.28975	
20.32	6.32949 13.0022 1.22338	
20.33	6.30523 12.985 1.16377	
20.34	6.30289 12.9711 1.0986	
20.35	6.28498 12.9522 1.03143	
20.36	6.24116 12.9762 1.03225	
20.37	6.22929 12.96 0.94911	
20.38	6.22462 12.9281 0.84811	
20.39	6.2185 12.8929 0.760552	
20.4	6.22893 12.8687 0.66982	
20.41	6.22312 12.8289 0.592303	
20.42	6.22387 12.7988 0.526068	
20.43	6.22555 12.7763 0.466245	
20.44	6.20834 12.7743 0.451853	
20.45	6.19229 12.7729 0.441981	
20.46	6.1822 12.7553 0.407557	
20.47	6.19225 12.7264 0.339833	
20.48	6.20005 12.6943 0.263451	
20.49	6.22286 12.6704 0.205414	
20.5	6.22894 12.6401 0.147736	
20.51	6.23406 12.6102 0.100281	
20.52	6.24619 12.5866 0.0529396	
20.53	6.24911 12.555 0.00470009	
20.54	6.26826 12.5287 -0.0364143	
20.55	6.31557 12.442 -0.163029	
20.56	6.31112 12.4231 -0.187814	
20.57	6.32229 12.4133 -0.20398	
20.58	6.31277 12.3869 -0.234649	
20.59	6.31786 12.3626 -0.268489	
20.6	6.32259 12.3464 -0.293677	
20.61	6.3311 12.3292 -0.32119	
20.62	6.33804 12.2989 -0.354801	
20.63	6.35358 12.2744 -0.383851	
20.64	6.35962 12.2497 -0.417387	
20.65	6.36784 12.2287 -0.435587	
20.66	6.38523 12.2105 -0.460923	
20.67	6.40142 12.1879 -0.487117	
20.68	6.4169 12.1553 -0.523283	
20.69	6.44946 12.1272 -0.553862	
20.7	6.46781 12.0991 -0.578697	
20.71	6.48431 12.0754 -0.601681	
20.72	6.51696 12.0501 -0.628082	
20.73	6.53506 12.0278 -0.644093	
20.74	6.5522 12.0103 -0.65821	
20.75	6.57744 11.9861 -0.677538	
20.76	6.64111 11.9112 -0.80353	
20.77	6.64226 11.9123 -0.784476	
20.78	6.65406 11.895 -0.780164	
20.79	6.67389 11.878 -0.785422	
20.8	6.7044 11.8594 -0.785618	
20.81	6.71788 11.8444 -0.787845	
20.82	6.74083 11.827 -0.79106	
20.83	6.76548 11.8042 -0.797788	
20.84	6.78307 11.7843 -0.801078	
20.85	6.81647 11.7585 -0.80911	
20.86	6.83418 11.7412 -0.813705	
20.87	6.86825 11.7149 -0.823178	
20.88	6.90166 11.6878 -0.833097	
20.89	6.93666 11.6572 -0.840064	
20.9	6.974 11.6226 -0.849584	
20.91	7.00015 11.5914 -0.857092	
20.92	7.04537 11.5641 -0.856488	
20.93	7.06484 11.5271 -0.85833	
20.94	7.10009 11.5019 -0.856963	
20.95	7.13576 11.474 -0.86044	
20.96	7.15629 11.4542 -0.851795	
20.97	7.17529 11.4337 -0.846863	
20.98	7.21136 11.4047 -0.842256	
20.99	7.23707 11.3787 -0.844807	
21	7.2492 11.3593 -0.828952	
21.01	7.27617 11.3436 -0.818246	
21.02	7.2959 11.3193 -0.809891	
21.03	7.32307 11.297 -0.804087	
21.04	7.33721 11.2707 -0.781225	
21.05	7.3574 11.2496 -0.764391	
21.06	7.38377 11.2325 -0.745249	
21.07	7.40308 11.2064 -0.735785	
21.08	7.42634 11.1687 -0.701932	
21.09	7.44522 11.1522 -0.682778	
21.1	7.47342 11.1353 -0.651555	
21.11	7.48719 11.1123 -0.619968	
21.12	7.50869 11.0833 -0.587273	
21.13	7.5371 11.0657 -0.547504	
21.14	7.54915 11.0442 -0.521975	
21.15	7.56947 11.0176 -0.484211	
21.16	7.59009 11.0024 -0.44539	
21.17	7.59557 10.9927 -0.399314	
21.18	7.61623 10.9778 -0.360426	
21.19	7.63025 10.9482 -0.306745	
21.2	7.64235 10.9334 -0.267752	
21.21	7.66482 10.9115 -0.209192	
21.22	7.67091 10.8915 -0.151682	
21.23	7.68527 10.8664 -0.0892351	
21.24	7.70591 10.849 -0.0474968	
21.25	7.73504 10.8 -0.0315536	
21.26	7.7482 10.7643 0.0436392	
21.27	7.75904 10.7419 0.163529	
21.28	7.76365 10.7299 0.297731	
21.29	7.76047 10.71 0.417053	
21.3	7.75548 10.7072 0.534034	
21.31	7.75865 10.7142 0.638347	
21.32	7.74606 10.7241 0.753817	
21.33	7.7337 10.737 0.864651	
21.34	7.7225 10.7531 0.991848	
21.35	7.71135 10.7729 1.10617	
21.36	7.6783 10.8069 1.23913	
21.37	7.65981 10.8242 1.33836	
21.38	7.62586 10.8602 1.47592	
21.39	7.59063 10.9014 1.60236	
21.4	7.5619 10.9505 1.71026	
21.41	7.50837 10.994 1.80783	
21.42	7.46123 11.0481 1.90417	
21.43	7.42055 11.0965 1.98042	
21.44	7.37325 11.1464 2.056	
21.45	7.3324 11.1912 2.11547	
21.46	7.29219 11.2299 2.16987	
21.47	7.2591 11.2673 2.20846	
21.48	7.21285 11.2926 2.25148	
21.49	7.16524 11.3286 2.29319	
21.5	7.12486 11.3516 2.31634	
21.51	7.07661 11.3839 2.34941	
21.52	7.02103 11.4113 2.3767	
21.53	6.97899 11.4506 2.39977	
21.54	6.91963 11.49 2.4182	
21.55	6.86249 11.5283 2.43976	
21.56	6.80844 11.5685 2.44291	
21.57	6.74855 11.6196 2.4556	
21.58	6.68826 11.6617 2.45845	
21.59	6.63492 11.7173 2.46486	
21.6	6.58139 11.7612 2.46491	
21.61	6.52778 11.8081 2.45344	
21.62	6.46536 11.8463 2.44013	
21.63	6.41105 11.8875 2.42342	
21.64	6.36578 11.9313 2.40809	
21.65	6.3088 11.9685 2.38294	
21.66	6.24708 12.008 2.36197	
21.67	6.19185 12.0491 2.33	
21.68	6.15173 12.0856 2.30193	
21.69	6.08755 12.1217 2.26455	
21.7	6.03964 12.1592 2.23667	
21.71	5.9852 12.1921 2.19973	
21.72	5.93312 12.2175 2.17274	
21.73	5.88612 12.2499 2.13603	
21.74	5.83802 12.2766 2.09366	
21.75	5.78246 12.2965 2.04861	
21.76	5.73032 12.3207 2.01272	
21.77	5.67462 12.336 1.96194	
21.78	5.61954 12.3538 1.92036	
21.79	5.57221 12.366 1.87298	
21.8	5.52338 12.3803 1.82255	
21.81	5.47715 12.3937 1.77522	
21.82	5.4299 12.41 1.72462	
21.83	5.38255 12.418 1.67154	
21.84	5.34165 12.4308 1.61212	
21.85	5.2811 12.448 1.56473	
21.86	5.2429 12.4568 1.51179	
21.87	5.20272 12.456 1.45638	
21.88	5.15578 12.4654 1.40353	
21.89	5.12714 12.4767 1.35981	
21.9	5.08866 12.4757 1.31691	
21.91	5.06727 12.4825 1.27653	
21.92	5.04567 12.4888 1.23635	
21.93	5.03116 12.4937 1.19619	
21.94	5.0056 12.4992 1.17135	
21.95	4.98333 12.5018 1.13451	
21.96	4.9759 12.5013 1.09787	
21.97	4.96445 12.5234 1.09079	
21.98	4.95001 12.5236 1.08104	
21.99	4.94906 12.5377 1.0642	
22	4.93532 12.5406 1.0507	
22.01	4.9281 12.5538 1.05845	
22.02	4.92592 12.5465 1.03038	
22.03	4.9189 12.5563 1.03549	
22.04	4.91096 12.5619 1.02598	
22.05	4.91171 12.5622 1.01227	
22.06	4.91112 12.5815 1.01664	
22.07	4.91629 12.5951 1.00387	
22.08	4.90291 12.6256 1.02638	
22.09	4.92155 12.6405 1.01499	
22.1	4.9315 12.7102 1.05738	
22.11	4.94218 12.7565 1.06944	
22.12	4.96094 12.8332 1.10645	
22.13	4.98467 12.8949 1.12678	
22.14	5.00813 12.9804 1.16951	
22.15	5.04544 13.0925 1.23377	
22.16	5.08908 13.1949 1.28595	
22.17	5.13822 13.3178 1.34265	
22.18	5.16723 13.3822 1.37702	
22.19	5.19632 13.4489 1.4064	
22.2	5.22569 13.5141 1.43926	
22.21	5.25362 13.5623 1.46142	
22.22	5.27511 13.6223 1.49394	
22.23	5.31058 13.6873 1.52078	
22.24	5.32973 13.7302 1.53526	
22.25	5.35191 13.7818 1.55587	
22.26	5.3656 13.8337 1.57658	
22.27	5.37793 13.8653 1.58902	
22.28	5.3908 13.9048 1.60279	
22.29	5.41128 13.9503 1.61092	
22.3	5.42402 13.9902 1.62484	
22.31	5.42936 14.0311 1.63158	
22.32	5.43446 14.0622 1.63988	
22.33	5.44134 14.0946 1.64842	
22.34	5.44643 14.1397 1.65227	
22.35	5.45777 14.1597 1.65067	
22.36	5.45515 14.1943 1.64699	
22.37	5.46139 14.238 1.65597	
22.38	5.46752 14.2629 1.66339	
22.39	5.47392 14.2982 1.66226	
22.4	5.47849 14.3324 1.66093	
22.41	5.47649 14.3528 1.65509	
22.42	5.48245 14.3767 1.64869	
22.43	5.48081 14.4076 1.6344	
22.44	5.47089 14.4247 1.62437	
22.45	5.47689 14.4488 1.61806	
22.46	5.46864 14.4712 1.59831	
22.47	5.46574 14.4902 1.57866	
22.48	5.46378 14.5099 1.55917	
22.49	5.44878 14.5257 1.53837	
22.5	5.44496 14.5434 1.50963	
22.51	5.42911 14.5587 1.48875	
22.52	5.42724 14.579 1.46239	
22.53	5.41256 14.5893 1.44021	
22.54	5.40915 14.5997 1.4104	
22.55	5.3921 14.6217 1.37465	
22.56	5.39049 14.6383 1.35133	
22.57	5.38101 14.6484 1.31735	
22.58	5.37849 14.6636 1.28492	
22.59	5.3705 14.6875 1.25866	
22.6	5.3611 14.6973 1.23174	
22.61	5.36569 14.7126 1.19247	
22.62	5.37112 14.733 1.1665	
22.63	5.36837 14.7545 1.13113	
22.64	5.37212 14.7683 1.0898	
22.65	5.37013 14.8078 1.0782	
22.66	5.37071 14.8429 1.05089	
22.67	5.37414 14.8887 1.02808	
22.68	5.37727 14.9409 0.981205	
22.69	5.39825 14.9695 0.904037	
22.7	5.419 15.0034 0.847682	
22.71	5.43259 15.0312 0.783419	
22.72	5.4412 15.07 0.744224	
22.73	5.43773 15.1354 0.734971	
22.74	5.44095 15.185 0.726452	
22.75	5.47786 15.2159 0.626925	
22.76	5.50205 15.2397 0.552108	
22.77	5.53847 15.2705 0.476312	
22.78	5.55865 15.292 0.402284	
22.79	5.58705 15.3121 0.327383	
22.8	5.62141 15.331 0.259286	
22.81	5.64815 15.3521 0.195207	
22.82	5.68307 15.3679 0.144747	
22.83	5.71072 15.388 0.104176	
22.84	5.73895 15.4051 0.076235	
22.85	5.75927 15.4112 0.0474364	
22.86	5.78657 15.4274 0.0187159	
22.87	5.81434 15.4314 -0.00836142	
22.88	5.8456 15.4194 -0.129295	
22.89	5.85368 15.4791 -0.0294288	
22.9	5.90931 15.4285 -0.145065	
22.91	5.9367 15.4938 -0.0640861	
22.92	5.98338 15.4799 -0.147401	
22.93	6.0158 15.5395 -0.0722299	
22.94	6.0605 15.5185 -0.14649	
22.95	6.0867 15.5794 -0.0896488	
22.96	6.13342 15.582 -0.133471	
22.97	6.16736 15.6339 -0.0907396	
22.98	6.1999 15.6375 -0.124564	
22.99	6.23864 15.6878 -0.0879425	
23	6.29778 15.7126 -0.109943	
23.01	6.32774 15.7335 -0.108722	
23.02	6.37412 15.7595 -0.113639	
23.03	6.41897 15.783 -0.11289	
23.04	6.4649 15.8082 -0.114312	
23.05	6.51985 15.8255 -0.104156	
23.06	6.63593 15.852 -0.14501	
23.07	6.61685 15.8596 -0.127654	
23.08	6.67571 15.8521 -0.158969	
23.09	6.72783 15.8572 -0.159285	
23.1	6.77037 15.8358 -0.199115	
23.11	6.78161 15.8069 -0.195575	
23.12	6.80834 15.7807 -0.230245	
23.13	6.87537 15.7629 -0.278348	
23.14	6.93483 15.7231 -0.324106	
23.15	6.97656 15.7039 -0.347449	
23.16	7.01836 15.652 -0.382098	
23.17	7.14246 15.5181 -0.58266	
23.18	7.16113 15.4555 -0.575748	
23.19	7.17487 15.3897 -0.573836	
23.2	7.19339 15.3208 -0.565737	
23.21	7.21494 15.2112 -0.569629	
23.22	7.21529 15.0956 -0.566035	
23.23	7.21628 14.9891 -0.564611	
23.24	7.22766 14.8577 -0.55359	
23.25	7.22352 14.7248 -0.544795	
23.26	7.23102 14.591 -0.540547	
23.27	7.23679 14.4256 -0.555093	
23.28	7.2412 14.3332 -0.560426	
23.29	7.24503 14.2375 -0.551062	
23.3	7.24248 14.149 -0.559166	
23.31	7.24019 14.0434 -0.552937	
23.32	7.24791 13.9363 -0.557247	
23.33	7.24002 13.8205 -0.555767	
23.34	7.24504 13.7349 -0.556908	
23.35	7.24257 13.6358 -0.553811	
23.36	7.23272 13.5485 -0.559665	
23.37	7.22955 13.4606 -0.552	
23.38	7.15783 13.4775 -0.249497	
23.39	7.14573 13.3992 -0.244596	
23.4	7.1332 13.3218 -0.234896	
23.41	7.12221 13.2277 -0.214134	
23.42	7.11041 13.1358 -0.1942	
23.43	7.10608 13.0572 -0.160171	
23.44	7.10976 12.971 -0.128352	
23.45	7.09865 12.8796 -0.0889568	
23.46	7.10988 12.796 -0.0478766	
23.47	7.12651 12.6288 -0.0844214	
23.48	7.11694 12.5559 -0.0193942	
23.49	7.10275 12.4405 -0.00297492	
23.5	7.0817 12.3746 0.10061	
23.51	7.10266 12.3359 0.201151	
23.52	7.0903 12.2815 0.287482	
23.53	7.09277 12.2362 0.367976	
23.54	7.07551 12.1731 0.465117	
23.55	7.07149 12.1537 0.62231	
23.56	7.07253 12.0983 0.67855	
23.57	7.09001 12.0524 0.739212	
23.58	7.11107 12.0114 0.782827	
23.59	7.14821 11.9888 0.839522	
23.6	7.18349 11.9716 0.869155	
23.61	7.2347 11.9625 0.909869	
23.62	7.28415 11.9553 0.940252	
23.63	7.27088 11.9365 0.980788	
23.64	7.31563 11.9226 0.998458	
23.65	7.3731 11.9263 1.0094	
23.66	7.38435 11.991 1.1061	
23.67	7.437 11.9806 1.09269	
23.68	7.48649 11.9749 1.07914	
23.69	7.53658 11.97 1.05971	
23.7	7.58261 11.9698 1.04408	
23.71	7.63268 11.9738 1.03278	
23.72	7.66907 11.9811 1.03377	
23.73	7.71001 11.9779 1.01858	
23.74	7.73057 11.9865 1.0444	
23.75	7.77309 11.9532 1.03833	
23.76	7.78814 11.9208 1.07554	
23.77	7.79919 11.8935 1.11681	
23.78	7.8088 11.8695 1.18549	
23.79	7.80422 11.8436 1.2657	
23.8	7.80685 11.8275 1.36241	
23.81	7.81147 11.8022 1.45774	
23.82	7.81382 11.7834 1.53985	
23.83	7.81674 11.7725 1.64433	
23.84	7.81013 11.7564 1.7354	
23.85	7.80325 11.7483 1.82806	
23.86	7.80413 11.7429 1.93094	
23.87	7.8122 11.7452 2.01887	
23.88	7.81314 11.7547 2.12471	
23.89	7.81605 11.7607 2.22915	
23.9	7.81957 11.7642 2.32945	
23.91	7.82464 11.7756 2.44772	
23.92	7.82931 11.7841 2.55749	
23.93	7.82526 11.7893 2.65869	
23.94	7.82428 11.804 2.77701	
23.95	7.82257 11.8092 2.88143	
23.96	7.81561 11.8319 3.00559	
23.97	7.81442 11.8532 3.11752	
23.98	7.81118 11.8822 3.25047	
23.99	7.82163 11.9176 3.36576	
24	7.83063 11.9521 3.46359	
24.01	7.85067 11.9952 3.55295	
24.02	7.87769 12.0446 3.6243	
24.03	7.90572 12.0924 3.68034	
24.04	7.93703 12.1311 3.70528	
24.05	7.97022 12.1615 3.72053	
24.06	7.99978 12.1848 3.71172	
24.07	8.02872 12.2014 3.68945	
24.08	8.04493 12.2091 3.64942	
24.09	8.06033 12.2101 3.58762	
24.1	8.06901 12.2168 3.51858	
24.11	8.07032 12.2219 3.44756	
24.12	8.08555 12.2352 3.34928	
24.13	8.09972 12.2426 3.22912	
24.14	8.09778 12.2516 3.11954	
24.15	8.10021 12.257 2.99325	
24.16	8.11024 12.2626 2.83153	
24.17	8.10723 12.2667 2.68611	
24.18	8.12527 12.2765 2.50749	
24.19	8.13075 12.2867 2.34757	
24.2	8.13652 12.2987 2.19493	
24.21	8.1521 12.3166 2.01207	
24.22	8.17167 12.3389 1.84754	
24.23	8.18592 12.3675 1.67964	
24.24	8.20924 12.3978 1.47546	
24.25	8.23963 12.4299 1.27166	
24.26	8.28048 12.4698 1.09099	
24.27	8.32203 12.5351 0.929636	
24.28	8.37546 12.5963 0.724667	
24.29	8.46544 12.6978 0.422442	
24.3	8.55809 12.8062 0.14208	
24.31	8.64318 12.9121 -0.107531	
24.32	8.75331 13.0516 -0.414194	
24.33	8.84397 13.1843 -0.684867	
24.34	8.92455 13.3086 -0.921768	
24.35	8.98432 13.4293 -1.15142	
24.36	9.04371 13.5604 -1.38223	
24.37	9.09044 13.653 -1.55292	
24.38	9.15059 13.796 -1.82631	
24.39	9.20121 13.9594 -2.09554	
24.4	9.25769 14.1427 -2.38701	
24.41	9.31003 14.3209 -2.63273	
24.42	9.3553 14.5019 -2.89124	
24.43	9.40058 14.6913 -3.13209	
24.44	9.41302 14.8593 -3.31191	
24.45	9.42217 14.9997 -3.46761	
24.46	9.42085 15.1229 -3.59726	
24.47	9.41245 15.2379 -3.70136	
24.48	9.40335 15.3538 -3.81327	
24.49	9.39082 15.4637 -3.92584	
24.5	9.36641 15.5841 -4.01822	
24.51	9.34086 15.7318 -4.15867	
24.52	9.30546 15.8842 -4.28932	
24.53	9.27542 16.0133 -4.40878	
24.54	9.23949 16.1701 -4.54408	
24.55	9.21261 16.2679 -4.62477	
24.56	9.17897 16.4167 -4.73503	
24.57	9.1569 16.5225 -4.81529	
24.58	9.12849 16.6228 -4.89244	
24.59	9.10486 16.7472 -4.97446	
24.6	9.08552 16.8454 -5.04836	
24.61	9.06281 16.9586 -5.10806	
24.62	9.03839 17.0855 -5.18685	
24.63	9.00334 17.2347 -5.26847	
24.64	8.98057 17.3445 -5.32379	
24.65	8.95968 17.4982 -5.40239	
24.66	8.94867 17.5871 -5.44318	
24.67	8.92827 17.6832 -5.50048	
24.68	8.90357 17.8084 -5.56183	
24.69	8.87036 17.9521 -5.6327	
24.7	8.83808 18.0912 -5.70104	
24.71	8.80593 18.2375 -5.76817	
24.72	8.77546 18.3608 -5.83152	
24.73	8.74669 18.4804 -5.87979	
24.74	8.72119 18.5789 -5.92197	
24.75	8.68243 18.7117 -5.97708	
24.76	8.64657 18.8259 -6.02138	
24.77	8.61017 18.9238 -6.06054	
24.78	8.58186 19.0465 -6.10352	
24.79	8.55231 19.1571 -6.14441	
24.8	8.52278 19.2682 -6.18436	
24.81	8.49803 19.383 -6.21855	
24.82	8.46878 19.4931 -6.24899	
24.83	8.4514 19.6157 -6.29405	
24.84	8.41854 19.7284 -6.31763	
24.85	8.38312 19.9118 -6.35971	
24.86	8.36954 20.0145 -6.37329	
24.87	8.33765 20.1385 -6.39915	
24.88	8.31574 20.2338 -6.41148	
24.89	8.30073 20.3469 -6.42753	
24.9	8.27094 20.4575 -6.44341	
24.91	8.25626 20.5686 -6.46253	
24.92	8.23274 20.6756 -6.47377	
24.93	8.20709 20.7909 -6.49163	
24.94	8.19519 20.8753 -6.50254	
24.95	8.1704 20.9914 -6.51832	
24.96	8.14853 21.0868 -6.52713	
24.97	8.12579 21.1884 -6.53486	
24.98	8.11419 21.2708 -6.5363	
24.99	8.09229 21.3664 -6.54323	
25	8.07124 21.4561 -6.55004	
25.01	8.05229 21.5308 -6.55036	
25.02	8.03981 21.6195 -6.54926	
25.03	8.00882 21.72 -6.55303	
25.04	7.99979 21.7842 -6.55348	
25.05	7.9748 21.8491 -6.55695	
25.06	7.96449 21.9223 -6.56305	
25.07	7.94461 21.9968 -6.56136	
25.08	7.93556 22.0612 -6.56057	
25.09	7.92437 22.1407 -6.56478	
25.1	7.90714 22.2034 -6.56319	
25.11	7.89211 22.2573 -6.55488	
25.12	7.88219 22.3279 -6.55205	
25.13	7.86833 22.3915 -6.55026	
25.14	7.86193 22.4441 -6.54918	
25.15	7.85198 22.5081 -6.54687	
25.16	7.84085 22.56 -6.54583	
25.17	7.82496 22.6134 -6.53664	
25.18	7.8126 22.6746 -6.54095	
25.19	7.80405 22.7359 -6.53043	
25.2	7.79305 22.7878 -6.52857	
25.21	7.7845 22.8494 -6.53214	
25.22	7.77724 22.9016 -6.52987	
25.23	7.76913 22.96 -6.52626	
25.24	7.75156 23.0261 -6.52777	
25.25	7.74429 23.0784 -6.52486	
25.26	7.73703 23.1307 -6.52177	
25.27	7.7366 23.1942 -6.524	
25.28	7.71987 23.2543 -6.52569	
25.29	7.72074 23.3084 -6.52209	
25.3	7.71216 23.3703 -6.52342	
25.31	7.69589 23.4271 -6.51781	
25.32	7.68776 23.4856 -6.51209	
25.33	7.6787 23.551 -6.51916	
25.34	7.67053 23.6343 -6.50723	
25.35	7.65923 23.7155 -6.514	
25.36	7.65009 23.7812 -6.51684	
25.37	7.64729 23.8252 -6.51751	
25.38	7.63813 23.8908 -6.51982	
25.39	7.62896 23.9565 -6.5218	
25.4	7.62826 24.0214 -6.52835	
25.41	7.62306 24.0748 -6.5334	
25.42	7.62153 24.1523 -6.53558	
25.43	7.61232 24.2181 -6.53626	
25.44	7.60139 24.2961 -6.53319	
25.45	7.60199 24.3513 -6.53674	
25.46	7.59207 24.4221 -6.52365	
25.47	7.58164 24.4966 -6.51642	
25.48	7.5788 24.5763 -6.51185	
25.49	7.57095 24.6323 -6.50619	
25.5	7.56854 24.7019 -6.50029	
25.51	7.57004 24.7576 -6.50174	
25.52	7.56218 24.8136 -6.49534	
25.53	7.56011 24.8807 -6.49336	
25.54	7.56017 24.9396 -6.49737	
25.55	7.55267 24.9931 -6.49502	
25.56	7.5417 25.0643 -6.48679	
25.57	7.53947 25.1325 -6.4911	
25.58	7.53263 25.1812 -6.50081	
25.59	7.52829 25.2643 -6.5217	
25.6	7.51727 25.3358 -6.5382	
25.61	7.50362 25.426 -6.57383	
25.62	7.50261 25.4851 -6.60184	
25.63	7.4955 25.5288 -6.62012	
25.64	7.4862 25.5949 -6.63662	
25.65	7.4766 25.6562 -6.66614	
25.66	7.4689 25.704 -6.68939	
25.67	7.46657 25.7792 -6.70972	
25.68	7.45893 25.8334 -6.72946	
25.69	7.45137 25.8869 -6.76431	
25.7	7.43485 25.9391 -6.78071	
25.71	7.4355 25.9928 -6.80445	
25.72	7.42734 26.0506 -6.84393	
25.73	7.42657 26.1142 -6.86682	
25.74	7.41785 26.1759 -6.90783	
25.75	7.41846 26.2293 -6.94557	
25.76	7.39973 26.297 -6.99397	
25.77	7.40166 26.3409 -7.03142	
25.78	7.39257 26.4051 -7.06271	
25.79	7.38569 26.4536 -7.09688	
25.8	7.38584 26.5098 -7.12798	
25.81	7.3831 26.5792 -7.17908	
25.82	7.37615 26.6279 -7.21228	
25.83	7.37567 26.6879 -7.2596	
25.84	7.36792 26.7489 -7.30106	
25.85	7.36037 26.8019 -7.33536	
25.86	7.35305 26.8529 -7.37745	
25.87	7.35118 26.9152 -7.41869	
25.88	7.34556 26.9686 -7.45199	
25.89	7.34675 27.0154 -7.49609	
25.9	7.3382 27.0748 -7.54077	
25.91	7.33381 27.1184 -7.58935	
25.92	7.33368 27.1673 -7.62499	
25.93	7.31923 27.2257 -7.66864	
25.94	7.31859 27.2973 -7.72545	
25.95	7.31039 27.3533 -7.76633	
25.96	7.30283 27.4178 -7.81045	
25.97	7.30661 27.4642 -7.85363	
25.98	7.29824 27.5145 -7.89426	
25.99	7.30119 27.5588 -7.9455	
26	7.30051 27.6156 -8.00167	
26.01	7.29393 27.6713 -8.05754	
26.02	7.28647 27.7146 -8.10554	
26.03	7.28816 27.7726 -8.1602	
26.04	7.28201 27.8127 -8.22042	
26.05	7.28135 27.8607 -8.29217	
26.06	7.28127 27.9113 -8.35507	
26.07	7.27495 27.9523 -8.41457	
26.08	7.27124 27.9744 -8.5047	
26.09	7.27506 27.9442 -8.63932	
26.1	7.2779 27.973 -8.73096	
26.11	7.27631 27.9814 -8.80385	
26.12	7.28157 27.9906 -8.96648	
26.13	7.27594 28.0254 -9.05429	
26.14	7.27109 28.054 -9.16568	
26.15	7.25569 28.0953 -9.24677	
26.16	7.24696 28.1404 -9.35713	
26.17	7.2364 28.1886 -9.45924	
26.18	7.22196 28.2279 -9.55342	
26.19	7.215 28.2621 -9.65597	
26.2	7.19159 28.3015 -9.75204	
26.21	7.1841 28.3473 -9.85666	
26.22	7.16165 28.3757 -9.94067	
26.23	7.14771 28.339 -10.1328	
26.24	7.12858 28.3415 -10.2455	
26.25	7.10513 28.3254 -10.3446	
26.26	7.08642 28.3161 -10.4451	
26.27	7.06354 28.3046 -10.5306	
26.28	7.04456 28.2914 -10.6249	
26.29	7.02614 28.2816 -10.6854	
26.3	7.00909 28.2614 -10.7685	
26.31	6.98582 28.2477 -10.837	
26.32	6.9705 28.2334 -10.8956	
26.33	6.95484 28.2184 -10.9552	
26.34	6.948 28.2076 -10.998	
26.35	6.93602 28.1952 -11.041	
26.36	6.92346 28.1872 -11.0653	
26.37	6.91747 28.1814 -11.0841	
26.38	6.90429 28.1777 -11.0899	
26.39	6.89848 28.1773 -11.0842	
26.4	6.89974 28.1671 -11.0758	
26.41	6.89223 28.1291 -11.0579	
26.42	6.88981 28.1049 -11.032	
26.43	6.889 28.0668 -10.9991	
26.44	6.89182 28.0419 -10.9635	
26.45	6.88876 28.0218 -10.9242	
26.46	6.89311 27.9948 -10.8537	
26.47	6.89048 27.9624 -10.797	
26.48	6.88973 27.9301 -10.7445	
26.49	6.89341 27.8961 -10.6882	
26.5	6.88885 27.8645 -10.6394	
26.51	6.89459 27.8345 -10.5947	
26.52	6.89901 27.7873 -10.5513	
26.53	6.90208 27.7581 -10.5014	
26.54	6.8992 27.7202 -10.4606	
26.55	6.90548 27.6706 -10.3913	
26.56	6.90237 27.634 -10.3448	
26.57	6.90679 27.5941 -10.2963	
26.58	6.9117 27.5503 -10.2405	
26.59	6.90818 27.5164 -10.1829	
26.6	6.90649 27.4804 -10.1155	
26.61	6.91179 27.4335 -10.0522	
26.62	6.91446 27.406 -9.98079	
26.63	6.9112 27.3692 -9.91551	
26.64	6.9088 27.3213 -9.81913	
26.65	6.90591 27.294 -9.74217	
26.66	6.9011 27.2671 -9.66511	
26.67	6.89668 27.2426 -9.5805	
26.68	6.89407 27.2127 -9.4961	
26.69	6.89403 27.1804 -9.38877	
26.7	6.89096 27.1524 -9.30139	
26.71	6.89687 27.1308 -9.23346	
26.72	6.90072 27.109 -9.16796	
26.73	6.89685 27.0858 -9.06705	
26.74	6.89194 27.0731 -9.00011	
26.75	6.88719 27.0562 -8.91325	
26.76	6.88939 27.0471 -8.84083	
26.77	6.88185 27.0391 -8.77562	
26.78	6.8811 27.0375 -8.71218	
26.79	6.87293 27.034 -8.64881	
26.8	6.86486 27.0309 -8.60057	
26.81	6.86365 27.0341 -8.55411	
26.82	6.85451 27.0374 -8.49968	
26.83	6.8545 27.0346 -8.47448	
26.84	6.85242 27.0459 -8.43472	
26.85	6.84167 27.0491 -8.39831	
26.86	6.8403 27.0566 -8.37179	
26.87	6.83055 27.0607 -8.35004	
26.88	6.82588 27.0698 -8.31589	
26.89	6.82302 27.0752 -8.29745	
26.9	6.81205 27.0829 -8.28105	
26.91	6.79925 27.0884 -8.25462	
26.92	6.78751 27.102 -8.23496	
26.93	6.78286 27.1138 -8.21275	
26.94	6.77711 27.127 -8.18588	
26.95	6.76429 27.1419 -8.16155	
26.96	6.75078 27.1548 -8.12966	
26.97	6.74625 27.1739 -8.09952	
26.98	6.73393 27.1926 -8.06436	
26.99	6.72038 27.2079 -8.04249	
27	6.71635 27.2308 -8.00154	
27.01	6.7034 27.2475 -7.97203	
27.02	6.69293 27.2685 -7.94686	
27.03	6.67993 27.2932 -7.90839	
27.04	6.6752 27.3164 -7.88305	
27.05	6.66336 27.3397 -7.84916	
27.06	6.65751 27.3705 -7.81228	
27.07	6.65242 27.3954 -7.77871	
27.08	6.63877 27.4203 -7.75574	
27.09	6.63232 27.4498 -7.72336	
27.1	6.62454 27.4769 -7.70016	
27.11	6.61032 27.5004 -7.6817	
27.12	6.60194 27.5393 -7.64805	
27.13	6.59367 27.5731 -7.62029	
27.14	6.57787 27.5968 -7.60169	
27.15	6.56344 27.6218 -7.57486	
27.16	6.56127 27.6497 -7.55583	
27.17	6.54778 27.6612 -7.54454	
27.18	6.53817 27.68 -7.53368	
27.19	6.5218 27.6962 -7.52351	
27.2	6.50572 27.7081 -7.50856	
27.21	6.4977 27.7206 -7.50164	
27.22	6.482 27.7363 -7.49861	
27.23	6.46695 27.7486 -7.48311	
27.24	6.45065 27.7597 -7.47584	
27.25	6.43421 27.7655 -7.47152	
27.26	6.41946 27.7712 -7.46721	
27.27	6.41164 27.7794 -7.46219	
27.28	6.38762 27.7911 -7.44587	
27.29	6.36999 27.8227 -7.4338	
27.3	6.34903 27.9138 -7.38122	
27.31	6.3209 28.0198 -7.32931	
27.32	6.30472 28.1054 -7.28617	
27.33	6.29102 28.1807 -7.24466	
27.34	6.27535 28.2804 -7.19447	
27.35	6.27781 28.368 -7.14904	
27.36	6.28264 28.4617 -7.09775	
27.37	6.30105 28.5925 -7.02179	
27.38	6.33214 28.6954 -6.97161	
27.39	6.34606 28.7589 -6.93108	
27.4	6.37358 28.8219 -6.8965	
27.41	6.37667 28.8543 -6.87721	
27.42	6.37259 28.8846 -6.85867	
27.43	6.36889 28.9277 -6.82667	
27.44	6.37505 28.9645 -6.81148	
27.45	6.37135 29.0065 -6.78826	
27.46	6.37147 29.0446 -6.7711	
27.47	6.36964 29.0659 -6.75925	
27.48	6.3621 29.0925 -6.73854	
27.49	6.35266 29.1209 -6.73246	
27.5	6.33478 29.1393 -6.72162	
27.51	6.31083 29.148 -6.72095	
27.52	6.29238 29.1689 -6.72029	
27.53	6.26634 29.1873 -6.72472	
27.54	6.24003 29.2127 -6.71226	
27.55	6.21605 29.255 -6.71008	
27.56	6.18406 29.2924 -6.69102	
27.57	6.16884 29.3145 -6.71192	
27.58	6.148 29.337 -6.73895	
27.59	6.14283 29.3783 -6.74479	
27.6	6.13183 29.3987 -6.77712	
27.61	6.13889 29.4308 -6.81649	
27.62	6.14505 29.4661 -6.86534	
27.63	6.16355 29.4909 -6.91282	
27.64	6.17414 29.5263 -6.96685	
27.65	6.19639 29.5547 -7.0289	
27.66	6.21459 29.6038 -7.05955	
27.67	6.23551 29.6773 -7.0957	
27.68	6.25122 29.7529 -7.11518	
27.69	6.26736 29.8173 -7.12343	
27.7	6.28237 29.8459 -7.17707	
27.71	6.28836 29.8611 -7.24547	
27.72	6.28494 29.8794 -7.28113	
27.73	6.28586 29.9199 -7.3273	
27.74	6.29141 29.9574 -7.3666	
27.75	6.29679 30.0051 -7.39716	
27.76	6.30912 30.019 -7.42427	
27.77	6.70568 30.0573 -8.50747	
27.78	6.70811 30.0545 -8.5167	
27.79	6.70055 30.0565 -8.50919	
27.8	6.6931 30.0616 -8.52062	
27.81	6.71283 30.0688 -8.54512	
27.82	6.7331 30.0829 -8.55985	
27.83	6.75332 30.0767 -8.59573	
27.84	6.76064 30.09 -8.61028	
27.85	6.78152 30.1012 -8.63213	
27.86	6.79029 30.1083 -8.65074	
27.87	6.80601 30.1199 -8.66993	
27.88	6.82194 30.1376 -8.69576	
27.89	6.66506 30.0507 -8.5221	
27.9	6.66506 30.0507 -8.5221	
27.91	6.66607 30.0509 -8.52171	
27.92	6.6701 30.0516 -8.52017	
27.93	6.6802 30.0533 -8.51639	
27.94	6.68933 30.0548 -8.51309	
27.95	6.69341 30.0554 -8.51166	
27.96	6.69851 30.0562 -8.50989	
27.97	6.70773 30.0576 -8.50679	
27.98	6.71904 30.0593 -8.50312	
27.99	6.73042 30.0609 -8.49961	
28	6.7408 30.0623 -8.49653	
28.01	6.76193 30.0494 -8.54026	
28.02	6.7617 30.0649 -8.49075	
28.03	6.77326 30.0613 -8.50378	
28.04	6.77431 30.0663 -8.48752	
28.05	6.77958 30.0669 -8.48623	
28.06	6.78486 30.0675 -8.48496	
28.07	6.79121 30.0682 -8.48348	
28.08	6.79121 30.0682 -8.48348	
28.09	6.79545 30.0686 -8.48252	
28.1	6.79863 30.0689 -8.48182	
28.11	6.80394 30.0695 -8.48066	
28.12	6.80713 30.0698 -8.47999	
28.13	6.82009 30.0681 -8.48659	
28.14	6.82768 30.061 -8.51029	
28.15	6.84288 30.0591 -8.5177	
28.16	6.84499 30.0567 -8.52528	
28.17	6.85253 30.052 -8.54097	
28.18	6.85901 30.0496 -8.54888	
28.19	6.86004 30.0471 -8.55666	
28.2	6.82206 30.0711 -8.47697	
28.21	6.82969 30.0665 -8.4927	
28.22	6.82419 30.0689 -8.48457	
28.23	6.83183 30.0692 -8.48429	
28.24	6.83182 30.0667 -8.49229	
28.25	6.83289 30.0668 -8.49209	
28.26	6.82633 30.069 -8.48416	
28.27	6.81976 30.0713 -8.47624	
28.28	6.82082 30.0714 -8.47604	
28.29	6.82633 30.0715 -8.47616	
28.3	6.82082 30.0714 -8.47604	
28.31	6.83397 30.0693 -8.48389	
28.32	6.8274 30.0716 -8.47596	
28.33	6.8274 30.0716 -8.47596	
28.34	6.82847 30.0717 -8.47576	
28.35	6.82847 30.0717 -8.47576	
28.36	6.8274 30.0716 -8.47596	
28.37	6.82312 30.0712 -8.47677	
28.38	6.81352 30.0704 -8.47867	
28.39	6.80288 30.0694 -8.48089	
28.4	6.78698 30.0677 -8.48446	
28.41	6.7701 30.0659 -8.48858	
28.42	6.75123 30.0636 -8.49358	
28.43	6.7356 30.0616 -8.49805	
28.44	6.69503 30.0588 -8.501	
28.45	6.69486 30.0575 -8.50533	
28.46	6.67918 30.0556 -8.50878	
28.47	6.6711 30.0592 -8.49582	
28.48	6.66506 30.0606 -8.49015	
28.49	6.65905 30.0521 -8.51648	
28.5	6.65404 30.0537 -8.51049	
28.51	6.65005 30.0555 -8.50412	
28.52	6.64508 30.0571 -8.49819	
28.53	6.64111 30.0588 -8.49186	
28.54	6.63913 30.0609 -8.4847	
28.55	6.63616 30.0628 -8.47798	
28.56	6.6332 30.0622 -8.47926	
28.57	6.63122 30.0643 -8.47212	
28.58	6.62926 30.0639 -8.47298	
28.59	6.62631 30.0658 -8.46629	
28.6	6.6319 30.066 -8.46655	
28.61	6.62336 30.0676 -8.4596	
28.62	6.62238 30.0674 -8.46004	
28.63	6.62798 30.0677 -8.46031	
28.64	6.62602 30.0673 -8.4612	
28.65	6.62504 30.0671 -8.46164	
28.66	6.62504 30.0671 -8.46164	
28.67	6.62309 30.0667 -8.46253	
28.68	6.61651 30.0687 -8.45471	
28.69	6.6231 30.0692 -8.45453	
28.7	6.62212 30.069 -8.45498	
28.71	6.62114 30.0688 -8.45543	
28.72	6.62114 30.0688 -8.45543	
28.73	6.62114 30.0688 -8.45543	
28.74	6.62017 30.0686 -8.45588	
28.75	6.62017 30.0686 -8.45588	
28.76	6.61359 30.0705 -8.44805	
28.77	6.61919 30.0684 -8.45633	
28.78	6.62578 30.0688 -8.45616	
28.79	6.6192 30.0708 -8.44833	
28.8	6.61261 30.0703 -8.44851	
28.81	6.61823 30.0706 -8.44878	
28.82	6.61823 30.0706 -8.44878	
28.83	6.61164 30.0701 -8.44896	
28.84	6.61823 30.0706 -8.44878	
28.85	6.61823 30.0706 -8.44878	
28.86	6.61823 30.0706 -8.44878	
28.87	6.61822 30.0682 -8.45679	
28.88	6.61725 30.068 -8.45724	
28.89	6.61067 30.0699 -8.44941	
28.9	6.61725 30.0704 -8.44924	
28.91	6.61725 30.068 -8.45724	
28.92	6.61725 30.0704 -8.44924	
28.93	6.61725 30.0704 -8.44924	
28.94	6.61067 30.0699 -8.44941	
28.95	6.61725 30.0704 -8.44924	
28.96	6.61725 30.0704 -8.44924	
28.97	6.61725 30.068 -8.45724	
28.98	6.61725 30.0704 -8.44924	
28.99	6.61725 30.0704 -8.44924	
29	6.61725 30.0704 -8.44924	
29.01	6.61628 30.0702 -8.44969	
29.02	6.61725 30.068 -8.45724	
29.03	6.61725 30.068 -8.45724	
29.04	6.61067 30.0699 -8.44941	
29.05	6.61725 30.0704 -8.44924	
29.06	6.61067 30.0699 -8.44941	
29.07	6.61067 30.0699 -8.44941	
29.08	6.61067 30.0699 -8.44941	
29.09	6.61725 30.0704 -8.44924	
29.1	6.61628 30.0702 -8.44969	
29.11	6.62285 30.0682 -8.45752	
29.12	6.61725 30.0704 -8.44924	
29.13	6.61067 30.0699 -8.44941	
29.14	6.61725 30.0704 -8.44924	
29.15	6.61628 30.0702 -8.44969	
29.16	6.61628 30.0678 -8.4577	
29.17	6.61067 30.0699 -8.44941	
29.18	6.61067 30.0699 -8.44941	
29.19	6.61628 30.0702 -8.44969	
29.2	6.61628 30.0702 -8.44969	
29.21	6.61628 30.0702 -8.44969	
29.22	6.61628 30.0702 -8.44969	
29.23	6.61725 30.0704 -8.44924	
29.24	6.61725 30.0704 -8.44924	
29.25	6.61628 30.0702 -8.44969	
29.26	6.61725 30.0704 -8.44924	
29.27	6.61725 30.0704 -8.44924	
29.28	6.61628 30.0702 -8.44969	
29.29	6.6097 30.0697 -8.44987	
29.3	6.6097 30.0697 -8.44987	
29.31	6.61628 30.0702 -8.44969	
29.32	6.61628 30.0702 -8.44969	
29.33	6.61725 30.0704 -8.44924	
29.34	6.61725 30.0704 -8.44924	
29.35	6.62287 30.0707 -8.44952	
29.36	6.61628 30.0678 -8.4577	
29.37	6.61628 30.0702 -8.44969	
29.38	6.61725 30.0704 -8.44924	
29.39	6.61725 30.0704 -8.44924	
29.4	6.61628 30.0702 -8.44969	
29.41	6.61628 30.0678 -8.4577	
29.42	6.61628 30.0702 -8.44969	
29.43	6.61628 30.0702 -8.44969	
29.44	6.61725 30.0704 -8.44924	
29.45	6.61725 30.0704 -8.44924	
29.46	6.61067 30.0699 -8.44941	
29.47	6.61067 30.0699 -8.44941	
29.48	6.6097 30.0697 -8.44987	
29.49	6.61067 30.0699 -8.44941	
29.5	6.61628 30.0702 -8.44969	
29.51	6.61725 30.0704 -8.44924	
29.52	6.61067 30.0699 -8.44941	
29.53	6.61725 30.0704 -8.44924	
29.54	6.61725 30.068 -8.45724	
29.55	6.6097 30.0673 -8.45788	
29.56	6.6097 30.0673 -8.45788	
29.57	6.61628 30.0702 -8.44969	
29.58	6.61628 30.0702 -8.44969	
29.59	6.61628 30.0702 -8.44969	
29.6	6.61628 30.0702 -8.44969	
29.61	6.61628 30.0702 -8.44969	
29.62	6.61725 30.0704 -8.44924	
29.63	6.61628 30.0702 -8.44969	
29.64	6.61628 30.0678 -8.4577	
29.65	6.61628 30.0702 -8.44969	
29.66	6.6097 30.0697 -8.44987	
29.67	6.61628 30.0702 -8.44969	
29.68	6.61725 30.0704 -8.44924	
29.69	6.61628 30.0702 -8.44969	
29.7	6.61628 30.0678 -8.4577	
29.71	6.61725 30.0704 -8.44924	
29.72	6.61628 30.0702 -8.44969	
29.73	6.61628 30.0702 -8.44969	
29.74	6.61628 30.0702 -8.44969	
29.75	6.61628 30.0678 -8.4577	
29.76	6.61628 30.0702 -8.44969	
29.77	6.61628 30.0702 -8.44969	
29.78	6.61628 30.0702 -8.44969	
29.79	6.6097 30.0697 -8.44987	
29.8	6.6097 30.0673 -8.45788	
29.81	6.61628 30.0702 -8.44969	
29.82	6.61725 30.0704 -8.44924	
29.83	6.61725 30.0704 -8.44924	
29.84	6.61628 30.0702 -8.44969	
29.85	6.61628 30.0702 -8.44969	
29.86	6.61628 30.0702 -8.44969	
29.87	6.61628 30.0702 -8.44969	
29.88	6.61628 30.0678 -8.4577	
29.89	6.61628 30.0678 -8.4577	
29.9	6.61628 30.0678 -8.4577	
29.91	6.61628 30.0702 -8.44969	
29.92	6.61628 30.0702 -8.44969	
29.93	6.61725 30.0704 -8.44924	
29.94	6.61725 30.0704 -8.44924	
29.95	6.61725 30.0704 -8.44924	
29.96	6.61628 30.0678 -8.4577	
29.97	6.61628 30.0702 -8.44969	
29.98	6.6097 30.0697 -8.44987	
29.99	6.61725 30.0704 -8.44924	
30	6.61628 30.0702 -8.44969	
30.01	6.61628 30.0702 -8.44969	
30.02	6.61628 30.0678 -8.4577	
30.03	6.6097 30.0697 -8.44987	
30.04	6.6097 30.0697 -8.44987	
30.05	6.61725 30.0704 -8.44924	
30.06	6.61628 30.0702 -8.44969	
30.07	6.61628 30.0702 -8.44969	
30.08	6.61628 30.0702 -8.44969	
30.09	6.61628 30.0702 -8.44969	
30.1	6.61628 30.0702 -8.44969	
30.11	6.61067 30.0699 -8.44941	
30.12	6.61725 30.0704 -8.44924	
30.13	6.62285 30.0682 -8.45752	
30.14	6.61628 30.0702 -8.44969	
30.15	6.61725 30.0704 -8.44924	
30.16	6.61067 30.0699 -8.44941	
30.17	6.61628 30.0702 -8.44969	
30.18	6.61725 30.068 -8.45724	
30.19	6.61725 30.068 -8.45724	
30.2	6.61067 30.0699 -8.44941	
30.21	6.61067 30.0699 -8.44941	
30.22	6.61628 30.0702 -8.44969	
30.23	6.6097 30.0697 -8.44987	
30.24	6.61628 30.0702 -8.44969	
30.25	6.61067 30.0699 -8.44941	
30.26	6.61628 30.0702 -8.44969	
30.27	6.6097 30.0697 -8.44987	
30.28	6.6097 30.0697 -8.44987	
30.29	6.61628 30.0702 -8.44969	
30.3	6.61628 30.0702 -8.44969	
30.31	6.6097 30.0697 -8.44987	
30.32	6.61628 30.0678 -8.4577	
30.33	6.61725 30.0704 -8.44924	
30.34	6.61628 30.0702 -8.44969	
30.35	6.61628 30.0702 -8.44969	
30.36	6.6097 30.0697 -8.44987	
30.37	6.6097 30.0697 -8.44987	
