# Gnuplot File : positions of 1 particle(s) Monitored
# 1st Column : time, others : particle(s) number 0 
0.01	11.569 13.896 1.1517	
0.02	11.5785 13.8949 1.16281	
0.03	11.5761 13.8932 1.16152	
0.04	11.5779 13.8951 1.16171	
0.05	11.5756 13.8934 1.16045	
0.06	11.5785 13.8943 1.16179	
0.07	11.5751 13.8936 1.15946	
0.08	11.577 13.8955 1.15973	
0.09	11.5789 13.8916 1.16235	
0.1	11.5776 13.8946 1.15995	
0.11	11.5763 13.9153 1.1507	
0.12	11.6352 13.9122 1.19432	
0.13	11.6473 13.9158 1.20149	
0.14	11.5922 13.8977 1.16896	
0.15	11.4634 13.8685 1.09525	
0.16	11.1423 13.8316 1.00005	
0.17	11.3457 13.8233 1.12821	
0.18	11.233 13.8463 1.06871	
0.19	11.2398 13.8467 1.0685	
0.2	11.2487 13.8459 1.07001	
0.21	11.2023 13.8315 1.04818	
0.22	10.9393 13.7823 0.948618	
0.23	10.785 13.7606 0.900061	
0.24	11.0119 13.7743 0.982429	
0.25	11.1297 13.791 1.02471	
0.26	11.3595 13.8428 1.12154	
0.27	11.2042 13.8435 1.05479	
0.28	11.2116 13.8362 1.05962	
0.29	11.6603 13.9484 1.29812	
0.3	11.8784 14.004 1.46294	
0.31	11.901 14.0121 1.47694	
0.32	11.6897 13.6072 1.50768	
0.33	11.5411 12.7448 1.66747	
0.34	11.449 12.0786 1.72324	
0.35	11.2177 11.4567 1.55059	
0.36	11.2965 10.6617 1.49002	
0.37	11.2518 10.1029 1.79698	
0.38	11.3559 9.38391 1.91158	
0.39	11.4983 9.13943 2.54988	
0.4	11.8242 9.07474 2.86045	
0.41	12.2709 8.97749 3.14286	
0.42	12.509 9.30569 3.27394	
0.43	12.7238 9.4471 3.35767	
0.44	12.7622 9.61576 3.3694	
0.45	12.91 9.89086 3.61099	
0.46	12.9756 10.0586 4.21638	
0.47	12.99 10.2088 4.82493	
0.48	13.11 10.2011 5.53832	
0.49	13.1592 10.2108 6.24563	
0.5	13.1596 10.161 6.65222	
0.51	13.1494 10.1726 6.61716	
0.52	13.148 10.1543 6.5209	
0.53	13.1161 10.0121 6.28072	
0.54	13.0026 9.88022 5.83508	
0.55	12.9362 9.70438 5.40664	
0.56	12.933 9.53902 5.14429	
0.57	12.9509 9.35237 4.8225	
0.58	12.911 9.11638 4.45196	
0.59	12.7842 8.93672 4.26479	
0.6	12.7282 8.87228 4.15831	
0.61	12.7206 8.81207 4.14219	
0.62	12.7 8.70856 4.07479	
0.63	12.6722 8.56179 3.96159	
0.64	12.6432 8.513 3.85727	
0.65	12.6161 8.48443 3.77262	
0.66	12.5859 8.3952 3.72558	
0.67	12.5253 8.16858 3.63875	
0.68	12.4711 7.96506 3.51819	
0.69	12.4404 7.80237 3.3571	
0.7	12.4421 7.68017 3.19018	
0.71	12.4377 7.62144 3.07877	
0.72	12.4139 7.5942 3.04638	
0.73	12.4063 7.55048 3.03743	
0.74	12.3639 7.53482 3.01013	
0.75	12.3081 7.51072 3.00123	
0.76	12.2099 7.49404 2.99195	
0.77	12.1122 7.49398 2.97647	
0.78	12.0324 7.48733 2.94092	
0.79	11.9698 7.47954 2.90071	
0.8	11.9176 7.4782 2.87094	
0.81	11.8535 7.47427 2.83651	
0.82	11.8107 7.50749 2.81671	
0.83	11.7799 7.54327 2.80255	
0.84	11.7779 7.58883 2.79541	
0.85	11.7755 7.6358 2.79227	
0.86	11.7663 7.74444 2.77736	
0.87	11.7789 7.84916 2.76155	
0.88	11.8027 7.94679 2.76235	
0.89	11.8289 8.09617 2.76266	
0.9	11.857 8.24369 2.75399	
0.91	11.9127 8.38993 2.7853	
0.92	11.9939 8.58935 2.80083	
0.93	12.15 8.80022 2.82787	
0.94	12.3302 8.98862 2.86748	
0.95	12.452 9.11677 2.88352	
0.96	12.491 9.17489 2.89407	
0.97	12.5411 9.22452 2.91908	
0.98	12.6252 9.26533 2.961	
0.99	12.6527 9.26955 2.99416	
1	12.7158 9.31598 3.01543	
1.01	12.7816 9.32115 3.03181	
1.02	12.7828 9.32829 3.03745	
1.03	12.7842 9.35027 3.03476	
1.04	12.7894 9.35069 3.03971	
1.05	12.7905 9.35065 3.03846	
1.06	12.7917 9.34434 3.03295	
1.07	12.7919 9.34917 3.02659	
1.08	12.7827 9.37084 2.96096	
1.09	12.7625 9.39377 2.84197	
1.1	12.7306 9.38838 2.74848	
1.11	12.7172 9.37647 2.71077	
1.12	12.6962 9.36965 2.63303	
1.13	12.6453 9.30864 2.43475	
1.14	12.6535 9.27199 2.32494	
1.15	12.6405 9.2783 2.29312	
1.16	12.6074 9.28824 2.25576	
1.17	12.5895 9.28939 2.24534	
1.18	12.5522 9.28597 2.20329	
1.19	12.4907 9.28802 2.13222	
1.2	12.4227 9.28957 2.05268	
1.21	12.3541 9.31351 1.97688	
1.22	12.2935 9.36751 1.90679	
1.23	12.2352 9.39259 1.84873	
1.24	12.1675 9.39562 1.78191	
1.25	12.0775 9.38523 1.70264	
1.26	11.9664 9.37148 1.62012	
1.27	11.8461 9.3492 1.54006	
1.28	11.4964 9.29548 1.40225	
1.29	11.2562 9.27972 1.30609	
1.3	11.1236 9.2744 1.26221	
1.31	10.7518 9.29076 1.16491	
1.32	10.7734 9.28129 1.17432	
1.33	10.5786 9.34941 1.11997	
1.34	10.4725 9.3609 1.04096	
1.35	10.4316 9.40033 1.01325	
1.36	10.3631 9.42322 0.953392	
1.37	10.2685 9.4148 0.889877	
1.38	10.2184 9.40951 0.776233	
1.39	10.129 9.42747 0.581846	
1.4	10.0263 9.47226 0.393644	
1.41	9.47385 10.003 -0.0106863	
1.42	8.94812 10.5477 -0.198537	
1.43	9.21095 10.4387 -0.444671	
1.44	9.22965 10.4589 -0.462472	
1.45	9.03854 10.7969 -0.398662	
1.46	8.91738 11.0442 -0.39587	
1.47	8.94062 11.1356 -0.437258	
1.48	8.66755 11.138 -0.251512	
1.49	8.55149 11.1189 -0.104969	
1.5	8.66033 11.0814 0.0236915	
1.51	8.50846 11.0953 0.144686	
1.52	8.72356 11.0271 0.208115	
1.53	8.56746 11.0306 0.287523	
1.54	8.58559 11.0188 0.358061	
1.55	8.33166 10.9128 0.495073	
1.56	8.19658 10.7219 0.52542	
1.57	8.20929 10.6135 0.545088	
1.58	8.14766 10.5739 0.415637	
1.59	8.08788 10.5743 0.391802	
1.6	8.05883 10.5065 0.104876	
1.61	8.01936 10.4903 0.0615678	
1.62	8.00172 10.4892 -0.0966982	
1.63	8.01934 10.5647 -0.645646	
1.64	7.95357 10.6867 -1.11539	
1.65	7.94775 10.6843 -1.55464	
1.66	7.92003 10.6762 -1.60782	
1.67	7.8453 10.7995 -1.57951	
1.68	7.8051 10.8874 -1.56115	
1.69	7.72641 10.9285 -1.55174	
1.7	7.67445 10.9571 -1.54148	
1.71	7.65288 10.9713 -1.5087	
1.72	7.6269 11.0153 -1.45526	
1.73	7.57129 11.0402 -1.35961	
1.74	7.5182 11.0682 -1.22753	
1.75	7.47545 11.0904 -1.07052	
1.76	7.43397 11.1053 -0.888258	
1.77	7.41194 11.1151 -0.759972	
1.78	7.39749 11.1402 -0.666013	
1.79	7.3819 11.1523 -0.573975	
1.8	7.37855 11.1797 -0.498643	
1.81	7.37431 11.2015 -0.409477	
1.82	7.37372 11.238 -0.332602	
1.83	7.37548 11.2336 -0.268283	
1.84	7.4035 11.2092 -0.237684	
1.85	7.53729 11.1837 -0.227215	
1.86	7.73207 11.1591 -0.216481	
1.87	7.927 11.1555 -0.239824	
1.88	7.97279 11.2856 -0.225075	
1.89	7.96686 11.3625 -0.23285	
1.9	7.96598 11.3692 -0.233682	
1.91	7.95027 11.3619 -0.23539	
1.92	7.8897 11.3441 -0.237698	
1.93	7.82062 11.3026 -0.242435	
1.94	7.68463 11.1581 -0.25563	
1.95	7.54221 10.9724 -0.26594	
1.96	7.46812 10.9284 -0.25406	
1.97	7.33969 10.9055 -0.258178	
1.98	7.02307 10.8969 -0.259706	
1.99	6.49271 10.8493 -0.266441	
2	5.95588 10.6332 -0.315895	
2.01	6.09518 10.5752 -0.310624	
2.02	5.79498 10.5357 -0.327876	
2.03	5.59284 10.4179 -0.332762	
2.04	5.60118 10.3073 -0.387404	
2.05	5.64278 10.2305 -0.390928	
2.06	5.63509 10.0763 -0.424739	
2.07	5.6211 9.91227 -0.478747	
2.08	5.62443 9.87488 -0.56335	
2.09	5.63091 9.85495 -0.610629	
2.1	5.6106 9.83181 -0.616568	
2.11	5.61967 9.77495 -0.619755	
2.12	5.62212 9.65569 -0.68508	
2.13	5.63037 9.63889 -0.734026	
2.14	5.65243 9.54142 -0.755649	
2.15	5.5813 9.54212 -0.813658	
2.16	5.59281 9.49103 -0.816719	
2.17	5.57861 9.40548 -0.813381	
2.18	5.51172 9.39374 -0.787819	
2.19	5.49896 9.30146 -0.664308	
2.2	5.43166 9.19954 -0.443577	
2.21	5.39867 9.08034 0.00570864	
2.22	5.30469 8.97596 0.040118	
2.23	5.25355 8.77967 0.633683	
2.24	5.12729 8.57155 1.05022	
2.25	5.0626 8.44846 1.46074	
2.26	5.01237 8.18229 1.66628	
2.27	5.03629 7.92365 2.32603	
2.28	4.9556 7.63703 2.80897	
2.29	4.91401 7.32551 3.38615	
2.3	4.93132 7.10986 3.91372	
2.31	5.09484 6.96774 4.2008	
2.32	5.19177 6.89186 4.38503	
2.33	5.30448 6.7936 4.32712	
2.34	5.65403 6.7143 4.28567	
2.35	5.85047 6.72715 4.24714	
2.36	6.12307 6.73043 4.19346	
2.37	6.35796 6.78659 4.09888	
2.38	6.55251 6.79246 4.0125	
2.39	6.83657 6.85365 3.92904	
2.4	6.97632 6.85731 3.87394	
2.41	7.20173 6.83926 3.80989	
2.42	7.30869 6.77536 3.72689	
2.43	7.37301 6.58803 3.70848	
2.44	7.46444 6.47042 3.66452	
2.45	7.61362 6.34523 3.57387	
2.46	7.8451 6.30763 3.48411	
2.47	8.10243 6.30869 3.33898	
2.48	8.37975 6.26993 3.24799	
2.49	8.58259 6.24264 3.13742	
2.5	8.67399 6.12454 3.06491	
2.51	8.78812 6.02046 3.00239	
2.52	8.89963 5.94522 2.92426	
2.53	9.06602 5.9321 2.81546	
2.54	9.23266 5.95001 2.71315	
2.55	9.3596 5.99119 2.63577	
2.56	9.65231 6.06642 2.53069	
2.57	9.89142 6.17182 2.40513	
2.58	10.0971 6.30543 2.32943	
2.59	10.3789 6.38396 2.35871	
2.6	10.6052 6.44311 2.31139	
2.61	10.9761 6.49656 2.28119	
2.62	11.408 6.57992 2.27972	
2.63	11.7293 6.70104 2.2979	
2.64	12.0024 6.68377 2.36578	
2.65	12.341 6.69311 2.46137	
2.66	12.6102 6.78516 2.56213	
2.67	12.8958 6.80708 2.68936	
2.68	13.0982 6.76027 2.83047	
2.69	13.2919 6.63293 3.01921	
2.7	13.4622 6.52976 3.20531	
2.71	13.5847 6.40217 3.36552	
2.72	13.6762 6.24781 3.49431	
2.73	13.7246 6.10867 3.52578	
2.74	13.7689 5.91185 3.48719	
2.75	13.8353 5.60673 3.44384	
2.76	13.8585 5.37004 3.4037	
2.77	13.8673 5.23852 3.43093	
2.78	13.8746 5.11443 3.48183	
2.79	13.8792 5.02044 3.51629	
2.8	13.8822 4.95376 3.53745	
2.81	13.879 4.94307 3.53908	
2.82	13.8701 4.8916 3.54418	
2.83	13.8158 4.82927 3.55954	
2.84	13.771 4.75896 3.56072	
2.85	13.7685 4.68243 3.58373	
2.86	13.7383 4.5459 3.5675	
2.87	13.6594 4.38651 3.58981	
2.88	13.615 4.27079 3.57602	
2.89	13.5455 4.14039 3.60643	
2.9	13.516 4.05577 3.56265	
2.91	13.4751 4.02287 3.52641	
2.92	13.439 4.03546 3.51012	
2.93	13.3301 4.09409 3.46515	
2.94	13.2378 4.07869 3.45621	
2.95	13.2284 4.08019 3.44039	
2.96	13.2418 4.04421 3.4462	
2.97	13.269 4.02694 3.48302	
2.98	13.2704 4.01253 3.51861	
2.99	13.2681 4.0202 3.68071	
3	13.255 4.01462 3.69145	
3.01	13.2627 4.00332 3.70481	
3.02	13.2975 3.95691 3.7337	
3.03	13.3197 3.83325 3.79633	
3.04	13.3212 3.75544 3.83596	
3.05	13.3271 3.70981 3.85763	
3.06	13.3233 3.6474 3.88503	
3.07	13.3178 3.63227 3.88657	
3.08	13.3172 3.62218 3.8592	
3.09	13.3185 3.58014 3.84691	
3.1	13.3053 3.54568 3.83295	
3.11	13.2963 3.50975 3.81297	
3.12	13.2523 3.45539 3.82091	
3.13	13.2224 3.326 3.82541	
3.14	13.0313 3.0448 3.7456	
3.15	12.869 2.84937 3.64365	
3.16	12.8395 2.75181 3.55451	
3.17	12.7879 2.62905 3.58528	
3.18	12.7585 2.57167 3.61951	
3.19	12.7464 2.52826 3.64564	
3.2	12.6765 2.4825 3.6698	
3.21	12.5225 2.40327 3.70826	
3.22	12.4453 2.39894 3.70533	
3.23	12.2851 2.39151 3.69709	
3.24	12.0881 2.411 3.67284	
3.25	11.8672 2.41721 3.64514	
3.26	11.7534 2.4927 3.58482	
3.27	11.7056 2.51455 3.50613	
3.28	11.688 2.51275 3.49104	
3.29	11.6778 2.5474 3.45162	
3.3	11.726 2.56907 3.43701	
3.31	11.7347 2.59163 3.37537	
3.32	11.8168 2.61598 3.32268	
3.33	12.0005 2.71822 3.28891	
3.34	12.2154 2.78601 3.30241	
3.35	12.4007 2.82085 3.36646	
3.36	12.5319 2.93177 3.40247	
3.37	12.6519 2.96184 3.46972	
3.38	12.7166 3.19861 3.40747	
3.39	12.7747 3.35751 3.32886	
3.4	12.7822 3.45964 3.17102	
3.41	12.7888 3.44671 3.03781	
3.42	12.7821 3.45942 2.96731	
3.43	12.7839 3.43617 2.91046	
3.44	12.7779 3.47428 2.71871	
3.45	12.7761 3.38424 2.36873	
3.46	12.7429 3.34849 2.07218	
3.47	12.8475 3.35007 2.16951	
3.48	12.8288 3.39279 2.15826	
3.49	12.8031 3.41729 2.17206	
3.5	12.8123 3.51831 2.16248	
3.51	12.852 3.55905 2.20172	
3.52	12.8694 3.67025 2.1919	
3.53	12.8746 3.75865 2.15449	
3.54	12.871 3.89588 2.07884	
3.55	12.869 3.93155 2.04451	
3.56	12.7698 4.05884 1.8458	
3.57	12.6394 4.05424 1.51514	
3.58	12.4068 4.11134 1.08644	
3.59	12.1337 4.13187 0.768767	
3.6	11.9328 4.18507 0.408983	
3.61	11.6994 4.18131 0.241353	
3.62	11.5073 4.22082 0.0395779	
3.63	11.268 4.32645 -0.105357	
3.64	10.9118 4.35421 -0.167494	
3.65	10.8261 4.43611 -0.220566	
3.66	10.6308 4.45457 -0.261105	
3.67	10.3109 4.39682 -0.280842	
3.68	10.0301 4.29023 -0.282487	
3.69	9.81525 4.21923 -0.312087	
3.7	9.65652 4.113 -0.250496	
3.71	9.54002 4.0746 -0.210674	
3.72	9.48601 4.06713 -0.243156	
3.73	9.45849 4.10099 -0.270028	
3.74	9.3249 4.15765 -0.291877	
3.75	9.17674 4.20196 -0.2311	
3.76	9.24409 4.42538 -0.24022	
3.77	9.13492 4.51197 -0.190441	
3.78	9.21798 4.57771 -0.16314	
3.79	8.97829 4.56212 -0.034819	
3.8	8.81733 4.55097 0.202777	
3.81	8.44686 4.40113 0.520145	
3.82	8.19487 4.19094 1.40038	
3.83	7.94182 4.15393 1.7759	
3.84	8.04195 4.03813 1.8211	
3.85	7.92484 4.13585 2.0164	
3.86	7.99525 4.04353 2.2032	
3.87	7.94637 3.97625 2.18043	
3.88	7.87507 3.97695 2.21629	
3.89	7.87163 3.87547 2.0312	
3.9	7.81424 3.86567 2.06649	
3.91	7.9953 3.78444 2.01282	
3.92	7.94302 3.82367 1.99338	
3.93	7.99811 3.71938 1.7636	
3.94	8.01497 3.65902 1.68366	
3.95	7.96875 3.69871 1.56004	
3.96	7.95693 3.67968 1.47431	
3.97	7.96922 3.69101 1.42856	
3.98	7.93632 3.6896 1.31532	
3.99	7.91495 3.75372 1.15949	
4	7.82838 3.86308 1.06267	
4.01	7.86157 4.03529 0.880535	
4.02	8.28665 4.35406 0.228503	
4.03	9.93988 4.95579 -1.06444	
4.04	11.0908 5.86429 -1.22605	
4.05	10.8629 7.01466 -1.31019	
4.06	11.607 9.41944 -0.538965	
4.07	10.8692 10.8565 -0.3773	
4.08	11.484 12.9016 1.40901	
4.09	11.5281 12.7912 1.29528	
4.1	11.0954 11.6202 0.918709	
4.11	10.0091 12.6446 0.364585	
4.12	10.6608 12.256 0.271537	
4.13	10.719 12.8002 0.373515	
4.14	10.7175 14.264 -0.0275864	
4.15	10.7222 14.2347 0.0678013	
4.16	10.4625 13.7358 0.531774	
4.17	9.80343 13.7358 0.39737	
4.18	9.31427 13.704 0.44683	
4.19	8.94372 13.8071 0.510211	
4.2	9.04392 13.763 0.521646	
4.21	9.05502 13.765 0.530329	
4.22	9.01747 13.7617 0.552619	
4.23	8.90306 13.7809 0.587726	
4.24	8.82339 13.7928 0.620111	
4.25	8.82384 13.7986 0.630125	
4.26	8.81136 13.8009 0.644832	
4.27	9.14954 13.7398 0.584198	
4.28	9.20249 13.7462 0.579254	
4.29	9.21917 13.7298 0.591758	
4.3	9.21231 13.7322 0.600517	
4.31	9.20456 13.7339 0.609574	
4.32	9.19589 13.7349 0.618948	
4.33	9.18991 13.7371 0.627006	
4.34	9.17935 13.7392 0.636006	
4.35	9.1727 13.7406 0.64418	
4.36	9.16994 13.7415 0.651472	
4.37	9.16378 13.7429 0.659187	
4.38	9.15422 13.7448 0.667384	
4.39	9.15216 13.7455 0.673975	
4.4	9.14667 13.7468 0.681053	
4.41	9.14139 13.748 0.687927	
4.42	9.13631 13.7491 0.694599	
4.43	9.13142 13.7502 0.701073	
4.44	9.1231 13.7518 0.708144	
4.45	9.12102 13.7517 0.71405	
4.46	9.11422 13.7539 0.720168	
4.47	9.11364 13.7543 0.725075	
4.48	9.1096 13.7553 0.730622	
4.49	9.10572 13.7561 0.735997	
4.5	9.09838 13.7575 0.742067	
4.51	9.09838 13.7578 0.746244	
4.52	9.09376 13.758 0.751751	
4.53	9.088 13.76 0.756745	
4.54	9.08479 13.7607 0.761328	
4.55	9.08171 13.7614 0.765763	
4.56	9.08468 13.7572 0.770212	
4.57	9.07963 13.7623 0.773236	
4.58	9.07831 13.7628 0.776991	
4.59	9.08009 13.762 0.780213	
4.6	9.07814 13.7637 0.783615	
4.61	9.07318 13.7647 0.787962	
4.62	9.07342 13.7652 0.790892	
4.63	9.07193 13.7657 0.794105	
4.64	9.07049 13.7662 0.797197	
4.65	9.0706 13.7666 0.799848	
4.66	9.07291 13.7666 0.801739	
4.67	9.06804 13.7675 0.80551	
4.68	9.06725 13.7679 0.808096	
4.69	9.06706 13.7683 0.810465	
4.7	9.06976 13.7682 0.811909	
4.71	9.06981 13.7678 0.814464	
4.72	9.06933 13.7688 0.816268	
4.73	9.0659 13.7697 0.819256	
4.74	9.06748 13.7695 0.820643	
4.75	9.06444 13.7671 0.824734	
4.76	9.06846 13.7701 0.824088	
4.77	9.06422 13.7709 0.827021	
4.78	9.06295 13.7712 0.829	
4.79	9.06357 13.7715 0.830472	
4.8	9.06223 13.7685 0.833684	
4.81	9.06206 13.772 0.833898	
4.82	9.06235 13.7723 0.835289	
4.83	9.06129 13.7725 0.836947	
4.84	9.06162 13.7695 0.839546	
4.85	9.06497 13.7692 0.839854	
4.86	9.06032 13.7732 0.841099	
4.87	9.06449 13.7728 0.841119	
4.88	9.06452 13.773 0.842297	
4.89	9.06379 13.7732 0.843593	
4.9	9.06402 13.7734 0.844611	
4.91	9.0598 13.7741 0.846881	
4.92	9.06253 13.7738 0.84702	
4.93	9.05861 13.7712 0.850462	
4.94	9.06205 13.771 0.850323	
4.95	9.0591 13.7748 0.850841	
4.96	9.06173 13.7745 0.85085	
4.97	9.06139 13.7746 0.851676	
4.98	9.05777 13.7752 0.853394	
4.99	9.05846 13.7751 0.853827	
5	9.06109 13.7746 0.853651	
5.01	9.05707 13.7753 0.855366	
5.02	9.06161 13.7749 0.854415	
5.03	9.06126 13.7748 0.855113	
5.04	9.05781 13.772 0.857869	
5.05	9.05718 13.7722 0.85846	
5.06	9.06095 13.775 0.856319	
5.07	9.05703 13.7721 0.859405	
5.08	9.06042 13.7752 0.857278	
5.09	9.06043 13.7749 0.857843	
5.1	9.06021 13.7749 0.858261	
5.11	9.06018 13.7751 0.858507	
5.12	9.05985 13.7752 0.858898	
5.13	9.05633 13.7757 0.860244	
5.14	9.05874 13.7753 0.859871	
5.15	9.05851 13.7721 0.861575	
5.16	9.05919 13.7753 0.860237	
5.17	9.0595 13.7753 0.860374	
5.18	9.05556 13.7758 0.861902	
5.19	9.05483 13.7759 0.86241	
5.2	9.05892 13.7721 0.862633	
5.21	9.05783 13.7721 0.863376	
5.22	9.05518 13.7758 0.863005	
5.23	9.05438 13.7759 0.863547	
5.24	9.05849 13.7754 0.862403	
5.25	9.0587 13.7754 0.862607	
5.26	9.05494 13.7759 0.863952	
5.27	9.05745 13.7722 0.864749	
5.28	9.0579 13.7755 0.863404	
5.29	9.05855 13.7755 0.863312	
5.3	9.05441 13.776 0.86482	
5.31	9.42899 13.7345 0.773116	
5.32	9.58526 13.7407 0.764942	
5.33	9.61389 13.7157 0.758874	
5.34	9.59419 13.733 0.747719	
5.35	9.61265 13.7425 0.738105	
5.36	9.58054 13.7386 0.742341	
5.37	9.58603 13.7435 0.738511	
5.38	9.63761 13.7392 0.731571	
5.39	10.4232 13.7211 0.758139	
5.4	11.0301 13.7775 0.918799	
5.41	10.8144 13.8202 0.819859	
5.42	10.8241 13.8421 0.813431	
5.43	10.8217 13.8389 0.811929	
5.44	10.8299 13.8317 0.817452	
5.45	10.8345 13.8312 0.806191	
5.46	10.813 13.8096 0.765244	
5.47	10.8174 13.8229 0.739461	
5.48	10.84 13.7828 0.713554	
5.49	10.8826 13.8038 0.66964	
5.5	10.9235 13.8416 0.664851	
5.51	10.9438 13.8379 0.713249	
5.52	10.8668 13.8193 0.831239	
5.53	10.8845 13.8123 0.843535	
5.54	10.7935 13.8029 0.807134	
5.55	10.721 13.795 0.781538	
5.56	10.7032 13.7922 0.776091	
5.57	10.6825 13.7423 0.694344	
5.58	10.8508 13.7579 0.640525	
5.59	10.9306 13.7701 0.673413	
5.6	11.0277 13.587 0.952679	
5.61	10.8358 12.4776 1.06242	
5.62	10.9897 12.3041 1.21136	
5.63	11.0677 13.5753 1.35228	
5.64	10.1657 13.8334 0.701082	
5.65	10.2253 13.7886 0.721604	
5.66	10.0888 13.7821 0.705754	
5.67	10.2421 13.7607 0.728253	
5.68	10.2667 13.8165 0.530536	
5.69	9.89963 13.955 0.363666	
5.7	9.61258 14.009 0.350763	
5.71	9.24673 14.0756 0.367855	
5.72	9.17455 13.9938 0.416435	
5.73	9.15261 13.8959 0.45494	
5.74	9.13155 13.8216 0.497161	
5.75	9.13739 13.8204 0.509569	
5.76	9.1285 13.8183 0.523064	
5.77	9.11141 13.8119 0.539668	
5.78	9.10485 13.8014 0.556397	
5.79	9.10127 13.7982 0.568679	
5.8	9.0883 13.7922 0.58391	
5.81	9.09197 13.7925 0.593299	
5.82	9.07703 13.788 0.60785	
5.83	9.07387 13.7855 0.618792	
5.84	9.06691 13.785 0.629287	
5.85	9.06349 13.7884 0.637351	
5.86	9.05506 13.7824 0.65023	
5.87	9.05535 13.7873 0.656372	
5.88	9.04851 13.7833 0.667315	
5.89	9.04392 13.7839 0.675634	
5.9	9.04158 13.7852 0.682867	
5.91	9.03566 13.7848 0.691506	
5.92	9.03346 13.7856 0.698597	
5.93	9.02856 13.7857 0.706289	
5.94	9.02692 13.7864 0.712842	
5.95	9.02228 13.7865 0.720097	
5.96	9.02094 13.7872 0.726207	
5.97	9.01653 13.7872 0.733041	
5.98	9.01919 13.7872 0.73777	
5.99	9.01142 13.7878 0.745125	
6	9.01071 13.7884 0.750385	
6.01	9.00671 13.7884 0.756447	
6.02	9.00645 13.792 0.759986	
6.03	9.00247 13.7888 0.767014	
6.04	9.0023 13.7892 0.771511	
6.05	8.99623 13.7905 0.777196	
6.06	8.99772 13.7895 0.781307	
6.07	8.99371 13.7909 0.786139	
6.08	8.99611 13.7899 0.789733	
6.09	8.99267 13.7898 0.794501	
6.1	8.99526 13.7894 0.797391	
6.11	8.98845 13.7899 0.802891	
6.12	8.98967 13.7934 0.80467	
6.13	8.9864 13.7901 0.810209	
6.14	8.98743 13.7904 0.813103	
6.15	8.98433 13.7903 0.817089	
6.16	8.98243 13.7918 0.820295	
6.17	8.9836 13.7905 0.823176	
6.18	8.98121 13.7904 0.826644	
6.19	8.98169 13.7905 0.8292	
6.2	8.97923 13.7905 0.832511	
6.21	8.97755 13.7919 0.835204	
6.22	8.97473 13.7918 0.838448	
6.23	8.97727 13.7906 0.840355	
6.24	8.97685 13.7906 0.842752	
6.25	8.97573 13.7905 0.845269	
6.26	8.97536 13.7905 0.847492	
6.27	8.97441 13.7937 0.848523	
6.28	8.97296 13.7905 0.852195	
6.29	8.97354 13.7905 0.853929	
6.3	8.97243 13.7905 0.856092	
6.31	8.97237 13.7905 0.857886	
6.32	8.97134 13.7904 0.859896	
6.33	8.97129 13.7904 0.861566	
6.34	8.97035 13.7904 0.863434	
6.35	8.97028 13.7903 0.864996	
6.36	8.96942 13.7903 0.86673	
6.37	8.96935 13.7903 0.868184	
6.38	8.96858 13.7902 0.86979	
6.39	8.96851 13.7902 0.871145	
6.4	8.9654 13.7915 0.873069	
6.41	8.96521 13.7914 0.874378	
6.42	8.96691 13.7902 0.875189	
6.43	8.96684 13.7902 0.876047	
6.44	8.96614 13.79 0.877169	
6.45	8.96608 13.7899 0.87795	
6.46	8.96653 13.7904 0.878276	
6.47	8.96498 13.7896 0.8799	
6.48	8.96463 13.7894 0.880767	
6.49	8.96435 13.7894 0.881516	
6.5	8.964 13.7893 0.882293	
6.51	8.96374 13.7891 0.883013	
6.52	8.96341 13.789 0.883744	
6.53	8.96315 13.7889 0.884423	
6.54	8.96283 13.7889 0.885104	
6.55	8.9602 13.7901 0.886171	
6.56	8.9627 13.7887 0.886164	
6.57	8.95986 13.7899 0.887294	
6.58	8.9621 13.7885 0.88739	
6.59	8.96545 13.7879 0.886694	
6.6	8.96332 13.788 0.888077	
6.61	8.96043 13.7884 0.889439	
6.62	8.96121 13.7884 0.889433	
6.63	8.96125 13.7883 0.889836	
6.64	8.96088 13.7882 0.890376	
6.65	8.96089 13.7882 0.890725	
6.66	8.96403 13.7875 0.890035	
6.67	8.95606 13.7894 0.892967	
6.68	8.95865 13.788 0.892793	
6.69	8.95915 13.7879 0.892865	
6.7	8.9598 13.7879 0.892816	
6.71	8.95999 13.7878 0.89304	
6.72	8.95955 13.7878 0.893514	
6.73	8.95971 13.7878 0.893705	
6.74	8.96279 13.7872 0.892942	
6.75	8.95726 13.7878 0.895314	
6.76	8.95864 13.7876 0.894986	
6.77	8.95922 13.7876 0.894897	
6.78	8.95888 13.7876 0.895273	
6.79	8.95899 13.7876 0.89544	
6.8	8.95868 13.7875 0.895788	
6.81	8.95637 13.7888 0.896418	
6.82	8.95845 13.7875 0.896286	
6.83	8.95619 13.7887 0.896878	
6.84	8.95827 13.7906 0.895432	
6.85	8.95866 13.7881 0.896474	
6.86	8.95813 13.7874 0.897122	
6.87	8.95835 13.7874 0.897168	
6.88	8.95801 13.7873 0.897477	
6.89	8.95824 13.7873 0.897511	
6.9	8.95792 13.7873 0.897795	
6.91	8.95525 13.7886 0.898541	
6.92	8.95819 13.7848 0.898993	
6.93	8.95662 13.7873 0.89881	
6.94	8.95753 13.7879 0.898298	
6.95	8.95503 13.7885 0.899133	
6.96	8.95777 13.7871 0.898655	
6.97	8.95738 13.7872 0.89893	
6.98	8.95873 13.7879 0.898166	
6.99	8.97674 13.7896 0.890257	
7	9.044 13.7788 0.868677	
7.01	9.23681 13.7541 0.814728	
7.02	9.24944 13.7536 0.811592	
7.03	9.37471 13.7396 0.784809	
7.04	9.33476 13.7471 0.793919	
7.05	9.36902 13.7374 0.790751	
7.06	9.33436 13.7536 0.795249	
7.07	9.36951 13.7403 0.792651	
7.08	9.33468 13.7551 0.79579	
7.09	9.34695 13.7421 0.798017	
7.1	9.11248 13.7757 0.851144	
7.11	9.12366 13.7669 0.849803	
7.12	9.11704 13.7701 0.850813	
7.13	9.11764 13.7658 0.852372	
7.14	9.11829 13.7648 0.852588	
7.15	9.10925 13.7649 0.855683	
7.16	9.11693 13.769 0.850916	
7.17	9.11499 13.7691 0.851614	
7.18	9.11556 13.768 0.851886	
7.19	9.11021 13.7652 0.854886	
7.2	9.11691 13.7646 0.852674	
7.21	9.11262 13.7657 0.853734	
7.22	9.11235 13.7689 0.852511	
7.23	9.11187 13.7656 0.854016	
7.24	9.11529 13.7643 0.853271	
7.25	9.11106 13.7655 0.854313	
7.26	9.11579 13.7674 0.851797	
7.27	9.11399 13.7641 0.853766	
7.28	9.11237 13.7675 0.853026	
7.29	9.1108 13.7684 0.853152	
7.3	9.11506 13.7671 0.852084	
7.31	9.11084 13.7683 0.853123	
7.32	9.11002 13.7691 0.852969	
7.33	9.11108 13.769 0.852556	
7.34	9.10999 13.7658 0.854278	
7.35	9.11404 13.7678 0.851978	
7.36	9.10976 13.769 0.853037	
7.37	9.11104 13.7655 0.85393	
7.38	9.11038 13.7655 0.854158	
7.39	9.11093 13.7654 0.853982	
7.4	9.11035 13.7654 0.854192	
7.41	9.11082 13.7653 0.854029	
7.42	9.11277 13.7675 0.852485	
7.43	9.10855 13.7654 0.854847	
7.44	9.11242 13.7652 0.853551	
7.45	9.11056 13.7653 0.854216	
7.46	9.11039 13.7653 0.854333	
7.47	9.11301 13.7673 0.852644	
