# Gnuplot File : positions of 1 particle(s) Monitored
# 1st Column : time, others : particle(s) number 0 
0.01	11.3133 13.8165 1.02743	
0.02	11.1598 13.8417 1.017	
0.03	11.2624 13.8391 1.07404	
0.04	11.3143 13.5352 1.16127	
0.05	11.2973 13.2798 1.19083	
0.06	11.3541 12.865 1.19017	
0.07	11.262 11.9997 1.09586	
0.08	11.186 11.0087 1.14024	
0.09	11.0585 10.1187 1.27955	
0.1	10.7274 9.44118 1.27889	
0.11	10.729 9.58624 1.36224	
0.12	10.7501 10.1809 1.48713	
0.13	11.011 11.1492 2.86698	
0.14	11.507 11.7869 4.09702	
0.15	11.8642 11.9834 4.80545	
0.16	12.1955 12.0519 5.24298	
0.17	12.4592 12.0171 5.66273	
0.18	12.6637 12.1371 6.23202	
0.19	13.0946 12.174 6.56519	
0.2	13.4993 12.1833 6.75604	
0.21	13.9318 12.144 6.93438	
0.22	14.2128 11.9821 6.94464	
0.23	14.4262 11.785 6.92995	
0.24	14.5232 11.5254 6.90173	
0.25	14.6124 11.3965 6.8482	
0.26	14.709 11.3918 6.79038	
0.27	14.8513 11.3382 6.72145	
0.28	14.8895 11.1331 6.42288	
0.29	14.9268 10.9087 6.07279	
0.3	14.9629 10.6542 5.71485	
0.31	14.9572 10.4289 5.57184	
0.32	14.9802 10.1773 5.5129	
0.33	14.9109 9.89232 5.49205	
0.34	14.7691 9.68134 5.51944	
0.35	14.5301 9.55752 5.52564	
0.36	14.1425 9.42982 5.5045	
0.37	13.7501 9.37387 5.32103	
0.38	13.3724 9.41623 5.17629	
0.39	12.9181 9.45001 5.0398	
0.4	12.4681 9.48257 4.90723	
0.41	12.1617 9.49673 4.81036	
0.42	11.9997 9.49642 4.7251	
0.43	11.9924 9.48819 4.64062	
0.44	11.9712 9.44728 4.51886	
0.45	11.9869 9.35694 4.49337	
0.46	11.9684 9.21224 4.45554	
0.47	12 9.17297 4.43718	
0.48	12.0745 9.06965 4.44112	
0.49	12.0559 8.90195 4.37623	
0.5	12.0475 8.75265 4.38715	
0.51	12.0418 8.61649 4.40641	
0.52	12.0846 8.51632 4.42257	
0.53	12.2289 8.39955 4.37272	
0.54	12.3602 8.27011 4.25851	
0.55	12.4453 8.12611 4.16428	
0.56	12.4012 8.04757 4.01388	
0.57	12.3493 7.97252 3.8695	
0.58	12.32 7.88523 3.83013	
0.59	12.2995 7.77219 3.79634	
0.6	12.2794 7.62252 3.80531	
0.61	12.2702 7.51777 3.81266	
0.62	12.197 7.49639 3.70423	
0.63	12.0456 7.4775 3.57963	
0.64	11.8415 7.44591 3.43921	
0.65	11.7693 7.44969 3.38649	
0.66	11.6697 7.44337 3.37075	
0.67	11.5829 7.48616 3.3357	
0.68	11.5761 7.53846 3.31255	
0.69	11.5362 7.60941 3.28764	
0.7	11.5203 7.74845 3.25797	
0.71	11.552 7.89818 3.2356	
0.72	11.6534 8.08028 3.28489	
0.73	11.7116 8.18058 3.2779	
0.74	11.7715 8.27945 3.28306	
0.75	11.8829 8.35508 3.3279	
0.76	11.9981 8.41058 3.40442	
0.77	12.047 8.49205 3.42994	
0.78	12.1329 8.61764 3.4282	
0.79	12.3233 8.75853 3.41849	
0.8	12.4924 8.8599 3.41166	
0.81	12.5545 8.90098 3.41082	
0.82	12.5817 8.89903 3.42403	
0.83	12.5893 8.88394 3.43574	
0.84	12.5942 8.88617 3.44223	
0.85	12.5968 8.88427 3.44546	
0.86	12.5997 8.88128 3.4492	
0.87	12.6105 8.89612 3.45828	
0.88	12.6211 8.90409 3.45761	
0.89	12.6238 8.90139 3.45121	
0.9	12.6205 8.91002 3.44802	
0.91	12.6205 8.93022 3.41878	
0.92	12.6147 8.91329 3.36144	
0.93	12.5946 8.92209 3.28211	
0.94	12.5528 8.96612 3.14138	
0.95	12.4896 8.96914 2.92773	
0.96	12.4142 8.96412 2.72155	
0.97	12.3732 8.96288 2.63803	
0.98	12.3121 8.97126 2.49611	
0.99	12.2814 8.95213 2.43684	
1	12.2745 8.96919 2.45271	
1.01	12.2286 9.02108 2.40761	
1.02	12.1556 9.07202 2.35991	
1.03	12.1003 9.15213 2.32232	
1.04	12.03 9.223 2.27015	
1.05	11.9572 9.28244 2.22536	
1.06	11.845 9.38452 2.11174	
1.07	11.7255 9.51023 2.00111	
1.08	11.6158 9.64241 1.8623	
1.09	11.2961 9.84915 1.53907	
1.1	11.1437 9.86313 1.38572	
1.11	10.9804 9.85224 1.11837	
1.12	10.5473 9.6657 0.824353	
1.13	10.4878 9.69417 0.780283	
1.14	10.4605 9.70862 0.719138	
1.15	10.403 9.7177 0.516586	
1.16	10.2996 9.68306 0.284638	
1.17	10.2059 9.7802 0.265954	
1.18	10.1305 9.73033 0.208052	
1.19	10.1233 9.81245 0.0707021	
1.2	9.76417 10.3181 -0.10173	
1.21	9.38494 10.4621 -0.107416	
1.22	9.2175 10.6301 -0.0718039	
1.23	9.04413 10.6887 -0.00618068	
1.24	8.90188 10.8072 0.0804635	
1.25	8.71064 10.9523 0.191865	
1.26	8.83616 11.0062 0.277726	
1.27	8.77565 10.9789 0.419334	
1.28	8.6977 10.82 0.808088	
1.29	8.56681 10.8995 1.07735	
1.3	8.49027 11.0032 1.21139	
1.31	8.47049 10.9162 1.30135	
1.32	8.47967 10.8983 1.36538	
1.33	8.3957 10.7948 1.31639	
1.34	8.35053 10.7466 1.4651	
1.35	8.21655 10.8462 1.38872	
1.36	8.14701 10.7294 1.05029	
1.37	8.13402 10.5717 0.937062	
1.38	8.09845 10.5215 0.85603	
1.39	7.93824 10.6148 0.885104	
1.4	7.94886 10.6295 0.93898	
1.41	7.73616 10.7128 1.08225	
1.42	7.80342 10.7753 1.23988	
1.43	7.47841 10.8944 1.76353	
1.44	7.6975 10.9135 2.18482	
1.45	7.41802 11.0321 2.47324	
1.46	7.61886 10.9549 2.60391	
1.47	7.48026 10.9051 2.70106	
1.48	7.47737 10.7371 2.9571	
1.49	7.46287 10.5824 2.8908	
1.5	7.47944 10.7419 3.05309	
1.51	7.28012 10.7499 3.05589	
1.52	7.22108 10.595 2.77825	
1.53	7.19974 10.3218 2.6581	
1.54	7.19116 10.0256 2.47248	
1.55	7.1423 9.93062 2.1968	
1.56	7.18131 9.25644 1.75647	
1.57	7.38099 8.88503 0.642555	
1.58	9.59289 8.61946 -1.05184	
1.59	12.098 8.85176 -0.268448	
1.6	12.4063 8.85187 0.373213	
1.61	13.1918 8.68759 1.16626	
1.62	13.5673 8.28903 1.81479	
1.63	14.0262 8.26758 1.89034	
1.64	14.2099 7.67387 2.09259	
1.65	14.2795 7.06162 2.49262	
1.66	14.32 6.54597 2.57055	
1.67	14.3381 6.28988 2.61207	
1.68	14.3371 6.26373 2.61715	
1.69	14.2238 6.33611 2.56782	
1.7	13.9481 6.25707 2.42084	
1.71	13.8355 6.17704 2.22208	
1.72	13.7618 5.96291 2.11199	
1.73	13.6661 5.87877 2.17599	
1.74	13.4883 5.8653 2.15366	
1.75	13.3598 5.8024 2.17437	
1.76	13.119 5.6836 2.18961	
1.77	12.7413 5.67145 2.15877	
1.78	12.3227 5.7342 2.16657	
1.79	12.1768 5.87139 2.33168	
1.8	12.2382 5.85549 2.57621	
1.81	12.4153 5.57044 2.62988	
1.82	12.45 5.35695 2.67609	
1.83	12.7764 5.33434 2.69222	
1.84	13.1266 5.27601 2.62805	
1.85	13.2257 5.07423 2.69476	
1.86	13.3143 4.93793 2.69627	
1.87	13.3124 4.84329 2.52294	
1.88	13.2543 4.73302 2.21688	
1.89	13.2452 4.65875 2.03345	
1.9	13.146 4.64326 1.84778	
1.91	13.078 4.62649 1.73774	
1.92	12.9157 4.64249 1.25302	
1.93	12.63 4.72629 1.06642	
1.94	12.3594 4.7997 0.797227	
1.95	11.9595 4.81207 0.514438	
1.96	11.7239 4.8533 0.380774	
1.97	11.4772 4.94878 0.246134	
1.98	11.1713 4.9852 0.163236	
1.99	10.7113 5.00467 0.0835039	
2	10.5019 4.99225 0.0957637	
2.01	10.2214 5.02524 0.0958781	
2.02	10.1554 5.02513 0.104767	
2.03	9.94684 5.06832 0.0633285	
2.04	7.98928 5.15725 1.15778	
2.05	7.98146 4.7274 1.09055	
2.06	7.9732 4.42989 1.58126	
2.07	12.2846 9.09899 1.61738	
2.08	12.1558 14.0098 1.50786	
2.09	11.6946 13.9798 1.10137	
2.1	11.114 13.9147 0.822725	
2.11	10.408 13.8105 0.744413	
2.12	10.6457 13.7825 0.684004	
2.13	10.673 13.8111 0.712311	
2.14	10.6609 13.8172 0.708933	
2.15	10.3138 13.8234 0.619747	
2.16	10.4666 13.8141 0.624264	
2.17	10.2228 13.8509 0.570188	
2.18	10.4424 13.7951 0.60375	
2.19	10.2625 13.8387 0.572753	
2.2	10.5244 13.7898 0.647657	
2.21	10.4076 13.8424 0.615116	
2.22	10.465 13.8311 0.635429	
2.23	10.4148 13.8573 0.62149	
