# Gnuplot File : velocities of 1 particle(s) Monitored
# 1st Column : time, others : particle(s) number 0 
0.01	8.42873e-17 0 -0.0365586	
0.02	6.17515e-17 0 -0.0632893	
0.03	1.29348e-16 0 -0.082834	
0.04	9.47646e-17 0 -0.0971245	
0.05	6.92893e-17 0 -0.107573	
0.06	5.06624e-17 0 -0.115213	
0.07	3.70429e-17 0 -0.120799	
0.08	2.70848e-17 0 -0.124884	
0.09	1.98036e-17 0 -0.12787	
0.1	1.44779e-17 0 -0.130054	
0.11	1.05873e-17 0 -0.13165	
0.12	7.74113e-18 0 -0.132818	
0.13	5.65932e-18 0 -0.133671	
0.14	4.13851e-18 0 -0.134295	
0.15	3.02555e-18 0 -0.134752	
0.16	3.02596e-18 0 -0.134752	
0.17	3.02596e-18 0 -0.134752	
0.18	3.02596e-18 0 -0.134752	
0.19	3.02596e-18 0 -0.134752	
0.2	3.02596e-18 0 -0.134752	
0.21	3.01994e-18 0 -0.134752	
0.22	3.02596e-18 0 -0.134752	
0.23	3.02555e-18 0 -0.134752	
0.24	3.02596e-18 0 -0.134752	
0.25	3.02555e-18 0 -0.134752	
0.26	3.02555e-18 0 -0.134752	
0.27	3.02596e-18 0 -0.134752	
0.28	3.02555e-18 0 -0.134752	
0.29	3.02596e-18 0 -0.134752	
0.3	3.02555e-18 0 -0.134752	
0.31	3.02555e-18 0 -0.134752	
0.32	3.12019e-18 0 -0.134752	
0.33	3.38047e-18 0 -0.134752	
0.34	3.38624e-18 0 -0.134752	
0.35	3.38629e-18 0 -0.134752	
0.36	3.38038e-18 0 -0.134752	
0.37	3.38624e-18 0 -0.134752	
0.38	3.38624e-18 0 -0.134752	
0.39	3.38624e-18 0 -0.134752	
0.4	3.38624e-18 0 -0.134752	
0.41	3.38624e-18 0 -0.134752	
0.42	3.43194e-18 0 -0.134752	
0.43	3.38622e-18 0 -0.134752	
0.44	3.38042e-18 0 -0.134752	
0.45	3.38624e-18 0 -0.134752	
0.46	3.34543e-18 0 -0.134752	
0.47	3.41097e-18 0 -0.134752	
0.48	3.66293e-18 0 -0.134752	
0.49	4.03378e-18 0 -0.134752	
0.5	4.25685e-18 0 -0.134752	
0.51	4.31684e-18 0 -0.134752	
0.52	4.27534e-18 0 -0.134752	
0.53	4.10319e-18 0 -0.134752	
0.54	3.91466e-18 0 -0.134752	
0.55	3.88286e-18 0 -0.134752	
0.56	3.83564e-18 0 -0.134752	
0.57	3.72467e-18 0 -0.134752	
0.58	3.61403e-18 0 -0.134752	
0.59	3.43583e-18 0 -0.134752	
0.6	3.36073e-18 0 -0.134752	
0.61	3.22306e-18 0 -0.134752	
0.62	3.16802e-18 0 -0.134752	
0.63	3.14996e-18 0 -0.134752	
0.64	3.10914e-18 0 -0.134752	
0.65	3.05744e-18 0 -0.134752	
0.66	3.04928e-18 0 -0.134752	
0.67	3.05484e-18 0 -0.134752	
0.68	3.09266e-18 0 -0.134752	
0.69	3.16401e-18 0 -0.134752	
0.7	3.24062e-18 0 -0.134752	
0.71	3.28964e-18 0 -0.134752	
0.72	3.31312e-18 0 -0.134752	
0.73	3.3425e-18 0 -0.134752	
0.74	3.36014e-18 0 -0.134752	
0.75	3.36417e-18 0 -0.134752	
0.76	3.3642e-18 0 -0.134752	
0.77	3.37585e-18 0 -0.134752	
0.78	3.39517e-18 0 -0.134752	
0.79	3.42774e-18 0 -0.134752	
0.8	3.48521e-18 0 -0.134752	
0.81	3.51557e-18 0 -0.134752	
0.82	3.53442e-18 0 -0.134752	
0.83	3.55297e-18 0 -0.134752	
0.84	3.58681e-18 0 -0.134752	
0.85	3.60365e-18 0 -0.134752	
0.86	3.61306e-18 0 -0.134752	
0.87	3.61866e-18 0 -0.134752	
0.88	3.61869e-18 0 -0.134752	
0.89	3.62076e-18 0 -0.134752	
0.9	3.61926e-18 0 -0.134752	
0.91	3.62513e-18 0 -0.134752	
0.92	3.62162e-18 0 -0.134752	
0.93	3.62568e-18 0 -0.134752	
0.94	3.61709e-18 0 -0.134752	
0.95	3.61611e-18 0 -0.134752	
0.96	3.63365e-18 0 -0.134752	
0.97	3.6564e-18 0 -0.134752	
0.98	3.67529e-18 0 -0.134752	
0.99	3.69929e-18 0 -0.134752	
1	3.72124e-18 0 -0.134752	
1.01	3.73762e-18 0 -0.134752	
1.02	3.75049e-18 0 -0.134752	
1.03	3.75793e-18 0 -0.134752	
1.04	3.77247e-18 0 -0.134752	
1.05	3.78331e-18 0 -0.134752	
1.06	3.79415e-18 0 -0.134752	
1.07	3.80153e-18 0 -0.134752	
1.08	3.81259e-18 0 -0.134752	
1.09	3.81628e-18 0 -0.134752	
1.1	3.82702e-18 0 -0.134752	
1.11	3.83243e-18 0 -0.134752	
1.12	3.83781e-18 0 -0.134752	
1.13	3.83788e-18 0 -0.134752	
1.14	3.84328e-18 0 -0.134752	
1.15	3.85408e-18 0 -0.134752	
1.16	3.85947e-18 0 -0.134752	
1.17	3.87553e-18 0 -0.134752	
1.18	3.87566e-18 0 -0.134752	
1.19	3.88644e-18 0 -0.134752	
1.2	3.89185e-18 0 -0.134752	
1.21	3.90252e-18 0 -0.134752	
1.22	3.90433e-18 0 -0.134752	
1.23	3.92022e-18 0 -0.134752	
1.24	3.93253e-18 0 -0.134752	
1.25	3.94481e-18 0 -0.134752	
1.26	3.95345e-18 0 -0.134752	
1.27	3.96044e-18 0 -0.134752	
1.28	3.97259e-18 0 -0.134752	
1.29	3.98443e-18 0 -0.134752	
1.3	3.99108e-18 0 -0.134752	
1.31	4.00114e-18 0 -0.134752	
1.32	4.00609e-18 0 -0.134752	
1.33	4.01937e-18 0 -0.134752	
1.34	4.0224e-18 0 -0.134752	
1.35	4.03236e-18 0 -0.134752	
1.36	4.02736e-18 0 -0.134752	
1.37	4.02747e-18 0 -0.134752	
1.38	4.03243e-18 0 -0.134752	
1.39	4.04411e-18 0 -0.134752	
1.4	4.04232e-18 0 -0.134752	
1.41	4.04909e-18 0 -0.134752	
1.42	4.05401e-18 0 -0.134752	
1.43	4.05697e-18 0 -0.134752	
1.44	4.06682e-18 0 -0.134752	
1.45	4.0634e-18 0 -0.134752	
1.46	4.06513e-18 0 -0.134752	
1.47	4.07658e-18 0 -0.134752	
1.48	4.08448e-18 0 -0.134752	
1.49	4.0873e-18 0 -0.134752	
1.5	4.09361e-18 0 -0.134752	
1.51	4.0983e-18 0 -0.134752	
1.52	4.10459e-18 0 -0.134752	
1.53	4.11082e-18 0 -0.134752	
1.54	4.10734e-18 0 -0.134752	
1.55	4.10238e-18 0 -0.134752	
1.56	4.09705e-18 0 -0.134752	
1.57	4.09981e-18 0 -0.134752	
1.58	4.10105e-18 0 -0.134752	
1.59	4.09572e-18 0 -0.134752	
1.6	4.09038e-18 0 -0.134752	
1.61	4.09313e-18 0 -0.134752	
1.62	4.09434e-18 0 -0.134752	
1.63	4.09556e-18 0 -0.134752	
1.64	4.09365e-18 0 -0.134752	
1.65	4.09301e-18 0 -0.134752	
1.66	4.10079e-18 0 -0.134752	
1.67	4.09546e-18 0 -0.134752	
1.68	4.09701e-18 0 -0.134752	
1.69	4.09009e-18 0 -0.134752	
1.7	4.09444e-18 0 -0.134752	
1.71	4.09882e-18 0 -0.134752	
1.72	4.09506e-18 0 -0.134752	
1.73	4.09317e-18 0 -0.134752	
1.74	4.08782e-18 0 -0.134752	
1.75	4.09252e-18 0 -0.134752	
1.76	4.08027e-18 0 -0.134752	
1.77	4.06293e-18 0 -0.134752	
1.78	4.03504e-18 0 -0.134752	
1.79	4.02423e-18 0 -0.134752	
1.8	4.01691e-18 0 -0.134752	
1.81	4.00957e-18 0 -0.134752	
1.82	4.00254e-18 0 -0.134752	
1.83	4.00736e-18 0 -0.134752	
1.84	4.00866e-18 0 -0.134752	
1.85	4.0183e-18 0 -0.134752	
1.86	4.02791e-18 0 -0.134752	
1.87	4.03242e-18 0 -0.134752	
1.88	4.04045e-18 0 -0.134752	
1.89	4.04328e-18 0 -0.134752	
1.9	4.05444e-18 0 -0.134752	
1.91	4.05732e-18 0 -0.134752	
1.92	4.06841e-18 0 -0.134752	
1.93	4.08263e-18 0 -0.134752	
1.94	4.09181e-18 0 -0.134752	
1.95	4.10101e-18 0 -0.134752	
1.96	4.10703e-18 0 -0.134752	
1.97	4.10994e-18 0 -0.134752	
1.98	4.10478e-18 0 -0.134752	
1.99	4.10614e-18 0 -0.134752	
2	4.10722e-18 0 -0.134752	
2.01	4.10669e-18 0 -0.134752	
2.02	4.09806e-18 0 -0.134752	
2.03	4.10102e-18 0 -0.134752	
2.04	4.10241e-18 0 -0.134752	
2.05	4.10037e-18 0 -0.134752	
2.06	4.09175e-18 0 -0.134752	
2.07	4.08808e-18 0 -0.134752	
2.08	4.07916e-18 0 -0.134752	
2.09	4.08342e-18 0 -0.134752	
2.1	4.08582e-18 0 -0.134752	
2.11	4.07982e-18 0 -0.134752	
2.12	4.06932e-18 0 -0.134752	
2.13	4.06572e-18 0 -0.134752	
2.14	4.06025e-18 0 -0.134752	
2.15	4.04944e-18 0 -0.134752	
2.16	4.04356e-18 0 -0.134752	
2.17	4.03131e-18 0 -0.134752	
2.18	4.02252e-18 0 -0.134752	
2.19	4.02179e-18 0 -0.134752	
2.2	4.02094e-18 0 -0.134752	
2.21	4.0219e-18 0 -0.134752	
2.22	4.01318e-18 0 -0.134752	
2.23	4.01792e-18 0 -0.134752	
2.24	4.01728e-18 0 -0.134752	
2.25	4.01478e-18 0 -0.134752	
2.26	4.00893e-18 0 -0.134752	
2.27	4.00164e-18 0 -0.134752	
2.28	4.00468e-18 0 -0.134752	
2.29	4.00064e-18 0 -0.134752	
2.3	3.99986e-18 0 -0.134752	
2.31	3.99916e-18 0 -0.134752	
2.32	3.99015e-18 0 -0.134752	
2.33	3.98312e-18 0 -0.134752	
2.34	3.98786e-18 0 -0.134752	
2.35	3.99562e-18 0 -0.134752	
2.36	4.00173e-18 0 -0.134752	
2.37	4.00118e-18 0 -0.134752	
2.38	4.00077e-18 0 -0.134752	
2.39	4.00348e-18 0 -0.134752	
2.4	4.00772e-18 0 -0.134752	
2.41	4.00832e-18 0 -0.134752	
2.42	4.0058e-18 0 -0.134752	
2.43	3.98967e-18 0 -0.134752	
2.44	3.99409e-18 0 -0.134752	
2.45	3.98487e-18 0 -0.134752	
2.46	3.98054e-18 0 -0.134752	
2.47	3.96408e-18 0 -0.134752	
2.48	3.95331e-18 0 -0.134752	
2.49	3.94928e-18 0 -0.134752	
2.5	3.95864e-18 0 -0.134752	
2.51	3.96123e-18 0 -0.134752	
2.52	3.95879e-18 0 -0.134752	
2.53	3.9514e-18 0 -0.134752	
2.54	3.93538e-18 0 -0.134752	
2.55	3.9262e-18 0 -0.134752	
2.56	3.92199e-18 0 -0.134752	
2.57	3.91429e-18 0 -0.134752	
2.58	3.89827e-18 0 -0.134752	
2.59	3.88733e-18 0 -0.134752	
2.6	3.88147e-18 0 -0.134752	
2.61	3.88755e-18 0 -0.134752	
2.62	3.89189e-18 0 -0.134752	
2.63	3.89297e-18 0 -0.134752	
2.64	3.88197e-18 0 -0.134752	
2.65	3.87946e-18 0 -0.134752	
2.66	3.88203e-18 0 -0.134752	
2.67	3.88986e-18 0 -0.134752	
2.68	3.88922e-18 0 -0.134752	
2.69	3.87651e-18 0 -0.134752	
2.7	3.86905e-18 0 -0.134752	
2.71	3.87363e-18 0 -0.134752	
2.72	3.87265e-18 0 -0.134752	
2.73	3.86491e-18 0 -0.134752	
2.74	3.84694e-18 0 -0.134752	
2.75	3.83794e-18 0 -0.134752	
2.76	3.83577e-18 0 -0.134752	
2.77	3.84037e-18 0 -0.134752	
2.78	3.83258e-18 0 -0.134752	
2.79	3.82165e-18 0 -0.134752	
2.8	3.80898e-18 0 -0.134752	
2.81	3.80503e-18 0 -0.134752	
2.82	3.80798e-18 0 -0.134752	
2.83	3.81264e-18 0 -0.134752	
2.84	3.80851e-18 0 -0.134752	
2.85	3.79942e-18 0 -0.134752	
2.86	3.79913e-18 0 -0.134752	
2.87	3.80037e-18 0 -0.134752	
2.88	3.81205e-18 0 -0.134752	
2.89	3.81124e-18 0 -0.134752	
2.9	3.80889e-18 0 -0.134752	
2.91	3.8032e-18 0 -0.134752	
2.92	3.80599e-18 0 -0.134752	
2.93	3.81397e-18 0 -0.134752	
2.94	3.82728e-18 0 -0.134752	
2.95	3.82832e-18 0 -0.134752	
2.96	3.82603e-18 0 -0.134752	
2.97	3.8234e-18 0 -0.134752	
2.98	3.83799e-18 0 -0.134752	
2.99	3.8472e-18 0 -0.134752	
3	3.83531e-18 0 -0.134752	
3.01	3.81981e-18 0 -0.134752	
3.02	3.80805e-18 0 -0.134752	
3.03	3.79248e-18 0 -0.134752	
3.04	3.79262e-18 0 -0.134752	
3.05	3.79261e-18 0 -0.134752	
3.06	3.78462e-18 0 -0.134752	
3.07	3.77857e-18 0 -0.134752	
3.08	3.78305e-18 0 -0.134752	
3.09	3.79481e-18 0 -0.134752	
3.1	3.79066e-18 0 -0.134752	
3.11	3.78824e-18 0 -0.134752	
3.12	3.78262e-18 0 -0.134752	
3.13	3.78726e-18 0 -0.134752	
3.14	3.80041e-18 0 -0.134752	
3.15	3.82879e-18 0 -0.134752	
3.16	3.83907e-18 0 -0.134752	
3.17	3.83437e-18 0 -0.134752	
3.18	3.82088e-18 0 -0.134752	
3.19	3.81017e-18 0 -0.134752	
3.2	3.81131e-18 0 -0.134752	
3.21	3.81554e-18 0 -0.134752	
3.22	3.813e-18 0 -0.134752	
3.23	3.8107e-18 0 -0.134752	
3.24	3.82089e-18 0 -0.134752	
3.25	3.83212e-18 0 -0.134752	
3.26	3.85368e-18 0 -0.134752	
3.27	3.86086e-18 0 -0.134752	
3.28	3.86297e-18 0 -0.134752	
3.29	3.87237e-18 0 -0.134752	
3.3	3.87749e-18 0 -0.134752	
3.31	3.88091e-18 0 -0.134752	
3.32	3.87002e-18 0 -0.134752	
3.33	3.85876e-18 0 -0.134752	
3.34	3.84775e-18 0 -0.134752	
3.35	3.83839e-18 0 -0.134752	
3.36	3.83769e-18 0 -0.134752	
3.37	3.84397e-18 0 -0.134752	
3.38	3.84522e-18 0 -0.134752	
3.39	3.84522e-18 0 -0.134752	
3.4	3.85344e-18 0 -0.134752	
3.41	3.86468e-18 0 -0.134752	
3.42	3.88402e-18 0 -0.134752	
3.43	3.89469e-18 0 -0.134752	
3.44	3.88969e-18 0 -0.134752	
3.45	3.88873e-18 0 -0.134752	
3.46	3.89105e-18 0 -0.134752	
3.47	3.90239e-18 0 -0.134752	
3.48	3.89728e-18 0 -0.134752	
3.49	3.89625e-18 0 -0.134752	
3.5	3.8988e-18 0 -0.134752	
3.51	3.8936e-18 0 -0.134752	
3.52	3.89939e-18 0 -0.134752	
3.53	3.89991e-18 0 -0.134752	
3.54	3.90704e-18 0 -0.134752	
3.55	3.91443e-18 0 -0.134752	
3.56	3.92297e-18 0 -0.134752	
3.57	3.93795e-18 0 -0.134752	
3.58	3.95228e-18 0 -0.134752	
3.59	3.95564e-18 0 -0.134752	
3.6	3.95317e-18 0 -0.134752	
3.61	3.95902e-18 0 -0.134752	
3.62	3.95518e-18 0 -0.134752	
3.63	3.9539e-18 0 -0.134752	
3.64	3.95296e-18 0 -0.134752	
3.65	3.94561e-18 0 -0.134752	
3.66	3.9357e-18 0 -0.134752	
3.67	3.92899e-18 0 -0.134752	
3.68	3.92282e-18 0 -0.134752	
3.69	3.92071e-18 0 -0.134752	
3.7	3.92368e-18 0 -0.134752	
3.71	3.92082e-18 0 -0.134752	
3.72	3.91437e-18 0 -0.134752	
3.73	3.92315e-18 0 -0.134752	
3.74	3.92252e-18 0 -0.134752	
3.75	3.92707e-18 0 -0.134752	
3.76	3.92482e-18 0 -0.134752	
3.77	3.92519e-18 0 -0.134752	
3.78	3.92036e-18 0 -0.134752	
3.79	3.9217e-18 0 -0.134752	
3.8	3.91687e-18 0 -0.134752	
3.81	3.91499e-18 0 -0.134752	
3.82	3.90891e-18 0 -0.134752	
3.83	3.90057e-18 0 -0.134752	
3.84	3.89448e-18 0 -0.134752	
3.85	3.89136e-18 0 -0.134752	
3.86	3.88363e-18 0 -0.134752	
3.87	3.87589e-18 0 -0.134752	
3.88	3.86651e-18 0 -0.134752	
3.89	3.8571e-18 0 -0.134752	
3.9	3.85319e-18 0 -0.134752	
3.91	3.85155e-18 0 -0.134752	
3.92	3.8552e-18 0 -0.134752	
3.93	3.85253e-18 0 -0.134752	
3.94	3.85127e-18 0 -0.134752	
3.95	3.84308e-18 0 -0.134752	
3.96	3.84113e-18 0 -0.134752	
3.97	3.84122e-18 0 -0.134752	
3.98	3.84591e-18 0 -0.134752	
3.99	3.84203e-18 0 -0.134752	
4	3.83323e-18 0 -0.134752	
4.01	3.82052e-18 0 -0.134752	
4.02	3.82336e-18 0 -0.134752	
4.03	3.83286e-18 0 -0.134752	
4.04	3.83826e-18 0 -0.134752	
4.05	3.84599e-18 0 -0.134752	
4.06	3.8372e-18 0 -0.134752	
4.07	3.83238e-18 0 -0.134752	
4.08	3.82079e-18 0 -0.134752	
4.09	3.82466e-18 0 -0.134752	
4.1	3.83138e-18 0 -0.134752	
4.11	3.83911e-18 0 -0.134752	
4.12	3.83931e-18 0 -0.134752	
4.13	3.83318e-18 0 -0.134752	
4.14	3.84458e-18 0 -0.134752	
4.15	3.85189e-18 0 -0.134752	
4.16	3.8661e-18 0 -0.134752	
4.17	3.87653e-18 0 -0.134752	
4.18	3.88187e-18 0 -0.134752	
4.19	3.87481e-18 0 -0.134752	
4.2	3.87781e-18 0 -0.134752	
4.21	3.87983e-18 0 -0.134752	
4.22	3.89032e-18 0 -0.134752	
4.23	3.89032e-18 0 -0.134752	
4.24	3.89498e-18 0 -0.134752	
4.25	3.88853e-18 0 -0.134752	
4.26	3.88045e-18 0 -0.134752	
4.27	3.88448e-18 0 -0.134752	
4.28	3.88448e-18 0 -0.134752	
4.29	3.88973e-18 0 -0.134752	
4.3	3.88915e-18 0 -0.134752	
4.31	3.89117e-18 0 -0.134752	
4.32	3.88607e-18 0 -0.134752	
4.33	3.8801e-18 0 -0.134752	
4.34	3.88269e-18 0 -0.134752	
4.35	3.88737e-18 0 -0.134752	
4.36	3.89261e-18 0 -0.134752	
4.37	3.891e-18 0 -0.134752	
4.38	3.88721e-18 0 -0.134752	
4.39	3.88122e-18 0 -0.134752	
4.4	3.87572e-18 0 -0.134752	
4.41	3.88048e-18 0 -0.134752	
4.42	3.88048e-18 0 -0.134752	
4.43	3.87829e-18 0 -0.134752	
4.44	3.8761e-18 0 -0.134752	
4.45	3.87168e-18 0 -0.134752	
4.46	3.86198e-18 0 -0.134752	
4.47	3.86606e-18 0 -0.134752	
4.48	3.86809e-18 0 -0.134752	
4.49	3.86866e-18 0 -0.134752	
4.5	3.866e-18 0 -0.134752	
4.51	3.86332e-18 0 -0.134752	
4.52	3.85155e-18 0 -0.134752	
4.53	3.84398e-18 0 -0.134752	
4.54	3.84385e-18 0 -0.134752	
4.55	3.84113e-18 0 -0.134752	
4.56	3.83841e-18 0 -0.134752	
4.57	3.83723e-18 0 -0.134752	
4.58	3.84301e-18 0 -0.134752	
4.59	3.84341e-18 0 -0.134752	
4.6	3.84545e-18 0 -0.134752	
4.61	3.83688e-18 0 -0.134752	
4.62	3.84055e-18 0 -0.134752	
4.63	3.83565e-18 0 -0.134752	
4.64	3.83126e-18 0 -0.134752	
4.65	3.82418e-18 0 -0.134752	
4.66	3.82294e-18 0 -0.134752	
4.67	3.82335e-18 0 -0.134752	
4.68	3.81678e-18 0 -0.134752	
4.69	3.81711e-18 0 -0.134752	
4.7	3.81595e-18 0 -0.134752	
4.71	3.82004e-18 0 -0.134752	
4.72	3.82208e-18 0 -0.134752	
4.73	3.82577e-18 0 -0.134752	
4.74	3.82577e-18 0 -0.134752	
4.75	3.83109e-18 0 -0.134752	
4.76	3.83427e-18 0 -0.134752	
4.77	3.82721e-18 0 -0.134752	
4.78	3.82229e-18 0 -0.134752	
4.79	3.82598e-18 0 -0.134752	
4.8	3.82548e-18 0 -0.134752	
4.81	3.8308e-18 0 -0.134752	
4.82	3.8308e-18 0 -0.134752	
4.83	3.8308e-18 0 -0.134752	
4.84	3.82538e-18 0 -0.134752	
4.85	3.82487e-18 0 -0.134752	
4.86	3.8302e-18 0 -0.134752	
4.87	3.8302e-18 0 -0.134752	
4.88	3.82969e-18 0 -0.134752	
4.89	3.82487e-18 0 -0.134752	
4.9	3.81996e-18 0 -0.134752	
4.91	3.81504e-18 0 -0.134752	
4.92	3.81555e-18 0 -0.134752	
4.93	3.81504e-18 0 -0.134752	
4.94	3.82088e-18 0 -0.134752	
4.95	3.81504e-18 0 -0.134752	
4.96	3.81555e-18 0 -0.134752	
4.97	3.81555e-18 0 -0.134752	
4.98	3.81719e-18 0 -0.134752	
4.99	3.81134e-18 0 -0.134752	
5	3.81677e-18 0 -0.134752	
5.01	3.82497e-18 0 -0.134752	
5.02	3.83152e-18 0 -0.134752	
5.03	3.83961e-18 0 -0.134752	
5.04	3.83927e-18 0 -0.134752	
5.05	3.8409e-18 0 -0.134752	
5.06	3.8458e-18 0 -0.134752	
5.07	3.85068e-18 0 -0.134752	
5.08	3.85719e-18 0 -0.134752	
5.09	3.8584e-18 0 -0.134752	
5.1	3.86582e-18 0 -0.134752	
5.11	3.86745e-18 0 -0.134752	
5.12	3.86489e-18 0 -0.134752	
5.13	3.86976e-18 0 -0.134752	
5.14	3.87777e-18 0 -0.134752	
5.15	3.87582e-18 0 -0.134752	
5.16	3.87218e-18 0 -0.134752	
5.17	3.86163e-18 0 -0.134752	
5.18	3.86326e-18 0 -0.134752	
5.19	3.86703e-18 0 -0.134752	
5.2	3.86987e-18 0 -0.134752	
5.21	3.86946e-18 0 -0.134752	
5.22	3.86581e-18 0 -0.134752	
5.23	3.86581e-18 0 -0.134752	
5.24	3.86053e-18 0 -0.134752	
5.25	3.86053e-18 0 -0.134752	
5.26	3.86053e-18 0 -0.134752	
5.27	3.86053e-18 0 -0.134752	
5.28	3.85891e-18 0 -0.134752	
5.29	3.85891e-18 0 -0.134752	
5.3	3.8562e-18 0 -0.134752	
5.31	3.86094e-18 0 -0.134752	
5.32	3.85511e-18 0 -0.134752	
5.33	3.85456e-18 0 -0.134752	
5.34	3.85456e-18 0 -0.134752	
5.35	3.84914e-18 0 -0.134752	
5.36	3.84901e-18 0 -0.134752	
5.37	3.84088e-18 0 -0.134752	
5.38	3.83818e-18 0 -0.134752	
5.39	3.84403e-18 0 -0.134752	
5.4	3.83601e-18 0 -0.134752	
5.41	3.83589e-18 0 -0.134752	
5.42	3.83153e-18 0 -0.134752	
5.43	3.82827e-18 0 -0.134752	
5.44	3.82709e-18 0 -0.134752	
5.45	3.82606e-18 0 -0.134752	
5.46	3.82332e-18 0 -0.134752	
5.47	3.82056e-18 0 -0.134752	
5.48	3.81616e-18 0 -0.134752	
5.49	3.81872e-18 0 -0.134752	
5.5	3.81595e-18 0 -0.134752	
5.51	3.81481e-18 0 -0.134752	
5.52	3.81316e-18 0 -0.134752	
5.53	3.80822e-18 0 -0.134752	
5.54	3.80378e-18 0 -0.134752	
5.55	3.79231e-18 0 -0.134752	
5.56	3.78871e-18 0 -0.134752	
5.57	3.77875e-18 0 -0.134752	
5.58	3.76544e-18 0 -0.134752	
5.59	3.75463e-18 0 -0.134752	
5.6	3.74002e-18 0 -0.134752	
5.61	0.446752 0.00922082 0.124095	
5.62	0.500006 -0.0431127 0.187147	
5.63	1.32057 -0.0964588 0.560051	
5.64	1.34236 -0.216696 0.612477	
5.65	1.74293 -0.292483 0.808264	
5.66	1.79315 -0.383114 0.858639	
5.67	2.10242 -0.44615 1.01109	
5.68	2.25942 -0.521692 1.10239	
5.69	2.46246 -0.586585 1.20907	
5.7	2.92853 -0.644951 1.42832	
5.71	3.23522 0.163229 1.67832	
5.72	3.07723 -0.334491 1.50695	
5.73	3.80306 -0.503379 1.8237	
5.74	3.48142 -0.886839 1.67587	
5.75	3.57657 -0.728161 1.67839	
5.76	3.76851 0.113904 1.94814	
5.77	3.08047 0.284497 1.67571	
5.78	3.15147 0.423033 1.55203	
5.79	2.57917 0.417698 1.35065	
5.8	2.65996 0.518028 1.40742	
5.81	2.66685 0.559164 1.41879	
5.82	2.90267 0.661335 1.52858	
5.83	2.12124 0.487026 1.07895	
5.84	1.64205 0.384829 0.822841	
5.85	1.19982 0.282876 0.563935	
5.86	0.87672 0.208004 0.37493	
5.87	0.989447 0.232896 0.48101	
5.88	1.02883 0.238342 0.524354	
5.89	1.18616 0.584376 0.670151	
5.9	0.867778 0.426941 0.453964	
5.91	0.634591 0.312151 0.295454	
5.92	0.463876 0.228505 0.179278	
5.93	0.339245 0.166638 0.0947321	
5.94	0.248157 0.12151 0.032911	
5.95	0.181629 0.0884953 -0.0122224	
5.96	0.132924 0.0644164 -0.0452952	
5.97	0.0971694 0.0471123 -0.0696995	
5.98	0.0709976 0.0345252 -0.0875893	
5.99	0.0518801 0.0252591 -0.100633	
6	0.0379236 0.0184504 -0.110141	
6.01	0.0277194 0.0135195 -0.117108	
6.02	0.0202811 0.00986273 -0.122166	
6.03	0.0148303 0.00721256 -0.125882	
6.04	0.0108409 0.00527903 -0.128604	
6.05	0.00792532 0.00385742 -0.130591	
6.06	0.00579343 0.00282113 -0.132044	
6.07	0.00423785 0.002057 -0.133102	
6.08	0.00310141 0.0014995 -0.133875	
6.09	0.00226896 0.00109515 -0.134443	
6.1	0.00165939 0.000800537 -0.134859	
6.11	0.00121234 0.000586705 -0.135165	
6.12	0.00121165 0.000586997 -0.135166	
6.13	0.00121111 0.000587487 -0.135167	
6.14	0.00121122 0.000586154 -0.135166	
6.15	0.00121143 0.000585233 -0.135166	
6.16	0.00121147 0.000584375 -0.135165	
6.17	0.00121115 0.000584605 -0.135166	
6.18	0.00121038 0.000585063 -0.135166	
6.19	0.00121041 0.000584352 -0.135166	
6.2	0.00121031 0.000584898 -0.135166	
6.21	0.00121083 0.000584372 -0.135166	
6.22	0.00121104 0.000584037 -0.135165	
6.23	0.00121106 0.000584392 -0.135166	
6.24	0.00121074 0.000584705 -0.135166	
6.25	0.0012108 0.000584819 -0.135166	
6.26	0.00121112 0.000583959 -0.135165	
6.27	0.00121178 0.000582509 -0.135164	
6.28	0.0012124 0.000581789 -0.135164	
6.29	0.00121248 0.000582165 -0.135164	
6.3	0.00121193 0.000582855 -0.135164	
6.31	0.00121149 0.000583502 -0.135165	
6.32	0.00121074 0.000583908 -0.135166	
6.33	0.00121064 0.000583616 -0.135166	
6.34	0.0012107 0.000583882 -0.135166	
6.35	0.00121133 0.000582749 -0.135165	
6.36	0.00121089 0.000583383 -0.135165	
6.37	0.00121029 0.000583978 -0.135166	
6.38	0.00121005 0.000584076 -0.135166	
6.39	0.00120963 0.000584061 -0.135167	
6.4	0.00120969 0.000584376 -0.135167	
6.41	0.00120983 0.000585132 -0.135167	
6.42	0.00121013 0.000585995 -0.135167	
6.43	0.00120961 0.000587456 -0.135168	
6.44	0.00120883 0.000589076 -0.135169	
6.45	0.00120839 0.000590199 -0.13517	
6.46	0.00120862 0.000589953 -0.13517	
6.47	0.00120879 0.000590323 -0.135169	
6.48	0.00120975 0.000588624 -0.135168	
6.49	0.00120985 0.00058931 -0.135168	
6.5	0.00120979 0.000588925 -0.135168	
6.51	0.00120982 0.000588688 -0.135168	
6.52	0.0012092 0.000589222 -0.135169	
6.53	0.00120933 0.000588689 -0.135168	
6.54	0.00120971 0.000587859 -0.135168	
6.55	0.00120927 0.000588203 -0.135168	
6.56	0.00120883 0.000588643 -0.135169	
6.57	0.0012082 0.000589266 -0.13517	
6.58	0.00120788 0.000589673 -0.13517	
6.59	0.00120764 0.000589601 -0.13517	
6.6	0.00120732 0.000590007 -0.135171	
6.61	0.00120692 0.000590828 -0.135171	
6.62	0.0012064 0.000591845 -0.135172	
6.63	0.00120541 0.000594134 -0.135174	
6.64	0.00120447 0.000596743 -0.135175	
6.65	0.00120273 0.000600509 -0.135178	
6.66	0.0012014 0.000603627 -0.13518	
6.67	0.00119973 0.000607005 -0.135183	
6.68	0.00119778 0.000610645 -0.135186	
6.69	0.00119665 0.000613231 -0.135187	
6.7	0.00119559 0.000615818 -0.135189	
6.71	0.00119503 0.000617267 -0.13519	
6.72	0.00119331 0.000621159 -0.135193	
6.73	0.00119271 0.000622799 -0.135194	
6.74	0.00119197 0.000624627 -0.135195	
6.75	0.00119089 0.000626229 -0.135197	
6.76	0.00118949 0.000628877 -0.135199	
6.77	0.00118841 0.000630587 -0.1352	
6.78	0.00118679 0.000632908 -0.135202	
6.79	0.00118496 0.000635712 -0.135205	
6.8	0.00118376 0.000637397 -0.135206	
6.81	0.001183 0.000638796 -0.135208	
6.82	0.00118218 0.000640265 -0.135209	
6.83	0.00118204 0.000641045 -0.135209	
6.84	0.00118158 0.000642267 -0.13521	
6.85	0.00118047 0.000644572 -0.135212	
6.86	0.00117958 0.000646221 -0.135213	
6.87	0.00117833 0.000648104 -0.135215	
6.88	0.00117734 0.000650204 -0.135216	
6.89	0.00117635 0.000651831 -0.135218	
6.9	0.0011755 0.00065327 -0.135219	
6.91	0.00117394 0.000655491 -0.135221	
6.92	0.00117247 0.00065792 -0.135223	
6.93	0.00117046 0.000660534 -0.135225	
6.94	0.00116905 0.000662816 -0.135227	
6.95	0.00116817 0.000664226 -0.135229	
6.96	0.00116642 0.000666576 -0.135231	
6.97	0.00116481 0.000668413 -0.135233	
6.98	0.00116214 0.000672266 -0.135236	
6.99	0.00115955 0.000675277 -0.13524	
7	0.00115596 0.000679679 -0.135244	
7.01	0.00115293 0.000683479 -0.135248	
7.02	0.00114976 0.000687597 -0.135252	
7.03	0.0011471 0.000690241 -0.135255	
7.04	0.00114409 0.000693797 -0.135259	
7.05	0.00114117 0.000696988 -0.135262	
7.06	0.00113869 0.000700098 -0.135266	
7.07	0.00113657 0.000703465 -0.135268	
7.08	0.00113536 0.000705098 -0.13527	
7.09	0.00113465 0.000706373 -0.135271	
7.1	0.00113382 0.000707647 -0.135272	
7.11	0.00113267 0.000708662 -0.135273	
7.12	0.00113211 0.000709325 -0.135274	
7.13	0.0011314 0.000710153 -0.135275	
7.14	0.00113084 0.000710814 -0.135276	
7.15	0.00113016 0.000712241 -0.135277	
7.16	0.00112965 0.000713062 -0.135277	
7.17	0.00112931 0.000713279 -0.135278	
7.18	0.00112846 0.000714864 -0.135279	
7.19	0.00112767 0.000715844 -0.13528	
7.2	0.00112679 0.000716382 -0.135281	
7.21	0.00112521 0.000717855 -0.135283	
7.22	0.00112328 0.00072008 -0.135285	
7.23	0.00112049 0.000722943 -0.135289	
7.24	0.00111767 0.000725934 -0.135292	
7.25	0.0011149 0.000728747 -0.135295	
7.26	0.00111264 0.000730791 -0.135298	
7.27	0.00111018 0.000732827 -0.135301	
7.28	0.00110807 0.000735124 -0.135303	
7.29	0.00110683 0.000735776 -0.135304	
7.3	0.00110553 0.000737007 -0.135306	
7.31	0.00110494 0.000738206 -0.135307	
7.32	0.0011044 0.000738666 -0.135307	
7.33	0.0011044 0.000738234 -0.135307	
7.34	0.00110422 0.00073882 -0.135308	
7.35	0.00110459 0.000738666 -0.135307	
7.36	0.00110446 0.000738968 -0.135307	
7.37	0.00110391 0.000739727 -0.135308	
7.38	0.00110325 0.000740053 -0.135309	
7.39	0.00110284 0.000740661 -0.135309	
7.4	0.00110206 0.000741419 -0.13531	
7.41	0.00110201 0.000741721 -0.13531	
7.42	0.00110244 0.000741419 -0.13531	
7.43	0.00110262 0.000741852 -0.13531	
7.44	0.00110335 0.00074096 -0.135309	
7.45	0.00110335 0.00074096 -0.135309	
7.46	0.00110335 0.00074096 -0.135309	
7.47	0.00110443 0.000740344 -0.135308	
7.48	0.0011045 0.000740193 -0.135308	
7.49	0.00110414 0.000740499 -0.135308	
7.5	0.00110307 0.000741849 -0.13531	
7.51	0.00110327 0.00074156 -0.135309	
7.52	0.00110183 0.000743213 -0.135311	
7.53	0.00110221 0.000743206 -0.135311	
7.54	0.0011016 0.000744832 -0.135312	
7.55	0.00110216 0.000744236 -0.135311	
7.56	0.00110247 0.000744376 -0.135311	
7.57	0.00110266 0.000744953 -0.135311	
7.58	0.00110285 0.000744947 -0.135311	
7.59	0.00110364 0.000744478 -0.13531	
7.6	0.00110455 0.000744003 -0.135309	
7.61	0.00110491 0.000744424 -0.135309	
7.62	0.00110512 0.000744115 -0.135309	
7.63	0.00110424 0.000745602 -0.13531	
7.64	0.00110319 0.000746657 -0.135311	
7.65	0.0011032 0.000747518 -0.135311	
7.66	0.00110285 0.000748542 -0.135312	
7.67	0.00110378 0.000747754 -0.135311	
7.68	0.00110413 0.000748747 -0.135311	
7.69	0.00110435 0.000748422 -0.135311	
7.7	0.00110454 0.00074854 -0.135311	
7.71	0.00110472 0.0007491 -0.135311	
7.72	0.00110527 0.00074891 -0.13531	
7.73	0.00110635 0.000748389 -0.135309	
7.74	0.00110624 0.000748834 -0.135309	
7.75	0.00110697 0.000748028 -0.135308	
7.76	0.00110731 0.000748429 -0.135308	
7.77	0.00110725 0.000748711 -0.135308	
7.78	0.00110719 0.000748993 -0.135309	
7.79	0.00110715 0.000749403 -0.135309	
7.8	0.00110808 0.000748568 -0.135308	
7.81	0.00111007 0.00074705 -0.135305	
7.82	0.00111168 0.000746273 -0.135304	
7.83	0.00111294 0.00074579 -0.135303	
7.84	0.00111315 0.00074599 -0.135302	
7.85	0.00111381 0.000745993 -0.135302	
7.86	0.00111394 0.00074634 -0.135302	
7.87	0.00111397 0.000746568 -0.135302	
7.88	0.00111461 0.000746443 -0.135301	
7.89	0.0011148 0.0007464 -0.135301	
7.9	0.0011147 0.000747127 -0.135302	
7.91	0.00111464 0.000747396 -0.135302	
7.92	0.00111424 0.000747975 -0.135302	
7.93	0.0011141 0.000748401 -0.135302	
7.94	0.00111412 0.000748511 -0.135303	
7.95	0.00111415 0.000748781 -0.135303	
7.96	0.00111364 0.000749245 -0.135303	
7.97	0.00111272 0.000750174 -0.135304	
7.98	0.00111292 0.000750238 -0.135304	
7.99	0.00111242 0.000750809 -0.135305	
8	0.00111296 0.000750562 -0.135304	
8.01	0.00111324 0.000750517 -0.135304	
8.02	0.00111335 0.000750627 -0.135304	
8.03	0.00111321 0.000751047 -0.135304	
8.04	0.00111264 0.000751772 -0.135305	
8.05	0.00111215 0.000752338 -0.135305	
8.06	0.00111199 0.000752597 -0.135306	
8.07	0.00111224 0.000753115 -0.135306	
8.08	0.00111256 0.000752608 -0.135305	
8.09	0.00111192 0.000753484 -0.135306	
8.1	0.00111087 0.000754967 -0.135307	
8.11	0.00111028 0.000755377 -0.135308	
8.12	0.00111037 0.000755425 -0.135308	
8.13	0.00111091 0.000755168 -0.135307	
8.14	0.00111215 0.000754396 -0.135306	
8.15	0.00111244 0.000754443 -0.135306	
8.16	0.00111247 0.000754638 -0.135306	
8.17	0.00111228 0.000755448 -0.135306	
8.18	0.00111256 0.00075533 -0.135306	
8.19	0.00111362 0.000754693 -0.135305	
8.2	0.00111462 0.000754514 -0.135304	
8.21	0.00111521 0.000753771 -0.135303	
8.22	0.00111499 0.000754103 -0.135304	
8.23	0.0011147 0.000754682 -0.135304	
8.24	0.00111385 0.000756096 -0.135305	
8.25	0.00111426 0.00075614 -0.135305	
8.26	0.00111431 0.000756398 -0.135305	
8.27	0.00111418 0.000756723 -0.135305	
8.28	0.00111389 0.000757199 -0.135306	
8.29	0.00111428 0.00075714 -0.135305	
8.3	0.00111467 0.000757078 -0.135305	
8.31	0.00111591 0.000756318 -0.135304	
8.32	0.0011168 0.000755781 -0.135303	
8.33	0.00111717 0.000755626 -0.135302	
8.34	0.00111752 0.00075516 -0.135302	
8.35	0.00111682 0.000756325 -0.135303	
8.36	0.00111661 0.00075679 -0.135303	
8.37	0.00111688 0.000756315 -0.135303	
8.38	0.00111719 0.000756621 -0.135303	
8.39	0.00111773 0.000756302 -0.135302	
8.4	0.00111834 0.000755985 -0.135301	
8.41	0.00111812 0.000756372 -0.135302	
8.42	0.00111757 0.000757068 -0.135302	
8.43	0.00111776 0.000756744 -0.135302	
8.44	0.00111698 0.000758062 -0.135303	
8.45	0.00111711 0.000758206 -0.135303	
8.46	0.00111767 0.000757945 -0.135303	
8.47	0.00111755 0.000758232 -0.135303	
8.48	0.00111778 0.000758274 -0.135303	
8.49	0.00111818 0.000758156 -0.135302	
8.5	0.00111857 0.000758035 -0.135302	
8.51	0.00111927 0.000757537 -0.135301	
8.52	0.00112047 0.00075663 -0.1353	
8.53	0.0011209 0.000756385 -0.135299	
8.54	0.00112143 0.000756034 -0.135299	
8.55	0.00112157 0.000756465 -0.135299	
8.56	0.00112217 0.00075564 -0.135298	
8.57	0.0011227 0.000755283 -0.135298	
8.58	0.00112259 0.000755959 -0.135298	
8.59	0.00112282 0.0007554 -0.135297	
8.6	0.00112246 0.00075624 -0.135298	
8.61	0.001122 0.000756763 -0.135299	
8.62	0.00112306 0.000756037 -0.135297	
8.63	0.00112253 0.000757029 -0.135298	
8.64	0.00112267 0.000757446 -0.135298	
8.65	0.00112253 0.00075813 -0.135299	
8.66	0.00112273 0.000758246 -0.135299	
8.67	0.00112245 0.000759134 -0.135299	
8.68	0.00112203 0.000759698 -0.1353	
8.69	0.00112189 0.000759837 -0.1353	
8.7	0.00112073 0.000761809 -0.135301	
8.71	0.00112091 0.0007623 -0.135301	
8.72	0.00112083 0.00076306 -0.135302	
8.73	0.00112124 0.000763391 -0.135301	
8.74	0.00112124 0.000763675 -0.135302	
8.75	0.00112115 0.00076442 -0.135302	
8.76	0.00112146 0.000764386 -0.135302	
8.77	0.00112162 0.000764657 -0.135302	
8.78	0.00112228 0.000764338 -0.135301	
8.79	0.00112297 0.000764042 -0.1353	
8.8	0.00112368 0.000763719 -0.1353	
8.81	0.00112403 0.000763844 -0.135299	
8.82	0.001124 0.000764115 -0.135299	
8.83	0.00112391 0.000764527 -0.1353	
8.84	0.0011234 0.000764886 -0.1353	
8.85	0.00112302 0.000765886 -0.135301	
8.86	0.00112244 0.00076673 -0.135302	
8.87	0.00112136 0.00076801 -0.135303	
8.88	0.00112149 0.000767768 -0.135303	
8.89	0.00112106 0.00076845 -0.135303	
8.9	0.00111994 0.000770195 -0.135305	
8.91	0.00111977 0.000769957 -0.135305	
8.92	0.00111786 0.000772456 -0.135307	
8.93	0.00111757 0.000772684 -0.135308	
8.94	0.00111673 0.000773817 -0.135309	
8.95	0.00111779 0.000772855 -0.135308	
8.96	0.00111779 0.000773237 -0.135308	
8.97	0.00111847 0.000772238 -0.135307	
8.98	0.00111902 0.000771704 -0.135306	
8.99	0.00111888 0.000771935 -0.135306	
9	0.00111918 0.000771712 -0.135306	
9.01	0.00111983 0.000771195 -0.135305	
9.02	0.00112128 0.000769924 -0.135304	
9.03	0.00112262 0.000769109 -0.135302	
9.04	0.00112313 0.000768732 -0.135302	
9.05	0.00112398 0.000768054 -0.135301	
9.06	0.00112451 0.000767976 -0.1353	
9.07	0.00112501 0.000767591 -0.1353	
9.08	0.00112583 0.000766598 -0.135299	
9.09	0.00112641 0.000765922 -0.135298	
9.1	0.00112608 0.000766475 -0.135298	
9.11	0.00112584 0.000767042 -0.135299	
9.12	0.00112537 0.00076742 -0.135299	
9.13	0.00112497 0.000768111 -0.1353	
9.14	0.00112457 0.000768796 -0.1353	
9.15	0.00112492 0.000768727 -0.1353	
9.16	0.00112576 0.000768223 -0.135299	
9.17	0.00112636 0.000767556 -0.135299	
9.18	0.00112785 0.000765656 -0.135297	
9.19	0.0011285 0.000765007 -0.135296	
9.2	0.00112865 0.000764787 -0.135296	
9.21	0.00112937 0.000763939 -0.135295	
9.22	0.00112934 0.000763875 -0.135295	
9.23	0.00113064 0.000762428 -0.135293	
9.24	0.00113073 0.000762529 -0.135293	
9.25	0.00113193 0.000760731 -0.135292	
9.26	0.00113181 0.000760652 -0.135292	
9.27	0.00113274 0.000759487 -0.13529	
9.28	0.001133 0.000758592 -0.13529	
9.29	0.00113312 0.000758666 -0.13529	
9.3	0.00113382 0.000757466 -0.135289	
9.31	0.00113363 0.000757681 -0.135289	
9.32	0.00113368 0.000757575 -0.135289	
9.33	0.00113385 0.000756969 -0.135289	
9.34	0.00113395 0.000757203 -0.135289	
9.35	0.00113427 0.000756448 -0.135288	
9.36	0.00113487 0.000755883 -0.135287	
9.37	0.00113512 0.000755483 -0.135287	
9.38	0.00113559 0.000754576 -0.135286	
9.39	0.00113584 0.000754345 -0.135286	
9.4	0.00113594 0.000754261 -0.135286	
9.41	0.00113617 0.00075367 -0.135286	
9.42	0.00113599 0.00075388 -0.135286	
9.43	0.00113562 0.000754571 -0.135286	
9.44	0.00113591 0.000754004 -0.135286	
9.45	0.0011361 0.000753746 -0.135286	
9.46	0.00113683 0.000752737 -0.135285	
9.47	0.00113755 0.000751727 -0.135284	
9.48	0.00113832 0.000750374 -0.135283	
9.49	0.00113861 0.000749799 -0.135282	
9.5	0.00113878 0.000749171 -0.135282	
9.51	0.00113918 0.00074822 -0.135281	
9.52	0.00113935 0.000747963 -0.135281	
9.53	0.00114039 0.000747025 -0.13528	
9.54	0.0011409 0.000745747 -0.135279	
9.55	0.00114087 0.000745805 -0.135279	
9.56	0.00114069 0.000745604 -0.135279	
9.57	0.00114063 0.000745834 -0.135279	
9.58	0.00114109 0.000745225 -0.135279	
9.59	0.00114201 0.000744056 -0.135277	
9.6	0.00114219 0.000743796 -0.135277	
9.61	0.00114326 0.000742657 -0.135276	
9.62	0.0011434 0.000742606 -0.135276	
9.63	0.00114511 0.000740175 -0.135274	
9.64	0.00114691 0.000737531 -0.135271	
9.65	0.00114883 0.000734965 -0.135269	
9.66	0.00115128 0.000731774 -0.135266	
9.67	0.00115216 0.000730444 -0.135264	
9.68	0.00115249 0.000729095 -0.135264	
9.69	0.00115265 0.000728247 -0.135263	
9.7	0.00115246 0.000727651 -0.135263	
9.71	0.00115286 0.000727272 -0.135263	
9.72	0.00115357 0.000725606 -0.135261	
9.73	0.00115462 0.000724085 -0.13526	
9.74	0.00115548 0.000722672 -0.135259	
9.75	0.00115531 0.000722465 -0.135259	
9.76	0.00115522 0.000722266 -0.135259	
9.77	0.00115505 0.000721856 -0.135259	
9.78	0.00115538 0.000721437 -0.135259	
9.79	0.00115582 0.000720869 -0.135258	
9.8	0.00115773 0.000718083 -0.135255	
9.81	0.00115895 0.000716016 -0.135254	
9.82	0.00115992 0.00071424 -0.135252	
9.83	0.00115989 0.000713866 -0.135252	
9.84	0.00115949 0.000714128 -0.135253	
9.85	0.00115968 0.00071385 -0.135252	
9.86	0.00116062 0.000712233 -0.135251	
9.87	0.00116148 0.000711227 -0.13525	
9.88	0.0011622 0.000709499 -0.135249	
9.89	0.00116205 0.000709025 -0.135249	
9.9	0.00116181 0.000708907 -0.135249	
9.91	0.0011614 0.000708711 -0.135249	
9.92	0.00116127 0.000708198 -0.135249	
9.93	0.00116193 0.000706644 -0.135248	
9.94	0.0011613 0.000707191 -0.135249	
9.95	0.00116052 0.000707399 -0.13525	
9.96	0.00115886 0.000707788 -0.135251	
9.97	0.00115756 0.000708345 -0.135252	
9.98	0.00115607 0.000708551 -0.135254	
9.99	0.00115545 0.0007075 -0.135254	
10	0.00115492 0.000706944 -0.135254	
10.01	0.00115448 0.000706181 -0.135254	
10.02	0.00115384 0.000705976 -0.135255	
10.03	0.00115455 0.000703526 -0.135253	
10.04	0.00115508 0.000702279 -0.135252	
10.05	0.00115608 0.000700189 -0.135251	
10.06	0.001157 0.000697843 -0.135249	
10.07	0.00115888 0.000694759 -0.135247	
10.08	0.00116093 0.000690478 -0.135243	
10.09	0.00116224 0.000687714 -0.135241	
10.1	0.00116359 0.000684971 -0.135239	
10.11	0.00116557 0.000682392 -0.135237	
10.12	0.0011673 0.000679426 -0.135234	
10.13	0.00116855 0.000677047 -0.135233	
10.14	0.00116851 0.000675437 -0.135232	
10.15	0.00116747 0.000675635 -0.135233	
10.16	0.00116629 0.000675947 -0.135234	
10.17	0.00116482 0.000676102 -0.135235	
10.18	0.00116461 0.00067592 -0.135236	
10.19	0.00116397 0.000675725 -0.135236	
10.2	0.00116279 0.00067672 -0.135237	
10.21	0.00116197 0.000676842 -0.135238	
10.22	0.00116079 0.000677844 -0.135239	
10.23	0.00116004 0.000678464 -0.13524	
10.24	0.00115973 0.000678687 -0.135241	
10.25	0.00115987 0.000678096 -0.13524	
10.26	0.00115853 0.000679215 -0.135242	
10.27	0.00115763 0.000679956 -0.135243	
10.28	0.00115662 0.000681047 -0.135244	
10.29	0.00115611 0.000681596 -0.135245	
10.3	0.00115609 0.000681562 -0.135245	
10.31	0.00115583 0.000681585 -0.135245	
10.32	0.00115534 0.000681891 -0.135245	
10.33	0.00115522 0.000681784 -0.135245	
10.34	0.00115424 0.000682219 -0.135246	
10.35	0.00115387 0.000682163 -0.135247	
10.36	0.00115323 0.000683029 -0.135248	
10.37	0.0011529 0.000683196 -0.135248	
10.38	0.00115287 0.00068271 -0.135248	
10.39	0.00115182 0.000682433 -0.135248	
10.4	0.00115021 0.000683317 -0.13525	
10.41	0.00114874 0.000683662 -0.135252	
10.42	0.00114748 0.000684572 -0.135253	
10.43	0.00114635 0.000684907 -0.135254	
10.44	0.00114538 0.000685119 -0.135255	
10.45	0.00114416 0.000684744 -0.135256	
10.46	0.00114232 0.000685689 -0.135258	
10.47	0.00114091 0.000686504 -0.135259	
10.48	0.00113958 0.000686929 -0.13526	
10.49	0.00113928 0.000686521 -0.13526	
10.5	0.00113829 0.000687162 -0.135262	
10.51	0.0011377 0.00068782 -0.135262	
10.52	0.0011363 0.000688384 -0.135264	
10.53	0.00113539 0.000688621 -0.135264	
10.54	0.00113458 0.000688523 -0.135265	
10.55	0.00113421 0.000688272 -0.135265	
10.56	0.00113333 0.000688311 -0.135266	
10.57	0.00113306 0.000688085 -0.135266	
10.58	0.00113183 0.000688318 -0.135267	
10.59	0.00113124 0.000687694 -0.135268	
10.6	0.00113073 0.00068736 -0.135268	
10.61	0.0011304 0.000686297 -0.135268	
10.62	0.00112999 0.000685992 -0.135268	
10.63	0.00113036 0.000685943 -0.135268	
10.64	0.00113097 0.000684386 -0.135267	
10.65	0.00113107 0.000683777 -0.135266	
10.66	0.00113011 0.000683967 -0.135267	
10.67	0.00112886 0.000684208 -0.135268	
10.68	0.0011276 0.000684444 -0.13527	
10.69	0.00112629 0.000684833 -0.135271	
10.7	0.00112479 0.000685916 -0.135272	
10.71	0.00112389 0.000685678 -0.135273	
10.72	0.00112286 0.000685382 -0.135274	
10.73	0.00112099 0.000685416 -0.135276	
10.74	0.0011191 0.000685462 -0.135277	
10.75	0.00111815 0.000685444 -0.135278	
10.76	0.00111735 0.000684731 -0.135278	
10.77	0.00111676 0.000685148 -0.135279	
10.78	0.00111682 0.000684724 -0.135279	
10.79	0.00111618 0.000685295 -0.13528	
10.8	0.00111561 0.000684939 -0.13528	
10.81	0.00111482 0.000684836 -0.135281	
10.82	0.00111472 0.000685126 -0.135281	
10.83	0.00111443 0.000685495 -0.135281	
10.84	0.00111372 0.00068558 -0.135282	
10.85	0.00111339 0.000684721 -0.135282	
10.86	0.00111187 0.000684978 -0.135283	
10.87	0.00111092 0.000684809 -0.135284	
10.88	0.00110981 0.000685344 -0.135285	
10.89	0.00110831 0.000687587 -0.135287	
10.9	0.00110653 0.000688821 -0.135289	
10.91	0.00110454 0.00069089 -0.135291	
10.92	0.00110271 0.000692241 -0.135293	
10.93	0.00110013 0.000694517 -0.135296	
10.94	0.00109771 0.00069607 -0.135299	
10.95	0.00109535 0.000697311 -0.135301	
10.96	0.00109488 0.000696979 -0.135301	
10.97	0.00109497 0.000697159 -0.135301	
10.98	0.00109439 0.000697257 -0.135302	
10.99	0.00109362 0.000697438 -0.135303	
11	0.00109387 0.00069635 -0.135302	
11.01	0.00109284 0.000696267 -0.135303	
11.02	0.00109326 0.000695842 -0.135302	
11.03	0.0010937 0.000696022 -0.135302	
11.04	0.00109464 0.000695492 -0.135301	
11.05	0.00109479 0.000695422 -0.135301	
11.06	0.00109494 0.000694606 -0.135301	
11.07	0.0010948 0.000693667 -0.1353	
11.08	0.00109488 0.000693266 -0.1353	
11.09	0.00109427 0.000693639 -0.135301	
11.1	0.00109424 0.000693782 -0.135301	
11.11	0.00109375 0.00069361 -0.135301	
11.12	0.00109345 0.000694119 -0.135302	
11.13	0.00109358 0.000693575 -0.135301	
11.14	0.00109294 0.000693338 -0.135302	
11.15	0.0010922 0.000694249 -0.135303	
11.16	0.00109229 0.000693847 -0.135303	
11.17	0.00109222 0.000694132 -0.135303	
11.18	0.00109211 0.000694558 -0.135303	
11.19	0.00109183 0.000694313 -0.135303	
11.2	0.0010916 0.000694533 -0.135303	
11.21	0.00109154 0.000694067 -0.135303	
11.22	0.00109105 0.000693886 -0.135304	
11.23	0.00109132 0.000694155 -0.135304	
11.24	0.00109137 0.000693894 -0.135303	
11.25	0.00109088 0.000693711 -0.135304	
11.26	0.00109066 0.000693179 -0.135304	
11.27	0.00108967 0.00069369 -0.135305	
11.28	0.00108926 0.000693983 -0.135305	
11.29	0.00108861 0.000694479 -0.135306	
11.3	0.00108925 0.000694 -0.135305	
11.31	0.00108869 0.000694091 -0.135306	
11.32	0.0010889 0.00069314 -0.135305	
11.33	0.00108865 0.000692743 -0.135305	
11.34	0.00108805 0.000692351 -0.135306	
11.35	0.00108758 0.000692164 -0.135306	
11.36	0.00108732 0.000693269 -0.135307	
11.37	0.00108738 0.000693001 -0.135306	
11.38	0.0010874 0.000692872 -0.135306	
11.39	0.00108718 0.000693083 -0.135307	
11.4	0.00108711 0.000692607 -0.135307	
11.41	0.00108702 0.00069227 -0.135307	
11.42	0.00108698 0.000692409 -0.135307	
11.43	0.00108704 0.000692139 -0.135306	
11.44	0.00108697 0.000692418 -0.135307	
11.45	0.00108729 0.000691041 -0.135306	
11.46	0.0010871 0.000691112 -0.135306	
11.47	0.00108688 0.000691322 -0.135306	
11.48	0.00108669 0.000691393 -0.135307	
11.49	0.00108647 0.000691602 -0.135307	
11.5	0.00108656 0.000691191 -0.135307	
11.51	0.0010865 0.000691469 -0.135307	
11.52	0.00108624 0.000691059 -0.135307	
11.53	0.00108568 0.000691267 -0.135307	
11.54	0.00108448 0.00069106 -0.135308	
11.55	0.00108451 0.000691061 -0.135308	
11.56	0.00108447 0.00069044 -0.135308	
11.57	0.0010841 0.000691336 -0.135309	
11.58	0.00108407 0.000691474 -0.135309	
11.59	0.00108443 0.000690717 -0.135308	
11.6	0.00108424 0.000690025 -0.135308	
11.61	0.00108371 0.000690852 -0.135309	
11.62	0.00108352 0.00069092 -0.135309	
11.63	0.00108349 0.000691058 -0.135309	
11.64	0.00108345 0.000691195 -0.135309	
11.65	0.00108285 0.000690775 -0.13531	
11.66	0.00108209 0.000691044 -0.13531	
11.67	0.00108151 0.000690484 -0.135311	
11.68	0.00108191 0.00069035 -0.13531	
11.69	0.00108132 0.000690551 -0.135311	
11.7	0.00108188 0.000689725 -0.13531	
11.71	0.00108112 0.000690754 -0.135311	
11.72	0.0010807 0.000690261 -0.135311	
11.73	0.0010806 0.000690817 -0.135311	
11.74	0.00108041 0.000690884 -0.135312	
11.75	0.00108101 0.000690684 -0.135311	
11.76	0.00108097 0.000690057 -0.135311	
11.77	0.0010804 0.000690256 -0.135311	
11.78	0.00107988 0.000691082 -0.135312	
11.79	0.00107832 0.000691607 -0.135314	
11.8	0.0010779 0.000691109 -0.135314	
11.81	0.0010778 0.000691669 -0.135314	
11.82	0.00107783 0.000691669 -0.135314	
11.83	0.00107686 0.000691993 -0.135315	
11.84	0.0010757 0.000692379 -0.135316	
11.85	0.00107492 0.00069187 -0.135317	
11.86	0.00107558 0.000691544 -0.135316	
11.87	0.00107504 0.000692369 -0.135317	
11.88	0.00107533 0.000692804 -0.135317	
11.89	0.00107516 0.000692736 -0.135317	
11.9	0.00107471 0.000693296 -0.135317	
11.91	0.00107364 0.000694047 -0.135318	
11.92	0.0010733 0.000696504 -0.13532	
11.93	0.00107298 0.000697893 -0.13532	
11.94	0.00107285 0.000698455 -0.135321	
11.95	0.00107336 0.000698697 -0.13532	
11.96	0.00107322 0.000698636 -0.13532	
11.97	0.00107196 0.000699454 -0.135322	
11.98	0.00107182 0.000699394 -0.135322	
11.99	0.00107216 0.000700474 -0.135322	
12	0.00107282 0.000700926 -0.135321	
12.01	0.00107384 0.000700616 -0.13532	
12.02	0.00107389 0.000701255 -0.135321	
12.03	0.00107455 0.000700943 -0.13532	
12.04	0.00107515 0.000700129 -0.135319	
12.05	0.00107509 0.000700579 -0.135319	
12.06	0.0010754 0.000700264 -0.135319	
12.07	0.00107554 0.00070065 -0.135319	
12.08	0.00107639 0.000700264 -0.135318	
12.09	0.00107644 0.000700909 -0.135318	
12.1	0.00107611 0.000700921 -0.135319	
12.11	0.00107521 0.000701762 -0.13532	
12.12	0.0010757 0.000702151 -0.135319	
12.13	0.00107634 0.000702605 -0.135319	
12.14	0.00107771 0.000701508 -0.135317	
12.15	0.00107814 0.000702018 -0.135317	
12.16	0.00107817 0.000701883 -0.135317	
12.17	0.00107785 0.000701898 -0.135318	
12.18	0.00107775 0.000701708 -0.135318	
12.19	0.001078 0.000701515 -0.135317	
12.2	0.0010785 0.000701755 -0.135317	
12.21	0.00107972 0.000701219 -0.135316	
12.22	0.00108013 0.000701088 -0.135315	
12.23	0.00108016 0.000700323 -0.135315	
12.24	0.00107904 0.000701388 -0.135316	
12.25	0.00107933 0.000701846 -0.135316	
12.26	0.00107998 0.000701519 -0.135316	
12.27	0.00108044 0.000701894 -0.135315	
12.28	0.00108166 0.000701348 -0.135314	
12.29	0.00108226 0.000701142 -0.135314	
12.3	0.00108209 0.000701226 -0.135314	
12.31	0.00108154 0.000701455 -0.135314	
12.32	0.0010814 0.000701402 -0.135314	
12.33	0.00108184 0.000701131 -0.135314	
12.34	0.0010823 0.000701505 -0.135314	
12.35	0.0010831 0.000700441 -0.135313	
12.36	0.00108336 0.000700887 -0.135313	
12.37	0.00108318 0.000700326 -0.135312	
12.38	0.00108266 0.00070042 -0.135313	
12.39	0.00108253 0.000700367 -0.135313	
12.4	0.00108261 0.000700888 -0.135313	
12.41	0.00108383 0.00070033 -0.135312	
12.42	0.001085 0.000699904 -0.135311	
12.43	0.00108485 0.000700639 -0.135311	
12.44	0.00108429 0.000700225 -0.135312	
12.45	0.00108374 0.000700459 -0.135312	
12.46	0.00108378 0.00070112 -0.135312	
12.47	0.00108481 0.000700631 -0.135311	
12.48	0.0010854 0.000700417 -0.135311	
12.49	0.00108657 0.000699986 -0.13531	
12.5	0.00108638 0.000700062 -0.13531	
12.51	0.00108644 0.000699934 -0.13531	
12.52	0.00108669 0.000699729 -0.135309	
12.53	0.00108844 0.000699073 -0.135308	
12.54	0.00108902 0.000698853 -0.135307	
12.55	0.00108998 0.000698476 -0.135306	
12.56	0.00109038 0.000698984 -0.135306	
12.57	0.00109056 0.000698253 -0.135306	
12.58	0.00109046 0.000698702 -0.135306	
12.59	0.00109094 0.000698926 -0.135305	
12.6	0.00109152 0.000698701 -0.135305	
12.61	0.00109152 0.000698701 -0.135305	
12.62	0.00109152 0.000698701 -0.135305	
12.63	0.00109152 0.000698701 -0.135305	
12.64	0.00109136 0.000699444 -0.135305	
12.65	0.00109138 0.000699455 -0.135305	
12.66	0.00109239 0.000698939 -0.135304	
12.67	0.00109336 0.000698563 -0.135303	
12.68	0.00109327 0.000698886 -0.135303	
12.69	0.00109335 0.000699371 -0.135304	
12.7	0.00109337 0.000699382 -0.135304	
12.71	0.00109359 0.000699325 -0.135303	
12.72	0.00109408 0.0006989 -0.135303	
12.73	0.00109411 0.000699568 -0.135303	
12.74	0.00109489 0.000699923 -0.135302	
12.75	0.00109471 0.000700004 -0.135303	
12.76	0.00109416 0.000700903 -0.135303	
12.77	0.00109436 0.000700834 -0.135303	
12.78	0.00109442 0.000700703 -0.135303	
12.79	0.00109538 0.000700977 -0.135302	
12.8	0.00109538 0.000700977 -0.135302	
12.81	0.00109591 0.000700888 -0.135302	
12.82	0.00109591 0.000700888 -0.135302	
12.83	0.00109536 0.000701133 -0.135302	
12.84	0.00109524 0.00070174 -0.135303	
12.85	0.00109624 0.000701211 -0.135302	
12.86	0.00109648 0.00070231 -0.135302	
12.87	0.00109741 0.000701909 -0.135301	
12.88	0.00109798 0.000701673 -0.1353	
12.89	0.00109779 0.000702411 -0.135301	
12.9	0.00109667 0.000703551 -0.135302	
12.91	0.00109692 0.000702682 -0.135302	
12.92	0.00109773 0.000702887 -0.135301	
12.93	0.00109829 0.00070265 -0.1353	
12.94	0.00109847 0.000702566 -0.1353	
12.95	0.00109851 0.00070242 -0.1353	
12.96	0.00109819 0.000703098 -0.135301	
12.97	0.00109825 0.000702966 -0.135301	
12.98	0.00109835 0.000702689 -0.1353	
12.99	0.00109882 0.000702243 -0.1353	
13	0.00109938 0.000702002 -0.135299	
13.01	0.00109914 0.000702921 -0.1353	
13.02	0.00109957 0.000703242 -0.1353	
13.03	0.00109902 0.000703497 -0.1353	
13.04	0.00109876 0.000704045 -0.135301	
13.05	0.00109816 0.000703948 -0.135301	
13.06	0.00109858 0.000704302 -0.135301	
13.07	0.00109899 0.000704655 -0.135301	
13.08	0.00109904 0.000704509 -0.1353	
13.09	0.00109905 0.000705179 -0.135301	
13.1	0.00109795 0.000706347 -0.135302	
13.11	0.00109765 0.000706389 -0.135302	
13.12	0.00109719 0.000706354 -0.135303	
13.13	0.00109743 0.000706794 -0.135303	
13.14	0.00109799 0.000706554 -0.135302	
13.15	0.00109799 0.000706554 -0.135302	
13.16	0.00109763 0.000707396 -0.135303	
13.17	0.00109756 0.000707208 -0.135303	
13.18	0.00109705 0.000707975 -0.135303	
13.19	0.00109746 0.000708329 -0.135303	
13.2	0.00109801 0.000708741 -0.135303	
13.21	0.00109801 0.000708741 -0.135303	
13.22	0.00109796 0.000708918 -0.135303	
13.23	0.0010977 0.000709439 -0.135303	
13.24	0.00109745 0.000709339 -0.135303	
13.25	0.00109737 0.000709153 -0.135303	
13.26	0.00109779 0.000709505 -0.135303	
13.27	0.00109857 0.000709029 -0.135302	
13.28	0.00109893 0.000709556 -0.135302	
13.29	0.00109963 0.00070884 -0.135301	
13.3	0.00109908 0.000709757 -0.135302	
13.31	0.00109879 0.000710964 -0.135303	
13.32	0.0010992 0.000711312 -0.135303	
13.33	0.00109961 0.000711658 -0.135302	
13.34	0.00110001 0.000712003 -0.135302	
13.35	0.00110062 0.000711607 -0.135302	
13.36	0.00109958 0.000711997 -0.135303	
13.37	0.00109897 0.000712752 -0.135303	
13.38	0.0010977 0.00071353 -0.135305	
13.39	0.00109858 0.000714098 -0.135304	
13.4	0.00109992 0.000713362 -0.135303	
13.41	0.00110061 0.000714318 -0.135302	
13.42	0.00110079 0.000714227 -0.135302	
13.43	0.00110046 0.00071491 -0.135303	
13.44	0.00110017 0.000714297 -0.135303	
13.45	0.00109952 0.000715015 -0.135304	
13.46	0.00109998 0.000715209 -0.135303	
13.47	0.00110056 0.000715456 -0.135303	
13.48	0.00110111 0.000715202 -0.135302	
13.49	0.00110038 0.000715548 -0.135303	
13.5	0.00110001 0.0007164 -0.135304	
13.51	0.00109995 0.00071622 -0.135304	
13.52	0.00110115 0.000716086 -0.135303	
13.53	0.00110205 0.000716313 -0.135302	
13.54	0.00110312 0.000716444 -0.135301	
13.55	0.00110367 0.000716184 -0.1353	
13.56	0.00110301 0.000716411 -0.135301	
13.57	0.00110236 0.000716658 -0.135302	
13.58	0.00110214 0.000716592 -0.135302	
13.59	0.00110305 0.000716506 -0.135301	
13.6	0.00110356 0.000716561 -0.135301	
13.61	0.00110445 0.000716776 -0.1353	
13.62	0.00110478 0.000717254 -0.1353	
13.63	0.00110466 0.0007172 -0.1353	
13.64	0.00110365 0.000717623 -0.135301	
13.65	0.0011034 0.000718206 -0.135301	
13.66	0.00110378 0.000717728 -0.135301	
13.67	0.00110378 0.000718565 -0.135301	
13.68	0.00110491 0.000718549 -0.1353	
13.69	0.00110489 0.000719218 -0.1353	
13.7	0.00110459 0.000719952 -0.135301	
13.71	0.00110314 0.000721042 -0.135303	
13.72	0.00110225 0.000722362 -0.135304	
13.73	0.00110244 0.000723125 -0.135304	
13.74	0.00110336 0.000723846 -0.135303	
13.75	0.00110401 0.000724787 -0.135303	
13.76	0.00110456 0.000724514 -0.135303	
13.77	0.00110435 0.000725278 -0.135303	
13.78	0.00110372 0.000725566 -0.135304	
13.79	0.00110358 0.000725831 -0.135304	
13.8	0.00110499 0.000724928 -0.135302	
13.81	0.0011064 0.000724839 -0.135301	
13.82	0.00110748 0.000724279 -0.1353	
13.83	0.0011078 0.000724741 -0.1353	
13.84	0.00110777 0.000724581 -0.1353	
13.85	0.0011083 0.000724158 -0.135299	
13.86	0.00110898 0.000724784 -0.135299	
13.87	0.00110973 0.000724924 -0.135298	
13.88	0.00111105 0.00072497 -0.135297	
13.89	0.00111217 0.000724216 -0.135296	
13.9	0.00111213 0.000724877 -0.135296	
13.91	0.00111124 0.000726058 -0.135297	
13.92	0.00110994 0.000726752 -0.135299	
13.93	0.00110904 0.000726594 -0.135299	
13.94	0.00110797 0.000727888 -0.135301	
13.95	0.00110777 0.00072781 -0.135301	
13.96	0.00110716 0.000728086 -0.135302	
13.97	0.00110687 0.000728839 -0.135302	
13.98	0.00110581 0.000729287 -0.135303	
13.99	0.00110483 0.000730938 -0.135304	
14	0.00110484 0.000731654 -0.135305	
14.01	0.00110542 0.000732368 -0.135304	
14.02	0.00110556 0.000732925 -0.135305	
14.03	0.00110565 0.00073414 -0.135305	
14.04	0.00110558 0.000734127 -0.135305	
14.05	0.00110498 0.000734911 -0.135306	
14.06	0.00110433 0.000736333 -0.135307	
14.07	0.00110485 0.000737203 -0.135307	
14.08	0.00110475 0.000738511 -0.135307	
14.09	0.00110587 0.000737958 -0.135306	
14.1	0.00110647 0.000738694 -0.135306	
14.11	0.00110668 0.000738453 -0.135305	
14.12	0.00110771 0.000738347 -0.135305	
14.13	0.00110842 0.00073911 -0.135304	
14.14	0.00110998 0.000738851 -0.135303	
14.15	0.00111013 0.000739414 -0.135303	
14.16	0.00111011 0.000739415 -0.135303	
14.17	0.00110892 0.00074132 -0.135304	
14.18	0.001109 0.000741662 -0.135305	
14.19	0.00110836 0.000742885 -0.135305	
14.2	0.00110908 0.000744762 -0.135306	
14.21	0.00111018 0.000745288 -0.135305	
14.22	0.00111116 0.000745281 -0.135304	
14.23	0.00111214 0.000745268 -0.135303	
14.24	0.00111164 0.000746071 -0.135304	
14.25	0.00111192 0.000745819 -0.135303	
14.26	0.00111263 0.000745861 -0.135303	
14.27	0.00111257 0.000746487 -0.135303	
14.28	0.00111282 0.000746225 -0.135303	
14.29	0.00111278 0.00074619 -0.135303	
14.3	0.00111129 0.000747459 -0.135305	
14.31	0.00110921 0.000749009 -0.135307	
14.32	0.00110789 0.000749972 -0.135308	
14.33	0.00110673 0.000751944 -0.13531	
14.34	0.0011051 0.000755095 -0.135312	
14.35	0.00110364 0.000757466 -0.135314	
14.36	0.00110229 0.000759871 -0.135316	
14.37	0.00110022 0.00076315 -0.135319	
14.38	0.00110017 0.000764618 -0.13532	
14.39	0.00109886 0.000767474 -0.135322	
14.4	0.00109827 0.000769238 -0.135323	
14.41	0.00109652 0.000771795 -0.135325	
14.42	0.00109522 0.000774161 -0.135327	
14.43	0.00109346 0.000776692 -0.135329	
14.44	0.00109269 0.000778083 -0.135331	
14.45	0.00109227 0.000779252 -0.135331	
14.46	0.00109056 0.0007818 -0.135334	
14.47	0.00108933 0.000783535 -0.135335	
14.48	0.00108785 0.000785513 -0.135337	
14.49	0.00108572 0.000787767 -0.13534	
14.5	0.00108357 0.000790438 -0.135342	
14.51	0.00108243 0.00079259 -0.135344	
14.52	0.00108043 0.000795309 -0.135347	
14.53	0.00107843 0.00079801 -0.135349	
14.54	0.0010763 0.000801255 -0.135352	
14.55	0.00107463 0.000803716 -0.135354	
14.56	0.00107209 0.000807133 -0.135358	
14.57	0.00106915 0.000810739 -0.135361	
14.58	0.00106635 0.000813756 -0.135365	
14.59	0.00106454 0.000816234 -0.135367	
14.6	0.00106277 0.000817992 -0.135369	
14.61	0.0010605 0.000821049 -0.135372	
14.62	0.00105865 0.000823924 -0.135375	
14.63	0.00105643 0.00082659 -0.135377	
14.64	0.00105366 0.000829523 -0.135381	
14.65	0.00104943 0.000833627 -0.135386	
14.66	0.00104585 0.000836888 -0.13539	
14.67	0.00104209 0.00084079 -0.135394	
14.68	0.00103935 0.000843856 -0.135398	
14.69	0.00103708 0.000846618 -0.1354	
14.7	0.00103452 0.000848632 -0.135403	
14.71	0.00103099 0.00085144 -0.135407	
14.72	0.00102691 0.000854104 -0.135412	
14.73	0.0010233 0.000856829 -0.135416	
14.74	0.00102088 0.000859601 -0.135419	
14.75	0.00101816 0.000862188 -0.135422	
14.76	0.00101727 0.000862943 -0.135423	
14.77	0.001016 0.000863069 -0.135424	
14.78	0.00101435 0.000863574 -0.135425	
14.79	0.00101376 0.00086371 -0.135426	
14.8	0.00101243 0.000864056 -0.135427	
14.81	0.00101067 0.000864844 -0.135429	
14.82	0.00100932 0.000865324 -0.13543	
14.83	0.0010071 0.0008661 -0.135432	
14.84	0.00100449 0.000866997 -0.135435	
14.85	0.00100159 0.0008679 -0.135438	
14.86	0.000998038 0.000868397 -0.135441	
14.87	0.000994356 0.000868814 -0.135444	
14.88	0.000989893 0.000870343 -0.135448	
14.89	0.000987414 0.000871323 -0.135451	
14.9	0.000985085 0.000871476 -0.135453	
14.91	0.000982865 0.000871672 -0.135455	
14.92	0.000981259 0.000872097 -0.135456	
14.93	0.000980193 0.000871872 -0.135457	
14.94	0.000978871 0.000871683 -0.135458	
14.95	0.000977617 0.000871936 -0.135459	
14.96	0.000977898 0.000870918 -0.135459	
14.97	0.000978895 0.00086862 -0.135457	
14.98	0.000977934 0.000867702 -0.135458	
14.99	0.000977745 0.000866214 -0.135457	
15	0.00097678 0.00086642 -0.135458	
15.01	0.000975337 0.000865821 -0.135459	
15.02	0.000974347 0.000865112 -0.13546	
15.03	0.000972349 0.000864013 -0.135461	
15.04	0.00096968 0.000863516 -0.135463	
15.05	0.000966789 0.000864506 -0.135466	
15.06	0.00096533 0.000864751 -0.135467	
15.07	0.000964672 0.000864877 -0.135468	
15.08	0.000964233 0.000865378 -0.135468	
15.09	0.00096371 0.000865009 -0.135469	
15.1	0.000964069 0.000864552 -0.135468	
15.11	0.000963365 0.000864614 -0.135469	
15.12	0.000963648 0.000864682 -0.135469	
15.13	0.00096296 0.000865582 -0.135469	
15.14	0.000962673 0.000867032 -0.13547	
15.15	0.000963204 0.000866823 -0.13547	
15.16	0.000964395 0.000865929 -0.135468	
15.17	0.000965868 0.000864335 -0.135467	
15.18	0.000967346 0.000863167 -0.135465	
15.19	0.000968124 0.000863252 -0.135464	
15.2	0.000967818 0.000864156 -0.135465	
15.21	0.000968528 0.000864864 -0.135465	
15.22	0.000968676 0.000866167 -0.135465	
15.23	0.000968371 0.000866746 -0.135465	
15.24	0.000969164 0.000866926 -0.135465	
15.25	0.000969741 0.000867169 -0.135464	
15.26	0.000971305 0.000866673 -0.135463	
15.27	0.000973238 0.000865878 -0.135461	
15.28	0.000975101 0.000866228 -0.135459	
15.29	0.000977421 0.000865463 -0.135457	
15.3	0.000979313 0.00086483 -0.135455	
15.31	0.000982358 0.000861883 -0.135452	
15.32	0.000985323 0.000859338 -0.135448	
15.33	0.000986716 0.000858215 -0.135447	
15.34	0.000989282 0.000857035 -0.135444	
15.35	0.000990056 0.000857454 -0.135444	
15.36	0.000991459 0.000857756 -0.135443	
15.37	0.000992966 0.000858475 -0.135442	
15.38	0.000994145 0.000858548 -0.135441	
15.39	0.000997484 0.000857268 -0.135438	
15.4	0.00100101 0.000855345 -0.135434	
15.41	0.00100397 0.000853499 -0.135431	
15.42	0.00100637 0.000852272 -0.135428	
15.43	0.00100713 0.000853262 -0.135428	
15.44	0.00100774 0.000853402 -0.135428	
15.45	0.00100724 0.00085486 -0.135428	
15.46	0.00100714 0.000855228 -0.135429	
15.47	0.00100893 0.000853967 -0.135427	
15.48	0.00100884 0.000854335 -0.135427	
15.49	0.00100949 0.00085436 -0.135426	
15.5	0.00100969 0.000854142 -0.135426	
15.51	0.0010096 0.000854508 -0.135426	
15.52	0.00100961 0.000854764 -0.135426	
15.53	0.00100996 0.000855363 -0.135426	
15.54	0.0010108 0.000854905 -0.135425	
15.55	0.00101051 0.000855736 -0.135426	
15.56	0.00101106 0.000855854 -0.135426	
15.57	0.00101086 0.000856322 -0.135426	
15.58	0.00101141 0.000856436 -0.135425	
15.59	0.00101195 0.000856547 -0.135425	
15.6	0.00101342 0.000856337 -0.135424	
15.61	0.00101361 0.00085662 -0.135424	
15.62	0.00101433 0.000857133 -0.135423	
15.63	0.00101483 0.000856838 -0.135423	
15.64	0.00101502 0.000857116 -0.135423	
15.65	0.0010154 0.0008573 -0.135422	
15.66	0.00101528 0.000858145 -0.135423	
15.67	0.00101558 0.000857941 -0.135422	
15.68	0.00101475 0.000858652 -0.135423	
15.69	0.00101546 0.000858131 -0.135423	
15.7	0.00101523 0.000858433 -0.135423	
15.71	0.00101451 0.000859031 -0.135424	
15.72	0.00101409 0.000859062 -0.135424	
15.73	0.001014 0.000859405 -0.135424	
15.74	0.00101402 0.000859635 -0.135424	
15.75	0.00101372 0.000860428 -0.135425	
15.76	0.00101374 0.000860656 -0.135425	
15.77	0.00101352 0.000860953 -0.135425	
15.78	0.00101381 0.000861105 -0.135425	
15.79	0.00101289 0.000862147 -0.135426	
15.8	0.00101175 0.000862773 -0.135427	
15.81	0.00101227 0.0008627 -0.135427	
15.82	0.00101166 0.000863181 -0.135428	
15.83	0.00101147 0.000862993 -0.135428	
15.84	0.0010116 0.000863106 -0.135428	
15.85	0.00101054 0.00086375 -0.135429	
15.86	0.00101083 0.000863394 -0.135428	
15.87	0.00101016 0.00086385 -0.135429	
15.88	0.00100847 0.000865095 -0.135431	
15.89	0.00100721 0.000865826 -0.135432	
15.9	0.00100732 0.000866065 -0.135432	
15.91	0.00100679 0.000866557 -0.135433	
15.92	0.00100699 0.00086681 -0.135433	
15.93	0.00100867 0.000865836 -0.135431	
15.94	0.00100887 0.000865119 -0.135431	
15.95	0.00100929 0.00086515 -0.13543	
15.96	0.00100998 0.000864755 -0.135429	
15.97	0.00101096 0.000864279 -0.135428	
15.98	0.00101297 0.000863347 -0.135426	
15.99	0.00101559 0.000862138 -0.135424	
16	0.00101679 0.000861081 -0.135422	
16.01	0.00101772 0.000860599 -0.135422	
16.02	0.00101822 0.000860288 -0.135421	
16.03	0.00101822 0.000860288 -0.135421	
16.04	0.00101833 0.000860173 -0.135421	
16.05	0.00101844 0.000860059 -0.135421	
16.06	0.00101885 0.000859389 -0.13542	
16.07	0.00101991 0.000859281 -0.135419	
16.08	0.00102033 0.00085861 -0.135419	
16.09	0.00102145 0.000858017 -0.135418	
16.1	0.00102113 0.000858079 -0.135418	
16.11	0.00102124 0.000857963 -0.135418	
16.12	0.00102135 0.000857848 -0.135418	
16.13	0.00102127 0.000857832 -0.135418	
16.14	0.00102149 0.0008576 -0.135417	
16.15	0.00102108 0.000857647 -0.135418	
16.16	0.00102182 0.000857593 -0.135417	
16.17	0.00102111 0.000858197 -0.135418	
16.18	0.00102061 0.00085919 -0.135419	
16.19	0.00102023 0.000859728 -0.135419	
16.2	0.00102014 0.000860049 -0.135419	
16.21	0.00102037 0.000859818 -0.135419	
16.22	0.00101966 0.000860752 -0.13542	
16.23	0.00101875 0.000861784 -0.135421	
16.24	0.00101848 0.000862533 -0.135422	
16.25	0.00101851 0.000862733 -0.135422	
16.26	0.00101824 0.000863477 -0.135422	
16.27	0.00101795 0.000863413 -0.135422	
16.28	0.00101861 0.000863329 -0.135422	
16.29	0.00101834 0.000864068 -0.135422	
16.3	0.00101826 0.000864378 -0.135422	
16.31	0.00101747 0.000864958 -0.135423	
16.32	0.00101787 0.000864956 -0.135423	
16.33	0.00101708 0.000865536 -0.135424	
16.34	0.00101702 0.000866629 -0.135424	
16.35	0.00101706 0.000866818 -0.135424	
16.36	0.00101698 0.000867122 -0.135424	
16.37	0.00101627 0.000867711 -0.135425	
16.38	0.00101625 0.000868033 -0.135425	
16.39	0.00101591 0.000868423 -0.135426	
16.4	0.00101666 0.000868021 -0.135425	
16.41	0.00101658 0.00086832 -0.135425	
16.42	0.00101639 0.000868734 -0.135425	
16.43	0.00101643 0.000868607 -0.135425	
16.44	0.00101691 0.000868293 -0.135425	
16.45	0.00101563 0.000869499 -0.135426	
16.46	0.00101681 0.000868452 -0.135425	
16.47	0.00101692 0.000868646 -0.135425	
16.48	0.00101685 0.000868942 -0.135425	
16.49	0.00101689 0.000869122 -0.135425	
16.5	0.00101706 0.00086888 -0.135425	
16.51	0.00101722 0.000868944 -0.135425	
16.52	0.00101707 0.000869227 -0.135425	
16.53	0.00101731 0.000869299 -0.135425	
16.54	0.00101736 0.000869475 -0.135425	
16.55	0.0010171 0.000870171 -0.135425	
16.56	0.00101671 0.000870239 -0.135426	
16.57	0.00101656 0.000870518 -0.135426	
16.58	0.00101686 0.000870601 -0.135426	
16.59	0.00101679 0.000870888 -0.135426	
16.6	0.00101621 0.00087136 -0.135426	
16.61	0.00101678 0.000871639 -0.135426	
16.62	0.00101671 0.000871922 -0.135426	
16.63	0.00101619 0.000872406 -0.135427	
16.64	0.00101598 0.000872377 -0.135427	
16.65	0.00101604 0.000872544 -0.135427	
16.66	0.00101654 0.0008728 -0.135427	
16.67	0.00101709 0.000872346 -0.135426	
16.68	0.00101633 0.00087321 -0.135427	
16.69	0.0010165 0.000873256 -0.135427	
16.7	0.00101649 0.000873408 -0.135427	
16.71	0.00101641 0.000873551 -0.135427	
16.72	0.0010164 0.000873701 -0.135427	
16.73	0.00101628 0.000874248 -0.135427	
16.74	0.00101595 0.000874485 -0.135428	
16.75	0.00101614 0.000874803 -0.135428	
16.76	0.00101551 0.000875539 -0.135428	
16.77	0.00101582 0.00087546 -0.135428	
16.78	0.00101646 0.00087556 -0.135428	
16.79	0.00101665 0.000875593 -0.135427	
16.8	0.0010162 0.000875942 -0.135428	
16.81	0.00101608 0.000876199 -0.135428	
16.82	0.0010164 0.000876244 -0.135428	
16.83	0.0010156 0.000876942 -0.135429	
16.84	0.0010153 0.000877434 -0.135429	
16.85	0.00101423 0.000877965 -0.13543	
16.86	0.00101449 0.00087813 -0.13543	
16.87	0.00101438 0.00087851 -0.13543	
16.88	0.00101438 0.000878774 -0.13543	
16.89	0.00101451 0.000878659 -0.13543	
16.9	0.0010142 0.000879146 -0.135431	
16.91	0.00101369 0.000879351 -0.135431	
16.92	0.00101351 0.000879722 -0.135431	
16.93	0.00101287 0.000879912 -0.135432	
16.94	0.00101287 0.000880046 -0.135432	
16.95	0.00101172 0.000880437 -0.135433	
16.96	0.00100872 0.000882035 -0.135436	
16.97	0.00100669 0.000883479 -0.135439	
16.98	0.00100453 0.000885025 -0.135441	
16.99	0.00100362 0.000885301 -0.135442	
17	0.00100241 0.000886316 -0.135443	
17.01	0.00100162 0.00088648 -0.135444	
17.02	0.00100189 0.000886522 -0.135444	
17.03	0.00100122 0.000886577 -0.135444	
17.04	0.00100162 0.00088651 -0.135444	
17.05	0.00100238 0.000885968 -0.135443	
17.06	0.00100174 0.000886402 -0.135444	
17.07	0.00100101 0.000886683 -0.135444	
17.08	0.00100057 0.000887026 -0.135445	
17.09	0.00100005 0.000887217 -0.135445	
17.1	0.000999522 0.000887408 -0.135446	
17.11	0.000999842 0.000887193 -0.135446	
17.12	0.00100023 0.000886981 -0.135445	
17.13	0.00100016 0.000886963 -0.135445	
17.14	0.000999504 0.000887261 -0.135446	
17.15	0.000999995 0.00088668 -0.135445	
17.16	0.000999217 0.000887086 -0.135446	
17.17	0.000999411 0.000886981 -0.135446	
17.18	0.000999637 0.000886484 -0.135445	
17.19	0.0010011 0.00088537 -0.135444	
17.2	0.00100209 0.000884574 -0.135443	
17.21	0.00100259 0.000883856 -0.135442	
17.22	0.00100281 0.000883353 -0.135442	
17.23	0.00100369 0.000882548 -0.135441	
17.24	0.00100411 0.000881934 -0.13544	
17.25	0.00100423 0.000881803 -0.13544	
17.26	0.00100575 0.000880693 -0.135438	
17.27	0.00100549 0.000880778 -0.135439	
17.28	0.00100578 0.00088029 -0.135438	
17.29	0.00100566 0.000880401 -0.135438	
17.3	0.00100489 0.000880812 -0.135439	
17.31	0.00100542 0.000880622 -0.135439	
17.32	0.00100494 0.000880544 -0.135439	
17.33	0.00100542 0.000879947 -0.135438	
17.34	0.00100485 0.000880248 -0.135439	
17.35	0.00100586 0.000879462 -0.135438	
17.36	0.00100586 0.000879462 -0.135438	
17.37	0.00100635 0.000878863 -0.135437	
17.38	0.00100589 0.000879054 -0.135438	
17.39	0.00100741 0.000877937 -0.135436	
17.4	0.00100734 0.000877912 -0.135436	
17.41	0.00100773 0.000877695 -0.135436	
17.42	0.00100822 0.000877092 -0.135435	
17.43	0.0010086 0.000876874 -0.135435	
17.44	0.00100844 0.000877234 -0.135435	
17.45	0.0010097 0.000876193 -0.135434	
17.46	0.0010105 0.000875342 -0.135433	
17.47	0.00101027 0.000875011 -0.135433	
17.48	0.00100978 0.000874783 -0.135433	
17.49	0.00100914 0.000875083 -0.135434	
17.5	0.00100849 0.000875381 -0.135434	
17.51	0.00100914 0.000875083 -0.135434	
17.52	0.00100849 0.000875381 -0.135434	
17.53	0.00100897 0.000874773 -0.135434	
17.54	0.00100868 0.000875272 -0.135434	
17.55	0.00100888 0.000875163 -0.135434	
17.56	0.00100888 0.000875163 -0.135434	
17.57	0.00100823 0.000875461 -0.135435	
17.58	0.00100881 0.000875134 -0.135434	
17.59	0.00100962 0.000874276 -0.135433	
17.6	0.0010103 0.000874229 -0.135432	
17.61	0.00101053 0.000873698 -0.135432	
17.62	0.00101092 0.000873478 -0.135432	
17.63	0.00101075 0.000873165 -0.135432	
17.64	0.00101114 0.000872945 -0.135431	
17.65	0.00101111 0.000872489 -0.135431	
17.66	0.00101166 0.000872407 -0.135431	
17.67	0.00101304 0.000871207 -0.135429	
17.68	0.00101232 0.000871009 -0.13543	
17.69	0.00101184 0.000870727 -0.13543	
17.7	0.00101061 0.000871165 -0.135431	
17.71	-0.101068 0.32773 0.222978	
17.72	-0.131241 0.694657 0.559937	
17.73	-0.0687103 0.625007 0.47171	
17.74	-0.0829842 0.809659 0.673991	
17.75	-0.21939 0.754405 0.800511	
17.76	-0.225157 1.44619 1.17509	
17.77	-0.126487 1.25868 0.951762	
17.78	-0.214947 1.56183 1.25046	
17.79	-0.180511 1.58974 1.25893	
17.8	-0.247408 1.81466 1.54854	
17.81	-0.32503 1.97275 1.93196	
17.82	-0.32572 2.48635 2.21327	
17.83	-0.24834 2.39642 1.98741	
17.84	-0.288421 2.62405 2.17274	
17.85	-0.248775 2.51643 2.01675	
17.86	-0.270675 2.88447 2.38967	
17.87	-0.382377 2.76681 2.54418	
17.88	-0.640472 2.59491 3.10581	
17.89	-0.782721 2.34904 3.51412	
17.9	-0.832674 2.43455 3.89666	
17.91	-0.84145 2.3312 4.11408	
17.92	-0.751772 2.39237 3.98119	
17.93	-0.736302 2.48363 3.94171	
17.94	-0.883653 2.45696 4.33566	
17.95	-0.436227 2.46678 3.47937	
17.96	-0.38758 2.9852 3.63107	
17.97	-0.304227 3.21007 3.15268	
17.98	-0.312568 3.37487 3.04857	
17.99	-0.285412 3.29676 2.84326	
18	-0.290257 3.08917 2.68135	
18.01	-0.248493 2.92726 2.45072	
18.02	-0.129562 2.29463 1.79746	
18.03	-0.0949938 1.67799 1.27715	
18.04	-0.068568 1.22602 0.898992	
18.05	-0.0513415 0.897585 0.618363	
18.06	-0.0387595 0.657444 0.413137	
18.07	-0.0290638 0.481388 0.26407	
18.08	-0.0215676 0.352277 0.155889	
18.09	-0.0159578 0.257753 0.0770474	
18.1	-0.0117732 0.18856 0.0195647	
18.11	-0.00866879 0.137926 -0.0223754	
18.12	-0.00632533 0.100836 -0.0528926	
18.13	-0.00462178 0.0737257 -0.0752255	
18.14	-0.00336339 0.0538917 -0.091529	
18.15	-0.00243453 0.0393816 -0.103432	
18.16	-0.00176448 0.0287801 -0.112154	
18.17	-0.00128887 0.0210418 -0.11856	
18.18	-0.000932705 0.0153761 -0.123227	
18.19	-0.000677589 0.0112382 -0.12665	
18.2	-0.000489074 0.00821063 -0.12915	
18.21	-0.000350081 0.00599579 -0.130975	
18.22	-0.000253664 0.00438137 -0.132319	
18.23	-0.000183871 0.0032017 -0.133304	
18.24	-0.000136264 0.00234263 -0.134031	
18.25	-0.000100586 0.00171379 -0.13456	
18.26	-7.56045e-05 0.00125502 -0.134949	
18.27	-7.57701e-05 0.00125515 -0.13495	
18.28	-7.59942e-05 0.00125536 -0.13495	
18.29	-7.57237e-05 0.00125505 -0.13495	
18.3	-7.64449e-05 0.00125568 -0.134951	
18.31	-7.69209e-05 0.00125607 -0.134952	
18.32	-7.78e-05 0.00125689 -0.134954	
18.33	-7.78832e-05 0.00125695 -0.134954	
18.34	-7.84158e-05 0.0012574 -0.134955	
18.35	-7.76552e-05 0.00125667 -0.134954	
18.36	-7.71214e-05 0.00125611 -0.134953	
18.37	-7.68668e-05 0.0012558 -0.134952	
18.38	-7.84662e-05 0.00125723 -0.134955	
18.39	-7.90986e-05 0.0012578 -0.134957	
18.4	-8.01198e-05 0.00125866 -0.134959	
18.41	-8.05605e-05 0.00125903 -0.13496	
18.42	-8.16086e-05 0.00125989 -0.134962	
18.43	-8.29223e-05 0.00126104 -0.134965	
18.44	-8.42881e-05 0.00126225 -0.134968	
18.45	-8.5964e-05 0.00126369 -0.134971	
18.46	-8.70973e-05 0.00126468 -0.134973	
18.47	-8.73472e-05 0.00126484 -0.134974	
18.48	-8.78078e-05 0.00126522 -0.134975	
18.49	-8.82367e-05 0.00126552 -0.134976	
18.5	-8.92879e-05 0.00126638 -0.134978	
18.51	-9.00015e-05 0.001267 -0.13498	
18.52	-9.03029e-05 0.0012672 -0.13498	
18.53	-9.05174e-05 0.00126739 -0.134981	
18.54	-9.03649e-05 0.00126726 -0.13498	
18.55	-8.99798e-05 0.00126683 -0.13498	
18.56	-9.01241e-05 0.00126686 -0.13498	
18.57	-9.02652e-05 0.00126683 -0.134981	
18.58	-9.08933e-05 0.00126722 -0.134982	
18.59	-9.14331e-05 0.0012676 -0.134983	
18.6	-9.2291e-05 0.00126813 -0.134985	
18.61	-9.38944e-05 0.00126949 -0.134988	
18.62	-9.56448e-05 0.00127091 -0.134992	
18.63	-9.63059e-05 0.00127144 -0.134994	
18.64	-9.68478e-05 0.00127187 -0.134995	
18.65	-9.67068e-05 0.00127171 -0.134995	
18.66	-9.64696e-05 0.00127144 -0.134994	
18.67	-9.60255e-05 0.001271 -0.134993	
18.68	-9.61336e-05 0.001271 -0.134994	
18.69	-9.68028e-05 0.00127146 -0.134995	
18.7	-9.7658e-05 0.00127216 -0.134997	
18.71	-9.82446e-05 0.00127259 -0.134998	
18.72	-9.86313e-05 0.00127292 -0.134999	
18.73	-9.90514e-05 0.00127329 -0.135	
18.74	-9.95501e-05 0.00127366 -0.135001	
18.75	-0.000100127 0.00127402 -0.135002	
18.76	-0.000100183 0.00127403 -0.135002	
18.77	-0.000100246 0.0012741 -0.135003	
18.78	-0.000100601 0.00127439 -0.135003	
18.79	-0.000100417 0.00127419 -0.135003	
18.8	-0.00010048 0.00127426 -0.135003	
18.81	-0.000100881 0.00127452 -0.135004	
18.82	-0.000101032 0.00127465 -0.135004	
18.83	-0.000101118 0.00127469 -0.135005	
18.84	-0.000100834 0.0012745 -0.135004	
18.85	-0.000100983 0.00127461 -0.135004	
18.86	-0.000101551 0.00127492 -0.135006	
18.87	-0.000101637 0.00127493 -0.135006	
18.88	-0.000102731 0.00127576 -0.135008	
18.89	-0.000103962 0.00127659 -0.135011	
18.9	-0.000104414 0.00127693 -0.135012	
18.91	-0.000104445 0.00127696 -0.135012	
18.92	-0.000104325 0.00127687 -0.135012	
18.93	-0.000104196 0.00127669 -0.135012	
18.94	-0.000104107 0.00127663 -0.135011	
18.95	-0.000104644 0.00127712 -0.135012	
18.96	-0.000104985 0.00127726 -0.135013	
18.97	-0.000105048 0.00127726 -0.135013	
18.98	-0.000106054 0.00127806 -0.135016	
18.99	-0.000106474 0.00127842 -0.135016	
19	-0.000106638 0.0012786 -0.135017	
19.01	-0.000107726 0.00127941 -0.135019	
19.02	-0.00010797 0.00127958 -0.13502	
19.03	-0.000108094 0.00127965 -0.13502	
19.04	0.00287841 -0.00702522 0.461119	
19.05	0.0562005 -0.0973997 2.36931	
19.06	0.06282 -0.0987988 2.13945	
19.07	0.062756 -0.108646 2.52387	
19.08	0.045819 -0.0793226 1.8084	
19.09	0.0402434 -0.0709916 1.9808	
19.1	0.0434801 -0.0698848 2.07577	
19.11	0.0314366 -0.0504838 1.47935	
19.12	0.0230685 -0.0370559 1.04554	
19.13	0.122781 -0.185455 4.6018	
19.14	0.0801546 -0.130302 4.10755	
19.15	0.0965735 -0.151829 4.72002	
19.16	0.0813108 -0.12594 3.9552	
19.17	0.0572442 -0.104817 4.27642	
19.18	0.0836601 -0.13609 4.37493	
19.19	0.0791643 -0.0910673 3.24818	
19.2	0.0198842 -0.0666128 3.99909	
19.21	0.0959304 -0.146563 4.58236	
19.22	0.0703018 -0.107403 3.31371	
19.23	0.0581866 -0.0868752 3.2829	
19.24	0.0868208 -0.130875 3.64048	
19.25	0.0632664 -0.0953686 2.62441	
19.26	0.0542934 -0.0822505 2.09357	
19.27	0.044071 -0.0666611 2.31668	
19.28	0.0551248 -0.0838245 1.73188	
19.29	0.0403075 -0.0612928 1.22982	
19.3	0.0273434 -0.0413368 1.00751	
19.31	0.0202985 -0.0306865 0.701187	
19.32	0.0149497 -0.0226005 0.476451	
19.33	0.0109488 -0.016552 0.311834	
19.34	0.00803321 -0.0121444 0.191488	
19.35	0.00587968 -0.00888873 0.103486	
19.36	0.00429552 -0.00649388 0.039021	
19.37	0.00312843 -0.00472954 -0.008164	
19.38	0.00229514 -0.00346979 -0.0425308	
19.39	0.00168941 -0.00255406 -0.0676261	
19.4	-0.025058 0.0801767 0.00220277	
19.41	-0.186562 1.0422 0.71925	
19.42	-0.118491 1.17672 0.833052	
19.43	-0.237384 0.991384 0.995364	
19.44	-0.230383 0.714968 0.872891	
19.45	-0.155392 1.33957 0.964911	
19.46	-0.360192 0.921037 1.41301	
19.47	-0.263584 0.673616 0.995985	
19.48	-0.192585 0.492397 0.69199	
19.49	-0.140903 0.360098 0.469148	
19.5	-0.10336 0.263578 0.305591	
19.51	-0.0757364 0.192855 0.186443	
19.52	-0.0552926 0.140934 0.0999611	
19.53	-0.0403458 0.102971 0.0367227	
19.54	-0.0294751 0.0752657 -0.00965584	
19.55	-0.0215746 0.0550499 -0.0436878	
19.56	-0.0158199 0.0402859 -0.0686326	
19.57	-0.0115881 0.0294695 -0.0868131	
19.58	-0.00846556 0.0215361 -0.100034	
19.59	-0.00617988 0.0157347 -0.109689	
19.6	-0.00450391 0.0114891 -0.116735	
19.61	-0.0032941 0.00839944 -0.121922	
19.62	-0.00241207 0.00614284 -0.12572	
19.63	-0.00177309 0.00449827 -0.128511	
19.64	-0.00130152 0.00329237 -0.13054	
19.65	-0.000954593 0.00240908 -0.132016	
19.66	-0.000703065 0.00176489 -0.133102	
19.67	-0.000517033 0.0012924 -0.133889	
19.68	-0.000379471 0.000945876 -0.13446	
19.69	-0.000278854 0.000692586 -0.134876	
19.7	-0.000281109 0.000694311 -0.134883	
19.71	-0.000283092 0.000695871 -0.134888	
19.72	-0.000285007 0.000697485 -0.134893	
19.73	-0.000285848 0.00069838 -0.134895	
19.74	-0.000286113 0.000699 -0.134894	
19.75	-0.000286219 0.000699619 -0.134892	
19.76	-0.000286077 0.000700122 -0.134889	
19.77	-0.000286089 0.00070058 -0.134888	
19.78	-0.000285261 0.000700276 -0.134884	
19.79	-0.000284475 0.000699831 -0.134881	
19.8	-0.000283533 0.000699148 -0.134878	
19.81	-0.000281915 0.000697897 -0.134873	
19.82	-0.000280759 0.00069699 -0.13487	
19.83	-0.000279916 0.000696317 -0.134868	
19.84	-0.000279912 0.000696316 -0.134868	
19.85	-0.000279962 0.000696356 -0.134868	
19.86	-0.000280002 0.000696389 -0.134868	
19.87	-0.000281004 0.000697205 -0.134871	
19.88	-0.00028201 0.000698009 -0.134873	
19.89	-0.00028535 0.000700646 -0.134883	
19.9	-0.0002888 0.000703291 -0.134893	
19.91	-0.000291506 0.000705281 -0.134901	
19.92	-0.000293844 0.00070695 -0.134909	
19.93	-0.000295168 0.00070788 -0.134913	
19.94	-0.000296971 0.000709118 -0.134919	
19.95	-0.000298606 0.000710234 -0.134924	
19.96	-0.00029939 0.000710813 -0.134926	
19.97	-0.000300535 0.000711644 -0.13493	
19.98	-0.000300975 0.000712023 -0.134931	
19.99	-0.000301674 0.000712547 -0.134933	
20	-0.000302037 0.000712828 -0.134934	
20.01	-0.000301904 0.000712764 -0.134934	
20.02	-0.000301679 0.000712654 -0.134933	
20.03	-0.000302375 0.000713148 -0.134935	
20.04	-0.000303748 0.000714075 -0.13494	
20.05	-0.000305226 0.000715048 -0.134945	
20.06	-0.000306333 0.000715762 -0.134948	
20.07	-0.00030692 0.000716133 -0.13495	
20.08	-0.000306643 0.000715952 -0.134949	
20.09	-0.000306872 0.000716084 -0.13495	
20.1	-0.000307613 0.00071654 -0.134953	
20.11	-0.000309522 0.000717717 -0.13496	
20.12	0.136065 -0.145943 4.37597	
20.13	0.147645 -0.179589 4.45207	
20.14	0.115061 -0.146082 4.5294	
20.15	0.104248 -0.109841 4.75908	
20.16	0.0477622 -0.0503931 4.67716	
20.17	-0.0187026 0.0147474 3.96714	
20.18	-0.0546869 0.0527827 4.96404	
20.19	-0.0822255 0.081712 3.64818	
20.2	-0.0953518 0.168562 3.74382	
20.21	-0.0859507 0.278219 5.07142	
20.22	-0.0604328 0.194939 3.70176	
20.23	-0.11402 0.244044 4.46401	
20.24	-0.0560318 0.216158 4.21491	
20.25	-0.0608901 0.116456 4.41623	
20.26	0.0280051 -0.0592513 4.53346	
20.27	0.0310678 -0.0672147 3.32288	
20.28	0.0304621 -0.0665337 2.42066	
20.29	0.0298272 -0.065543 1.75665	
20.3	0.00332098 0.0115303 4.14789	
20.31	-0.198163 0.694252 5.48858	
20.32	-0.187147 0.670094 4.50911	
20.33	-0.1366 0.486267 4.87524	
20.34	-0.237824 0.752245 4.68354	
20.35	-0.244197 1.36039 5.50987	
20.36	-0.311782 0.594886 3.58812	
20.37	-2.36598 -0.405038 -2.13318	
20.38	0.346659 -0.154377 -0.0823808	
20.39	0.254826 -0.109374 -0.0995643	
20.4	0.186327 -0.081028 -0.1095	
20.41	0.135709 -0.0616145 -0.115669	
20.42	-1.04824 -0.63833 -0.181292	
20.43	-0.766497 -0.466547 -0.169377	
20.44	3.81914 1.18608 -3.19994	
20.45	1.50387 1.17349 -1.95083	
20.46	1.20226 -0.295604 -0.616878	
20.47	-0.609356 -0.411519 -1.01298	
20.48	-0.443156 -0.299749 -0.764521	
20.49	0.647379 0.61812 -1.4526	
20.5	-0.303997 0.907684 4.54798	
20.51	-0.28022 0.483961 5.10694	
20.52	0.0573111 1.8749 2.08089	
20.53	0.0416188 1.36465 1.48659	
20.54	0.0303717 0.996146 1.0495	
20.55	0.0214819 0.713779 0.739311	
20.56	0.0139424 0.485261 0.520712	
20.57	0.00916768 0.333291 0.353192	
20.58	0.0064069 0.237625 0.224774	
20.59	-1.65219 -1.38621 -0.58654	
20.6	-3.84449 -0.134743 -1.19454	
20.61	-2.79713 -0.118923 -0.904666	
20.62	-2.05793 -0.0647717 -0.70295	
20.63	-1.50618 -0.0466609 -0.551082	
20.64	-1.10231 -0.0349869 -0.439858	
20.65	-0.80633 -0.0154729 -0.358435	
20.66	-0.588148 -0.0126351 -0.298104	
20.67	-0.426073 -0.0119678 -0.253049	
20.68	-0.309226 -0.00876677 -0.220744	
20.69	-0.216244 -0.00431583 -0.194416	
20.7	-0.158117 -0.00313454 -0.178712	
20.71	-0.115612 -0.00223821 -0.167229	
20.72	-0.0844996 -0.00164754 -0.15882	
20.73	-0.0617845 -0.00120142 -0.152684	
20.74	-0.0451941 -0.000884182 -0.148203	
20.75	-0.0330449 -0.000645569 -0.144921	
20.76	-0.0241616 -0.00047153 -0.142521	
20.77	-0.0176591 -0.000341592 -0.140763	
20.78	-0.0129224 -0.000249153 -0.139485	
20.79	-0.00944853 -0.000182099 -0.138546	
20.8	-0.00690851 -0.000133105 -0.13786	
20.81	-0.00504927 -9.83176e-05 -0.137357	
20.82	-0.00369189 -7.18756e-05 -0.13699	
20.83	-0.00269939 -5.15573e-05 -0.136722	
20.84	-0.00197373 -3.84179e-05 -0.136526	
20.85	-0.00144256 -2.89068e-05 -0.136382	
20.86	-0.00144255 -2.83785e-05 -0.136382	
20.87	-0.00144315 -2.86177e-05 -0.136383	
20.88	-0.00144315 -2.86177e-05 -0.136383	
20.89	-0.00144255 -2.83785e-05 -0.136382	
20.9	-0.00144314 -2.80883e-05 -0.136383	
20.91	-0.00144255 -2.83785e-05 -0.136382	
20.92	-0.00144255 -2.83785e-05 -0.136382	
20.93	-0.00144255 -2.83785e-05 -0.136382	
20.94	-0.00144255 -2.83785e-05 -0.136382	
20.95	-0.00144255 -2.83785e-05 -0.136382	
20.96	-0.00144256 -2.89068e-05 -0.136382	
20.97	-0.00144255 -2.83785e-05 -0.136382	
20.98	-0.00144255 -2.83785e-05 -0.136382	
20.99	-0.00144256 -2.89068e-05 -0.136382	
21	-0.00144256 -2.89068e-05 -0.136382	
21.01	-0.00144256 -2.89068e-05 -0.136382	
21.02	-0.00144255 -2.83785e-05 -0.136382	
21.03	-0.00144255 -2.83785e-05 -0.136382	
21.04	-0.00144255 -2.83785e-05 -0.136382	
21.05	-0.00144255 -2.83785e-05 -0.136382	
21.06	-0.00144255 -2.83785e-05 -0.136382	
21.07	-0.00144255 -2.83785e-05 -0.136382	
21.08	-0.00144255 -2.83785e-05 -0.136382	
21.09	-0.00144255 -2.83785e-05 -0.136382	
21.1	-0.00144255 -2.83785e-05 -0.136382	
21.11	-0.00144197 -2.86684e-05 -0.136382	
21.12	-0.00144197 -2.86684e-05 -0.136382	
21.13	-0.00144255 -2.83785e-05 -0.136382	
21.14	-0.00144255 -2.83785e-05 -0.136382	
21.15	-0.00144197 -2.86684e-05 -0.136382	
21.16	-0.00144255 -2.83785e-05 -0.136382	
21.17	-0.00144197 -2.86684e-05 -0.136382	
21.18	-0.00144197 -2.86684e-05 -0.136382	
21.19	-0.00144197 -2.86684e-05 -0.136382	
21.2	-0.00144197 -2.86684e-05 -0.136382	
21.21	-0.00144197 -2.86684e-05 -0.136382	
21.22	-0.00144197 -2.86684e-05 -0.136382	
21.23	-0.00144255 -2.83785e-05 -0.136382	
21.24	-0.00144197 -2.86684e-05 -0.136382	
21.25	-0.00144197 -2.86684e-05 -0.136382	
21.26	-0.00144197 -2.86684e-05 -0.136382	
21.27	-0.00144197 -2.86684e-05 -0.136382	
21.28	-0.00144197 -2.86684e-05 -0.136382	
21.29	-0.00144197 -2.86684e-05 -0.136382	
21.3	-0.00144197 -2.86684e-05 -0.136382	
21.31	-0.00144197 -2.86684e-05 -0.136382	
21.32	-0.00144197 -2.86684e-05 -0.136382	
21.33	-0.00144197 -2.86684e-05 -0.136382	
21.34	-0.00144197 -2.86684e-05 -0.136382	
21.35	-0.00144197 -2.86684e-05 -0.136382	
21.36	-0.00144197 -2.86684e-05 -0.136382	
21.37	-0.00144197 -2.86684e-05 -0.136382	
21.38	-0.00144197 -2.86684e-05 -0.136382	
21.39	-0.00144197 -2.86684e-05 -0.136382	
21.4	-0.00144197 -2.86684e-05 -0.136382	
21.41	-0.00144197 -2.86684e-05 -0.136382	
21.42	-0.00144197 -2.86684e-05 -0.136382	
21.43	-0.00144197 -2.86684e-05 -0.136382	
21.44	-0.00144197 -2.86684e-05 -0.136382	
21.45	-0.00144197 -2.86684e-05 -0.136382	
21.46	-0.00144197 -2.86684e-05 -0.136382	
21.47	-0.00144197 -2.86684e-05 -0.136382	
21.48	-0.00144196 -2.88836e-05 -0.136382	
21.49	-0.00144197 -2.86684e-05 -0.136382	
21.5	-0.00144197 -2.86684e-05 -0.136382	
21.51	-0.00144197 -2.86684e-05 -0.136382	
21.52	-0.00144197 -2.86684e-05 -0.136382	
21.53	-0.00144197 -2.86684e-05 -0.136382	
21.54	-0.00144197 -2.86684e-05 -0.136382	
21.55	-0.00144197 -2.86684e-05 -0.136382	
21.56	-0.00144197 -2.86684e-05 -0.136382	
21.57	-0.00144197 -2.86684e-05 -0.136382	
