# Gnuplot File : velocities of 1 particle(s) Monitored
# 1st Column : time, others : particle(s) number 0 
0.01	5.37082e-17 0 -0.019274	
0.02	1.1969 0.26958 0.893129	
0.03	0.00506067 -0.183413 1.1563	
0.04	1.15248 -0.386054 1.2763	
0.05	0.12894 -0.920822 1.12167	
0.06	1.53115 -0.664736 0.276276	
0.07	-0.0199306 -1.87467 0.26113	
0.08	1.77581 -0.784075 -1.1185	
0.09	-0.153187 -0.788292 -1.99055	
0.1	2.02907 -0.757801 -1.51616	
0.11	-0.375025 -1.31244 -2.24179	
0.12	2.16034 -0.682514 -1.96241	
0.13	-1.00916 -0.754016 -2.71276	
0.14	2.36773 0.49744 -2.36616	
0.15	-0.755575 0.444073 -3.03447	
0.16	2.00627 0.170663 -2.23393	
0.17	-0.760065 0.759261 -3.05076	
0.18	1.89961 0.296255 -2.20768	
0.19	-0.588206 0.961681 -2.97304	
0.2	2.05377 0.269157 -2.05707	
0.21	-0.71032 1.01947 -2.90381	
0.22	2.18089 0.311556 -1.93541	
0.23	-0.8219 0.681794 -2.54061	
0.24	2.42457 0.138004 -1.55923	
0.25	-1.07817 0.400691 -2.19968	
0.26	3.22379 0.188957 -1.11559	
0.27	-1.521 0.229438 -1.88994	
0.28	3.03946 0.304671 -0.879319	
0.29	-1.72146 0.28579 -1.76737	
0.3	3.23943 0.389858 -0.687818	
0.31	-1.93961 0.434183 -1.72415	
0.32	3.44761 0.490141 -0.561409	
0.33	-1.77859 0.549758 -1.69503	
0.34	3.27335 0.379065 -0.505677	
0.35	-1.98925 0.738869 -1.75171	
0.36	3.47904 0.500641 -0.487547	
0.37	-2.17572 0.747406 -1.70123	
0.38	4.00297 0.837206 -0.448992	
0.39	-2.66681 0.771757 -1.63895	
0.4	4.08349 1.01344 -0.348533	
0.41	-2.74973 0.970982 -1.71308	
0.42	4.15328 0.982433 -0.283934	
0.43	-2.84727 1.32813 -1.86751	
0.44	4.24768 0.527469 -0.126353	
0.45	-2.92575 1.53598 -1.95506	
0.46	4.09277 0.623462 -0.238579	
0.47	-2.36711 1.404 -1.85611	
0.48	3.80578 0.777465 -0.363007	
0.49	-2.46785 1.46797 -1.86567	
0.5	3.89029 0.483707 -0.209808	
0.51	-2.55049 1.43855 -1.81758	
0.52	3.97199 0.673432 -0.248396	
0.53	-2.58908 1.15989 -1.7143	
0.54	4.01028 0.919943 -0.330181	
0.55	-2.62305 1.0128 -1.63858	
0.56	4.03493 0.928882 -0.301044	
0.57	-2.55591 1.05162 -1.65164	
0.58	3.98039 0.8952 -0.311485	
0.59	-2.25556 1.20717 -1.66626	
0.6	3.67856 0.775349 -0.318037	
0.61	-1.96596 1.45009 -1.80453	
0.62	3.40978 0.334338 -0.26561	
0.63	-2.0956 1.64933 -1.88068	
0.64	3.89981 0.387335 -0.201908	
0.65	-2.53747 1.26637 -1.66033	
0.66	3.95426 0.921502 -0.305653	
0.67	-2.52934 0.73518 -1.35455	
0.68	3.92635 1.31566 -0.374118	
0.69	-2.24497 0.701801 -1.2777	
0.7	3.63334 1.14578 -0.309147	
0.71	-2.00772 1.09014 -1.52732	
0.72	3.67494 0.753738 -0.288744	
0.73	-0.959077 1.30839 -1.5815	
0.74	3.51486 0.169044 -0.203733	
0.75	-2.08713 1.72147 -1.82318	
0.76	3.61434 0.269558 -0.181105	
0.77	-2.1232 1.00847 -1.389	
0.78	-2.38538 0.949102 -1.29977	
0.79	-8.31804 2.90095 -3.36888	
0.8	-6.23118 1.87994 -2.59861	
0.81	-6.0056 1.81145 -2.52369	
0.82	-5.78583 1.73947 -2.44905	
0.83	-5.57276 1.68225 -2.38007	
0.84	-5.35942 0.926194 -2.1169	
0.85	-4.38961 1.20458 -0.537938	
0.86	-4.26775 0.878301 -0.346546	
0.87	-25.31 -2.58142 -7.39092	
0.88	-24.7531 -0.253519 4.74533	
0.89	-23.7609 -0.319827 4.44949	
0.9	-22.9079 -0.30197 4.27758	
0.91	-22.2234 -0.15782 4.28454	
0.92	-20.3218 -0.162705 5.2874	
0.93	-32.5338 -0.249317 0.149149	
0.94	-27.3661 -0.713371 2.96387	
0.95	-26.3722 -0.684539 2.8413	
0.96	-25.4083 -0.664961 2.71014	
0.97	-24.8062 -0.370153 3.03886	
0.98	-24.2205 -0.103829 3.32842	
0.99	-23.4827 0.0570326 3.44133	
1	-22.5481 0.0320253 3.2518	
1.01	-21.6646 0.0027133 3.06374	
1.02	-20.8468 -0.0201035 2.89518	
1.03	-20.0774 -0.0339769 2.74735	
1.04	-19.3376 -0.0416167 2.61365	
1.05	-18.6336 -0.0342749 2.5079	
1.06	-17.9283 -0.0506985 2.36735	
1.07	-17.2601 -0.0578594 2.24638	
1.08	-16.623 -0.0576956 2.14125	
1.09	-15.987 -0.0646087 2.0264	
1.1	-15.3751 -0.0729189 1.91341	
1.11	-14.7638 -0.104951 1.76584	
1.12	-14.1887 -0.126522 1.63935	
1.13	-13.6401 -0.148476 1.51651	
1.14	-13.0981 -0.177391 1.38474	
1.15	-12.5482 -0.223638 1.22667	
1.16	-12.0239 -0.255177 1.09449	
1.17	-11.5702 -0.2525 1.02334	
1.18	-11.1252 -0.262524 0.934953	
1.19	-10.6683 -0.298664 0.806566	
1.2	-10.2239 -0.339103 0.673929	
1.21	-9.80286 -0.366185 0.564777	
1.22	-9.36438 -0.407304 0.43278	
1.23	-8.96685 -0.430162 0.333936	
1.24	-8.57793 -0.455758 0.23258	
1.25	-8.20294 -0.48216 0.132296	
1.26	-7.82938 -0.516698 0.0204598	
1.27	-7.46293 -0.548785 -0.0864154	
1.28	-7.1009 -0.581597 -0.193434	
1.29	-6.72895 -0.62336 -0.314803	
1.3	-6.37722 -0.654959 -0.417983	
1.31	-6.07063 -0.664779 -0.482307	
1.32	-5.78413 -0.668681 -0.5348	
1.33	-5.51575 -0.667866 -0.577529	
1.34	-5.25663 -0.668021 -0.620171	
1.35	-5.00263 -0.667037 -0.660163	
1.36	-4.75115 -0.667014 -0.700995	
1.37	-4.51148 -0.664437 -0.736178	
1.38	-4.3086 -0.652184 -0.751718	
1.39	-4.11527 -0.639683 -0.765365	
1.4	-3.93098 -0.626177 -0.776069	
1.41	-3.73796 -0.617297 -0.794643	
1.42	-3.5795 -0.601299 -0.797714	
1.43	-3.4276 -0.585467 -0.799946	
1.44	-3.2885 -0.568315 -0.798285	
1.45	-3.15084 -0.552548 -0.798309	
1.46	-3.02112 -0.537764 -0.798544	
1.47	-2.89488 -0.523876 -0.799473	
1.48	-2.77572 -0.509169 -0.798058	
1.49	-2.66267 -0.494177 -0.795232	
1.5	-2.54924 -0.480829 -0.794758	
1.51	-2.43965 -0.467301 -0.793349	
1.52	-2.33308 -0.454481 -0.792446	
1.53	-2.22599 -0.44331 -0.793934	
1.54	-2.12297 -0.431756 -0.794171	
1.55	-2.02708 -0.419487 -0.792247	
1.56	-1.94238 -0.406241 -0.787228	
1.57	-1.86026 -0.393697 -0.782787	
1.58	-1.78218 -0.381205 -0.777763	
1.59	-1.71129 -0.368716 -0.771655	
1.6	-1.64187 -0.356336 -0.765409	
1.61	-1.57847 -0.344012 -0.758326	
1.62	-1.513 -0.332963 -0.753328	
1.63	-1.44832 -0.322506 -0.749011	
1.64	-1.38879 -0.312084 -0.743958	
1.65	-1.33443 -0.301502 -0.737875	
1.66	-1.28327 -0.290789 -0.73108	
1.67	-1.2341 -0.28069 -0.724848	
1.68	-1.18426 -0.271114 -0.71941	
1.69	-1.13728 -0.261859 -0.713987	
1.7	-1.09035 -0.253081 -0.709196	
1.71	-1.04832 -0.244251 -0.703592	
1.72	-1.00853 -0.235554 -0.697815	
1.73	-0.971694 -0.227024 -0.691819	
1.74	-0.935175 -0.218951 -0.686401	
1.75	-0.900696 -0.211004 -0.680833	
1.76	-0.865912 -0.203626 -0.676097	
1.77	-0.832017 -0.196491 -0.671546	
1.78	-0.799118 -0.189747 -0.667389	
1.79	-0.76739 -0.18307 -0.663123	
1.8	-0.739465 -0.17643 -0.658342	
1.81	-0.711754 -0.170139 -0.654006	
1.82	-0.684024 -0.164166 -0.6501	
1.83	-0.657429 -0.158403 -0.64631	
1.84	-0.631971 -0.152839 -0.642616	
1.85	-0.609095 -0.147299 -0.638566	
1.86	-0.585144 -0.142109 -0.635146	
1.87	-0.561409 -0.137177 -0.632042	
1.88	-0.539806 -0.132364 -0.628788	
1.89	-0.519865 -0.127656 -0.625428	
1.9	-0.499708 -0.123164 -0.622386	
1.91	-0.481444 -0.118693 -0.619085	
1.92	-0.463485 -0.11446 -0.616065	
1.93	-0.446433 -0.1103 -0.612998	
1.94	-0.429306 -0.106426 -0.61034	
1.95	-0.413405 -0.102635 -0.60761	
1.96	-0.397501 -0.0990244 -0.605122	
1.97	-0.382683 -0.0954908 -0.602574	
1.98	-0.369097 -0.0920446 -0.599963	
1.99	-0.355104 -0.0887453 -0.597602	
2	-0.34233 -0.0855338 -0.595182	
2.01	-0.329256 -0.0824601 -0.592986	
2.02	-0.317411 -0.0794771 -0.590736	
2.03	-0.305748 -0.0765858 -0.588576	
2.04	-0.294626 -0.0738073 -0.586491	
2.05	-0.284167 -0.0711439 -0.584467	
2.06	-0.273799 -0.0685602 -0.582531	
2.07	-0.263505 -0.0661058 -0.580759	
2.08	-0.253932 -0.0637069 -0.578954	
2.09	-0.244719 -0.0613963 -0.577214	
2.1	-0.235965 -0.0591774 -0.575533	
2.11	-0.227269 -0.0570218 -0.573922	
2.12	-0.218857 -0.0549885 -0.572439	
2.13	-0.21055 -0.0530136 -0.571015	
2.14	-0.203066 -0.0510991 -0.569555	
2.15	-0.195457 -0.0492682 -0.568222	
2.16	-0.188687 -0.0474963 -0.56685	
2.17	-0.18197 -0.0457736 -0.565532	
2.18	-0.175377 -0.0441088 -0.564271	
2.19	-0.168877 -0.0424987 -0.563067	
2.2	-0.162632 -0.0409479 -0.561906	
2.21	-0.156482 -0.0394782 -0.560841	
2.22	-0.150952 -0.0380227 -0.559703	
2.23	-0.145222 -0.0366565 -0.558716	
2.24	-0.139926 -0.0353235 -0.557708	
2.25	-0.134743 -0.0340349 -0.556742	
2.26	-0.129849 -0.0327996 -0.555808	
2.27	-0.124997 -0.031626 -0.55495	
2.28	-0.120367 -0.0304721 -0.554084	
2.29	-0.116065 -0.0293697 -0.553241	
2.3	-0.111901 -0.0283075 -0.552432	
2.31	-0.107861 -0.0272811 -0.551652	
2.32	-0.103952 -0.0262913 -0.550901	
2.33	-0.100117 -0.0253329 -0.55018	
2.34	-0.0965464 -0.0244178 -0.549481	
2.35	-0.0929919 -0.023528 -0.548811	
2.36	-0.0896017 -0.0226733 -0.548164	
2.37	-0.0862726 -0.0218629 -0.54757	
2.38	-0.0832378 -0.0210586 -0.546938	
2.39	-0.0801688 -0.0203079 -0.546385	
2.4	-0.0773082 -0.0195578 -0.5458	
2.41	-0.0744797 -0.0188618 -0.545286	
2.42	-0.0718276 -0.0181653 -0.544742	
2.43	-0.0692707 -0.0175093 -0.54424	
2.44	-0.0666821 -0.0168827 -0.543782	
2.45	-0.0642657 -0.0162701 -0.543317	
2.46	-0.0619276 -0.0156793 -0.542869	
2.47	-0.0596835 -0.0151104 -0.542437	
2.48	-0.0575335 -0.0145628 -0.54202	
2.49	-0.0554036 -0.0140315 -0.541621	
2.5	-0.0534355 -0.013525 -0.541233	
2.51	-0.0514992 -0.0130342 -0.54086	
2.52	-0.0496441 -0.0125519 -0.540485	
2.53	-0.0479507 -0.0120836 -0.540106	
2.54	-0.0463115 -0.0116324 -0.539742	
2.55	-0.0446402 -0.0112107 -0.539424	
2.56	-0.0430288 -0.0108042 -0.539116	
2.57	-0.0414667 -0.010412 -0.538821	
2.58	-0.0399817 -0.010027 -0.538523	
2.59	-0.0385951 -0.0096509 -0.538222	
2.6	-0.0375595 -0.00925273 -0.537838	
2.61	-0.0365554 -0.00886863 -0.537468	
2.62	-0.03532 -0.00852898 -0.537193	
2.63	-0.0341014 -0.00820806 -0.536942	
2.64	-0.0328746 -0.00790335 -0.536714	
2.65	-0.032098 -0.00754853 -0.536347	
2.66	-0.0313743 -0.00719975 -0.535981	
2.67	-0.030352 -0.00691649 -0.535751	
2.68	-0.0293462 -0.00665023 -0.535541	
2.69	-0.0283653 -0.00639332 -0.535341	
2.7	-0.0274863 -0.00613711 -0.535126	
2.71	-0.0266083 -0.00588871 -0.534921	
2.72	-0.0257314 -0.00566132 -0.534745	
2.73	-0.0248585 -0.00544722 -0.534587	
2.74	-0.0239601 -0.00524968 -0.534456	
2.75	-0.0231207 -0.0050552 -0.534319	
2.76	-0.0222772 -0.00487137 -0.534198	
2.77	-0.0217734 -0.00463621 -0.533953	
2.78	1.44979 -0.735685 4.14778	
2.79	7.59912 -2.67926 29.7809	
2.8	7.66781 -2.57766 28.531	
2.81	7.91933 -2.70958 28.9392	
2.82	8.21028 -2.8765 30.1076	
2.83	8.22125 -2.83942 29.98	
2.84	8.24928 -2.74085 29.8425	
2.85	8.27064 -2.55409 30.0701	
2.86	8.22732 -2.37391 29.5904	
2.87	8.41606 -1.96822 30.5255	
2.88	8.33966 -1.8074 29.9274	
2.89	8.49616 -1.51026 30.5357	
2.9	8.54315 -1.34996 30.5576	
2.91	9.27212 -1.22306 30.6575	
2.92	9.30689 -1.17545 29.3436	
2.93	9.14379 -1.13119 28.1714	
2.94	9.32046 -1.08512 26.864	
2.95	9.35831 -1.0417 25.6641	
2.96	9.21104 -1.00168 24.6042	
2.97	9.13632 -0.962198 23.5408	
2.98	9.28594 -0.921016 22.3741	
2.99	9.4057 -0.881035 21.2478	
3	9.6476 -0.839788 20.056	
3.01	9.97057 -0.797263 18.8086	
3.02	10.1766 -0.756808 17.6475	
3.03	10.3467 -0.717004 16.5133	
3.04	10.4266 -0.679423 15.4627	
3.05	10.4426 -0.643785 14.4815	
3.06	13.7553 -0.582138 -2.64449	
3.07	15.8029 -1.02807 0.5246	
3.08	15.8069 -1.36838 1.54966	
3.09	15.36 -1.3114 1.13421	
3.1	15.0328 -1.25485 0.746959	
3.11	14.7012 -1.19978 0.377131	
3.12	14.3274 -1.14771 0.0794679	
3.13	13.929 -1.09883 -0.156042	
3.14	13.5326 -1.05202 -0.368626	
3.15	13.4191 -1.07493 -0.25578	
3.16	15.3978 -1.64587 1.88136	
3.17	15.0012 -1.57728 1.44852	
3.18	-22.5005 -4.4376 9.95195	
3.19	-21.8255 -4.34489 10.1617	
3.2	-21.1114 -4.21902 10.0186	
3.21	-20.479 -4.13126 10.2043	
3.22	-17.4081 -4.26364 11.1666	
3.23	-16.8855 -4.21045 11.6144	
3.24	-5.24585 -1.22913 11.4798	
3.25	-6.36922 -2.84467 10.9924	
3.26	1.53521 -0.623584 10.0297	
3.27	5.21741 -0.110622 7.15021	
3.28	10.9618 0.201061 4.92613	
3.29	23.3804 -0.554503 -4.78348	
3.3	30.5517 4.40745 -28.2543	
3.31	30.1219 5.54686 -34.9521	
3.32	72.1301 1.07662 -37.1615	
3.33	69.7977 1.15376 -40.9347	
3.34	68.2374 1.02217 -42.5033	
3.35	70.3819 0.182841 -42.0124	
3.36	68.7779 0.0351384 -43.8786	
3.37	70.5198 -1.11107 -42.779	
3.38	67.3513 -0.983014 -47.1504	
3.39	65.1859 -1.41953 -49.274	
3.4	64.5522 -2.76971 -49.2708	
3.41	55.0427 0.266753 -49.7422	
3.42	25.9268 2.30782 -38.7277	
3.43	-1.4805 2.58701 -14.8872	
3.44	-8.27174 5.90917 -9.41819	
3.45	1.26435 1.75781 4.44297	
3.46	3.76972 -1.24545 2.22461	
3.47	0.547165 4.90278 0.946417	
3.48	4.22085 -5.34301 1.04789	
3.49	2.93993 -0.471357 -0.319205	
3.5	2.21101 0.169841 -0.309026	
3.51	1.65578 -0.831823 -0.0469798	
3.52	0.506584 -1.04794 1.01478	
3.53	0.0479898 -0.584402 0.774562	
3.54	-0.319327 -0.209778 0.576816	
3.55	-0.667219 0.145674 0.40517	
3.56	-7.3703 -0.292909 33.1946	
3.57	-6.72085 0.0751663 32.0987	
3.58	-1.94801 -3.12718 18.5285	
3.59	-0.957225 -1.97071 14.3571	
3.6	-0.761686 -1.53881 13.9282	
3.61	-0.614025 -1.20347 13.4761	
3.62	-0.475865 -0.887365 13.0353	
3.63	-0.281934 -0.567529 12.1048	
3.64	0.242721 0.161284 7.31247	
3.65	0.242248 0.249675 7.044	
3.66	0.239761 0.330194 6.7814	
3.67	0.236357 0.395209 6.52637	
3.68	0.233626 0.49986 6.28184	
3.69	0.230169 0.575499 6.0445	
3.7	0.222864 0.629226 5.80816	
3.71	0.2338 0.705865 5.64344	
3.72	0.336764 0.420618 6.17913	
3.73	0.0241032 0.904138 4.65506	
3.74	0.0150803 0.947804 4.4792	
3.75	0.00696075 0.97883 4.30649	
3.76	0.0101873 1.01386 4.16869	
3.77	-0.115926 0.476737 4.0738	
3.78	-0.112051 0.521654 3.92435	
3.79	5.92301 4.26209 3.21769	
3.8	2.38957 1.8456 0.382327	
3.81	3.03079 0.958665 11.6672	
3.82	2.35205 0.936341 6.97525	
3.83	1.70333 1.36532 16.229	
3.84	0.0926071 -0.35082 11.4859	
3.85	-0.498737 0.210613 11.6281	
3.86	-1.60069 -0.461075 9.70484	
3.87	-2.71278 -0.428177 10.2676	
3.88	-3.85215 -0.475996 7.26154	
3.89	-4.89183 0.941777 10.3316	
3.9	-4.91824 0.104888 10.6115	
3.91	-4.18145 -1.07081 12.277	
3.92	-4.48824 -0.44071 13.2512	
3.93	-3.96339 -0.882103 13.3439	
3.94	-3.65672 -0.783427 12.7301	
3.95	-3.13978 -0.85933 13.935	
3.96	-2.70281 -0.895364 14.3095	
3.97	-3.1028 0.463697 12.1696	
3.98	-2.54346 -0.986037 12.1887	
3.99	-1.72582 0.523197 11.8972	
4	-3.50779 1.36982 11.7405	
4.01	-2.15551 0.496518 8.99559	
4.02	-2.1268 0.392324 8.6493	
4.03	-2.19884 -0.068091 7.37104	
4.04	-2.46972 -0.88929 5.5345	
4.05	-2.38997 -0.868632 5.30682	
4.06	-2.28724 -0.812976 5.0899	
4.07	-2.21075 -0.789326 4.87509	
4.08	-1.41576 -3.39298 -5.66232	
4.09	-1.12746 -1.6508 4.92336	
4.1	-0.550272 -3.24099 -6.10447	
4.11	-1.04986 -2.98901 -4.07146	
4.12	-1.37835 -3.8091 -5.52964	
4.13	-1.78564 -1.94309 -1.02464	
4.14	-1.69925 -1.81599 -1.02059	
4.15	-0.828783 -1.48146 2.63436	
4.16	-0.77313 -1.28901 2.5833	
4.17	-0.719424 -1.10313 2.53427	
4.18	-1.03455 -0.0680726 5.99499	
4.19	-0.277161 2.2745 23.6473	
4.2	-0.122979 1.07205 16.784	
4.21	11.4618 -4.25294 19.1678	
4.22	12.8786 2.25749 34.0156	
4.23	19.4443 9.69256 39.9078	
4.24	11.0071 -6.54142 11.7384	
4.25	6.03793 -7.0312 -17.7965	
4.26	-3.3328 -1.00796 3.50917	
4.27	1.347 -5.8621 -1.82966	
4.28	-0.646643 -3.34944 -4.76622	
4.29	4.81104 -6.5908 -1.83121	
4.3	0.0273887 -1.52773 -0.471763	
4.31	-6.92201 1.87754 -1.38651	
4.32	-3.79275 7.01736 -2.21875	
4.33	-6.51969 11.5859 2.9368	
4.34	1.30389 3.59172 -0.309186	
4.35	4.94552 1.64626 -0.511601	
4.36	-0.166811 2.41843 2.25176	
4.37	-3.32099 0.841204 1.85669	
4.38	-3.15754 0.820241 2.00983	
4.39	35.0468 3.44883 9.56339	
4.4	-17.8234 -3.60891 -0.459334	
4.41	-12.535 -0.257131 -4.6834	
4.42	3.20516 -2.1958 2.50976	
4.43	2.20838 -1.68697 2.60629	
4.44	1.19966 -1.11784 2.77713	
4.45	4.67945 -7.0908 3.40904	
4.46	-8.26141 1.35681 -1.18091	
4.47	-8.5764 1.80442 -0.847533	
4.48	-13.4546 2.24379 -2.31785	
4.49	-17.0274 3.30854 -2.64535	
4.5	-20.1257 0.5501 -2.14348	
4.51	-17.1529 -5.55553 1.88884	
4.52	-10.6653 -7.84948 14.3819	
4.53	-18.019 -5.86882 9.31697	
4.54	-17.7974 -5.1634 9.1881	
4.55	-19.637 -4.82039 7.42754	
4.56	-25.3308 -13.0208 0.666721	
4.57	-7.54516 -8.75777 -3.18862	
4.58	-5.65056 -1.5042 -1.98783	
4.59	-5.11744 4.42006 3.39864	
4.6	-13.5092 9.18728 3.91306	
4.61	-8.96723 0.0255463 20.157	
4.62	-8.64641 0.148804 19.6069	
4.63	-11.5907 -2.5743 15.0075	
4.64	-11.2979 -2.3756 14.5208	
4.65	-10.3144 -15.9738 1.82955	
4.66	-10.4191 -3.43859 5.78631	
4.67	-1.22335 -7.23088 7.18327	
4.68	0.494887 -3.66764 9.3925	
4.69	0.400889 -3.4698 9.10242	
4.7	0.356674 -3.28938 8.84413	
4.71	0.414932 -3.17169 8.56713	
4.72	0.507864 -3.06384 8.32263	
4.73	0.519511 -2.97656 7.97714	
4.74	0.894783 -2.33252 8.10175	
4.75	0.885469 -2.28879 7.71907	
4.76	0.949097 -2.29293 7.3128	
4.77	0.947009 -2.23389 7.00358	
4.78	0.928848 -2.19047 6.6618	
4.79	0.936569 -2.11515 6.42802	
4.8	0.943149 -2.07177 6.13797	
4.81	0.896191 -2.01097 5.85311	
4.82	0.916505 -1.98225 5.57088	
4.83	0.874267 -1.91681 5.32721	
4.84	0.849962 -1.85981 5.09354	
4.85	4.5989 3.34649 34.5649	
4.86	4.53424 3.19985 33.1595	
4.87	4.35978 3.08176 31.9318	
4.88	4.16689 2.9601 30.7247	
4.89	4.06399 2.84266 29.5357	
4.9	3.96585 2.73138 28.397	
4.91	3.8076 2.62083 27.3057	
4.92	3.69759 2.51816 26.2567	
4.93	6.31325 2.96962 32.4355	
4.94	6.18192 2.85801 31.1559	
4.95	6.93318 2.44199 31.5636	
4.96	7.60184 2.69729 32.5443	
4.97	7.81098 2.48405 32.0884	
4.98	7.59791 2.39083 30.8185	
4.99	7.17974 2.28951 29.714	
5	6.86487 2.19185 28.5678	
5.01	-6.56034 -6.32051 15.3868	
5.02	-11.1767 -7.38177 10.5663	
5.03	-10.7681 -7.12321 10.1528	
5.04	-10.3783 -6.87104 9.7517	
5.05	-10.6258 -6.77173 8.82909	
5.06	-10.9788 -6.74392 7.82519	
5.07	-10.5069 -6.68374 7.46109	
5.08	-10.0284 -6.68037 7.09606	
5.09	-9.52534 -6.74918 6.7459	
5.1	3.61432 -7.40043 9.39883	
5.11	3.18519 -3.47573 -1.72472	
5.12	4.48449 -1.16541 -0.299571	
5.13	4.53368 -1.27279 -0.862977	
5.14	6.11329 -0.655207 -0.62589	
5.15	6.03212 -0.772597 -1.20742	
5.16	-14.0811 -2.62596 1.5513	
5.17	-13.941 -1.2495 -0.0950989	
5.18	10.6185 0.209368 -2.59628	
5.19	27.3199 -0.686334 -8.33275	
5.2	27.6064 6.34199 -7.81864	
5.21	2.5356 17.7757 10.796	
5.22	7.69538 4.83881 2.17968	
5.23	-0.99687 10.7045 11.3904	
5.24	-3.31092 -10.17 -10.3842	
5.25	16.1897 -19.6926 13.2573	
5.26	20.6341 -18.7549 6.303	
5.27	18.9165 -17.2889 4.11856	
5.28	16.9769 -15.7145 2.84272	
5.29	10.845 -11.7632 9.95679	
5.3	10.1381 -15.0019 -1.45431	
5.31	10.5811 -15.341 -3.30417	
5.32	-7.75417 4.84297 9.70036	
5.33	-3.46503 5.29607 4.92968	
5.34	0.44555 8.3615 -6.12764	
5.35	6.13623 9.6538 3.68376	
5.36	-0.174521 0.493148 -3.02885	
5.37	8.34755 1.28993 -3.32235	
5.38	-9.1322 0.251351 3.51178	
5.39	-7.8872 0.468349 3.3831	
5.4	-7.78685 0.425397 3.26393	
5.41	-6.03779 0.544046 2.85214	
5.42	2.33585 0.444203 3.48405	
5.43	7.83709 -1.13762 16.3231	
5.44	12.5815 -2.66877 28.1324	
5.45	18.6452 -4.09474 29.4351	
5.46	21.7441 -4.75133 25.121	
5.47	-4.17298 -1.81003 4.41155	
5.48	-2.51716 -1.99774 1.72273	
5.49	-26.7515 7.73392 -7.02819	
5.5	-19.2883 5.43715 -4.6698	
5.51	-18.5884 5.24355 -4.51029	
5.52	-17.929 4.73909 -4.21091	
5.53	-20.1793 2.06698 -3.51885	
