# Gnuplot File : velocities of 1 particle(s) Monitored
# 1st Column : time, others : particle(s) number 0 
0.01	0 0 -0.019274	
0.02	-1.03939 -0.134154 -0.340454	
0.03	-11.6158 -0.331464 2.98635	
0.04	-11.5501 -0.492899 1.98143	
0.05	-31.2297 1.03941 0.296086	
0.06	-27.1881 0.510805 2.03028	
0.07	-26.3745 0.606929 2.20933	
0.08	-25.8372 0.884051 2.81901	
0.09	-25.3112 1.1839 3.48341	
0.1	-24.7442 1.56277 4.33376	
0.11	-23.9774 1.64998 4.49725	
0.12	-23.0372 1.46069 4.00981	
0.13	-22.0228 1.1935 3.33927	
0.14	-20.4923 0.574144 1.83454	
0.15	-18.3013 -0.185162 -0.00856959	
0.16	-15.62 -0.787511 -1.49028	
0.17	-13.2671 -1.11756 -2.3265	
0.18	-11.4871 -1.34206 -2.90475	
0.19	-10.3198 -1.47517 -3.25768	
0.2	-9.67082 -1.53464 -3.42851	
0.21	-9.2671 -1.50458 -3.38439	
0.22	-8.90432 -1.45701 -3.29779	
0.23	-8.56389 -1.40631 -3.20277	
0.24	-8.23953 -1.35718 -3.11052	
0.25	-7.91671 -1.30629 -3.01345	
0.26	-7.63199 -1.2646 -2.93674	
0.27	-7.38403 -1.21895 -2.84953	
0.28	-7.33106 -1.14775 -2.69858	
0.29	-7.44154 -1.04107 -2.46114	
0.3	-7.52214 -0.937073 -2.22993	
0.31	-7.68745 -0.796069 -1.90994	
0.32	-7.68636 -0.683092 -1.65797	
0.33	-7.53295 -0.614421 -1.51201	
0.34	-7.34903 -0.558427 -1.39584	
0.35	-7.15168 -0.515868 -1.31099	
0.36	-6.95761 -0.48232 -1.24681	
0.37	-6.77661 -0.449406 -1.18349	
0.38	-6.56503 -0.415494 -1.11793	
0.39	-6.34153 -0.389866 -1.07162	
0.4	-6.10002 -0.370478 -1.03989	
0.41	-5.86606 -0.355795 -1.01872	
0.42	-5.6114 -0.349342 -1.01687	
0.43	-5.3795 -0.347508 -1.02516	
0.44	-5.01727 -0.381087 -1.11838	
0.45	-4.5965 -0.428611 -1.24499	
0.46	-4.25343 -0.456111 -1.32303	
0.47	-3.93278 -0.476883 -1.38462	
0.48	-3.60986 -0.492837 -1.43467	
0.49	-3.37507 -0.491097 -1.44147	
0.5	-3.19643 -0.486896 -1.44132	
0.51	-3.06976 -0.476111 -1.42462	
0.52	-2.96285 -0.458712 -1.39183	
0.53	-2.85685 -0.440479 -1.35685	
0.54	-2.75896 -0.423875 -1.32533	
0.55	-2.67473 -0.405436 -1.28907	
0.56	-2.60206 -0.386348 -1.25089	
0.57	-2.53367 -0.365782 -1.20898	
0.58	-2.4624 -0.345424 -1.16741	
0.59	-2.37375 -0.327133 -1.13079	
0.6	-2.29744 -0.312321 -1.10196	
0.61	-2.22199 -0.297391 -1.07267	
0.62	-2.14273 -0.285669 -1.05081	
0.63	-2.07628 -0.273663 -1.02791	
0.64	-2.00391 -0.262605 -1.00718	
0.65	-1.93663 -0.252177 -0.987705	
0.66	-1.86373 -0.242711 -0.970436	
0.67	-1.79794 -0.233555 -0.95364	
0.68	-1.73197 -0.224936 -0.93798	
0.69	-1.6692 -0.216847 -0.923382	
0.7	-1.60538 -0.209969 -0.911523	
0.71	-1.53451 -0.20504 -0.904235	
0.72	-1.46205 -0.200613 -0.89804	
0.73	-1.40008 -0.194917 -0.888585	
0.74	-1.35243 -0.187545 -0.874854	
0.75	-1.3036 -0.180634 -0.862125	
0.76	-1.25247 -0.174804 -0.851874	
0.77	-1.20601 -0.168706 -0.840821	
0.78	-1.16469 -0.16255 -0.829458	
0.79	-1.12542 -0.156601 -0.818462	
0.8	-1.08738 -0.150583 -0.807197	
0.81	-1.04838 -0.145067 -0.797045	
0.82	-1.01025 -0.139261 -0.78612	
0.83	-0.972787 -0.13411 -0.776646	
0.84	-0.938975 -0.129141 -0.767466	
0.85	-0.904079 -0.124444 -0.758874	
0.86	-0.869278 -0.120019 -0.750851	
0.87	-0.838264 -0.116265 -0.744276	
0.88	-0.80642 -0.112302 -0.73716	
0.89	-0.775468 -0.108147 -0.729517	
0.9	-0.74812 -0.104046 -0.721886	
0.91	-0.718915 -0.100684 -0.715963	
0.92	-0.691328 -0.0971634 -0.709588	
0.93	-0.664678 -0.0936797 -0.703231	
0.94	-0.63547 -0.0905417 -0.697677	
0.95	-0.607312 -0.08767 -0.692683	
0.96	-0.579646 -0.0859398 -0.690314	
0.97	-0.545046 -0.0849869 -0.689837	
0.98	-0.511443 -0.0838878 -0.688958	
0.99	-0.476439 -0.0833667 -0.689416	
1	-0.444722 -0.0822879 -0.688472	
1.01	-0.414445 -0.0811548 -0.687337	
1.02	-0.390694 -0.0792792 -0.684316	
1.03	-0.367674 -0.0773693 -0.681166	
1.04	-0.350215 -0.0749975 -0.676806	
1.05	-0.329825 -0.0731344 -0.673655	
1.06	-0.311538 -0.0710645 -0.669951	
1.07	-0.297382 -0.0688227 -0.665746	
1.08	-0.285652 -0.0665031 -0.661288	
1.09	-0.274513 -0.0640582 -0.656498	
1.1	-0.264473 -0.0616739 -0.651804	
1.11	-0.25484 -0.059382 -0.647294	
1.12	-0.244542 -0.0573617 -0.643406	
1.13	-0.234573 -0.0553511 -0.639511	
1.14	-0.225078 -0.0534821 -0.635916	
1.15	-0.216215 -0.0515772 -0.632203	
1.16	-0.206531 -0.0497879 -0.628753	
1.17	-0.198033 -0.0480882 -0.625473	
1.18	-0.190687 -0.0463475 -0.622057	
1.19	-0.183226 -0.0446996 -0.61884	
1.2	-0.176429 -0.0430894 -0.615682	
1.21	-0.169567 -0.0415744 -0.61273	
1.22	-0.163045 -0.0401113 -0.609876	
1.23	-0.156513 -0.0387323 -0.607203	
1.24	-0.150919 -0.0373594 -0.604512	
1.25	-0.145297 -0.0360112 -0.601864	
1.26	-0.139994 -0.0346851 -0.599246	
1.27	-0.134832 -0.033429 -0.596776	
1.28	-0.129614 -0.0322456 -0.594463	
1.29	-0.1248 -0.0310876 -0.59219	
1.3	-0.120152 -0.029977 -0.590012	
1.31	-0.113623 -0.0290411 -0.588261	
1.32	-0.106713 -0.0281846 -0.586691	
1.33	-0.100581 -0.0273365 -0.585116	
1.34	-0.0951186 -0.0264831 -0.583507	
1.35	-0.0896238 -0.0256301 -0.581887	
1.36	-0.0847977 -0.0248027 -0.580307	
1.37	-0.0794675 -0.0240139 -0.578814	
1.38	-0.0744489 -0.023243 -0.577349	
1.39	-0.0703067 -0.0224923 -0.575907	
1.4	-0.0663233 -0.0217478 -0.574469	
1.41	-0.0622792 -0.0210098 -0.573037	
1.42	-0.0591392 -0.0202846 -0.571612	
1.43	-0.0567203 -0.0195786 -0.570213	
1.44	-0.0544958 -0.018911 -0.568892	
1.45	-0.052169 -0.0182473 -0.567575	
1.46	-0.0489912 -0.0175797 -0.566255	
1.47	-0.0467234 -0.0169601 -0.565026	
1.48	-0.045033 -0.0163598 -0.563826	
1.49	-0.0432163 -0.0157802 -0.56267	
1.5	-0.0415129 -0.0152005 -0.561505	
1.51	-0.0398658 -0.0146447 -0.56039	
1.52	-0.03839 -0.0141305 -0.559363	
1.53	-0.0370161 -0.0136323 -0.558367	
1.54	-0.0356835 -0.0131441 -0.557388	
1.55	-0.0342676 -0.0126728 -0.556445	
1.56	-0.0329593 -0.0122013 -0.555494	
1.57	-0.0316997 -0.0117579 -0.554604	
1.58	-0.0305136 -0.0113345 -0.553755	
1.59	-0.0293436 -0.0109275 -0.552939	
1.6	-0.0282194 -0.010535 -0.552153	
1.61	-0.027109 -0.0101503 -0.55138	
1.62	-0.0260629 -0.0097796 -0.550635	
1.63	-0.0250688 -0.00942715 -0.549928	
1.64	-0.0240974 -0.00908282 -0.549236	
1.65	-0.0230995 -0.00875462 -0.548578	
1.66	-0.0221867 -0.00843426 -0.547935	
1.67	-0.0213323 -0.00812601 -0.547315	
1.68	-0.0205302 -0.00783366 -0.546728	
1.69	-0.0197703 -0.00755321 -0.546166	
1.7	-0.0190235 -0.00727787 -0.545612	
1.71	-0.0183016 -0.00701255 -0.545078	
1.72	-0.0176215 -0.00676031 -0.544572	
1.73	-0.0169159 -0.00651298 -0.544075	
1.74	-0.0163408 -0.00627651 -0.543599	
1.75	-0.0157369 -0.00604872 -0.543141	
1.76	-0.0151447 -0.00583112 -0.542704	
1.77	-0.0145914 -0.0056153 -0.542269	
1.78	-0.0140318 -0.00540938 -0.541854	
1.79	-0.0135042 -0.00521134 -0.541455	
1.8	-0.0129692 -0.00502364 -0.541079	
1.81	-0.0124849 -0.00484082 -0.540711	
1.82	-0.0120203 -0.00466708 -0.540363	
1.83	-0.0115669 -0.00449643 -0.540019	
1.84	-0.0111674 -0.00433261 -0.539689	
1.85	-0.0107535 -0.00417724 -0.539377	
1.86	-0.0103086 -0.00402458 -0.539071	
1.87	-0.0099094 -0.00387934 -0.538779	
1.88	-0.00952476 -0.00373787 -0.538495	
1.89	-0.00916461 -0.00360219 -0.538222	
1.9	-0.00882678 -0.00347143 -0.537959	
1.91	-0.0085038 -0.00334617 -0.537707	
1.92	-0.00819445 -0.00322558 -0.537465	
1.93	-0.0078945 -0.00310939 -0.537231	
1.94	-0.00759986 -0.00299575 -0.537003	
1.95	-0.00732418 -0.00288932 -0.536789	
1.96	-0.00703831 -0.00278508 -0.53658	
1.97	-0.00699769 -0.00278271 -0.536575	
1.98	-0.00695386 -0.00278075 -0.536571	
1.99	-0.00692591 -0.00278121 -0.536573	
2	-0.00691135 -0.00278355 -0.536578	
2.01	-0.00690969 -0.00278769 -0.536588	
2.02	-0.00690194 -0.00279051 -0.536595	
2.03	-0.00690642 -0.00279481 -0.536605	
2.04	-0.0069535 -0.00280465 -0.536627	
2.05	-0.00702914 -0.00281664 -0.536654	
2.06	-0.00706632 -0.0028222 -0.536667	
2.07	-0.00708398 -0.00282507 -0.536673	
2.08	-0.00709095 -0.00282609 -0.536675	
2.09	-0.00710128 -0.00282745 -0.536678	
2.1	-0.00710813 -0.00282849 -0.536681	
2.11	-0.00711061 -0.00282884 -0.536681	
2.12	-0.00712222 -0.00283016 -0.536684	
2.13	-0.00714567 -0.00283078 -0.536685	
2.14	-0.00718532 -0.00283343 -0.536691	
2.15	-0.00721686 -0.00283469 -0.536693	
2.16	-0.00721228 -0.00283367 -0.536691	
2.17	-0.00721049 -0.00283088 -0.536685	
2.18	-0.00718824 -0.00282768 -0.536677	
2.19	-0.00715842 -0.00282323 -0.536667	
2.2	-0.00715731 -0.00282322 -0.536667	
2.21	-0.00717172 -0.00282265 -0.536666	
2.22	-0.00718673 -0.002822 -0.536664	
2.23	-0.0071983 -0.00282095 -0.536661	
2.24	-0.00720616 -0.00282198 -0.536664	
2.25	-0.00721887 -0.00282128 -0.536662	
2.26	-0.00721545 -0.00282114 -0.536662	
2.27	0.494619 -9.30934e-05 -1.22271	
2.28	0.593125 7.59322e-05 -1.26322	
2.29	0.840421 0.00198353 -2.06974	
2.3	0.704346 0.00327821 -2.82012	
2.31	0.254428 0.205295 0.307877	
2.32	0.340466 0.0203579 10.1291	
2.33	0.073621 -0.0908118 12.5617	
2.34	-0.0138626 -0.229521 17.7629	
2.35	-0.0358579 -0.194978 16.4451	
2.36	0.0216583 0.0100317 32.4398	
2.37	0.04445 0.0522476 31.247	
2.38	0.0506743 0.0645872 30.0872	
2.39	0.0583565 0.0795488 28.9672	
2.4	0.0832857 0.116335 27.8231	
2.41	0.0237908 0.253092 26.4505	
2.42	0.0328861 0.369698 25.4428	
2.43	0.0505225 0.594481 24.445	
2.44	-0.415868 14.0968 19.1983	
2.45	-0.506234 13.6064 18.5331	
2.46	-0.489921 13.0215 17.8717	
2.47	-0.389693 12.2944 17.241	
2.48	-0.240967 11.4668 16.6456	
2.49	-0.102925 10.5711 16.1065	
2.5	0.376724 -0.1795 -12.5159	
2.51	-14.3883 1.29589 7.0597	
2.52	-13.0014 1.75058 6.90474	
2.53	-3.87288 1.05663 3.06428	
2.54	1.27529 1.21164 6.38397	
2.55	-3.39297 0.889662 6.70504	
2.56	-17.3714 3.4315 7.88458	
2.57	-16.6285 3.11 8.51935	
2.58	-16.4765 2.47786 9.74653	
2.59	-15.3939 2.19973 10.4389	
2.6	-13.1821 1.13429 5.76707	
2.61	-32.613 5.8242 4.29264	
2.62	-22.1916 6.42284 -1.00237	
2.63	-30.9489 30.3505 -0.0512436	
2.64	-2.03129 0.47966 -17.7334	
2.65	-22.4649 -22.3918 0.910546	
2.66	22.3755 -27.8624 48.1755	
2.67	22.7914 -26.6274 46.5702	
2.68	22.4298 -25.5871 44.9312	
2.69	21.6845 -24.7274 43.3573	
2.7	21.5981 -23.6961 41.852	
2.71	21.1878 -22.7289 40.3309	
2.72	20.5167 -21.8823 38.8576	
2.73	19.7149 -21.1113 37.4309	
2.74	19.066 -20.3344 36.0631	
2.75	18.3878 -19.5921 34.7352	
2.76	17.8412 -18.8756 33.4848	
2.77	17.2134 -18.2122 32.2736	
2.78	16.7672 -17.5168 31.105	
2.79	17.286 -16.6943 30.1213	
2.8	18.0505 -15.6618 29.0505	
2.81	17.974 -14.8519 27.9413	
2.82	18.0459 -13.9486 26.8123	
2.83	17.8099 -13.1325 25.683	
2.84	17.8398 -12.0829 24.4505	
2.85	17.8691 -10.968 23.1777	
2.86	17.4178 -10.1972 22.0658	
2.87	16.7668 -9.61046 21.0618	
2.88	15.9334 -9.20994 20.1719	
2.89	16.4546 -6.60548 24.406	
2.9	15.7791 -6.34995 23.4354	
2.91	15.1934 -6.10367 22.5351	
2.92	14.6782 -5.86989 21.6991	
2.93	14.2161 -5.62406 20.8814	
2.94	13.7439 -5.39878 20.0963	
2.95	13.2621 -5.16843 19.3056	
2.96	12.8459 -4.94691 18.5701	
2.97	12.4645 -4.73435 17.8733	
2.98	12.0519 -4.53597 17.1872	
2.99	11.5658 -4.4232 16.595	
3	11.024 -4.37759 16.0788	
3.01	10.3317 -4.47735 15.7036	
3.02	9.60022 -4.54458 15.2645	
3.03	9.01265 -4.52046 14.7723	
3.04	8.44528 -4.51973 14.3307	
3.05	8.02351 -4.44217 13.858	
3.06	7.68607 -4.31183 13.3568	
3.07	7.39904 -4.16852 12.8681	
3.08	7.13589 -4.01591 12.3827	
3.09	6.8881 -3.85874 11.903	
3.1	6.65811 -3.70709 11.4452	
3.11	6.48014 -3.55062 11.0121	
3.12	6.24246 -3.41701 10.5847	
3.13	6.01418 -3.28648 10.1707	
3.14	5.83147 -3.14778 9.77248	
3.15	5.64971 -3.01685 9.38974	
3.16	5.47481 -2.89196 9.02296	
3.17	5.2836 -2.77733 8.66585	
3.18	5.12506 -2.65909 8.32394	
3.19	4.96611 -2.54119 7.98526	
3.2	4.81042 -2.43363 7.66655	
3.21	4.65898 -2.32719 7.35452	
3.22	4.51753 -2.22336 7.05437	
3.23	4.38042 -2.12355 6.76504	
3.24	4.24176 -2.03313 6.49128	
3.25	4.10621 -1.94945 6.23158	
3.26	3.96525 -1.8705 5.97828	
3.27	3.83631 -1.7932 5.73607	
3.28	3.70999 -1.71898 5.50195	
3.29	3.58863 -1.64897 5.27878	
3.3	3.46912 -1.58224 5.06346	
3.31	3.34505 -1.52072 4.8553	
3.32	3.23946 -1.45032 4.64568	
3.33	3.13009 -1.38351 4.44114	
3.34	3.05008 -1.30915 4.2428	
3.35	2.96368 -1.24764 4.06177	
3.36	2.87169 -1.19365 3.89049	
3.37	2.77685 -1.14457 3.72649	
3.38	2.68539 -1.09922 3.57129	
3.39	2.58551 -1.06265 3.42605	
3.4	2.49157 -1.02787 3.28799	
3.41	2.33943 -1.04568 3.1982	
3.42	2.20965 -1.04213 3.08991	
3.43	2.0802 -1.04095 2.98653	
3.44	1.92308 -1.05987 2.89934	
3.45	1.77827 -1.06749 2.80311	
3.46	1.67361 -1.0518 2.69484	
3.47	1.58944 -1.02597 2.58354	
3.48	1.51923 -0.994067 2.47171	
3.49	1.45757 -0.960699 2.36325	
3.5	1.40026 -0.927551 2.2584	
3.51	1.34647 -0.895226 2.15756	
3.52	1.29662 -0.863259 2.06023	
3.53	1.24741 -0.83301 1.96664	
3.54	1.20171 -0.803134 1.87629	
3.55	1.16404 -0.771072 1.78777	
3.56	1.13304 -0.738276 1.70249	
3.57	1.12772 -0.69276 1.61281	
3.58	1.14707 -0.632444 1.51506	
3.59	1.15917 -0.571934 1.4138	
3.6	1.12735 -0.544263 1.33843	
3.61	1.0722 -0.533942 1.27697	
3.62	1.0175 -0.522818 1.21515	
3.63	0.925255 -0.539336 1.17486	
3.64	0.777865 -0.578077 1.13858	
3.65	0.684211 -0.584498 1.08362	
3.66	0.637785 -0.571026 1.02495	
3.67	0.582877 -0.5616 0.968236	
3.68	0.555017 -0.543048 0.912948	
3.69	0.534399 -0.523643 0.860738	
3.7	0.509567 -0.506462 0.810021	
3.71	0.487401 -0.489376 0.761306	
3.72	0.469572 -0.471682 0.714428	
3.73	-0.10869 -0.691209 -2.5417	
3.74	0.229582 -0.963847 -2.75409	
3.75	0.472217 -1.5356 -2.74817	
3.76	-0.0628747 -0.675766 -3.25	
3.77	15.0786 4.3703 11.1564	
3.78	14.5967 4.28949 10.7693	
3.79	14.0958 4.21501 10.3654	
3.8	20.7322 5.019 22.3098	
3.81	20.014 4.85399 21.53	
3.82	19.248 4.67766 20.7081	
3.83	18.5937 4.51 19.9644	
3.84	18.6557 4.19469 19.3335	
3.85	18.8832 3.57557 29.8036	
3.86	21.5823 3.22145 28.707	
3.87	25.4626 -2.89995 1.12841	
3.88	28.9595 -8.08129 7.46989	
3.89	10.5867 0.402804 -10.4137	
3.9	10.7488 -4.10004 4.99956	
3.91	8.8193 -8.25301 10.7133	
3.92	8.55554 -7.87544 10.2828	
3.93	3.81683 -3.37162 0.840384	
3.94	3.35494 -3.74244 0.80499	
3.95	2.90807 -2.52831 4.48719	
3.96	2.72648 -2.60448 4.24237	
3.97	2.77014 -2.05769 4.04013	
3.98	2.72935 -1.81431 3.88432	
3.99	2.64752 -1.71059 3.73849	
4	-0.824143 -1.97773 -1.3831	
4.01	-0.833745 -1.94984 -1.43878	
4.02	-0.811281 -1.77052 -1.48712	
4.03	-0.730636 -1.52038 -1.41086	
4.04	-0.614054 -1.00919 -1.37649	
4.05	-0.567592 -0.830888 -1.35571	
4.06	-0.437947 -0.394214 -1.24309	
4.07	0.0596449 1.18019 -0.722926	
4.08	1.09086 3.38312 0.947563	
4.09	2.27031 4.49279 3.63227	
4.1	-24.6748 -0.387076 2.51563	
4.11	4.75196 -2.38051 7.2132	
4.12	9.06357 -0.0930142 2.88153	
4.13	-0.370127 0.260532 -0.341471	
4.14	1.16877 -33.0581 2.52059	
4.15	1.59585 -32.1714 3.66899	
4.16	2.36528 -30.6974 6.53671	
4.17	-1.56744 -29.0169 -5.90453	
4.18	-1.85198 -27.14 -6.06908	
4.19	-1.88613 7.77676 5.30416	
4.2	-6.87422 -18.351 8.64097	
4.21	-6.29254 -17.6243 9.0101	
4.22	-6.13538 -15.974 8.65301	
4.23	-23.5859 -2.11411 4.54473	
4.24	-21.7457 -2.80824 6.05747	
4.25	9.36599 -1.85286 1.37871	
4.26	29.5718 10.2108 -23.5936	
4.27	41.351 12.3106 -34.7609	
4.28	31.4476 3.81189 -45.2176	
4.29	40.0242 1.94137 -46.6979	
4.3	38.1722 1.73764 -46.1615	
4.31	36.4251 1.55037 -45.5699	
4.32	33.5974 1.84743 -44.8036	
4.33	32.6859 0.547457 -42.4306	
4.34	26.479 -3.31848 -34.497	
4.35	3.38883 -4.04458 -15.3088	
4.36	3.16468 -3.90858 -15.0472	
4.37	2.9556 -3.77247 -14.7394	
4.38	2.7723 -3.64404 -14.4334	
4.39	2.58835 -3.51621 -14.117	
