# Gnuplot File : velocities of 1 particle(s) Monitored
# 1st Column : time, others : particle(s) number 0 
0.01	0 0 -0.019274	
0.02	-0.211576 0.0540367 0.0508283	
0.03	7.00876 12.0274 1.24772	
0.04	5.3633 13.9636 3.5646	
0.05	5.14992 13.4404 3.37635	
0.06	4.96859 12.9559 3.24761	
0.07	4.78031 12.4766 3.09531	
0.08	4.60143 12.0185 2.95277	
0.09	4.42592 11.575 2.80823	
0.1	4.19803 11.0986 2.54251	
0.11	-3.48362 0.465838 11.2928	
0.12	3.91869 -2.77726 0.351618	
0.13	4.38521 -3.20844 0.254238	
0.14	-2.04604 -1.68681 12.8783	
0.15	-1.61043 -1.60586 12.6538	
0.16	-1.25356 -1.55147 12.463	
0.17	-0.840143 -1.49004 12.3111	
0.18	-0.453434 -1.39149 12.0152	
0.19	-0.224154 -1.32189 11.6879	
0.2	-0.181741 -1.29157 11.3381	
0.21	-0.249994 -1.2853 10.9818	
0.22	-0.331169 -1.27247 10.6004	
0.23	-0.440358 -1.26101 10.2075	
0.24	-0.550976 -1.24356 9.80139	
0.25	-0.707815 -1.22302 9.35073	
0.26	-0.899627 -1.20113 8.8717	
0.27	-1.12246 -1.17572 8.35999	
0.28	-1.29757 -1.14877 7.89451	
0.29	-1.42937 -1.11399 7.44883	
0.3	-1.5716 -1.08179 7.00997	
0.31	-1.64555 -1.05082 6.64524	
0.32	-1.68783 -1.01538 6.3006	
0.33	-1.73771 -0.976329 5.94282	
0.34	-1.75104 -0.937826 5.62687	
0.35	-1.74101 -0.899149 5.33784	
0.36	-1.72455 -0.860439 5.06047	
0.37	-1.7017 -0.82166 4.79439	
0.38	-1.66624 -0.788074 4.56365	
0.39	-1.6241 -0.755584 4.34818	
0.4	-1.57208 -0.726591 4.15918	
0.41	-1.51997 -0.699309 3.98117	
0.42	-1.46824 -0.672826 3.81036	
0.43	-1.41929 -0.646648 3.64258	
0.44	-1.37429 -0.621799 3.48024	
0.45	-1.33589 -0.597117 3.31664	
0.46	-1.30274 -0.571788 3.15	
0.47	-1.26807 -0.548575 2.99612	
0.48	-1.22557 -0.527925 2.86226	
0.49	-1.18228 -0.508768 2.738	
0.5	-1.14598 -0.489518 2.61051	
0.51	-1.10362 -0.472595 2.50016	
0.52	-1.06589 -0.455823 2.38934	
0.53	-1.02294 -0.439709 2.28877	
0.54	-0.984102 -0.424504 2.19065	
0.55	-0.94638 -0.409617 2.09553	
0.56	-0.907319 -0.395932 2.00869	
0.57	-0.857489 -0.383825 1.94001	
0.58	-0.811839 -0.371087 1.86787	
0.59	-0.777418 -0.35778 1.78591	
0.6	-0.746463 -0.344605 1.70366	
0.61	-0.717297 -0.331961 1.62397	
0.62	-0.687995 -0.319104 1.5459	
0.63	-0.668329 -0.306227 1.46107	
0.64	-0.651186 -0.293904 1.37796	
0.65	-0.633557 -0.282328 1.29995	
0.66	-0.619065 -0.271474 1.22354	
0.67	-0.599998 -0.261777 1.15729	
0.68	-0.581778 -0.252167 1.09235	
0.69	-0.563721 -0.243241 1.03142	
0.7	-0.54559 -0.235085 0.974942	
0.71	-0.525545 -0.226908 0.921755	
0.72	-0.505173 -0.2188 0.870665	
0.73	-0.486291 -0.210621 0.819452	
0.74	-0.465609 -0.202696 0.772226	
0.75	-0.449093 -0.194653 0.722152	
0.76	-0.434887 -0.187014 0.672718	
0.77	-0.423696 -0.17901 0.620515	
0.78	-0.411623 -0.171193 0.571029	
0.79	-0.398024 -0.163768 0.52552	
0.8	-0.384629 -0.157386 0.484661	
0.81	-0.372257 -0.151886 0.447087	
0.82	-0.359411 -0.146365 0.410946	
0.83	-0.346495 -0.141174 0.377064	
0.84	-0.333868 -0.136392 0.345355	
0.85	-0.320742 -0.131817 0.315796	
0.86	-0.307942 -0.127405 0.287438	
0.87	-0.295923 -0.123161 0.259844	
0.88	-0.284065 -0.118881 0.232835	
0.89	-0.27324 -0.114641 0.205848	
0.9	-0.262285 -0.110754 0.18102	
0.91	-0.281002 -0.0556538 0.918879	
0.92	-0.461603 -0.110244 2.99324	
0.93	-0.292005 -0.0614129 5.45237	
0.94	0.128295 0.0294108 7.26575	
0.95	0.338409 0.0749842 8.38288	
0.96	0.585005 0.129112 8.7804	
0.97	0.190461 0.0408393 9.30037	
0.98	0.0872011 0.0180074 9.35512	
0.99	-0.0475706 -0.0106394 9.55984	
1	-0.198994 -0.0435982 10.2572	
1.01	2.20608 -2.33104 13.897	
1.02	8.10218 -4.04063 30.898	
1.03	13.1803 -5.34226 42.4808	
1.04	17.4871 -5.21745 44.9084	
1.05	17.0535 -4.95788 43.5365	
1.06	16.5341 -4.74112 42.0709	
1.07	15.9375 -4.56773 40.5293	
1.08	15.3726 -4.39672 39.0569	
1.09	14.7957 -4.24369 37.5938	
1.1	28.6849 -11.7522 26.2687	
1.11	18.6983 5.52129 21.1379	
1.12	10.3082 7.4959 12.235	
1.13	8.31309 -7.08713 7.44266	
1.14	6.78909 -2.06995 5.9684	
1.15	6.45696 -1.78093 5.59244	
1.16	1.96865 3.73698 6.3924	
1.17	1.87034 3.638 6.13779	
1.18	1.72575 3.57919 5.91391	
1.19	-0.0635858 6.06963 5.41838	
1.2	-0.0769591 5.84672 5.19548	
1.21	-0.0888582 5.63772 4.9822	
1.22	-0.0931532 5.43982 4.78029	
1.23	1.23746 3.93261 4.47587	
1.24	2.17141 3.63143 3.40048	
1.25	3.59369 5.42033 1.40139	
1.26	7.7773 1.30458 -3.67909	
1.27	5.24261 0.7842 -0.456132	
1.28	2.97878 1.6888 0.691233	
1.29	-1.25532 2.13357 3.97003	
1.3	-1.30215 2.06825 3.82401	
1.31	5.06262 -0.177562 -0.156531	
1.32	1.304 3.34259 3.05072	
1.33	26.6181 4.64002 20.8109	
1.34	17.6647 1.23158 33.5346	
1.35	15.7905 1.16546 30.36	
1.36	14.8869 1.12666 28.7233	
1.37	14.3786 1.04714 27.695	
1.38	13.8829 0.802342 26.6225	
1.39	13.186 0.547262 25.238	
1.4	12.2655 0.370542 23.544	
1.41	11.6763 0.283897 22.4135	
1.42	11.0443 0.216822 21.2305	
1.43	10.3264 0.144269 19.9169	
1.44	9.78689 0.065639 18.8855	
1.45	9.27637 0.0962046 17.952	
1.46	8.88171 0.0700637 17.1807	
1.47	8.57188 0.156777 16.5958	
1.48	8.27538 0.176292 16.0078	
1.49	7.89354 0.228546 15.3053	
1.5	7.58723 0.242401 14.709	
1.51	7.4003 0.243892 14.2986	
1.52	7.102 0.27259 13.7301	
1.53	6.83566 0.307565 13.2183	
1.54	6.50954 0.360917 12.6249	
1.55	6.24495 0.385047 12.1191	
1.56	6.01254 0.403087 11.6647	
1.57	5.80233 0.417009 11.2469	
1.58	5.55625 0.408817 10.7669	
1.59	5.3272 0.404691 10.3185	
1.6	5.11386 0.381662 9.8899	
1.61	4.8839 0.390276 9.45194	
1.62	4.70422 0.379002 9.08706	
1.63	4.52013 0.367863 8.7182	
1.64	4.34282 0.360367 8.36428	
1.65	4.16837 0.355019 8.01842	
1.66	4.03371 0.36199 7.74266	
1.67	3.90723 0.369938 7.48258	
1.68	3.75659 0.370646 7.18399	
1.69	3.61192 0.365781 6.89463	
1.7	3.45274 0.35222 6.58105	
1.71	3.31641 0.343036 6.30724	
1.72	3.16889 0.346204 6.02327	
1.73	3.0301 0.360349 5.75967	
1.74	2.87729 0.374795 5.47616	
1.75	2.3476 2.74679 10.3859	
1.76	1.96026 3.70282 11.7075	
1.77	1.87669 3.83202 11.7497	
1.78	1.81296 3.70512 11.3182	
1.79	1.6487 -0.273505 12.603	
1.8	3.04235 0.128181 9.85805	
1.81	2.67329 -0.900987 13.3949	
1.82	1.17854 0.552192 17.9104	
1.83	2.78132 -1.127 15.7473	
1.84	1.7833 0.153974 20.0751	
1.85	3.08454 -1.61384 18.9563	
1.86	2.46509 -1.34475 21.9492	
1.87	3.66702 -2.59993 19.7449	
1.88	2.80994 -1.68036 22.3445	
1.89	3.98215 -3.09094 19.1475	
1.9	3.93955 -3.01888 21.4184	
1.91	5.76793 -6.55416 13.8602	
1.92	6.23381 -7.12523 13.5316	
1.93	6.27943 -7.157 13.0546	
1.94	6.3869 -7.28281 12.6653	
1.95	6.58325 -7.53135 12.3662	
1.96	6.61754 -7.55448 11.9424	
1.97	4.04628 -3.89917 20.5825	
1.98	4.04982 -3.50915 20.5618	
1.99	4.25618 -3.56018 19.8963	
2	4.46631 -3.6118 19.2037	
2.01	4.75039 -3.70337 18.5701	
2.02	4.97167 -3.76458 17.9355	
2.03	4.98105 -3.72072 17.2676	
2.04	4.9153 -3.64214 16.627	
2.05	4.73247 -3.50713 15.9932	
2.06	4.55543 -3.37751 15.3978	
2.07	4.35643 -3.23743 14.8017	
2.08	3.28896 -2.65385 13.8709	
2.09	1.74969 -1.48103 14.269	
2.1	5.57692 -2.49812 4.22618	
2.11	2.72844 -2.21449 10.9918	
2.12	2.6006 -2.1065 10.5556	
2.13	2.47663 -2.00446 10.1437	
2.14	2.24753 -1.81829 9.73449	
2.15	4.48491 -3.34383 5.92337	
2.16	0.275828 1.68319 15.335	
2.17	2.37598 -0.761646 10.8643	
2.18	0.778443 1.40509 15.3301	
2.19	5.69116 -3.21724 8.02086	
2.2	4.78781 -1.11042 18.0755	
2.21	6.31711 -6.05488 12.1116	
2.22	4.97987 -3.64035 19.9815	
2.23	6.57422 -4.5568 11.5104	
2.24	5.94566 -4.13633 19.6607	
2.25	7.45291 -6.67809 16.1795	
2.26	6.5178 -5.8755 17.17	
2.27	7.0308 -6.85847 15.2918	
2.28	6.49678 -6.26446 16.5905	
2.29	6.92619 -7.13046 15.0055	
2.3	6.97853 -6.56516 15.1968	
2.31	6.8523 -6.31329 15.1739	
2.32	6.94005 -6.59663 15.6274	
2.33	6.29962 -5.66625 17.7154	
2.34	7.04462 -6.5794 15.247	
2.35	5.99264 -5.26076 17.3756	
2.36	6.76011 -6.22141 15.0187	
2.37	7.11242 -6.10117 15.485	
2.38	7.35176 -6.31933 15.0978	
2.39	7.77974 -6.71011 14.8132	
2.4	7.99383 -6.911 14.4607	
2.41	8.00127 -6.91654 14.0203	
2.42	8.21594 -7.12092 13.7063	
2.43	8.6677 -7.47486 13.3877	
2.44	8.92469 -7.64483 12.9857	
2.45	8.39162 -5.6641 18.4851	
2.46	8.41696 -5.57579 17.8061	
2.47	8.34634 -5.4604 17.1617	
2.48	8.34161 -5.37781 16.5656	
2.49	8.46305 -5.33569 15.9681	
2.5	8.29054 -5.17952 15.3349	
2.51	7.98959 -4.98816 14.7465	
2.52	7.69559 -4.80526 14.1902	
2.53	7.39485 -4.62458 13.6602	
2.54	7.10648 -4.45089 13.1492	
2.55	6.81717 -4.27931 12.6557	
2.56	6.5525 -4.11894 12.1805	
2.57	6.26836 -3.95155 11.7122	
2.58	5.61192 -3.6409 11.1978	
2.59	4.39755 -3.11491 10.6079	
2.6	3.45584 -2.69281 10.0606	
2.61	2.95462 -2.44756 9.61106	
2.62	4.94894 -4.37418 3.7873	
2.63	4.75052 -4.18512 3.62253	
2.64	3.38825 -2.5752 7.18574	
2.65	6.14467 -5.59167 0.88071	
2.66	3.06995 -3.09948 10.7592	
2.67	2.79073 -2.96809 10.3179	
2.68	2.68792 -2.85237 9.90503	
2.69	2.5578 -2.75691 9.54841	
2.7	2.58615 -2.65205 9.16084	
2.71	2.49618 -2.55345 8.80306	
2.72	2.40088 -2.45588 8.45289	
2.73	2.30625 -2.35909 8.10899	
2.74	2.2149 -2.26784 7.78248	
2.75	2.09583 -2.1789 7.46799	
2.76	1.99573 -2.0973 7.17362	
2.77	1.92128 -2.02019 6.89176	
2.78	1.85608 -1.94717 6.62269	
2.79	1.7882 -1.87702 6.36433	
2.8	1.71353 -1.8071 6.11056	
2.81	1.61242 -1.73489 5.8568	
2.82	1.53098 -1.66917 5.62025	
2.83	1.44993 -1.60596 5.39278	
2.84	1.37833 -1.54412 5.17082	
2.85	1.29005 -1.48603 4.96214	
2.86	1.19159 -1.43113 4.76476	
2.87	1.09373 -1.38009 4.57933	
2.88	1.03297 -1.33048 4.39676	
2.89	0.989699 -1.28199 4.2179	
2.9	0.951957 -1.23519 4.04503	
2.91	0.914584 -1.18993 3.87814	
2.92	0.876908 -1.14639 3.71763	
2.93	0.844307 -1.10435 3.56244	
2.94	0.808364 -1.06322 3.41179	
2.95	0.77767 -1.02505 3.26982	
2.96	0.798543 -0.441444 7.04223	
2.97	0.779661 -0.406799 7.02438	
2.98	0.755558 -0.391361 6.7523	
2.99	0.728507 -0.37718 6.48862	
3	0.698806 -0.364075 6.2325	
3.01	0.66331 -0.352793 5.98356	
3.02	0.594065 -0.348449 5.73085	
3.03	0.526688 -0.344295 5.48656	
3.04	0.489136 -0.335209 5.26126	
3.05	0.431986 -0.330192 5.0355	
3.06	0.391605 -0.322637 4.82342	
3.07	0.356041 -0.31471 4.62013	
3.08	0.329361 -0.305703 4.42727	
3.09	0.307851 -0.296282 4.24319	
3.1	0.293615 -0.286066 4.06859	
3.11	0.280843 -0.276052 3.90072	
3.12	0.280321 -0.280433 4.52599	
3.13	0.272635 -0.268518 4.72221	
3.14	0.261911 -0.259021 4.53124	
3.15	0.248605 -0.250986 4.4567	
3.16	0.240468 -0.242362 4.65315	
3.17	0.235486 -0.230545 5.28184	
3.18	0.22918 -0.219613 5.65585	
3.19	0.226015 -0.205031 6.1962	
3.2	0.219328 -0.197175 6.4051	
3.21	0.209864 -0.191933 6.27573	
3.22	0.241837 -0.216533 6.37105	
3.23	0.391437 -0.171251 6.90515	
3.24	0.377461 -0.142388 6.77169	
3.25	0.445104 -0.00264713 7.2026	
3.26	0.357799 -0.005006 7.37834	
3.27	-0.236422 0.177241 10.5334	
3.28	2.60672 -4.36679 11.1098	
3.29	7.7093 -2.05784 30.6744	
3.3	7.34936 -1.97139 29.5304	
3.31	6.91837 -1.87284 28.38	
3.32	3.79764 -0.114556 31.2699	
3.33	6.42504 -7.12637 26.7166	
3.34	3.16791 5.70776 21.502	
3.35	5.37932 1.92576 17.6217	
3.36	5.09333 1.91371 16.9541	
3.37	7.69255 -6.18249 11.6994	
3.38	6.61106 -8.23067 13.4944	
3.39	6.32081 -9.74325 13.2708	
3.4	0.0457588 0.310617 9.38245	
3.41	5.37836 1.71131 5.76228	
3.42	5.18151 1.63309 5.49085	
3.43	3.46432 1.06404 8.9165	
3.44	3.33509 1.02795 8.57841	
3.45	3.21897 0.996243 8.27079	
3.46	3.09584 0.961741 7.95056	
3.47	2.97961 0.928379 7.64396	
3.48	2.86615 0.895911 7.34604	
3.49	2.75657 0.864527 7.0584	
3.5	2.65207 0.834435 6.78278	
3.51	2.55109 0.805141 6.51594	
3.52	2.45479 0.777053 6.26023	
3.53	2.36569 0.750499 6.01909	
3.54	2.27596 0.724464 5.78149	
3.55	2.19055 0.699127 5.55275	
3.56	2.11167 0.674962 5.33648	
3.57	2.0253 0.651674 5.11795	
3.58	1.951 0.626963 4.9087	
3.59	1.87326 0.603929 4.70359	
3.6	1.80131 0.582169 4.51026	
3.61	1.53012 0.495626 6.95963	
3.62	1.43729 1.10602 9.09884	
3.63	1.32588 1.30886 9.71881	
3.64	1.30487 1.26686 9.37935	
3.65	1.27266 1.24409 9.54046	
3.66	1.21096 1.23943 9.38319	
3.67	1.16878 1.20895 9.18216	
3.68	1.12828 1.18026 9.12258	
3.69	1.08577 1.13637 8.76877	
3.7	1.06839 1.11874 8.89117	
3.71	1.03217 1.07368 8.54858	
3.72	1.01367 1.07119 8.70479	
3.73	1.00339 1.06045 8.63313	
3.74	0.979454 1.04214 8.49068	
3.75	0.954346 1.02131 8.46809	
3.76	0.925831 1.00141 8.29848	
3.77	0.896151 0.964436 8.21487	
3.78	0.883738 0.947731 8.00793	
3.79	0.93441 0.969308 7.91905	
3.8	1.061 0.954628 7.74046	
3.81	1.16602 0.981583 7.48993	
3.82	1.28573 0.96189 7.41421	
3.83	1.39738 0.995606 7.16647	
3.84	1.52859 1.0367 6.92527	
3.85	1.63093 1.0649 6.68161	
3.86	1.67594 1.06894 6.43361	
3.87	1.70952 1.06762 6.18704	
3.88	1.71667 1.05632 5.94767	
3.89	1.73051 1.0475 5.7138	
3.9	1.7048 1.02396 5.48829	
3.91	1.6476 0.989128 5.27258	
3.92	1.60157 0.958436 5.06149	
3.93	1.55311 0.927296 4.85813	
3.94	1.50596 0.897117 4.66216	
3.95	1.45372 0.865461 4.47354	
3.96	1.39919 0.833661 4.29341	
3.97	1.34821 0.803208 4.11766	
3.98	1.29496 0.772586 3.94992	
3.99	1.22996 0.737848 3.78844	
4	1.00557 0.642729 3.63555	
4.01	0.704076 0.510869 3.44941	
4.02	0.469884 0.354753 6.36371	
4.03	0.322006 0.236337 6.42802	
4.04	0.490686 0.444418 6.75083	
4.05	4.48191 -1.2515 1.59066	
4.06	3.47561 -1.00689 3.10364	
4.07	2.60264 -0.883791 4.42109	
4.08	1.8834 -0.71752 5.46505	
4.09	1.81239 -0.692661 5.24351	
4.1	0.838104 -0.231263 6.81431	
4.11	0.665761 -0.127681 6.79773	
4.12	0.422357 0.167729 7.01578	
4.13	0.402793 0.158725 6.73597	
4.14	0.626677 0.0321014 6.12719	
4.15	0.601293 0.028712 5.88579	
4.16	0.574474 0.0241898 5.64653	
4.17	0.554044 0.0243126 5.4162	
4.18	-0.144486 0.014227 7.00665	
4.19	-1.19738 -0.205449 10.7846	
4.2	-1.2783 -0.621953 13.4911	
4.21	-0.838495 -0.962885 16.5034	
4.22	-0.776837 -0.428619 21.759	
4.23	-0.828268 -0.12681 26.2511	
4.24	-0.664235 0.00842369 27.4512	
4.25	0.228275 -0.0931447 27.6275	
4.26	3.95846 -1.72815 22.6386	
4.27	7.3872 -3.13471 18.133	
4.28	7.6372 -3.14673 17.6063	
4.29	7.56876 -3.08083 17.0028	
4.3	7.49853 -2.73214 15.4867	
4.31	6.94993 -2.42379 18.7111	
4.32	7.56696 -3.73855 17.5478	
4.33	7.92739 -3.83378 19.8648	
4.34	11.7186 -6.79045 25.3559	
4.35	13.4136 -4.9024 29.6188	
4.36	18.6229 -8.45748 30.9115	
4.37	17.8254 -8.01606 29.9719	
4.38	0.972097 -14.0252 3.39258	
4.39	-0.536357 -1.23308 -6.4821	
4.4	-11.2493 -6.88129 -2.45362	
4.41	-7.90712 7.39763 -3.78055	
4.42	-0.928082 -0.257604 4.21432	
4.43	-14.2501 11.429 10.3465	
4.44	-13.8295 10.8442 9.74429	
4.45	3.9973 -10.5308 3.33091	
4.46	3.57027 -11.1669 3.28127	
4.47	3.59279 -10.9295 3.31934	
4.48	3.79895 -10.3915 4.11372	
4.49	3.96208 -9.95095 4.17129	
4.5	3.84455 -9.567 4.01407	
4.51	3.61331 -9.24486 3.78234	
4.52	3.40242 -8.9422 3.57177	
4.53	3.16792 -8.7068 3.36352	
4.54	2.95972 -8.54757 3.20228	
4.55	2.55347 -8.36551 2.86614	
4.56	2.36581 -8.08225 2.67163	
4.57	2.32492 -7.77222 2.58655	
4.58	2.16914 -7.51476 2.42328	
4.59	2.03031 -7.26465 2.27456	
4.6	1.85554 -7.01996 2.09596	
4.61	1.78609 -6.76671 1.99944	
4.62	1.72407 -6.53565 1.91525	
4.63	1.61562 -6.34115 1.80408	
4.64	1.45499 -6.16566 1.65484	
4.65	1.26534 -5.99283 1.48081	
4.66	1.11242 -5.79523 1.32645	
4.67	1.04654 -5.58993 1.23976	
4.68	0.967206 -5.39383 1.14373	
4.69	0.853588 -5.2165 1.02466	
4.7	0.73251 -5.04561 0.900324	
4.71	0.652804 -4.8697 0.807022	
4.72	0.637512 -4.69089 0.764667	
4.73	0.622916 -4.51997 0.72448	
4.74	0.593596 -4.35779 0.674045	
4.75	0.577481 -4.19897 0.634568	
4.76	0.582175 -4.04386 0.612527	
4.77	0.559272 -3.89761 0.569749	
4.78	0.53391 -3.7566 0.525776	
4.79	0.508447 -3.62072 0.482555	
4.8	0.494839 -3.48779 0.44923	
4.81	0.476455 -3.36138 0.413373	
4.82	0.452106 -3.23966 0.373358	
4.83	0.44008 -3.12003 0.34342	
4.84	0.42852 -3.00322 0.314038	
4.85	0.43606 -2.88523 0.29921	
4.86	0.447266 -2.7701 0.287666	
4.87	0.458275 -2.66217 0.27782	
4.88	0.450879 -2.56313 0.255235	
4.89	0.439952 -2.46948 0.230978	
4.9	0.429096 -2.37936 0.20738	
4.91	0.412459 -2.29408 0.180096	
4.92	0.404104 -2.20991 0.159437	
4.93	0.391135 -2.12996 0.135882	
4.94	0.37973 -2.05209 0.113787	
4.95	0.365809 -1.97824 0.0905031	
4.96	0.359539 -1.90554 0.0734228	
4.97	0.345896 -1.83716 0.0512808	
4.98	0.327199 -1.77313 0.0260336	
4.99	0.306349 -1.71188 -0.000480223	
5	0.285475 -1.65236 -0.0268588	
5.01	0.274061 -1.59242 -0.0460136	
5.02	0.262109 -1.5358 -0.0648426	
5.03	0.249344 -1.48089 -0.0841497	
5.04	0.236533 -1.42805 -0.103149	
5.05	0.219941 -1.37745 -0.124857	
5.06	0.212176 -1.32767 -0.139336	
5.07	0.207145 -1.27877 -0.1516	
5.08	0.200708 -1.2319 -0.164639	
5.09	0.188064 -1.18746 -0.182272	
5.1	0.473303 0.0880461 5.90153	
5.11	0.38266 0.00820095 5.76204	
5.12	-1.15667 0.492958 9.51827	
5.13	4.84689 3.31198 12.2959	
5.14	-0.349556 0.962936 33.5826	
5.15	-0.535804 1.05937 32.2129	
5.16	-0.559377 1.03552 31.0507	
5.17	-0.65451 1.04648 29.9381	
5.18	-1.34415 1.47655 32.0555	
5.19	-1.37958 1.4707 30.8258	
5.2	-1.77731 1.43401 31.3672	
5.21	-1.5877 1.62981 29.6032	
5.22	-1.60494 0.834475 28.9213	
5.23	-2.45956 0.222473 30.0884	
5.24	-3.05254 0.183573 30.5697	
5.25	-3.78148 0.153646 31.8747	
5.26	-1.79967 2.23532 28.1424	
5.27	-1.76508 2.16897 27.1128	
5.28	-1.73802 2.12769 26.0393	
5.29	-1.21762 -2.5316 31.5682	
5.3	12.9957 -0.868638 19.0341	
5.31	13.8721 -9.56139 26.0939	
5.32	13.2019 -9.26195 25.261	
5.33	13.8171 -9.51607 24.81	
5.34	14.2787 -9.67966 24.3013	
5.35	14.5249 -9.66013 23.6174	
5.36	15.1929 -9.60544 22.7448	
5.37	15.2666 -9.32557 21.7723	
5.38	14.9997 -9.00029 20.8763	
5.39	14.3543 -8.57977 19.9951	
5.4	13.653 -8.21243 19.2325	
5.41	13.0852 -7.87451 18.4817	
5.42	12.4196 -7.49358 17.7187	
5.43	11.5842 -7.06886 16.9683	
5.44	10.74 -6.70623 16.33	
5.45	10.1263 -6.43645 15.761	
5.46	9.86304 -6.25215 15.2055	
5.47	9.53858 -6.01841 14.6116	
5.48	9.19489 -5.77887 14.0292	
5.49	8.86748 -5.56303 13.4891	
5.5	8.5447 -5.35766 12.9754	
5.51	8.23506 -5.14948 12.4642	
5.52	7.89412 -4.94256 11.9779	
5.53	7.58047 -4.75046 11.5148	
5.54	7.24712 -4.56046 11.0725	
5.55	6.87963 -4.36721 10.6482	
5.56	6.57215 -4.20731 10.2617	
5.57	6.3689 -4.08031 9.89566	
5.58	6.12229 -3.91669 9.49952	
5.59	5.8819 -3.78525 9.15831	
5.6	5.61344 -3.65904 8.84382	
5.61	5.35798 -3.52122 8.5151	
5.62	5.14165 -3.3835 8.17989	
5.63	4.94946 -3.26309 7.86938	
5.64	4.77589 -3.14796 7.5672	
5.65	4.60191 -3.02848 7.26562	
5.66	4.44271 -2.91999 6.98187	
5.67	4.28206 -2.81714 6.71368	
5.68	4.13859 -2.72521 6.46185	
5.69	3.98272 -2.62516 6.2084	
5.7	3.84574 -2.53206 5.96426	
5.71	3.69501 -2.4356 5.72575	
5.72	3.56447 -2.34803 5.49858	
5.73	3.42864 -2.26038 5.27845	
5.74	3.29935 -2.17746 5.06805	
5.75	3.17378 -2.09766 4.86581	
5.76	3.05003 -2.01978 4.67045	
5.77	2.93697 -1.9451 4.48046	
5.78	2.82916 -1.87251 4.29599	
5.79	2.7298 -1.80276 4.11686	
5.8	2.61884 -1.73366 3.94702	
5.81	2.5045 -1.66652 3.78525	
5.82	2.41061 -1.60623 3.62999	
5.83	2.32217 -1.54695 3.47782	
5.84	2.22305 -1.48713 3.33227	
5.85	2.12824 -1.42784 3.18926	
5.86	-0.699103 2.5645 9.31859	
5.87	1.38712 2.15311 7.07783	
5.88	2.24235 1.99993 6.11407	
5.89	2.69862 1.54949 6.2672	
5.9	2.58687 1.49932 6.04522	
5.91	-0.23942 2.82087 10.4933	
5.92	0.141107 2.37674 8.8956	
5.93	0.71407 1.88836 8.10438	
5.94	0.687474 1.82017 7.78558	
5.95	0.660889 1.75486 7.48356	
5.96	0.540965 1.43476 7.57281	
5.97	0.169915 0.138236 12.8885	
5.98	3.27655 -0.430889 11.3168	
5.99	4.55614 0.0207241 19.4125	
6	5.87299 -0.723563 15.8031	
6.01	5.60131 -0.916831 26.7543	
6.02	7.84509 -0.669628 19.4832	
6.03	5.94471 -0.120935 33.7778	
6.04	6.8404 -0.940183 28.0798	
6.05	6.57683 -0.901429 27.0327	
6.06	6.39953 -0.946811 12.226	
6.07	4.08729 1.17136 7.06529	
6.08	-1.78377 2.43415 8.57796	
6.09	-6.90691 0.529242 6.33244	
6.1	3.22339 -4.82867 -9.11761	
6.11	0.771216 -4.53374 -1.77921	
6.12	0.718436 -4.37814 -1.73932	
6.13	1.73163 -4.45205 -4.06859	
6.14	2.13721 -0.952396 32.0949	
6.15	5.41581 -3.81179 18.8155	
6.16	5.647 -3.8892 17.6476	
6.17	5.92006 -3.96479 16.6736	
6.18	1.34932 -1.99731 20.2232	
6.19	1.91013 -3.73261 13.1568	
6.2	-1.14735 -2.87674 19.097	
6.21	2.68059 -4.24535 6.70432	
6.22	2.54635 -4.07907 6.4772	
6.23	2.45791 -3.93384 6.22141	
6.24	3.94358 -5.3749 1.86688	
6.25	3.74758 -4.97927 1.7736	
6.26	2.58177 -2.92556 5.79992	
6.27	3.30806 -3.00816 4.49869	
6.28	-0.420686 -0.210598 15.8431	
6.29	3.85111 -1.699 13.4526	
6.3	6.07091 -0.676654 15.0034	
6.31	5.53728 -0.523078 14.369	
6.32	6.50793 -0.872272 11.4496	
6.33	6.13337 -0.794372 11.0618	
6.34	5.77863 -0.664875 10.5642	
6.35	0.588639 -1.03149 2.16934	
6.36	-3.21646 -2.65859 -2.53535	
6.37	0.781621 -3.68862 -7.78416	
6.38	-3.64811 -1.52094 -3.86267	
6.39	-0.785011 1.13149 -2.89509	
6.4	2.76915 -0.119066 -6.7936	
6.41	-1.79062 1.67017 7.36773	
6.42	3.70681 -7.1579 -2.86949	
6.43	5.05716 -1.33948 -4.06001	
6.44	13.1377 1.79277 -9.05633	
6.45	13.1229 2.39123 -8.70911	
6.46	12.4621 2.0978 -9.27202	
6.47	4.42877 10.4125 -2.26836	
6.48	3.25742 6.42418 -1.22215	
6.49	2.92226 5.4015 -0.715707	
6.5	1.87339 2.85397 1.609	
6.51	-0.866724 -1.78526 34.6226	
6.52	4.15035 -1.55244 33.926	
6.53	4.70344 -1.47178 32.646	
6.54	4.91917 -1.40448 31.3293	
6.55	4.46317 -1.36278 30.1272	
6.56	7.07334 -1.21567 28.5484	
6.57	9.43846 -1.07705 26.6511	
6.58	13.0408 -0.890142 23.347	
6.59	13.8807 -0.806446 21.3017	
6.6	13.9119 -0.755991 19.983	
6.61	12.9389 -0.746654 19.6198	
6.62	12.3078 -0.725893 19.0383	
6.63	12.2056 -0.685989 18.0048	
6.64	12.2438 -0.640505 16.5728	
6.65	12.5812 -0.583293 14.6208	
6.66	11.392 -0.590654 14.7043	
6.67	10.6109 -0.583413 14.4468	
6.68	7.23872 -0.679118 16.5857	
6.69	4.16726 -0.759721 17.6178	
6.7	0.400377 -0.856722 17.0491	
6.71	-2.76855 -0.928501 15.4043	
6.72	-4.75617 -0.959035 13.4377	
6.73	-4.40066 -1.68288 12.4323	
6.74	-3.07699 -1.07749 11.1036	
6.75	-1.855 2.20295 9.00824	
6.76	-1.43723 3.19426 7.10353	
6.77	-1.01881 4.10154 5.53633	
6.78	-0.605464 4.63573 4.34109	
6.79	0.0756858 4.96972 3.40933	
6.8	0.583378 5.75029 2.45815	
6.81	1.25346 4.95977 1.55486	
6.82	0.562582 5.89153 2.46582	
6.83	1.78076 4.63163 1.44757	
6.84	0.854483 6.52151 2.69757	
6.85	2.32086 4.69227 1.16007	
6.86	1.22918 6.48484 2.67176	
6.87	1.23308 6.30263 2.13487	
6.88	2.25001 5.03736 1.32447	
6.89	1.59111 6.14847 2.28315	
6.9	2.40783 5.51741 1.35051	
6.91	1.79451 6.74055 1.81133	
6.92	2.18433 6.35764 1.35651	
6.93	2.22846 6.41159 1.19148	
6.94	2.28144 6.34686 1.1209	
6.95	2.28674 6.16228 1.18915	
6.96	2.09105 6.26245 1.33633	
6.97	2.05986 6.18985 1.29212	
6.98	2.24769 5.75459 1.25839	
6.99	1.77131 6.49803 1.70472	
7	2.83994 4.97071 0.781667	
