# Gnuplot File : positions of 1 particle(s) Monitored
# 1st Column : time, others : particle(s) number 0 
0.01	7.67103 14.1857 1.78696	
0.02	7.63005 14.1309 1.87207	
0.03	7.64512 14.1207 1.87063	
0.04	7.644 14.1241 1.86994	
0.05	7.64628 14.1251 1.86751	
0.06	7.6483 14.1263 1.86523	
0.07	7.64865 14.1303 1.86419	
0.08	7.65245 14.1284 1.86216	
0.09	7.65363 14.1316 1.86373	
0.1	7.65577 14.1308 1.85978	
0.11	7.65706 14.1323 1.8584	
0.12	7.65818 14.1339 1.85717	
0.13	7.65989 14.137 1.8544	
0.14	7.66232 14.1337 1.85306	
0.15	7.66068 14.1387 1.85312	
0.16	7.66372 14.139 1.84984	
0.17	7.66216 14.1419 1.85192	
0.18	7.66346 14.1428 1.85008	
0.19	7.66317 14.1428 1.85002	
0.2	7.66364 14.1442 1.84894	
0.21	7.66411 14.1457 1.84848	
0.22	7.6645 14.1492 1.84714	
0.23	7.66492 14.1507 1.84719	
0.24	7.66752 14.1508 1.84398	
0.25	7.6656 14.1533 1.84593	
0.26	7.66665 14.154 1.84431	
0.27	7.66619 14.1536 1.84469	
0.28	7.66868 14.1556 1.84045	
0.29	7.67651 14.1525 1.83237	
0.3	7.69888 14.1396 1.80636	
0.31	7.70716 14.1165 1.80178	
0.32	7.80393 14.0736 1.69245	
0.33	7.90562 14.0036 1.60536	
0.34	7.87667 14.0156 1.63168	
0.35	7.87972 14.0149 1.62689	
0.36	7.97922 13.978 1.53195	
0.37	8.0311 13.9629 1.48478	
0.38	8.04441 13.9593 1.47178	
0.39	8.04202 13.963 1.47127	
0.4	8.04154 13.9668 1.4689	
0.41	8.04111 13.9705 1.46657	
0.42	8.0409 13.9691 1.4662	
0.43	8.06538 13.7495 1.56181	
0.44	8.01963 13.3453 1.7634	
0.45	7.9861 12.8711 1.91464	
0.46	7.99045 12.5673 2.09141	
0.47	7.9631 12.1858 2.19344	
0.48	7.98967 11.5055 2.09392	
0.49	7.9837 11.1211 2.33711	
0.5	7.98852 10.8874 2.77785	
0.51	8.00661 10.6002 3.23258	
0.52	8.05549 10.3731 3.64363	
0.53	8.06666 10.228 4.12777	
0.54	8.01001 10.1581 4.72039	
0.55	8.02519 10.0536 5.14376	
0.56	8.19937 9.88644 5.37473	
0.57	8.70145 9.70541 5.38306	
0.58	9.46642 9.64247 5.37675	
0.59	10.1656 9.65942 5.37165	
0.6	10.81 9.63708 5.36706	
0.61	11.4504 9.67584 5.35039	
0.62	11.9863 9.75112 5.32598	
0.63	12.7266 9.73066 5.32307	
0.64	13.3881 9.77371 5.30119	
0.65	13.6531 9.82922 5.21611	
0.66	13.7358 9.6761 4.96553	
0.67	13.82 9.51356 4.6856	
0.68	13.8793 9.41145 4.55267	
0.69	13.9233 9.351 4.42896	
0.7	13.9433 9.28286 4.31022	
0.71	13.9317 9.18264 4.17962	
0.72	13.8834 9.06511 4.06587	
0.73	13.9124 8.96969 4.02491	
0.74	13.9473 8.88999 3.97055	
0.75	13.9922 8.76374 3.78342	
0.76	14.0457 8.58125 3.54288	
0.77	14.0567 8.49839 3.39169	
0.78	14.036 8.46983 3.351	
0.79	14.0264 8.44582 3.32611	
0.8	14.0014 8.42372 3.30561	
0.81	13.9975 8.42282 3.29796	
0.82	13.9709 8.40407 3.29825	
0.83	13.9451 8.38312 3.29377	
0.84	13.9478 8.37889 3.28214	
0.85	13.9562 8.36374 3.24083	
0.86	13.9614 8.35342 3.16111	
0.87	13.9561 8.33416 3.04498	
0.88	13.9334 8.31125 2.92308	
0.89	13.8917 8.28321 2.83333	
0.9	13.8718 8.25025 2.77773	
0.91	13.8367 8.23736 2.74474	
0.92	13.7716 8.22265 2.74027	
0.93	13.668 8.19986 2.74143	
0.94	13.5431 8.15849 2.73761	
0.95	13.3921 8.15438 2.73147	
0.96	13.2475 8.1529 2.72556	
0.97	13.1151 8.1718 2.71685	
0.98	12.9713 8.22939 2.70134	
0.99	12.7844 8.29017 2.67392	
1	12.6713 8.29229 2.6511	
1.01	12.5711 8.30722 2.63486	
1.02	12.4969 8.31446 2.63407	
1.03	12.4536 8.32558 2.61736	
1.04	12.4364 8.34203 2.59521	
1.05	12.4222 8.37374 2.56831	
1.06	12.4178 8.3979 2.54276	
1.07	12.4199 8.40651 2.48534	
1.08	12.4298 8.40776 2.39456	
1.09	12.466 8.37737 2.28268	
1.1	12.558 8.36082 2.24507	
1.11	12.6559 8.38377 2.28073	
1.12	12.8997 8.48094 2.28297	
1.13	13.1356 8.66073 2.25909	
1.14	13.1616 8.81827 2.23464	
1.15	13.119 8.92354 2.23275	
1.16	13.0688 9.03778 2.23276	
1.17	13.0091 9.17837 2.18313	
1.18	12.9208 9.35676 2.11708	
1.19	12.8037 9.5001 2.0924	
1.2	12.6877 9.58206 2.06623	
1.21	13.0184 9.76579 1.64212	
1.22	12.8383 9.91062 1.4919	
1.23	12.9144 9.95207 1.33581	
1.24	12.9501 10.0539 1.21562	
1.25	12.9505 10.0678 1.07366	
1.26	12.9549 10.0576 1.04636	
1.27	12.9537 10.0323 0.965667	
1.28	12.9705 10.0506 0.918392	
1.29	12.9467 10.0647 0.90914	
1.3	12.9303 10.071 0.894924	
1.31	12.9226 10.0772 0.880194	
1.32	12.9141 10.0587 0.887336	
1.33	12.9104 10.0508 0.881653	
1.34	12.8975 10.0596 0.882653	
1.35	12.8754 10.0778 0.861778	
1.36	12.8532 10.0818 0.858629	
1.37	12.8337 10.0928 0.860496	
1.38	12.83 10.0878 0.851291	
1.39	12.8383 10.0864 0.840789	
1.4	12.8129 10.078 0.843228	
1.41	12.8104 10.0762 0.826132	
1.42	12.8082 10.0733 0.825795	
1.43	12.7917 10.0701 0.824132	
1.44	12.7856 10.0729 0.815909	
1.45	12.7716 10.0741 0.810319	
1.46	12.7649 10.0813 0.801129	
1.47	12.7558 10.0744 0.804261	
1.48	12.7377 10.0751 0.797868	
1.49	12.6275 10.1021 0.797372	
1.5	12.5047 10.1633 0.782426	
1.51	12.412 10.1694 0.817342	
1.52	12.343 10.2084 0.874884	
1.53	12.2676 10.2899 0.938172	
1.54	12.2536 10.2923 0.96354	
1.55	12.249 10.2935 0.968533	
1.56	12.2414 10.2876 0.97136	
1.57	12.2434 10.2813 0.969501	
1.58	12.2488 10.2709 0.971719	
1.59	12.2457 10.2487 0.971714	
1.6	12.2432 10.2517 0.971765	
1.61	12.2437 10.2569 0.974582	
1.62	12.2493 10.2493 0.971062	
1.63	12.2485 10.2372 0.972838	
1.64	12.2483 10.2413 0.976753	
1.65	12.2817 10.2427 0.973427	
1.66	12.3469 10.2583 0.974962	
1.67	12.3714 10.2562 0.97204	
1.68	12.3773 10.24 0.971789	
1.69	12.3946 10.1818 0.98108	
1.7	12.415 10.1158 1.00578	
1.71	12.4222 10.0997 1.02026	
1.72	12.4326 10.0848 1.03981	
1.73	12.4235 10.1159 1.07202	
1.74	12.4337 10.0609 1.10136	
1.75	12.4317 10.0587 1.09393	
1.76	12.4234 10.0517 1.09997	
1.77	12.4068 10.033 1.09928	
1.78	12.4071 10.0283 1.09996	
1.79	12.4016 10.0373 1.10662	
1.8	12.37 10.031 1.10566	
1.81	12.2834 10.0231 1.13947	
1.82	12.2096 9.99647 1.15505	
1.83	12.2137 9.99608 1.15405	
1.84	12.2129 9.99502 1.1591	
1.85	12.2219 9.97019 1.15608	
1.86	12.2302 9.94246 1.15763	
1.87	12.2268 9.94893 1.16198	
1.88	12.2272 9.95556 1.15773	
1.89	12.2274 9.95425 1.15722	
1.9	12.2304 9.92428 1.15985	
1.91	12.2273 9.90515 1.19787	
1.92	12.2156 9.92485 1.24346	
1.93	12.2602 9.86531 1.24369	
1.94	12.213 9.93687 1.27121	
1.95	12.2304 9.91737 1.26195	
1.96	12.2196 9.92294 1.2642	
1.97	12.2189 9.9154 1.26152	
1.98	12.2254 9.89965 1.25996	
1.99	12.2015 9.83789 1.27352	
2	12.1585 9.83077 1.3191	
2.01	12.1748 9.81461 1.31172	
2.02	12.1679 9.83335 1.31505	
2.03	12.1494 9.86861 1.31454	
2.04	12.1476 9.86825 1.31044	
2.05	12.1064 9.85565 1.30881	
2.06	11.8735 9.76035 1.30328	
2.07	11.2445 9.57062 1.55334	
2.08	11.0232 9.35504 1.56577	
2.09	10.9952 9.24687 1.5753	
2.1	11.0441 9.24374 1.51772	
2.11	11.0563 9.21016 1.52092	
2.12	11.0831 9.13363 1.57074	
2.13	11.1621 9.01535 1.59802	
2.14	11.23 8.98144 1.60221	
2.15	11.238 8.96878 1.61938	
2.16	11.2148 8.92571 1.62551	
2.17	10.9856 8.91187 1.65385	
2.18	10.7192 8.88416 1.6844	
2.19	10.5182 8.84497 1.76165	
2.2	10.3338 8.80823 1.84843	
2.21	10.1142 8.75919 1.83338	
2.22	10.019 8.61612 1.89693	
2.23	10.1888 8.56506 2.04266	
2.24	10.0235 8.24911 2.51151	
2.25	10.0065 7.85437 2.81031	
2.26	10.0326 7.61491 2.95913	
2.27	10.0433 7.50922 3.14568	
2.28	10.052 7.25611 3.3161	
2.29	9.97024 7.08844 3.37037	
2.3	9.81977 7.10279 3.38512	
2.31	9.68891 7.18036 3.36463	
2.32	9.24561 7.16374 3.36555	
2.33	8.74612 7.02025 3.40073	
2.34	8.39307 6.94138 3.41472	
2.35	8.34175 6.91856 3.40986	
2.36	8.3175 6.9506 3.39406	
2.37	8.27514 6.97682 3.38176	
2.38	8.19209 7.07131 3.35535	
2.39	8.15405 7.1754 3.32542	
2.4	8.12837 7.31093 3.28936	
2.41	8.12657 7.49627 3.2434	
2.42	8.12097 7.60702 3.21483	
2.43	8.10479 7.6642 3.19785	
2.44	8.10618 7.75284 3.17463	
2.45	8.13337 7.86328 3.1452	
2.46	8.18798 7.94558 3.12237	
2.47	8.21998 8.02412 3.10401	
2.48	8.21455 8.11985 3.06246	
2.49	8.20901 8.2111 3.0327	
2.5	8.20432 8.2886 2.99571	
2.51	8.19317 8.37749 2.9739	
2.52	8.18971 8.46971 2.94368	
2.53	8.18679 8.50918 2.91901	
2.54	8.179 8.5292 2.88674	
2.55	8.17065 8.56236 2.86338	
2.56	8.16764 8.60864 2.82797	
2.57	8.16694 8.60112 2.80991	
2.58	8.18696 8.56209 2.74993	
2.59	8.20912 8.43587 2.69376	
2.6	8.20266 8.38974 2.65262	
2.61	8.20353 8.35483 2.5644	
2.62	8.21846 8.29193 2.53966	
2.63	8.23454 8.24423 2.44251	
2.64	8.24186 8.31813 2.42154	
2.65	8.22146 8.44258 2.29363	
2.66	8.23744 8.60157 2.20937	
2.67	8.20907 8.68834 2.14552	
2.68	8.21975 8.81224 2.14615	
2.69	8.16866 8.92874 2.20932	
2.7	8.1533 8.98679 2.1962	
2.71	8.14675 9.09001 2.17044	
2.72	8.13262 9.24297 2.15367	
2.73	8.08983 9.42819 2.13799	
2.74	8.02534 9.63262 2.12635	
2.75	8.04615 9.80417 1.99875	
2.76	8.04925 9.84502 1.85723	
2.77	8.04441 9.90474 1.84266	
2.78	8.02586 9.92113 1.7911	
2.79	8.0091 9.91605 1.76332	
2.8	7.99123 9.88796 1.75349	
2.81	7.96878 9.85157 1.77618	
2.82	7.93181 9.85352 1.75588	
2.83	7.85947 9.84379 1.71022	
2.84	7.55531 9.81934 1.696	
2.85	7.53956 9.88669 1.63465	
2.86	7.32889 10.0732 1.50986	
2.87	7.37995 10.0178 1.78076	
2.88	7.19541 9.96029 2.28974	
2.89	7.18923 9.92603 2.41952	
2.9	7.14069 9.97498 2.49463	
2.91	7.12488 9.99322 2.57139	
2.92	7.14507 9.95999 2.60861	
2.93	7.14202 9.96359 2.60863	
2.94	7.14259 9.95955 2.61783	
2.95	7.18024 9.94166 2.63058	
2.96	7.24114 9.85093 2.63762	
2.97	7.3061 9.72955 2.6024	
2.98	7.35403 9.61582 2.4934	
2.99	7.35117 9.62181 2.49546	
3	7.37572 9.61132 2.4981	
3.01	7.4158 9.56603 2.38459	
3.02	7.43384 9.52831 2.25952	
3.03	7.45118 9.34773 2.14696	
3.04	7.38552 9.21161 2.10398	
3.05	7.31306 9.08943 2.30931	
3.06	7.22703 8.92183 2.51016	
3.07	7.07215 8.74745 2.70974	
3.08	6.94762 8.66584 2.85068	
3.09	6.78059 8.52102 2.88613	
3.1	6.60482 8.34412 2.94823	
3.11	6.57379 8.23647 2.95885	
3.12	6.57454 8.25223 2.95516	
3.13	6.58791 8.28911 2.9429	
3.14	6.63227 8.36294 2.92476	
3.15	6.90111 8.50385 2.89191	
3.16	7.21845 8.73896 2.85732	
3.17	7.29342 8.83307 2.84236	
3.18	7.26223 8.86704 2.83528	
3.19	7.2723 9.05946 2.81311	
3.2	7.27228 9.17409 2.8063	
3.21	7.24922 9.20286 2.80349	
3.22	7.1868 9.22494 2.80342	
3.23	7.18624 9.23614 2.79013	
3.24	7.20235 9.11162 2.67992	
3.25	7.25128 8.97358 2.66397	
3.26	7.27459 8.87341 2.65174	
3.27	7.27926 8.84783 2.65655	
3.28	7.3109 8.80867 2.64347	
3.29	7.30584 8.83795 2.63045	
3.3	7.30569 8.92265 2.61481	
3.31	7.30359 9.02403 2.59683	
3.32	7.30132 9.0909 2.56991	
3.33	7.30054 9.14534 2.56111	
3.34	7.30056 9.15353 2.51733	
3.35	7.32879 9.11686 2.48945	
3.36	7.41901 9.00769 2.4037	
3.37	7.51072 8.8568 2.2717	
3.38	7.54014 8.75533 2.14454	
3.39	7.60137 8.70888 2.04268	
3.4	7.60588 8.74997 2.12501	
3.41	7.66947 8.79459 2.03752	
3.42	7.63813 8.91262 2.09108	
3.43	7.67289 8.99005 1.8659	
3.44	7.63031 9.20406 1.64081	
3.45	7.61081 9.43615 1.59207	
3.46	7.54409 9.59024 1.53749	
3.47	7.53685 9.64364 1.4767	
3.48	7.50435 9.77099 1.39127	
3.49	7.51162 10.1073 1.31645	
3.5	7.51084 10.2987 1.26342	
3.51	7.49624 10.6215 1.21605	
3.52	7.53245 10.74 1.029	
3.53	7.50294 10.9009 1.09195	
3.54	7.54316 10.8511 1.09103	
3.55	7.53849 10.8372 1.10354	
3.56	7.50926 10.8171 1.20776	
3.57	7.46453 10.7956 1.36519	
3.58	7.40186 10.7126 1.73912	
3.59	7.361 10.6964 1.9284	
3.6	7.35035 10.682 2.05998	
3.61	7.34648 10.7551 2.3304	
3.62	7.34825 10.7163 2.38059	
3.63	7.35466 10.6871 2.47451	
3.64	7.38659 10.6518 2.49286	
3.65	7.40658 10.6344 2.52695	
3.66	7.4335 10.6273 2.53746	
3.67	7.38044 10.6908 2.55951	
3.68	7.4288 10.659 2.51667	
3.69	7.39266 10.7053 2.58864	
3.7	7.38346 10.6848 2.60872	
3.71	7.37838 10.6849 2.58926	
3.72	7.34918 10.6957 2.59782	
3.73	7.33735 10.6804 2.55938	
3.74	7.31529 10.5786 2.36511	
3.75	7.38033 10.2209 1.78213	
3.76	7.4332 9.97748 1.38712	
3.77	7.53732 9.69916 1.07476	
3.78	7.62169 9.40759 0.918633	
3.79	7.62795 8.97489 0.772697	
3.8	7.70766 8.87206 0.70969	
3.81	7.70231 8.24742 0.720641	
3.82	7.60826 7.15079 1.0936	
3.83	7.50457 6.49869 1.25247	
3.84	7.51125 5.78419 1.47221	
3.85	7.54432 5.24567 1.80404	
3.86	7.60816 4.89901 2.10526	
3.87	7.57956 4.71027 2.52469	
3.88	7.63685 4.5667 2.68779	
3.89	7.9195 4.55823 2.94953	
3.9	8.23562 4.70429 3.20007	
3.91	8.46932 4.86012 3.43659	
3.92	8.78206 4.9728 3.61583	
3.93	9.01555 5.04953 3.68363	
3.94	9.39305 5.06782 3.66678	
3.95	9.77235 5.10607 3.64461	
3.96	10.1655 5.16493 3.61358	
3.97	10.4533 5.2265 3.59021	
3.98	10.6335 5.2717 3.57006	
3.99	10.6882 5.27915 3.56652	
4	10.7722 5.29523 3.55889	
4.01	10.9791 5.33028 3.54587	
4.02	11.3085 5.39667 3.52009	
4.03	11.7355 5.49311 3.5019	
4.04	12.1329 5.58578 3.50497	
4.05	12.5402 5.64725 3.5409	
4.06	12.9494 5.71027 3.59036	
4.07	13.3588 5.71599 3.62245	
4.08	13.7574 5.74642 3.5988	
4.09	14.1032 5.74576 3.52253	
4.1	14.3001 5.66008 3.41693	
4.11	14.4143 5.50642 3.24926	
4.12	14.4895 5.33 3.04181	
4.13	14.5474 5.17379 2.98106	
4.14	14.6429 5.00756 2.92884	
4.15	14.7122 4.84368 2.91807	
4.16	14.7515 4.66966 2.94489	
4.17	14.8118 4.47879 3.00318	
4.18	14.859 4.32528 3.02566	
4.19	14.9041 4.17362 2.95071	
4.2	14.8898 4.03431 2.79176	
4.21	14.8275 3.94682 2.74266	
4.22	14.7096 3.86945 2.74991	
4.23	14.5458 3.77609 2.77518	
4.24	14.3857 3.67104 2.80483	
4.25	14.0909 3.56146 2.82508	
4.26	13.7849 3.45676 2.83372	
4.27	13.5553 3.35857 2.86072	
4.28	13.4622 3.31971 2.8689	
4.29	13.4729 3.27772 2.85941	
4.3	13.5245 3.16009 2.72125	
4.31	13.595 2.93597 2.4391	
4.32	13.5941 2.80923 2.38896	
4.33	13.4639 2.73686 2.4087	
4.34	13.3644 2.6756 2.4344	
4.35	13.3002 2.71476 2.41106	
4.36	13.1945 2.78207 2.37493	
4.37	13.1292 2.81628 2.41801	
4.38	13.1352 2.81204 2.44613	
4.39	13.1199 2.84155 2.40553	
4.4	13.2132 2.98131 2.34014	
4.41	13.2166 2.9738 2.29261	
4.42	13.2541 2.99842 2.2548	
4.43	13.2575 2.96334 2.24267	
4.44	13.2714 2.94616 2.25087	
4.45	13.3432 2.93899 2.25007	
4.46	13.5007 2.91533 2.27577	
4.47	13.5912 2.8932 2.28919	
4.48	13.6432 2.73908 2.44255	
4.49	13.6674 2.68557 2.53771	
4.5	13.6746 2.67514 2.62338	
4.51	13.6752 2.68369 2.63466	
4.52	13.6724 2.78432 2.59644	
4.53	13.6708 2.91974 2.58149	
4.54	13.6431 2.99497 2.63522	
4.55	13.6503 2.97555 2.64509	
4.56	13.6824 2.927 2.66888	
4.57	13.7003 2.89695 2.68159	
4.58	13.7022 2.8597 2.6991	
4.59	13.7073 2.74244 2.77415	
4.6	13.4621 2.62626 2.85912	
4.61	13.1989 2.45117 3.01227	
4.62	12.9529 2.2509 3.13546	
4.63	12.6388 2.03891 3.25342	
4.64	12.1946 1.74837 3.43072	
4.65	11.7635 1.41765 3.647	
4.66	11.3131 1.11181 3.86728	
4.67	11.0055 0.783706 4.13269	
4.68	10.6655 0.524792 4.36475	
4.69	10.2803 0.307007 4.57413	
4.7	9.88545 0.130483 4.75434	
4.71	9.54025 -0.00328667 4.8943	
4.72	9.13462 -0.140988 5.04794	
4.73	8.79296 -0.266294 5.19919	
4.74	8.60633 -0.355813 5.30404	
4.75	8.61559 -0.379147 5.31719	
4.76	8.63414 -0.394906 5.33046	
4.77	8.63458 -0.420257 5.3546	
4.78	8.63437 -0.4496 5.38826	
4.79	8.57009 -0.514449 5.46105	
4.8	8.41914 -0.611343 5.58098	
4.81	8.19313 -0.748652 5.76281	
4.82	8.04871 -0.84868 5.91653	
4.83	7.98611 -0.940931 6.04557	
4.84	7.95478 -1.03292 6.16669	
4.85	7.95312 -1.13415 6.30201	
4.86	7.93147 -1.23444 6.43983	
4.87	7.90925 -1.3184 6.56272	
4.88	7.7973 -1.34298 6.63421	
4.89	7.45517 -1.32381 6.71224	
4.9	7.26443 -1.32837 6.75408	
4.91	7.26241 -1.30865 6.73164	
4.92	7.38805 -1.31408 6.73655	
4.93	7.61265 -1.3144 6.71367	
4.94	8.05741 -1.27297 6.63336	
4.95	8.07183 -1.22165 6.60895	
4.96	8.06811 -1.18773 6.58124	
4.97	8.06583 -1.12806 6.50997	
4.98	8.22377 -1.09513 6.44527	
4.99	8.44136 -1.07427 6.4517	
5	8.74466 -1.07027 6.48299	
5.01	9.00927 -1.10069 6.61591	
5.02	9.03935 -1.18232 6.84478	
5.03	8.98018 -1.19435 6.95143	
5.04	8.73437 -1.13798 6.94282	
5.05	8.44165 -1.11339 7.08625	
5.06	8.32476 -0.992903 7.14204	
5.07	8.19634 -0.770377 7.28912	
5.08	7.97353 -0.511647 7.34519	
5.09	7.77406 -0.275002 7.54044	
5.1	7.55367 -0.191209 7.58198	
5.11	7.18374 -0.19725 7.63828	
5.12	6.94916 -0.20279 7.76958	
5.13	6.74673 -0.0296581 8.02599	
5.14	6.58564 0.2791 8.36461	
5.15	6.34871 0.675195 8.55024	
5.16	6.06608 1.01262 8.59301	
5.17	5.68035 1.26247 8.54336	
5.18	5.53396 1.39245 8.43367	
5.19	5.49679 1.44853 8.37605	
5.2	5.57764 1.44528 8.34886	
5.21	5.79798 1.43076 8.31812	
5.22	5.97263 1.41353 8.29935	
5.23	6.12187 1.39331 8.28785	
5.24	6.20089 1.39215 8.269	
5.25	6.28899 1.41194 8.23485	
5.26	6.36885 1.46098 8.17501	
5.27	6.49216 1.52302 8.09428	
5.28	6.56114 1.56487 8.04694	
5.29	6.56062 1.57744 8.03377	
5.3	6.56021 1.57351 8.03567	
5.31	6.55992 1.56941 8.03897	
5.32	6.5598 1.56161 8.04311	
5.33	6.5593 1.54921 8.05412	
5.34	6.60289 1.53536 8.05996	
5.35	6.66361 1.51871 8.06608	
5.36	6.73334 1.50917 8.06453	
5.37	6.76804 1.51201 8.05667	
5.38	6.7677 1.5202 8.04882	
5.39	6.76744 1.51881 8.04978	
5.4	6.75768 1.49759 8.07365	
5.41	6.7574 1.47179 8.09404	
5.42	6.75629 1.44779 8.12079	
5.43	6.76461 1.42521 8.12617	
5.44	6.76359 1.39427 8.10767	
5.45	6.76296 1.37424 8.11335	
5.46	6.76224 1.36053 8.09299	
5.47	6.76141 1.33977 8.05792	
5.48	6.75229 1.33059 8.06051	
5.49	6.70774 1.34338 8.06494	
5.5	6.55859 1.37252 8.06893	
5.51	6.40956 1.38524 8.11276	
5.52	6.30604 1.41505 8.21279	
5.53	6.29839 1.43357 8.27645	
5.54	6.29046 1.44321 8.31017	
5.55	6.29137 1.46851 8.30013	
5.56	6.28372 1.49512 8.29749	
5.57	6.27515 1.52136 8.32882	
5.58	6.29351 1.5231 8.31938	
5.59	6.36316 1.50562 8.3185	
5.6	6.5112 1.46531 8.32985	
5.61	6.77241 1.43323 8.29796	
5.62	7.11281 1.42489 8.26001	
5.63	7.29541 1.45031 8.22266	
5.64	7.32029 1.47363 8.20864	
5.65	7.30276 1.49152 8.20813	
5.66	7.24082 1.52402 8.24542	
5.67	7.12613 1.56828 8.3085	
5.68	7.03875 1.60443 8.35627	
5.69	6.82895 1.65111 8.34422	
5.7	6.5588 1.65823 8.38176	
5.71	6.39366 1.63872 8.42395	
5.72	6.33271 1.61777 8.45439	
5.73	6.33173 1.56998 8.47472	
5.74	6.35571 1.50386 8.44952	
5.75	6.40535 1.41018 8.31521	
5.76	6.42061 1.32562 8.13702	
5.77	6.48158 1.23331 8.07068	
5.78	6.60537 1.18013 8.09572	
5.79	6.74699 1.17196 8.07549	
5.8	6.80901 1.17224 8.06498	
5.81	6.83552 1.17771 8.05589	
5.82	6.85309 1.18046 8.05073	
5.83	6.85269 1.18692 8.04585	
5.84	6.85271 1.19521 8.03651	
5.85	6.85278 1.21239 8.02709	
5.86	6.85273 1.21914 8.02057	
5.87	6.85241 1.21887 8.02215	
5.88	6.85227 1.21748 8.02346	
5.89	6.85212 1.20704 8.02629	
5.9	6.85154 1.19707 8.03912	
5.91	6.85151 1.17571 8.05778	
5.92	6.8422 1.16865 8.06722	
5.93	6.84201 1.16978 8.06743	
5.94	6.8417 1.16937 8.07047	
5.95	6.8416 1.16244 8.05565	
5.96	6.84141 1.14917 8.03982	
5.97	6.84104 1.13588 8.04691	
5.98	6.84101 1.12035 8.05347	
5.99	6.84031 1.10663 8.06428	
6	6.8399 1.09053 8.05267	
6.01	6.83943 1.08363 8.03342	
6.02	6.83961 1.07992 8.0123	
6.03	6.83923 1.07271 8.00055	
6.04	6.83919 1.07045 7.99557	
6.05	6.83932 1.06707 7.99031	
6.06	6.83926 1.06305 7.99422	
6.07	6.82109 1.06049 7.99346	
6.08	6.81189 1.04523 7.99539	
6.09	6.81142 1.03624 7.9931	
6.1	6.81107 1.01833 7.99642	
6.11	6.81117 0.995633 8.00122	
6.12	6.81096 0.994514 7.99651	
6.13	6.81097 0.989643 7.99411	
6.14	6.8017 0.99071 7.99574	
6.15	6.79281 0.980278 8.00597	
6.16	6.79263 0.974778 8.01277	
6.17	6.7922 0.965704 8.01197	
6.18	6.81907 0.950683 7.98658	
6.19	6.82785 0.933842 7.9518	
6.2	6.84583 0.929032 7.94681	
6.21	6.84541 0.937813 7.94134	
6.22	6.82734 0.976218 7.90601	
6.23	6.78272 1.00564 7.88217	
6.24	6.71969 1.04482 7.85937	
6.25	6.69334 1.07058 7.83685	
6.26	6.66599 1.08591 7.83055	
6.27	6.6655 1.09319 7.82858	
6.28	6.6562 1.11818 7.80507	
6.29	6.66506 1.13541 7.74782	
6.3	6.66497 1.1548 7.7189	
6.31	6.68211 1.17823 7.69718	
6.32	6.70939 1.22952 7.64869	
6.33	6.80713 1.27042 7.60336	
6.34	6.81359 1.33235 7.57353	
6.35	6.82239 1.38756 7.52886	
6.36	6.82303 1.42605 7.49256	
6.37	6.85009 1.46364 7.45388	
6.38	6.87689 1.54563 7.38165	
6.39	6.9039 1.64754 7.27768	
6.4	6.91207 1.73505 7.15237	
6.41	6.90425 1.8478 7.04707	
6.42	6.90519 1.96248 6.95408	
6.43	6.89746 2.05687 6.87965	
6.44	6.89826 2.1059 6.83762	
6.45	6.89788 2.12524 6.82725	
6.46	6.89774 2.12894 6.82589	
6.47	6.89587 2.12536 6.84555	
6.48	6.90155 2.10321 6.88151	
6.49	6.89599 2.07443 6.9522	
6.5	6.89077 2.0685 7.01211	
6.51	6.8788 2.06494 7.11164	
6.52	6.88175 2.05303 7.24561	
6.53	6.88278 2.04818 7.38244	
6.54	6.88155 2.04406 7.52234	
6.55	6.90338 2.04363 7.65944	
6.56	6.93318 2.04933 7.80466	
6.57	6.96103 2.06162 7.9434	
6.58	6.98229 2.06369 8.07697	
6.59	6.9978 2.0769 8.16887	
6.6	7.03113 2.08139 8.2485	
6.61	7.06602 2.0906 8.31652	
6.62	7.10906 2.08822 8.37877	
6.63	7.15456 2.07861 8.42299	
6.64	7.2149 2.06366 8.46091	
6.65	7.24457 2.05209 8.49551	
6.66	7.25878 2.04634 8.51011	
6.67	7.29775 2.04538 8.54222	
6.68	7.32985 2.05195 8.52192	
6.69	7.37544 2.03795 8.47546	
6.7	7.41592 2.03774 8.43718	
6.71	7.44242 2.0453 8.42065	
6.72	7.45078 2.05799 8.40828	
6.73	7.44986 2.06411 8.39937	
6.74	7.429 2.07232 8.39588	
6.75	7.41415 2.07888 8.3897	
6.76	7.41669 2.0795 8.39238	
6.77	7.41669 2.0795 8.39238	
6.78	7.41662 2.07605 8.39575	
6.79	7.40616 2.0815 8.3937	
6.8	7.40746 2.08208 8.39507	
6.81	7.40327 2.08018 8.39409	
6.82	7.40312 2.07328 8.40083	
6.83	7.40139 2.06856 8.40589	
6.84	7.40131 2.06512 8.40927	
6.85	7.40205 2.05759 8.42039	
6.86	7.39616 2.05098 8.42447	
6.87	7.39861 2.04817 8.43053	
6.88	7.39702 2.04849 8.42373	
6.89	7.39596 2.042 8.41251	
6.9	7.39592 2.04016 8.40739	
6.91	7.3958 2.03488 8.40566	
6.92	7.38973 2.03473 8.40322	
6.93	7.3872 2.03411 8.40054	
6.94	7.38118 2.03581 8.40322	
6.95	7.37263 2.03689 8.40322	
6.96	7.36439 2.03575 8.4036	
6.97	7.35389 2.03779 8.40491	
6.98	7.33701 2.03433 8.40868	
6.99	7.32952 2.02861 8.41677	
7	7.31843 2.02908 8.41409	
7.01	7.32096 2.02971 8.41677	
7.02	7.31816 2.0188 8.42426	
7.03	7.32042 2.00916 8.43713	
7.04	7.32033 2.00574 8.44053	
7.05	7.31869 2.00449 8.44222	
7.06	7.319 2.00227 8.44261	
7.07	7.30351 2.00574 8.44092	
7.08	7.28639 2.00796 8.44092	
7.09	7.28763 2.00801 8.44223	
7.1	7.28639 2.00796 8.44092	
7.11	7.28629 2.00454 8.44432	
7.12	7.29471 1.99817 8.4426	
7.13	7.29462 1.99476 8.44601	
7.14	7.29617 1.99259 8.44771	
7.15	7.2876 1.99371 8.44771	
7.16	7.27015 1.99816 8.44732	
7.17	7.24893 2.00195 8.44294	
7.18	7.25178 2.00036 8.446	
7.19	7.24671 1.99912 8.44065	
7.2	7.23814 1.99421 8.41798	
7.21	7.2106 2.00564 8.38599	
7.22	7.1234 2.01999 8.37138	
7.23	6.95239 2.03857 8.36221	
7.24	6.74928 2.02216 8.38371	
7.25	6.5826 1.98365 8.39663	
7.26	6.55064 1.9592 8.39391	
7.27	6.55146 1.94205 8.40236	
7.28	6.55784 1.92384 8.41564	
7.29	6.56301 1.95308 8.35705	
7.3	6.54442 1.99454 8.31946	
7.31	6.48725 2.02846 8.29678	
7.32	6.46668 2.05391 8.28031	
7.33	6.47835 2.04791 8.28373	
7.34	6.54822 2.03254 8.29399	
7.35	6.68407 2.00853 8.30015	
7.36	6.79122 2.01279 8.2885	
7.37	6.89032 2.01874 8.27961	
7.38	7.01844 2.06044 8.23342	
7.39	7.15272 2.13348 8.17906	
7.4	7.19637 2.20606 8.15867	
7.41	7.18072 2.24475 8.1368	
7.42	7.16172 2.27003 8.12401	
7.43	7.16102 2.30628 8.09243	
7.44	7.1632 2.37603 8.03702	
7.45	7.16513 2.48957 7.96499	
7.46	7.16923 2.6303 7.854	
7.47	7.21721 2.75679 7.76057	
7.48	7.30339 2.87483 7.67221	
7.49	7.32208 2.98381 7.60205	
7.5	7.33926 3.07973 7.57135	
7.51	7.35326 3.102 7.59132	
7.52	7.38456 2.96016 7.74999	
7.53	7.47825 2.72604 8.02484	
7.54	7.79063 2.50075 8.30818	
7.55	8.21098 2.51253 8.55957	
7.56	8.39119 2.57651 8.62322	
7.57	8.31581 2.61375 8.3717	
7.58	8.19852 2.58169 8.10632	
7.59	8.11489 2.4518 7.83374	
7.6	8.00251 2.26839 7.7823	
7.61	7.95132 2.13187 7.80629	
7.62	7.81357 2.06007 7.81289	
7.63	7.68204 2.03365 7.76984	
7.64	7.6534 2.078 7.66695	
7.65	7.64675 2.19733 7.54418	
7.66	7.65203 2.28822 7.46509	
7.67	7.64871 2.38351 7.38363	
7.68	7.64607 2.48683 7.30475	
7.69	7.64224 2.57162 7.23196	
7.7	7.67179 2.68806 7.14149	
7.71	7.70776 2.85119 7.01817	
7.72	7.73163 3.07148 6.85267	
7.73	7.73807 3.32082 6.67596	
7.74	7.76014 3.55228 6.51533	
7.75	7.75913 3.7745 6.37289	
7.76	7.75116 3.99535 6.24262	
7.77	7.74129 4.22993 6.10094	
7.78	7.70768 4.50024 5.94825	
7.79	7.65288 4.75315 5.809	
7.8	7.59243 4.99814 5.68013	
7.81	7.55447 5.21302 5.54887	
7.82	7.54848 5.37277 5.4598	
7.83	7.52128 5.53841 5.37155	
7.84	7.48595 5.75995 5.24324	
7.85	7.4723 5.99129 5.10689	
7.86	7.40662 6.08526 5.02499	
7.87	7.40584 6.00855 4.95374	
7.88	7.56969 5.74473 4.6769	
7.89	7.79708 5.48148 4.25267	
7.9	7.9203 5.39793 3.86855	
7.91	8.00772 5.4206 3.59385	
7.92	8.04546 5.49931 3.34693	
7.93	8.09327 5.50298 3.16221	
7.94	8.13214 5.58441 2.99868	
7.95	8.0891 5.7977 2.87983	
7.96	8.00132 6.1571 2.84844	
7.97	7.87773 6.52065 2.75205	
7.98	7.77256 6.8551 2.67308	
7.99	7.70716 7.19408 2.58647	
8	7.60328 7.39694 2.51187	
8.01	7.5236 7.58211 2.47	
8.02	7.5256 7.75839 2.43061	
8.03	7.49925 7.94473 2.4086	
8.04	7.48012 8.07955 2.36324	
8.05	7.47802 8.20265 2.34249	
8.06	7.46099 8.33685 2.31095	
8.07	7.40399 8.44092 2.27029	
8.08	7.35534 8.56003 2.27986	
8.09	7.32488 8.66304 2.26282	
8.1	7.23869 8.74969 2.26228	
8.11	7.18259 8.78405 2.25828	
8.12	7.17482 8.8219 2.25551	
8.13	7.16703 8.86906 2.25218	
8.14	7.16558 8.89404 2.25196	
8.15	7.16395 8.88018 2.24303	
8.16	7.16879 8.87597 2.23107	
8.17	7.1581 8.87297 2.215	
8.18	7.13787 8.88152 2.22205	
8.19	7.10815 8.90643 2.16614	
8.2	7.06817 8.90978 2.18773	
8.21	7.01772 8.87874 2.22696	
8.22	6.97547 8.83707 2.36628	
8.23	6.93351 8.78343 2.35975	
8.24	6.89187 8.76472 2.50351	
8.25	6.86244 8.75957 2.55995	
8.26	6.86979 8.78631 2.58827	
8.27	6.87345 8.78271 2.63687	
8.28	6.88508 8.7795 2.70357	
8.29	6.91649 8.75116 2.73748	
8.3	7.00263 8.72003 2.79723	
8.31	7.15575 8.68962 2.7418	
8.32	7.46801 8.71717 2.73495	
8.33	7.62837 8.75925 2.70228	
8.34	7.97582 8.77791 2.65519	
8.35	8.04014 8.857 2.54633	
8.36	8.00115 8.90482 2.51677	
8.37	7.9555 9.12555 2.46323	
8.38	7.96333 9.14332 2.37549	
8.39	7.871 9.15659 2.67925	
8.4	7.90388 9.04534 2.7238	
8.41	7.9299 9.09233 2.96376	
8.42	7.97681 9.07098 3.12959	
8.43	8.0112 9.06135 3.28567	
8.44	8.04458 9.05893 3.33318	
8.45	8.08465 9.09564 3.43801	
8.46	8.09459 9.11311 3.48737	
8.47	8.1042 9.14774 3.46206	
8.48	8.05717 9.15834 3.29508	
8.49	7.98274 9.14745 3.10367	
8.5	7.91539 9.10748 2.81177	
8.51	7.87604 9.03216 2.48399	
8.52	7.8949 8.99851 2.13135	
8.53	7.94117 8.92374 1.99452	
8.54	7.95505 9.00694 1.87932	
8.55	7.91779 9.26973 1.92651	
8.56	7.88986 9.52193 1.80845	
8.57	7.87701 9.70236 1.73706	
8.58	7.92602 10.1335 1.44489	
8.59	7.92275 10.202 1.54256	
8.6	7.88305 10.4131 1.59105	
8.61	7.79211 10.3057 1.89529	
8.62	7.76864 10.2094 2.38371	
8.63	7.86658 10.1157 2.85441	
8.64	7.94024 10.0832 3.04874	
8.65	7.97914 10.0238 3.02387	
8.66	7.95576 9.91836 2.85473	
8.67	7.87897 9.55339 2.60125	
8.68	7.87269 9.07717 2.25426	
8.69	7.85849 8.22631 2.30161	
8.7	7.82392 6.64019 2.53783	
8.71	7.48554 4.49437 3.17363	
8.72	7.28056 3.18223 3.88928	
8.73	7.02404 2.61718 4.46646	
8.74	6.82112 2.50719 4.92409	
8.75	6.93118 2.17774 5.63955	
8.76	7.09354 1.80357 6.19162	
8.77	7.32255 1.41261 6.80609	
8.78	7.75081 1.00988 7.43558	
8.79	8.11738 0.49128 7.97243	
8.8	8.43602 -0.0462433 8.49226	
8.81	8.62721 -0.500956 8.81003	
8.82	8.77236 -0.827764 9.02871	
8.83	8.80401 -1.19639 9.30349	
8.84	8.74528 -1.46098 9.1153	
8.85	8.50222 -1.51448 8.58262	
8.86	8.33522 -1.52971 8.2835	
8.87	8.29411 -1.59857 7.95287	
8.88	8.29414 -1.61273 7.70165	
8.89	8.27539 -1.61329 7.5954	
8.9	8.26951 -1.59901 7.57483	
8.91	8.29725 -1.60188 7.49352	
8.92	8.39016 -1.60511 7.41385	
8.93	8.46235 -1.69393 7.375	
8.94	8.60736 -1.73506 7.40685	
8.95	8.84034 -1.62841 7.11792	
8.96	9.12366 -0.910192 5.97293	
8.97	8.93592 0.248767 4.64962	
8.98	8.7882 1.8376 3.32159	
8.99	8.68842 3.93191 2.75507	
9	8.42518 6.75951 2.89936	
9.01	8.22871 10.563 3.52062	
9.02	8.12317 11.55 1.81132	
9.03	7.87448 13.2578 2.31422	
9.04	7.60156 13.7035 2.04304	
9.05	7.54048 13.8581 2.05317	
9.06	7.55312 13.9259 1.99481	
9.07	7.68513 13.8998 1.84589	
9.08	7.83881 14.2969 1.4224	
9.09	8.01694 14.1041 1.25705	
9.1	8.01116 14.1683 1.32436	
9.11	8.00798 14.0485 1.26934	
9.12	7.75806 14.0808 1.47271	
9.13	7.49172 14.0622 1.7823	
9.14	7.36032 14.2413 2.20728	
9.15	7.29862 14.2211 2.57667	
9.16	7.33569 14.259 2.62714	
9.17	7.23219 14.7154 2.9836	
9.18	7.21064 15.0441 3.67535	
9.19	7.2391 15.1069 4.01901	
9.2	7.27849 15.2356 4.07227	
9.21	7.28634 15.3562 4.17201	
9.22	7.31756 15.4348 4.27127	
9.23	7.27936 15.4058 4.16453	
9.24	7.27214 15.2352 4.08345	
9.25	7.28277 15.2527 4.13164	
9.26	7.28328 15.2609 4.14177	
9.27	7.27621 15.2473 4.1356	
9.28	7.27371 15.2537 4.13369	
9.29	7.17164 14.7827 3.09736	
9.3	7.30399 14.5143 2.54448	
9.31	7.43499 14.3961 2.21193	
9.32	7.24996 14.4154 2.28271	
9.33	7.21882 14.6059 2.26804	
9.34	7.31917 14.5982 2.21784	
9.35	7.49117 14.4895 1.99879	
9.36	7.72291 14.1757 2.03611	
9.37	7.6568 14.2216 2.05207	
9.38	7.60038 14.2665 2.1485	
9.39	7.63688 14.1978 1.95328	
9.4	7.9458 14.1397 1.64081	
9.41	8.17125 14.0594 1.43751	
9.42	8.33372 14.0045 1.3182	
9.43	8.36039 13.9929 1.29584	
9.44	8.35837 13.9931 1.29188	
9.45	8.35413 13.9969 1.2889	
9.46	8.35492 13.9983 1.28302	
9.47	8.35125 14.001 1.28022	
9.48	8.35171 13.997 1.27639	
9.49	8.35017 13.9949 1.27369	
9.5	8.35077 13.9927 1.26974	
9.51	8.34912 13.9925 1.26702	
9.52	8.35504 13.9878 1.26029	
9.53	8.35343 13.9862 1.25822	
9.54	8.35453 13.9839 1.25462	
9.55	8.35307 13.9837 1.25241	
9.56	8.36135 13.9779 1.24494	
9.57	8.35655 13.9774 1.24546	
9.58	8.3528 13.9781 1.245	
9.59	8.35836 13.9726 1.23992	
9.6	8.35662 13.9716 1.23874	
9.61	8.35286 13.9725 1.23856	
9.62	8.35281 13.9707 1.23668	
9.63	8.35172 13.9666 1.23636	
9.64	8.35711 13.9649 1.23067	
9.65	8.35245 13.9649 1.23184	
9.66	8.35262 13.9649 1.22957	
9.67	8.3518 13.9622 1.22904	
9.68	8.35002 13.9627 1.22825	
9.69	8.35758 13.9547 1.22356	
9.7	8.3529 13.955 1.22504	
9.71	8.35205 13.9571 1.2232	
9.72	8.35421 13.9569 1.22008	
9.73	8.34979 13.9572 1.22157	
9.74	8.35745 13.9538 1.21591	
9.75	8.35478 13.9524 1.21683	
9.76	8.35108 13.954 1.2175	
9.77	8.35646 13.9517 1.21376	
9.78	8.35174 13.9523 1.21562	
9.79	8.35459 13.9493 1.21379	
9.8	8.35397 13.9503 1.2126	
9.81	8.35204 13.9487 1.21346	
9.82	8.35622 13.9468 1.21045	
9.83	8.35466 13.9466 1.21045	
9.84	8.348 13.9493 1.21325	
9.85	8.35455 13.9467 1.20997	
9.86	8.35287 13.9467 1.21008	
9.87	8.35639 13.9439 1.20745	
9.88	8.35481 13.9438 1.20759	
9.89	8.34814 13.9466 1.21049	
9.9	8.35627 13.9435 1.20611	
9.91	8.35463 13.9436 1.20631	
9.92	8.35304 13.9408 1.20757	
9.93	8.35359 13.9418 1.20592	
9.94	8.34722 13.9417 1.20983	
9.95	8.35597 13.9402 1.20488	
9.96	8.3553 13.9386 1.20508	
9.97	8.35369 13.9388 1.20538	
9.98	8.35422 13.9398 1.20381	
9.99	8.35272 13.9399 1.20409	
10	8.35043 13.9404 1.20546	
10.01	8.35593 13.9394 1.20232	
10.02	8.35139 13.9411 1.20441	
10.03	8.3539 13.9384 1.20364	
10.04	8.34865 13.9465 1.20435	
10.05	8.35705 13.9379 1.20194	
10.06	8.34994 13.948 1.20306	
10.07	8.3564 13.94 1.20131	
10.08	8.35062 13.9439 1.20357	
10.09	8.35809 13.9406 1.19921	
10.1	8.35615 13.9415 1.19961	
10.11	8.35458 13.9416 1.20004	
10.12	8.35146 13.9404 1.2022	
10.13	8.35205 13.9424 1.20174	
10.14	8.357 13.944 1.19813	
10.15	8.35537 13.9411 1.1997	
10.16	8.35076 13.9448 1.20103	
10.17	8.35785 13.9395 1.19804	
10.18	8.35073 13.9468 1.20031	
10.19	8.3584 13.9406 1.1972	
10.2	8.35504 13.9455 1.19751	
10.21	8.36079 13.927 1.19982	
10.22	8.35516 13.9404 1.19924	
10.23	8.36058 13.9342 1.19787	
10.24	8.35754 13.9354 1.19928	
10.25	8.35853 13.9359 1.19806	
10.26	8.35732 13.9354 1.19853	
10.27	8.3563 13.9322 1.20025	
10.28	8.36021 13.9352 1.19719	
10.29	8.3555 13.9373 1.19946	
10.3	8.35838 13.9341 1.19862	
10.31	8.35609 13.9406 1.1978	
10.32	8.36115 13.9345 1.19639	
10.33	8.35381 13.939 1.19957	
10.34	8.36113 13.9329 1.19666	
10.35	8.35338 13.9389 1.20015	
10.36	8.3591 13.9352 1.19765	
10.37	8.35805 13.9382 1.19717	
10.38	8.35701 13.9383 1.19746	
10.39	8.36031 13.9357 1.19569	
10.4	8.35573 13.9363 1.19823	
10.41	8.36117 13.929 1.19698	
10.42	8.35633 13.9418 1.19619	
10.43	8.35935 13.9378 1.19576	
10.44	8.35967 13.9362 1.19561	
10.45	8.35819 13.9359 1.19622	
10.46	8.35903 13.9337 1.19621	
10.47	8.35617 13.9381 1.19686	
10.48	8.35948 13.9338 1.19616	
10.49	8.35849 13.9383 1.1955	
10.5	8.35716 13.9352 1.19738	
10.51	8.35788 13.9352 1.19692	
10.52	8.35977 13.9365 1.19508	
10.53	8.35829 13.9363 1.19572	
10.54	8.35713 13.936 1.19646	
10.55	8.35869 13.9356 1.19585	
10.56	8.35947 13.9338 1.19614	
10.57	8.3585 13.937 1.1953	
10.58	8.35714 13.934 1.19721	
10.59	8.35596 13.9378 1.19722	
10.6	8.36242 13.9352 1.19379	
10.61	8.35567 13.9378 1.19715	
10.62	8.3604 13.934 1.19503	
10.63	8.35674 13.9393 1.19564	
10.64	8.35958 13.9353 1.19511	
10.65	8.35679 13.9393 1.19556	
10.66	8.3596 13.9325 1.19615	
10.67	8.3592 13.9391 1.19432	
10.68	8.35412 13.9375 1.19834	
10.69	8.36248 13.9333 1.19409	
10.7	8.3599 13.9393 1.19385	
10.71	8.35372 13.9414 1.19708	
10.72	8.36305 13.9307 1.19481	
10.73	8.35724 13.9416 1.19528	
10.74	8.36049 13.9371 1.19467	
10.75	8.3589 13.9367 1.19539	
10.76	8.35732 13.9374 1.19588	
10.77	8.35804 13.9352 1.19595	
10.78	8.35822 13.9348 1.19601	
10.79	8.35868 13.9345 1.19588	
10.8	8.35829 13.9385 1.19474	
10.81	8.36057 13.9319 1.1953	
10.82	8.35585 13.9405 1.19544	
10.83	8.36085 13.9346 1.19432	
10.84	8.35554 13.9405 1.19605	
10.85	8.36087 13.9334 1.19507	
10.86	8.35906 13.9372 1.19494	
10.87	8.35766 13.937 1.19579	
10.88	8.35921 13.934 1.19564	
10.89	8.35767 13.9393 1.19474	
10.9	8.3591 13.9336 1.19573	
10.91	8.35783 13.9393 1.19466	
10.92	8.36116 13.9347 1.19383	
10.93	8.35888 13.9337 1.19551	
10.94	8.35965 13.9349 1.19437	
10.95	8.35362 13.9391 1.1972	
10.96	8.3651 13.9269 1.19404	
10.97	8.35552 13.9477 1.19402	
10.98	8.36254 13.937 1.19347	
10.99	8.3599 13.9384 1.19429	
11	8.35622 13.9401 1.19578	
11.01	8.36096 13.9361 1.1937	
11.02	8.36118 13.9347 1.19362	
11.03	8.35755 13.9336 1.19618	
11.04	8.35932 13.9331 1.19559	
11.05	8.35484 13.939 1.19724	
11.06	8.36453 13.9335 1.19247	
11.07	8.36156 13.9372 1.19295	
11.08	8.35693 13.9377 1.19558	
11.09	8.35941 13.936 1.1943	
11.1	8.35734 13.9382 1.19471	
11.11	8.35928 13.9322 1.19558	
11.12	8.35974 13.9386 1.19348	
11.13	8.35689 13.9396 1.19473	
11.14	8.36198 13.9306 1.19456	
11.15	8.35719 13.9418 1.19405	
11.16	8.35969 13.9382 1.19383	
11.17	8.358 13.9383 1.19453	
11.18	8.35889 13.9331 1.19568	
11.19	8.36031 13.9369 1.19362	
11.2	8.35673 13.9387 1.19507	
11.21	8.35915 13.933 1.19556	
11.22	8.35959 13.9365 1.19464	
11.23	8.3575 13.9369 1.19567	
11.24	8.35874 13.9351 1.19539	
11.25	8.35789 13.9393 1.19447	
11.26	8.35614 13.9374 1.19629	
11.27	8.36078 13.9357 1.19377	
11.28	8.3581 13.9386 1.1943	
11.29	8.3589 13.9335 1.19548	
11.3	8.3582 13.9388 1.19429	
11.31	8.3578 13.9327 1.19668	
11.32	8.35883 13.9391 1.19404	
11.33	8.36035 13.936 1.19372	
11.34	8.35676 13.9377 1.19516	
11.35	8.35976 13.9308 1.19574	
11.36	8.35727 13.9395 1.19534	
11.37	8.36015 13.9353 1.19481	
11.38	8.35705 13.9383 1.1955	
11.39	8.35949 13.9366 1.19422	
11.4	8.35955 13.9357 1.19409	
11.41	8.35894 13.9348 1.19453	
11.42	8.35739 13.9366 1.19512	
11.43	8.35849 13.9348 1.19552	
11.44	8.35516 13.9411 1.19604	
11.45	8.36209 13.9324 1.19442	
11.46	8.35795 13.9388 1.19504	
11.47	8.35968 13.9357 1.19486	
11.48	8.36013 13.9336 1.19481	
11.49	8.35351 13.9391 1.19705	
11.5	8.36319 13.931 1.1936	
11.51	8.35833 13.9431 1.19324	
11.52	8.35913 13.9409 1.19349	
11.53	8.3605 13.935 1.19434	
11.54	8.35691 13.9367 1.1958	
11.55	8.36225 13.9332 1.19334	
11.56	8.35527 13.9372 1.19697	
11.57	8.3614 13.9351 1.19357	
11.58	8.3576 13.9412 1.19394	
11.59	8.35967 13.9377 1.19367	
11.6	8.35812 13.9375 1.19439	
11.61	8.36069 13.9307 1.19491	
11.62	8.35588 13.9386 1.19586	
11.63	8.36129 13.9352 1.19354	
11.64	8.35952 13.9394 1.19315	
11.65	8.35745 13.9397 1.19421	
11.66	8.35969 13.9362 1.19389	
11.67	8.35739 13.9387 1.19437	
11.68	8.35862 13.9341 1.19522	
11.69	8.358 13.9368 1.1951	
11.7	8.36144 13.9349 1.19316	
11.71	8.35731 13.9381 1.19454	
11.72	8.35955 13.9318 1.19534	
11.73	8.35976 13.939 1.19323	
11.74	8.35716 13.937 1.19552	
11.75	8.35996 13.933 1.19505	
11.76	8.35937 13.9363 1.19451	
11.77	8.35449 13.9402 1.19629	
11.78	8.36448 13.9287 1.1937	
11.79	8.35554 13.9438 1.19499	
11.8	8.36379 13.9367 1.19194	
11.81	8.36007 13.9384 1.19345	
11.82	8.3585 13.9382 1.19417	
11.83	8.35742 13.9327 1.19676	
11.84	8.35816 13.9373 1.19513	
11.85	8.3585 13.9358 1.19525	
11.86	8.36072 13.9321 1.19474	
11.87	8.356 13.9376 1.19604	
11.88	8.36114 13.9345 1.19379	
11.89	8.35873 13.9399 1.19361	
11.9	8.36038 13.9369 1.19345	
11.91	8.35886 13.9338 1.19527	
11.92	8.3578 13.9369 1.1948	
11.93	8.35916 13.9362 1.19428	
11.94	8.3579 13.9355 1.19543	
11.95	8.36135 13.9344 1.19331	
11.96	8.35868 13.9374 1.19381	
11.97	8.35994 13.9319 1.19489	
11.98	8.35675 13.9376 1.19553	
11.99	8.36042 13.9357 1.19371	
12	8.35931 13.9352 1.19454	
12.01	8.35949 13.9363 1.19368	
12.02	8.35895 13.9353 1.19412	
12.03	8.35722 13.9366 1.19489	
12.04	8.36147 13.9336 1.19345	
12.05	8.35533 13.942 1.1948	
12.06	8.36166 13.935 1.19336	
12.07	8.35955 13.9401 1.19291	
12.08	8.35948 13.9385 1.19324	
12.09	8.35928 13.9342 1.19471	
12.1	8.3594 13.9332 1.19485	
12.11	8.35932 13.934 1.19479	
12.12	8.35748 13.9393 1.19419	
12.13	8.35961 13.9359 1.1939	
12.14	8.35746 13.9359 1.19531	
12.15	8.35968 13.9353 1.1939	
12.16	8.35947 13.9341 1.19461	
12.17	8.35942 13.9361 1.19366	
12.18	8.35707 13.934 1.19588	
12.19	8.35993 13.9361 1.19379	
12.2	8.3573 13.938 1.19503	
12.21	8.36005 13.934 1.19459	
12.22	8.35728 13.9378 1.19512	
12.23	8.36004 13.9367 1.19356	
12.24	8.35781 13.9383 1.19419	
12.25	8.35809 13.9345 1.19531	
12.26	8.35832 13.9356 1.19514	
12.27	8.35886 13.9379 1.19386	
12.28	8.36016 13.935 1.19362	
12.29	8.35842 13.9326 1.19539	
12.3	8.3579 13.9344 1.19563	
12.31	8.36125 13.9343 1.19406	
12.32	8.35662 13.9417 1.19425	
12.33	8.35957 13.9356 1.19463	
12.34	8.3574 13.9409 1.19396	
12.35	8.36196 13.9351 1.19284	
12.36	8.35991 13.9363 1.19347	
12.37	8.35667 13.9349 1.19594	
12.38	8.36242 13.9327 1.19313	
12.39	8.35561 13.9401 1.19555	
12.4	8.36197 13.9358 1.19299	
12.41	8.35858 13.9377 1.19456	
12.42	8.35902 13.9357 1.19475	
12.43	8.3604 13.9356 1.19338	
12.44	8.35679 13.9345 1.19595	
12.45	8.36224 13.9329 1.19318	
12.46	8.35242 13.9438 1.19642	
12.47	8.36694 13.9284 1.19259	
12.48	8.36053 13.9414 1.19287	
12.49	8.3574 13.9424 1.19425	
12.5	8.36273 13.9387 1.19182	
12.51	8.35903 13.9375 1.19445	
12.52	8.35846 13.9392 1.19381	
12.53	8.35866 13.9346 1.19517	
12.54	8.35844 13.9377 1.19413	
12.55	8.35845 13.9362 1.19441	
12.56	8.3583 13.9362 1.1945	
12.57	8.36057 13.9345 1.19364	
12.58	8.35281 13.9376 1.19802	
12.59	8.36402 13.9285 1.19407	
12.6	8.35614 13.9481 1.1933	
12.61	8.36423 13.9362 1.1923	
12.62	8.3626 13.9387 1.19197	
12.63	8.361 13.9355 1.19383	
12.64	8.35947 13.9352 1.19455	
12.65	8.35749 13.9384 1.19447	
12.66	8.35954 13.935 1.1942	
12.67	8.3596 13.934 1.19476	
12.68	8.35724 13.9387 1.19452	
12.69	8.36179 13.9301 1.1945	
12.7	8.35507 13.941 1.19573	
12.71	8.36243 13.9358 1.19288	
12.72	8.35891 13.9381 1.19443	
12.73	8.35862 13.9395 1.19371	
12.74	8.35854 13.938 1.19403	
12.75	8.36042 13.9317 1.19474	
12.76	8.35824 13.9383 1.19398	
12.77	8.36033 13.9349 1.1937	
12.78	8.35819 13.9378 1.19399	
12.79	8.35817 13.9336 1.19559	
12.8	8.35881 13.936 1.19496	
12.81	8.36053 13.9345 1.19421	
12.82	8.35694 13.9362 1.19567	
12.83	8.36209 13.93 1.19438	
12.84	8.35173 13.9453 1.19653	
12.85	8.36568 13.9305 1.193	
12.86	8.36148 13.9439 1.19145	
12.87	8.35787 13.9454 1.19296	
12.88	8.36033 13.9386 1.19372	
12.89	8.36084 13.9362 1.19373	
12.9	8.35417 13.9416 1.19601	
12.91	8.36318 13.934 1.19277	
12.92	8.35884 13.9381 1.19444	
12.93	8.36104 13.9372 1.19285	
12.94	8.3595 13.9341 1.19469	
12.95	8.35934 13.9355 1.19392	
12.96	8.35709 13.937 1.19481	
12.97	8.3617 13.9298 1.19457	
12.98	8.35721 13.9426 1.19369	
12.99	8.3598 13.9388 1.19345	
13	8.35722 13.9346 1.19646	
13.01	8.35917 13.9337 1.19528	
13.02	8.35988 13.9373 1.19353	
13.03	8.35867 13.9339 1.19526	
13.04	8.35772 13.937 1.19476	
13.05	8.35899 13.9334 1.19539	
13.06	8.35811 13.9369 1.19519	
13.07	8.35604 13.9353 1.1971	
13.08	8.36319 13.9318 1.19374	
13.09	8.3565 13.9407 1.19517	
13.1	8.36051 13.9347 1.19458	
13.11	8.36 13.9382 1.19328	
13.12	8.35908 13.9374 1.19382	
13.13	8.35764 13.9344 1.1958	
13.14	8.36164 13.9321 1.19434	
13.15	8.35548 13.9406 1.19571	
13.16	8.36214 13.9361 1.19305	
13.17	8.36101 13.9384 1.19278	
13.18	8.35949 13.938 1.19349	
13.19	8.35727 13.9357 1.19569	
13.2	8.36187 13.9337 1.19324	
13.21	8.35838 13.9358 1.19498	
13.22	8.3583 13.9345 1.19548	
13.23	8.35778 13.9374 1.19516	
13.24	8.35562 13.9357 1.19717	
13.25	8.36131 13.9358 1.1934	
13.26	8.36052 13.9372 1.19318	
13.27	8.35902 13.9369 1.19388	
13.28	8.35735 13.937 1.19481	
13.29	8.35933 13.9351 1.19426	
13.3	8.35967 13.9371 1.19355	
13.31	8.35693 13.9381 1.19477	
13.32	8.35986 13.934 1.19426	
13.33	8.35716 13.9402 1.19434	
13.34	8.36211 13.9313 1.1942	
13.35	8.35586 13.9428 1.19447	
13.36	8.36158 13.9334 1.1943	
13.37	8.35949 13.9384 1.19387	
13.38	8.35797 13.9411 1.19367	
13.39	8.36162 13.9361 1.1928	
13.4	8.35798 13.9378 1.19428	
13.41	8.35899 13.9354 1.1943	
13.42	8.36001 13.9327 1.19477	
13.43	8.35674 13.937 1.19568	
13.44	8.36036 13.9352 1.19386	
13.45	8.35666 13.9377 1.19561	
13.46	8.36046 13.9328 1.19486	
13.47	8.3589 13.9375 1.1945	
13.48	8.35808 13.9368 1.19521	
13.49	8.36113 13.9352 1.19336	
13.5	8.35929 13.9358 1.19401	
13.51	8.35693 13.9337 1.19624	
13.52	8.36198 13.9343 1.19327	
13.53	8.35596 13.9399 1.19546	
13.54	8.3615 13.9364 1.19312	
13.55	8.36073 13.9348 1.19403	
13.56	8.35715 13.9393 1.19438	
13.57	8.36202 13.9333 1.19316	
13.58	8.35626 13.9379 1.19566	
13.59	8.36004 13.9339 1.1947	
13.6	8.35685 13.9397 1.19512	
13.61	8.36292 13.9354 1.19246	
13.62	8.361 13.9361 1.19313	
13.63	8.35948 13.9359 1.19384	
13.64	8.35696 13.9339 1.19611	
13.65	8.36207 13.9311 1.1943	
13.66	8.35712 13.9433 1.19368	
13.67	8.36219 13.9343 1.19369	
13.68	8.35987 13.9362 1.19429	
13.69	8.3592 13.938 1.19366	
13.7	8.35742 13.9381 1.19463	
13.71	8.35933 13.9321 1.1955	
13.72	8.35773 13.9378 1.19524	
13.73	8.36163 13.9355 1.19315	
13.74	8.35995 13.9356 1.19383	
13.75	8.35846 13.9354 1.19452	
13.76	8.35765 13.9326 1.1962	
13.77	8.35931 13.9358 1.19503	
13.78	8.35822 13.9413 1.19379	
13.79	8.36133 13.9339 1.19415	
13.8	8.35757 13.9389 1.19447	
13.81	8.3595 13.9356 1.19423	
13.82	8.35757 13.9384 1.19457	
13.83	8.36156 13.9332 1.19357	
13.84	8.3579 13.9386 1.1942	
13.85	8.36091 13.9344 1.19366	
13.86	8.35788 13.9386 1.19421	
13.87	8.36088 13.9345 1.19368	
13.88	8.35577 13.9406 1.195	
13.89	8.36124 13.9315 1.19489	
13.9	8.35831 13.9398 1.19445	
13.91	8.35907 13.9405 1.19361	
13.92	8.36043 13.9375 1.19334	
13.93	8.35376 13.94 1.19672	
13.94	8.36201 13.9283 1.19567	
13.95	8.35416 13.9445 1.19619	
13.96	8.36565 13.9346 1.19223	
13.97	8.3618 13.9364 1.19376	
13.98	8.36019 13.939 1.1934	
13.99	8.36071 13.9367 1.19337	
14	8.35403 13.9393 1.19675	
14.01	8.36284 13.932 1.19351	
14.02	8.35579 13.9425 1.19514	
14.03	8.36152 13.9379 1.19295	
14.04	8.36196 13.9328 1.19406	
14.05	8.35525 13.9383 1.19633	
14.06	8.36377 13.931 1.19302	
14.07	8.35665 13.9421 1.1943	
14.08	8.36086 13.9368 1.19343	
14.09	8.35857 13.9385 1.19405	
14.1	8.35758 13.9358 1.1955	
14.11	8.35061 13.9375 1.20003	
14.12	8.35346 13.9418 1.19784	
14.13	8.15753 14.0011 1.33348	
14.14	7.91828 14.0857 1.53724	
14.15	7.79292 14.1422 1.66133	
14.16	7.77031 14.1567 1.68348	
14.17	7.76601 14.1572 1.68795	
14.18	7.76588 14.1498 1.69007	
14.19	7.76441 14.1499 1.69115	
14.2	7.76459 14.1495 1.69033	
14.21	7.76162 14.1501 1.69319	
14.22	7.76031 14.1502 1.69416	
14.23	7.75904 14.1503 1.69509	
14.24	7.75781 14.1503 1.69604	
14.25	7.75709 14.1489 1.69778	
14.26	7.75597 14.149 1.6986	
14.27	7.75453 14.1463 1.70136	
14.28	7.75194 14.1492 1.70302	
14.29	7.74958 14.1504 1.70623	
14.3	7.7498 14.1474 1.70711	
14.31	7.74739 14.1481 1.70937	
14.32	7.7463 14.1477 1.71112	
14.33	7.74514 14.1485 1.71253	
14.34	7.74566 14.1463 1.71317	
14.35	7.74501 14.1506 1.71256	
14.36	7.74497 14.1487 1.71384	
14.37	7.74345 14.1483 1.71558	
14.38	7.74313 14.1498 1.71691	
14.39	7.74285 14.1519 1.71623	
14.4	7.74084 14.1503 1.72016	
14.41	7.7404 14.1531 1.72037	
14.42	7.74006 14.1521 1.72133	
14.43	7.73973 14.1528 1.72165	
14.44	7.73966 14.1526 1.72201	
14.45	7.74096 14.1503 1.7213	
14.46	7.73853 14.1552 1.72249	
14.47	7.73933 14.1544 1.72335	
14.48	7.74019 14.1492 1.72334	
14.49	7.73931 14.1537 1.72296	
14.5	7.73978 14.1513 1.72365	
14.51	7.73776 14.1554 1.72433	
14.52	7.74299 14.1491 1.72109	
14.53	7.73775 14.1566 1.7244	
14.54	7.73856 14.1546 1.72498	
14.55	7.73948 14.1499 1.72471	
14.56	7.73887 14.1537 1.72408	
14.57	7.73943 14.1536 1.72363	
14.58	7.73736 14.1551 1.72521	
14.59	7.74044 14.1492 1.72471	
14.6	7.73859 14.1576 1.72338	
14.61	7.73762 14.1524 1.72697	
14.62	7.73717 14.1546 1.72679	
14.63	7.73954 14.1512 1.72503	
14.64	7.73694 14.1567 1.72562	
14.65	7.74041 14.1497 1.72534	
14.66	7.73718 14.1579 1.72576	
14.67	7.73795 14.152 1.72758	
14.68	7.73659 14.1573 1.7267	
14.69	7.73821 14.1525 1.72743	
14.7	7.73864 14.1558 1.72486	
14.71	7.73684 14.1517 1.72835	
14.72	7.7372 14.1552 1.72717	
14.73	7.73784 14.1567 1.7255	
14.74	7.73797 14.152 1.72703	
14.75	7.73884 14.1536 1.72513	
14.76	7.7374 14.1549 1.7262	
14.77	7.74002 14.1509 1.72484	
14.78	7.73888 14.1541 1.72439	
14.79	7.73768 14.1537 1.72631	
14.8	7.73961 14.1536 1.72402	
14.81	7.73713 14.1531 1.72649	
14.82	7.74007 14.1538 1.72403	
14.83	7.73908 14.1505 1.72548	
14.84	7.73702 14.1588 1.72494	
14.85	7.74051 14.1483 1.72598	
14.86	7.73642 14.1625 1.72542	
14.87	7.73839 14.1494 1.72898	
14.88	7.73556 14.1615 1.72758	
14.89	7.73817 14.1522 1.72872	
14.9	7.73693 14.1593 1.72685	
14.91	7.73898 14.1488 1.72809	
14.92	7.7369 14.159 1.72644	
14.93	7.73792 14.1527 1.72841	
14.94	7.73838 14.1541 1.72648	
14.95	7.7367 14.1571 1.72692	
14.96	7.73843 14.1519 1.72768	
14.97	7.73849 14.1548 1.72577	
14.98	7.7369 14.154 1.72785	
14.99	7.73926 14.1538 1.72527	
15	7.73869 14.1513 1.72606	
15.01	7.73851 14.1534 1.72565	
15.02	7.73738 14.155 1.72641	
15.03	7.73825 14.1537 1.72608	
15.04	7.73922 14.1518 1.72476	
15.05	7.73892 14.1525 1.72475	
15.06	7.73759 14.1566 1.72492	
15.07	7.7402 14.1486 1.72549	
15.08	7.73775 14.1573 1.72491	
15.09	7.73796 14.1525 1.72739	
15.1	7.73673 14.1567 1.72668	
15.11	7.73974 14.15 1.72629	
15.12	7.73813 14.1559 1.72546	
15.13	7.73876 14.1506 1.72674	
15.14	7.73631 14.1578 1.72678	
15.15	7.74023 14.1499 1.72622	
15.16	7.73865 14.1556 1.72542	
15.17	7.73653 14.1536 1.72816	
15.18	7.73924 14.1519 1.72627	
15.19	7.73869 14.1526 1.72587	
15.2	7.73851 14.1526 1.72551	
15.21	7.73898 14.1518 1.72537	
15.22	7.73706 14.158 1.72526	
15.23	7.74044 14.1484 1.72592	
15.24	7.7363 14.1605 1.72624	
15.25	7.74001 14.1487 1.72704	
15.26	7.73774 14.1579 1.72593	
15.27	7.73694 14.1527 1.72882	
15.28	7.74075 14.1522 1.72386	
15.29	7.73641 14.156 1.72725	
15.3	7.74013 14.1527 1.72511	
15.31	7.73785 14.1545 1.72657	
15.32	7.73928 14.1514 1.72522	
15.33	7.73748 14.1554 1.72573	
15.34	7.74005 14.15 1.72528	
15.35	7.7368 14.1584 1.72572	
15.36	7.7403 14.1494 1.72604	
15.37	7.7384 14.1585 1.72441	
15.38	7.73853 14.1479 1.72807	
15.39	7.73715 14.1583 1.72635	
15.4	7.73924 14.1511 1.72696	
15.41	7.7366 14.1576 1.72717	
15.42	7.73981 14.1531 1.7255	
15.43	7.73926 14.1514 1.726	
15.44	7.73832 14.1564 1.72455	
15.45	7.73808 14.1517 1.7275	
15.46	7.73862 14.1566 1.72464	
15.47	7.73906 14.1491 1.72698	
15.48	7.73778 14.1567 1.72575	
15.49	7.7395 14.1532 1.72556	
15.5	7.7389 14.1518 1.72601	
15.51	7.73706 14.1557 1.72649	
15.52	7.73849 14.153 1.72678	
15.53	7.73756 14.1554 1.72629	
15.54	7.73802 14.1532 1.72671	
15.55	7.73909 14.1523 1.72513	
15.56	7.74122 14.1509 1.72244	
15.57	7.73679 14.1559 1.72568	
15.58	7.74064 14.1497 1.72554	
15.59	7.73898 14.1553 1.72488	
15.6	7.73646 14.1538 1.72781	
15.61	7.73793 14.1545 1.72686	
15.62	7.73749 14.1566 1.72576	
15.63	7.73793 14.1519 1.72718	
15.64	7.73857 14.1541 1.72524	
15.65	7.74117 14.1506 1.72303	
15.66	7.73793 14.1542 1.72512	
15.67	7.73982 14.1509 1.72523	
15.68	7.73709 14.157 1.72575	
15.69	7.73842 14.1522 1.72694	
15.7	7.73863 14.154 1.72525	
15.71	7.73928 14.1525 1.72463	
15.72	7.73815 14.1525 1.72562	
15.73	7.7376 14.1541 1.7264	
15.74	7.73942 14.1531 1.72413	
15.75	7.73864 14.1507 1.72549	
15.76	7.73872 14.1531 1.72521	
15.77	7.73726 14.1553 1.72584	
15.78	7.74001 14.1505 1.72485	
15.79	7.73865 14.1547 1.72437	
15.8	7.73756 14.1536 1.72642	
15.81	7.73937 14.1516 1.7249	
15.82	7.73863 14.1532 1.72452	
15.83	7.73768 14.1537 1.726	
15.84	7.73949 14.1513 1.7247	
15.85	7.73859 14.1536 1.72429	
15.86	7.73936 14.1508 1.72494	
15.87	7.73854 14.1537 1.72443	
15.88	7.73772 14.1558 1.72521	
15.89	7.73955 14.1488 1.72558	
15.9	7.73609 14.1613 1.72516	
15.91	7.74057 14.1469 1.72717	
15.92	7.73728 14.1599 1.72613	
15.93	7.73642 14.1517 1.72987	
15.94	7.7379 14.1551 1.72678	
15.95	7.7384 14.1532 1.72623	
15.96	7.73864 14.1527 1.72554	
15.97	7.73903 14.1523 1.72516	
15.98	7.73891 14.1526 1.72492	
15.99	7.73917 14.1541 1.72396	
16	7.73926 14.1502 1.72527	
16.01	7.73884 14.1539 1.72454	
16.02	7.73928 14.154 1.724	
16.03	7.739 14.1506 1.72519	
16.04	7.73908 14.1529 1.72449	
16.05	7.73923 14.1524 1.72421	
16.06	7.73927 14.152 1.7241	
16.07	7.73775 14.1551 1.72503	
16.08	7.74021 14.1527 1.72343	
16.09	7.73946 14.151 1.72421	
16.1	7.73892 14.1529 1.72422	
16.11	7.73938 14.1539 1.72344	
16.12	7.73751 14.1528 1.726	
16.13	7.73986 14.1521 1.72437	
16.14	7.73782 14.1548 1.72521	
16.15	7.73982 14.1504 1.72451	
16.16	7.73846 14.1545 1.72411	
16.17	7.7397 14.1505 1.72488	
16.18	7.73846 14.1543 1.72442	
16.19	7.73783 14.1532 1.72628	
16.2	7.73923 14.1518 1.72484	
16.21	7.73727 14.1572 1.72468	
16.22	7.74031 14.15 1.72513	
16.23	7.73867 14.1541 1.72522	
16.24	7.73836 14.1513 1.72613	
16.25	7.73688 14.1558 1.72662	
16.26	7.73971 14.1508 1.72547	
16.27	7.73689 14.1574 1.72593	
16.28	7.73997 14.1499 1.72584	
16.29	7.73667 14.1587 1.72615	
16.3	7.73822 14.1521 1.72757	
16.31	7.73681 14.1572 1.72676	
16.32	7.73778 14.1527 1.72772	
16.33	7.7366 14.1569 1.72695	
16.34	7.73956 14.15 1.72656	
16.35	7.73794 14.1584 1.72481	
16.36	7.73965 14.1494 1.72619	
16.37	7.7352 14.1606 1.72732	
16.38	7.74071 14.1491 1.72679	
16.39	7.73882 14.1586 1.72494	
16.4	7.73563 14.1508 1.73061	
16.41	7.73671 14.1579 1.72776	
16.42	7.73906 14.1532 1.72604	
16.43	7.73863 14.153 1.72579	
16.44	7.73885 14.1526 1.72514	
16.45	7.73922 14.1524 1.72474	
16.46	7.74143 14.1511 1.72194	
16.47	7.73693 14.1556 1.72533	
16.48	7.74084 14.1521 1.72412	
16.49	7.73998 14.1517 1.72458	
16.5	7.73941 14.1522 1.72431	
16.51	7.73727 14.1545 1.72562	
16.52	7.74018 14.1497 1.72483	
16.53	7.74084 14.1541 1.72172	
16.54	7.73994 14.1496 1.7237	
16.55	7.73794 14.1564 1.72444	
16.56	7.73978 14.1495 1.72569	
16.57	7.73782 14.1566 1.725	
16.58	7.73943 14.1503 1.72605	
16.59	7.73635 14.1584 1.72634	
16.6	7.74029 14.1495 1.72619	
16.61	7.7369 14.1588 1.7264	
16.62	7.73932 14.1493 1.72724	
16.63	7.73579 14.1602 1.72711	
16.64	7.74028 14.1491 1.72704	
16.65	7.73669 14.1598 1.72697	
16.66	7.73988 14.1507 1.7264	
16.67	7.73761 14.1561 1.72661	
16.68	7.73878 14.1509 1.7273	
16.69	7.73848 14.1575 1.72455	
16.7	7.73721 14.1527 1.72827	
16.71	7.73869 14.1532 1.72615	
16.72	7.7385 14.1529 1.72573	
16.73	7.73894 14.1519 1.72571	
16.74	7.73871 14.1553 1.72431	
16.75	7.74182 14.1487 1.72317	
16.76	7.73606 14.1594 1.72606	
16.77	7.74073 14.1492 1.7264	
16.78	7.7389 14.156 1.72551	
16.79	7.73732 14.1512 1.72794	
16.8	7.73831 14.1541 1.72648	
16.81	7.73817 14.156 1.72518	
16.82	7.73769 14.1532 1.72719	
16.83	7.73887 14.1547 1.72462	
16.84	7.73907 14.1506 1.72577	
16.85	7.73864 14.1541 1.72494	
16.86	7.73931 14.152 1.72509	
16.87	7.73706 14.1559 1.72577	
16.88	7.74052 14.1502 1.72498	
16.89	7.73909 14.1546 1.72447	
16.9	7.73865 14.1512 1.72583	
16.91	7.73862 14.1535 1.72533	
16.92	7.73738 14.1551 1.72612	
16.93	7.73993 14.1509 1.72485	
16.94	7.7388 14.1541 1.7244	
16.95	7.73927 14.1511 1.72521	
16.96	7.73709 14.1564 1.72566	
16.97	7.74033 14.1523 1.72437	
16.98	7.73785 14.1546 1.72593	
16.99	7.73949 14.1531 1.72406	
17	7.73864 14.1507 1.72544	
17.01	7.7388 14.1554 1.7243	
17.02	7.73887 14.1502 1.72593	
17.03	7.73666 14.1576 1.72606	
17.04	7.74032 14.1508 1.72523	
17.05	7.73764 14.1565 1.72577	
17.06	7.73932 14.1506 1.72574	
17.07	7.73797 14.1554 1.72504	
17.08	7.74203 14.1497 1.72284	
17.09	7.73853 14.1544 1.72488	
17.1	7.73912 14.1509 1.72573	
17.11	7.73836 14.1541 1.72506	
17.12	7.73772 14.1537 1.72658	
17.13	7.73771 14.1543 1.72611	
17.14	7.73802 14.1535 1.72595	
17.15	7.73945 14.1515 1.7247	
17.16	7.73741 14.1554 1.72532	
17.17	7.73865 14.1524 1.72606	
17.18	7.73898 14.1534 1.72455	
17.19	7.73721 14.1538 1.7264	
17.2	7.73977 14.151 1.72498	
17.21	7.7372 14.1564 1.72555	
17.22	7.73996 14.1497 1.72551	
17.23	7.74057 14.1546 1.72225	
17.24	7.73733 14.153 1.72609	
17.25	7.73993 14.1514 1.72516	
17.26	7.73935 14.1521 1.72484	
17.27	7.73879 14.1526 1.72455	
17.28	7.73903 14.151 1.72505	
17.29	7.73691 14.158 1.72516	
17.3	7.74037 14.1484 1.72574	
17.31	7.73627 14.1603 1.72612	
17.32	7.73993 14.1487 1.72684	
17.33	7.73606 14.1606 1.72684	
17.34	7.73809 14.1517 1.72844	
17.35	7.73651 14.1603 1.7265	
17.36	7.73952 14.1478 1.728	
17.37	7.73675 14.1598 1.72657	
17.38	7.74156 14.1481 1.72538	
17.39	7.7373 14.1583 1.72641	
17.4	7.73745 14.153 1.72863	
17.41	7.73809 14.1543 1.72658	
17.42	7.74084 14.1506 1.7242	
17.43	7.73753 14.1552 1.72599	
17.44	7.73959 14.1507 1.72628	
17.45	7.73826 14.1554 1.72551	
17.46	7.73725 14.1538 1.72758	
17.47	7.73896 14.1519 1.72576	
17.48	7.73686 14.1559 1.7263	
17.49	7.74012 14.1522 1.72488	
17.5	7.73751 14.1553 1.72631	
17.51	7.73937 14.1529 1.72477	
17.52	7.73872 14.1516 1.7253	
17.53	7.73882 14.1524 1.72518	
17.54	7.73876 14.152 1.72499	
17.55	7.73903 14.1523 1.72482	
17.56	7.73881 14.1521 1.72468	
17.57	7.73921 14.152 1.72452	
17.58	7.73726 14.1551 1.72543	
17.59	7.74031 14.1501 1.72454	
17.6	7.73879 14.1548 1.72409	
17.61	7.73907 14.1507 1.7254	
17.62	7.73686 14.1566 1.72577	
17.63	7.73872 14.1528 1.72624	
17.64	7.73935 14.1524 1.72477	
17.65	7.73887 14.1523 1.72461	
17.66	7.73911 14.1513 1.72479	
17.67	7.73877 14.1528 1.72467	
17.68	7.73913 14.1517 1.72466	
17.69	7.73721 14.1555 1.72553	
17.7	7.74014 14.1502 1.72477	
17.71	7.73705 14.1577 1.72532	
17.72	7.73844 14.1523 1.72669	
17.73	7.7371 14.1565 1.72609	
17.74	7.73946 14.15 1.72601	
17.75	7.73782 14.156 1.72527	
17.76	7.73919 14.1505 1.72616	
17.77	7.73784 14.1554 1.72541	
17.78	7.73927 14.1506 1.72607	
17.79	7.73646 14.1576 1.7264	
17.8	7.74016 14.1493 1.72623	
17.81	7.7391 14.1578 1.72381	
17.82	7.73776 14.1514 1.72714	
17.83	7.73853 14.153 1.72632	
17.84	7.73891 14.1544 1.72445	
17.85	7.7387 14.1538 1.72486	
17.86	7.73749 14.1533 1.7267	
17.87	7.73939 14.1519 1.72517	
17.88	7.73726 14.1552 1.72589	
17.89	7.73998 14.1501 1.72516	
17.9	7.73914 14.157 1.723	
17.91	7.74116 14.1484 1.72373	
17.92	7.73689 14.1572 1.72545	
17.93	7.74023 14.1499 1.72611	
17.94	7.73869 14.1554 1.72535	
17.95	7.73794 14.151 1.72709	
17.96	7.73814 14.1537 1.7263	
17.97	7.73862 14.1529 1.7256	
17.98	7.7387 14.1524 1.72527	
17.99	7.73893 14.1547 1.72418	
18	7.73749 14.1529 1.72664	
18.01	7.73937 14.1524 1.72507	
18.02	7.73893 14.1523 1.72484	
18.03	7.73733 14.155 1.72576	
18.04	7.74005 14.1504 1.72475	
18.05	7.73861 14.1548 1.72428	
18.06	7.7393 14.1507 1.72533	
18.07	7.74065 14.1554 1.72127	
18.08	7.7381 14.1488 1.72667	
18.09	7.73847 14.155 1.72562	
18.1	7.73701 14.1555 1.72669	
18.11	7.73996 14.1517 1.72485	
18.12	7.73929 14.1527 1.72454	
18.13	7.73901 14.1524 1.72448	
18.14	7.73939 14.1519 1.72439	
18.15	7.73899 14.1525 1.72433	
18.16	7.73782 14.1543 1.72534	
18.17	7.74003 14.1528 1.72339	
18.18	7.74142 14.1496 1.72186	
18.19	7.7369 14.1563 1.72495	
18.2	7.7392 14.1524 1.72597	
18.21	7.73974 14.1523 1.72452	
18.22	7.73763 14.1548 1.72546	
18.23	7.73806 14.1526 1.72611	
18.24	7.73916 14.1522 1.72453	
18.25	7.73878 14.1519 1.72456	
18.26	7.73766 14.1545 1.72546	
18.27	7.73984 14.1505 1.72445	
18.28	7.73854 14.1544 1.72406	
18.29	7.73957 14.1506 1.72486	
18.3	7.73678 14.157 1.72545	
18.31	7.74043 14.1493 1.72542	
18.32	7.73858 14.158 1.72396	
18.33	7.73847 14.1476 1.72774	
18.34	7.73718 14.1578 1.72626	
18.35	7.73918 14.1513 1.72665	
18.36	7.73659 14.1573 1.72696	
18.37	7.73988 14.1509 1.72604	
18.38	7.73874 14.1545 1.72539	
18.39	7.73698 14.1545 1.72717	
18.4	7.7381 14.1536 1.72659	
18.41	7.73743 14.1548 1.72622	
18.42	7.73982 14.1504 1.72522	
18.43	7.73838 14.1551 1.72467	
18.44	7.73942 14.1506 1.7257	
18.45	7.73808 14.1551 1.72507	
18.46	7.73938 14.1505 1.72592	
18.47	7.73808 14.1551 1.72525	
18.48	7.73918 14.1527 1.72531	
18.49	7.74107 14.1501 1.72307	
18.5	7.74025 14.155 1.72158	
18.51	7.73694 14.1513 1.72762	
18.52	7.7375 14.1554 1.72714	
18.53	7.73866 14.1525 1.72584	
18.54	7.73694 14.1555 1.72631	
18.55	7.73854 14.153 1.72629	
18.56	7.73926 14.1523 1.72485	
18.57	7.73883 14.1522 1.72469	
18.58	7.7377 14.154 1.72574	
18.59	7.73986 14.1505 1.72458	
18.6	7.73857 14.1544 1.72415	
18.61	7.738 14.1532 1.72616	
18.62	7.74002 14.1533 1.72307	
18.63	7.73871 14.1515 1.72463	
18.64	7.73938 14.1517 1.72455	
18.65	7.7397 14.1562 1.72177	
18.66	7.73917 14.1483 1.72568	
18.67	7.73923 14.1565 1.72328	
18.68	7.73711 14.1536 1.72694	
18.69	7.73966 14.152 1.72489	
18.7	7.73921 14.1519 1.72468	
18.71	7.7389 14.1527 1.72455	
18.72	7.74165 14.1506 1.72192	
18.73	7.73851 14.1534 1.7242	
18.74	7.7399 14.153 1.72376	
18.75	7.7389 14.1506 1.725	
18.76	7.73735 14.1557 1.72582	
18.77	7.73829 14.1533 1.72601	
18.78	7.73753 14.1548 1.72567	
18.79	7.7399 14.1503 1.72478	
18.8	7.73849 14.1547 1.72432	
18.81	7.73947 14.1527 1.72447	
18.82	7.73854 14.1512 1.72541	
18.83	7.73896 14.1526 1.72502	
18.84	7.73872 14.1523 1.72477	
18.85	7.73764 14.1566 1.72479	
18.86	7.73841 14.1513 1.72651	
18.87	7.74087 14.1535 1.7221	
18.88	7.73814 14.1532 1.72466	
18.89	7.73953 14.1519 1.72496	
18.9	7.739 14.1523 1.72469	
18.91	7.73881 14.1519 1.7247	
18.92	7.73903 14.152 1.7246	
18.93	7.73883 14.1523 1.7245	
18.94	7.7391 14.1518 1.7244	
18.95	7.73888 14.1524 1.7243	
18.96	7.73915 14.1517 1.72428	
18.97	7.73733 14.1552 1.72521	
18.98	7.74019 14.1523 1.72356	
18.99	7.73944 14.151 1.72424	
19	7.73909 14.1525 1.72379	
19.01	7.73935 14.1512 1.72406	
19.02	7.73737 14.1553 1.72502	
19.03	7.73871 14.1527 1.7254	
19.04	7.73927 14.1525 1.72402	
19.05	7.73883 14.1515 1.72444	
19.06	7.73919 14.152 1.72422	
19.07	7.74126 14.1509 1.72151	
19.08	7.73847 14.1525 1.72384	
19.09	7.7399 14.1507 1.72415	
19.1	7.73725 14.1563 1.72484	
19.11	7.73861 14.152 1.72599	
19.12	7.73878 14.1537 1.72448	
19.13	7.73699 14.1558 1.72568	
19.14	7.73991 14.1486 1.72555	
19.15	7.73611 14.1594 1.72604	
19.16	7.74023 14.1509 1.72549	
19.17	7.73749 14.1558 1.72658	
19.18	7.74097 14.1494 1.72374	
19.19	7.73978 14.1542 1.72285	
19.2	7.7366 14.1536 1.72722	
19.21	7.73813 14.1537 1.72666	
19.22	7.73926 14.151 1.72538	
19.23	7.7382 14.1544 1.72485	
19.24	7.73943 14.1507 1.72539	
19.25	7.73825 14.1545 1.72485	
19.26	7.73928 14.1527 1.7248	
19.27	7.7387 14.1511 1.72537	
19.28	7.73709 14.1552 1.7262	
19.29	7.73983 14.1504 1.7251	
19.3	7.73838 14.1551 1.72457	
19.31	7.7392 14.1506 1.72561	
19.32	7.73811 14.1548 1.72494	
19.33	7.74177 14.1495 1.72294	
19.34	7.73815 14.155 1.72492	
19.35	7.73771 14.1532 1.72685	
19.36	7.73729 14.155 1.72626	
19.37	7.73954 14.1503 1.72547	
19.38	7.73809 14.1552 1.72487	
19.39	7.7394 14.1505 1.72571	
19.4	7.7381 14.1549 1.72508	
19.41	7.73922 14.1528 1.72504	
19.42	7.73721 14.1538 1.72652	
19.43	7.73959 14.1506 1.72529	
19.44	7.73835 14.1546 1.72471	
19.45	7.73925 14.1506 1.72559	
19.46	7.73887 14.1561 1.72339	
19.47	7.73903 14.1497 1.72605	
19.48	7.73813 14.157 1.72437	
19.49	7.73951 14.1486 1.72648	
19.5	7.73735 14.1576 1.72555	
19.51	7.73809 14.1526 1.72759	
19.52	7.73693 14.1565 1.72686	
19.53	7.73945 14.1501 1.7266	
19.54	7.74018 14.1551 1.72304	
19.55	7.73753 14.1508 1.72738	
19.56	7.73717 14.1564 1.72716	
19.57	7.73775 14.1549 1.72663	
19.58	7.73936 14.1518 1.72502	
19.59	7.73739 14.1556 1.72563	
19.6	7.74032 14.1503 1.72499	
19.61	7.73886 14.1549 1.72447	
19.62	7.73742 14.1538 1.72673	
19.63	7.73788 14.1542 1.72622	
19.64	7.74171 14.15 1.72224	
19.65	7.74064 14.1531 1.72176	
19.66	7.74083 14.15 1.72271	
19.67	7.73777 14.1534 1.72529	
19.68	7.7399 14.1511 1.72493	
19.69	7.74128 14.1524 1.72188	
19.7	7.7378 14.1519 1.72548	
19.71	7.73985 14.1516 1.72465	
19.72	7.73772 14.1547 1.72542	
19.73	7.73985 14.1503 1.72471	
19.74	7.7384 14.1548 1.72426	
19.75	7.73965 14.1504 1.72517	
19.76	7.73833 14.1547 1.72465	
19.77	7.7394 14.1505 1.72554	
19.78	7.73654 14.1575 1.72599	
19.79	7.74034 14.1493 1.72597	
19.8	7.74082 14.155 1.72257	
19.81	7.73642 14.1509 1.72821	
19.82	7.73931 14.1538 1.72572	
19.83	7.7373 14.1563 1.72651	
19.84	7.74014 14.1531 1.72386	
19.85	7.73891 14.1515 1.72522	
19.86	7.73873 14.1534 1.72491	
19.87	7.73902 14.1523 1.72485	
19.88	7.73723 14.1555 1.72565	
19.89	7.74016 14.1505 1.72472	
19.9	7.73722 14.1595 1.72445	
19.91	7.73858 14.1502 1.72746	
19.92	7.73837 14.1587 1.72399	
19.93	7.73848 14.1491 1.72746	
19.94	7.73755 14.1568 1.72594	
19.95	7.73768 14.1541 1.72729	
19.96	7.73717 14.1544 1.72698	
19.97	7.73803 14.1535 1.72644	
19.98	7.73921 14.1517 1.72498	
19.99	7.73727 14.1555 1.7259	
20	7.7386 14.153 1.72614	
20.01	7.74005 14.154 1.7231	
20.02	7.73838 14.1514 1.7253	
20.03	7.73934 14.1523 1.72496	
20.04	7.7389 14.1522 1.72474	
20.05	7.73908 14.1521 1.72462	
20.06	7.73894 14.1523 1.7245	
20.07	7.73914 14.1519 1.72443	
20.08	7.73896 14.1524 1.72434	
20.09	7.73916 14.1517 1.7243	
20.1	7.73739 14.1574 1.72441	
20.11	7.73874 14.151 1.7264	
20.12	7.73669 14.1581 1.72581	
20.13	7.73999 14.1517 1.72513	
20.14	7.73901 14.1546 1.72456	
20.15	7.7382 14.1499 1.72659	
20.16	7.73696 14.156 1.72656	
20.17	7.73992 14.1515 1.72498	
20.18	7.73915 14.1531 1.72462	
20.19	7.73889 14.1523 1.72472	
20.2	7.73923 14.1523 1.72448	
20.21	7.73897 14.1544 1.72355	
20.22	7.73961 14.1496 1.72498	
20.23	7.73847 14.157 1.72355	
20.24	7.73973 14.1485 1.72596	
20.25	7.73592 14.1603 1.7262	
20.26	7.74067 14.1491 1.72635	
20.27	7.73717 14.1589 1.7265	
20.28	7.73721 14.1524 1.7287	
20.29	7.73828 14.1563 1.7255	
20.3	7.73715 14.1528 1.72814	
20.31	7.73883 14.1529 1.72592	
20.32	7.73844 14.1527 1.72565	
20.33	7.73922 14.1522 1.72528	
20.34	7.73712 14.1556 1.72597	
20.35	7.74033 14.1502 1.72518	
20.36	7.73883 14.1572 1.72377	
20.37	7.73893 14.1485 1.72691	
20.38	7.73758 14.1571 1.72573	
20.39	7.73946 14.1512 1.72621	
20.4	7.73687 14.157 1.72661	
20.41	7.73831 14.1532 1.72711	
20.42	7.73908 14.1524 1.72559	
20.43	7.73707 14.155 1.72638	
20.44	7.74017 14.1499 1.72553	
20.45	7.7385 14.1556 1.72488	
20.46	7.7391 14.1504 1.7263	
20.47	7.73809 14.1551 1.72542	
20.48	7.73936 14.1509 1.72606	
20.49	7.73655 14.1578 1.7264	
20.5	7.73865 14.1522 1.72735	
20.51	7.73895 14.1537 1.7256	
20.52	7.73808 14.1518 1.72642	
20.53	7.73873 14.1523 1.72605	
20.54	7.73824 14.1527 1.7257	
20.55	7.73753 14.1567 1.72564	
20.56	7.74201 14.1479 1.72341	
20.57	7.73745 14.1576 1.72519	
20.58	7.73978 14.1499 1.72627	
20.59	7.73805 14.1563 1.72544	
20.6	7.73885 14.1505 1.72675	
20.61	7.7378 14.1555 1.72574	
20.62	7.73929 14.1509 1.72626	
20.63	7.73889 14.1565 1.72394	
20.64	7.73713 14.1526 1.72778	
20.65	7.73897 14.1547 1.7253	
20.66	7.73811 14.1511 1.7267	
20.67	7.73856 14.1537 1.72583	
20.68	7.7372 14.1559 1.72621	
20.69	7.74239 14.1496 1.72257	
20.7	7.7389 14.1542 1.72466	
20.71	7.7374 14.1542 1.72648	
20.72	7.73971 14.1532 1.72414	
20.73	7.73985 14.1524 1.72338	
20.74	7.73867 14.1521 1.72483	
20.75	7.73934 14.1517 1.7247	
20.76	7.73892 14.1549 1.72348	
20.77	7.73961 14.1493 1.72522	
20.78	7.73823 14.1554 1.7246	
20.79	7.73955 14.1508 1.72542	
20.8	7.74065 14.1536 1.72223	
20.81	7.73851 14.153 1.72452	
20.82	7.73919 14.1517 1.72528	
20.83	7.7369 14.1559 1.7259	
20.84	7.74023 14.1498 1.72539	
20.85	7.73855 14.1577 1.72393	
20.86	7.7388 14.1479 1.72732	
20.87	7.73965 14.1564 1.7234	
20.88	7.73766 14.1532 1.7266	
20.89	7.73945 14.1528 1.72551	
20.9	7.73901 14.1527 1.72527	
20.91	7.73877 14.1523 1.72511	
20.92	7.7392 14.152 1.72497	
20.93	7.73883 14.1527 1.72477	
20.94	7.73931 14.1516 1.72472	
20.95	7.73883 14.1529 1.72461	
20.96	7.73932 14.1517 1.72461	
20.97	7.73725 14.1557 1.72551	
20.98	7.74027 14.1503 1.72478	
20.99	7.73726 14.1574 1.72534	
21	7.73992 14.1519 1.72488	
21.01	7.74126 14.1513 1.72262	
21.02	7.73926 14.1539 1.72342	
21.03	7.73891 14.1505 1.72537	
21.04	7.73846 14.1532 1.72526	
21.05	7.7374 14.1548 1.72603	
21.06	7.73814 14.1536 1.72582	
21.07	7.73917 14.1517 1.72448	
21.08	7.73885 14.1546 1.72363	
21.09	7.73942 14.1495 1.72517	
21.1	7.73841 14.1547 1.72452	
21.11	7.73943 14.1511 1.72509	
21.12	7.73833 14.1542 1.72462	
21.13	7.74031 14.1522 1.72355	
21.14	7.73879 14.1522 1.72477	
21.15	7.73908 14.1512 1.72491	
21.16	7.73875 14.1527 1.72473	
21.17	7.73915 14.1515 1.72472	
21.18	7.73724 14.1555 1.72554	
21.19	7.74254 14.1489 1.72222	
21.2	7.7371 14.1577 1.72533	
21.21	7.74001 14.1494 1.72579	
21.22	7.73808 14.1564 1.72508	
21.23	7.7389 14.1502 1.72654	
21.24	7.73858 14.1571 1.72393	
21.25	7.73723 14.1527 1.72766	
21.26	7.73955 14.1541 1.72412	
21.27	7.73828 14.1524 1.72558	
21.28	7.73762 14.1551 1.72614	
21.29	7.73793 14.154 1.72601	
21.3	7.73779 14.154 1.72572	
21.31	7.73973 14.1508 1.72457	
21.32	7.73872 14.1562 1.72327	
21.33	7.73804 14.1513 1.72685	
21.34	7.73864 14.1541 1.725	
21.35	7.7373 14.1544 1.72648	
21.36	7.73968 14.1507 1.72499	
21.37	7.73843 14.1545 1.7245	
21.38	7.73801 14.1555 1.72546	
21.39	7.73936 14.1491 1.72576	
21.4	7.73656 14.1581 1.72603	
21.41	7.74048 14.1497 1.72576	
21.42	7.73887 14.1553 1.72506	
21.43	7.73822 14.151 1.72677	
21.44	7.73678 14.1561 1.72688	
21.45	7.74001 14.1514 1.72535	
21.46	7.7376 14.156 1.72596	
21.47	7.73964 14.153 1.72462	
21.48	7.73734 14.1566 1.72541	
21.49	7.74027 14.1488 1.72563	
21.5	7.73637 14.1599 1.72602	
21.51	7.74034 14.1489 1.72657	
21.52	7.73821 14.1571 1.72562	
21.53	7.74055 14.149 1.72509	
21.54	7.73671 14.1574 1.72629	
21.55	7.74008 14.1503 1.72649	
21.56	7.73713 14.1601 1.72586	
21.57	7.73925 14.1497 1.72732	
21.58	7.73737 14.1565 1.72666	
21.59	7.73748 14.1538 1.72803	
21.6	7.7384 14.1527 1.72643	
21.61	7.74084 14.1509 1.72359	
21.62	7.73856 14.1556 1.72402	
