# Gnuplot File : velocities of 1 particle(s) Monitored
# 1st Column : time, others : particle(s) number 0 
0.01	1.15723e-19 0 -0.019274	
0.02	-4.11767 -5.15793 8.69294	
0.03	-2.84124 -6.05939 8.81812	
0.04	-2.7418 -5.84045 8.47526	
0.05	-2.52037 -5.7428 8.2281	
0.06	-2.32577 -5.62268 7.99556	
0.07	-2.14575 -5.4961 7.7801	
0.08	-1.92192 -5.41892 7.68284	
0.09	-1.65636 -5.36755 7.73137	
0.1	-1.6002 -5.17415 7.44051	
0.11	-1.47613 -5.02839 7.29964	
0.12	-1.36814 -4.87099 7.17375	
0.13	-1.27636 -4.71267 7.05694	
0.14	-1.18829 -4.54985 6.94891	
0.15	-1.13021 -4.38844 6.761	
0.16	-1.05593 -4.23523 6.70125	
0.17	-0.988255 -4.07517 6.63728	
0.18	-0.936334 -3.92178 6.53425	
0.19	-0.892932 -3.77453 6.36196	
0.2	-0.84902 -3.63009 6.25215	
0.21	-0.80429 -3.48438 6.20477	
0.22	-0.767135 -3.34363 6.14959	
0.23	-0.727035 -3.19938 6.15325	
0.24	-0.695289 -3.06683 6.10133	
0.25	-0.662881 -2.93681 6.0242	
0.26	-0.635081 -2.81425 5.94434	
0.27	-0.608009 -2.69929 5.81761	
0.28	-0.586469 -2.58775 5.74219	
0.29	-0.562518 -2.46917 5.82687	
0.3	-0.550135 -2.38666 5.74715	
0.31	-0.864269 -4.0781 6.64707	
0.32	-0.906099 -4.02288 6.35736	
0.33	3.69417 -8.58077 3.36895	
0.34	3.52106 -8.29402 3.19772	
0.35	3.39504 -7.99106 3.0638	
0.36	3.38273 -7.61811 3.01878	
0.37	3.99203 -7.30071 2.31769	
0.38	3.86015 -7.02015 2.22472	
0.39	3.71064 -6.76966 2.11831	
0.4	3.5674 -6.52639 2.0166	
0.41	3.4299 -6.29177 1.91892	
0.42	3.30768 -6.06267 1.83149	
0.43	3.28797 -5.80835 1.81182	
0.44	1.63302 -1.7731 1.57783	
0.45	0.327061 -1.94826 3.11874	
0.46	-0.562786 -1.6847 5.12437	
0.47	-4.73646 -2.76567 15.8637	
0.48	-4.61868 -2.67665 15.4575	
0.49	-6.65898 -3.67062 21.442	
0.5	-6.49376 -3.57913 20.5755	
0.51	-6.31706 -3.48142 19.756	
0.52	-6.13924 -3.38309 18.9722	
0.53	-5.94429 -3.27554 18.2395	
0.54	-5.68083 -3.13045 17.5981	
0.55	-5.39232 -2.97126 17.0023	
0.56	-5.10147 -2.81078 16.4384	
0.57	-4.9408 -2.72179 15.7939	
0.58	-4.85947 -2.67623 15.1082	
0.59	-4.80473 -2.64409 14.4047	
0.6	-4.76679 -2.62094 13.7086	
0.61	-4.74938 -2.60837 13.0071	
0.62	-4.72025 -2.58903 12.3332	
0.63	-4.69253 -2.57162 11.7027	
0.64	-4.67157 -2.55658 11.0638	
0.65	-4.5832 -2.50194 10.4547	
0.66	-4.46309 -2.43309 9.95296	
0.67	-4.32314 -2.3557 9.53181	
0.68	-4.1699 -2.27221 9.16345	
0.69	-4.0275 -2.19433 8.79798	
0.7	-3.88698 -2.1176 8.45088	
0.71	-3.75095 -2.04326 8.11595	
0.72	-3.61341 -1.96847 7.80566	
0.73	-3.4793 -1.89633 7.52304	
0.74	-3.35754 -1.83027 7.23207	
0.75	-3.24245 -1.76744 6.94238	
0.76	-3.1295 -1.70604 6.66998	
0.77	-3.01977 -1.64607 6.40229	
0.78	-2.91213 -1.58731 6.14708	
0.79	-2.80827 -1.53069 5.90281	
0.8	-2.70659 -1.47528 5.66927	
0.81	-2.61193 -1.42353 5.43807	
0.82	-2.51739 -1.37204 5.22184	
0.83	-2.42619 -1.32237 5.01354	
0.84	-2.33985 -1.27529 4.81018	
0.85	-2.25746 -1.23028 4.61214	
0.86	-2.17626 -1.18593 4.42288	
0.87	-2.09702 -1.14264 4.24116	
0.88	-2.02162 -1.10131 4.06289	
0.89	-1.94857 -1.06133 3.89232	
0.9	-1.87858 -1.02315 3.73004	
0.91	-1.81066 -0.986063 3.57328	
0.92	-1.74822 -0.951889 3.41808	
0.93	-1.68044 -0.914907 3.27728	
0.94	-1.6149 -0.879311 3.14492	
0.95	-1.55192 -0.844931 3.01383	
0.96	-1.49128 -0.811842 2.88785	
0.97	-1.43215 -0.779629 2.76795	
0.98	-1.37551 -0.748637 2.6495	
0.99	-1.3218 -0.719061 2.53119	
1	-1.27243 -0.692183 2.42094	
1.01	-1.2228 -0.665189 2.31708	
1.02	-1.17339 -0.638399 2.22003	
1.03	-1.13044 -0.615093 2.12162	
1.04	-1.08593 -0.590936 2.02984	
1.05	-1.04418 -0.568307 1.94068	
1.06	-1.00467 -0.546877 1.85378	
1.07	-0.96785 -0.526938 1.76952	
1.08	-0.931527 -0.507206 1.68795	
1.09	-0.895512 -0.487793 1.61311	
1.1	-1.98707 -0.30121 4.22033	
1.11	-3.73787 -0.719789 8.74724	
1.12	-4.17361 -0.773976 9.79184	
1.13	-4.05542 -0.753865 9.37908	
1.14	-3.92356 -0.730237 8.99441	
1.15	-4.37493 -0.717932 10.1548	
1.16	-4.88068 -0.739401 11.5012	
1.17	-5.12158 -0.737549 12.1996	
1.18	-6.12762 -0.786675 15.0105	
1.19	-9.2303 -2.25638 24.5425	
1.2	-13.9913 -4.75759 43.887	
1.21	20.2778 -1.08016 12.2865	
1.22	7.23951 1.89049 7.57236	
1.23	6.43323 2.21063 8.11681	
1.24	6.21541 2.13399 7.80674	
1.25	5.9944 2.05939 7.50766	
1.26	5.65165 2.15817 7.26023	
1.27	4.6872 2.97032 7.28878	
1.28	6.84259 6.33667 4.03199	
1.29	6.59709 6.1089 3.86841	
1.3	6.35498 5.88619 3.70698	
1.31	6.12586 5.67402 3.5543	
1.32	4.87419 4.90925 5.00164	
1.33	4.6778 4.73076 4.79827	
1.34	3.99158 4.29855 5.42887	
1.35	3.4491 3.9721 5.86106	
1.36	3.3147 3.82588 5.63032	
1.37	3.17503 3.85855 5.5201	
1.38	3.27184 4.13607 5.04338	
1.39	3.63175 4.66872 4.24382	
1.4	3.40478 4.46668 4.22091	
1.41	4.3942 5.81761 2.71899	
1.42	4.41972 5.95617 2.35832	
1.43	4.34525 5.97556 2.19362	
1.44	4.7946 6.74632 1.36415	
1.45	4.61743 6.66151 1.33533	
1.46	4.50423 6.67838 1.2014	
1.47	4.13749 6.3447 1.45003	
1.48	4.48999 7.08682 0.750299	
1.49	4.47332 7.41272 0.545398	
1.5	1.51893 9.8223 -1.52952	
1.51	1.44764 9.54866 -1.46024	
1.52	1.37327 9.32997 -1.3578	
1.53	1.2907 9.18795 -0.974979	
1.54	1.13325 9.01985 -0.514683	
1.55	1.09319 8.70118 -0.516204	
1.56	1.03914 8.3891 -0.521437	
1.57	1.01902 8.08802 -0.491941	
1.58	0.960065 7.79602 -0.499933	
1.59	1.04108 7.49081 -0.484111	
1.6	0.997411 7.21922 -0.487556	
1.61	0.956008 6.96056 -0.491575	
1.62	1.05608 6.655 -0.503362	
1.63	0.988646 6.41315 -0.512591	
1.64	0.944222 6.18454 -0.516502	
1.65	0.889744 5.9548 -0.521755	
1.66	0.837849 5.73854 -0.527648	
1.67	0.79898 5.52659 -0.529465	
1.68	0.768003 5.32543 -0.529975	
1.69	0.735027 5.12903 -0.53086	
1.7	0.700051 4.93859 -0.532397	
1.71	0.675005 4.75787 -0.531959	
1.72	1.53648 3.67976 0.904966	
1.73	0.460039 7.15404 2.07344	
1.74	1.70962 0.74019 1.94072	
1.75	1.308 0.644576 1.43421	
1.76	0.780685 0.874113 1.81201	
1.77	0.751652 0.842881 1.72733	
1.78	0.563669 0.948079 1.79002	
1.79	0.288636 1.13113 1.93549	
1.8	0.282627 1.09128 1.84019	
1.81	0.283248 1.05094 1.74278	
1.82	0.268628 1.01406 1.66404	
1.83	0.253333 0.977126 1.5905	
1.84	0.241939 0.942778 1.51506	
1.85	0.228073 0.904237 1.44955	
1.86	0.198185 0.989155 1.35076	
1.87	-0.277504 3.05066 0.894666	
1.88	-0.479807 3.60635 0.811838	
1.89	-0.463792 3.47564 0.763185	
1.9	-0.450608 3.3514 0.715974	
1.91	-0.753549 4.29845 0.568141	
1.92	-1.71138 5.93121 0.954296	
1.93	1.85893 1.29774 0.972046	
1.94	-2.77593 8.63913 3.66558	
1.95	-0.202914 5.30019 2.89444	
1.96	-0.712045 5.98795 3.07412	
1.97	-0.265785 5.30999 2.82083	
1.98	-0.0362956 4.8934 2.64409	
1.99	-0.294395 5.51977 2.82354	
2	-3.04367 7.67237 4.67056	
2.01	-2.22883 5.7965 3.71641	
2.02	-3.05266 5.98467 4.35116	
2.03	-2.9242 5.77664 4.17017	
2.04	-2.11409 4.71485 3.20918	
2.05	-2.0323 4.54362 3.07155	
2.06	-0.747314 2.42824 1.54095	
2.07	-24.2028 4.12261 25.0436	
2.08	-22.7582 3.04439 23.8278	
2.09	-22.0656 2.9035 22.9596	
2.1	-17.7374 4.48087 16.1302	
2.11	-17.13 4.31173 15.499	
2.12	-16.5695 4.14445 14.8734	
2.13	-10.9466 -0.925225 12.4336	
2.14	-8.42292 -1.61858 9.26853	
2.15	-8.1283 -1.56369 8.90402	
2.16	-5.30462 -4.6277 8.09231	
2.17	-4.4796 -4.33541 6.7196	
2.18	-4.27828 -0.894168 5.06587	
2.19	-4.08822 -0.869362 4.88147	
2.2	-3.9199 -0.843765 4.69778	
2.21	1.66932 0.118779 -0.0180065	
2.22	12.455 -1.73032 -3.55374	
2.23	37.5983 0.822315 7.13357	
2.24	14.3151 10.0526 26.8341	
2.25	11.094 10.4033 28.4207	
2.26	10.6669 10.0144 27.3369	
2.27	10.1972 9.71048 26.2646	
2.28	9.70955 9.35433 25.1598	
2.29	9.60851 8.97846 24.4872	
2.3	9.23993 8.63769 23.5495	
2.31	8.98748 8.31492 22.7626	
2.32	8.92047 7.98754 22.1912	
2.33	8.28017 7.58298 20.9565	
2.34	7.62904 7.24643 19.7564	
2.35	6.8869 6.94914 18.4866	
2.36	6.45041 6.69959 17.591	
2.37	6.12827 6.46619 16.8407	
2.38	5.91953 6.24648 16.233	
2.39	5.6527 6.03275 15.5736	
2.4	5.42812 5.83256 14.9772	
2.41	5.21626 5.64392 14.4097	
2.42	4.97989 5.45436 13.8232	
2.43	4.72449 5.2641 13.2234	
2.44	4.47316 5.08156 12.64	
2.45	4.28278 4.92652 12.146	
2.46	4.11665 4.75567 11.6782	
2.47	3.98272 4.60192 11.2619	
2.48	3.83283 4.44632 10.8338	
2.49	3.64453 4.28987 10.3693	
2.5	3.4991 4.14225 9.96326	
2.51	3.36048 3.99863 9.57294	
2.52	3.21896 3.86848 9.19224	
2.53	3.08222 3.73293 8.81976	
2.54	2.95767 3.6022 8.46875	
2.55	2.83116 3.47509 8.12272	
2.56	2.71401 3.35317 7.79484	
2.57	2.58666 3.23315 7.46152	
2.58	2.44061 3.12226 7.11692	
2.59	2.28075 3.004 6.75777	
2.6	2.18298 2.88971 6.47389	
2.61	2.10143 2.78835 6.21888	
2.62	2.50544 1.90802 7.54616	
2.63	2.47597 2.45093 9.1778	
2.64	2.35149 3.16383 10.1444	
2.65	2.29914 3.05202 9.79157	
2.66	4.44365 2.77579 6.07776	
2.67	2.23607 -0.299212 12.4062	
2.68	4.84024 -1.5397 16.434	
2.69	4.67767 -2.59892 24.3778	
2.7	4.4752 -2.47234 23.4336	
2.71	4.26837 -2.35079 22.5833	
2.72	4.07604 -2.23718 21.7516	
2.73	3.88857 -2.13153 20.984	
2.74	1.97876 -1.40814 21.9005	
2.75	6.15685 -3.03766 15.347	
2.76	5.93242 -2.89917 14.691	
2.77	5.71396 -2.78217 14.114	
2.78	5.4902 -2.66603 13.5905	
2.79	5.91684 -2.70884 13.8368	
2.8	7.26561 -4.08776 15.3522	
2.81	7.85438 -8.16465 18.0333	
2.82	7.29593 -8.17332 18.2123	
2.83	6.46775 -9.36863 18.8576	
2.84	3.93526 -14.4261 22.4295	
2.85	11.8331 -6.52577 17.8852	
2.86	4.93439 3.43453 2.98261	
2.87	14.5524 7.47547 2.13836	
2.88	13.2636 8.99876 1.53043	
2.89	11.5007 7.39116 6.57841	
2.9	7.62876 9.79878 4.46384	
2.91	7.51273 9.66403 4.24594	
2.92	7.08558 9.45947 4.45352	
2.93	6.81924 9.12606 4.2749	
2.94	6.44959 9.20378 4.81432	
2.95	6.04965 10.0452 5.1614	
2.96	5.67681 9.91767 5.38532	
2.97	5.26192 9.66187 5.47701	
2.98	6.40677 7.92686 2.4458	
2.99	6.19014 7.64233 2.33561	
3	5.92199 7.36691 2.23581	
3.01	5.58665 7.00882 2.16108	
3.02	5.99447 6.24559 0.570214	
3.03	4.35656 1.50015 8.29302	
3.04	5.74424 -3.01008 10.5831	
3.05	4.92355 -4.36382 18.4954	
3.06	5.80676 -5.18677 15.4726	
3.07	4.15538 -4.17855 19.9397	
3.08	4.00651 -4.03122 19.2163	
3.09	3.86409 -3.88593 18.4992	
3.1	3.78848 -3.75904 17.7592	
3.11	3.66398 -3.61309 17.0185	
3.12	3.51562 -3.47189 16.357	
3.13	3.36741 -3.3347 15.7237	
3.14	3.21764 -3.19999 15.1134	
3.15	3.06493 -3.05914 14.4818	
3.16	2.86405 -2.92767 14.0009	
3.17	2.69967 -2.81007 13.5298	
3.18	2.56563 -2.70179 13.0556	
3.19	2.44532 -2.5935 12.5601	
3.2	2.48062 -2.46186 12.7495	
3.21	2.41419 -2.27568 12.6154	
3.22	2.37566 -2.14905 12.6599	
3.23	2.32008 -2.01217 12.4597	
3.24	2.23694 -1.87923 12.1291	
3.25	2.0129 -1.66055 12.1336	
3.26	1.93232 -1.45635 12.5215	
3.27	1.88611 -1.32801 12.4112	
3.28	1.79038 -1.27961 12.1806	
3.29	1.6967 -1.1861 11.8352	
3.3	1.61369 -1.13948 11.394	
3.31	1.53362 -1.09607 10.9682	
3.32	1.4727 -1.05621 10.5558	
3.33	1.44562 -0.888804 11.6391	
3.34	1.36163 -0.787918 11.3373	
3.35	1.23555 -0.65742 11.3138	
3.36	1.04282 -0.629428 10.8357	
3.37	0.754456 -0.59882 10.3337	
3.38	0.574327 -0.572078 9.88207	
3.39	4.85078 -3.47623 6.60799	
3.4	4.88259 -1.41475 27.8094	
3.41	6.50826 -3.55558 29.5237	
3.42	3.38933 -0.014569 42.5425	
3.43	6.06605 -3.92654 29.3131	
3.44	1.09288 -1.4652 8.12752	
3.45	1.27658 -2.98242 7.95784	
3.46	1.93571 -3.89057 6.88798	
3.47	3.60964 -10.4715 3.27343	
3.48	2.32236 -8.27201 -4.47624	
3.49	3.13065 -7.05603 -12.3141	
3.5	3.07837 -4.16647 -10.4295	
3.51	2.55744 -7.03556 -13.6756	
3.52	7.10961 -16.3154 -18.2566	
3.53	3.23637 -9.12511 -9.82291	
3.54	7.20161 -12.2539 -8.51206	
3.55	6.94751 -7.3281 -5.41457	
3.56	7.83215 -6.76565 -5.11686	
3.57	11.9032 -6.86106 -11.0529	
3.58	7.54696 -7.94447 7.01742	
3.59	7.01863 -7.08194 6.24872	
3.6	6.66034 -7.08434 6.03286	
3.61	7.44711 0.690523 21.586	
3.62	7.7857 -1.15996 17.6	
3.63	7.85801 -1.30589 16.9695	
3.64	10.3597 -3.8124 9.05771	
3.65	11.03 -4.92689 5.88595	
3.66	11.678 -5.75852 2.87125	
3.67	6.21973 0.371369 6.69717	
3.68	10.9212 -2.10104 4.32501	
3.69	7.8398 2.12788 13.4301	
3.7	6.76146 2.57056 14.9562	
3.71	6.40159 2.60462 14.3783	
3.72	4.40562 2.93455 18.5997	
3.73	3.58784 2.80547 19.5641	
3.74	1.85453 3.60442 19.9492	
3.75	-2.38171 5.91573 20.3721	
3.76	-4.25276 1.59065 13.772	
3.77	-1.54992 -4.11064 3.80369	
3.78	2.19297 -0.508896 3.28225	
3.79	3.64543 -3.89196 0.0403387	
3.8	2.6352 5.69198 2.10505	
3.81	3.68236 6.51555 -2.98919	
3.82	4.08899 -2.45152 -6.22227	
3.83	4.66477 -3.0661 -6.75432	
3.84	4.46454 -4.65922 -5.32989	
3.85	4.22273 -5.43781 2.76286	
3.86	4.08073 -5.23299 2.62776	
3.87	-3.66794 -1.27133 19.4834	
3.88	-3.5732 -1.21462 18.7758	
3.89	-3.72639 -1.10137 17.938	
3.9	-3.78569 -1.01194 17.2337	
3.91	-3.77557 -0.942201 16.5875	
3.92	-3.74529 -0.881038 15.9418	
3.93	-3.70371 -0.824926 15.332	
3.94	-3.66606 -0.771628 14.6994	
3.95	-3.64681 -0.715587 14.0979	
3.96	-3.62766 -0.66229 13.5005	
3.97	-3.58237 -0.616591 12.9665	
3.98	-3.52439 -0.576154 12.4556	
3.99	-3.42337 -0.548303 11.9827	
4	-3.33224 -0.520085 11.5192	
4.01	-3.25501 -0.49077 11.0525	
4.02	-3.19682 -0.458645 10.5917	
4.03	-3.16037 -0.422168 10.1612	
4.04	-3.06145 -0.402458 9.78218	
4.05	-2.91638 -0.39555 9.44341	
4.06	-2.78111 -0.387042 9.13857	
4.07	-2.71546 -0.364233 8.77457	
4.08	-2.68957 -0.333222 8.40227	
4.09	-2.63976 -0.309259 8.06041	
4.1	-2.55828 -0.294077 7.7561	
4.11	-2.47832 -0.28024 7.44924	
4.12	-2.38725 -0.270372 7.15897	
4.13	-2.30305 -0.260192 6.87113	
4.14	-2.24226 -0.245602 6.57756	
4.15	-2.17486 -0.233438 6.30727	
4.16	-2.10544 -0.222657 6.05374	
4.17	-2.03857 -0.212382 5.80543	
4.18	-1.96111 -0.20512 5.58986	
4.19	-1.8759 -0.20083 5.38327	
4.2	-1.78712 -0.198176 5.19209	
4.21	-1.70359 -0.195245 5.00299	
4.22	-1.62876 -0.191149 4.81436	
4.23	-1.55025 -0.188852 4.63285	
4.24	-1.47775 -0.185957 4.45349	
4.25	-1.39374 -0.18632 4.29728	
4.26	-1.31464 -0.186294 4.14324	
4.27	-1.23415 -0.187534 3.98975	
4.28	-1.17928 -0.18326 3.82827	
4.29	-1.13734 -0.176513 3.66587	
4.3	-1.09753 -0.169845 3.50954	
4.31	-1.0685 -0.161329 3.34826	
4.32	0.366359 -0.157843 6.25042	
4.33	0.335518 -0.126973 6.18103	
4.34	2.46983 -2.06743 8.90331	
4.35	2.57915 -3.71212 10.0524	
4.36	1.50398 -5.40555 13.1768	
4.37	-0.958944 -8.60549 24.9761	
4.38	1.45097 -13.5563 33.3237	
4.39	1.86758 -16.6866 35.0568	
4.4	2.97873 -5.54182 29.8501	
4.41	2.81972 -5.35167 28.7111	
4.42	3.8063 0.140953 24.6919	
4.43	3.80053 -2.25295 23.4632	
4.44	3.94276 0.836682 21.522	
4.45	5.0393 4.38939 18.5033	
4.46	4.81967 4.22488 17.8048	
4.47	4.61851 4.06652 17.1302	
4.48	3.1926 -5.48724 27.0705	
4.49	3.04821 -5.29503 26.0527	
4.5	2.87397 -5.11636 25.0438	
4.51	2.71602 -4.94154 24.0763	
4.52	2.58155 -4.76898 23.1549	
4.53	2.49314 -4.59447 22.2977	
4.54	2.35317 -4.43714 21.4304	
4.55	2.23778 -4.2824 20.6123	
4.56	2.13802 -4.13136 19.8339	
4.57	2.04235 -3.98539 19.0829	
4.58	1.95476 -3.84359 18.3616	
4.59	1.89001 -3.70294 17.6809	
4.6	1.92291 -3.54484 17.0812	
4.61	2.1333 -3.35653 16.6353	
4.62	2.12516 -3.2187 16.0548	
4.63	2.09367 -3.09068 15.4782	
4.64	2.16013 -2.94582 14.9856	
4.65	2.25928 -2.79836 14.5335	
4.66	2.38994 -2.64625 14.1115	
4.67	2.52152 -2.49705 13.7029	
4.68	2.54578 -2.37596 13.242	
4.69	2.60593 -2.2491 12.8135	
4.7	2.66555 -2.12552 12.3975	
4.71	2.72566 -2.00539 11.9966	
4.72	2.7996 -1.8837 11.6108	
4.73	2.87773 -1.76377 11.2388	
4.74	2.89665 -1.66398 10.8572	
4.75	2.8141 -1.5975 10.4541	
4.76	2.71134 -1.53978 10.0555	
4.77	2.60906 -1.48502 9.66989	
4.78	2.51181 -1.43172 9.29809	
4.79	2.41432 -1.38129 8.93778	
4.8	2.32787 -1.33008 8.59149	
4.81	2.31111 -1.26092 8.28024	
4.82	2.31229 -1.18901 7.98564	
4.83	2.27754 -1.13064 7.69074	
4.84	2.22994 -1.07881 7.40268	
4.85	2.17685 -1.03099 7.12255	
4.86	2.13343 -0.982484 6.85471	
4.87	2.08469 -0.937689 6.59385	
4.88	2.03033 -0.896581 6.33938	
4.89	1.99703 -0.850268 6.09637	
4.9	1.9642 -0.806528 5.86472	
4.91	1.90379 -0.773753 5.63517	
4.92	1.83154 -0.746689 5.41064	
4.93	1.75327 -0.723512 5.19273	
4.94	1.62245 -0.718769 4.96866	
4.95	1.52862 -0.702378 4.75434	
4.96	1.46898 -0.677752 4.55955	
4.97	1.40339 -0.656673 4.3701	
4.98	1.33979 -0.637227 4.19052	
4.99	1.29514 -0.612499 4.01877	
5	1.27283 -0.582613 3.86069	
5.01	1.24111 -0.555887 3.70089	
5.02	1.23429 -0.522043 3.55066	
5.03	1.22062 -0.491864 3.40483	
5.04	1.19478 -0.466986 3.26185	
5.05	1.19214 -0.436431 3.13174	
5.06	1.16877 -0.413969 3.00261	
5.07	1.12717 -0.398214 2.87261	
5.08	1.08431 -0.383704 2.74577	
5.09	1.0544 -0.366259 2.62709	
5.1	1.0187 -0.351485 2.51035	
5.11	1.01018 -0.328839 2.40366	
5.12	1.01132 -0.304605 2.30554	
5.13	0.992305 -0.287662 2.20597	
5.14	0.95991 -0.275737 2.10617	
5.15	0.922412 -0.266044 2.00757	
5.16	0.893983 -0.254339 1.91486	
5.17	0.863893 -0.243845 1.82456	
5.18	0.840064 -0.232644 1.74114	
5.19	0.81344 -0.223113 1.66024	
5.2	0.783979 -0.215318 1.58207	
5.21	0.75285 -0.208886 1.50692	
5.22	0.719487 -0.203637 1.43314	
5.23	0.690543 -0.197505 1.36263	
5.24	0.660632 -0.192113 1.29366	
5.25	0.632922 -0.186491 1.22717	
5.26	0.604865 -0.181482 1.16267	
5.27	0.573449 -0.178121 1.09971	
5.28	0.543988 -0.174428 1.03843	
5.29	0.519804 -0.169478 0.980218	
5.3	0.499288 -0.163847 0.924936	
5.31	0.481138 -0.157909 0.872087	
5.32	0.462927 -0.152437 0.821061	
5.33	0.446206 -0.146878 0.772009	
5.34	0.431048 -0.141288 0.725274	
5.35	0.414534 -0.136503 0.679735	
5.36	0.398621 -0.131899 0.635884	
5.37	0.38239 -0.127692 0.593171	
5.38	0.366587 -0.123645 0.551781	
5.39	0.352672 -0.119343 0.512294	
5.4	0.340125 -0.114895 0.474344	
5.41	0.326756 -0.111062 0.437643	
5.42	0.315718 -0.106743 0.402584	
5.43	0.304406 -0.102831 0.368777	
5.44	0.293449 -0.0990511 0.336064	
5.45	0.282889 -0.095418 0.304581	
5.46	0.272618 -0.0919379 0.274178	
5.47	0.262721 -0.0885842 0.244882	
5.48	0.253177 -0.0853641 0.216688	
5.49	0.244254 -0.0821306 0.189408	
5.5	0.235804 -0.0789382 0.163036	
5.51	0.22975 -0.0752145 0.138222	
5.52	0.22437 -0.0715169 0.114569	
5.53	0.217623 -0.0684775 0.0914924	
5.54	0.210376 -0.0657913 0.0690918	
5.55	0.202606 -0.0634472 0.0472829	
5.56	0.195417 -0.0610904 0.0263294	
5.57	0.188325 -0.0588468 0.0059935	
5.58	0.181427 -0.0567611 -0.0133843	
5.59	0.175061 -0.0546645 -0.0319776	
5.6	0.169204 -0.0525836 -0.0497091	
5.61	0.161149 -0.0513739 -0.0672841	
5.62	0.15188 -0.0506938 -0.0845744	
5.63	0.142206 -0.0501715 -0.101851	
5.64	0.135556 -0.0487716 -0.11802	
5.65	0.129656 -0.0472865 -0.133365	
5.66	0.124623 -0.0456307 -0.148062	
5.67	0.12052 -0.0437867 -0.162078	
5.68	0.116555 -0.042044 -0.17546	
5.69	0.113243 -0.0401506 -0.188447	
5.7	0.11143 -0.0379074 -0.200528	
5.71	0.11022 -0.035617 -0.211862	
5.72	0.107736 -0.0338347 -0.22309	
5.73	0.104223 -0.0324915 -0.234119	
5.74	0.100894 -0.0311724 -0.24476	
5.75	0.0973166 -0.0300286 -0.255066	
5.76	0.0934364 -0.0290635 -0.265109	
5.77	0.0902949 -0.0279671 -0.274538	
5.78	0.0874094 -0.0268608 -0.283608	
5.79	0.0835984 -0.02612 -0.292618	
5.8	0.0801088 -0.0253308 -0.301326	
5.81	0.0769665 -0.0244904 -0.309702	
5.82	0.0739438 -0.0236764 -0.317783	
5.83	0.0710175 -0.0228898 -0.3256	
5.84	0.0681991 -0.0221356 -0.333115	
5.85	0.0655893 -0.0213737 -0.340335	
5.86	0.0630929 -0.0206336 -0.347289	
5.87	0.0607043 -0.0199129 -0.353994	
5.88	0.0584059 -0.0192192 -0.360446	
5.89	0.0562966 -0.0185181 -0.366634	
5.9	0.0542874 -0.0178309 -0.372607	
5.91	0.052326 -0.0171831 -0.378344	
5.92	0.0503475 -0.0165805 -0.383921	
5.93	0.048519 -0.0159774 -0.389266	
5.94	0.0468373 -0.0153699 -0.394398	
5.95	0.0451364 -0.0148123 -0.399356	
5.96	0.0435019 -0.0142734 -0.404133	
5.97	0.0419354 -0.0137499 -0.408739	
5.98	0.0404253 -0.0132483 -0.413168	
5.99	0.0390491 -0.0127349 -0.417436	
6	0.037639 -0.012269 -0.42156	
6.01	0.0362723 -0.0118215 -0.425542	
6.02	0.034824 -0.0114356 -0.429396	
6.03	0.0336174 -0.0110006 -0.433076	
6.04	0.0323967 -0.0106014 -0.436629	
6.05	0.0312203 -0.0102178 -0.44005	
6.06	0.0300899 -0.00984599 -0.443349	
6.07	0.0289915 -0.00948787 -0.446543	
6.08	0.0279432 -0.00914134 -0.44961	
6.09	0.0269864 -0.00878967 -0.452555	
6.1	0.0259726 -0.00848105 -0.455412	
6.11	0.025032 -0.00817441 -0.458147	
6.12	0.0241231 -0.00787696 -0.460794	
6.13	0.0232873 -0.00757876 -0.463329	
6.14	0.0224021 -0.00731456 -0.465802	
6.15	0.0216271 -0.00703734 -0.468156	
6.16	0.02088 -0.0067695 -0.470428	
6.17	0.020232 -0.00648757 -0.472604	
6.18	0.0195003 -0.00625309 -0.474714	
6.19	0.0187952 -0.00602579 -0.476753	
6.2	0.0181183 -0.00580639 -0.478716	
6.21	0.0174344 -0.00560244 -0.480625	
6.22	0.0166154 -0.00545557 -0.482511	
6.23	0.0159105 -0.005287 -0.484308	
6.24	0.0153421 -0.00508668 -0.486023	
6.25	0.0147452 -0.00491345 -0.48767	
6.26	0.014134 -0.00475511 -0.489278	
6.27	0.0136284 -0.00457838 -0.490797	
6.28	0.0130894 -0.00442287 -0.492281	
6.29	0.0125691 -0.00427519 -0.493703	
6.3	0.0120738 -0.00413043 -0.495074	
6.31	0.0116687 -0.00396792 -0.496377	
6.32	0.0112445 -0.00382391 -0.497634	
6.33	0.010839 -0.00368608 -0.498836	
6.34	0.0105089 -0.00352489 -0.500017	
6.35	0.0101656 -0.00338374 -0.501135	
6.36	0.0097754 -0.00326761 -0.502224	
6.37	0.00943527 -0.0031459 -0.503257	
6.38	0.00909132 -0.00303188 -0.504265	
6.39	0.00875567 -0.00292377 -0.505235	
6.4	0.00846922 -0.00280543 -0.506171	
6.41	0.00845861 -0.00280786 -0.506177	
6.42	0.00843634 -0.00281415 -0.506186	
6.43	0.00841648 -0.00281959 -0.506195	
6.44	0.00837121 -0.00283362 -0.506208	
6.45	0.00836268 -0.00283468 -0.506217	
6.46	0.00835236 -0.00283719 -0.506223	
6.47	0.00842646 -0.00281086 -0.506215	
6.48	0.0085559 -0.00276585 -0.506199	
6.49	0.00883233 -0.00266654 -0.506176	
6.5	0.00919634 -0.00253324 -0.506157	
6.51	0.00971935 -0.00233782 -0.506146	
6.52	0.010451 -0.00205788 -0.506158	
6.53	0.0110854 -0.00180648 -0.506205	
6.54	0.011713 -0.00154871 -0.506288	
6.55	0.012323 -0.00129195 -0.506395	
6.56	0.0129635 -0.00101224 -0.50655	
6.57	0.0135874 -0.000730794 -0.506738	
6.58	0.0141381 -0.000473789 -0.506939	
6.59	0.014546 -0.000278088 -0.507111	
6.6	0.0149274 -9.40226e-05 -0.507276	
6.61	0.0152913 8.61578e-05 -0.507452	
6.62	0.015704 0.000294452 -0.507669	
6.63	0.0161042 0.000500445 -0.507895	
6.64	0.0165861 0.00075588 -0.508198	
6.65	0.0171557 0.00107237 -0.508618	
6.66	0.0175661 0.00131118 -0.508965	
6.67	0.0179463 0.00153265 -0.509287	
6.68	0.0181179 0.00163885 -0.509458	
6.69	0.0183627 0.0017857 -0.509684	
6.7	0.0185664 0.00191163 -0.509887	
6.71	0.0186923 0.00199189 -0.510022	
6.72	0.0187677 0.00204202 -0.510112	
6.73	0.0188034 0.00206429 -0.510149	
6.74	0.0188204 0.00207815 -0.510179	
6.75	0.0188268 0.00208455 -0.510196	
6.76	0.0188384 0.002092 -0.510209	
6.77	0.0188384 0.002092 -0.510209	
6.78	0.0188376 0.00209205 -0.51021	
6.79	0.0188224 0.00208638 -0.51021	
6.8	0.018828 0.00209019 -0.510217	
6.81	0.0188055 0.00207813 -0.510203	
6.82	0.0188038 0.00207821 -0.510206	
6.83	0.018792 0.00207363 -0.510205	
6.84	0.0187911 0.00207367 -0.510207	
6.85	0.01879 0.00207657 -0.510221	
6.86	0.0187554 0.00205989 -0.510206	
6.87	0.0187662 0.00206737 -0.51022	
6.88	0.018756 0.00206271 -0.510217	
6.89	0.0187546 0.00205992 -0.510207	
6.9	0.0187546 0.00205992 -0.510207	
6.91	0.0187537 0.00205995 -0.510209	
6.92	0.0187643 0.00206742 -0.510223	
6.93	0.0187527 0.00205996 -0.51021	
6.94	0.0187634 0.00206744 -0.510225	
6.95	0.0187624 0.00206745 -0.510226	
6.96	0.0187656 0.00206848 -0.510225	
6.97	0.0187494 0.00206286 -0.510228	
6.98	0.0187508 0.00206394 -0.51023	
6.99	0.018754 0.00206767 -0.51024	
7	0.0187414 0.00206023 -0.510229	
7.01	0.018753 0.00206769 -0.510242	
7.02	0.0187388 0.00206032 -0.510234	
7.03	0.0187477 0.00206786 -0.510251	
7.04	0.0187468 0.00206788 -0.510253	
7.05	0.0187357 0.00206323 -0.510251	
7.06	0.0187399 0.00206426 -0.510248	
7.07	0.0187491 0.00206895 -0.510253	
7.08	0.0187472 0.002069 -0.510257	
7.09	0.0187531 0.00207265 -0.510262	
7.1	0.0187472 0.002069 -0.510257	
7.11	0.0187463 0.00206903 -0.510258	
7.12	0.0187463 0.00206903 -0.510258	
7.13	0.0187454 0.00206906 -0.51026	
7.14	0.0187557 0.00207374 -0.510263	
7.15	0.0187547 0.00207376 -0.510265	
7.16	0.0187485 0.00207279 -0.51027	
7.17	0.0187248 0.00206072 -0.510258	
7.18	0.0187406 0.00206919 -0.510268	
7.19	0.0187174 0.00205428 -0.510242	
7.2	0.0186819 0.00202909 -0.510193	
7.21	0.0186268 0.00199727 -0.510148	
7.22	0.0185669 0.00196667 -0.510115	
7.23	0.0185111 0.00194197 -0.5101	
7.24	0.0185373 0.00195414 -0.510109	
7.25	0.0185064 0.00192362 -0.510031	
7.26	0.0185022 0.00190642 -0.509966	
7.27	0.0185192 0.00191069 -0.509957	
7.28	0.0185607 0.00193284 -0.509984	
7.29	0.0185896 0.00194071 -0.509971	
7.3	0.0186174 0.00195407 -0.509983	
7.31	0.0186215 0.00195677 -0.509988	
7.32	0.0186406 0.00196706 -0.51	
7.33	0.0186623 0.00197645 -0.510005	
7.34	0.0186799 0.00198135 -0.509998	
7.35	0.0186855 0.00197985 -0.509983	
7.36	0.0186611 0.00196632 -0.509965	
7.37	0.0186893 0.00197891 -0.509973	
7.38	0.0186863 0.0019717 -0.509948	
7.39	0.0186505 0.00195908 -0.509952	
7.4	0.0186549 0.00198461 -0.510051	
7.41	0.0185916 0.00196095 -0.510052	
7.42	0.0185651 0.00195312 -0.510061	
7.43	0.0185584 0.00194726 -0.510048	
7.44	0.0185623 0.00194675 -0.510039	
7.45	0.0185529 0.00194143 -0.510032	
7.46	0.0185081 0.00191464 -0.509991	
7.47	0.018475 0.00189725 -0.509971	
7.48	0.0184301 0.0018733 -0.509942	
7.49	0.0183637 0.00184721 -0.509938	
7.5	0.0183887 0.00186808 -0.509985	
7.51	0.0184344 0.00190933 -0.510085	
7.52	0.0184414 0.00193855 -0.510196	
7.53	0.0184106 0.00193414 -0.510226	
7.54	0.018072 0.00169298 -0.509756	
7.55	0.0174436 0.0013092 -0.509149	
7.56	0.0166096 0.000843177 -0.508525	
7.57	0.0155944 0.00032061 -0.50795	
7.58	0.014353 -0.000280504 -0.507405	
7.59	0.01348 -0.000680486 -0.507116	
7.6	0.0130087 -0.000882979 -0.507017	
7.61	0.0125762 -0.00106852 -0.506926	
7.62	0.0123114 -0.00117888 -0.506884	
7.63	0.012036 -0.00129747 -0.506825	
7.64	0.0118017 -0.00140292 -0.506755	
7.65	0.0117187 -0.00144098 -0.506728	
7.66	0.0117009 -0.00144967 -0.506719	
7.67	0.0116841 -0.00145812 -0.506711	
7.68	0.0116866 -0.00145706 -0.506711	
7.69	0.0116351 -0.00147738 -0.506708	
7.7	0.0116229 -0.00148359 -0.506701	
7.71	0.0116163 -0.0014889 -0.506689	
7.72	0.0115519 -0.00151537 -0.506681	
7.73	0.011498 -0.00153777 -0.506673	
7.74	0.0114255 -0.00156729 -0.506664	
7.75	0.0113739 -0.00158688 -0.506664	
7.76	0.0113628 -0.00159143 -0.506662	
7.77	0.0112844 -0.00162058 -0.506664	
7.78	0.0111809 -0.00165524 -0.506683	
7.79	0.0110701 -0.00169266 -0.506702	
7.8	0.0109804 -0.00172379 -0.506714	
7.81	0.0108222 -0.0017829 -0.506717	
7.82	0.010716 -0.00182297 -0.506718	
7.83	0.0105984 -0.00186473 -0.50673	
7.84	0.0104809 -0.00190821 -0.506734	
7.85	0.0103842 -0.00194486 -0.506734	
7.86	0.0102419 -0.0019953 -0.506748	
7.87	0.0100168 -0.00208183 -0.506743	
7.88	0.00979757 -0.00218295 -0.506668	
7.89	0.00946431 -0.00232353 -0.506608	
7.9	0.00879194 -0.00257229 -0.506632	
7.91	0.007684 -0.00296057 -0.506762	
7.92	0.00661568 -0.0033131 -0.506979	
7.93	0.00574855 -0.00358534 -0.507213	
7.94	0.00493433 -0.00382442 -0.507501	
7.95	0.0570208 0.0103457 0.0922518	
7.96	0.737435 0.170121 5.96213	
7.97	0.739546 0.166775 6.22104	
7.98	0.704283 0.158835 5.96424	
7.99	0.664376 0.153094 6.69819	
8	3.19916 -0.55644 5.01633	
8.01	3.07872 -0.535836 4.81509	
8.02	2.96847 -0.516785 4.621	
8.03	0.783927 -0.868716 6.98783	
8.04	1.19171 -1.17102 5.49832	
8.05	1.14681 -1.12782 5.27757	
8.06	1.09843 -1.08679 5.0612	
8.07	1.05757 -1.04637 4.85661	
8.08	0.339674 0.00776246 7.94329	
8.09	0.327061 0.007426 7.63511	
8.1	-0.0783476 -0.0158374 8.54945	
8.11	-0.0954114 0.0158351 8.60059	
8.12	-0.184156 -0.0420193 8.94702	
8.13	-0.343116 0.0469916 9.35169	
8.14	-0.495499 0.0480381 9.69727	
8.15	-0.580293 0.0684362 9.77508	
8.16	-0.802124 0.0964026 10.4454	
8.17	-1.11714 0.141557 11.6637	
8.18	-1.52687 0.192431 13.2983	
8.19	-1.53203 0.194772 13.1339	
8.2	-2.12279 0.306123 17.3736	
8.21	-1.59327 0.270121 17.2683	
8.22	-0.892918 0.219179 16.7967	
8.23	-0.336504 0.177841 16.2841	
8.24	0.365872 0.127672 15.7873	
8.25	0.975145 0.0838505 15.2595	
8.26	1.71645 -0.229689 14.7522	
8.27	1.95575 -0.228382 14.2024	
8.28	2.12912 -0.225623 13.6656	
8.29	2.34862 -0.223954 13.1406	
8.3	2.52926 -0.163214 13.5183	
8.31	2.50375 -0.155575 13.0108	
8.32	2.40706 -0.150132 12.5211	
8.33	2.62094 -0.438389 9.96019	
8.34	2.42196 -0.418347 9.5879	
8.35	2.12024 -0.393823 9.22784	
8.36	0.830323 -0.678297 9.69411	
8.37	1.73996 1.28053 6.28309	
8.38	1.66638 4.3393 -3.46228	
8.39	2.52051 1.34068 13.0313	
8.4	4.42888 -7.8225 -6.17414	
8.41	4.67559 -6.21252 -3.41115	
8.42	5.01627 -7.68788 -7.33388	
8.43	4.16018 -7.63571 -5.25305	
8.44	6.22783 -8.34172 -4.25984	
8.45	11.159 -5.22832 4.1913	
8.46	11.0443 -4.2742 6.41355	
8.47	10.7218 -3.57522 7.60402	
8.48	10.0531 -2.20174 11.5698	
8.49	9.02194 -1.94983 12.384	
8.5	7.41962 -1.15059 15.3918	
8.51	4.81469 0.852676 14.613	
8.52	4.58778 1.12915 9.5961	
8.53	5.16304 -4.18824 17.1586	
8.54	5.40217 -4.95059 16.1129	
8.55	2.49131 -4.30815 22.9733	
8.56	0.921608 -3.98958 11.8913	
8.57	-3.79694 -11.9527 4.98936	
8.58	3.07538 7.38188 -22.948	
8.59	-0.346023 3.87148 -13.7651	
8.6	-1.0115 1.80417 -10.5308	
8.61	-3.51887 -0.88732 -13.4742	
8.62	-5.36464 -0.876396 -6.9152	
8.63	-4.59718 -1.68744 -8.46549	
8.64	-5.69193 -2.91014 -9.73895	
8.65	-3.68146 -3.92168 -11.0006	
8.66	-1.3228 -3.41181 -9.89558	
8.67	1.79287 -2.6944 0.644784	
8.68	3.04542 -4.24861 -4.1053	
8.69	0.629688 -5.41189 8.73625	
8.7	1.85219 -6.45425 9.11679	
8.71	3.9712 -9.09876 -1.56449	
8.72	3.144 -4.79046 10.0895	
8.73	3.51794 -4.96329 9.6785	
8.74	4.38254 -5.43537 9.10445	
8.75	5.49659 -5.98477 8.23424	
8.76	5.92037 -6.10802 7.58909	
8.77	6.36789 -6.21166 6.84173	
8.78	6.77259 -6.24723 5.99219	
8.79	6.74596 -6.08787 5.48975	
8.8	6.61438 -5.8948 5.11399	
8.81	6.41012 -5.67311 4.81173	
8.82	6.17269 -5.45634 4.59658	
8.83	5.99882 -5.25471 4.29493	
8.84	5.74949 -5.02807 4.08265	
8.85	5.26464 -4.74135 4.1943	
8.86	4.819 -4.4643 4.25443	
8.87	4.5458 -4.26073 4.16731	
8.88	4.28533 -4.06469 4.07784	
8.89	4.09384 -3.90193 3.94209	
8.9	3.93433 -3.75722 3.79376	
8.91	3.75129 -3.6031 3.67009	
8.92	3.6048 -3.46719 3.52447	
8.93	3.46916 -3.34407 3.39519	
8.94	3.33509 -3.21724 3.25407	
8.95	3.0225 -3.00197 3.23485	
8.96	2.50488 -2.67935 3.33853	
8.97	1.91115 -2.27672 3.37348	
8.98	1.31185 -1.82422 3.27844	
8.99	0.795924 -0.764476 6.32189	
9	-1.26541 2.68965 2.72793	
9.01	-1.53124 3.0612 2.72318	
9.02	-1.76602 3.26534 2.40418	
9.03	6.68302 37.476 -0.365393	
9.04	0.135506 32.0496 8.17382	
9.05	-9.10733 16.9413 30.3493	
9.06	-8.34315 16.1839 27.7314	
9.07	-8.57705 18.7884 20.9048	
9.08	-9.71754 22.0383 21.7373	
9.09	5.50686 1.56936 4.32653	
9.1	-0.165243 8.85325 7.87821	
9.11	-0.132369 8.49048 7.65832	
9.12	0.595859 7.12511 8.82469	
9.13	4.93209 2.97344 4.25868	
9.14	12.2798 8.68456 5.80632	
9.15	12.3413 5.21554 10.5128	
9.16	11.4778 4.97292 10.1958	
9.17	9.71492 5.60779 14.1632	
9.18	13.6012 6.66412 13.1396	
9.19	15.1854 6.75147 12.0495	
9.2	14.8961 6.5516 11.5226	
9.21	15.2123 6.32756 10.6905	
9.22	15.1809 6.09146 10.0252	
9.23	14.0352 5.832 9.88052	
9.24	12.8773 5.6632 9.86654	
9.25	12.6207 5.48352 9.41963	
9.26	12.2159 5.28789 9.03702	
9.27	11.7161 5.09889 8.72041	
9.28	11.2993 4.91064 8.37662	
9.29	6.70692 3.77657 8.88909	
9.3	4.2731 2.7133 8.46291	
9.31	1.88103 3.17646 10.0232	
9.32	1.24388 1.54199 14.0023	
9.33	1.47954 1.5099 13.301	
9.34	0.778432 1.20929 12.7849	
9.35	-0.650942 0.532049 12.034	
9.36	-1.7765 3.28632 36.3916	
9.37	-2.0694 4.15548 31.5412	
9.38	0.860632 4.77471 29.541	
9.39	-0.873882 0.561291 15.9201	
9.4	-0.285336 8.86699 16.8029	
9.41	0.383684 8.86703 13.8785	
9.42	4.83287 7.13919 9.75576	
9.43	4.69808 7.03214 9.10842	
9.44	4.60006 6.71396 8.62272	
9.45	4.58363 6.37133 8.15499	
9.46	4.55684 6.09049 7.68636	
9.47	4.38926 5.8418 7.33979	
9.48	4.22546 5.61402 6.94175	
9.49	4.06851 5.38667 6.58429	
9.5	4.12533 5.14792 6.10469	
9.51	4.16176 4.90959 5.67978	
9.52	4.54426 4.64206 5.01113	
9.53	4.37718 4.45398 4.74693	
9.54	4.48564 4.21366 4.32174	
9.55	4.54146 3.97579 3.96584	
9.56	4.85727 3.68954 3.43676	
9.57	4.67843 3.52417 3.24979	
9.58	4.50747 3.37361 3.08103	
9.59	4.85798 3.02824 2.59859	
9.6	4.68068 2.9041 2.44827	
9.61	4.50907 2.77924 2.31652	
9.62	4.50384 2.58922 2.09273	
9.63	4.39472 2.45201 1.91995	
9.64	4.42153 2.28457 1.70717	
9.65	4.25887 2.17971 1.60274	
9.66	4.17619 2.06219 1.46919	
9.67	4.19378 1.89419 1.2738	
9.68	4.22113 1.73431 1.09424	
9.69	4.46709 1.51448 0.767929	
9.7	4.30265 1.44159 0.704837	
9.71	4.21615 1.36101 0.615523	
9.72	4.33348 1.21875 0.40536	
9.73	4.19523 1.15183 0.345681	
9.74	4.65913 0.910966 -0.0396407	
9.75	4.48895 0.866713 -0.0744884	
9.76	4.32406 0.825211 -0.0969105	
9.77	4.55939 0.687296 -0.286302	
9.78	4.3912 0.64881 -0.3049	
9.79	4.47061 0.543082 -0.419121	
9.8	4.30848 0.522204 -0.426809	
9.81	4.21531 0.472998 -0.4677	
9.82	4.32893 0.370234 -0.579689	
9.83	4.17135 0.352432 -0.584502	
9.84	4.01572 0.325927 -0.586037	
9.85	4.676 0.0683822 -0.920446	
9.86	4.50566 0.0618552 -0.911666	
9.87	4.34596 0.065047 -0.904156	
9.88	4.18768 0.0591115 -0.895355	
9.89	4.03108 0.0450278 -0.885396	
9.9	4.5432 -0.169798 -1.12971	
9.91	4.37764 -0.166888 -1.11187	
9.92	4.21861 -0.165964 -1.10009	
9.93	4.06633 -0.158189 -1.07906	
9.94	3.94113 -0.174094 -1.07759	
9.95	4.61422 -0.398802 -1.38399	
9.96	4.44716 -0.386334 -1.35777	
9.97	4.285 -0.374952 -1.33062	
9.98	4.13024 -0.359674 -1.30063	
9.99	3.97968 -0.348898 -1.27516	
10	4.05736 -0.388545 -1.33629	
10.01	4.30338 -0.396368 -1.45253	
10.02	4.05538 -0.146397 -1.43293	
10.03	4.30924 -0.416219 -1.51243	
10.04	4.08612 0.0187269 -1.52429	
10.05	4.62754 -0.468653 -1.68186	
10.06	4.21617 0.168386 -1.65257	
10.07	4.56312 -0.25612 -1.74496	
10.08	4.28718 0.0329427 -1.71524	
10.09	4.52468 -0.287959 -1.76704	
10.1	4.3291 -0.196025 -1.72782	
10.11	4.17094 -0.190484 -1.68633	
10.12	4.06497 -0.224835 -1.66158	
10.13	4.43118 -0.396399 -1.79174	
10.14	4.41457 0.0472734 -1.87508	
10.15	4.25284 0.0431743 -1.83085	
10.16	4.09504 0.0384847 -1.78602	
10.17	4.50145 -0.406043 -1.8869	
10.18	4.09124 0.240511 -1.85626	
10.19	4.55774 -0.290928 -1.96995	
10.2	4.21865 0.189623 -1.93923	
10.21	4.17381 0.0905208 -1.92317	
10.22	3.60843 1.1403 -1.86742	
10.23	4.15412 0.518311 -2.00472	
10.24	3.84821 0.926219 -1.97613	
10.25	3.94795 0.686666 -1.987	
10.26	3.8263 0.64133 -1.94193	
10.27	3.93193 0.40279 -1.96031	
10.28	4.11695 0.623724 -2.07323	
10.29	3.85316 0.909516 -2.03762	
10.3	4.24056 0.421894 -2.1265	
10.31	3.91271 0.957722 -2.09082	
10.32	4.21178 0.544408 -2.15329	
10.33	3.98967 0.703594 -2.1108	
10.34	4.4182 0.188395 -2.2039	
10.35	3.94765 0.981849 -2.16499	
10.36	4.52217 0.330158 -2.29902	
10.37	4.11049 0.998511 -2.26545	
10.38	4.10426 0.837122 -2.24308	
10.39	4.12801 0.659966 -2.22478	
10.4	3.97439 0.634173 -2.16847	
10.41	4.21318 0.282298 -2.20771	
10.42	3.72931 1.27637 -2.17627	
10.43	4.24023 0.672101 -2.29458	
10.44	4.06307 0.711928 -2.23375	
10.45	3.91439 0.685586 -2.17352	
10.46	3.99767 0.465115 -2.17436	
10.47	3.91967 0.702229 -2.18772	
10.48	4.25216 0.269111 -2.25535	
10.49	3.94575 0.922828 -2.24575	
10.5	4.02009 0.697767 -2.24734	
10.51	4.19018 0.52603 -2.29792	
10.52	4.07319 0.744426 -2.28642	
10.53	3.92414 0.717002 -2.22426	
10.54	4.01567 0.486484 -2.2277	
10.55	4.17304 0.448482 -2.28706	
10.56	4.04374 0.753618 -2.29347	
10.57	3.9462 0.790995 -2.26578	
10.58	4.01733 0.573368 -2.26464	
10.59	4.20662 0.579306 -2.34529	
10.6	4.34012 0.609264 -2.41319	
10.61	4.17727 0.586129 -2.35287	
10.62	4.34462 0.291607 -2.36736	
10.63	3.97801 0.819333 -2.30953	
10.64	4.26218 0.419259 -2.35969	
10.65	3.98259 0.823913 -2.31751	
10.66	4.26475 0.423735 -2.36829	
10.67	4.01737 1.00416 -2.36303	
10.68	4.02201 0.831423 -2.3473	
10.69	4.55434 0.221692 -2.45849	
10.7	4.08854 1.01734 -2.40936	
10.71	3.98201 0.939269 -2.36111	
10.72	4.61175 0.240732 -2.49875	
10.73	4.03156 1.33621 -2.45669	
10.74	4.35524 0.881897 -2.51468	
10.75	4.19575 0.849605 -2.44444	
10.76	4.13466 0.738677 -2.40193	
10.77	4.20631 0.519394 -2.39436	
10.78	4.12713 0.654829 -2.3835	
10.79	4.17283 0.6235 -2.39636	
10.8	4.13331 0.73565 -2.39803	
10.81	4.15321 0.561314 -2.3763	
10.82	3.88854 0.938638 -2.33104	
10.83	4.39023 0.350418 -2.43769	
10.84	3.95671 1.05172 -2.38688	
10.85	4.39279 0.513758 -2.47425	
10.86	4.00336 1.09565 -2.41386	
10.87	4.07035 0.870393 -2.40581	
10.88	4.22561 0.576321 -2.41998	
10.89	4.07153 0.819791 -2.39852	
10.9	4.21449 0.536843 -2.41101	
10.91	4.088 0.819037 -2.40667	
10.92	4.2123 0.554766 -2.41099	
10.93	3.98396 0.740737 -2.3574	
10.94	4.06026 0.582907 -2.35822	
10.95	3.97117 0.707597 -2.35029	
10.96	4.6083 0.0674515 -2.49731	
10.97	3.85961 1.6568 -2.47213	
10.98	4.56182 0.869483 -2.63173	
10.99	4.3947 0.837714 -2.55841	
11	4.23277 0.80697 -2.48907	
11.01	4.40182 0.500946 -2.49997	
11.02	4.21538 0.557702 -2.43217	
11.03	4.05861 0.5369 -2.36778	
11.04	4.23658 0.487245 -2.42514	
11.05	4.09549 0.985677 -2.45695	
11.06	4.5518 0.434046 -2.54249	
11.07	4.25401 0.804337 -2.49816	
11.08	4.09567 0.774598 -2.43247	
11.09	4.24545 0.489164 -2.44097	
11.1	4.03744 0.712139 -2.40248	
11.11	4.23243 0.388639 -2.4253	
11.12	4.07151 0.94841 -2.44687	
11.13	3.993 0.852327 -2.40048	
11.14	4.29432 0.435146 -2.44926	
11.15	3.81622 1.26765 -2.39229	
11.16	4.27356 0.706719 -2.48732	
11.17	4.1044 0.716558 -2.41998	
11.18	4.19342 0.482497 -2.41633	
11.19	4.12779 0.782047 -2.43248	
11.2	3.97579 0.753404 -2.36739	
11.21	4.31787 0.304703 -2.43218	
11.22	4.05626 1.02532 -2.44363	
11.23	4.0545 0.861008 -2.41796	
11.24	4.27637 0.510333 -2.45008	
11.25	4.09342 0.814024 -2.42631	
11.26	4.22395 0.540209 -2.4387	
11.27	4.38368 0.454082 -2.4926	
11.28	4.11453 0.747723 -2.44247	
11.29	4.19476 0.519624 -2.43557	
11.3	4.12496 0.766315 -2.44364	
11.31	4.18191 0.556357 -2.43434	
11.32	4.18821 0.797854 -2.46757	
11.33	4.13114 0.687316 -2.42249	
11.34	3.979 0.662108 -2.35781	
11.35	4.28001 0.251624 -2.40947	
11.36	4.0334 1.12029 -2.45173	
11.37	4.32009 0.706191 -2.50127	
11.38	4.10824 0.831213 -2.44093	
11.39	4.25363 0.547456 -2.44911	
11.4	4.05051 0.66301 -2.3862	
11.41	3.98867 0.564318 -2.34286	
11.42	4.0424 0.548736 -2.3616	
11.43	4.25175 0.481246 -2.43705	
11.44	4.12689 0.906874 -2.46511	
11.45	4.51488 0.412431 -2.5384	
11.46	4.10084 1.05512 -2.48095	
11.47	4.27334 0.738463 -2.49708	
11.48	4.10937 0.735531 -2.42622	
11.49	3.95997 0.705998 -2.36551	
11.5	4.62475 -0.0129236 -2.50663	
11.51	3.93199 1.40352 -2.47306	
11.52	4.21819 0.981155 -2.5216	
11.53	4.14724 0.872819 -2.47211	
11.54	3.99453 0.840923 -2.40561	
11.55	4.32197 0.404628 -2.45873	
11.56	3.92952 0.999985 -2.40803	
11.57	4.44519 0.398906 -2.5119	
11.58	4.06521 1.00482 -2.47938	
11.59	4.2719 0.66148 -2.50365	
11.6	4.11555 0.637313 -2.43371	
11.61	4.16534 0.440623 -2.41579	
11.62	3.89264 1.03256 -2.40075	
11.63	4.43423 0.407459 -2.51456	
11.64	4.05004 1.02796 -2.48016	
11.65	4.04862 0.862886 -2.45211	
11.66	4.27395 0.508975 -2.48151	
11.67	4.04303 0.753853 -2.43679	
11.68	4.26483 0.405616 -2.46664	
11.69	4.1052 0.855273 -2.47474	
11.7	4.24042 0.580689 -2.4775	
11.71	4.03507 0.699933 -2.41967	
11.72	4.25945 0.351929 -2.44903	
11.73	4.07334 0.991141 -2.47269	
11.74	4.02027 0.869885 -2.43335	
11.75	4.3013 0.46856 -2.47738	
11.76	4.03483 1.00754 -2.45667	
11.77	4.05869 0.821147 -2.43997	
11.78	4.5465 0.246065 -2.53246	
11.79	3.9583 1.37892 -2.49356	
11.8	4.47752 0.759969 -2.59597	
11.81	4.31251 0.732109 -2.5255	
11.82	4.15466 0.705381 -2.45479	
11.83	4.14417 0.554347 -2.42637	
11.84	4.21977 0.728728 -2.47722	
11.85	4.1547 0.753902 -2.45938	
11.86	4.16798 0.585142 -2.43217	
11.87	3.9036 0.93458 -2.38274	
11.88	4.41863 0.336015 -2.48988	
11.89	3.97058 1.0827 -2.43504	
11.9	4.13452 0.776654 -2.44909	
11.91	3.98162 0.748103 -2.38161	
11.92	4.08306 0.578189 -2.39252	
11.93	4.22044 0.503612 -2.44349	
11.94	4.09468 0.719762 -2.44228	
11.95	4.23203 0.525015 -2.4628	
11.96	3.96432 0.830784 -2.41532	
11.97	4.08922 0.565722 -2.41847	
11.98	3.97938 0.936167 -2.43276	
11.99	4.34682 0.460613 -2.49881	
12	4.02789 0.893398 -2.45363	
12.01	4.04485 0.720346 -2.42677	
12.02	3.98986 0.613749 -2.38358	
12.03	4.02551 0.543511 -2.38451	
12.04	4.24343 0.446515 -2.44854	
12.05	3.83698 1.09005 -2.39477	
12.06	4.47134 0.383276 -2.53202	
12.07	4.05304 1.10225 -2.50403	
12.08	4.04447 0.941319 -2.47059	
12.09	4.02444 0.794854 -2.43629	
12.1	4.03536 0.68988 -2.42266	
12.11	4.02866 0.77613 -2.42905	
12.12	4.05259 0.814385 -2.45366	
12.13	4.26518 0.473471 -2.48043	
12.14	4.05075 0.764328 -2.45459	
12.15	4.27231 0.418335 -2.48073	
12.16	4.04339 0.779514 -2.44663	
12.17	4.03754 0.699817 -2.429	
12.18	4.00999 0.573586 -2.39757	
12.19	4.29815 0.499981 -2.49157	
12.2	4.03568 0.973331 -2.48295	
12.21	4.31073 0.572619 -2.52344	
12.22	4.03285 0.954244 -2.47341	
12.23	4.30879 0.555286 -2.51361	
12.24	4.08565 0.719259 -2.45401	
12.25	4.21148 0.453371 -2.45829	
12.26	4.13749 0.73777 -2.47024	
12.27	4.19067 0.681008 -2.4852	
12.28	4.11252 0.592404 -2.43303	
12.29	3.9374 0.635813 -2.36986	
12.3	4.0942 0.609618 -2.42217	
12.31	4.22306 0.799136 -2.49944	
12.32	3.96684 1.06181 -2.4483	
12.33	4.36051 0.557358 -2.52453	
12.34	4.04462 0.979464 -2.4767	
12.35	4.29372 0.602361 -2.5088	
12.36	4.08732 0.721992 -2.44776	
12.37	3.97061 0.664803 -2.39187	
12.38	4.33906 0.363214 -2.47926	
12.39	3.86628 1.1808 -2.43219	
12.4	4.50243 0.470146 -2.56863	
12.41	4.16424 0.945607 -2.52808	
12.42	4.20709 0.742421 -2.50822	
12.43	4.13639 0.646071 -2.45622	
12.44	3.9825 0.622184 -2.39089	
12.45	4.32138 0.376793 -2.47399	
12.46	3.85258 1.18156 -2.42898	
12.47	4.79356 0.210572 -2.63994	
12.48	4.15459 1.50961 -2.61909	
12.49	4.04685 1.41567 -2.55924	
12.5	4.37228 0.958318 -2.60876	
12.51	4.20943 0.923046 -2.53835	
12.52	4.15085 0.808545 -2.49107	
12.53	4.17076 0.629128 -2.46744	
12.54	4.14816 0.662204 -2.45883	
12.55	4.14911 0.506447 -2.43093	
12.56	4.1337 0.5096 -2.42237	
12.57	4.15339 0.539958 -2.43002	
12.58	3.88986 0.844395 -2.38152	
12.59	4.70876 0.0245266 -2.57101	
12.6	3.92261 1.6998 -2.54424	
12.61	4.52278 0.997174 -2.67144	
12.62	4.35893 0.961079 -2.59492	
12.63	4.19754 0.925766 -2.52247	
12.64	4.04388 0.892012 -2.45182	
12.65	4.05287 0.724551 -2.42604	
12.66	4.2585 0.392544 -2.45072	
12.67	4.05659 0.774705 -2.43207	
12.68	4.02735 0.754498 -2.42082	
12.69	4.27578 0.385214 -2.45478	
12.7	3.81152 1.27083 -2.41429	
12.71	4.5492 0.471561 -2.57903	
12.72	4.19801 0.981325 -2.54077	
12.73	4.16682 0.841466 -2.50055	
12.74	4.15855 0.686284 -2.46864	
12.75	4.13843 0.546818 -2.4324	
12.76	3.91997 0.916536 -2.399	
12.77	4.12902 0.578747 -2.42435	
12.78	3.91481 0.868441 -2.39757	
12.79	4.12091 0.532441 -2.42515	
12.8	4.18669 0.778085 -2.48829	
12.81	4.15053 0.825346 -2.48574	
12.82	3.99768 0.795169 -2.41879	
12.83	4.30546 0.375793 -2.4664	
12.84	3.78343 1.33397 -2.41849	
12.85	4.87624 0.228073 -2.6756	
12.86	4.24988 1.47992 -2.64764	
12.87	4.09341 1.42609 -2.57478	
12.88	4.33998 1.03051 -2.60934	
12.89	4.18196 0.992981 -2.5332	
12.9	4.02711 0.956756 -2.46782	
12.91	4.6248 0.283718 -2.58951	
12.92	4.19041 0.986051 -2.53982	
12.93	4.20158 0.810704 -2.50796	
12.94	4.04616 0.780898 -2.43844	
12.95	4.02977 0.640221 -2.40383	
12.96	4.01197 0.589684 -2.39229	
12.97	4.26613 0.350978 -2.44821	
12.98	3.818 1.34452 -2.42852	
12.99	4.28483 0.772028 -2.52505	
13	4.12468 0.743435 -2.45655	
13.01	4.22211 0.538173 -2.4558	
13.02	4.08487 0.821696 -2.44214	
13.03	3.96253 0.766769 -2.38255	
13.04	4.07513 0.590142 -2.39643	
13.05	4.20393 0.516016 -2.44476	
13.06	4.11643 0.865583 -2.46635	
13.07	4.21417 0.617983 -2.46969	
13.08	4.41728 0.550948 -2.52958	
13.09	4.05346 1.06828 -2.47409	
13.1	4.35638 0.6412 -2.52435	
13.11	4.09733 0.906646 -2.46731	
13.12	4.00347 0.825215 -2.41333	
13.13	4.06733 0.611076 -2.40497	
13.14	4.26147 0.58328 -2.47105	
13.15	3.85261 1.23196 -2.41607	
13.16	4.52013 0.493237 -2.56236	
13.17	4.19906 0.925086 -2.51618	
13.18	4.04536 0.891359 -2.44574	
13.19	4.03033 0.741486 -2.41617	
13.2	4.28417 0.460673 -2.46866	
13.21	3.9341 0.95031 -2.41097	
13.22	4.13368 0.618118 -2.43615	
13.23	4.18089 0.741323 -2.47432	
13.24	4.17238 0.656826 -2.46329	
13.25	4.43726 0.465149 -2.52867	
13.26	4.14966 0.806946 -2.47688	
13.27	3.9978 0.777512 -2.40783	
13.28	4.0377 0.587321 -2.39211	
13.29	4.23737 0.40201 -2.44516	
13.3	4.06399 0.796506 -2.44014	
13.31	3.9958 0.697202 -2.39649	
13.32	4.28968 0.292126 -2.44447	
13.33	4.02034 0.907018 -2.43941	
13.34	4.30849 0.498302 -2.48437	
13.35	3.89033 1.16898 -2.4274	
13.36	4.46374 0.509062 -2.55034	
13.37	4.04717 1.2172 -2.52064	
13.38	4.10168 0.998752 -2.50444	
13.39	4.25935 0.697705 -2.51258	
13.4	4.10243 0.672121 -2.44485	
13.41	4.20266 0.431233 -2.44127	
13.42	4.09775 0.643954 -2.43003	
13.43	3.97796 0.877202 -2.41862	
13.44	4.34119 0.407559 -2.48393	
13.45	3.97068 0.942057 -2.42554	
13.46	4.35072 0.455014 -2.49578	
13.47	3.98711 1.12445 -2.45816	
13.48	4.11225 0.848561 -2.46376	
13.49	4.20985 0.606417 -2.45729	
13.5	4.02522 0.671333 -2.3943	
13.51	3.99565 0.542709 -2.36212	
13.52	4.29523 0.514345 -2.46634	
13.53	3.90094 1.16614 -2.44081	
13.54	4.4553 0.525106 -2.55593	
13.55	4.17048 0.851282 -2.50357	
13.56	4.01855 0.820408 -2.43536	
13.57	4.29923 0.422918 -2.47607	
13.58	3.93015 0.960824 -2.42118	
13.59	4.40759 0.390559 -2.51749	
13.6	3.99035 1.13958 -2.47443	
13.61	4.38967 0.630953 -2.54556	
13.62	4.19702 0.700617 -2.48035	
13.63	4.04343 0.675043 -2.41119	
13.64	3.99901 0.558524 -2.37472	
13.65	4.30428 0.487461 -2.47471	
13.66	3.80956 1.41745 -2.42958	
13.67	4.31637 0.808045 -2.53541	
13.68	4.08437 0.99148 -2.47784	
13.69	4.01658 0.886508 -2.42905	
13.7	4.04526 0.701617 -2.41036	
13.71	4.23703 0.381296 -2.43302	
13.72	4.07838 0.951616 -2.46144	
13.73	4.25996 0.635143 -2.47827	
13.74	4.09087 0.649646 -2.41159	
13.75	3.9412 0.625932 -2.34484	
13.76	4.06837 0.437625 -2.36526	
13.77	4.23649 0.753956 -2.48066	
13.78	4.12718 1.01512 -2.49366	
13.79	4.22978 0.759249 -2.49066	
13.8	4.06104 0.773289 -2.42558	
13.81	4.25393 0.450606 -2.44768	
13.82	4.06118 0.728289 -2.41677	
13.83	4.25241 0.409798 -2.43598	
13.84	3.8859 0.948243 -2.37723	
13.85	4.18759 0.531375 -2.42785	
13.86	3.88432 0.952228 -2.37586	
13.87	4.18411 0.53677 -2.42609	
13.88	3.8807 0.949121 -2.37522	
13.89	4.42906 0.319168 -2.49217	
13.9	3.92937 1.35384 -2.46405	
13.91	4.21195 0.937778 -2.51023	
13.92	4.13964 0.83427 -2.45971	
13.93	3.98465 0.803528 -2.39766	
13.94	4.60534 0.11518 -2.53034	
13.95	3.82122 1.7369 -2.48625	
13.96	4.6656 0.829823 -2.67633	
13.97	4.48785 0.816601 -2.60446	
13.98	4.32524 0.787027 -2.53042	
13.99	4.16791 0.758394 -2.457	
14	4.01184 0.730379 -2.39514	
14.01	4.58945 0.0847599 -2.5159	
14.02	3.98346 1.25401 -2.47799	
14.03	4.4577 0.677337 -2.57323	
14.04	4.29393 0.652516 -2.49875	
14.05	4.13465 0.628458 -2.43523	
14.06	4.47414 0.187494 -2.48849	
14.07	3.96988 1.09551 -2.44397	
14.08	4.39096 0.568318 -2.5264	
14.09	4.16194 0.741114 -2.46725	
14.1	4.15993 0.582735 -2.43987	
14.11	4.18415 0.53885 -2.45205	
14.12	4.9839 0.110787 -2.71338	
14.13	4.577 0.895491 -3.10472	
14.14	5.05638 -0.185525 -3.80307	
14.15	4.6364 -0.201024 -3.91167	
14.16	4.4263 -0.197526 -3.82781	
14.17	4.22737 -0.26718 -3.64894	
14.18	4.05473 -0.297563 -3.49945	
14.19	3.90552 -0.286914 -3.39334	
14.2	3.76472 -0.276416 -3.28857	
14.21	3.62357 -0.26673 -3.19219	
14.22	3.49042 -0.25717 -3.0969	
14.23	3.36221 -0.247948 -3.00498	
14.24	3.2375 -0.242037 -2.91139	
14.25	3.0051 -0.337412 -2.55009	
14.26	2.89207 -0.329694 -2.46862	
14.27	2.74649 -0.374968 -2.27754	
14.28	2.64454 -0.361232 -2.21709	
14.29	2.40567 -0.455868 -1.81383	
14.3	2.26926 -0.488459 -1.62155	
14.31	2.1846 -0.469956 -1.58416	
14.32	2.0751 -0.508635 -1.40966	
14.33	1.95803 -0.427056 -1.26972	
14.34	1.85163 -0.381953 -1.10035	
14.35	1.78685 -0.168116 -1.07939	
14.36	1.70386 -0.28828 -0.875075	
14.37	1.62902 -0.184 -0.861321	
14.38	1.59678 -0.0283741 -0.728738	
14.39	1.56855 -0.0427117 -0.713478	
14.4	1.5242 -0.246352 -0.508279	
14.41	1.4812 0.0264304 -0.488688	
14.42	1.44606 -0.0669905 -0.391339	
14.43	1.41361 0.00363606 -0.360245	
14.44	1.40613 -0.0238979 -0.323569	
14.45	1.37851 0.0214977 -0.289983	
14.46	1.29334 0.234745 -0.277394	
14.47	1.37288 -0.0632172 -0.106273	
14.48	1.3012 -0.0934565 -0.0863301	
14.49	1.21377 0.360766 -0.126296	
14.5	1.25909 0.116544 -0.0552276	
14.51	1.21575 0.257209 -0.0938528	
14.52	1.34512 0.0199176 -0.0464362	
14.53	1.2152 0.383374 -0.087544	
14.54	1.29512 -0.0407854 0.0568549	
14.55	1.22917 -0.0182796 0.0502048	
14.56	1.16929 0.356919 -0.0139459	
14.57	1.22493 0.129989 0.0262438	
14.58	1.17509 0.0125363 0.0784452	
14.59	1.32531 -0.0899669 0.0515344	
14.6	1.14155 0.534549 -0.00158804	
14.61	1.20055 -0.262816 0.257153	
14.62	1.15684 0.182984 0.151985	
14.63	1.23564 0.106721 0.0829519	
14.64	1.13322 0.387922 0.0340861	
14.65	1.32248 -0.0409732 0.114578	
14.66	1.15829 0.51488 0.0483364	
14.67	1.233 -0.0810384 0.233879	
14.68	1.09908 0.44754 0.142176	
14.69	1.25986 -0.0313949 0.218912	
14.7	1.14544 0.34948 0.147217	
14.71	1.12186 -0.110985 0.310246	
14.72	1.15915 0.241984 0.189833	
14.73	1.22305 0.171736 0.107115	
14.74	1.23577 -0.0792964 0.178576	
14.75	1.16563 0.349239 0.0904166	
14.76	1.17865 0.212042 0.0936767	
14.77	1.28325 0.0820751 0.0641092	
14.78	1.16972 0.401616 0.0170959	
14.79	1.2069 0.0927195 0.105702	
14.8	1.24318 0.129039 0.064615	
14.81	1.15197 0.0300639 0.122679	
14.82	1.28904 0.149485 0.0653993	
14.83	1.18871 0.0433537 0.127612	
14.84	1.14134 0.380887 0.0502699	
14.85	1.33173 -0.177898 0.179555	
14.86	1.08247 0.754464 0.0957531	
14.87	1.27705 -0.34026 0.375513	
14.88	0.996733 0.867524 0.227575	
14.89	1.25479 -0.0635888 0.349077	
14.9	1.13259 0.426267 0.240639	
14.91	1.17802 -0.124723 0.390081	
14.92	0.971872 0.891032 0.219649	
14.93	1.22984 -0.0103265 0.317701	
14.94	1.1195 0.401378 0.225563	
14.95	1.10822 0.209123 0.249373	
14.96	1.28156 -0.0869594 0.243233	
14.97	1.13044 0.475009 0.154476	
14.98	1.12776 0.116146 0.259382	
14.99	1.20752 0.148574 0.189681	
15	1.14978 0.117796 0.185442	
15.01	1.13201 0.326509 0.14331	
15.02	1.1765 0.215245 0.114464	
15.03	1.26388 0.0916091 0.0831166	
15.04	1.20289 0.166445 0.0545518	
15.05	1.17346 0.237257 0.0534255	
15.06	1.19777 0.157829 0.0492967	
15.07	1.30092 -0.150041 0.130247	
15.08	1.05746 0.724483 0.0670452	
15.09	1.23422 -0.032198 0.2153	
15.1	1.11206 0.387136 0.140071	
15.11	1.25508 -0.0119018 0.210144	
15.12	1.09474 0.583118 0.122975	
15.13	1.15644 0.0486436 0.254253	
15.14	1.07014 0.500628 0.149665	
15.15	1.30382 -0.0207341 0.203652	
15.16	1.14683 0.549226 0.118802	
15.17	1.09092 0.0844292 0.290737	
15.18	1.20548 0.181192 0.20645	
15.19	1.15007 0.253815 0.165867	
15.2	1.13202 0.250033 0.129317	
15.21	1.17925 0.172447 0.116197	
15.22	1.14488 0.301433 0.0829801	
15.23	1.32506 -0.168991 0.173665	
15.24	1.0704 0.77432 0.0943476	
15.25	1.2815 -0.134288 0.285852	
15.26	1.05601 0.783906 0.168479	
15.27	1.13175 -0.0080605 0.357551	
15.28	1.12085 0.334221 0.228851	
15.29	1.07921 0.324351 0.197838	
15.3	1.29378 0.0438688 0.17467	
15.31	1.22431 0.168934 0.131105	
15.32	1.20881 0.13454 0.101714	
15.33	1.18711 0.257584 0.0465704	
15.34	1.28641 -0.00578341 0.108593	
15.35	1.12027 0.557309 0.0440474	
15.36	1.31104 -0.071175 0.18577	
15.37	1.12234 0.625747 0.100825	
15.38	1.13248 -0.222446 0.389191	
15.39	0.997441 0.824253 0.210634	
15.4	1.20325 0.103141 0.276646	
15.41	1.09913 0.475202 0.1893	
15.42	1.26172 0.0826589 0.213525	
15.43	1.20663 0.134727 0.178989	
15.44	1.11314 0.412902 0.116623	
15.45	1.24663 -0.110805 0.225653	
15.46	1.14373 0.432069 0.125137	
15.47	1.1857 -0.0945292 0.27856	
15.48	1.05954 0.658296 0.151276	
15.49	1.22997 0.0900642 0.220033	
15.5	1.17113 0.173045 0.180393	
15.51	1.14536 0.289332 0.122449	
15.52	1.28773 0.0188797 0.153278	
15.53	1.19537 0.259988 0.101723	
15.54	1.24082 0.0442064 0.145794	
15.55	1.19002 0.216747 0.0912057	
15.56	1.16714 0.198039 0.0878081	
15.57	1.11774 0.312093 0.0411307	
15.58	1.34468 -0.0419493 0.135446	
15.59	1.17978 0.522887 0.065536	
15.6	1.08401 0.0978125 0.25538	
15.61	1.23244 0.170312 0.159809	
15.62	1.18815 0.16387 0.133481	
15.63	1.23154 -0.0909104 0.193475	
15.64	1.13879 0.399046 0.101982	
15.65	1.16181 0.167916 0.146757	
15.66	1.07417 0.414092 0.0894771	
15.67	1.26278 0.0793564 0.10306	
15.68	1.14898 0.417884 0.0477824	
15.69	1.28062 -0.0627136 0.169656	
15.7	1.14471 0.392973 0.102235	
15.71	1.1314 0.0939413 0.201577	
15.72	1.09617 0.239785 0.140683	
15.73	1.19897 0.131253 0.1138	
15.74	1.22364 0.0854644 0.0757857	
15.75	1.14505 0.0565853 0.12836	
15.76	1.15361 0.302757 0.098869	
15.77	1.16498 0.247761 0.0580046	
15.78	1.28214 0.0430742 0.0650824	
15.79	1.14706 0.457132 0.0142734	
15.8	1.19437 0.0818946 0.116777	
15.81	1.21875 0.154826 0.0691004	
15.82	1.14439 0.307058 0.0304501	
15.83	1.20683 0.0880403 0.0747277	
15.84	1.23095 0.122174 0.049539	
15.85	1.14069 0.347097 0.00764129	
15.86	1.21678 0.0660208 0.0740772	
15.87	1.13519 0.362927 0.0210503	
15.88	1.21063 0.0796214 0.0786615	
15.89	1.23592 -0.127052 0.138808	
15.9	1.04899 0.630416 0.0702249	
15.91	1.33755 -0.316225 0.300614	
15.92	1.01086 0.984937 0.187787	
15.93	1.07927 -0.104869 0.46391	
15.94	1.07218 0.495688 0.254707	
15.95	1.12109 0.314039 0.202117	
15.96	1.14519 0.265092 0.133443	
15.97	1.1844 0.220956 0.0953516	
15.98	1.1721 0.2525 0.0710963	
15.99	1.1979 0.183966 0.0589938	
16	1.20647 0.0105997 0.107326	
16.01	1.1657 0.380814 0.0314171	
16.02	1.2094 0.170897 0.0632635	
16.03	1.18072 0.0546674 0.0985612	
16.04	1.18917 0.285497 0.0276611	
16.05	1.20446 0.233718 6.1187e-05	
16.06	1.20795 0.191207 -0.0109242	
16.07	1.21424 0.225739 -0.0230802	
16.08	1.30225 0.0402421 0.00646334	
16.09	1.2274 0.0901602 0.00053915	
16.1	1.17312 0.285157 0.000531745	
16.11	1.21927 0.157796 0.00731148	
16.12	1.18944 -0.00468841 0.0746542	
16.13	1.26808 0.203892 0.0165412	
16.14	1.22172 0.197262 -0.00549297	
16.15	1.2638 0.0263567 0.0313846	
16.16	1.12754 0.442751 -0.0118687	
16.17	1.25054 0.0414329 0.0682651	
16.18	1.12819 0.418752 0.0200464	
16.19	1.2216 0.0448141 0.102985	
16.2	1.20416 0.171779 0.0627341	
16.21	1.16621 0.224503 0.0250487	
16.22	1.3122 -0.231401 0.177717	
16.23	1.14912 0.399732 0.0989583	
16.24	1.11612 0.122258 0.192052	
16.25	1.12754 0.303656 0.134897	
16.26	1.25201 0.0718192 0.127023	
16.27	1.12883 0.460529 0.0651936	
16.28	1.27764 -0.0213967 0.165262	
16.29	1.10697 0.590118 0.0868266	
16.3	1.26058 -0.0665609 0.233599	
16.31	1.12046 0.442353 0.148662	
16.32	1.21605 -0.00658129 0.24781	
16.33	1.09918 0.40537 0.166924	
16.34	1.23714 -0.0137549 0.23685	
16.35	1.07595 0.613844 0.141462	
16.36	1.16763 -0.221742 0.360078	
16.37	0.959777 0.780226 0.202131	
16.38	1.35112 -0.0997621 0.261775	
16.39	1.16408 0.63428 0.154305	
16.4	1.00016 -0.200057 0.53656	
16.41	1.11138 0.510197 0.247344	
16.42	1.18692 0.306594 0.183603	
16.43	1.14376 0.295625 0.15747	
16.44	1.16578 0.250406 0.0928257	
16.45	1.2028 0.229341 0.0532588	
16.46	1.18896 0.224057 0.0370285	
16.47	1.1321 0.284732 0.00579494	
16.48	1.36558 -0.0234432 0.0762221	
16.49	1.27934 0.162276 0.0367865	
16.5	1.22204 0.212813 0.0100482	
16.51	1.16607 0.169638 0.0358326	
16.52	1.29969 -0.0371025 0.0632553	
16.53	1.13064 0.52249 0.0131619	
16.54	1.03867 0.0751208 0.21456	
16.55	1.07608 0.408199 0.104755	
16.56	1.25907 -0.0567007 0.149965	
16.57	1.06374 0.647717 0.0765263	
16.58	1.22317 0.0247815 0.185701	
16.59	1.07431 0.56105 0.105392	
16.6	1.30967 -0.0640408 0.200789	
16.61	1.12962 0.603895 0.111534	
16.62	1.21246 -0.0785517 0.304991	
16.63	1.01837 0.744454 0.181782	
16.64	1.30791 -0.101938 0.28653	
16.65	1.10939 0.703662 0.168559	
16.66	1.19017 -0.0853286 0.381065	
16.67	1.0427 0.598055 0.237669	
16.68	1.15798 0.0800217 0.310855	
16.69	1.05174 0.589636 0.19135	
16.7	1.15905 -0.00821853 0.30229	
16.71	1.15034 0.307119 0.19275	
16.72	1.13056 0.281158 0.151506	
16.73	1.17444 0.176111 0.149907	
16.74	1.15194 0.300679 0.093178	
16.75	1.2272 -0.0149125 0.161803	
16.76	1.04606 0.659262 0.0768048	
16.77	1.35334 -0.085025 0.221855	
16.78	1.1722 0.594054 0.128201	
16.79	1.01216 0.11155 0.374012	
16.8	1.11265 0.400526 0.226014	
16.81	1.09757 0.370837 0.180301	
16.82	1.2077 0.0432085 0.194251	
16.83	1.16833 0.236966 0.123914	
16.84	1.18791 0.0492221 0.156521	
16.85	1.14591 0.405726 0.0718745	
16.86	1.2115 0.1898 0.0882858	
16.87	1.14459 0.311041 0.0497446	
16.88	1.33337 0.00588885 0.0794078	
16.89	1.19119 0.450872 0.0242276	
16.9	1.14524 0.110707 0.162761	
16.91	1.14296 0.339969 0.111556	
16.92	1.17705 0.226977 0.0857877	
16.93	1.27388 0.0852851 0.0648518	
16.94	1.16199 0.398478 0.0181024	
16.95	1.20788 0.101319 0.10069	
16.96	1.14853 0.360817 0.0386167	
16.97	1.31393 0.00144558 0.101584	
16.98	1.22468 0.17808 0.066362	
16.99	1.23008 0.0850974 0.0686346	
17	1.14485 0.0654546 0.12301	
17.01	1.16132 0.308158 0.0915345	
17.02	1.1671 0.0104518 0.172988	
17.03	1.10584 0.477966 0.0781906	
17.04	1.31294 0.065857 0.103844	
17.05	1.20351 0.374884 0.0497679	
17.06	1.21227 0.0535717 0.15396	
17.07	1.0788 0.530917 0.0813145	
17.08	1.24768 0.0820482 0.128713	
17.09	1.13439 0.434787 0.0654791	
17.1	1.19271 0.0795077 0.153169	
17.11	1.11747 0.398749 0.0840811	
17.12	1.2106 0.0910504 0.13283	
17.13	1.20989 0.154221 0.0850708	
17.14	1.24123 0.0665809 0.0697758	
17.15	1.2263 0.145151 0.0489998	
17.16	1.18049 0.260083 0.00555535	
17.17	1.30387 -0.0431263 0.0815419	
17.18	1.17938 0.326013 0.0329475	
17.19	1.1594 0.105178 0.114771	
17.2	1.25806 0.0942405 0.0780328	
17.21	1.15962 0.360491 0.0276628	
17.22	1.27681 -0.036132 0.132024	
17.23	1.10324 0.574346 0.0658712	
17.24	1.01301 0.0683122 0.271815	
17.25	1.27479 0.130619 0.0957986	
17.26	1.21646 0.196219 0.063212	
17.27	1.16071 0.255573 0.033923	
17.28	1.18363 0.0899259 0.084222	
17.29	1.13024 0.295463 0.0727286	
17.3	1.3181 -0.168918 0.156176	
17.31	1.06734 0.749858 0.0825629	
17.32	1.27326 -0.134225 0.266386	
17.33	1.04579 0.777696 0.154767	
17.34	1.24695 -0.113564 0.320669	
17.35	1.09027 0.532971 0.204829	
17.36	1.23192 -0.230633 0.382217	
17.37	0.957761 0.976202 0.231599	
17.38	1.20021 -0.0777477 0.384866	
17.39	1.01179 0.822481 0.217298	
17.4	1.18265 0.0156275 0.339094	
17.41	1.09017 0.417234 0.235359	
17.42	1.12906 0.167797 0.264026	
17.43	1.0343 0.513156 0.176458	
17.44	1.23974 0.0647773 0.208613	
17.45	1.10732 0.534812 0.127872	
17.46	1.16357 0.0979798 0.233042	
17.47	1.17729 0.181162 0.155364	
17.48	1.12449 0.312906 0.103439	
17.49	1.29368 -0.0144066 0.151763	
17.5	1.18996 0.249923 0.103933	
17.51	1.21787 0.0578303 0.139958	
17.52	1.15339 0.152397 0.109304	
17.53	1.16358 0.235491 0.0967131	
17.54	1.15669 0.189907 0.0786441	
17.55	1.18386 0.224383 0.0613423	
17.56	1.16164 0.201991 0.0471328	
17.57	1.20196 0.194567 0.0315611	
17.58	1.16555 0.229937 0.0169245	
17.59	1.31256 5.23981e-05 0.0342802	
17.6	1.16124 0.468786 -0.0130115	
17.61	1.18751 0.0561515 0.119966	
17.62	1.1253 0.381431 0.049838	
17.63	1.31088 -0.00435499 0.0993338	
17.64	1.21629 0.232013 0.0560604	
17.65	1.16839 0.21696 0.0404088	
17.66	1.19217 0.120069 0.058768	
17.67	1.15857 0.266057 0.045299	
17.68	1.19423 0.157225 0.0457222	
17.69	1.16045 0.274542 0.0262652	
17.7	1.29545 0.0137517 0.0575623	
17.71	1.14497 0.489232 0.00461018	
17.72	1.28236 -0.0549088 0.144992	
17.73	1.14979 0.374872 0.0817784	
17.74	1.22645 -0.00839122 0.181433	
17.75	1.0638 0.588792 0.103648	
17.76	1.19977 0.0381614 0.196184	
17.77	1.06579 0.528808 0.118615	
17.78	1.20721 0.050811 0.187112	
17.79	1.08571 0.485081 0.112319	
17.8	1.29731 -0.0775748 0.204732	
17.81	1.11488 0.615567 0.116728	
17.82	1.05645 -0.0929099 0.378315	
17.83	1.13471 0.287213 0.210094	
17.84	1.09427 0.276087 0.182635	
17.85	1.1506 0.154547 0.148889	
17.86	1.18736 0.0473907 0.144314	
17.87	1.22068 0.185256 0.0963032	
17.88	1.16492 0.244056 0.0628518	
17.89	1.27927 0.00303392 0.0962865	
17.9	1.11828 0.541366 0.0366158	
17.91	1.16046 -0.0528014 0.218132	
17.92	0.970946 0.714891 0.120747	
17.93	1.3038 -0.0156957 0.193101	
17.94	1.15115 0.528598 0.111975	
17.95	1.07449 0.0891229 0.288915	
17.96	1.09538 0.358883 0.208103	
17.97	1.14296 0.283424 0.139315	
17.98	1.15079 0.230121 0.105616	
17.99	1.17449 0.238534 0.0808116	
18	1.18745 0.0108483 0.139058	
18.01	1.21852 0.231411 0.0859033	
18.02	1.1742 0.223154 0.0633066	
18.03	1.17163 0.222083 0.0497198	
18.04	1.28594 0.0311584 0.0549492	
18.05	1.14318 0.47313 0.00531116	
18.06	1.21034 0.0595324 0.11364	
18.07	1.11138 0.430528 0.052835	
18.08	1.09 -0.124623 0.247439	
18.09	1.12891 0.492215 0.139378	
18.1	1.13898 0.272901 0.142632	
18.11	1.27742 0.159311 0.0651585	
18.12	1.21047 0.259022 0.0328522	
18.13	1.18212 0.226296 0.0272224	
18.14	1.22038 0.185233 0.0181365	
18.15	1.18077 0.242928 0.0122722	
18.16	1.22147 0.15453 0.00828746	
18.17	1.28459 0.0509002 0.00263957	
18.18	1.18813 0.0738065 0.0296833	
18.19	1.12951 0.348052 -0.0324667	
18.2	1.35886 -0.0399828 0.0733894	
18.21	1.25586 0.223614 0.0310676	
18.22	1.20266 0.202714 0.0202742	
18.23	1.24504 -0.0167966 0.0856961	
18.24	1.19802 0.207868 0.0319857	
18.25	1.1593 0.180549 0.0349279	
18.26	1.20567 0.169105 0.0195632	
18.27	1.26577 0.0402038 0.0249803	
18.28	1.13617 0.427983 -0.0168187	
18.29	1.23778 0.0481861 0.0664781	
18.3	1.11795 0.418508 0.0176794	
18.31	1.32413 -0.0823017 0.123687	
18.32	1.13995 0.566755 0.0560763	
18.33	1.12692 -0.250068 0.355444	
18.34	1.00079 0.770155 0.20118	
18.35	1.19757 0.118431 0.246261	
18.36	1.09824 0.451304 0.168225	
18.37	1.26883 0.0755418 0.184613	
18.38	1.15571 0.437157 0.116467	
18.39	1.13591 0.169167 0.191162	
18.4	1.24897 0.0828086 0.133286	
18.41	1.1824 0.195441 0.0953505	
18.42	1.26325 0.0348877 0.102326	
18.43	1.11963 0.505125 0.0439873	
18.44	1.22236 0.0485426 0.150598	
18.45	1.08956 0.503287 0.0844314	
18.46	1.21889 0.0436087 0.172584	
18.47	1.08934 0.497706 0.101961	
18.48	1.19859 0.0435155 0.194729	
18.49	1.15268 0.120825 0.150753	
18.5	1.07086 0.38971 0.0838709	
18.51	1.1319 -0.151741 0.237592	
18.52	1.18973 0.255011 0.186955	
18.53	1.14659 0.245225 0.162632	
18.54	1.13254 0.26796 0.104128	
18.55	1.29321 0.023754 0.10465	
18.56	1.20719 0.222378 0.0636531	
18.57	1.16393 0.208493 0.0477279	
18.58	1.20876 0.11996 0.0480831	
18.59	1.26745 0.0420581 0.0377757	
18.6	1.13845 0.432259 -0.00713937	
18.61	1.23877 0.0359784 0.091434	
18.62	1.20654 0.170118 0.0446842	
18.63	1.15188 0.144171 0.0419154	
18.64	1.21894 0.158486 0.0343756	
18.65	1.1736 0.234881 -0.00186389	
18.66	1.19758 -0.178149 0.14876	
18.67	1.12773 0.492216 0.0639997	
18.68	1.14862 0.0851253 0.168452	
18.69	1.24788 0.189454 0.0686394	
18.7	1.20248 0.182726 0.0466632	
18.71	1.17167 0.265577 0.0336839	
18.72	1.21023 0.165559 0.0358117	
18.73	1.13195 0.328949 -0.00184553	
18.74	1.27181 0.0656374 0.0397246	
18.75	1.17142 0.0472849 0.079015	
18.76	1.17481 0.286944 0.054987	
18.77	1.26843 0.0500021 0.0764955	
18.78	1.19196 0.200476 0.0401182	
18.79	1.27154 0.0217527 0.0581462	
18.8	1.13082 0.464129 0.0092638	
18.81	1.22764 0.0407262 0.110772	
18.82	1.13493 0.110415 0.1201	
18.83	1.17737 0.247295 0.0809525	
18.84	1.15269 0.221392 0.0556028	
18.85	1.20343 0.164523 0.0366413	
18.86	1.28044 -0.15216 0.127044	
18.87	1.13359 0.46474 0.0516254	
18.88	1.01656 0.156773 0.204609	
18.89	1.23453 0.180151 0.0756303	
18.9	1.18099 0.221489 0.0476359	
18.91	1.16265 0.178069 0.0493099	
18.92	1.18453 0.188943 0.038784	
18.93	1.1645 0.223983 0.0290384	
18.94	1.19179 0.167891 0.0192606	
18.95	1.16958 0.232997 0.00907376	
18.96	1.19596 0.156548 0.00735418	
18.97	1.17205 0.235465 -0.00526728	
18.98	1.30078 -0.00198816 0.0198099	
18.99	1.22592 0.0935709 0.00351667	
19	1.19076 0.238114 -0.0422348	
19.01	1.21608 0.1138 -0.014697	
19.02	1.17688 0.253343 -0.0248787	
19.03	1.30993 -0.0122023 0.015286	
19.04	1.20852 0.238031 -0.0196124	
19.05	1.16401 0.139656 0.0231364	
19.06	1.20061 0.193066 0.00119317	
19.07	1.17195 0.196309 -0.00551525	
19.08	1.12853 0.244347 -0.0378162	
19.09	1.27152 0.0598202 -0.00518005	
19.1	1.16525 0.347772 -0.0432476	
19.11	1.29974 -0.0810428 0.0746882	
19.12	1.15952 0.356004 0.0256402	
19.13	1.1379 0.0811757 0.125673	
19.14	1.27266 -0.149704 0.135594	
19.15	1.05076 0.6567 0.0754151	
19.16	1.30351 -0.135026 0.214417	
19.17	1.18919 0.296327 0.13112	
19.18	1.1427 0.0495665 0.217705	
19.19	1.02449 0.53523 0.12663	
19.2	1.09798 0.0809785 0.196933	
19.21	1.25244 0.092018 0.140804	
19.22	1.20704 0.0892774 0.117973	
19.23	1.10113 0.426755 0.0624179	
19.24	1.22382 0.0582366 0.119466	
19.25	1.10621 0.442427 0.0623562	
19.26	1.20883 0.0403191 0.144074	
19.27	1.15162 0.102796 0.116077	
19.28	1.14778 0.237241 0.0929963	
19.29	1.26462 0.0349363 0.0907377	
19.3	1.12031 0.499526 0.0342499	
19.31	1.20112 0.0528251 0.141865	
19.32	1.09252 0.466751 0.0716658	
19.33	1.222 0.0600787 0.139072	
19.34	1.09638 0.486347 0.068953	
19.35	1.20938 0.0369236 0.160006	
19.36	1.16848 0.217918 0.0994974	
19.37	1.23554 0.0191889 0.12672	
19.38	1.09057 0.514492 0.0641407	
19.39	1.2202 0.0436431 0.151356	
19.4	1.09211 0.482936 0.0856354	
19.41	1.20291 0.0507226 0.167662	
19.42	1.16005 0.0976021 0.126086	
19.43	1.24043 0.0555641 0.109124	
19.44	1.11671 0.453864 0.0484934	
19.45	1.206 0.0520415 0.139074	
19.46	1.09135 0.453937 0.0761816	
19.47	1.18356 -0.0350734 0.18548	
19.48	1.09502 0.474013 0.0971228	
19.49	1.23148 -0.146045 0.22921	
19.5	1.01749 0.753187 0.130682	
19.51	1.24696 -0.0196143 0.234789	
19.52	1.13243 0.368369 0.158654	
19.53	1.22544 -0.00280596 0.240673	
19.54	1.06388 0.625241 0.14555	
19.55	1.0326 0.0700318 0.317864	
19.56	1.15667 0.358135 0.188549	
19.57	1.21341 0.20797 0.137823	
19.58	1.21731 0.174974 0.0815339	
19.59	1.17796 0.282106 0.0361768	
19.6	1.31313 0.0188157 0.0796735	
19.61	1.16809 0.477989 0.0243747	
19.62	1.17988 0.104246 0.147626	
19.63	1.22675 0.142097 0.0956364	
19.64	1.21665 0.106931 0.0683083	
19.65	1.10968 0.422015 0.018069	
19.66	1.12774 0.113894 0.114753	
19.67	1.05778 0.326589 0.107326	
19.68	1.27102 0.104288 0.0735802	
19.69	1.17415 0.354896 0.0306114	
19.7	1.06034 0.184656 0.127109	
19.71	1.26641 0.152055 0.0443964	
19.72	1.21149 0.194459 0.0158097	
19.73	1.26591 0.0175092 0.0514249	
19.74	1.12182 0.472047 0.00380863	
19.75	1.2454 0.0356824 0.0976715	
19.76	1.11453 0.458004 0.0427242	
19.77	1.22092 0.0406422 0.134806	
19.78	1.09345 0.470865 0.0713818	
19.79	1.31504 -0.0801115 0.178541	
19.8	1.12845 0.60623 0.0981578	
19.81	0.921754 0.0783343 0.40016	
19.82	1.21299 0.36745 0.150939	
19.83	1.16873 0.354814 0.124177	
19.84	1.21736 0.147593 0.125328	
19.85	1.17226 0.143214 0.101657	
19.86	1.15461 0.335329 0.0689454	
19.87	1.18302 0.216299 0.064372	
19.88	1.16243 0.268214 0.0386489	
19.89	1.29766 0.0378611 0.0522218	
19.9	1.16135 0.454169 0.000662277	
19.91	1.29641 -0.263088 0.223092	
19.92	1.04204 0.709434 0.133971	
19.93	1.12812 -0.0963998 0.327729	
19.94	1.03668 0.668773 0.169883	
19.95	1.20608 0.129048 0.204563	
19.96	1.15611 0.161834 0.172145	
19.97	1.24184 0.0720952 0.118969	
19.98	1.20205 0.162997 0.0770478	
19.99	1.16608 0.265513 0.0636937	
20	1.29913 0.0180961 0.0889082	
20.01	1.20872 0.237185 0.0475205	
20.02	1.11869 0.128996 0.109316	
20.03	1.21543 0.220914 0.0752414	
20.04	1.17122 0.213039 0.0530323	
20.05	1.18958 0.200832 0.04118	
20.06	1.17516 0.224843 0.0288873	
20.07	1.19545 0.181808 0.0222129	
20.08	1.17692 0.234878 0.0128209	
20.09	1.19727 0.16545 0.00936659	
20.1	1.17855 0.237737 -0.00166274	
20.11	1.31319 -0.183742 0.116469	
20.12	1.10894 0.52959 0.0528484	
20.13	1.28024 -0.063255 0.17739	
20.14	1.18294 0.233408 0.117805	
20.15	1.10086 -0.0219145 0.238814	
20.16	1.13534 0.32241 0.128163	
20.17	1.27316 0.144316 0.0785352	
20.18	1.19623 0.296629 0.0406131	
20.19	1.17009 0.217822 0.051153	
20.2	1.20464 0.216427 0.0276097	
20.21	1.17881 0.215335 0.0168887	
20.22	1.24234 -0.0490617 0.0785668	
20.23	1.12918 0.473389 0.0151518	
20.24	1.25332 -0.159206 0.177243	
20.25	1.03181 0.75003 0.0908419	
20.26	1.34719 -0.103329 0.216968	
20.27	1.15724 0.612457 0.121957	
20.28	1.1583 -0.03998 0.34542	
20.29	1.10963 0.395941 0.210521	
20.3	1.15352 -0.00220081 0.289343	
20.31	1.16462 0.275808 0.17069	
20.32	1.12482 0.264493 0.143247	
20.33	1.20324 0.207621 0.107584	
20.34	1.151 0.281676 0.069927	
20.35	1.31408 0.00863999 0.0983579	
20.36	1.1656 0.492435 0.0380573	
20.37	1.17324 -0.159071 0.271992	
20.38	1.03989 0.698204 0.149366	
20.39	1.22616 0.112208 0.202126	
20.4	1.12622 0.422318 0.13395	
20.41	1.26944 0.0396678 0.185984	
20.42	1.18912 0.229933 0.137693	
20.43	1.14571 0.222298 0.111415	
20.44	1.29782 -0.0200123 0.133547	
20.45	1.13215 0.551941 0.0647618	
20.46	1.19009 0.0362505 0.210305	
20.47	1.09072 0.498189 0.119025	
20.48	1.21661 0.0790427 0.18637	
20.49	1.09417 0.49667 0.112148	
20.5	1.30344 -0.06109 0.211138	
20.51	1.17678 0.365979 0.138107	
20.52	1.08815 0.173388 0.221474	
20.53	1.15381 0.216811 0.18364	
20.54	1.10452 0.259275 0.148862	
20.55	1.19226 0.16777 0.121864	
20.56	1.24601 -0.0950844 0.186097	
20.57	1.02684 0.746695 0.0948589	
20.58	1.25791 -0.0227642 0.208908	
20.59	1.08654 0.618316 0.120578	
20.6	1.16535 0.0397302 0.255783	
20.61	1.06188 0.539091 0.150983	
20.62	1.20911 0.080676 0.206034	
20.63	1.09281 0.486948 0.130229	
20.64	1.15079 -0.0164085 0.253571	
20.65	1.17828 0.236515 0.191509	
20.66	1.09131 0.102157 0.249046	
20.67	1.13756 0.365259 0.160817	
20.68	1.15869 0.309797 0.0951077	
20.69	1.28409 0.0741451 0.102092	
20.7	1.17156 0.408943 0.043821	
20.71	1.17839 0.1377 0.122662	
20.72	1.253 0.0915548 0.0775106	
20.73	1.18896 0.0842386 0.0761227	
20.74	1.14858 0.201351 0.0621496	
20.75	1.21506 0.163742 0.0494576	
20.76	1.17331 0.255744 0.00968442	
20.77	1.24168 -0.074944 0.102934	
20.78	1.10469 0.529937 0.0365569	
20.79	1.23586 0.067403 0.122824	
20.8	1.11104 0.466019 0.0645889	
20.81	1.05417 0.138528 0.190536	
20.82	1.20072 0.158599 0.107121	
20.83	1.12933 0.306841 0.063332	
20.84	1.30402 -0.0334689 0.120104	
20.85	1.13729 0.53956 0.0537639	
20.86	1.15972 -0.220536 0.313693	
20.87	1.01138 0.754291 0.180087	
20.88	1.04561 0.0949915 0.323385	
20.89	1.2264 0.265602 0.130018	
20.9	1.18179 0.256102 0.10583	
20.91	1.15818 0.220052 0.0897448	
20.92	1.20077 0.190204 0.0760018	
20.93	1.16425 0.257505 0.0559214	
20.94	1.21192 0.152958 0.0512748	
20.95	1.16448 0.282406 0.0395798	
20.96	1.21264 0.159539 0.0403947	
20.97	1.16381 0.285692 0.0244785	
20.98	1.30866 0.0176435 0.0591555	
20.99	1.1659 0.460167 0.00642698	
21	1.27297 -0.0395975 0.152367	
21.01	1.17249 0.23893 0.104622	
21.02	1.12967 0.230976 0.0795437	
21.03	1.17173 0.0452122 0.116422	
21.04	1.1271 0.309285 0.104591	
21.05	1.17884 0.204478 0.0770706	
21.06	1.25333 0.0823335 0.0568118	
21.07	1.19808 0.157629 0.0272758	
21.08	1.16682 0.234808 0.0246191	
21.09	1.22299 -0.055577 0.0977537	
21.1	1.12276 0.460495 0.0290894	
21.11	1.22368 0.0985625 0.0888901	
21.12	1.11502 0.414612 0.0392853	
21.13	1.23432 0.0648987 0.0947837	
21.14	1.1601 0.214554 0.0558063	
21.15	1.18873 0.109753 0.0700129	
21.16	1.15641 0.260699 0.0512751	
21.17	1.19604 0.142933 0.0518806	
21.18	1.16297 0.269072 0.0274031	
21.19	1.29965 -0.00148219 0.0667535	
21.2	1.14946 0.488072 0.00541655	
21.21	1.28201 -0.0712858 0.159863	
21.22	1.09002 0.626445 0.0844008	
21.23	1.1698 0.0145645 0.234617	
21.24	1.06247 0.547111 0.129633	
21.25	1.16158 -0.0145582 0.241425	
21.26	1.15904 0.253877 0.14931	
21.27	1.10892 0.231391 0.136368	
21.28	1.20119 0.22745 0.0874843	
21.29	1.23216 0.116677 0.07552	
21.3	1.218 0.123983 0.0460712	
21.31	1.25396 0.0687198 0.0363503	
21.32	1.15417 0.387249 -0.0115817	
21.33	1.24256 -0.154337 0.16094	
21.34	1.14604 0.403698 0.0773336	
21.35	1.16896 0.159357 0.121928	
21.36	1.24967 0.061229 0.0784467	
21.37	1.12505 0.442087 0.027689	
21.38	1.23985 0.0498425 0.104958	
21.39	1.21715 -0.0983966 0.155929	
21.4	1.09602 0.530269 0.0740958	
21.41	1.3286 -0.0348005 0.157113	
21.42	1.16919 0.519053 0.0831061	
21.43	1.10236 0.0899117 0.256628	
21.44	1.11717 0.329952 0.160848	
21.45	1.28231 0.129386 0.115331	
21.46	1.19934 0.317382 0.0690562	
21.47	1.24547 0.0656227 0.125073	
21.48	1.17294 0.160585 0.0978106	
21.49	1.30787 -0.129907 0.144239	
21.5	1.07706 0.707872 0.0728576	
21.51	1.3141 -0.117628 0.239479	
21.52	1.10335 0.702184 0.138105	
21.53	1.09945 0.0159031 0.353563	
21.54	0.953101 0.731434 0.205156	
21.55	1.28793 0.020597 0.230255	
21.56	1.15239 0.510787 0.141799	
21.57	1.2051 -0.261165 0.397312	
21.58	1.01899 0.644355 0.242376	
21.59	1.18599 0.0996221 0.278589	
21.6	1.12092 0.262758 0.221191	
21.61	1.12956 0.198199 0.202282	
21.62	1.06004 0.396612 0.139461	
