# Gnuplot File : positions of 1 particle(s) Monitored
# 1st Column : time, others : particle(s) number 0 
0.01	8.57441 13.8626 1.07222	
0.02	8.89105 13.8017 0.932483	
0.03	8.84831 13.9371 0.989711	
0.04	8.79688 13.9621 1.02806	
0.05	8.78003 13.9525 1.03567	
0.06	8.77048 13.9576 1.03458	
0.07	8.7485 13.9569 1.04216	
0.08	8.74006 13.9538 1.04386	
0.09	8.735 13.947 1.04527	
0.1	8.74673 13.685 1.11526	
0.11	8.4949 13.1295 1.44346	
0.12	8.4801 12.3274 1.53947	
0.13	8.34194 10.6419 2.20831	
0.14	8.06303 10.3066 2.69909	
0.15	8.0129 9.27619 2.89099	
0.16	7.75865 8.39389 3.04639	
0.17	7.16536 7.49773 3.33029	
0.18	6.86844 6.76675 3.78842	
0.19	6.78784 6.16049 4.55178	
0.2	6.74812 5.70158 5.45535	
0.21	6.74582 5.29234 6.15022	
0.22	6.89319 4.94788 6.67348	
0.23	7.07162 4.74019 7.06487	
0.24	7.40683 4.55819 7.39768	
0.25	7.9659 4.46692 7.55706	
0.26	8.66935 4.40963 7.69767	
0.27	9.4902 4.42993 7.76493	
0.28	10.0634 4.54899 7.70471	
0.29	10.7628 4.69475 7.63658	
0.3	11.2783 4.87104 7.55994	
0.31	11.4356 4.99659 7.50593	
0.32	11.6134 5.09077 7.43818	
0.33	11.8721 5.12689 7.26628	
0.34	11.9807 5.07225 7.03202	
0.35	12.0352 4.95986 6.76641	
0.36	12.044 4.85476 6.60493	
0.37	12.0739 4.76258 6.52639	
0.38	12.0515 4.73119 6.46944	
0.39	12.0668 4.68474 6.42375	
0.4	12.0621 4.63433 6.34309	
0.41	12.053 4.59091 6.28042	
0.42	12.0674 4.54428 6.22065	
0.43	12.0869 4.48724 6.15738	
0.44	12.1166 4.38096 6.00733	
0.45	12.1609 4.23452 5.7587	
0.46	12.1972 4.17482 5.62629	
0.47	12.2148 4.18045 5.60698	
0.48	12.2197 4.18178 5.58311	
0.49	12.2229 4.16806 5.53402	
0.5	12.232 4.12569 5.37188	
0.51	12.191 4.06823 5.2023	
0.52	12.1293 4.06017 5.08204	
0.53	12.0243 4.08113 5.04322	
0.54	11.9165 4.12313 4.99088	
0.55	11.747 4.1686 4.93472	
0.56	11.4829 4.1906 4.85155	
0.57	11.1548 4.1615 4.78511	
0.58	11.0091 4.15882 4.74434	
0.59	10.9569 4.21216 4.70673	
0.6	10.9438 4.2954 4.65318	
0.61	10.9523 4.38908 4.59748	
0.62	11.0653 4.46071 4.55443	
0.63	11.257 4.5515 4.50744	
0.64	11.432 4.6584 4.45411	
0.65	11.5662 4.75748 4.40585	
0.66	11.6123 4.85137 4.35921	
0.67	11.6108 4.9243 4.32607	
0.68	11.5905 5.03505 4.26965	
0.69	11.5664 5.19027 4.19688	
0.7	11.5241 5.4201 4.0963	
0.71	11.4909 5.67151 3.98494	
0.72	11.4958 5.86606 3.8902	
0.73	11.5089 6.03809 3.80404	
0.74	11.5288 6.18147 3.73598	
0.75	11.6712 6.31672 3.66078	
0.76	11.9787 6.48878 3.52018	
0.77	12.4728 6.69755 3.31518	
0.78	12.9648 6.91071 3.10299	
0.79	13.3816 7.05823 2.92396	
0.8	13.6735 7.19335 2.77981	
0.81	13.6961 7.30376 2.69009	
0.82	13.6729 7.3602 2.62052	
0.83	13.623 7.40378 2.59385	
0.84	13.546 7.50033 2.54281	
0.85	13.4841 7.64281 2.4995	
0.86	13.4204 7.80894 2.45787	
0.87	13.3564 7.97873 2.41831	
0.88	13.313 8.08856 2.38766	
0.89	13.2705 8.18809 2.35842	
0.9	13.23 8.28465 2.32952	
0.91	13.189 8.37702 2.30217	
0.92	13.1601 8.46152 2.28384	
0.93	13.1147 8.56897 2.28074	
0.94	13.0804 8.67207 2.27683	
0.95	13.0392 8.78718 2.27039	
0.96	13.0124 8.86901 2.26244	
0.97	12.9847 8.93478 2.25837	
0.98	12.964 8.9879 2.25171	
0.99	12.9434 9.05831 2.23952	
1	12.9355 9.0988 2.21037	
1.01	12.9546 9.13781 2.15317	
1.02	13.0286 9.09258 2.22528	
1.03	13.1098 9.03333 2.27549	
1.04	13.163 9.01787 2.3631	
1.05	13.2155 8.93647 2.40547	
1.06	13.3139 8.80177 2.42763	
1.07	13.3419 8.69984 2.21688	
1.08	13.3287 8.73622 2.18018	
1.09	13.255 8.80857 2.09498	
1.1	13.3034 8.77775 1.87004	
1.11	13.1148 8.96364 1.77345	
1.12	12.899 8.95908 1.60995	
1.13	12.7284 8.75965 1.52631	
1.14	12.5168 8.77228 1.55012	
1.15	12.3421 8.73911 1.58273	
1.16	12.115 8.76881 1.6068	
1.17	12.0862 8.73454 1.57867	
1.18	12.0844 8.71135 1.54232	
1.19	12.0667 8.72697 1.53389	
1.2	12.0673 8.71821 1.52763	
1.21	12.0761 8.72585 1.49852	
1.22	12.0879 8.71786 1.43117	
1.23	12.0597 8.6934 1.44423	
1.24	12.0273 8.67556 1.46603	
1.25	12.0354 8.63695 1.46877	
1.26	11.9666 8.52368 1.43439	
1.27	11.4465 8.38869 1.55567	
1.28	11.1438 8.06747 1.71706	
1.29	10.7335 7.97987 1.79332	
1.3	10.2922 7.70628 1.83586	
1.31	10.2371 7.53411 1.85452	
1.32	10.0838 7.54867 1.9127	
1.33	10.23 7.52528 2.08064	
1.34	9.67816 7.33439 2.70913	
1.35	9.89531 6.91723 2.86549	
1.36	9.82455 6.63548 3.02173	
1.37	9.54119 6.3914 3.13993	
1.38	9.00622 6.16596 3.23617	
1.39	8.54202 5.98914 3.29424	
1.4	8.32269 5.84067 3.34425	
1.41	8.16198 5.7627 3.41819	
1.42	8.07635 5.68059 3.50289	
1.43	8.05336 5.57747 3.62042	
1.44	8.0071 5.51905 3.74203	
1.45	8.00489 5.51398 3.76816	
1.46	7.96369 5.55998 3.78002	
1.47	7.92301 5.74796 3.73752	
1.48	7.89416 5.9225 3.69066	
1.49	7.88321 6.05967 3.66021	
1.5	7.83833 6.13462 3.65616	
1.51	7.73739 6.28659 3.62536	
1.52	7.72639 6.44153 3.57494	
1.53	7.72178 6.6265 3.51843	
1.54	7.74473 6.84981 3.44862	
1.55	7.7467 7.02973 3.39298	
1.56	7.74287 7.15162 3.35969	
1.57	7.73934 7.24165 3.32986	
1.58	7.71793 7.27595 3.31844	
1.59	7.71547 7.30658 3.30774	
1.6	7.71147 7.34206 3.29956	
1.61	7.70452 7.37977 3.28425	
1.62	7.65861 7.38642 3.28119	
1.63	7.62536 7.40126 3.27584	
1.64	7.60462 7.43753 3.26555	
1.65	7.60274 7.47623 3.2488	
1.66	7.60031 7.57635 3.20384	
1.67	7.59794 7.68763 3.11421	
1.68	7.60197 7.80802 3.03973	
1.69	7.60622 7.86329 3.00536	
1.7	7.611 7.8663 3.00193	
1.71	7.61561 7.87229 2.99294	
1.72	7.6526 7.86597 2.94386	
1.73	7.69211 7.80479 2.7607	
1.74	7.70389 7.70385 2.51077	
1.75	7.71209 7.65817 2.32808	
1.76	7.72754 7.77328 2.31453	
1.77	7.7213 7.84566 2.26243	
1.78	7.71828 7.98094 2.23175	
1.79	7.71667 8.08873 2.21607	
1.8	7.73511 8.24518 2.16809	
1.81	7.74023 8.39397 2.16826	
1.82	7.72793 8.6066 2.17661	
1.83	7.74079 8.79058 2.13838	
1.84	7.72709 8.99402 2.16255	
1.85	7.73582 9.1604 2.14201	
1.86	7.72385 9.31973 2.16318	
1.87	7.73423 9.43248 2.13259	
1.88	7.72167 9.50662 2.1488	
1.89	7.72658 9.53323 2.13158	
1.9	7.68983 9.55095 2.19887	
1.91	7.67335 9.53061 2.19549	
1.92	7.6577 9.48934 2.2407	
1.93	7.6365 9.44834 2.29462	
1.94	7.6084 9.42384 2.35867	
1.95	7.57285 9.4029 2.44704	
1.96	7.54861 9.36134 2.51097	
1.97	7.49934 9.40528 2.66466	
1.98	7.48729 9.41173 2.71028	
1.99	7.47262 9.41238 2.77001	
2	7.46036 9.40606 2.8332	
2.01	7.44643 9.40387 2.9147	
2.02	7.44098 9.41101 2.98891	
2.03	7.44721 9.39194 3.02534	
2.04	7.45467 9.37074 3.04821	
2.05	7.45862 9.36291 3.04579	
2.06	7.45646 9.36577 3.04333	
2.07	7.47732 9.3616 3.03389	
2.08	7.75205 9.25751 2.80926	
2.09	8.30189 9.06569 2.48903	
2.1	8.35212 8.9596 2.24955	
2.11	8.32756 8.96202 2.28811	
2.12	8.33255 8.91725 2.27986	
2.13	8.31577 8.86259 2.27269	
2.14	8.24899 8.80894 2.2378	
2.15	8.19059 8.8166 2.20115	
2.16	8.10752 8.92366 2.27789	
2.17	8.1196 9.03424 2.20552	
2.18	8.04599 9.26258 2.2233	
2.19	8.07264 9.41294 2.13692	
2.2	8.05796 9.54019 2.21932	
2.21	8.07626 9.58105 2.15652	
2.22	8.05795 9.74004 2.22995	
2.23	8.07863 9.79935 2.13724	
2.24	8.06235 9.90863 2.21659	
2.25	8.07602 9.9328 2.18016	
2.26	8.06115 10.0429 2.18882	
2.27	8.06443 10.1033 2.1688	
2.28	8.04824 10.2074 2.18218	
2.29	8.0495 10.2486 2.16948	
2.3	8.04701 10.3109 2.17317	
2.31	8.05271 10.3746 2.17058	
2.32	8.06311 10.4062 2.17385	
2.33	8.05304 10.4422 2.19752	
2.34	8.06155 10.4297 2.17434	
2.35	8.05414 10.4037 2.18955	
2.36	8.05183 10.3427 2.1677	
2.37	8.03338 10.3389 2.22158	
2.38	8.00154 10.3332 2.29892	
2.39	7.96894 10.3349 2.42813	
2.4	7.93665 10.336 2.5343	
2.41	7.91323 10.3287 2.59891	
2.42	7.87381 10.3506 2.71634	
2.43	7.84401 10.3773 2.89601	
2.44	7.82905 10.3841 3.03575	
2.45	7.82525 10.389 3.19088	
2.46	7.82361 10.3739 3.24997	
2.47	7.81613 10.3864 3.29604	
2.48	7.81473 10.41 3.36018	
2.49	7.81755 10.4331 3.45162	
2.5	7.82876 10.4115 3.47533	
2.51	7.83696 10.4 3.4725	
2.52	7.83459 10.3991 3.47051	
2.53	7.8315 10.4062 3.46534	
2.54	7.82882 10.4079 3.46019	
2.55	7.82629 10.4029 3.45153	
2.56	7.82382 10.4045 3.44675	
2.57	7.82613 10.3974 3.43162	
2.58	7.89361 10.2977 3.2924	
2.59	8.04646 9.95191 2.96896	
2.6	8.07153 9.69624 2.72447	
2.61	7.99809 9.48999 2.61005	
2.62	8.05323 9.15613 2.48846	
2.63	8.01184 8.86397 2.50466	
2.64	7.94552 8.59616 2.60257	
2.65	7.73876 8.41281 2.60613	
2.66	7.6481 8.27024 2.77368	
2.67	7.41609 8.15936 2.8189	
2.68	7.35713 8.0412 2.96525	
2.69	6.79747 7.9879 3.12672	
2.7	6.43889 7.68633 3.18438	
2.71	6.33325 7.61979 3.20842	
2.72	6.33668 7.6121 3.19908	
2.73	6.40944 7.59283 3.18531	
2.74	6.5214 7.55126 3.17865	
2.75	6.6195 7.4626 3.16739	
2.76	6.6287 7.37568 3.17302	
2.77	6.64909 7.27636 3.1886	
2.78	6.65013 7.18407 3.20768	
2.79	6.64553 7.1172 3.22179	
2.8	6.66198 7.03588 3.23185	
2.81	6.67234 6.97073 3.22092	
2.82	6.68035 6.96416 3.20997	
2.83	6.74059 7.01144 3.18634	
2.84	6.89746 7.09563 3.15301	
2.85	7.12507 7.26131 3.10381	
2.86	7.3831 7.44397 3.05424	
2.87	7.40275 7.61231 3.0152	
2.88	7.40008 7.69343 2.99279	
2.89	7.39936 7.71792 2.98089	
2.9	7.38682 7.73961 2.97535	
2.91	7.38647 7.7918 2.95856	
2.92	7.38591 7.85686 2.92361	
2.93	7.38597 7.87515 2.86982	
2.94	7.38706 7.91531 2.8361	
2.95	7.38519 7.96239 2.78154	
2.96	7.38587 7.93248 2.78689	
2.97	7.38781 7.80632 2.80477	
2.98	7.39013 7.58491 2.83926	
2.99	7.4046 7.48781 2.85187	
3	7.40392 7.47525 2.85229	
3.01	7.40647 7.45598 2.84671	
3.02	7.41779 7.44444 2.81489	
3.03	7.43133 7.43336 2.77954	
3.04	7.43904 7.36943 2.77258	
3.05	7.44106 7.28166 2.75401	
3.06	7.45197 7.21735 2.74118	
3.07	7.4612 7.16248 2.73034	
3.08	7.46753 7.14053 2.71944	
3.09	7.46378 7.14353 2.71031	
3.1	7.46338 7.18424 2.69966	
3.11	7.46312 7.2057 2.68784	
3.12	7.45814 7.20587 2.68526	
3.13	7.45813 7.19436 2.68972	
3.14	7.46444 7.1757 2.68623	
3.15	7.45948 7.17611 2.68219	
3.16	7.43991 7.19083 2.6761	
3.17	7.40759 7.22527 2.6761	
3.18	7.40756 7.2568 2.66751	
3.19	7.40748 7.26088 2.66655	
3.2	7.40741 7.25909 2.66351	
3.21	7.40754 7.27539 2.64773	
3.22	7.40751 7.30414 2.61514	
3.23	7.42172 7.38531 2.56501	
3.24	7.44919 7.52354 2.40593	
3.25	7.48793 7.7288 2.30643	
3.26	7.49926 7.93373 2.24163	
3.27	7.49264 8.14102 2.19433	
3.28	7.55611 8.33736 2.02359	
3.29	7.60505 8.55231 2.13578	
3.3	7.59942 8.64745 2.07774	
3.31	7.62488 8.83257 2.03167	
3.32	7.59202 9.09069 2.03116	
3.33	7.62019 9.2507 1.90062	
3.34	7.59607 9.51442 1.73827	
3.35	7.6256 9.5337 1.68481	
3.36	7.61278 9.63991 1.66209	
3.37	7.63992 9.60892 1.60871	
3.38	7.6168 9.63239 1.62522	
3.39	7.6126 9.74524 1.6225	
3.4	7.55253 9.98017 1.58144	
3.41	7.58076 10.493 1.88164	
3.42	7.48129 9.87105 2.65927	
3.43	7.4832 9.88528 2.68781	
3.44	7.48518 10.054 3.19191	
3.45	7.48111 10.1603 3.43894	
3.46	7.47957 10.1805 3.45979	
3.47	7.47785 10.1851 3.45651	
3.48	7.47654 10.182 3.45337	
3.49	7.47533 10.1892 3.45009	
3.5	7.47403 10.198 3.44674	
3.51	7.4729 10.2052 3.44368	
3.52	7.47168 10.214 3.44054	
3.53	7.46982 10.2212 3.43241	
3.54	7.4891 10.2146 3.39438	
3.55	7.50864 10.1664 3.2777	
3.56	7.51253 10.1112 3.1309	
3.57	7.52416 10.0463 2.99079	
3.58	7.55408 9.98459 2.88702	
3.59	7.58548 9.95839 2.85517	
3.6	7.61728 9.88236 2.69701	
3.61	7.633 9.73691 2.52592	
3.62	7.62184 9.71288 2.4659	
3.63	7.62059 9.72078 2.47186	
3.64	7.61969 9.7619 2.46693	
3.65	7.61296 9.82204 2.46652	
3.66	7.61159 10.0063 2.45775	
3.67	7.60631 10.2316 2.45791	
3.68	7.60527 10.4024 2.45602	
3.69	7.60219 10.5153 2.45513	
3.7	7.60101 10.5715 2.45817	
3.71	7.59567 10.5764 2.45504	
3.72	7.59615 10.5714 2.45662	
3.73	7.58104 10.5684 2.45581	
3.74	7.54561 10.559 2.4539	
3.75	7.52525 10.5569 2.45358	
3.76	7.51982 10.5491 2.45136	
3.77	7.51938 10.5338 2.44466	
3.78	7.51262 10.5232 2.44516	
3.79	7.48103 10.524 2.51117	
3.8	7.45176 10.5042 2.58022	
3.81	7.41328 10.5011 2.67699	
3.82	7.36955 10.4846 2.80407	
3.83	7.3361 10.4808 2.91718	
3.84	7.3078 10.4891 3.05283	
3.85	7.28916 10.4697 3.16968	
3.86	7.27584 10.462 3.25294	
3.87	7.26481 10.4746 3.32967	
3.88	7.25822 10.4634 3.38813	
3.89	7.25194 10.4587 3.45409	
3.9	7.25919 10.461 3.48785	
3.91	7.26903 10.442 3.49271	
3.92	7.26759 10.4397 3.50503	
3.93	7.26637 10.442 3.51387	
3.94	7.26523 10.4442 3.52267	
3.95	7.26449 10.4448 3.5244	
3.96	7.27447 10.4368 3.51752	
3.97	7.27873 10.4392 3.51598	
3.98	7.27875 10.4343 3.51057	
3.99	7.29003 10.41 3.48703	
4	7.41866 10.2714 3.25404	
4.01	7.64379 9.87004 2.88586	
4.02	7.70242 9.545 2.62917	
4.03	7.77601 9.40249 2.46511	
4.04	7.808 9.33647 2.43442	
4.05	7.85422 9.21805 2.38215	
4.06	7.78453 9.18069 2.39715	
4.07	7.74176 9.19646 2.4095	
4.08	7.71885 9.23286 2.41434	
4.09	7.70617 9.27495 2.40942	
4.1	7.69386 9.42387 2.4161	
4.11	7.68595 9.71835 2.40254	
4.12	7.67939 9.96169 2.39344	
4.13	7.68185 10.0881 2.34812	
4.14	7.74892 10.2289 2.33185	
4.15	7.7859 10.3663 2.32596	
4.16	7.78505 10.4217 2.30616	
4.17	7.78098 10.4652 2.27751	
4.18	7.77374 10.51 2.23006	
4.19	7.76294 10.5115 2.19126	
4.2	7.76374 10.4876 2.15805	
4.21	7.77304 10.4546 2.11536	
4.22	7.78533 10.4044 2.10117	
4.23	7.78976 10.3626 2.10533	
4.24	7.7876 10.3384 2.0829	
4.25	7.75741 10.3025 2.06738	
4.26	7.73213 10.2758 2.10361	
4.27	7.70896 10.2641 2.17418	
4.28	7.67365 10.2489 2.20021	
4.29	7.65824 10.2416 2.19521	
4.3	7.64989 10.2579 2.13111	
4.31	7.63723 10.4079 2.14401	
4.32	7.63892 10.5575 2.11954	
4.33	7.64435 10.6264 2.04838	
4.34	7.67663 10.7226 2.06727	
4.35	7.6994 10.8478 2.04866	
4.36	7.83661 10.8688 2.01292	
4.37	7.86219 10.9861 1.9189	
4.38	7.74597 10.9818 1.63127	
4.39	7.72435 11.1277 1.33538	
4.4	7.5771 11.0004 1.3715	
4.41	8.25159 8.90731 2.59662	
4.42	7.35448 10.7503 1.88502	
4.43	7.75331 10.3222 3.9623	
4.44	7.65568 10.586 2.28641	
4.45	7.84233 10.3812 3.88805	
4.46	7.95012 9.79377 3.33705	
4.47	8.012 9.27319 3.256	
4.48	8.17087 7.95444 3.27065	
4.49	8.30361 6.81851 3.46028	
4.5	8.37327 6.1809 3.63618	
4.51	8.50846 5.59467 3.83397	
4.52	8.57299 4.88145 4.11989	
4.53	8.65513 4.26295 4.34263	
4.54	9.09688 3.92898 4.50521	
4.55	9.06678 3.78515 4.81045	
4.56	8.79833 3.72453 5.08675	
4.57	8.92525 3.73075 5.27726	
4.58	9.00498 3.81815 5.37541	
4.59	9.07293 3.96171 5.56815	
4.6	8.91286 4.1862 5.92706	
4.61	9.00253 4.28135 6.08237	
4.62	9.42077 4.33985 6.07384	
4.63	10.2068 4.42712 6.02652	
4.64	10.9919 4.47347 6.01249	
4.65	11.7016 4.46722 6.05721	
4.66	12.106 4.36037 6.19318	
4.67	12.4954 4.18317 6.34625	
4.68	13.0171 4.10611 6.48472	
4.69	13.5395 4.12596 6.55323	
4.7	13.758 4.05746 6.55553	
4.71	13.7554 3.8346 6.33146	
4.72	13.7165 3.62138 6.09697	
4.73	13.7534 3.49987 5.98216	
4.74	13.81 3.33871 5.7411	
4.75	13.7839 3.11118 5.52189	
4.76	13.7734 2.94972 5.56463	
4.77	13.7915 2.86782 5.57737	
4.78	13.7882 2.79694 5.55427	
4.79	13.7739 2.70354 5.46735	
4.8	13.7575 2.62548 5.48337	
4.81	13.767 2.53721 5.42824	
4.82	13.727 2.40524 5.15749	
4.83	13.6478 2.31408 4.98239	
4.84	13.4371 2.24967 4.96616	
4.85	13.0735 2.15535 4.98741	
4.86	12.6824 2.05711 5.01725	
4.87	12.5896 2.02773 5.02985	
4.88	12.5851 2.02043 5.02955	
4.89	12.6245 1.99971 4.96324	
4.9	12.7295 1.97116 4.80466	
4.91	12.778 1.93404 4.64837	
4.92	12.8466 1.90384 4.54417	
4.93	12.9106 1.87026 4.42311	
4.94	12.9318 1.81755 4.36574	
4.95	12.939 1.7974 4.36511	
4.96	13.0024 1.78892 4.37701	
4.97	13.108 1.81438 4.36638	
4.98	13.2533 1.88727 4.32048	
4.99	13.3544 1.99404 4.2458	
5	13.4219 2.14717 4.1283	
5.01	13.4327 2.32779 3.98724	
5.02	13.5528 2.48946 3.85066	
5.03	13.6499 2.65675 3.69761	
5.04	13.7461 2.8241 3.45387	
5.05	13.7743 2.98436 3.23093	
5.06	13.7901 3.10433 3.04501	
5.07	13.7673 3.26835 2.91933	
5.08	13.8468 3.497 2.78539	
5.09	13.8853 3.80436 2.62292	
5.1	13.9975 4.17608 2.49969	
5.11	14.6952 4.83623 2.24581	
5.12	15.1768 5.2717 2.14922	
5.13	15.3346 5.36528 2.11073	
5.14	15.3205 5.35934 2.30901	
5.15	15.3857 5.29962 2.31683	
5.16	15.3508 5.37594 2.26649	
5.17	15.3016 5.46012 2.19513	
5.18	15.2837 5.48918 2.20754	
5.19	15.2872 5.48114 2.16405	
5.2	15.2367 5.45119 2.17463	
5.21	15.2334 5.44334 2.15707	
5.22	15.2224 5.44003 2.14668	
5.23	15.2142 5.43258 2.14202	
5.24	15.2095 5.43319 2.13457	
5.25	15.1454 5.40665 2.15039	
5.26	15.1561 5.43169 2.11092	
5.27	15.0415 5.38109 2.10869	
5.28	14.8954 5.17762 2.16144	
5.29	14.173 4.69653 2.34647	
5.3	13.9433 4.27316 2.43908	
5.31	13.3622 3.58049 2.78747	
5.32	13.3403 2.83839 3.44011	
5.33	12.4219 1.71834 4.29235	
5.34	10.9401 0.7759 5.07133	
5.35	9.65094 -0.0618617 5.8841	
5.36	7.49465 -0.941116 6.80964	
5.37	6.71943 -1.2837 7.19662	
5.38	6.57818 -1.09987 6.90194	
5.39	6.82153 -0.960982 6.63002	
5.4	6.85072 -0.933464 6.56808	
5.41	6.93715 -0.945674 6.5487	
5.42	7.39641 -0.960832 6.49384	
5.43	8.01742 -0.947225 6.40135	
5.44	8.18819 -0.889197 6.3215	
5.45	8.04801 -0.773948 6.19986	
5.46	7.78331 -0.641935 6.06477	
5.47	7.72069 -0.435688 5.81339	
5.48	7.67341 -0.353087 5.6978	
5.49	7.64277 -0.338184 5.66927	
5.5	7.64879 -0.314595 5.63761	
5.51	7.7606 -0.294458 5.59664	
5.52	7.82653 -0.271716 5.55638	
5.53	7.82415 -0.181115 5.45563	
5.54	7.84017 -0.041499 5.31624	
5.55	7.91495 0.0443248 5.22245	
5.56	8.00022 0.144737 5.14199	
5.57	7.9959 0.233374 5.09034	
5.58	8.18328 0.407854 4.96651	
5.59	8.41828 0.661261 4.85221	
5.6	8.60985 0.957553 4.64803	
5.61	8.65699 1.18392 4.47016	
5.62	8.68977 1.37092 4.32205	
5.63	8.6757 1.53683 4.2038	
5.64	8.66174 1.6956 4.09853	
5.65	8.66057 1.83959 4.0313	
5.66	8.68312 1.97098 4.01831	
5.67	8.68887 2.08672 3.99899	
5.68	8.70835 2.20072 3.94459	
5.69	8.72953 2.35522 3.84671	
5.7	8.73343 2.49144 3.76507	
5.71	8.75246 2.5764 3.70451	
5.72	8.77876 2.63681 3.66739	
5.73	8.8409 2.67968 3.63951	
5.74	8.8775 2.7225 3.61393	
5.75	8.89022 2.75554 3.59416	
5.76	8.89158 2.83496 3.54428	
5.77	8.89146 2.92776 3.4851	
5.78	8.88798 3.06502 3.39842	
5.79	8.90599 3.22883 3.29846	
5.8	8.91901 3.37295 3.21345	
5.81	8.91072 3.4952 3.14297	
5.82	8.90668 3.61993 3.07889	
5.83	8.9433 3.73317 3.01914	
5.84	8.98869 3.85906 2.9527	
5.85	9.07062 4.0129 2.86967	
5.86	9.18996 4.20428 2.84859	
5.87	9.33721 4.29188 2.77437	
5.88	9.48178 4.39855 2.71714	
5.89	9.50884 4.51001 2.63618	
5.9	9.50034 4.59764 2.57127	
5.91	9.44748 4.73056 2.50217	
5.92	9.42646 4.76924 2.39084	
5.93	9.42238 4.78023 2.35552	
5.94	9.42608 4.74027 2.22116	
5.95	9.42651 4.7342 2.21503	
5.96	9.40997 4.73514 2.15183	
5.97	9.39969 4.76876 2.10127	
5.98	9.41406 4.79511 2.03942	
5.99	9.41218 4.84949 2.07702	
6	9.42198 4.88414 1.96194	
6.01	9.41311 4.89087 2.05827	
6.02	9.43299 4.92847 1.97335	
6.03	9.28499 4.92327 2.11481	
6.04	9.27461 4.9138 2.06274	
6.05	9.21221 4.90523 2.05762	
6.06	9.11017 4.88162 1.92124	
6.07	9.03242 4.89994 1.90448	
6.08	8.73673 4.85775 1.96421	
6.09	8.56154 4.80796 1.97351	
6.1	8.31743 4.67737 1.88728	
6.11	8.14195 4.67596 1.9762	
6.12	8.08032 4.68101 1.98072	
6.13	8.0431 4.66818 1.99567	
6.14	7.94244 4.70237 2.44642	
6.15	7.92972 4.65422 2.38458	
6.16	7.93253 4.61758 2.46246	
6.17	7.9119 4.55437 2.58425	
6.18	7.85356 4.52551 2.79878	
6.19	7.89482 4.47372 2.81219	
6.2	7.88286 4.47771 2.88381	
6.21	7.9405 4.45716 2.76581	
6.22	7.93858 4.46842 2.75478	
6.23	7.9791 4.38138 2.75207	
6.24	7.99209 4.2559 2.64367	
6.25	8.00728 4.25203 2.51682	
6.26	8.02476 4.27503 2.3444	
6.27	8.06418 4.26031 2.18572	
6.28	8.11323 4.21392 2.08802	
6.29	8.48235 3.90438 2.06225	
6.3	8.49399 3.14089 2.37365	
6.31	8.60961 2.30256 2.81248	
6.32	8.63015 2.20194 2.90453	
6.33	8.65034 3.32216 2.30299	
6.34	9.29169 4.90792 1.59852	
6.35	9.17351 7.24555 0.782329	
6.36	8.90283 9.03618 0.650551	
6.37	9.0425 9.68711 0.35764	
6.38	8.25014 10.2946 0.630459	
6.39	8.71767 11.6599 0.59876	
6.4	8.20018 11.7031 0.633663	
6.41	8.42546 12.3499 1.16245	
6.42	8.06252 13.2726 0.820985	
6.43	8.00471 13.7193 0.961911	
6.44	7.99952 13.8916 1.06075	
6.45	7.97893 14.0809 1.22868	
6.46	7.94591 14.1174 1.52675	
6.47	7.86548 14.2117 1.59524	
6.48	7.75496 14.2221 1.71298	
6.49	7.65699 14.223 1.80983	
6.5	7.44139 14.3451 2.06756	
6.51	7.21999 14.463 2.92148	
6.52	7.16395 14.5573 3.48419	
6.53	7.08498 14.6033 3.54495	
6.54	7.00736 14.7867 3.59705	
6.55	6.99059 14.92 3.59799	
6.56	7.03756 15.1623 4.01583	
6.57	7.16015 15.322 4.42454	
6.58	7.48863 15.3273 5.02982	
6.59	7.62228 15.1267 5.258	
6.6	7.70041 15.3885 5.33853	
6.61	7.64632 15.6654 5.20188	
6.62	7.64196 15.7494 5.18914	
6.63	7.70736 15.7929 5.26398	
6.64	7.83211 15.9634 5.38699	
6.65	8.06904 16.1479 5.59701	
6.66	7.94739 16.087 5.58069	
6.67	7.85009 16.136 5.43131	
6.68	7.26853 15.9428 4.72659	
6.69	7.13623 15.0573 3.90337	
6.7	7.12779 14.6788 3.07224	
6.71	7.37749 14.3433 2.31974	
6.72	7.72635 14.1204 1.8024	
6.73	7.83534 14.0651 1.68631	
6.74	7.86207 14.0656 1.66112	
6.75	7.87477 14.1009 1.63966	
6.76	7.88599 14.1035 1.61594	
6.77	7.89092 14.114 1.59901	
6.78	7.89578 14.1207 1.58574	
6.79	7.90164 14.1253 1.57703	
6.8	7.90642 14.1381 1.56577	
6.81	7.91157 14.128 1.5594	
6.82	7.90448 14.1392 1.56786	
6.83	7.91873 14.1199 1.55816	
6.84	7.90726 14.143 1.57117	
6.85	7.92414 14.123 1.55427	
6.86	7.91283 14.1377 1.57083	
6.87	7.91296 14.1386 1.56431	
6.88	7.92341 14.1263 1.55598	
6.89	7.91483 14.1394 1.56686	
6.9	7.92487 14.1311 1.55628	
6.91	7.91841 14.143 1.56117	
6.92	7.92243 14.1394 1.55643	
6.93	7.92282 14.1399 1.55482	
6.94	7.92338 14.1393 1.5541	
6.95	7.92351 14.1374 1.55476	
6.96	7.92154 14.1359 1.55722	
6.97	7.92126 14.1352 1.55676	
6.98	7.92502 14.126 1.55632	
6.99	7.91832 14.1381 1.56101	
7	7.92935 14.1233 1.5514	
