# Gnuplot File : velocities of 1 particle(s) Monitored
# 1st Column : time, others : particle(s) number 0 
0.01	0 0 -0.0365586	
0.02	0 0 -0.0632893	
0.03	0 0 -0.082834	
0.04	0 0 -0.0971245	
0.05	0 0 -0.107573	
0.06	0 0 -0.115213	
0.07	0 0 -0.120799	
0.08	0 0 -0.124884	
0.09	1.05851e-17 0 -0.12787	
0.1	7.7747e-18 0 -0.130054	
0.11	5.68843e-18 0 -0.13165	
0.12	4.15922e-18 0 -0.132818	
0.13	3.03989e-18 0 -0.133671	
0.14	1.27971e-17 0 -0.134295	
0.15	1.9942e-17 0 -0.134752	
0.16	1.9942e-17 0 -0.134752	
0.17	2.00326e-17 0 -0.134752	
0.18	2.0046e-17 0 -0.134752	
0.19	1.99473e-17 0 -0.134752	
0.2	2.00326e-17 0 -0.134752	
0.21	1.99473e-17 0 -0.134752	
0.22	1.99473e-17 0 -0.134752	
0.23	2.0046e-17 0 -0.134752	
0.24	2.01179e-17 0 -0.134752	
0.25	2.09133e-17 0 -0.134752	
0.26	2.24203e-17 0 -0.134752	
0.27	2.26833e-17 0 -0.134752	
0.28	2.2932e-17 0 -0.134752	
0.29	2.28366e-17 0 -0.134752	
0.3	2.27886e-17 0 -0.134752	
0.31	2.27918e-17 0 -0.134752	
0.32	2.27726e-17 0 -0.134752	
0.33	2.25785e-17 0 -0.134752	
0.34	2.2744e-17 0 -0.134752	
0.35	2.27314e-17 0 -0.134752	
0.36	2.26996e-17 0 -0.134752	
0.37	2.2731e-17 0 -0.134752	
0.38	2.27184e-17 0 -0.134752	
0.39	2.27247e-17 0 -0.134752	
0.4	2.37853e-17 0 -0.134752	
0.41	2.48816e-17 0 -0.134752	
0.42	2.50703e-17 0 -0.134752	
0.43	2.42786e-17 0 -0.134752	
0.44	2.36765e-17 0 -0.134752	
0.45	2.33589e-17 0 -0.134752	
0.46	2.31005e-17 0 -0.134752	
0.47	2.22662e-17 0 -0.134752	
0.48	2.11026e-17 0 -0.134752	
0.49	2.01584e-17 0 -0.134752	
0.5	1.93228e-17 0 -0.134752	
0.51	1.73131e-17 0 -0.134752	
0.52	1.59147e-17 0 -0.134752	
0.53	1.495e-17 0 -0.134752	
0.54	1.34589e-17 0 -0.134752	
0.55	1.28967e-17 0 -0.134752	
0.56	1.21097e-17 0 -0.134752	
0.57	1.11103e-17 0 -0.134752	
0.58	1.03536e-17 0 -0.134752	
0.59	9.50436e-18 0 -0.134752	
0.6	8.6951e-18 0 -0.134752	
0.61	8.05023e-18 0 -0.134752	
0.62	7.40616e-18 0 -0.134752	
0.63	7.12641e-18 0 -0.134752	
0.64	6.44641e-18 0 -0.134752	
0.65	6.04142e-18 0 -0.134752	
0.66	5.39358e-18 0 -0.134752	
0.67	4.89994e-18 0 -0.134752	
0.68	4.52628e-18 0 -0.134752	
0.69	4.39963e-18 0 -0.134752	
0.7	4.48995e-18 0 -0.134752	
0.71	4.30151e-18 0 -0.134752	
0.72	4.20661e-18 0 -0.134752	
0.73	4.33003e-18 0 -0.134752	
0.74	4.42336e-18 0 -0.134752	
0.75	4.32986e-18 0 -0.134752	
0.76	4.17862e-18 0 -0.134752	
0.77	4.12101e-18 0 -0.134752	
0.78	4.17403e-18 0 -0.134752	
0.79	4.12937e-18 0 -0.134752	
0.8	4.31648e-18 0 -0.134752	
0.81	5.20511e-18 0 -0.134752	
0.82	5.74839e-18 0 -0.134752	
0.83	6.40186e-18 0 -0.134752	
0.84	7.05514e-18 0 -0.134752	
0.85	7.70764e-18 0 -0.134752	
0.86	8.17329e-18 0 -0.134752	
0.87	8.76436e-18 0 -0.134752	
0.88	9.49476e-18 0 -0.134752	
0.89	1.00727e-17 0 -0.134752	
0.9	1.06343e-17 0 -0.134752	
0.91	1.11953e-17 0 -0.134752	
0.92	1.14206e-17 0 -0.134752	
0.93	1.16759e-17 0 -0.134752	
0.94	1.19934e-17 0 -0.134752	
0.95	1.22701e-17 0 -0.134752	
0.96	1.27441e-17 0 -0.134752	
0.97	1.33395e-17 0 -0.134752	
0.98	1.36009e-17 0 -0.134752	
0.99	1.39762e-17 0 -0.134752	
1	1.4151e-17 0 -0.134752	
1.01	1.41478e-17 0 -0.134752	
1.02	1.4598e-17 0 -0.134752	
1.03	1.50188e-17 0 -0.134752	
1.04	1.51527e-17 0 -0.134752	
1.05	1.53783e-17 0 -0.134752	
1.06	1.56329e-17 0 -0.134752	
1.07	1.60998e-17 0 -0.134752	
1.08	1.66567e-17 0 -0.134752	
1.09	1.70305e-17 0 -0.134752	
1.1	1.74337e-17 0 -0.134752	
1.11	1.81353e-17 0 -0.134752	
1.12	1.86111e-17 0 -0.134752	
1.13	1.90274e-17 0 -0.134752	
1.14	1.96071e-17 0 -0.134752	
1.15	2.01516e-17 0 -0.134752	
1.16	2.05445e-17 0 -0.134752	
1.17	2.0803e-17 0 -0.134752	
1.18	2.09081e-17 0 -0.134752	
1.19	2.09131e-17 0 -0.134752	
1.2	2.09489e-17 0 -0.134752	
1.21	2.09247e-17 0 -0.134752	
1.22	2.11686e-17 0 -0.134752	
1.23	2.13249e-17 0 -0.134752	
1.24	2.17511e-17 0 -0.134752	
1.25	2.23859e-17 0 -0.134752	
1.26	2.30751e-17 0 -0.134752	
1.27	2.38927e-17 0 -0.134752	
1.28	2.47027e-17 0 -0.134752	
1.29	2.54221e-17 0 -0.134752	
1.3	2.60636e-17 0 -0.134752	
1.31	2.66169e-17 0 -0.134752	
1.32	2.70807e-17 0 -0.134752	
1.33	2.74858e-17 0 -0.134752	
1.34	2.79204e-17 0 -0.134752	
1.35	2.82098e-17 0 -0.134752	
1.36	2.84982e-17 0 -0.134752	
1.37	2.86997e-17 0 -0.134752	
1.38	2.89999e-17 0 -0.134752	
1.39	2.91583e-17 0 -0.134752	
1.4	2.93293e-17 0 -0.134752	
1.41	2.95001e-17 0 -0.134752	
1.42	2.95576e-17 0 -0.134752	
1.43	2.96282e-17 0 -0.134752	
1.44	2.97559e-17 0 -0.134752	
1.45	2.97559e-17 0 -0.134752	
1.46	2.98411e-17 0 -0.134752	
1.47	2.98411e-17 0 -0.134752	
1.48	2.98411e-17 0 -0.134752	
1.49	2.99116e-17 0 -0.134752	
1.5	2.98411e-17 0 -0.134752	
1.51	2.99262e-17 0 -0.134752	
1.52	2.99262e-17 0 -0.134752	
1.53	3.00113e-17 0 -0.134752	
1.54	3.00113e-17 0 -0.134752	
1.55	3.00113e-17 0 -0.134752	
1.56	2.99972e-17 0 -0.134752	
1.57	2.99845e-17 0 -0.134752	
1.58	2.99845e-17 0 -0.134752	
1.59	3.00555e-17 0 -0.134752	
1.6	3.00706e-17 0 -0.134752	
1.61	3.01284e-17 0 -0.134752	
1.62	3.0044e-17 0 -0.134752	
1.63	3.00446e-17 0 -0.134752	
1.64	3.00306e-17 0 -0.134752	
1.65	3.00187e-17 0 -0.134752	
1.66	2.9993e-17 0 -0.134752	
1.67	3.00801e-17 0 -0.134752	
1.68	3.00816e-17 0 -0.134752	
1.69	3.00832e-17 0 -0.134752	
1.7	3.00875e-17 0 -0.134752	
1.71	3.00776e-17 0 -0.134752	
1.72	3.0182e-17 0 -0.134752	
1.73	3.01576e-17 0 -0.134752	
1.74	3.02457e-17 0 -0.134752	
1.75	3.04175e-17 0 -0.134752	
1.76	3.06156e-17 0 -0.134752	
1.77	3.08134e-17 0 -0.134752	
1.78	3.10647e-17 0 -0.134752	
1.79	3.13705e-17 0 -0.134752	
1.8	3.15077e-17 0 -0.134752	
1.81	3.17024e-17 0 -0.134752	
1.82	3.18119e-17 0 -0.134752	
1.83	3.18655e-17 0 -0.134752	
1.84	3.19475e-17 0 -0.134752	
1.85	3.21667e-17 0 -0.134752	
1.86	3.22721e-17 0 -0.134752	
1.87	3.24337e-17 0 -0.134752	
1.88	3.26216e-17 0 -0.134752	
1.89	3.2755e-17 0 -0.134752	
1.9	3.28586e-17 0 -0.134752	
1.91	3.29886e-17 0 -0.134752	
1.92	3.31201e-17 0 -0.134752	
1.93	3.33603e-17 0 -0.134752	
1.94	3.34897e-17 0 -0.134752	
1.95	3.36469e-17 0 -0.134752	
1.96	3.36402e-17 0 -0.134752	
1.97	3.36898e-17 0 -0.134752	
1.98	3.35737e-17 0 -0.134752	
1.99	3.34308e-17 0 -0.134752	
2	3.33419e-17 0 -0.134752	
2.01	3.3224e-17 0 -0.134752	
2.02	3.31745e-17 0 -0.134752	
2.03	3.32928e-17 0 -0.134752	
2.04	3.33682e-17 0 -0.134752	
2.05	3.34436e-17 0 -0.134752	
2.06	3.34087e-17 0 -0.134752	
2.07	3.34118e-17 0 -0.134752	
2.08	3.35125e-17 0 -0.134752	
2.09	3.34775e-17 0 -0.134752	
2.1	3.35385e-17 0 -0.134752	
2.11	3.35018e-17 0 -0.134752	
2.12	3.34652e-17 0 -0.134752	
2.13	3.34826e-17 0 -0.134752	
2.14	3.34439e-17 0 -0.134752	
2.15	3.338e-17 0 -0.134752	
2.16	3.31762e-17 0 -0.134752	
2.17	3.30285e-17 0 -0.134752	
2.18	3.28678e-17 0 -0.134752	
2.19	3.27342e-17 0 -0.134752	
2.2	3.26717e-17 0 -0.134752	
2.21	3.26091e-17 0 -0.134752	
2.22	3.25884e-17 0 -0.134752	
2.23	3.2595e-17 0 -0.134752	
2.24	3.26015e-17 0 -0.134752	
2.25	3.28032e-17 0 -0.134752	
2.26	3.26672e-17 0 -0.134752	
2.27	3.27829e-17 0 -0.134752	
2.28	3.28566e-17 0 -0.134752	
2.29	3.29721e-17 0 -0.134752	
2.3	3.29472e-17 0 -0.134752	
2.31	3.29497e-17 0 -0.134752	
2.32	3.29122e-17 0 -0.134752	
2.33	3.28036e-17 0 -0.134752	
2.34	3.26803e-17 0 -0.134752	
2.35	3.26683e-17 0 -0.134752	
2.36	3.25724e-17 0 -0.134752	
2.37	3.26167e-17 0 -0.134752	
2.38	3.24473e-17 0 -0.134752	
2.39	3.23504e-17 0 -0.134752	
2.4	3.22687e-17 0 -0.134752	
2.41	3.22583e-17 0 -0.134752	
2.42	3.23322e-17 0 -0.134752	
2.43	3.21382e-17 0 -0.134752	
2.44	3.2045e-17 0 -0.134752	
2.45	3.17713e-17 0 -0.134752	
2.46	3.16226e-17 0 -0.134752	
2.47	3.15024e-17 0 -0.134752	
2.48	3.13283e-17 0 -0.134752	
2.49	3.12243e-17 0 -0.134752	
2.5	3.11193e-17 0 -0.134752	
2.51	3.10867e-17 0 -0.134752	
2.52	3.09984e-17 0 -0.134752	
2.53	3.08821e-17 0 -0.134752	
2.54	3.08081e-17 0 -0.134752	
2.55	3.06538e-17 0 -0.134752	
2.56	3.05388e-17 0 -0.134752	
2.57	3.0451e-17 0 -0.134752	
2.58	3.03369e-17 0 -0.134752	
2.59	3.0337e-17 0 -0.134752	
2.6	3.03606e-17 0 -0.134752	
2.61	3.04707e-17 0 -0.134752	
2.62	3.05806e-17 0 -0.134752	
2.63	3.07176e-17 0 -0.134752	
2.64	3.08526e-17 0 -0.134752	
2.65	3.09037e-17 0 -0.134752	
2.66	3.08986e-17 0 -0.134752	
2.67	3.0895e-17 0 -0.134752	
2.68	3.08933e-17 0 -0.134752	
2.69	3.09766e-17 0 -0.134752	
2.7	3.08878e-17 0 -0.134752	
2.71	3.08859e-17 0 -0.134752	
2.72	3.08568e-17 0 -0.134752	
2.73	3.08398e-17 0 -0.134752	
2.74	3.082e-17 0 -0.134752	
2.75	3.07596e-17 0 -0.134752	
2.76	3.06719e-17 0 -0.134752	
2.77	3.05589e-17 0 -0.134752	
2.78	3.04751e-17 0 -0.134752	
2.79	3.04202e-17 0 -0.134752	
2.8	3.02638e-17 0 -0.134752	
2.81	3.03338e-17 0 -0.134752	
2.82	3.03917e-17 0 -0.134752	
2.83	3.04727e-17 0 -0.134752	
2.84	3.06368e-17 0 -0.134752	
2.85	3.06053e-17 0 -0.134752	
2.86	3.05694e-17 0 -0.134752	
2.87	3.05789e-17 0 -0.134752	
2.88	3.0475e-17 0 -0.134752	
2.89	3.04143e-17 0 -0.134752	
2.9	3.0439e-17 0 -0.134752	
2.91	3.03536e-17 0 -0.134752	
2.92	3.02682e-17 0 -0.134752	
2.93	3.02952e-17 0 -0.134752	
2.94	3.02368e-17 0 -0.134752	
2.95	3.02662e-17 0 -0.134752	
2.96	3.03202e-17 0 -0.134752	
2.97	3.02887e-17 0 -0.134752	
2.98	3.03135e-17 0 -0.134752	
2.99	3.02505e-17 0 -0.134752	
3	3.02681e-17 0 -0.134752	
3.01	3.02025e-17 0 -0.134752	
3.02	3.01102e-17 0 -0.134752	
3.03	3.00128e-17 0 -0.134752	
3.04	3.00539e-17 0 -0.134752	
3.05	2.99826e-17 0 -0.134752	
3.06	3.00257e-17 0 -0.134752	
3.07	3.0183e-17 0 -0.134752	
3.08	3.01334e-17 0 -0.134752	
3.09	3.00034e-17 0 -0.134752	
3.1	3.00516e-17 0 -0.134752	
3.11	3.00403e-17 0 -0.134752	
3.12	3.00854e-17 0 -0.134752	
3.13	3.00709e-17 0 -0.134752	
3.14	3.01186e-17 0 -0.134752	
3.15	3.01892e-17 0 -0.134752	
3.16	3.01879e-17 0 -0.134752	
3.17	3.01555e-17 0 -0.134752	
3.18	3.01568e-17 0 -0.134752	
3.19	3.01441e-17 0 -0.134752	
3.2	3.01141e-17 0 -0.134752	
3.21	3.01831e-17 0 -0.134752	
3.22	3.01665e-17 0 -0.134752	
3.23	3.01601e-17 0 -0.134752	
3.24	3.01429e-17 0 -0.134752	
3.25	3.01368e-17 0 -0.134752	
3.26	3.0119e-17 0 -0.134752	
3.27	3.02147e-17 0 -0.134752	
3.28	3.02463e-17 0 -0.134752	
3.29	3.03469e-17 0 -0.134752	
3.3	3.03362e-17 0 -0.134752	
3.31	3.04765e-17 0 -0.134752	
3.32	3.05973e-17 0 -0.134752	
3.33	3.05266e-17 0 -0.134752	
3.34	3.05398e-17 0 -0.134752	
3.35	3.05518e-17 0 -0.134752	
3.36	3.05435e-17 0 -0.134752	
3.37	3.04546e-17 0 -0.134752	
3.38	3.0498e-17 0 -0.134752	
3.39	3.05645e-17 0 -0.134752	
3.4	3.04895e-17 0 -0.134752	
3.41	3.05181e-17 0 -0.134752	
3.42	3.04558e-17 0 -0.134752	
3.43	3.03318e-17 0 -0.134752	
3.44	3.0407e-17 0 -0.134752	
3.45	3.03794e-17 0 -0.134752	
3.46	3.04305e-17 0 -0.134752	
3.47	3.03115e-17 0 -0.134752	
3.48	3.03008e-17 0 -0.134752	
3.49	3.02358e-17 0 -0.134752	
3.5	3.01226e-17 0 -0.134752	
3.51	3.00806e-17 0 -0.134752	
3.52	3.00144e-17 0 -0.134752	
3.53	2.9993e-17 0 -0.134752	
3.54	2.98627e-17 0 -0.134752	
3.55	2.98029e-17 0 -0.134752	
3.56	2.96957e-17 0 -0.134752	
3.57	2.97353e-17 0 -0.134752	
3.58	2.96661e-17 0 -0.134752	
3.59	2.97056e-17 0 -0.134752	
3.6	2.96831e-17 0 -0.134752	
3.61	2.97151e-17 0 -0.134752	
3.62	2.96775e-17 0 -0.134752	
3.63	2.97168e-17 0 -0.134752	
3.64	2.97484e-17 0 -0.134752	
3.65	2.97952e-17 0 -0.134752	
3.66	2.98267e-17 0 -0.134752	
3.67	2.9873e-17 0 -0.134752	
3.68	2.98958e-17 0 -0.134752	
3.69	3.00737e-17 0 -0.134752	
3.7	3.00498e-17 0 -0.134752	
3.71	3.01657e-17 0 -0.134752	
3.72	3.01647e-17 0 -0.134752	
3.73	3.01956e-17 0 -0.134752	
3.74	3.02727e-17 0 -0.134752	
3.75	3.02328e-17 0 -0.134752	
3.76	3.02635e-17 0 -0.134752	
3.77	3.01865e-17 0 -0.134752	
3.78	3.02173e-17 0 -0.134752	
3.79	3.0094e-17 0 -0.134752	
3.8	3.00324e-17 0 -0.134752	
3.81	2.99475e-17 0 -0.134752	
3.82	2.98299e-17 0 -0.134752	
3.83	2.97314e-17 0 -0.134752	
3.84	2.96575e-17 0 -0.134752	
3.85	2.95833e-17 0 -0.134752	
3.86	2.94993e-17 0 -0.134752	
3.87	2.9471e-17 0 -0.134752	
3.88	2.94333e-17 0 -0.134752	
3.89	2.95042e-17 0 -0.134752	
3.9	2.93576e-17 0 -0.134752	
3.91	2.93342e-17 0 -0.134752	
3.92	2.93431e-17 0 -0.134752	
3.93	2.94374e-17 0 -0.134752	
3.94	2.93846e-17 0 -0.134752	
3.95	2.93846e-17 0 -0.134752	
3.96	2.93935e-17 0 -0.134752	
3.97	2.93891e-17 0 -0.134752	
3.98	2.94202e-17 0 -0.134752	
3.99	2.93437e-17 0 -0.134752	
4	2.94467e-17 0 -0.134752	
4.01	2.9473e-17 0 -0.134752	
4.02	2.94818e-17 0 -0.134752	
4.03	2.95079e-17 0 -0.134752	
4.04	2.95252e-17 0 -0.134752	
4.05	2.96276e-17 0 -0.134752	
4.06	2.9551e-17 0 -0.134752	
4.07	2.9592e-17 0 -0.134752	
4.08	2.95787e-17 0 -0.134752	
4.09	2.96245e-17 0 -0.134752	
4.1	2.95632e-17 0 -0.134752	
4.11	2.9611e-17 0 -0.134752	
4.12	2.95737e-17 0 -0.134752	
4.13	2.96542e-17 0 -0.134752	
4.14	2.96647e-17 0 -0.134752	
4.15	2.97277e-17 0 -0.134752	
4.16	2.97471e-17 0 -0.134752	
4.17	2.97576e-17 0 -0.134752	
4.18	2.9707e-17 0 -0.134752	
4.19	2.97654e-17 0 -0.134752	
4.2	2.98237e-17 0 -0.134752	
4.21	2.97744e-17 0 -0.134752	
4.22	2.98697e-17 0 -0.134752	
4.23	2.9819e-17 0 -0.134752	
4.24	2.98869e-17 0 -0.134752	
4.25	2.9932e-17 0 -0.134752	
4.26	2.99795e-17 0 -0.134752	
4.27	2.99159e-17 0 -0.134752	
4.28	2.99634e-17 0 -0.134752	
4.29	2.99978e-17 0 -0.134752	
4.3	2.99846e-17 0 -0.134752	
4.31	3.00531e-17 0 -0.134752	
4.32	3.01007e-17 0 -0.134752	
4.33	3.01693e-17 0 -0.134752	
4.34	3.01558e-17 0 -0.134752	
4.35	3.01766e-17 0 -0.134752	
4.36	3.02931e-17 0 -0.134752	
4.37	3.0242e-17 0 -0.134752	
4.38	3.02505e-17 0 -0.134752	
4.39	3.01279e-17 0 -0.134752	
4.4	3.00044e-17 0 -0.134752	
4.41	2.97846e-17 0 -0.134752	
4.42	2.96971e-17 0 -0.134752	
4.43	2.97064e-17 0 -0.134752	
4.44	2.96547e-17 0 -0.134752	
4.45	2.95789e-17 0 -0.134752	
4.46	2.95037e-17 0 -0.134752	
4.47	2.94772e-17 0 -0.134752	
4.48	2.93768e-17 0 -0.134752	
4.49	2.92893e-17 0 -0.134752	
4.5	2.93847e-17 0 -0.134752	
4.51	2.93822e-17 0 -0.134752	
4.52	2.94036e-17 0 -0.134752	
4.53	2.9425e-17 0 -0.134752	
4.54	2.95788e-17 0 -0.134752	
4.55	2.96347e-17 0 -0.134752	
4.56	2.97752e-17 0 -0.134752	
4.57	2.97834e-17 0 -0.134752	
4.58	2.98155e-17 0 -0.134752	
4.59	2.97393e-17 0 -0.134752	
4.6	2.96506e-17 0 -0.134752	
4.61	2.95723e-17 0 -0.134752	
4.62	2.95112e-17 0 -0.134752	
4.63	2.9338e-17 0 -0.134752	
4.64	2.92987e-17 0 -0.134752	
4.65	2.91733e-17 0 -0.134752	
4.66	2.91215e-17 0 -0.134752	
4.67	2.91305e-17 0 -0.134752	
4.68	2.90233e-17 0 -0.134752	
4.69	2.89848e-17 0 -0.134752	
4.7	2.88376e-17 0 -0.134752	
4.71	2.87751e-17 0 -0.134752	
4.72	2.87735e-17 0 -0.134752	
4.73	2.87479e-17 0 -0.134752	
4.74	2.87223e-17 0 -0.134752	
4.75	2.87747e-17 0 -0.134752	
4.76	2.88339e-17 0 -0.134752	
4.77	2.88865e-17 0 -0.134752	
4.78	2.89218e-17 0 -0.134752	
4.79	2.89199e-17 0 -0.134752	
4.8	2.89487e-17 0 -0.134752	
4.81	2.8995e-17 0 -0.134752	
4.82	2.90363e-17 0 -0.134752	
4.83	2.89988e-17 0 -0.134752	
4.84	2.89963e-17 0 -0.134752	
4.85	2.89747e-17 0 -0.134752	
4.86	2.89691e-17 0 -0.134752	
4.87	2.89215e-17 0 -0.134752	
4.88	2.8917e-17 0 -0.134752	
4.89	2.87849e-17 0 -0.134752	
4.9	2.87002e-17 0 -0.134752	
4.91	2.87391e-17 0 -0.134752	
4.92	2.87506e-17 0 -0.134752	
4.93	2.86609e-17 0 -0.134752	
4.94	2.8741e-17 0 -0.134752	
4.95	2.87707e-17 0 -0.134752	
4.96	2.88603e-17 0 -0.134752	
4.97	2.88645e-17 0 -0.134752	
4.98	2.88184e-17 0 -0.134752	
4.99	2.87194e-17 0 -0.134752	
5	2.87851e-17 0 -0.134752	
5.01	2.89224e-17 0 -0.134752	
5.02	2.89991e-17 0 -0.134752	
5.03	2.89394e-17 0 -0.134752	
5.04	2.89296e-17 0 -0.134752	
5.05	2.89912e-17 0 -0.134752	
5.06	2.89551e-17 0 -0.134752	
5.07	2.89782e-17 0 -0.134752	
5.08	2.90261e-17 0 -0.134752	
5.09	2.89881e-17 0 -0.134752	
5.1	2.90474e-17 0 -0.134752	
5.11	2.90592e-17 0 -0.134752	
5.12	2.91817e-17 0 -0.134752	
5.13	2.92401e-17 0 -0.134752	
5.14	2.9324e-17 0 -0.134752	
5.15	2.93087e-17 0 -0.134752	
5.16	2.94648e-17 0 -0.134752	
5.17	2.94689e-17 0 -0.134752	
5.18	2.94137e-17 0 -0.134752	
5.19	2.94278e-17 0 -0.134752	
5.2	2.93911e-17 0 -0.134752	
5.21	2.9491e-17 0 -0.134752	
5.22	2.95436e-17 0 -0.134752	
5.23	2.96504e-17 0 -0.134752	
5.24	2.96456e-17 0 -0.134752	
5.25	2.97591e-17 0 -0.134752	
5.26	2.9787e-17 0 -0.134752	
5.27	2.98115e-17 0 -0.134752	
5.28	2.98065e-17 0 -0.134752	
5.29	2.98362e-17 0 -0.134752	
5.3	2.98285e-17 0 -0.134752	
5.31	2.99712e-17 0 -0.134752	
5.32	3.01435e-17 0 -0.134752	
5.33	3.02521e-17 0 -0.134752	
5.34	3.03554e-17 0 -0.134752	
5.35	3.04541e-17 0 -0.134752	
5.36	3.04498e-17 0 -0.134752	
5.37	3.05081e-17 0 -0.134752	
5.38	3.0579e-17 0 -0.134752	
5.39	3.05514e-17 0 -0.134752	
5.4	3.05281e-17 0 -0.134752	
5.41	3.05446e-17 0 -0.134752	
5.42	3.0529e-17 0 -0.134752	
5.43	3.06221e-17 0 -0.134752	
5.44	3.06192e-17 0 -0.134752	
5.45	3.05892e-17 0 -0.134752	
5.46	3.05855e-17 0 -0.134752	
5.47	3.05604e-17 0 -0.134752	
5.48	3.06205e-17 0 -0.134752	
5.49	3.05175e-17 0 -0.134752	
5.5	3.04981e-17 0 -0.134752	
5.51	3.0486e-17 0 -0.134752	
5.52	3.04941e-17 0 -0.134752	
5.53	3.04879e-17 0 -0.134752	
5.54	3.04822e-17 0 -0.134752	
5.55	3.04694e-17 0 -0.134752	
5.56	3.04499e-17 0 -0.134752	
5.57	3.04367e-17 0 -0.134752	
5.58	3.04231e-17 0 -0.134752	
5.59	3.0429e-17 0 -0.134752	
5.6	3.04336e-17 0 -0.134752	
5.61	3.04194e-17 0 -0.134752	
5.62	3.04167e-17 0 -0.134752	
5.63	3.04209e-17 0 -0.134752	
5.64	3.04002e-17 0 -0.134752	
5.65	3.03852e-17 0 -0.134752	
5.66	3.037e-17 0 -0.134752	
5.67	3.03623e-17 0 -0.134752	
5.68	3.03523e-17 0 -0.134752	
5.69	3.02457e-17 0 -0.134752	
5.7	3.03418e-17 0 -0.134752	
5.71	3.02584e-17 0 -0.134752	
5.72	3.02504e-17 0 -0.134752	
5.73	3.01746e-17 0 -0.134752	
5.74	3.0108e-17 0 -0.134752	
5.75	3.0132e-17 0 -0.134752	
5.76	3.01106e-17 0 -0.134752	
5.77	3.01844e-17 0 -0.134752	
5.78	3.01998e-17 0 -0.134752	
5.79	3.0345e-17 0 -0.134752	
5.8	3.03415e-17 0 -0.134752	
5.81	3.04472e-17 0 -0.134752	
5.82	3.0571e-17 0 -0.134752	
5.83	3.07123e-17 0 -0.134752	
5.84	3.08216e-17 0 -0.134752	
5.85	3.08774e-17 0 -0.134752	
5.86	3.09736e-17 0 -0.134752	
5.87	3.09121e-17 0 -0.134752	
5.88	3.08278e-17 0 -0.134752	
5.89	3.07936e-17 0 -0.134752	
5.9	3.07237e-17 0 -0.134752	
5.91	3.06751e-17 0 -0.134752	
5.92	3.0686e-17 0 -0.134752	
5.93	3.05743e-17 0 -0.134752	
5.94	3.05304e-17 0 -0.134752	
5.95	3.05042e-17 0 -0.134752	
5.96	3.04557e-17 0 -0.134752	
5.97	3.05058e-17 0 -0.134752	
5.98	3.04536e-17 0 -0.134752	
5.99	3.05311e-17 0 -0.134752	
6	3.06728e-17 0 -0.134752	
6.01	3.07514e-17 0 -0.134752	
6.02	3.07849e-17 0 -0.134752	
6.03	3.07555e-17 0 -0.134752	
6.04	3.07164e-17 0 -0.134752	
6.05	3.0795e-17 0 -0.134752	
6.06	3.09009e-17 0 -0.134752	
6.07	3.08682e-17 0 -0.134752	
6.08	3.08836e-17 0 -0.134752	
6.09	3.09894e-17 0 -0.134752	
6.1	3.10319e-17 0 -0.134752	
6.11	3.10667e-17 0 -0.134752	
6.12	3.10434e-17 0 -0.134752	
6.13	3.09823e-17 0 -0.134752	
6.14	3.09391e-17 0 -0.134752	
6.15	3.07756e-17 0 -0.134752	
6.16	3.05792e-17 0 -0.134752	
6.17	3.05138e-17 0 -0.134752	
6.18	3.02641e-17 0 -0.134752	
6.19	3.01309e-17 0 -0.134752	
6.2	2.99701e-17 0 -0.134752	
6.21	2.9822e-17 0 -0.134752	
6.22	2.9648e-17 0 -0.134752	
6.23	2.96076e-17 0 -0.134752	
6.24	2.9505e-17 0 -0.134752	
6.25	2.94427e-17 0 -0.134752	
6.26	2.94169e-17 0 -0.134752	
6.27	2.94027e-17 0 -0.134752	
6.28	2.95585e-17 0 -0.134752	
6.29	2.95624e-17 0 -0.134752	
6.3	2.96465e-17 0 -0.134752	
6.31	2.95953e-17 0 -0.134752	
6.32	2.95294e-17 0 -0.134752	
6.33	2.9438e-17 0 -0.134752	
6.34	2.94245e-17 0 -0.134752	
6.35	2.93182e-17 0 -0.134752	
6.36	2.94248e-17 0 -0.134752	
6.37	2.93311e-17 0 -0.134752	
6.38	2.93075e-17 0 -0.134752	
6.39	2.92689e-17 0 -0.134752	
6.4	2.91716e-17 0 -0.134752	
6.41	2.90741e-17 0 -0.134752	
6.42	2.89177e-17 0 -0.134752	
6.43	2.87925e-17 0 -0.134752	
6.44	2.85676e-17 0 -0.134752	
6.45	2.85012e-17 0 -0.134752	
6.46	2.8428e-17 0 -0.134752	
6.47	2.83405e-17 0 -0.134752	
6.48	2.83541e-17 0 -0.134752	
6.49	2.84613e-17 0 -0.134752	
6.5	2.84262e-17 0 -0.134752	
6.51	2.84929e-17 0 -0.134752	
6.52	2.84855e-17 0 -0.134752	
6.53	2.84712e-17 0 -0.134752	
6.54	2.8591e-17 0 -0.134752	
6.55	2.86853e-17 0 -0.134752	
6.56	2.86779e-17 0 -0.134752	
6.57	2.87295e-17 0 -0.134752	
6.58	2.86944e-17 0 -0.134752	
6.59	2.8687e-17 0 -0.134752	
6.6	2.86724e-17 0 -0.134752	
6.61	2.86872e-17 0 -0.134752	
6.62	2.86688e-17 0 -0.134752	
6.63	2.86703e-17 0 -0.134752	
6.64	2.86868e-17 0 -0.134752	
6.65	2.85576e-17 0 -0.134752	
6.66	2.83136e-17 0 -0.134752	
6.67	2.81487e-17 0 -0.134752	
6.68	2.79784e-17 0 -0.134752	
6.69	2.78522e-17 0 -0.134752	
6.7	2.77332e-17 0 -0.134752	
6.71	2.77013e-17 0 -0.134752	
6.72	2.77159e-17 0 -0.134752	
6.73	2.77385e-17 0 -0.134752	
6.74	2.77738e-17 0 -0.134752	
6.75	2.77733e-17 0 -0.134752	
6.76	2.78408e-17 0 -0.134752	
6.77	2.79549e-17 0 -0.134752	
6.78	2.79349e-17 0 -0.134752	
6.79	2.81167e-17 0 -0.134752	
6.8	2.82175e-17 0 -0.134752	
6.81	2.82474e-17 0 -0.134752	
6.82	2.82672e-17 0 -0.134752	
6.83	2.83681e-17 0 -0.134752	
6.84	2.84254e-17 0 -0.134752	
6.85	2.84358e-17 0 -0.134752	
6.86	2.85604e-17 0 -0.134752	
6.87	2.86351e-17 0 -0.134752	
6.88	2.88047e-17 0 -0.134752	
6.89	2.87926e-17 0 -0.134752	
6.9	2.88519e-17 0 -0.134752	
6.91	2.88452e-17 0 -0.134752	
6.92	2.88507e-17 0 -0.134752	
6.93	2.89251e-17 0 -0.134752	
6.94	2.87735e-17 0 -0.134752	
6.95	2.87154e-17 0 -0.134752	
6.96	2.87456e-17 0 -0.134752	
6.97	2.87099e-17 0 -0.134752	
6.98	2.86846e-17 0 -0.134752	
6.99	2.86423e-17 0 -0.134752	
7	2.86166e-17 0 -0.134752	
7.01	2.8688e-17 0 -0.134752	
7.02	2.85698e-17 0 -0.134752	
7.03	2.85546e-17 0 -0.134752	
7.04	2.8377e-17 0 -0.134752	
7.05	2.83728e-17 0 -0.134752	
7.06	2.83411e-17 0 -0.134752	
7.07	2.8287e-17 0 -0.134752	
7.08	2.82714e-17 0 -0.134752	
7.09	2.82007e-17 0 -0.134752	
7.1	2.81893e-17 0 -0.134752	
7.11	2.81936e-17 0 -0.134752	
7.12	2.81823e-17 0 -0.134752	
7.13	2.81465e-17 0 -0.134752	
7.14	2.81971e-17 0 -0.134752	
7.15	2.82471e-17 0 -0.134752	
7.16	2.81971e-17 0 -0.134752	
7.17	2.82325e-17 0 -0.134752	
7.18	2.82668e-17 0 -0.134752	
7.19	2.81726e-17 0 -0.134752	
7.2	2.80618e-17 0 -0.134752	
7.21	2.80622e-17 0 -0.134752	
7.22	2.78299e-17 0 -0.134752	
7.23	2.78129e-17 0 -0.134752	
7.24	2.77953e-17 0 -0.134752	
7.25	2.77801e-17 0 -0.134752	
7.26	2.76824e-17 0 -0.134752	
7.27	2.77464e-17 0 -0.134752	
7.28	2.7771e-17 0 -0.134752	
7.29	2.77891e-17 0 -0.134752	
7.3	2.77198e-17 0 -0.134752	
7.31	2.77266e-17 0 -0.134752	
7.32	2.77259e-17 0 -0.134752	
7.33	2.76937e-17 0 -0.134752	
7.34	2.76646e-17 0 -0.134752	
7.35	2.75e-17 0 -0.134752	
7.36	2.74944e-17 0 -0.134752	
7.37	2.74254e-17 0 -0.134752	
7.38	2.74344e-17 0 -0.134752	
7.39	2.73972e-17 0 -0.134752	
7.4	2.73526e-17 0 -0.134752	
7.41	2.73865e-17 0 -0.134752	
7.42	2.74506e-17 0 -0.134752	
7.43	2.74837e-17 0 -0.134752	
7.44	2.74709e-17 0 -0.134752	
7.45	2.75296e-17 0 -0.134752	
7.46	2.74808e-17 0 -0.134752	
7.47	2.73953e-17 0 -0.134752	
7.48	2.72682e-17 0 -0.134752	
7.49	2.72581e-17 0 -0.134752	
7.5	2.71052e-17 0 -0.134752	
7.51	2.71108e-17 0 -0.134752	
7.52	2.7241e-17 0 -0.134752	
7.53	2.72335e-17 0 -0.134752	
7.54	2.72572e-17 0 -0.134752	
7.55	2.72809e-17 0 -0.134752	
7.56	2.7268e-17 0 -0.134752	
7.57	2.726e-17 0 -0.134752	
7.58	2.7273e-17 0 -0.134752	
7.59	2.72542e-17 0 -0.134752	
7.6	2.71814e-17 0 -0.134752	
7.61	2.71834e-17 0 -0.134752	
7.62	2.71894e-17 0 -0.134752	
7.63	2.71909e-17 0 -0.134752	
7.64	2.70592e-17 0 -0.134752	
7.65	2.70497e-17 0 -0.134752	
7.66	2.71023e-17 0 -0.134752	
7.67	2.70428e-17 0 -0.134752	
7.68	2.70924e-17 0 -0.134752	
7.69	2.71731e-17 0 -0.134752	
7.7	2.72551e-17 0 -0.134752	
7.71	2.72264e-17 0 -0.134752	
7.72	2.7153e-17 0 -0.134752	
7.73	2.7079e-17 0 -0.134752	
7.74	2.70895e-17 0 -0.134752	
7.75	2.71245e-17 0 -0.134752	
7.76	2.71588e-17 0 -0.134752	
7.77	2.71047e-17 0 -0.134752	
7.78	2.71096e-17 0 -0.134752	
7.79	2.72341e-17 0 -0.134752	
7.8	2.71432e-17 0 -0.134752	
7.81	2.71816e-17 0 -0.134752	
7.82	2.71272e-17 0 -0.134752	
7.83	2.70832e-17 0 -0.134752	
7.84	2.7123e-17 0 -0.134752	
7.85	2.70911e-17 0 -0.134752	
7.86	2.70827e-17 0 -0.134752	
7.87	2.70853e-17 0 -0.134752	
7.88	2.70768e-17 0 -0.134752	
7.89	2.70108e-17 0 -0.134752	
7.9	2.71018e-17 0 -0.134752	
7.91	2.70022e-17 0 -0.134752	
7.92	2.69596e-17 0 -0.134752	
7.93	2.69438e-17 0 -0.134752	
7.94	2.70119e-17 0 -0.134752	
7.95	2.69847e-17 0 -0.134752	
7.96	2.69688e-17 0 -0.134752	
7.97	2.69767e-17 0 -0.134752	
7.98	2.6988e-17 0 -0.134752	
7.99	2.6988e-17 0 -0.134752	
8	2.70557e-17 0 -0.134752	
8.01	2.70557e-17 0 -0.134752	
8.02	2.69444e-17 0 -0.134752	
8.03	2.69444e-17 0 -0.134752	
8.04	2.69169e-17 0 -0.134752	
8.05	2.70007e-17 0 -0.134752	
8.06	2.70246e-17 0 -0.134752	
8.07	2.70364e-17 0 -0.134752	
8.08	2.7108e-17 0 -0.134752	
8.09	2.72035e-17 0 -0.134752	
8.1	2.71762e-17 0 -0.134752	
8.11	2.73551e-17 0 -0.134752	
8.12	2.7502e-17 0 -0.134752	
8.13	2.76321e-17 0 -0.134752	
8.14	2.77035e-17 0 -0.134752	
8.15	2.78579e-17 0 -0.134752	
8.16	2.79053e-17 0 -0.134752	
8.17	2.80403e-17 0 -0.134752	
8.18	2.81752e-17 0 -0.134752	
8.19	2.81989e-17 0 -0.134752	
8.2	2.83218e-17 0 -0.134752	
8.21	2.83337e-17 0 -0.134752	
8.22	2.84047e-17 0 -0.134752	
8.23	2.84884e-17 0 -0.134752	
8.24	2.85941e-17 0 -0.134752	
8.25	2.87595e-17 0 -0.134752	
8.26	2.89953e-17 0 -0.134752	
8.27	2.92263e-17 0 -0.134752	
8.28	2.9478e-17 0 -0.134752	
8.29	2.97393e-17 0 -0.134752	
8.3	3.00056e-17 0 -0.134752	
8.31	3.04257e-17 0 -0.134752	
8.32	3.0729e-17 0 -0.134752	
8.33	3.09463e-17 0 -0.134752	
8.34	3.11455e-17 0 -0.134752	
8.35	3.135e-17 0 -0.134752	
8.36	3.14328e-17 0 -0.134752	
8.37	3.15379e-17 0 -0.134752	
8.38	3.17785e-17 0 -0.134752	
8.39	3.19133e-17 0 -0.134752	
8.4	3.20203e-17 0 -0.134752	
8.41	3.22699e-17 0 -0.134752	
8.42	3.24933e-17 0 -0.134752	
8.43	3.25591e-17 0 -0.134752	
8.44	3.26343e-17 0 -0.134752	
8.45	3.26975e-17 0 -0.134752	
8.46	3.27047e-17 0 -0.134752	
8.47	3.26674e-17 0 -0.134752	
8.48	3.2709e-17 0 -0.134752	
8.49	3.27724e-17 0 -0.134752	
8.5	3.27481e-17 0 -0.134752	
8.51	3.28023e-17 0 -0.134752	
8.52	3.28797e-17 0 -0.134752	
8.53	3.28902e-17 0 -0.134752	
8.54	3.28117e-17 0 -0.134752	
8.55	3.29237e-17 0 -0.134752	
8.56	3.29444e-17 0 -0.134752	
8.57	3.32343e-17 0 -0.134752	
8.58	3.32795e-17 0 -0.134752	
8.59	3.34663e-17 0 -0.134752	
8.6	3.37427e-17 0 -0.134752	
8.61	3.38294e-17 0 -0.134752	
8.62	3.40604e-17 0 -0.134752	
8.63	3.41921e-17 0 -0.134752	
8.64	3.43105e-17 0 -0.134752	
8.65	3.4472e-17 0 -0.134752	
8.66	3.45972e-17 0 -0.134752	
8.67	3.47135e-17 0 -0.134752	
8.68	3.47774e-17 0 -0.134752	
8.69	3.48802e-17 0 -0.134752	
8.7	3.51587e-17 0 -0.134752	
8.71	3.53246e-17 0 -0.134752	
8.72	3.54949e-17 0 -0.134752	
8.73	3.55532e-17 0 -0.134752	
8.74	3.56325e-17 0 -0.134752	
8.75	3.57325e-17 0 -0.134752	
8.76	3.57424e-17 0 -0.134752	
8.77	3.5768e-17 0 -0.134752	
8.78	3.59318e-17 0 -0.134752	
8.79	3.60671e-17 0 -0.134752	
8.8	3.61513e-17 0 -0.134752	
8.81	3.6413e-17 0 -0.134752	
8.82	3.65924e-17 0 -0.134752	
8.83	3.66688e-17 0 -0.134752	
8.84	3.6867e-17 0 -0.134752	
8.85	3.70129e-17 0 -0.134752	
8.86	3.72526e-17 0 -0.134752	
8.87	3.74389e-17 0 -0.134752	
8.88	3.77585e-17 0 -0.134752	
8.89	3.79652e-17 0 -0.134752	
8.9	3.81096e-17 0 -0.134752	
8.91	3.82223e-17 0 -0.134752	
8.92	3.82637e-17 0 -0.134752	
8.93	3.82964e-17 0 -0.134752	
8.94	3.83668e-17 0 -0.134752	
8.95	3.83496e-17 0 -0.134752	
8.96	3.83796e-17 0 -0.134752	
8.97	3.83515e-17 0 -0.134752	
8.98	3.81621e-17 0 -0.134752	
8.99	3.81629e-17 0 -0.134752	
9	3.81765e-17 0 -0.134752	
9.01	3.82276e-17 0 -0.134752	
9.02	3.82e-17 0 -0.134752	
9.03	3.81641e-17 0 -0.134752	
9.04	3.81369e-17 0 -0.134752	
9.05	3.80805e-17 0 -0.134752	
9.06	3.81441e-17 0 -0.134752	
9.07	3.81586e-17 0 -0.134752	
9.08	3.81324e-17 0 -0.134752	
9.09	3.81147e-17 0 -0.134752	
9.1	3.81468e-17 0 -0.134752	
9.11	3.8109e-17 0 -0.134752	
9.12	3.8092e-17 0 -0.134752	
9.13	3.80629e-17 0 -0.134752	
9.14	3.81245e-17 0 -0.134752	
9.15	3.81739e-17 0 -0.134752	
9.16	3.82559e-17 0 -0.134752	
9.17	3.84583e-17 0 -0.134752	
9.18	3.864e-17 0 -0.134752	
9.19	3.88417e-17 0 -0.134752	
9.2	3.92383e-17 0 -0.134752	
9.21	3.99412e-17 0 -0.134752	
9.22	4.05959e-17 0 -0.134752	
9.23	4.13119e-17 0 -0.134752	
9.24	4.20674e-17 0 -0.134752	
9.25	4.27065e-17 0 -0.134752	
9.26	4.35341e-17 0 -0.134752	
9.27	4.43093e-17 0 -0.134752	
9.28	4.51685e-17 0 -0.134752	
9.29	4.62553e-17 0 -0.134752	
9.3	4.72007e-17 0 -0.134752	
9.31	4.80196e-17 0 -0.134752	
9.32	4.87929e-17 0 -0.134752	
9.33	4.96131e-17 0 -0.134752	
9.34	5.04385e-17 0 -0.134752	
9.35	5.14439e-17 0 -0.134752	
9.36	5.2299e-17 0 -0.134752	
9.37	5.31544e-17 0 -0.134752	
9.38	5.41474e-17 0 -0.134752	
9.39	5.5112e-17 0 -0.134752	
9.4	5.59243e-17 0 -0.134752	
9.41	5.67634e-17 0 -0.134752	
9.42	5.7585e-17 0 -0.134752	
9.43	5.83402e-17 0 -0.134752	
9.44	5.91977e-17 0 -0.134752	
9.45	5.98746e-17 0 -0.134752	
9.46	6.06219e-17 0 -0.134752	
9.47	6.13218e-17 0 -0.134752	
9.48	6.21541e-17 0 -0.134752	
9.49	6.29485e-17 0 -0.134752	
9.5	6.37697e-17 0 -0.134752	
9.51	6.4559e-17 0 -0.134752	
9.52	6.53838e-17 0 -0.134752	
9.53	6.61322e-17 0 -0.134752	
9.54	6.68037e-17 0 -0.134752	
9.55	6.74672e-17 0 -0.134752	
9.56	6.81755e-17 0 -0.134752	
9.57	6.88669e-17 0 -0.134752	
9.58	6.95632e-17 0 -0.134752	
9.59	7.02408e-17 0 -0.134752	
9.6	7.0835e-17 0 -0.134752	
9.61	7.12931e-17 0 -0.134752	
9.62	7.16801e-17 0 -0.134752	
9.63	0.00913239 -0.0242159 2.25486	
9.64	0.00344293 -0.0274502 4.42649	
9.65	0.00248305 -0.0197866 3.19913	
9.66	-0.00128953 -0.0368599 4.94032	
9.67	-0.000946685 -0.0270613 3.57643	
9.68	-0.00681913 -0.045427 4.96085	
9.69	-0.00507073 -0.0337663 3.59363	
9.7	-0.015813 -0.0483407 4.63297	
9.71	-0.0113105 -0.037271 3.4801	
9.72	-0.0203782 -0.042794 4.16431	
9.73	-0.0151753 -0.0318726 3.00817	
9.74	-0.0113229 -0.0237845 2.16349	
9.75	-2.19392 -0.0582448 3.65737	
9.76	-0.000202 -0.0164583 4.2119	
9.77	-0.0309846 -0.0163553 4.27585	
9.78	0.0125004 -0.162321 5.03658	
9.79	0.00619549 -0.175676 4.67119	
9.8	0.0283778 -0.206176 4.51637	
9.81	0.0446623 -0.171507 3.84494	
9.82	0.0354705 -0.132665 2.78558	
9.83	0.0279455 -0.102346 2.00769	
9.84	0.0227651 -0.0813618 1.43966	
9.85	0.018552 -0.0649784 1.02261	
9.86	0.0153301 -0.0527892 0.716917	
9.87	0.0127733 -0.0435352 0.492377	
9.88	0.0104443 -0.0354986 0.326551	
9.89	0.00832466 -0.0283249 0.204014	
9.9	0.00659063 -0.0226414 0.113657	
9.91	0.00501783 -0.0173128 0.046964	
9.92	0.0140525 -0.159504 5.11345	
9.93	0.00863836 -0.0687015 3.70147	
9.94	0.0634385 -0.394332 1.92942	
9.95	-0.164563 -0.269862 0.160554	
9.96	-0.490947 -0.0505762 3.34941	
9.97	0.139651 0.667897 5.594	
9.98	-0.0991055 1.01299 3.41616	
9.99	-0.107692 0.0500214 5.64718	
10	-0.0678564 -0.0510257 4.1291	
10.01	-0.0476175 -0.0529531 2.98706	
10.02	-0.0260544 -0.108529 2.17338	
10.03	-0.0104923 -0.145815 1.56908	
10.04	-0.00183536 -0.150963 1.11703	
10.05	0.00126859 -0.129914 0.781471	
10.06	0.00159632 -0.0999218 0.534795	
10.07	-3.71369 -0.707871 3.76869	
10.08	-2.76863 -0.365001 2.71617	
10.09	-2.02554 -0.26098 1.94825	
10.1	-1.4827 -0.18519 1.38749	
10.11	-1.08957 -0.118801 0.977211	
10.12	-0.800314 -0.0735337 0.67647	
10.13	-0.585368 -0.0531088 0.45801	
10.14	-0.429896 -0.032112 0.29764	
10.15	-0.314712 -0.0220414 0.180895	
10.16	-0.230037 -0.0163732 0.0957345	
10.17	-0.173487 0.0140927 0.0282633	
10.18	-0.126854 0.0103414 -0.0159033	
10.19	-0.0927553 0.00758121 -0.048192	
10.2	-0.0678216 0.00555178 -0.0717972	
10.21	-0.0495951 0.00410429 -0.0890678	
10.22	-0.0362594 0.00297524 -0.101675	
10.23	-0.0265147 0.00219884 -0.110907	
10.24	-0.019387 0.0016086 -0.117651	
10.25	-0.0141767 0.00118786 -0.122585	
10.26	-0.0103656 0.000868775 -0.12619	
10.27	-0.00758547 0.00068692 -0.12884	
10.28	-0.00554052 0.000456011 -0.130749	
10.29	-0.00405223 0.000341831 -0.132161	
10.3	-0.00296199 0.000242832 -0.133189	
10.31	-0.00216595 0.000179343 -0.133943	
10.32	-0.00158384 0.000132391 -0.134495	
10.33	-0.00115806 9.68035e-05 -0.134897	
10.34	-0.00115773 9.44099e-05 -0.134897	
10.35	-0.00115773 9.43751e-05 -0.134897	
10.36	-0.00115773 9.44099e-05 -0.134897	
10.37	-0.00115763 9.38509e-05 -0.134897	
10.38	-0.00115764 9.35478e-05 -0.134896	
10.39	-0.00115749 9.11091e-05 -0.134896	
10.4	-0.00115727 8.91615e-05 -0.134895	
10.41	-0.00115721 8.8841e-05 -0.134895	
10.42	-0.0011572 8.89369e-05 -0.134895	
10.43	-0.00115712 8.84361e-05 -0.134895	
10.44	-0.00115712 8.84862e-05 -0.134895	
10.45	-0.00115712 8.85272e-05 -0.134895	
10.46	-0.00115712 8.85415e-05 -0.134895	
10.47	-0.00115712 8.85561e-05 -0.134895	
10.48	-0.00115704 8.79829e-05 -0.134895	
10.49	-0.00115697 8.76392e-05 -0.134895	
10.5	-0.00115712 8.8571e-05 -0.134895	
10.51	-0.00115712 8.8571e-05 -0.134895	
10.52	-0.00115712 8.8571e-05 -0.134895	
10.53	-0.00115712 8.85863e-05 -0.134895	
10.54	-0.00115712 8.85863e-05 -0.134895	
10.55	-0.00115712 8.85863e-05 -0.134895	
10.56	-0.00115712 8.8571e-05 -0.134895	
10.57	-0.00115712 8.85863e-05 -0.134895	
10.58	-0.00115712 8.85863e-05 -0.134895	
10.59	-0.00115712 8.85863e-05 -0.134895	
10.6	-0.00115712 8.85863e-05 -0.134895	
10.61	-0.00115712 8.8571e-05 -0.134895	
10.62	-0.00115689 8.70655e-05 -0.134895	
10.63	-0.00115712 8.8571e-05 -0.134895	
10.64	-0.00115697 8.76544e-05 -0.134895	
10.65	-0.00115712 8.85863e-05 -0.134895	
10.66	-0.00115712 8.85863e-05 -0.134895	
10.67	-0.00115704 8.79979e-05 -0.134895	
10.68	-0.00115712 8.85863e-05 -0.134895	
10.69	-0.00115704 8.79979e-05 -0.134895	
10.7	-0.00115704 8.79979e-05 -0.134895	
10.71	-0.00115712 8.85863e-05 -0.134895	
10.72	-0.00115712 8.85863e-05 -0.134895	
10.73	-0.00115712 8.85863e-05 -0.134895	
10.74	-0.00115697 8.76544e-05 -0.134895	
10.75	-0.00115712 8.85863e-05 -0.134895	
10.76	-0.00115712 8.85863e-05 -0.134895	
10.77	-0.00115712 8.85863e-05 -0.134895	
10.78	-0.00115712 8.85863e-05 -0.134895	
10.79	-0.00115704 8.79979e-05 -0.134895	
10.8	-0.00115704 8.79979e-05 -0.134895	
10.81	-0.00115784 9.32413e-05 -0.134896	
10.82	-0.00115792 9.38272e-05 -0.134896	
10.83	-0.00115784 9.32413e-05 -0.134896	
10.84	-0.00115792 9.38272e-05 -0.134896	
10.85	-0.00115792 9.38272e-05 -0.134896	
10.86	-0.00115792 9.38272e-05 -0.134896	
10.87	-0.00115792 9.38272e-05 -0.134896	
10.88	-0.00115792 9.38114e-05 -0.134896	
10.89	-0.00115792 9.38272e-05 -0.134896	
10.9	-0.00115792 9.38272e-05 -0.134896	
10.91	-0.00115792 9.38272e-05 -0.134896	
10.92	-0.00115792 9.38272e-05 -0.134896	
10.93	-0.00115792 9.38272e-05 -0.134896	
10.94	-0.00115784 9.32413e-05 -0.134896	
10.95	-0.00115792 9.38272e-05 -0.134896	
10.96	-0.00115806 9.47567e-05 -0.134897	
10.97	-0.00115784 9.32413e-05 -0.134896	
10.98	-0.00115792 9.38272e-05 -0.134896	
10.99	-0.00115792 9.38272e-05 -0.134896	
11	-0.00115792 9.38114e-05 -0.134896	
11.01	-0.00115784 9.32413e-05 -0.134896	
11.02	-0.00115792 9.38272e-05 -0.134896	
11.03	-0.00115784 9.32413e-05 -0.134896	
11.04	-0.00115792 9.38272e-05 -0.134896	
11.05	-0.00115792 9.38272e-05 -0.134896	
11.06	-0.00115792 9.38272e-05 -0.134896	
11.07	-0.0011577 9.23109e-05 -0.134896	
11.08	-0.00115792 9.38272e-05 -0.134896	
11.09	-0.00115792 9.38272e-05 -0.134896	
11.1	-0.00115784 9.32413e-05 -0.134896	
11.11	-0.00115792 9.38272e-05 -0.134896	
11.12	-0.00115784 9.32413e-05 -0.134896	
11.13	-0.00115784 9.32413e-05 -0.134896	
11.14	-0.00115784 9.32413e-05 -0.134896	
11.15	-0.00115784 9.32413e-05 -0.134896	
11.16	-0.00115792 9.38272e-05 -0.134896	
11.17	-0.00115784 9.32413e-05 -0.134896	
11.18	-0.00115784 9.32413e-05 -0.134896	
11.19	-0.00115792 9.38272e-05 -0.134896	
11.2	-0.00115792 9.38272e-05 -0.134896	
11.21	-0.00115784 9.32413e-05 -0.134896	
11.22	-0.00115792 9.38114e-05 -0.134896	
11.23	-0.00115784 9.32413e-05 -0.134896	
11.24	-0.00115784 9.32573e-05 -0.134896	
11.25	-0.00115792 9.38272e-05 -0.134896	
11.26	-0.00115792 9.38272e-05 -0.134896	
11.27	-0.00115792 9.38272e-05 -0.134896	
11.28	-0.00115784 9.32413e-05 -0.134896	
11.29	-0.00115792 9.38272e-05 -0.134896	
11.3	-0.00115792 9.38272e-05 -0.134896	
11.31	-0.00115792 9.38272e-05 -0.134896	
11.32	-0.00115792 9.38272e-05 -0.134896	
11.33	-0.00115792 9.38272e-05 -0.134896	
11.34	-0.00115792 9.38114e-05 -0.134896	
11.35	-0.00115792 9.38272e-05 -0.134896	
11.36	-0.00115792 9.38272e-05 -0.134896	
11.37	-0.00115792 9.38272e-05 -0.134896	
11.38	-0.00115784 9.32413e-05 -0.134896	
11.39	-0.00115792 9.38272e-05 -0.134896	
11.4	-0.00115784 9.32413e-05 -0.134896	
11.41	-0.00115792 9.38272e-05 -0.134896	
11.42	-0.00115792 9.38272e-05 -0.134896	
11.43	-0.00115784 9.32413e-05 -0.134896	
11.44	-0.00115792 9.38272e-05 -0.134896	
11.45	-0.00115792 9.38272e-05 -0.134896	
11.46	-0.00115792 9.38272e-05 -0.134896	
11.47	-0.00115792 9.38272e-05 -0.134896	
11.48	-0.0011577 9.23109e-05 -0.134896	
11.49	-0.00115784 9.32413e-05 -0.134896	
11.5	-0.00115792 9.38272e-05 -0.134896	
11.51	-0.00115792 9.38272e-05 -0.134896	
11.52	-0.00115792 9.38272e-05 -0.134896	
11.53	-0.00115792 9.38272e-05 -0.134896	
11.54	-0.00115792 9.38272e-05 -0.134896	
11.55	-0.00115806 9.47567e-05 -0.134897	
11.56	-0.00115792 9.38272e-05 -0.134896	
11.57	-0.00115792 9.38272e-05 -0.134896	
11.58	-0.00115792 9.38114e-05 -0.134896	
11.59	-0.00115792 9.38272e-05 -0.134896	
11.6	-0.00115806 9.47567e-05 -0.134897	
11.61	-0.00115792 9.38272e-05 -0.134896	
11.62	-0.00115806 9.47409e-05 -0.134897	
11.63	-0.00115806 9.47567e-05 -0.134897	
11.64	-0.00115778 9.28974e-05 -0.134896	
11.65	-0.00115778 9.28974e-05 -0.134896	
11.66	-0.00115778 9.28974e-05 -0.134896	
11.67	-0.00115778 9.28817e-05 -0.134896	
11.68	-0.00115778 9.28974e-05 -0.134896	
11.69	-0.00115778 9.28974e-05 -0.134896	
11.7	-0.00115778 9.28974e-05 -0.134896	
11.71	-0.00115778 9.28974e-05 -0.134896	
11.72	-0.00115778 9.28974e-05 -0.134896	
11.73	-0.00115778 9.28974e-05 -0.134896	
11.74	-0.00115778 9.28974e-05 -0.134896	
11.75	-0.00115778 9.28974e-05 -0.134896	
11.76	-0.00115778 9.28974e-05 -0.134896	
11.77	-0.00115778 9.28974e-05 -0.134896	
11.78	-0.00115778 9.28974e-05 -0.134896	
11.79	-0.00115778 9.28974e-05 -0.134896	
11.8	-0.00115778 9.28974e-05 -0.134896	
11.81	-0.00115778 9.28974e-05 -0.134896	
11.82	-0.00115778 9.28974e-05 -0.134896	
11.83	-0.00115778 9.28974e-05 -0.134896	
11.84	-0.00115792 9.38272e-05 -0.134896	
11.85	-0.00115778 9.28974e-05 -0.134896	
11.86	-0.00115778 9.28974e-05 -0.134896	
11.87	-0.00115778 9.28974e-05 -0.134896	
11.88	-0.00115778 9.28974e-05 -0.134896	
11.89	-0.00115778 9.28974e-05 -0.134896	
11.9	-0.00115778 9.28974e-05 -0.134896	
11.91	-0.00115778 9.28974e-05 -0.134896	
11.92	-0.0011577 9.23109e-05 -0.134896	
11.93	-0.00115778 9.28974e-05 -0.134896	
11.94	-0.00115778 9.28974e-05 -0.134896	
11.95	-0.00115778 9.28974e-05 -0.134896	
11.96	-0.00115778 9.28974e-05 -0.134896	
11.97	-0.00115778 9.28974e-05 -0.134896	
11.98	-0.00115778 9.28974e-05 -0.134896	
11.99	-0.00115778 9.28974e-05 -0.134896	
12	-0.00115778 9.28974e-05 -0.134896	
12.01	-0.00115778 9.28974e-05 -0.134896	
12.02	-0.00115778 9.28974e-05 -0.134896	
12.03	-0.00115778 9.28974e-05 -0.134896	
12.04	-0.00115778 9.28974e-05 -0.134896	
12.05	-0.00115778 9.28974e-05 -0.134896	
12.06	-0.0011577 9.23268e-05 -0.134896	
12.07	-0.00115792 9.38272e-05 -0.134896	
12.08	-0.00115778 9.28974e-05 -0.134896	
12.09	-0.00115778 9.28974e-05 -0.134896	
12.1	-0.00115778 9.28974e-05 -0.134896	
12.11	-0.0011577 9.23109e-05 -0.134896	
12.12	-0.0011577 9.23109e-05 -0.134896	
12.13	-0.00115778 9.28974e-05 -0.134896	
12.14	-0.00115778 9.28974e-05 -0.134896	
12.15	-0.00115778 9.28974e-05 -0.134896	
12.16	-0.00115778 9.28974e-05 -0.134896	
12.17	-0.0011577 9.23109e-05 -0.134896	
12.18	-0.00115778 9.28974e-05 -0.134896	
12.19	-0.00115778 9.28974e-05 -0.134896	
12.2	-0.00115778 9.28974e-05 -0.134896	
12.21	-0.0011577 9.23109e-05 -0.134896	
12.22	-0.00115792 9.38272e-05 -0.134896	
12.23	-0.0011577 9.23109e-05 -0.134896	
12.24	-0.0011577 9.23109e-05 -0.134896	
12.25	-0.0011577 9.23109e-05 -0.134896	
12.26	-0.00115778 9.28974e-05 -0.134896	
12.27	-0.00115778 9.28974e-05 -0.134896	
12.28	-0.00115778 9.28974e-05 -0.134896	
12.29	-0.00115778 9.28974e-05 -0.134896	
12.3	-0.00115778 9.28974e-05 -0.134896	
12.31	-0.00115778 9.28974e-05 -0.134896	
12.32	-0.0011577 9.23109e-05 -0.134896	
12.33	-0.00115778 9.28974e-05 -0.134896	
12.34	-0.00115778 9.28974e-05 -0.134896	
12.35	-0.00115778 9.28974e-05 -0.134896	
12.36	-0.0011577 9.23109e-05 -0.134896	
12.37	-0.00115778 9.28974e-05 -0.134896	
12.38	-0.00115778 9.28974e-05 -0.134896	
12.39	-0.00115778 9.28974e-05 -0.134896	
12.4	-0.00115778 9.28974e-05 -0.134896	
12.41	-0.00115778 9.28974e-05 -0.134896	
12.42	-0.00115792 9.38272e-05 -0.134896	
12.43	-0.00115778 9.28974e-05 -0.134896	
12.44	-0.00115778 9.28974e-05 -0.134896	
12.45	-0.00115792 9.38272e-05 -0.134896	
12.46	-0.0011577 9.23109e-05 -0.134896	
12.47	-0.00115778 9.28974e-05 -0.134896	
12.48	-0.00115778 9.28974e-05 -0.134896	
12.49	-0.00115778 9.28974e-05 -0.134896	
12.5	-0.0011577 9.23109e-05 -0.134896	
12.51	-0.0011577 9.23109e-05 -0.134896	
12.52	-0.00115778 9.28974e-05 -0.134896	
12.53	-0.00115778 9.28974e-05 -0.134896	
12.54	-0.00115778 9.28974e-05 -0.134896	
12.55	-0.00115778 9.28974e-05 -0.134896	
12.56	-0.00115778 9.28974e-05 -0.134896	
12.57	-0.00115778 9.28974e-05 -0.134896	
12.58	-0.0011577 9.23109e-05 -0.134896	
12.59	-0.00115778 9.28974e-05 -0.134896	
12.6	-0.00115778 9.28974e-05 -0.134896	
12.61	-0.00115792 9.38272e-05 -0.134896	
12.62	-0.00115778 9.28974e-05 -0.134896	
12.63	-0.00115778 9.28974e-05 -0.134896	
12.64	-0.00115778 9.28974e-05 -0.134896	
12.65	-0.00115778 9.28974e-05 -0.134896	
12.66	-0.00115778 9.28974e-05 -0.134896	
12.67	-0.00115778 9.28974e-05 -0.134896	
12.68	-0.00115778 9.28974e-05 -0.134896	
12.69	-0.00115792 9.38272e-05 -0.134896	
12.7	-0.00115778 9.28974e-05 -0.134896	
12.71	-0.00115778 9.28974e-05 -0.134896	
12.72	-0.00115778 9.28974e-05 -0.134896	
12.73	-0.00115778 9.28974e-05 -0.134896	
12.74	-0.0011577 9.23109e-05 -0.134896	
12.75	-0.00115778 9.28974e-05 -0.134896	
12.76	-0.00115792 9.38272e-05 -0.134896	
12.77	-0.00115778 9.28974e-05 -0.134896	
12.78	-0.00115778 9.28974e-05 -0.134896	
12.79	-0.00115778 9.28974e-05 -0.134896	
12.8	-0.00115778 9.28817e-05 -0.134896	
12.81	-0.00115778 9.28974e-05 -0.134896	
12.82	-0.00115778 9.28974e-05 -0.134896	
12.83	-0.00115778 9.28974e-05 -0.134896	
12.84	-0.00115778 9.28974e-05 -0.134896	
12.85	-0.0011577 9.23109e-05 -0.134896	
12.86	-0.0011577 9.23109e-05 -0.134896	
12.87	-0.0011577 9.23109e-05 -0.134896	
12.88	-0.00115778 9.28817e-05 -0.134896	
12.89	-0.0011577 9.23109e-05 -0.134896	
12.9	-0.00115778 9.28974e-05 -0.134896	
12.91	-0.00115778 9.28974e-05 -0.134896	
12.92	-0.00115778 9.28974e-05 -0.134896	
12.93	-0.00115778 9.28974e-05 -0.134896	
12.94	-0.00115778 9.28817e-05 -0.134896	
12.95	-0.00115778 9.28974e-05 -0.134896	
12.96	-0.00115778 9.28974e-05 -0.134896	
12.97	-0.00115778 9.28974e-05 -0.134896	
12.98	-0.00115778 9.28974e-05 -0.134896	
12.99	-0.00115778 9.28974e-05 -0.134896	
13	-0.00115778 9.29135e-05 -0.134896	
13.01	-0.00115778 9.28974e-05 -0.134896	
13.02	-0.00115778 9.28974e-05 -0.134896	
13.03	-0.00115778 9.28974e-05 -0.134896	
13.04	-0.0011577 9.23109e-05 -0.134896	
13.05	-0.00115778 9.28974e-05 -0.134896	
13.06	-0.00115778 9.28974e-05 -0.134896	
13.07	-0.00115792 9.38272e-05 -0.134896	
13.08	-0.00115778 9.28974e-05 -0.134896	
13.09	-0.00115778 9.28974e-05 -0.134896	
13.1	-0.00115778 9.28974e-05 -0.134896	
