# Gnuplot File : positions of 1 particle(s) Monitored
# 1st Column : time, others : particle(s) number 0 
0.01	9.8461 19.9288 3.15639	
0.02	9.8461 19.9288 3.15612	
0.03	9.8461 19.9288 3.15592	
0.04	9.8461 19.9288 3.15578	
0.05	9.8461 19.9288 3.15568	
0.06	9.8461 19.9288 3.1556	
0.07	9.8461 19.9288 3.15554	
0.08	9.84489 19.9286 3.15543	
0.09	9.8461 19.9285 3.15404	
0.1	9.8461 19.9288 3.15545	
0.11	9.84489 19.9286 3.15536	
0.12	9.84489 19.9286 3.15535	
0.13	9.8461 19.9288 3.15542	
0.14	9.8461 19.9288 3.15541	
0.15	9.84489 19.9286 3.15533	
0.16	9.8461 19.9285 3.15397	
0.17	9.8453 19.9276 3.15117	
0.18	9.81917 19.9186 3.1327	
0.19	9.81375 19.9144 3.12093	
0.2	9.81187 19.9143 3.12179	
0.21	9.81029 19.9139 3.12126	
0.22	9.81125 19.9144 3.12255	
0.23	9.81105 19.9147 3.12374	
0.24	9.81258 19.9162 3.12793	
0.25	9.82028 19.9191 3.13374	
0.26	9.82918 19.9229 3.14216	
0.27	9.83245 19.924 3.14439	
0.28	9.83796 19.9257 3.1479	
0.29	9.83918 19.9261 3.14884	
0.3	9.83948 19.9267 3.15074	
0.31	9.83919 19.928 3.15597	
0.32	9.85218 19.9304 3.15818	
0.33	9.85554 19.9012 3.18155	
0.34	9.82671 19.6153 3.49366	
0.35	9.7607 19.3109 3.67785	
0.36	9.75053 19.0843 3.84081	
0.37	9.73789 18.5486 4.15115	
0.38	9.72199 17.9114 4.40773	
0.39	9.70863 17.2926 4.72636	
0.4	9.65311 16.5357 5.0993	
0.41	9.54174 15.8674 5.5884	
0.42	9.53747 15.5223 6.12587	
0.43	9.65771 15.3198 6.55497	
0.44	9.69561 15.1692 6.96703	
0.45	9.67826 15.1991 7.13161	
0.46	9.67372 15.2136 7.16201	
0.47	9.58253 15.2538 7.16822	
0.48	9.5337 15.3018 7.22873	
0.49	9.53092 15.308 7.23892	
0.5	9.56564 15.3112 7.23095	
0.51	9.61269 15.312 7.24129	
0.52	9.62156 15.2912 7.24423	
0.53	9.63708 15.2729 7.25161	
0.54	9.71616 15.2223 7.27223	
0.55	9.7869 15.1577 7.28148	
0.56	9.89616 15.1542 7.29041	
0.57	9.93092 15.1133 7.2998	
0.58	9.96484 15.0639 7.31314	
0.59	10.022 15.0528 7.3215	
0.6	10.1604 15.0345 7.32484	
0.61	10.238 15.0537 7.32601	
0.62	10.3246 15.1502 7.32484	
0.63	10.3626 15.1673 7.3264	
0.64	10.2882 15.2303 7.32105	
0.65	10.295 15.3435 7.31081	
0.66	10.285 15.4268 7.29876	
0.67	10.2377 15.5685 7.24802	
0.68	10.1965 15.6021 7.22985	
0.69	10.1197 15.5981 7.20764	
0.7	10.1005 15.7072 7.18472	
0.71	10.0955 15.8402 7.15131	
0.72	10.1017 15.9536 7.05025	
0.73	10.1245 16.1084 6.91274	
0.74	10.1435 16.2022 6.78264	
0.75	10.1469 16.2885 6.65717	
0.76	10.1515 16.3842 6.59717	
0.77	10.1505 16.3667 6.48891	
0.78	10.1505 16.3663 6.41314	
0.79	10.2107 16.463 6.16099	
0.8	10.2788 16.5042 5.96855	
0.81	10.2897 16.4804 5.83301	
0.82	10.3433 16.5238 5.76999	
0.83	10.3802 16.5243 5.76114	
0.84	10.4089 16.5436 5.71679	
0.85	10.4508 16.6132 5.69342	
0.86	10.473 16.6401 5.68251	
0.87	10.4779 16.6536 5.67495	
0.88	10.4791 16.6588 5.63868	
0.89	10.4799 16.6749 5.59331	
0.9	10.4904 16.7048 5.55937	
0.91	10.5105 16.7192 5.53576	
0.92	10.5342 16.7206 5.50778	
0.93	10.5352 16.7042 5.46918	
0.94	10.5426 16.6994 5.44055	
0.95	10.5566 16.7192 5.42784	
0.96	10.5798 16.7511 5.41641	
0.97	10.638 16.7548 5.41495	
0.98	10.6882 16.7391 5.40694	
0.99	10.7225 16.7147 5.3862	
1	10.7485 16.7061 5.36725	
1.01	10.7766 16.7057 5.36251	
1.02	10.8226 16.7095 5.36252	
1.03	10.8735 16.7029 5.36117	
1.04	10.8983 16.6941 5.34962	
1.05	10.9105 16.6848 5.33211	
1.06	10.9147 16.6881 5.32811	
1.07	10.9154 16.6935 5.32708	
1.08	10.9195 16.6938 5.32708	
1.09	10.9203 16.6884 5.32664	
1.1	10.9159 16.688 5.32648	
1.11	10.9174 16.672 5.30689	
1.12	10.9171 16.675 5.30419	
1.13	10.9156 16.6912 5.30451	
1.14	10.9178 16.6969 5.30511	
1.15	10.9192 16.6969 5.30365	
1.16	10.9151 16.6965 5.30365	
1.17	10.9109 16.6959 5.30218	
1.18	10.9094 16.7125 5.30546	
1.19	10.9068 16.7399 5.30854	
1.2	10.9068 16.7397 5.30707	
1.21	10.9 16.7394 5.30854	
1.22	10.9007 16.7315 5.29427	
1.23	10.9053 16.7268 5.27585	
1.24	10.9077 16.7465 5.27359	
1.25	10.9062 16.7627 5.27403	
1.26	10.9013 16.7702 5.27796	
1.27	10.9013 16.77 5.27649	
1.28	10.8971 16.7696 5.27649	
1.29	10.8898 16.7743 5.27566	
1.3	10.8752 16.7843 5.27858	
1.31	10.8698 16.7946 5.28859	
1.32	10.8696 16.7943 5.28696	
1.33	10.8742 16.7892 5.28631	
1.34	10.8796 16.7787 5.28518	
1.35	10.8832 16.7793 5.28781	
1.36	10.8986 16.7806 5.28716	
1.37	10.928 16.789 5.28896	
1.38	10.951 16.7936 5.29209	
1.39	10.9572 16.7916 5.29783	
1.4	10.9633 16.7867 5.29719	
1.41	10.9709 16.782 5.29656	
1.42	10.9913 16.7839 5.29639	
1.43	11.0203 16.7977 5.30638	
1.44	11.0471 16.8112 5.32556	
1.45	11.0762 16.8114 5.32951	
1.46	11.0942 16.8024 5.32824	
1.47	11.1148 16.7936 5.32698	
1.48	11.1466 16.7974 5.32845	
1.49	11.1834 16.8072 5.32908	
1.5	11.2298 16.8184 5.32971	
1.51	11.2961 16.8349 5.33493	
1.52	11.3585 16.8433 5.33655	
1.53	11.3957 16.84 5.33116	
1.54	11.4362 16.8426 5.32493	
1.55	11.4638 16.8466 5.32623	
1.56	11.4935 16.8563 5.32686	
1.57	11.56 16.866 5.32701	
1.58	11.6089 16.8675 5.32473	
1.59	11.6364 16.8468 5.31892	
1.6	11.6722 16.828 5.30442	
1.61	11.7192 16.8247 5.29411	
1.62	11.7928 16.8345 5.29081	
1.63	11.8659 16.8473 5.29079	
1.64	11.9339 16.8256 5.28565	
1.65	11.9967 16.8037 5.28354	
1.66	12.0503 16.7945 5.26953	
1.67	12.0949 16.7951 5.25669	
1.68	12.1728 16.8081 5.2519	
1.69	12.261 16.8208 5.2513	
1.7	12.3165 16.7986 5.24784	
1.71	12.3524 16.761 5.24484	
1.72	12.3732 16.7265 5.22452	
1.73	12.3803 16.7011 5.18725	
1.74	12.4018 16.6902 5.16001	
1.75	12.427 16.6877 5.14548	
1.76	12.4459 16.6701 5.12541	
1.77	12.4673 16.6276 5.0983	
1.78	12.4862 16.5569 5.06111	
1.79	12.4989 16.5129 5.02484	
1.8	12.506 16.4876 4.98436	
1.81	12.5157 16.4711 4.95976	
1.82	12.5257 16.4542 4.94449	
1.83	12.5376 16.4069 4.92175	
1.84	12.5461 16.3309 4.89872	
1.85	12.5645 16.2489 4.86913	
1.86	12.5725 16.2207 4.85594	
1.87	12.5777 16.2031 4.84192	
1.88	12.5841 16.1885 4.83145	
1.89	12.5922 16.1595 4.82618	
1.9	12.6007 16.0944 4.81253	
1.91	12.6089 16.024 4.80467	
1.92	12.6041 15.9767 4.79229	
1.93	12.6038 15.9579 4.79092	
1.94	12.6028 15.9415 4.78207	
1.95	12.602 15.9028 4.77354	
1.96	12.6079 15.8481 4.77231	
1.97	12.62 15.787 4.76765	
1.98	12.6154 15.7364 4.75903	
1.99	12.6169 15.7078 4.73697	
2	12.6217 15.6797 4.72444	
2.01	12.6263 15.6517 4.69945	
2.02	12.6394 15.6146 4.67702	
2.03	12.6519 15.5576 4.64631	
2.04	12.6636 15.4977 4.62189	
2.05	12.6739 15.4511 4.6028	
2.06	12.6801 15.4229 4.58906	
2.07	12.6816 15.3934 4.57388	
2.08	12.6884 15.3489 4.55987	
2.09	12.6979 15.3046 4.54581	
2.1	12.7073 15.2549 4.53194	
2.11	12.7153 15.2129 4.52333	
2.12	12.722 15.1673 4.51791	
2.13	12.7283 15.1387 4.51578	
2.14	12.733 15.1109 4.50387	
2.15	12.743 15.0654 4.47576	
2.16	12.7506 15.0243 4.45755	
2.17	12.7595 14.9839 4.44233	
2.18	12.7607 14.9483 4.41575	
2.19	12.7718 14.898 4.38933	
2.2	12.777 14.8442 4.35803	
2.21	12.7786 14.7908 4.34192	
2.22	12.7795 14.7544 4.32528	
2.23	12.7727 14.7135 4.30245	
2.24	12.7738 14.6788 4.3027	
2.25	12.7744 14.6437 4.30123	
2.26	12.7627 14.5948 4.30193	
2.27	12.7478 14.5585 4.30578	
2.28	12.736 14.5322 4.30584	
2.29	12.7293 14.5065 4.30302	
2.3	12.7259 14.482 4.3015	
2.31	12.7219 14.4504 4.28678	
2.32	12.7151 14.4247 4.25878	
2.33	12.7038 14.3958 4.22593	
2.34	12.6969 14.3703 4.19788	
2.35	12.6969 14.3427 4.17486	
2.36	12.7022 14.3106 4.15092	
2.37	12.7018 14.2862 4.12138	
2.38	12.6995 14.264 4.09826	
2.39	12.6863 14.2491 4.08348	
2.4	12.6727 14.2363 4.0737	
2.41	12.6558 14.2308 4.06849	
2.42	12.625 14.2167 4.06387	
2.43	12.5767 14.1995 4.05906	
2.44	12.5047 14.1855 4.059	
2.45	12.3935 14.1628 4.05389	
2.46	12.2629 14.14 4.05359	
2.47	12.1204 14.1166 4.05345	
2.48	11.9794 14.1007 4.05323	
2.49	11.865 14.0843 4.05165	
2.5	11.7458 14.0904 4.05043	
2.51	11.6527 14.0894 4.04861	
2.52	11.5695 14.0844 4.04673	
2.53	11.4952 14.0865 4.04496	
2.54	11.4333 14.0848 4.04327	
2.55	11.3772 14.0787 4.04327	
2.56	11.3346 14.0741 4.04327	
2.57	11.2771 14.0737 4.04306	
2.58	11.2094 14.0671 4.0429	
2.59	11.1405 14.0606 4.04291	
2.6	11.0606 14.0589 4.04125	
2.61	10.9925 14.0643 4.04101	
2.62	10.9313 14.076 4.04041	
2.63	10.8557 14.0869 4.03968	
2.64	10.7693 14.0866 4.03952	
2.65	10.6846 14.0977 4.03901	
2.66	10.5991 14.1037 4.03888	
2.67	10.5097 14.1045 4.03862	
2.68	10.4395 14.1068 4.03867	
2.69	10.3651 14.1094 4.03838	
2.7	10.2932 14.1121 4.0383	
2.71	10.2365 14.1105 4.03834	
2.72	10.173 14.1089 4.03841	
2.73	10.1046 14.1075 4.03865	
2.74	10.0598 14.1012 4.0374	
2.75	10.0095 14.1009 4.03874	
2.76	9.95793 14.1004 4.03879	
2.77	9.91684 14.1001 4.03886	
2.78	9.88098 14.0998 4.03892	
2.79	9.83492 14.0998 4.03914	
2.8	9.78833 14.0998 4.03905	
2.81	9.73151 14.0981 4.0341	
2.82	9.6735 14.0987 4.03436	
2.83	9.60972 14.0995 4.03429	
2.84	9.5462 14.1007 4.0344	
2.85	9.48942 14.1021 4.03447	
2.86	9.43639 14.1034 4.03458	
2.87	9.38484 14.105 4.03466	
2.88	9.32807 14.1071 4.03475	
2.89	9.27131 14.1094 4.03483	
2.9	9.20637 14.1119 4.03498	
2.91	9.15714 14.1085 4.03694	
2.92	9.11956 14.1095 4.03545	
2.93	9.08885 14.1087 4.03053	
2.94	9.05826 14.11 4.03063	
2.95	9.03829 14.1088 4.02734	
2.96	9.00368 14.1107 4.02725	
2.97	8.95096 14.1135 4.02609	
2.98	8.89736 14.1114 4.02772	
2.99	8.84009 14.1078 4.02301	
3	8.77674 14.1103 4.0183	
3.01	8.7072 14.1081 4.01347	
3.02	8.6374 14.1008 4.00901	
3.03	8.55722 14.0971 4.00958	
3.04	8.47285 14.0966 4.00507	
3.05	8.38971 14.0948 3.9955	
3.06	8.32415 14.0957 3.99594	
3.07	8.25688 14.0948 3.99287	
3.08	8.19882 14.0906 3.99346	
3.09	8.14161 14.0918 3.99253	
3.1	8.07569 14.094 3.99431	
3.11	8.01356 14.0822 3.98879	
3.12	7.94506 14.077 3.9844	
3.13	7.88824 14.0653 3.98055	
3.14	7.82756 14.0568 3.98154	
3.15	7.75894 14.0419 3.97785	
3.16	7.69019 14.0275 3.97567	
3.17	7.61659 14.0091 3.9723	
3.18	7.55094 13.9816 3.96595	
3.19	7.48892 13.962 3.96266	
3.2	7.41995 13.9438 3.96096	
3.21	7.35537 13.914 3.95833	
3.22	7.29356 13.8853 3.96261	
3.23	7.23889 13.8589 3.96008	
3.24	7.1674 13.8332 3.96451	
3.25	7.09671 13.8062 3.96395	
3.26	7.03029 13.7887 3.96429	
3.27	6.97225 13.7793 3.95873	
3.28	6.92163 13.7587 3.95918	
3.29	6.89101 13.7399 3.95763	
3.3	6.84379 13.7233 3.95253	
3.31	6.80289 13.7026 3.95304	
3.32	6.76546 13.6733 3.94889	
3.33	6.72174 13.6431 3.93818	
3.34	6.67543 13.6073 3.9141	
3.35	6.63234 13.5607 3.87903	
3.36	6.60893 13.5195 3.83924	
3.37	6.59403 13.4961 3.79245	
3.38	6.58791 13.4746 3.73526	
3.39	6.58786 13.4544 3.68596	
3.4	6.58588 13.4199 3.62576	
3.41	6.57241 13.3903 3.57097	
3.42	6.5657 13.3597 3.51585	
3.43	6.56003 13.3413 3.46461	
3.44	6.5605 13.322 3.4136	
3.45	6.5571 13.3075 3.37093	
3.46	6.55995 13.2926 3.33141	
3.47	6.56178 13.2751 3.29951	
3.48	6.56382 13.2563 3.28017	
3.49	6.56561 13.2374 3.2607	
3.5	6.5636 13.201 3.23777	
3.51	6.56352 13.1732 3.22462	
3.52	6.55573 13.1449 3.20631	
3.53	6.56724 13.1144 3.19336	
3.54	6.59105 13.0868 3.18113	
3.55	6.60358 13.0617 3.16747	
3.56	6.61629 13.0318 3.15564	
3.57	6.63844 12.9937 3.14486	
3.58	6.64837 12.9551 3.12365	
3.59	6.64844 12.913 3.09771	
3.6	6.63811 12.8631 3.08004	
3.61	6.63445 12.8174 3.0631	
3.62	6.6263 12.7767 3.03919	
3.63	6.63259 12.7404 3.0487	
3.64	6.63234 12.7086 3.04088	
3.65	6.62828 12.6774 3.0503	
3.66	6.61871 12.6356 3.04359	
3.67	6.61588 12.6093 3.05555	
3.68	6.60589 12.5612 3.04221	
3.69	6.60484 12.5314 3.04334	
3.7	6.60676 12.4831 3.03452	
3.71	6.60049 12.457 3.02022	
3.72	6.59885 12.4197 3.00481	
3.73	6.60383 12.3807 2.98623	
3.74	6.61702 12.353 2.95169	
3.75	6.6279 12.3313 2.90987	
3.76	6.63201 12.3051 2.87642	
3.77	6.63588 12.2631 2.8334	
3.78	6.62814 12.1132 2.72562	
3.79	6.64073 12.2337 2.76231	
3.8	6.66158 12.1523 2.83212	
3.81	6.68092 12.2028 2.70751	
3.82	6.66317 12.2566 2.76439	
3.83	6.64053 12.2788 2.83171	
3.84	6.62764 12.338 2.82356	
3.85	6.62409 12.3157 2.82737	
3.86	6.61019 12.3171 2.83667	
3.87	6.61592 12.3049 2.83174	
3.88	6.6291 12.2956 2.82739	
3.89	6.64614 12.2622 2.81249	
3.9	6.64189 12.2333 2.79614	
3.91	6.64356 12.206 2.79767	
3.92	6.63984 12.1992 2.78826	
3.93	6.6292 12.186 2.80201	
3.94	6.65048 12.1662 2.79507	
3.95	6.62046 12.1352 2.77735	
3.96	6.63605 12.1679 2.83875	
3.97	6.63232 12.1112 2.82588	
3.98	6.61418 12.1233 2.89657	
3.99	6.6057 12.144 2.89439	
4	6.59306 12.1665 2.87966	
4.01	6.57743 12.1997 2.88029	
4.02	6.56729 12.2239 2.90121	
4.03	6.57123 12.2978 2.89559	
4.04	6.57572 12.3026 2.93656	
4.05	6.5931 12.3753 2.94852	
4.06	6.57686 12.3603 2.95719	
4.07	6.54511 12.3958 2.97814	
4.08	6.51985 12.3844 2.99463	
4.09	6.49112 12.3983 3.00739	
4.1	6.4692 12.402 3.01218	
4.11	6.46479 12.4209 3.03338	
4.12	6.46489 12.4473 3.03684	
4.13	6.46599 12.4739 3.04784	
4.14	6.47037 12.4902 3.0482	
4.15	6.48297 12.5174 3.06329	
4.16	6.49631 12.5531 3.06072	
4.17	6.50288 12.5868 3.0745	
4.18	6.50594 12.6039 3.07496	
4.19	6.50977 12.6178 3.10515	
4.2	6.51136 12.6332 3.15446	
4.21	6.51441 12.6439 3.18749	
4.22	6.5159 12.6511 3.20923	
4.23	6.51727 12.6519 3.22743	
4.24	6.51631 12.6559 3.24064	
4.25	6.518 12.6577 3.24545	
4.26	6.51557 12.6466 3.26208	
4.27	6.51352 12.6372 3.28422	
4.28	6.51056 12.6245 3.31389	
4.29	6.50496 12.6273 3.33487	
4.3	6.50634 12.6339 3.35517	
4.31	6.50682 12.6374 3.36654	
4.32	6.51273 12.6375 3.37137	
4.33	6.50799 12.6164 3.3743	
4.34	6.50698 12.5836 3.38041	
4.35	6.50359 12.5405 3.3896	
4.36	6.49498 12.5007 3.40425	
4.37	6.48131 12.4662 3.41449	
4.38	6.47381 12.4303 3.42498	
4.39	6.4738 12.4015 3.44486	
4.4	6.48892 12.3854 3.46063	
4.41	6.51011 12.368 3.47789	
4.42	6.52451 12.3467 3.49477	
4.43	6.54421 12.3205 3.51776	
4.44	6.57 12.2863 3.55284	
4.45	6.57838 12.2598 3.59814	
4.46	6.57987 12.2284 3.64241	
4.47	6.57395 12.1983 3.68695	
4.48	6.56874 12.1717 3.72545	
4.49	6.56609 12.1522 3.78278	
4.5	6.56371 12.1383 3.84102	
4.51	6.56694 12.13 3.90467	
4.52	6.56715 12.1285 3.95102	
4.53	6.56587 12.1215 3.99534	
4.54	6.55651 12.1069 4.03039	
4.55	6.55193 12.0905 4.06433	
4.56	6.54882 12.0745 4.09813	
4.57	6.54897 12.0675 4.12598	
4.58	6.54461 12.0522 4.13238	
4.59	6.54159 12.0369 4.13717	
4.6	6.54295 12.0185 4.15343	
4.61	6.55056 11.9938 4.17054	
4.62	6.55262 11.9787 4.18066	
4.63	6.55575 11.9621 4.18554	
4.64	6.55174 11.9416 4.1916	
4.65	6.54812 11.9231 4.20276	
4.66	6.54515 11.9079 4.20772	
4.67	6.54949 11.8915 4.21237	
4.68	6.55124 11.8745 4.21754	
4.69	6.56777 11.8602 4.22137	
4.7	6.57132 11.8535 4.22405	
4.71	6.58104 11.8304 4.22863	
4.72	6.58652 11.7987 4.24402	
4.73	6.58963 11.7496 4.25483	
4.74	6.59883 11.6945 4.27027	
4.75	6.59854 11.6256 4.2909	
4.76	6.59884 11.552 4.313	
4.77	6.60411 11.4819 4.33617	
4.78	6.60896 11.4018 4.36076	
4.79	6.60128 11.3158 4.39425	
4.8	6.61346 11.2355 4.42567	
4.81	6.62582 11.1553 4.4561	
4.82	6.63094 11.0716 4.4898	
4.83	6.63724 10.9928 4.51973	
4.84	6.65047 10.913 4.55158	
4.85	6.67147 10.8371 4.58231	
4.86	6.68607 10.7625 4.61197	
4.87	6.70095 10.688 4.64204	
4.88	6.72278 10.6124 4.6725	
4.89	6.74619 10.537 4.70167	
4.9	6.74835 10.4564 4.7376	
4.91	6.75676 10.379 4.77106	
4.92	6.77137 10.2956 4.80677	
4.93	6.78264 10.2241 4.84056	
4.94	6.79533 10.134 4.87424	
4.95	6.81945 10.0507 4.91412	
4.96	6.84827 9.959 4.95013	
4.97	6.87078 9.86914 4.98817	
4.98	6.89539 9.77847 5.0245	
4.99	6.91423 9.70956 5.05402	
5	6.9332 9.63728 5.07529	
5.01	6.95182 9.56291 5.08889	
5.02	6.97883 9.48744 5.09961	
5.03	7.00449 9.40749 5.11594	
5.04	7.02355 9.33173 5.12395	
5.05	7.04382 9.25364 5.13925	
5.06	7.04341 9.18523 5.14033	
5.07	7.03135 9.10611 5.14006	
5.08	7.02219 9.02812 5.14104	
5.09	7.00951 8.9433 5.14006	
5.1	6.99778 8.86626 5.12828	
5.11	6.99318 8.79605 5.12356	
5.12	6.99947 8.7317 5.11984	
5.13	6.99584 8.66723 5.13102	
5.14	7.00973 8.60894 5.15007	
5.15	7.03373 8.55805 5.17693	
5.16	7.04946 8.51107 5.19672	
5.17	7.0751 8.47412 5.21637	
5.18	7.11277 8.46269 5.23229	
5.19	7.15543 8.47563 5.25383	
5.2	7.19036 8.50207 5.2795	
5.21	7.23667 8.53235 5.28473	
5.22	7.31012 8.55237 5.27455	
5.23	7.38941 8.58839 5.27299	
5.24	7.47541 8.6327 5.26698	
5.25	7.57058 8.68002 5.25502	
5.26	7.66386 8.71825 5.24639	
5.27	7.74272 8.75173 5.24754	
5.28	7.80276 8.77826 5.24127	
5.29	7.86107 8.7887 5.23407	
5.3	7.93367 8.80489 5.24906	
5.31	8.02902 8.82646 5.28448	
5.32	8.1264 8.84464 5.2916	
5.33	8.21457 8.85831 5.28518	
5.34	8.317 8.88197 5.27832	
5.35	8.42724 8.90479 5.28343	
5.36	8.53171 8.93411 5.28629	
5.37	8.63342 8.94197 5.27722	
5.38	8.74298 8.93587 5.27462	
5.39	8.83795 8.93326 5.27714	
5.4	8.92702 8.9321 5.28092	
5.41	9.01503 8.93109 5.28509	
5.42	9.09541 8.93075 5.28914	
5.43	9.16208 8.92973 5.28775	
5.44	9.2267 8.92866 5.28857	
5.45	9.29699 8.93052 5.29669	
5.46	9.3611 8.93528 5.31101	
5.47	9.40973 8.94082 5.32731	
5.48	9.4576 8.93743 5.33388	
5.49	9.49738 8.9325 5.33735	
5.5	9.54531 8.93217 5.33664	
5.51	9.59217 8.93174 5.33627	
5.52	9.64934 8.93392 5.34078	
5.53	9.70491 8.93587 5.34533	
5.54	9.75284 8.93321 5.35195	
5.55	9.80131 8.93278 5.36396	
5.56	9.83953 8.93293 5.36526	
5.57	9.88663 8.93525 5.37016	
5.58	9.94251 8.93622 5.37128	
5.59	9.99732 8.93126 5.38587	
5.6	10.0463 8.93163 5.39823	
5.61	10.0867 8.92483 5.40644	
5.62	10.1344 8.92814 5.41314	
5.63	10.182 8.93051 5.43074	
5.64	10.2223 8.93096 5.44327	
5.65	10.2565 8.93646 5.45342	
5.66	10.2893 8.9437 5.46878	
5.67	10.3216 8.94607 5.48607	
5.68	10.3543 8.94581 5.51079	
5.69	10.4023 8.95288 5.53788	
5.7	10.4579 8.96948 5.5746	
5.71	10.5204 8.98647 5.61114	
5.72	10.5613 8.99698 5.63268	
5.73	10.6253 9.00857 5.65393	
5.74	10.7012 9.02885 5.69588	
5.75	10.763 9.05029 5.74626	
5.76	10.8239 9.06674 5.7805	
5.77	10.8866 9.08451 5.81865	
5.78	10.9577 9.10515 5.86095	
5.79	11.0061 9.12516 5.9055	
5.8	11.0646 9.13821 5.92314	
5.81	11.113 9.14962 5.94562	
5.82	11.1616 9.15513 5.94807	
5.83	11.1861 9.16025 5.9614	
5.84	11.2215 9.16723 5.95395	
5.85	11.2362 9.16953 5.96085	
5.86	11.2611 9.17196 5.96433	
5.87	11.2852 9.17462 5.96807	
5.88	11.3239 9.17787 5.96874	
5.89	11.3486 9.1805 5.97202	
5.9	11.3854 9.18086 5.95942	
5.91	11.425 9.18879 5.96341	
5.92	11.4521 9.19558 5.96923	
5.93	11.4602 9.2012 5.96894	
5.94	11.4563 9.20079 5.96892	
5.95	11.4579 9.2005 5.96654	
5.96	11.4445 9.19946 5.96716	
5.97	11.4443 9.19973 5.96741	
5.98	11.4425 9.20156 5.97372	
5.99	11.4661 9.2094 5.98413	
6	11.483 9.2192 6.00109	
6.01	11.4924 9.24452 5.99571	
6.02	11.4783 9.25574 6.00101	
6.03	11.4899 9.29291 5.99618	
6.04	11.5192 9.34973 5.97603	
6.05	11.5549 9.40471 5.94262	
6.06	11.5869 9.43062 5.92243	
6.07	11.626 9.4561 5.91237	
6.08	11.6624 9.47708 5.89747	
6.09	11.6923 9.50483 5.8845	
6.1	11.7299 9.53618 5.86683	
6.11	11.7574 9.5671 5.85324	
6.12	11.7614 9.61968 5.83936	
6.13	11.749 9.68605 5.80918	
6.14	11.7311 9.73732 5.78286	
6.15	11.7196 9.77968 5.76246	
6.16	11.7172 9.81827 5.74302	
6.17	11.7197 9.8496 5.73275	
6.18	11.7189 9.87087 5.72354	
6.19	11.6954 9.89285 5.71199	
6.2	11.6616 9.94773 5.6973	
6.21	11.6148 10.0499 5.68897	
6.22	11.6047 10.1493 5.66345	
6.23	11.5994 10.2152 5.63823	
6.24	11.6011 10.2669 5.61888	
6.25	11.6193 10.3177 5.60492	
6.26	11.6574 10.3736 5.58736	
6.27	11.6966 10.4175 5.56858	
6.28	11.7266 10.4437 5.55312	
6.29	11.749 10.4771 5.53076	
6.3	11.7557 10.5159 5.5103	
6.31	11.7568 10.5442 5.49341	
6.32	11.7557 10.554 5.4885	
6.33	11.7644 10.5498 5.48721	
6.34	11.7785 10.5461 5.48596	
6.35	11.7999 10.5463 5.48081	
6.36	11.8287 10.5472 5.47448	
6.37	11.8658 10.5448 5.45803	
6.38	11.8975 10.5421 5.44451	
6.39	11.9171 10.5269 5.40462	
6.4	11.936 10.5072 5.35324	
6.41	11.9602 10.4999 5.31505	
6.42	11.9832 10.4917 5.28708	
6.43	12.008 10.479 5.26375	
6.44	12.0504 10.4483 5.24578	
6.45	12.0971 10.4275 5.23468	
6.46	12.128 10.4149 5.22177	
6.47	12.1467 10.3987 5.20368	
6.48	12.156 10.3812 5.18561	
6.49	12.1594 10.3649 5.17092	
6.5	12.1618 10.3489 5.15951	
6.51	12.1651 10.3328 5.1463	
6.52	12.1778 10.2999 5.14534	
6.53	12.2079 10.2717 5.15247	
6.54	12.2285 10.2431 5.14629	
6.55	12.2344 10.2015 5.12851	
6.56	12.244 10.139 5.09931	
6.57	12.2527 10.0761 5.08542	
6.58	12.2592 10.0265 5.07334	
6.59	12.2649 9.98435 5.06767	
6.6	12.2704 9.9332 5.05385	
6.61	12.277 9.88435 5.04519	
6.62	12.2762 9.83743 5.02817	
6.63	12.2749 9.7945 5.02137	
6.64	12.2795 9.7494 5.0217	
6.65	12.285 9.69777 5.02051	
6.66	12.2901 9.64939 5.01387	
6.67	12.2971 9.59648 5.00933	
6.68	12.2982 9.53476 5.01259	
6.69	12.3045 9.47404 5.01741	
6.7	12.3124 9.40604 5.03348	
6.71	12.3122 9.34008 5.04237	
6.72	12.3203 9.26717 5.04236	
6.73	12.3332 9.21038 5.01886	
6.74	12.337 9.15846 5.01915	
6.75	12.3472 9.10653 5.00043	
6.76	12.3538 9.03696 4.99458	
6.77	12.3679 8.96542 4.969	
6.78	12.3554 8.89181 4.98212	
6.79	12.3497 8.81948 4.98891	
6.8	12.3359 8.7728 5.01707	
6.81	12.3342 8.73076 5.01641	
6.82	12.3196 8.6749 5.04555	
6.83	12.3069 8.64242 5.03577	
6.84	12.2933 8.57932 5.07364	
6.85	12.2819 8.54494 5.06613	
6.86	12.2655 8.49216 5.10003	
6.87	12.2601 8.45976 5.10185	
6.88	12.2544 8.40193 5.14507	
6.89	12.2559 8.35547 5.17002	
6.9	12.2656 8.30032 5.17963	
6.91	12.2607 8.26942 5.21159	
6.92	12.2585 8.23531 5.22198	
6.93	12.2645 8.18066 5.24498	
6.94	12.2594 8.12539 5.26607	
6.95	12.2689 8.07061 5.30147	
6.96	12.2735 8.01218 5.34269	
6.97	12.2779 7.95838 5.39069	
6.98	12.2815 7.90359 5.43813	
6.99	12.2883 7.83952 5.48961	
7	12.2962 7.77042 5.5415	
7.01	12.3037 7.70592 5.59173	
7.02	12.3109 7.64584 5.639	
7.03	12.3168 7.58371 5.68091	
7.04	12.3237 7.52814 5.72528	
7.05	12.3291 7.47209 5.76816	
7.06	12.3282 7.41454 5.81048	
7.07	12.3354 7.35533 5.8418	
7.08	12.3435 7.28878 5.86734	
7.09	12.3483 7.23069 5.88763	
7.1	12.3435 7.17915 5.91378	
7.11	12.3307 7.13076 5.93452	
7.12	12.3197 7.07525 5.94927	
7.13	12.3191 7.01237 5.9686	
7.14	12.3079 6.95929 5.99052	
7.15	12.2894 6.89498 6.01189	
7.16	12.2624 6.83117 6.02161	
7.17	12.243 6.77189 6.0419	
7.18	12.2205 6.71827 6.06484	
7.19	12.1997 6.67116 6.08989	
7.2	12.186 6.6235 6.11149	
7.21	12.1786 6.57847 6.12183	
7.22	12.1725 6.53725 6.14286	
7.23	12.1584 6.49277 6.17236	
7.24	12.1363 6.42789 6.20577	
7.25	12.107 6.36298 6.24087	
7.26	12.076 6.29903 6.26279	
7.27	12.0456 6.24356 6.27706	
7.28	12.0205 6.18975 6.27942	
7.29	12.0138 6.13348 6.28202	
7.3	12.0068 6.08502 6.29365	
7.31	12.0004 6.0412 6.30335	
7.32	11.9961 5.98466 6.30096	
7.33	11.9986 5.93981 6.28534	
7.34	11.9931 5.89675 6.25948	
7.35	11.9792 5.8507 6.24223	
7.36	11.9659 5.78585 6.22672	
7.37	11.9609 5.7254 6.22333	
7.38	11.9556 5.66646 6.22392	
7.39	11.9522 5.6013 6.23581	
7.4	11.9466 5.53048 6.24487	
7.41	11.9354 5.44491 6.26974	
7.42	11.922 5.35225 6.3038	
7.43	11.9098 5.27241 6.34692	
7.44	11.88 5.18811 6.37618	
7.45	11.8395 5.0972 6.39943	
7.46	11.7893 5.00053 6.41697	
7.47	11.736 4.92576 6.44869	
7.48	11.6815 4.86255 6.48936	
7.49	11.6194 4.80451 6.53158	
7.5	11.5642 4.74536 6.56639	
7.51	11.5092 4.70277 6.61231	
7.52	11.4419 4.67719 6.64026	
7.53	11.3583 4.65734 6.6556	
7.54	11.2632 4.62646 6.68445	
7.55	11.1664 4.59896 6.7084	
7.56	11.0794 4.57992 6.7261	
7.57	10.9732 4.56696 6.73473	
7.58	10.8752 4.55851 6.7414	
7.59	10.7977 4.55486 6.74247	
7.6	10.7205 4.55142 6.74303	
7.61	10.6599 4.54846 6.7443	
7.62	10.6014 4.54581 6.74363	
7.63	10.5695 4.54408 6.74468	
7.64	10.5201 4.53983 6.75448	
7.65	10.4802 4.53981 6.76203	
7.66	10.4307 4.53418 6.76511	
7.67	10.3907 4.53274 6.76595	
7.68	10.3415 4.53122 6.76679	
7.69	10.2853 4.53019 6.76707	
7.7	10.245 4.52889 6.76784	
7.71	10.2063 4.53281 6.77001	
7.72	10.1671 4.53189 6.7705	
7.73	10.1465 4.53125 6.77109	
7.74	10.127 4.53436 6.76759	
7.75	10.1074 4.54893 6.75668	
7.76	10.0788 4.56288 6.74328	
7.77	10.0682 4.56925 6.73458	
7.78	10.0587 4.56912 6.7345	
7.79	10.0486 4.57717 6.73263	
7.8	10.0278 4.58451 6.72954	
7.81	10.0083 4.59021 6.73667	
7.82	9.97955 4.59208 6.74613	
7.83	9.95099 4.5931 6.75173	
7.84	9.92213 4.60435 6.74459	
7.85	9.89205 4.62947 6.72272	
7.86	9.86333 4.65761 6.69301	
7.87	9.83561 4.68225 6.66539	
7.88	9.80687 4.69964 6.6456	
7.89	9.78815 4.72531 6.62195	
7.9	9.76804 4.75665 6.58589	
7.91	9.75871 4.79929 6.53873	
7.92	9.75817 4.8396 6.50065	
7.93	9.73917 4.88455 6.46151	
7.94	9.71821 4.92225 6.43191	
7.95	9.7003 4.94435 6.40788	
7.96	9.66372 4.95982 6.39434	
7.97	9.64383 4.97458 6.39919	
7.98	9.60754 4.99308 6.3977	
7.99	9.57911 5.00626 6.39486	
8	9.55135 5.01434 6.38854	
8.01	9.53178 5.03094 6.40015	
8.02	9.53063 5.06168 6.41438	
8.03	9.51139 5.08999 6.41665	
8.04	9.49346 5.10892 6.4167	
8.05	9.48428 5.12603 6.41006	
8.06	9.46623 5.14606 6.41399	
8.07	9.43685 5.173 6.40999	
8.08	9.41798 5.19945 6.40332	
8.09	9.39879 5.21297 6.40065	
8.1	9.37971 5.23302 6.40498	
8.11	9.36035 5.25168 6.40398	
8.12	9.3341 5.2715 6.40427	
8.13	9.31377 5.29216 6.39349	
8.14	9.28714 5.31271 6.37827	
8.15	9.25152 5.33327 6.36167	
8.16	9.222 5.34123 6.35483	
8.17	9.16643 5.35235 6.35612	
8.18	9.11973 5.36326 6.35742	
8.19	9.06537 5.3725 6.36716	
8.2	8.99915 5.39093 6.37756	
8.21	8.92536 5.41157 6.375	
8.22	8.85218 5.42703 6.36888	
8.23	8.78538 5.43616 6.36033	
8.24	8.72965 5.45094 6.35417	
8.25	8.66329 5.46813 6.33871	
8.26	8.60712 5.49427 6.32118	
8.27	8.55198 5.52882 6.2983	
8.28	8.4882 5.57125 6.26578	
8.29	8.42603 5.60971 6.23409	
8.3	8.37374 5.6477 6.20075	
8.31	8.31101 5.6817 6.16844	
8.32	8.25682 5.71364 6.14958	
8.33	8.19427 5.74562 6.1261	
8.34	8.14097 5.77672 6.1194	
8.35	8.07176 5.80641 6.12021	
8.36	8.00594 5.84129 6.11566	
8.37	7.92571 5.87068 6.10932	
8.38	7.8363 5.9217 6.10587	
8.39	7.75342 5.95057 6.09577	
8.4	7.68352 5.98744 6.0965	
8.41	7.57902 6.03856 6.08207	
8.42	7.47412 6.07055 6.06764	
8.43	7.37532 6.09543 6.04931	
8.44	7.27016 6.12275 6.03257	
8.45	7.16316 6.15048 6.01838	
8.46	7.0746 6.18024 5.9993	
8.47	6.99508 6.20956 5.98185	
8.48	6.91487 6.23904 5.96505	
8.49	6.85225 6.25855 5.95459	
8.5	6.78882 6.27807 5.94471	
8.51	6.72655 6.29015 5.94049	
8.52	6.66313 6.30213 5.93673	
8.53	6.59947 6.31034 5.93634	
8.54	6.53708 6.3193 5.93687	
8.55	6.47357 6.33035 5.92797	
8.56	6.41202 6.34126 5.91632	
8.57	6.36498 6.34319 5.90172	
8.58	6.31908 6.34661 5.89052	
8.59	6.27318 6.34684 5.88539	
8.6	6.24389 6.34593 5.86897	
8.61	6.22392 6.34015 5.8391	
8.62	6.19433 6.33416 5.80319	
8.63	6.16651 6.33038 5.77345	
8.64	6.1549 6.3228 5.7409	
8.65	6.16899 6.30571 5.70718	
8.66	6.1972 6.27685 5.67901	
8.67	6.21848 6.25134 5.65564	
8.68	6.24058 6.2233 5.61996	
8.69	6.25668 6.16955 5.58057	
8.7	6.26386 6.10223 5.53418	
8.71	6.28061 6.05399 5.51014	
8.72	6.29379 6.0229 5.49868	
8.73	6.31755 5.99851 5.49412	
8.74	6.35008 5.97723 5.50533	
8.75	6.37203 5.96031 5.52257	
8.76	6.39437 5.92626 5.52393	
8.77	6.4258 5.87703 5.51775	
8.78	6.44837 5.84369 5.53585	
8.79	6.47886 5.82525 5.56054	
8.8	6.5094 5.78813 5.58246	
8.81	6.55174 5.76677 5.58806	
8.82	6.58352 5.73923 5.60818	
8.83	6.6079 5.71282 5.62843	
8.84	6.63067 5.67317 5.6455	
8.85	6.64325 5.63606 5.67617	
8.86	6.64767 5.60732 5.70733	
8.87	6.66264 5.57054 5.73938	
8.88	6.65746 5.53648 5.76478	
8.89	6.65066 5.49789 5.81161	
8.9	6.65318 5.47008 5.82475	
8.91	6.64626 5.44133 5.85569	
8.92	6.63498 5.43004 5.88944	
8.93	6.63219 5.39094 5.92345	
8.94	6.62045 5.35815 5.9615	
8.95	6.60068 5.33621 6.00138	
8.96	6.56526 5.32165 6.03353	
8.97	6.55338 5.29937 6.06274	
8.98	6.56888 5.25753 6.08051	
8.99	6.61132 5.21419 6.09894	
9	6.63259 5.17696 6.12097	
9.01	6.6174 5.08016 6.13958	
9.02	6.60651 4.98371 6.24732	
9.03	6.5451 4.96026 6.28999	
9.04	6.49987 4.92707 6.31169	
9.05	6.45817 4.91298 6.326	
9.06	6.45165 4.8953 6.31861	
9.07	6.45061 4.89399 6.28911	
9.08	6.41513 4.90052 6.27462	
9.09	6.37702 4.90047 6.27209	
9.1	6.36655 4.90715 6.29612	
9.11	6.35582 4.91896 6.3254	
9.12	6.34154 4.93503 6.30459	
9.13	6.32804 4.96619 6.28298	
9.14	6.28729 5.01171 6.25364	
9.15	6.25592 5.06017 6.22666	
9.16	6.21139 5.12097 6.20476	
9.17	6.14869 5.19733 6.22742	
9.18	6.08891 5.29828 6.26106	
9.19	6.02075 5.39614 6.26428	
9.2	5.94724 5.44495 6.23935	
9.21	5.88884 5.48609 6.22809	
9.22	5.83197 5.53858 6.20989	
9.23	5.79287 5.58664 6.16385	
9.24	5.7671 5.63753 6.12979	
9.25	5.74646 5.69147 6.10132	
9.26	5.7135 5.77139 6.08504	
9.27	5.70088 5.88111 6.03528	
9.28	5.70611 5.98389 5.96786	
9.29	5.71145 6.08165 5.87746	
9.3	5.7079 6.19073 5.78756	
9.31	5.73537 6.31896 5.67486	
9.32	5.75511 6.41405 5.58466	
9.33	5.76957 6.48106 5.49839	
9.34	5.78474 6.50982 5.42395	
9.35	5.79601 6.51369 5.38577	
9.36	5.79452 6.5099 5.37283	
9.37	5.79537 6.50917 5.36903	
9.38	5.77718 6.50736 5.36893	
9.39	5.74992 6.49575 5.37945	
9.4	5.73724 6.47965 5.38893	
9.41	5.72803 6.48269 5.39619	
9.42	5.71858 6.48319 5.39309	
9.43	5.69341 6.49146 5.38694	
9.44	5.69236 6.49464 5.38265	
9.45	5.70295 6.5004 5.373	
9.46	5.71558 6.5229 5.3524	
9.47	5.72182 6.567 5.31495	
9.48	5.72261 6.61377 5.2769	
9.49	5.71551 6.63088 5.262	
9.5	5.72382 6.62912 5.26199	
9.51	5.75702 6.61725 5.26195	
9.52	5.79764 6.59637 5.27096	
9.53	5.82112 6.58287 5.27729	
9.54	5.8461 6.57773 5.27729	
9.55	5.85342 6.57135 5.27909	
9.56	5.86844 6.55161 5.2913	
9.57	5.88119 6.53178 5.30582	
9.58	5.88893 6.51845 5.31625	
9.59	5.8882 6.51429 5.31944	
9.6	5.88003 6.52436 5.31477	
9.61	5.86899 6.55263 5.29402	
9.62	5.84474 6.61164 5.26527	
9.63	5.79806 6.69656 5.22146	
9.64	5.75069 6.80708 5.14831	
9.65	5.71368 6.89639 5.0874	
9.66	5.69214 6.97042 5.03681	
9.67	5.68449 7.02705 4.99036	
9.68	5.68943 7.0578 4.95411	
9.69	5.68816 7.04894 4.91903	
9.7	5.7026 7.03567 4.90122	
9.71	5.71333 7.03282 4.89426	
9.72	5.68051 7.04092 4.88241	
9.73	5.60952 7.06114 4.86252	
9.74	5.54497 7.07303 4.89619	
9.75	5.48968 7.08806 4.96701	
9.76	5.44633 7.11765 5.03806	
9.77	5.37547 7.14117 5.045	
9.78	5.31026 7.16475 5.02436	
9.79	5.29367 7.21123 4.97165	
9.8	5.31841 7.27411 4.90835	
9.81	5.34056 7.35843 4.83867	
9.82	5.36462 7.48031 4.74447	
9.83	5.39549 7.60695 4.61923	
9.84	5.42297 7.71823 4.49475	
9.85	5.45073 7.84239 4.37892	
9.86	5.48741 7.96887 4.25425	
9.87	5.51968 8.06773 4.11896	
9.88	5.542 8.13119 3.98643	
9.89	5.57937 8.17651 3.85213	
9.9	5.59798 8.18319 3.74418	
9.91	5.60992 8.15737 3.67355	
9.92	5.62909 8.13313 3.65995	
9.93	5.65161 8.11812 3.66069	
9.94	5.6662 8.0765 3.68139	
9.95	5.70638 7.99395 3.73157	
9.96	5.77694 7.88968 3.79896	
9.97	5.83326 7.79794 3.86098	
9.98	5.87973 7.73798 3.90878	
9.99	5.9031 7.682 3.97441	
10	5.92335 7.62242 4.07027	
10.01	5.9527 7.55994 4.13685	
10.02	5.96708 7.49493 4.19712	
10.03	5.94246 7.40208 4.28601	
10.04	5.89841 7.26296 4.43053	
10.05	5.89109 7.13039 4.60202	
10.06	5.88418 6.99761 4.7876	
10.07	5.86021 6.86903 4.9528	
10.08	5.83441 6.72088 5.11371	
10.09	5.79106 6.5427 5.3239	
10.1	5.76261 6.39027 5.53564	
10.11	5.73698 6.26331 5.72866	
10.12	5.71049 6.12639 5.93291	
10.13	5.68353 5.98309 6.16049	
10.14	5.66018 5.85908 6.36502	
10.15	5.64677 5.73584 6.53531	
10.16	5.63205 5.60854 6.70584	
10.17	5.61903 5.48724 6.85814	
10.18	5.61838 5.37459 7.0084	
10.19	5.6286 5.27718 7.13518	
10.2	5.62721 5.20884 7.23513	
10.21	5.62215 5.17136 7.30825	
10.22	5.62133 5.16671 7.35458	
10.23	5.62271 5.16916 7.37288	
10.24	5.62642 5.18047 7.37394	
10.25	5.63985 5.20289 7.35337	
10.26	5.66128 5.2167 7.33724	
10.27	5.67242 5.22217 7.33376	
10.28	5.67564 5.23621 7.32263	
10.29	5.68187 5.25954 7.2927	
10.3	5.68553 5.27563 7.26937	
10.31	5.68711 5.27994 7.25198	
10.32	5.68859 5.2823 7.24374	
10.33	5.69218 5.30307 7.2225	
10.34	5.6958 5.32721 7.19499	
10.35	5.69055 5.34654 7.17463	
10.36	5.67576 5.37081 7.14971	
10.37	5.65737 5.41505 7.10901	
10.38	5.62397 5.49064 7.03522	
10.39	5.59577 5.59539 6.9272	
10.4	5.57549 5.68884 6.82903	
10.41	5.55603 5.79373 6.7188	
10.42	5.54053 5.91126 6.59893	
10.43	5.52888 6.04889 6.46289	
10.44	5.51654 6.18075 6.33427	
10.45	5.50868 6.29277 6.21969	
10.46	5.49041 6.3923 6.1209	
10.47	5.4656 6.50225 6.0151	
10.48	5.44076 6.61314 5.91698	
10.49	5.41219 6.73553 5.81273	
10.5	5.39282 6.86498 5.70729	
10.51	5.37846 7.00577 5.5828	
10.52	5.37283 7.14597 5.43999	
10.53	5.37226 7.27682 5.30115	
10.54	5.37207 7.40478 5.1823	
10.55	5.38232 7.53383 5.07128	
10.56	5.38327 7.66138 4.96627	
10.57	5.376 7.78479 4.87512	
10.58	5.35881 7.90208 4.7925	
10.59	5.35904 8.0209 4.70979	
10.6	5.37927 8.11722 4.64015	
10.61	5.39996 8.20999 4.57358	
10.62	5.41322 8.30517 4.50783	
10.63	5.42039 8.40744 4.44186	
10.64	5.42712 8.51027 4.38005	
10.65	5.44546 8.62545 4.30871	
10.66	5.45667 8.74319 4.23856	
10.67	5.47536 8.85837 4.16435	
10.68	5.49408 8.97854 4.08945	
10.69	5.52869 9.09633 3.99464	
10.7	5.55956 9.19972 3.8814	
10.71	5.57547 9.27219 3.76458	
10.72	5.58138 9.29994 3.65639	
10.73	5.58273 9.31272 3.574	
10.74	5.58472 9.31949 3.48736	
10.75	5.58303 9.31455 3.39599	
10.76	5.58588 9.29054 3.29304	
10.77	5.60813 9.26221 3.1959	
10.78	5.64853 9.23574 3.11783	
10.79	5.68211 9.21252 3.04502	
10.8	5.70863 9.19216 2.97605	
10.81	5.73331 9.1682 2.91619	
10.82	5.76509 9.12822 2.85801	
10.83	5.78743 9.08509 2.80222	
10.84	5.79474 9.04279 2.75925	
10.85	5.80774 8.99664 2.73481	
10.86	5.82762 8.94532 2.71939	
10.87	5.8508 8.89662 2.71417	
10.88	5.85286 8.87058 2.69571	
10.89	5.84645 8.83271 2.6851	
10.9	5.83629 8.79159 2.69168	
10.91	5.83535 8.75014 2.70364	
10.92	5.82813 8.71555 2.71493	
10.93	5.82169 8.68532 2.72269	
10.94	5.8137 8.64639 2.73783	
10.95	5.8121 8.60059 2.75399	
10.96	5.81093 8.55537 2.77191	
10.97	5.80091 8.50646 2.78793	
10.98	5.7898 8.45118 2.79597	
10.99	5.77854 8.39466 2.79492	
11	5.76731 8.33874 2.79807	
11.01	5.77058 8.27643 2.81438	
11.02	5.78952 8.21054 2.83	
11.03	5.80041 8.14398 2.86026	
11.04	5.79681 8.08479 2.88301	
11.05	5.80118 8.02489 2.91141	
11.06	5.81424 7.96253 2.93681	
11.07	5.8251 7.89201 2.97107	
11.08	5.82757 7.81378 3.00892	
11.09	5.82339 7.75083 3.03966	
11.1	5.82252 7.70266 3.0646	
11.11	5.84158 7.66025 3.08216	
11.12	5.87708 7.62394 3.09628	
11.13	5.90216 7.59988 3.10115	
11.14	5.92096 7.59124 3.09886	
11.15	5.94678 7.58417 3.08874	
11.16	5.98175 7.57516 3.07693	
11.17	6.01693 7.56679 3.06647	
11.18	6.05954 7.55518 3.04914	
11.19	6.08065 7.55288 3.02768	
11.2	6.08292 7.55303 3.01376	
11.21	6.07242 7.56583 2.99422	
11.22	6.06072 7.57892 2.97641	
11.23	6.04526 7.58568 2.95257	
11.24	6.03816 7.5852 2.91754	
11.25	6.05385 7.57437 2.87978	
11.26	6.08461 7.56331 2.85979	
11.27	6.13155 7.54976 2.81048	
11.28	6.18043 7.52452 2.70877	
11.29	6.2226 7.5 2.56781	
11.3	6.26123 7.50336 2.40992	
11.31	6.27562 7.50535 2.33191	
11.32	6.29994 7.49271 2.23377	
11.33	6.33552 7.43046 2.18582	
11.34	6.38986 7.39342 2.13566	
11.35	6.40758 7.3559 2.12063	
11.36	6.44904 7.29653 2.12294	
11.37	6.50659 7.17555 2.15026	
11.38	6.63256 7.00443 2.20277	
11.39	6.69197 6.8098 2.28468	
11.4	6.79861 6.64455 2.34734	
11.41	6.90866 6.45475 2.40623	
11.42	6.96957 6.35246 2.44426	
11.43	7.04861 6.25945 2.36769	
11.44	7.0598 6.19526 2.3738	
11.45	7.10178 6.12158 2.32333	
11.46	7.09467 5.90152 2.25844	
11.47	7.09513 5.72669 2.17762	
11.48	7.17164 5.63626 2.17357	
11.49	7.1951 5.40185 2.10886	
11.5	7.25179 5.28885 2.13289	
11.51	7.30751 5.08655 2.09009	
11.52	7.37575 5.02213 2.09999	
11.53	7.39916 4.96661 2.13868	
11.54	7.39809 4.93539 2.18488	
11.55	7.33519 5.03723 2.27213	
11.56	7.33781 5.11323 2.28408	
11.57	7.28186 5.14573 2.30568	
11.58	7.29042 5.20197 2.29225	
11.59	7.26309 5.2427 2.34121	
11.6	7.28125 5.42215 2.33922	
11.61	7.23933 5.43936 2.32736	
11.62	7.23638 5.58215 2.30273	
11.63	7.15734 5.69117 2.27087	
11.64	7.14987 5.80578 2.23033	
11.65	7.13766 6.08524 2.25449	
11.66	7.15895 6.31036 2.25963	
11.67	7.1476 6.35658 2.29385	
11.68	7.16487 6.47218 2.28963	
11.69	7.16648 6.588 2.36505	
11.7	7.16079 6.69971 2.36685	
11.71	7.16167 6.71106 2.38171	
11.72	7.17562 6.70272 2.39498	
11.73	7.17328 6.69619 2.40463	
11.74	7.16274 6.68148 2.42565	
11.75	7.1539 6.60309 2.47465	
11.76	7.1267 6.41036 2.56598	
11.77	7.10603 6.14549 2.71465	
11.78	7.06178 5.88333 2.91059	
11.79	6.91563 5.6013 3.23384	
11.8	6.84919 5.36918 3.51265	
11.81	6.81755 5.15453 3.7187	
11.82	6.78407 4.94923 3.92595	
11.83	6.75639 4.79152 4.13359	
11.84	6.73438 4.59882 4.35069	
11.85	6.71541 4.37542 4.60084	
11.86	6.76406 4.18199 4.81116	
11.87	6.81769 4.00396 5.01213	
11.88	6.81455 3.83798 5.22223	
11.89	6.8026 3.70934 5.40935	
11.9	6.89112 3.58434 5.55862	
11.91	6.99072 3.42345 5.75219	
11.92	7.08243 3.25313 5.97467	
11.93	7.20393 3.07618 6.16408	
11.94	7.26528 2.84076 6.33669	
11.95	7.32668 2.5851 6.46748	
11.96	7.35628 2.38629 6.63235	
11.97	7.35952 2.23149 6.76634	
11.98	7.41975 2.12754 6.84957	
11.99	7.50755 2.10155 6.90767	
12	7.51351 2.08433 6.96267	
12.01	7.51675 2.06982 6.94842	
12.02	7.52016 2.06999 6.94023	
12.03	7.50162 2.07745 6.91499	
12.04	7.50339 2.08498 6.88496	
12.05	7.53477 2.09217 6.82785	
12.06	7.70407 2.09971 6.72965	
12.07	8.03992 2.1124 6.63538	
12.08	8.36169 2.12029 6.54006	
12.09	8.73498 2.11909 6.48491	
12.1	9.21621 2.11746 6.46224	
12.11	9.63731 2.11189 6.4605	
12.12	10.1216 2.13058 6.43354	
12.13	10.5581 2.16522 6.38444	
12.14	11.0419 2.22142 6.31717	
12.15	11.4046 2.29835 6.21745	
12.16	11.7273 2.38542 6.10026	
12.17	11.7747 2.44853 5.98921	
12.18	11.7853 2.50273 5.89017	
12.19	11.7296 2.52375 5.84122	
12.2	11.7106 2.53264 5.82208	
12.21	11.7115 2.53909 5.81409	
12.22	11.7085 2.54601 5.79993	
12.23	11.697 2.55152 5.79246	
12.24	11.6749 2.56159 5.77592	
12.25	11.6628 2.57063 5.75701	
12.26	11.6513 2.57333 5.75394	
12.27	11.6403 2.58247 5.73474	
12.28	11.6384 2.59416 5.71837	
12.29	11.6349 2.62316 5.67375	
12.3	11.645 2.70227 5.56218	
12.31	11.6945 2.80003 5.50974	
12.32	11.7745 2.90414 5.42506	
12.33	11.844 3.10943 5.18122	
12.34	11.9017 3.44759 4.78076	
12.35	12.0576 3.85738 4.33531	
12.36	12.1213 4.29159 3.89042	
12.37	12.3916 4.72878 3.50529	
12.38	12.8383 5.25642 3.08345	
12.39	13.1455 5.68344 2.76988	
12.4	13.3591 6.08184 2.50126	
12.41	13.4842 6.29706 2.41755	
12.42	13.5021 6.42098 2.3895	
12.43	13.4538 6.34898 2.52122	
12.44	13.3051 6.31973 2.54602	
12.45	13.315 6.23471 2.61737	
12.46	13.3618 6.14538 2.69429	
12.47	13.3834 6.00856 2.8096	
12.48	13.4023 5.91588 2.91341	
12.49	13.4045 5.882 3.00334	
12.5	13.3988 5.87761 3.01688	
12.51	13.4087 5.84958 3.09084	
12.52	13.3895 5.81915 3.11459	
12.53	13.3975 5.78102 3.14888	
12.54	13.4011 5.76184 3.16599	
12.55	13.3944 5.74901 3.17531	
12.56	13.3864 5.74385 3.17822	
12.57	13.383 5.71181 3.20419	
12.58	13.389 5.67741 3.23363	
12.59	13.3977 5.67883 3.23349	
12.6	13.4084 5.6688 3.24329	
12.61	13.4104 5.65737 3.25314	
12.62	13.405 5.64487 3.26572	
12.63	13.3976 5.63586 3.27231	
12.64	13.3858 5.60684 3.29676	
12.65	13.3813 5.57857 3.32191	
12.66	13.3843 5.56336 3.3382	
12.67	13.3847 5.55526 3.34647	
12.68	13.3777 5.55046 3.35104	
12.69	13.3409 5.54413 3.35152	
12.7	13.3297 5.54166 3.35237	
12.71	13.332 5.52225 3.37073	
12.72	13.3315 5.51391 3.37795	
12.73	13.3304 5.51355 3.37673	
12.74	13.3304 5.51369 3.37538	
12.75	13.3205 5.51181 3.37551	
12.76	13.3021 5.50868 3.37576	
12.77	13.2846 5.50611 3.37441	
12.78	13.2481 5.50026 3.37308	
12.79	13.2103 5.49422 3.38336	
12.8	13.1904 5.49104 3.39316	
12.81	13.1798 5.48941 3.4032	
12.82	13.1697 5.48774 3.40052	
12.83	13.1586 5.48589 3.41034	
12.84	13.1579 5.48578 3.41615	
12.85	13.1556 5.48485 3.41509	
12.86	13.1568 5.48538 3.41495	
12.87	13.1556 5.48485 3.41509	
12.88	13.1574 5.47353 3.42519	
12.89	13.161 5.4548 3.44363	
12.9	13.1556 5.43083 3.4638	
12.91	13.1404 5.41343 3.48278	
12.92	13.1236 5.39919 3.49323	
12.93	13.126 5.39211 3.50123	
12.94	13.1177 5.38293 3.50976	
12.95	13.1095 5.37791 3.51316	
12.96	13.0933 5.36788 3.52144	
12.97	13.0853 5.36287 3.52631	
12.98	13.086 5.36297 3.52936	
12.99	13.0866 5.35912 3.53412	
13	13.0874 5.35538 3.539	
13.01	13.0897 5.35214 3.54519	
13.02	13.0817 5.33917 3.55705	
13.03	13.0771 5.31968 3.57682	
13.04	13.0811 5.29327 3.6055	
13.05	13.0836 5.28212 3.62021	
13.06	13.0841 5.27431 3.62882	
13.07	13.0861 5.26321 3.64062	
13.08	13.0872 5.25962 3.64565	
13.09	13.0797 5.25082 3.65537	
13.1	13.0894 5.24442 3.66412	
13.11	13.0917 5.23367 3.67412	
13.12	13.0946 5.21123 3.69664	
13.13	13.0946 5.20352 3.70239	
13.14	13.0949 5.19956 3.70771	
13.15	13.0937 5.19937 3.71195	
13.16	13.0929 5.19898 3.71222	
13.17	13.0837 5.1976 3.71211	
13.18	13.0829 5.1972 3.71238	
13.19	13.0828 5.19759 3.72325	
13.2	13.0818 5.19834 3.74935	
13.21	13.0794 5.1983 3.77007	
13.22	13.0786 5.19913 3.79763	
13.23	13.0777 5.19943 3.81421	
13.24	13.0765 5.19939 3.82525	
13.25	13.0756 5.19923 3.83096	
13.26	13.0767 5.19598 3.83269	
13.27	13.0767 5.19598 3.83269	
13.28	13.077 5.19597 3.83416	
13.29	13.077 5.19597 3.83416	
13.3	13.077 5.19609 3.8328	
13.31	13.0683 5.14271 3.88417	
13.32	13.0295 4.99712 4.02677	
13.33	12.9601 4.88992 4.17695	
13.34	12.926 4.8506 4.41826	
13.35	12.8916 4.82988 4.73755	
13.36	12.8558 4.79432 5.07881	
13.37	12.8468 4.70943 5.32625	
13.38	12.8332 4.63293 5.50506	
13.39	12.7344 4.5646 5.6324	
13.4	12.5935 4.49606 5.7685	
13.41	12.485 4.43031 5.94845	
13.42	12.3649 4.37631 6.15525	
13.43	12.2609 4.32406 6.37782	
13.44	12.1472 4.28574 6.58181	
13.45	11.9985 4.21983 6.76457	
13.46	11.8921 4.16947 6.8931	
13.47	11.8162 4.13831 6.98746	
13.48	11.742 4.10335 7.05567	
13.49	11.6771 4.05821 7.12289	
13.5	11.6148 3.98336 7.24061	
13.51	11.5142 3.88013 7.38158	
13.52	11.4005 3.75984 7.5569	
13.53	11.3433 3.67355 7.7037	
13.54	11.3332 3.63604 7.78431	
13.55	11.3148 3.61034 7.85869	
13.56	11.2702 3.57227 7.93085	
13.57	11.2059 3.55729 7.95426	
13.58	11.129 3.54709 7.96592	
13.59	11.12 3.50371 8.03073	
13.6	11.133 3.44244 8.13003	
13.61	11.124 3.41027 8.18547	
13.62	11.1133 3.4072 8.22141	
13.63	11.0815 3.41183 8.31918	
13.64	11.0403 3.42835 8.41987	
13.65	11.0213 3.43738 8.45911	
13.66	11.0119 3.44164 8.46868	
13.67	11.0029 3.44616 8.52648	
13.68	10.992 3.45824 8.58534	
13.69	10.9127 3.47964 8.69757	
13.7	10.7352 3.50555 8.8293	
13.71	10.5636 3.52108 8.91165	
13.72	10.4224 3.5515 8.95389	
13.73	10.321 3.5902 8.98463	
13.74	10.24 3.65415 9.03117	
13.75	10.1219 3.76928 9.08574	
13.76	10.0023 3.85457 9.11671	
13.77	9.94114 3.9073 9.20089	
13.78	9.86254 4.00462 9.31302	
13.79	9.84298 4.06497 9.44462	
13.8	9.8244 4.14655 9.51794	
13.81	9.82624 4.19472 9.56417	
13.82	9.79916 4.24565 9.63062	
13.83	9.77149 4.28915 9.7009	
13.84	9.79245 4.31491 9.74174	
13.85	9.80363 4.33732 9.72586	
13.86	9.83384 4.35726 9.69025	
13.87	9.83528 4.37289 9.66874	
13.88	9.83638 4.37049 9.67198	
13.89	9.82658 4.37361 9.66655	
13.9	9.82551 4.37342 9.66559	
13.91	9.79768 4.38849 9.64534	
13.92	9.6918 4.4004 9.6271	
13.93	9.63321 4.39766 9.62827	
13.94	9.64026 4.39972 9.62411	
13.95	9.64841 4.39373 9.60784	
13.96	9.63918 4.39573 9.59133	
13.97	9.63972 4.399 9.58687	
13.98	9.63889 4.39901 9.58536	
13.99	9.64081 4.39138 9.55134	
14	9.64192 4.38168 9.4946	
14.01	9.64463 4.39025 9.41597	
14.02	9.64575 4.39817 9.34241	
14.03	9.65721 4.40445 9.3024	
14.04	9.65786 4.40386 9.25558	
14.05	9.68674 4.39503 9.21298	
14.06	9.7428 4.38315 9.18906	
14.07	9.78967 4.37284 9.15597	
14.08	9.83783 4.35506 9.11058	
14.09	9.87735 4.33373 9.04185	
14.1	9.91442 4.30585 8.94893	
14.11	9.95833 4.28047 8.87021	
14.12	10.0028 4.26526 8.80771	
14.13	10.0285 4.24518 8.74559	
14.14	10.0456 4.21295 8.70153	
14.15	10.0629 4.1453 8.65654	
14.16	10.0789 4.10223 8.57953	
14.17	10.0924 4.0668 8.49634	
14.18	10.143 4.05107 8.4649	
14.19	10.1963 4.04516 8.45191	
14.2	10.2516 4.02643 8.43767	
14.21	10.2988 4.0099 8.40052	
14.22	10.3556 3.99752 8.34104	
14.23	10.3912 3.98619 8.26703	
14.24	10.4266 3.97491 8.20427	
14.25	10.4749 3.97313 8.17723	
14.26	10.4865 3.97068 8.15373	
14.27	10.5158 3.96404 8.11653	
14.28	10.5352 3.95773 8.1029	
14.29	10.5449 3.95687 8.09577	
14.3	10.5449 3.95687 8.09577	
14.31	10.5261 3.95642 8.09577	
14.32	10.5257 3.95631 8.09436	
14.33	10.5069 3.95589 8.09436	
14.34	10.5063 3.95253 8.09885	
14.35	10.497 3.9493 8.1029	
14.36	10.4871 3.94888 8.1035	
14.37	10.4673 3.94805 8.10378	
14.38	10.4285 3.94687 8.10282	
14.39	10.409 3.9461 8.10526	
14.4	10.3892 3.94534 8.10556	
14.41	10.388 3.94489 8.1046	
14.42	10.388 3.93864 8.11456	
14.43	10.3873 3.93831 8.115	
14.44	10.3873 3.93831 8.115	
14.45	10.3873 3.93831 8.115	
14.46	10.3866 3.93798 8.11545	
14.47	10.3866 3.93798 8.11545	
14.48	10.396 3.93814 8.11545	
14.49	10.4054 3.93831 8.11545	
14.5	10.4148 3.93848 8.11545	
14.51	10.4242 3.93865 8.11545	
14.52	10.4243 3.93604 8.10489	
14.53	10.4244 3.93474 8.09961	
14.54	10.4347 3.92921 8.10727	
14.55	10.4348 3.92619 8.11133	
14.56	10.4341 3.92586 8.11178	
14.57	10.4333 3.92432 8.10369	
14.58	10.4611 3.92475 8.10228	
14.59	10.4602 3.92622 8.09014	
14.6	10.457 3.92732 8.0598	
14.61	10.4503 3.92082 8.03274	
14.62	10.4642 3.91656 8.01312	
14.63	10.4609 3.91391 7.99896	
14.64	10.4302 3.91465 7.96578	
14.65	10.3858 3.91629 7.91987	
14.66	10.351 3.91407 7.88611	
14.67	10.3066 3.92756 7.82094	
14.68	10.2615 3.92649 7.77575	
14.69	10.249 3.91902 7.75071	
14.7	10.2181 3.91722 7.71886	
14.71	10.2131 3.90503 7.70402	
14.72	10.2124 3.89889 7.69259	
14.73	10.2041 3.89788 7.68418	
14.74	10.2038 3.89685 7.67938	
14.75	10.2063 3.89757 7.67648	
14.76	10.2077 3.89522 7.6814	
14.77	10.2075 3.89507 7.68124	
14.78	10.2075 3.89507 7.68124	
14.79	10.2069 3.8945 7.67971	
14.8	10.2167 3.89501 7.68108	
14.81	10.2157 3.89653 7.67224	
14.82	10.2156 3.89718 7.6576	
14.83	10.214 3.89874 7.65064	
14.84	10.2112 3.89761 7.65218	
14.85	10.21 3.89583 7.64724	
14.86	10.2276 3.90396 7.63136	
14.87	10.2149 3.92784 7.58198	
14.88	10.2032 3.9307 7.56418	
14.89	10.1824 3.93242 7.54125	
14.9	10.1336 3.95286 7.47353	
14.91	10.1208 3.95958 7.45635	
14.92	10.1182 3.95855 7.45808	
14.93	10.0991 3.95805 7.45671	
14.94	10.0985 3.95807 7.4586	
14.95	10.096 3.95672 7.45813	
14.96	10.1252 3.95725 7.4576	
14.97	10.1527 3.95717 7.45829	
14.98	10.1704 3.95555 7.45336	
14.99	10.1891 3.95769 7.44403	
15	10.1887 3.97126 7.41333	
15.01	10.1889 3.97686 7.40137	
15.02	10.1971 3.97494 7.39522	
15.03	10.2158 3.97712 7.38591	
15.04	10.2258 3.97776 7.38743	
15.05	10.235 3.97771 7.38728	
15.06	10.2821 3.97385 7.38598	
15.07	10.3585 3.9751 7.36567	
15.08	10.4173 3.98001 7.33999	
15.09	10.4378 3.98642 7.32562	
15.1	10.4483 3.9969 7.29469	
15.11	10.4583 4.00365 7.26624	
15.12	10.4955 4.0209 7.18974	
15.13	10.5042 4.05787 7.09102	
15.14	10.5025 4.10207 7.00712	
15.15	10.5017 4.1126 6.97932	
15.16	10.492 4.11308 6.96335	
15.17	10.4718 4.11736 6.94927	
15.18	10.4718 4.11625 6.94395	
15.19	10.4725 4.11005 6.95321	
15.2	10.4916 4.10058 6.96503	
15.21	10.5109 4.09371 6.96898	
15.22	10.5401 4.09149 6.97241	
15.23	10.5504 4.09104 6.96657	
15.24	10.5526 4.09226 6.96694	
15.25	10.5594 4.09532 6.96356	
15.26	10.589 4.10499 6.97874	
15.27	10.6645 4.14411 7.04779	
15.28	10.7592 4.2717 6.98688	
15.29	10.899 4.44183 6.84995	
15.3	11.1134 4.77906 6.53873	
15.31	11.3122 5.31514 6.31405	
15.32	11.5269 6.12336 6.21037	
15.33	11.5231 7.13839 6.02797	
15.34	11.2728 8.38826 5.66953	
15.35	10.9757 9.84253 5.14538	
15.36	10.6938 11.2801 4.75583	
15.37	10.5466 11.4041 4.9659	
15.38	10.5083 13.3369 5.07953	
15.39	10.4492 14.1812 5.0219	
15.4	10.2446 14.7796 4.97332	
15.41	10.1766 15.4326 4.98793	
15.42	10.0576 15.7474 5.18886	
15.43	10.0763 16.2597 5.09426	
15.44	10.0782 16.6235 4.98154	
15.45	10.179 17.3698 4.9265	
15.46	10.1964 17.7525 4.54608	
15.47	10.1472 17.948 4.31316	
15.48	10.0804 18.2703 4.0781	
15.49	10.0512 18.6592 3.65841	
15.5	10.0022 19.1002 3.36998	
15.51	9.92926 19.4388 3.23984	
15.52	9.82987 19.9232 3.14294	
15.53	9.84238 19.9922 3.14283	
15.54	9.83065 19.9233 3.14284	
15.55	9.832 19.9198 3.12948	
15.56	9.83378 19.9229 3.13985	
15.57	9.83602 19.9245 3.14439	
15.58	9.8397 19.9234 3.13862	
15.59	9.84318 19.927 3.14977	
15.6	9.84846 19.9287 3.15354	
15.61	9.85401 19.9302 3.15656	
15.62	9.85729 19.931 3.15799	
15.63	9.85834 19.9313 3.15866	
15.64	9.85525 19.932 3.1631	
15.65	9.85987 19.9339 3.16821	
15.66	9.86198 19.9334 3.16519	
15.67	9.86156 19.9331 3.16417	
15.68	9.8633 19.9341 3.16744	
15.69	9.86357 19.9342 3.1676	
15.7	9.86357 19.9342 3.1676	
15.71	9.86479 19.9347 3.1691	
15.72	9.86479 19.9347 3.1691	
15.73	9.86357 19.9342 3.1676	
15.74	9.86357 19.9342 3.1676	
15.75	9.86384 19.9346 3.1692	
15.76	9.86479 19.9347 3.1691	
15.77	9.86357 19.9342 3.1676	
15.78	9.86357 19.9342 3.1676	
15.79	9.86479 19.9347 3.1691	
15.8	9.86357 19.9345 3.16904	
15.81	9.86479 19.9347 3.1691	
15.82	9.86357 19.9342 3.1676	
15.83	9.86478 19.9343 3.16766	
15.84	9.86357 19.9342 3.1676	
15.85	9.86357 19.9342 3.1676	
15.86	9.86357 19.9342 3.1676	
15.87	9.86357 19.9342 3.1676	
15.88	9.86478 19.9343 3.16766	
15.89	9.86357 19.9342 3.1676	
15.9	9.86357 19.9342 3.1676	
15.91	9.86357 19.9342 3.1676	
15.92	9.86357 19.9342 3.1676	
15.93	9.86357 19.9342 3.1676	
15.94	9.86357 19.9342 3.1676	
15.95	9.86357 19.9342 3.1676	
15.96	9.86478 19.9343 3.16766	
15.97	9.86357 19.9342 3.1676	
15.98	9.86357 19.9342 3.1676	
15.99	9.86357 19.9342 3.1676	
16	9.86357 19.9342 3.1676	
16.01	9.86357 19.9342 3.1676	
16.02	9.86357 19.9342 3.1676	
16.03	9.86357 19.9342 3.1676	
16.04	9.86357 19.9342 3.1676	
16.05	9.86357 19.9342 3.1676	
16.06	9.86357 19.9342 3.1676	
16.07	9.86357 19.9342 3.1676	
16.08	9.86357 19.9342 3.1676	
16.09	9.86478 19.9343 3.16766	
16.1	9.86478 19.9343 3.16766	
16.11	9.86357 19.9342 3.1676	
16.12	9.86357 19.9342 3.1676	
16.13	9.8633 19.9341 3.16744	
16.14	9.86478 19.9343 3.16766	
16.15	9.86357 19.9342 3.1676	
16.16	9.86384 19.9342 3.16776	
16.17	9.86478 19.9343 3.16766	
16.18	9.86478 19.9343 3.16766	
16.19	9.86357 19.9342 3.1676	
16.2	9.86357 19.9338 3.16616	
16.21	9.86357 19.9342 3.1676	
16.22	9.86478 19.9343 3.16766	
16.23	9.86357 19.9342 3.1676	
16.24	9.86357 19.9342 3.1676	
16.25	9.86357 19.9338 3.16616	
16.26	9.86357 19.9342 3.1676	
16.27	9.86357 19.9342 3.1676	
16.28	9.86357 19.9342 3.1676	
16.29	9.86357 19.9342 3.1676	
16.3	9.86357 19.9342 3.1676	
16.31	9.86357 19.9342 3.1676	
16.32	9.86357 19.9342 3.1676	
16.33	9.86357 19.9342 3.1676	
16.34	9.86478 19.9343 3.16766	
16.35	9.86357 19.9342 3.1676	
16.36	9.86357 19.9342 3.1676	
16.37	9.86478 19.9343 3.16766	
16.38	9.86357 19.9342 3.1676	
16.39	9.86384 19.9342 3.16776	
16.4	9.86357 19.9342 3.1676	
16.41	9.86357 19.9342 3.1676	
16.42	9.86478 19.9343 3.16766	
16.43	9.86452 19.9343 3.1675	
16.44	9.86478 19.9343 3.16766	
16.45	9.86357 19.9342 3.1676	
16.46	9.86357 19.9342 3.1676	
16.47	9.86478 19.9343 3.16766	
16.48	9.86478 19.9343 3.16766	
16.49	9.86478 19.934 3.16622	
16.5	9.86357 19.9342 3.1676	
16.51	9.86357 19.9342 3.1676	
16.52	9.86478 19.934 3.16622	
16.53	9.86357 19.9342 3.1676	
16.54	9.86357 19.9342 3.1676	
16.55	9.86357 19.9342 3.1676	
16.56	9.86357 19.9342 3.1676	
16.57	9.86357 19.9342 3.1676	
16.58	9.86357 19.9338 3.16616	
16.59	9.86357 19.9342 3.1676	
16.6	9.86357 19.9342 3.1676	
16.61	9.86384 19.9342 3.16776	
16.62	9.86357 19.9342 3.1676	
16.63	9.86357 19.9342 3.1676	
16.64	9.86357 19.9338 3.16616	
16.65	9.86357 19.9342 3.1676	
16.66	9.86357 19.9342 3.1676	
16.67	9.86357 19.9342 3.1676	
16.68	9.86357 19.9342 3.1676	
16.69	9.86357 19.9342 3.1676	
16.7	9.86357 19.9342 3.1676	
16.71	9.86357 19.9342 3.1676	
16.72	9.86357 19.9342 3.1676	
16.73	9.86384 19.9342 3.16776	
16.74	9.86357 19.9338 3.16616	
16.75	9.86357 19.9342 3.1676	
16.76	9.86357 19.9342 3.1676	
16.77	9.86478 19.9343 3.16766	
16.78	9.86357 19.9342 3.1676	
16.79	9.86357 19.9342 3.1676	
16.8	9.86357 19.9338 3.16616	
16.81	9.86357 19.9342 3.1676	
16.82	9.86357 19.9338 3.16616	
16.83	9.86357 19.9338 3.16616	
16.84	9.86357 19.9338 3.16616	
16.85	9.8633 19.9337 3.166	
16.86	9.86357 19.9342 3.1676	
16.87	9.86357 19.9342 3.1676	
16.88	9.8633 19.9337 3.166	
16.89	9.86357 19.9342 3.1676	
16.9	9.86357 19.9342 3.1676	
16.91	9.86357 19.9342 3.1676	
16.92	9.8633 19.9341 3.16744	
16.93	9.86357 19.9338 3.16616	
16.94	9.86357 19.9342 3.1676	
16.95	9.86357 19.9342 3.1676	
16.96	9.86357 19.9342 3.1676	
16.97	9.86357 19.9338 3.16616	
16.98	9.86478 19.9343 3.16766	
16.99	9.86478 19.9343 3.16766	
17	9.86478 19.9343 3.16766	
17.01	9.86357 19.9338 3.16616	
17.02	9.86478 19.9343 3.16766	
17.03	9.86452 19.9343 3.1675	
17.04	9.86357 19.9342 3.1676	
17.05	9.86357 19.9338 3.16616	
17.06	9.86357 19.9342 3.1676	
17.07	9.86357 19.9338 3.16616	
17.08	9.86357 19.9342 3.1676	
17.09	9.86357 19.9338 3.16616	
17.1	9.86478 19.934 3.16622	
17.11	9.86357 19.9342 3.1676	
17.12	9.86357 19.9342 3.1676	
17.13	9.86357 19.9338 3.16616	
17.14	9.86357 19.9342 3.1676	
17.15	9.86452 19.9339 3.16606	
17.16	9.86357 19.9338 3.16616	
17.17	9.86357 19.9342 3.1676	
17.18	9.86357 19.9338 3.16616	
17.19	9.86357 19.9338 3.16616	
17.2	9.86357 19.9342 3.1676	
17.21	9.86357 19.9338 3.16616	
17.22	9.86357 19.9338 3.16616	
17.23	9.86357 19.9342 3.1676	
17.24	9.86478 19.9343 3.16766	
17.25	9.86357 19.9342 3.1676	
17.26	9.86357 19.9342 3.1676	
17.27	9.86357 19.9342 3.1676	
17.28	9.86357 19.9338 3.16616	
17.29	9.86478 19.934 3.16622	
17.3	9.86357 19.9338 3.16616	
17.31	9.86357 19.9342 3.1676	
17.32	9.86357 19.9338 3.16616	
17.33	9.86357 19.9342 3.1676	
17.34	9.86357 19.9338 3.16616	
17.35	9.86357 19.9338 3.16616	
17.36	9.86357 19.9342 3.1676	
17.37	9.86357 19.9342 3.1676	
17.38	9.86357 19.9338 3.16616	
17.39	9.86357 19.9342 3.1676	
17.4	9.86357 19.9342 3.1676	
17.41	9.86357 19.9342 3.1676	
17.42	9.86357 19.9342 3.1676	
17.43	9.86357 19.9338 3.16616	
17.44	9.86357 19.9342 3.1676	
17.45	9.86452 19.9339 3.16606	
17.46	9.86357 19.9338 3.16616	
17.47	9.86357 19.9342 3.1676	
17.48	9.8633 19.9337 3.166	
17.49	9.86357 19.9342 3.1676	
17.5	9.86357 19.9342 3.1676	
17.51	9.86357 19.9342 3.1676	
17.52	9.86236 19.934 3.16754	
17.53	9.86357 19.9342 3.1676	
17.54	9.86357 19.9342 3.1676	
17.55	9.86357 19.9342 3.1676	
17.56	9.86357 19.9342 3.1676	
17.57	9.86357 19.9338 3.16616	
17.58	9.86357 19.9342 3.1676	
17.59	9.86357 19.9342 3.1676	
17.6	9.86357 19.9342 3.1676	
17.61	9.86357 19.9342 3.1676	
17.62	9.86357 19.9342 3.1676	
17.63	9.86357 19.9342 3.1676	
17.64	9.86357 19.9338 3.16616	
17.65	9.86357 19.9342 3.1676	
17.66	9.8633 19.9341 3.16744	
17.67	9.86452 19.9339 3.16606	
17.68	9.86357 19.9342 3.1676	
17.69	9.86357 19.9338 3.16616	
17.7	9.86357 19.9342 3.1676	
17.71	9.86478 19.934 3.16622	
17.72	9.86357 19.9342 3.1676	
17.73	9.86357 19.9342 3.1676	
17.74	9.86357 19.9342 3.1676	
17.75	9.86357 19.9342 3.1676	
17.76	9.86357 19.9342 3.1676	
17.77	9.86357 19.9342 3.1676	
17.78	9.86357 19.9338 3.16616	
17.79	9.86357 19.9342 3.1676	
17.8	9.86357 19.9338 3.16616	
17.81	9.86357 19.9338 3.16616	
17.82	9.86357 19.9342 3.1676	
17.83	9.86357 19.9338 3.16616	
17.84	9.86357 19.9338 3.16616	
17.85	9.86478 19.9343 3.16766	
17.86	9.86357 19.9338 3.16616	
17.87	9.86357 19.9342 3.1676	
17.88	9.86357 19.9342 3.1676	
17.89	9.86357 19.9338 3.16616	
17.9	9.86478 19.934 3.16622	
17.91	9.86357 19.9342 3.1676	
17.92	9.86357 19.9342 3.1676	
17.93	9.86452 19.9339 3.16606	
17.94	9.8633 19.9337 3.166	
17.95	9.86357 19.9338 3.16616	
17.96	9.86357 19.9338 3.16616	
17.97	9.8633 19.9341 3.16744	
17.98	9.86452 19.9339 3.16606	
17.99	9.86478 19.934 3.16622	
18	9.86357 19.9342 3.1676	
18.01	9.86357 19.9342 3.1676	
18.02	9.86357 19.9338 3.16616	
18.03	9.86357 19.9338 3.16616	
18.04	9.86357 19.9338 3.16616	
18.05	9.86357 19.9338 3.16616	
18.06	9.86452 19.9339 3.16606	
18.07	9.86357 19.9338 3.16616	
18.08	9.86478 19.934 3.16622	
18.09	9.86357 19.9338 3.16616	
18.1	9.86357 19.9338 3.16616	
18.11	9.86357 19.9342 3.1676	
18.12	9.86357 19.9338 3.16616	
18.13	9.86357 19.9338 3.16616	
18.14	9.86357 19.9342 3.1676	
18.15	9.86478 19.9343 3.16766	
18.16	9.86357 19.9342 3.1676	
18.17	9.86357 19.9342 3.1676	
18.18	9.86357 19.9342 3.1676	
18.19	9.86357 19.9338 3.16616	
18.2	9.86357 19.9338 3.16616	
18.21	9.86357 19.9338 3.16616	
18.22	9.86357 19.9338 3.16616	
18.23	9.86357 19.9338 3.16616	
18.24	9.86357 19.9342 3.1676	
18.25	9.86478 19.934 3.16622	
18.26	9.8633 19.9337 3.166	
18.27	9.86357 19.9338 3.16616	
18.28	9.86357 19.9338 3.16616	
18.29	9.86357 19.9342 3.1676	
18.3	9.86236 19.934 3.16754	
18.31	9.86357 19.9338 3.16616	
18.32	9.86357 19.9338 3.16616	
18.33	9.86357 19.9338 3.16616	
18.34	9.86357 19.9342 3.1676	
18.35	9.86357 19.9342 3.1676	
18.36	9.86357 19.9342 3.1676	
18.37	9.86357 19.9342 3.1676	
18.38	9.86478 19.934 3.16622	
18.39	9.8633 19.9337 3.166	
18.4	9.86478 19.934 3.16622	
18.41	9.86357 19.9342 3.1676	
18.42	9.86357 19.9342 3.1676	
18.43	9.86357 19.9342 3.1676	
18.44	9.86357 19.9342 3.1676	
18.45	9.86357 19.9338 3.16616	
18.46	9.86357 19.9342 3.1676	
18.47	9.86357 19.9342 3.1676	
18.48	9.86357 19.9338 3.16616	
18.49	9.86357 19.9338 3.16616	
18.5	9.86357 19.9338 3.16616	
18.51	9.86357 19.9342 3.1676	
18.52	9.86357 19.9342 3.1676	
18.53	9.86357 19.9338 3.16616	
18.54	9.86357 19.9338 3.16616	
18.55	9.86357 19.9342 3.1676	
18.56	9.86357 19.9338 3.16616	
18.57	9.86478 19.9343 3.16766	
18.58	9.86357 19.9342 3.1676	
18.59	9.86357 19.9338 3.16616	
18.6	9.86357 19.9342 3.1676	
18.61	9.86357 19.9338 3.16616	
18.62	9.86478 19.934 3.16622	
18.63	9.86357 19.9338 3.16616	
18.64	9.86357 19.9338 3.16616	
18.65	9.86357 19.9342 3.1676	
18.66	9.86357 19.9338 3.16616	
18.67	9.86357 19.9338 3.16616	
18.68	9.86357 19.9342 3.1676	
18.69	9.8633 19.9337 3.166	
18.7	9.86357 19.9338 3.16616	
18.71	9.86357 19.9338 3.16616	
18.72	9.86357 19.9338 3.16616	
18.73	9.86357 19.9338 3.16616	
18.74	9.86357 19.9342 3.1676	
18.75	9.86357 19.9342 3.1676	
18.76	9.86357 19.9338 3.16616	
18.77	9.86357 19.9342 3.1676	
18.78	9.8633 19.9341 3.16744	
18.79	9.86357 19.9342 3.1676	
18.8	9.86357 19.9342 3.1676	
18.81	9.86357 19.9342 3.1676	
18.82	9.86357 19.9338 3.16616	
18.83	9.86357 19.9342 3.1676	
18.84	9.86357 19.9342 3.1676	
18.85	9.86357 19.9338 3.16616	
18.86	9.86357 19.9338 3.16616	
18.87	9.86357 19.9338 3.16616	
18.88	9.86357 19.9338 3.16616	
