# Gnuplot File : velocities of 1 particle(s) Monitored
# 1st Column : time, others : particle(s) number 0 
0.01	-1.20885e-17 0 -0.019274	
0.02	0.281443 1.66165 1.26697	
0.03	0.27129 1.60171 1.20198	
0.04	0.261501 1.54391 1.13934	
0.05	0.252063 1.48819 1.07895	
0.06	0.242963 1.43447 1.02074	
0.07	0.234307 1.38337 0.965171	
0.08	0.225733 1.33274 0.910533	
0.09	0.217702 1.28533 0.858828	
0.1	0.209823 1.23882 0.808613	
0.11	0.202141 1.19346 0.759673	
0.12	0.194835 1.15032 0.71297	
0.13	0.187793 1.10875 0.667951	
0.14	0.181094 1.0692 0.624979	
0.15	0.178317 1.04404 0.591843	
0.16	0.174498 1.01611 0.557535	
0.17	0.199782 1.09694 0.594639	
0.18	0.197984 1.07822 0.567452	
0.19	0.199324 1.07057 0.547957	
0.2	0.192736 1.03422 0.510436	
0.21	0.196694 1.03766 0.499164	
0.22	0.219291 1.11219 0.534678	
0.23	0.21807 1.09734 0.512448	
0.24	0.210205 1.05776 0.474673	
0.25	0.20806 1.04022 0.451825	
0.26	0.228025 1.10588 0.483044	
0.27	0.219769 1.06585 0.446405	
0.28	0.213264 1.03274 0.414553	
0.29	0.218658 1.04485 0.41222	
0.3	0.224714 1.06017 0.412456	
0.31	0.225113 1.05414 0.399261	
0.32	0.238524 1.09742 0.41833	
0.33	0.2407 1.09844 0.410241	
0.34	0.232021 1.05883 0.376196	
0.35	0.229187 1.04172 0.357113	
0.36	0.233307 1.05101 0.3553	
0.37	0.236985 1.05885 0.352825	
0.38	0.23814 1.05736 0.344597	
0.39	0.239179 1.05565 0.336486	
0.4	0.241011 1.05713 0.330691	
0.41	0.242872 1.05891 0.32527	
0.42	0.245568 1.06441 0.322625	
0.43	0.259159 1.1113 0.346983	
0.44	0.249798 1.07116 0.315266	
0.45	0.243661 1.04337 0.291719	
0.46	0.24814 1.05585 0.294297	
0.47	0.253258 1.07127 0.299078	
0.48	0.25243 1.06399 0.289341	
0.49	0.249396 1.0476 0.27705	
0.5	0.240891 1.01184 0.248414	
0.51	0.232254 0.975552 0.220265	
0.52	0.225322 0.94634 0.195093	
0.53	0.237029 0.987376 0.218618	
0.54	0.258747 1.69685 0.71128	
0.55	0.252191 1.64632 0.67333	
0.56	0.255135 1.78156 0.752143	
0.57	0.245943 1.71736 0.705948	
0.58	0.241085 1.77381 0.732265	
0.59	0.229163 1.68598 0.672681	
0.6	0.221136 1.62676 0.631609	
0.61	0.214418 1.57732 0.595592	
0.62	0.209558 1.54113 0.571485	
0.63	0.207434 1.52404 0.568097	
0.64	0.204717 1.5011 0.573434	
0.65	0.1999 1.46144 0.578969	
0.66	0.193564 1.40916 0.588733	
0.67	0.1851 1.33976 0.600075	
0.68	0.174317 1.25378 0.597205	
0.69	0.163639 1.17097 0.57663	
0.7	0.154517 1.10113 0.551802	
0.71	0.146671 1.04142 0.527188	
0.72	0.139396 0.986528 0.500715	
0.73	0.132035 0.931024 0.473824	
0.74	0.125713 0.883438 0.449682	
0.75	0.120306 0.842366 0.431574	
0.76	0.115457 0.805711 0.413744	
0.77	0.11058 0.769726 0.389215	
0.78	0.104772 0.72697 0.359918	
0.79	0.0992043 0.686066 0.331152	
0.8	0.0934378 0.643602 0.302339	
0.81	0.0881053 0.604612 0.273461	
0.82	0.0845975 0.579633 0.248598	
0.83	0.0815519 0.558507 0.222482	
0.84	0.078591 0.537946 0.197293	
0.85	0.0758462 0.51899 0.173058	
0.86	0.0730673 0.499891 0.147931	
0.87	0.0700013 0.478672 0.121602	
0.88	0.066954 0.457576 0.0955588	
0.89	0.0642005 0.438502 0.0719914	
0.9	0.0617814 0.421885 0.0500598	
0.91	0.0596115 0.406916 0.0307525	
0.92	0.0573007 0.39072 0.0123116	
0.93	0.0547905 0.373322 -0.00900522	
0.94	0.0523063 0.356468 -0.0328404	
0.95	0.0502485 0.342462 -0.0524448	
0.96	0.0484127 0.32993 -0.0697692	
0.97	0.0466643 0.318009 -0.0863828	
0.98	0.0449805 0.306459 -0.101864	
0.99	0.0433515 0.295236 -0.116456	
1	0.0416595 0.283683 -0.132315	
1.01	0.0400555 0.272688 -0.147032	
1.02	0.0385267 0.262206 -0.161062	
1.03	0.0370857 0.252303 -0.17414	
1.04	0.035652 0.242482 -0.187343	
1.05	0.0342737 0.233141 -0.200824	
1.06	0.0329198 0.2239 -0.213532	
1.07	0.031668 0.215356 -0.225328	
1.08	0.0304643 0.207053 -0.236007	
1.09	0.0292724 0.198777 -0.246142	
1.1	0.0281742 0.191262 -0.256357	
1.11	0.0270965 0.183957 -0.266904	
1.12	0.0260796 0.177047 -0.276738	
1.13	0.0250996 0.170371 -0.286095	
1.14	0.0241882 0.164156 -0.294761	
1.15	0.0232823 0.157986 -0.303419	
1.16	0.022404 0.152029 -0.311997	
1.17	0.0215782 0.146442 -0.320184	
1.18	0.0207994 0.14116 -0.327823	
1.19	0.0200466 0.136053 -0.335191	
1.2	0.019325 0.13116 -0.342281	
1.21	0.0186195 0.126367 -0.349131	
1.22	0.0179481 0.1218 -0.35561	
1.23	0.0172958 0.117381 -0.362047	
1.24	0.0166721 0.113141 -0.368082	
1.25	0.0160821 0.109143 -0.373908	
1.26	0.0154787 0.105053 -0.379823	
1.27	0.0149061 0.101177 -0.385477	
1.28	0.0143426 0.0973395 -0.390868	
1.29	0.0137906 0.0935843 -0.396165	
1.3	0.0132621 0.089982 -0.401186	
1.31	0.0127593 0.0865602 -0.406011	
1.32	0.0122936 0.0833978 -0.410549	
1.33	0.011848 0.0803753 -0.414917	
1.34	0.0114167 0.077448 -0.419128	
1.35	0.0110092 0.0746888 -0.423167	
1.36	0.0106029 0.0719332 -0.427145	
1.37	0.0102179 0.0693191 -0.430901	
1.38	0.00983392 0.0666977 -0.434524	
1.39	0.00947906 0.0642919 -0.438013	
1.4	0.0091305 0.0619297 -0.441443	
1.41	0.00879294 0.0596333 -0.444695	
1.42	0.0084609 0.0573678 -0.447839	
1.43	0.0081398 0.0551897 -0.450976	
1.44	0.00785311 0.0532598 -0.453906	
1.45	0.00755538 0.051234 -0.456767	
1.46	0.00727318 0.0493188 -0.45952	
1.47	0.00699988 0.0474623 -0.462173	
1.48	0.00673866 0.0456843 -0.464682	
1.49	0.00648793 0.0439766 -0.467083	
1.5	0.00625494 0.0423947 -0.46936	
1.51	0.00602634 0.0408486 -0.471636	
1.52	0.00580801 0.0393689 -0.473787	
1.53	0.00559483 0.0379258 -0.475899	
1.54	0.00538933 0.0365331 -0.477922	
1.55	0.0051935 0.0352037 -0.479835	
1.56	0.00499337 0.033837 -0.481718	
1.57	0.00480721 0.0325665 -0.483483	
1.58	0.00462929 0.0313675 -0.485285	
1.59	0.00444464 0.0300947 -0.486929	
1.6	0.00427175 0.0289137 -0.488554	
1.61	0.00410838 0.0278043 -0.490142	
1.62	0.00395588 0.0267846 -0.491748	
1.63	0.00381207 0.0258167 -0.493219	
1.64	0.00367518 0.0248989 -0.494646	
1.65	0.00354556 0.0240317 -0.496014	
1.66	0.00341843 0.0231745 -0.497304	
1.67	0.00329912 0.0223705 -0.49852	
1.68	0.00317957 0.0215601 -0.499698	
1.69	0.00306627 0.0207941 -0.500831	
1.7	0.00295551 0.0200435 -0.501925	
1.71	0.00285003 0.0193324 -0.502996	
1.72	0.00274972 0.0186528 -0.503989	
1.73	0.00265124 0.0179854 -0.504961	
1.74	0.00255361 0.0173219 -0.505908	
1.75	0.00246143 0.0166972 -0.506818	
1.76	0.00237022 0.0160767 -0.507698	
1.77	0.00228238 0.0154812 -0.508562	
1.78	-0.560126 0.316418 -0.15538	
1.79	-2.05856 1.11839 0.752697	
1.8	-1.98472 1.07828 0.706079	
1.81	-1.96222 1.06734 0.686192	
1.82	-2.07034 1.13011 0.726863	
1.83	-2.10199 1.14822 0.729424	
1.84	-2.07529 1.13309 0.706453	
1.85	-2.00115 1.09262 0.661409	
1.86	-1.95518 1.06676 0.628372	
1.87	-2.01979 1.09873 0.6457	
1.88	-2.14815 1.16515 0.692487	
1.89	-2.12986 1.15439 0.672067	
1.9	-2.05634 1.11455 0.62775	
1.91	-1.98956 1.07838 0.58496	
1.92	-1.92196 1.04176 0.54327	
1.93	-1.93601 1.04971 0.514164	
1.94	-3.10024 1.75482 1.10005	
1.95	-4.84038 2.95768 2.33098	
1.96	-5.44917 3.43188 2.71936	
1.97	-5.54748 3.49489 2.67075	
1.98	-5.57501 3.51272 2.62366	
1.99	-5.5629 3.50514 2.58243	
2	-2.2279 -1.33585 -2.52469	
2.01	-2.19839 -1.32942 -2.40526	
2.02	-2.14961 -1.31198 -2.29873	
2.03	-2.08826 -1.28826 -2.20021	
2.04	-1.51162 1.80066 2.52939	
2.05	-1.99421 2.0439 2.71268	
2.06	-2.28001 2.15717 2.79263	
2.07	-2.37097 2.14188 2.7788	
2.08	-2.37293 2.06312 2.72123	
2.09	-2.27904 1.91541 2.61068	
2.1	-2.30813 1.85904 2.629	
2.11	-2.33107 1.4674 2.38217	
2.12	-2.33562 1.28828 2.32773	
2.13	-2.37352 1.35732 2.70358	
2.14	-2.28101 1.26834 2.61838	
2.15	0.392098 4.16815 4.91865	
2.16	1.54297 5.61421 5.03059	
2.17	1.62365 5.60056 5.22024	
2.18	1.54559 5.35881 4.72466	
2.19	2.54915 7.33199 6.57267	
2.2	-0.387783 2.60349 3.58425	
2.21	-2.38324 -0.433235 1.16471	
2.22	0.0735189 2.0159 1.76841	
2.23	-0.0508491 1.92325 1.67336	
2.24	-0.340393 1.76435 1.52484	
2.25	-0.3338 1.71076 1.45118	
2.26	-0.322555 1.66106 1.38147	
2.27	-0.311561 1.61135 1.31397	
2.28	-0.346258 1.50774 1.1989	
2.29	4.83495 7.42748 1.55586	
2.3	4.64025 7.20924 1.55182	
2.31	4.43877 6.91523 1.41464	
2.32	4.25252 6.66491 1.29441	
2.33	4.08831 6.42884 1.18731	
2.34	3.90001 6.16624 1.07184	
2.35	3.79491 5.91993 0.939354	
2.36	3.56534 5.66409 0.940861	
2.37	3.40976 5.41961 0.867223	
2.38	3.25619 5.16858 0.80047	
2.39	3.08679 4.87506 0.733455	
2.4	2.93142 4.59088 0.684067	
2.41	2.76685 4.26551 0.645587	
2.42	2.58074 3.86422 0.620018	
2.43	2.42996 3.51887 0.618222	
2.44	2.34245 3.34314 0.611315	
2.45	2.26844 3.21983 0.591169	
2.46	2.17727 3.08452 0.547341	
2.47	2.08117 2.95624 0.488703	
2.48	2.00239 2.84776 0.446649	
2.49	1.92962 2.74478 0.410725	
2.5	1.8583 2.64337 0.375481	
2.51	1.79076 2.54574 0.343601	
2.52	1.72486 2.45093 0.311914	
2.53	1.66301 2.36395 0.281296	
2.54	1.60509 2.28071 0.254449	
2.55	1.54696 2.19796 0.226154	
2.56	1.48904 2.11533 0.197455	
2.57	1.43338 2.03707 0.169136	
2.58	1.3823 1.96526 0.143947	
2.59	1.33227 1.89409 0.11959	
2.6	1.28488 1.82666 0.0968255	
2.61	1.23776 1.76001 0.0733987	
2.62	1.18906 1.69217 0.0474013	
2.63	1.14387 1.62878 0.0240957	
2.64	1.10199 1.5692 0.00362512	
2.65	1.06275 1.51408 -0.0156786	
2.66	1.02437 1.45911 -0.0340214	
2.67	0.987805 1.40678 -0.0513898	
2.68	0.952426 1.3562 -0.0682752	
2.69	0.917628 1.3067 -0.0852921	
2.7	0.884445 1.25962 -0.101482	
2.71	0.852358 1.21412 -0.117196	
2.72	0.821887 1.17099 -0.132028	
2.73	0.792308 1.12829 -0.145914	
2.74	0.764096 1.08881 -0.15993	
2.75	0.736381 1.04911 -0.173232	
2.76	0.709623 1.01076 -0.186085	
2.77	0.684163 0.974456 -0.19833	
2.78	0.659141 0.939068 -0.210735	
2.79	0.635431 0.904925 -0.221927	
2.8	0.612186 0.87205 -0.233451	
2.81	0.590073 0.840811 -0.244344	
2.82	0.568837 0.810828 -0.254793	
2.83	0.547907 0.779863 -0.264257	
2.84	0.527139 0.748657 -0.273507	
2.85	0.506488 0.715104 -0.281139	
2.86	0.486201 0.680031 -0.28728	
2.87	0.466962 0.649963 -0.295241	
2.88	0.450522 0.627643 -0.303765	
2.89	0.435971 0.608237 -0.311108	
2.9	0.421784 0.588334 -0.317643	
2.91	0.124217 0.0662475 12.2799	
2.92	0.128569 0.0698686 11.8116	
2.93	0.131921 0.0727734 11.3604	
2.94	0.137481 0.077157 10.9246	
2.95	0.152887 0.0881705 10.4999	
2.96	0.181051 0.107712 10.0827	
2.97	0.228469 0.140062 9.66677	
2.98	0.271742 0.169351 9.26125	
2.99	0.29246 0.183468 8.88202	
3	0.300051 0.18887 8.52611	
3.01	0.301457 0.190029 8.18462	
3.02	0.299547 0.188974 7.85788	
3.03	0.0253218 0.0293136 8.40737	
3.04	-0.00915945 -0.0161949 9.05821	
3.05	-0.00629071 -0.00540524 8.91588	
3.06	-0.00463104 -0.00418975 8.57065	
3.07	-0.00345539 -0.00330354 8.23899	
3.08	0.00176764 0.00157341 8.16162	
3.09	0.00108954 0.000917902 8.26429	
3.1	-0.00199036 -0.00192475 8.22287	
3.11	0.000554874 0.000506521 8.41763	
3.12	-0.00159842 -0.00186139 8.26647	
3.13	-0.00406959 -0.00345749 8.31867	
3.14	-0.0796617 -0.0671749 12.1288	
3.15	-0.243311 -0.208506 11.7931	
3.16	-0.403479 -0.34755 11.432	
3.17	-0.529529 -0.457509 11.0413	
3.18	-0.626662 -0.542573 10.6408	
3.19	-0.725573 -0.626636 10.2319	
3.2	-0.802049 -0.694479 9.8227	
3.21	-0.819507 -0.710351 9.42332	
3.22	-0.847097 -0.735315 9.04106	
3.23	-0.862742 -0.749858 8.6215	
3.24	-0.888023 -0.776152 8.25785	
3.25	-0.9085 -0.797947 7.90051	
3.26	-0.926758 -0.817695 7.54731	
3.27	-0.933083 -0.826121 7.2096	
3.28	3.29173 1.15637 6.76184	
3.29	12.7221 2.68233 2.72549	
3.3	13.3884 1.27564 0.302471	
3.31	-1.29554 -3.46884 1.62645	
3.32	2.20264 -2.81159 1.14905	
3.33	1.83315 -2.64416 1.08354	
3.34	1.5727 -1.85506 1.94889	
3.35	0.555605 -0.844937 3.31957	
3.36	0.223666 0.183565 27.3663	
3.37	1.62816 2.06126 24.9558	
3.38	1.17648 1.80052 23.5906	
3.39	0.441924 0.162498 27.1648	
3.4	0.213226 0.190565 26.8521	
3.41	0.0356999 -0.00210998 28.3618	
3.42	-0.394622 -0.342156 27.416	
3.43	-1.11711 -0.908576 26.4104	
3.44	-1.86149 -1.43335 25.1829	
3.45	0.677849 -1.78429 22.3879	
3.46	-0.322487 -2.13681 20.9678	
3.47	2.87632 -1.15248 19.4962	
3.48	1.58152 -1.78572 18.5279	
3.49	-4.10488 -3.32979 15.2609	
3.5	-6.38254 -3.85254 13.0481	
3.51	-20.6835 -7.04332 -0.245111	
3.52	-3.55141 -2.48045 5.57887	
3.53	-5.85377 -2.9406 3.64983	
3.54	-3.20214 -2.4405 -0.866625	
3.55	0.761286 -0.356384 2.82948	
3.56	0.688655 0.752801 12.4052	
3.57	0.775556 1.45865 13.5142	
3.58	1.20436 2.02474 20.7994	
3.59	-0.443946 0.525611 19.3678	
3.6	0.184916 1.86554 23.8631	
3.61	-1.62002 0.522711 20.5413	
3.62	1.09475 2.37464 25.6384	
3.63	0.914196 2.59258 27.4255	
3.64	1.35486 2.83664 26.228	
3.65	1.59527 2.9381 25.1006	
3.66	-0.725886 3.26053 23.8013	
3.67	-2.53275 2.77866 22.148	
3.68	-2.39969 2.70502 21.294	
3.69	-2.30545 2.61067 20.4929	
3.7	-2.21517 2.5199 19.7234	
3.71	-2.13397 2.42876 18.9867	
3.72	-2.04996 2.34478 18.2728	
3.73	-1.9712 2.26252 17.5869	
3.74	-1.89309 2.18463 16.9239	
3.75	-1.81868 2.109 16.2857	
3.76	-1.74878 2.03513 15.6728	
3.77	-1.87175 1.83762 15.2231	
3.78	-2.42849 1.30232 14.8976	
3.79	-3.13835 0.554782 14.2453	
3.8	-2.6211 -0.874416 13.746	
3.81	0.132063 0.718947 13.662	
3.82	-3.12191 -6.98395 -0.0955625	
3.83	2.82682 -4.76826 2.23019	
3.84	0.809323 -2.47904 5.72745	
3.85	0.717398 -1.6833 6.26741	
3.86	-1.59674 -0.548345 13.2273	
3.87	-5.16845 0.613625 18.0835	
3.88	-4.91687 0.572992 17.3811	
3.89	-4.66681 0.535729 16.7162	
3.9	-4.4031 0.489896 16.0532	
3.91	-4.23115 0.469194 15.4483	
3.92	-4.06968 0.450321 14.8665	
3.93	-3.90982 0.430645 14.3031	
3.94	-3.741 0.407446 13.7539	
3.95	-3.58371 0.386512 13.2265	
3.96	-3.4519 0.37204 12.7266	
3.97	-3.33728 0.361658 12.25	
3.98	-3.21174 0.347307 11.7844	
3.99	-3.10206 0.336643 11.3401	
4	-2.9977 0.326722 10.9124	
4.01	-2.90222 0.318548 10.502	
4.02	-2.79953 0.307734 10.1026	
4.03	-2.69046 0.294514 9.71384	
4.04	-2.59258 0.283772 9.3419	
4.05	-2.50044 0.27402 8.98429	
4.06	-2.41369 0.265189 8.64043	
4.07	-2.3302 0.256709 8.3091	
4.08	-2.25085 0.248839 7.9902	
4.09	-2.17313 0.240909 7.6824	
4.1	-2.09582 0.232595 7.38484	
4.11	-2.03223 0.227581 7.10214	
4.12	-1.97932 0.224992 6.83262	
4.13	-1.93074 0.223049 6.57336	
4.14	-1.89201 0.223094 6.32539	
4.15	-1.85479 0.222773 6.08498	
4.16	-1.81478 0.221125 5.85101	
4.17	-1.77788 0.219555 5.62452	
4.18	-1.73168 0.215483 5.40365	
4.19	-1.68368 0.210459 5.18895	
4.2	-1.63097 0.204148 4.98078	
4.21	-1.57299 0.19685 4.78033	
4.22	-1.51347 0.189143 4.58702	
4.23	-1.45641 0.181822 4.40093	
4.24	-1.40415 0.175209 4.22145	
4.25	-1.35273 0.168716 4.04874	
4.26	-1.30471 0.162987 3.88327	
4.27	-1.25475 0.15651 3.72264	
4.28	-1.21144 0.151524 3.56937	
4.29	-1.16975 0.146457 3.42065	
4.3	-1.76567 0.241266 3.47708	
4.31	-4.83256 1.00277 5.6797	
4.32	-5.1414 1.08493 5.76316	
4.33	-5.98623 1.29813 6.17509	
4.34	-6.61929 1.46463 6.42778	
4.35	-6.82982 1.52427 6.43508	
4.36	-6.5707 1.46733 6.19804	
4.37	-6.33503 1.41488 5.96039	
4.38	-6.10711 1.36402 5.72746	
4.39	-5.90105 1.31762 5.50127	
4.4	-8.9211 2.38785 8.7151	
4.41	-7.05849 2.2793 7.09185	
4.42	-6.80355 2.19763 6.81567	
4.43	-6.56979 2.12786 6.55485	
4.44	-6.18056 1.90911 6.03317	
4.45	-3.83333 0.520163 3.48296	
4.46	-3.67655 0.507026 3.36847	
4.47	-4.25676 0.686418 4.21625	
4.48	-3.56989 0.610644 6.71301	
4.49	-1.42258 -0.562221 11.3244	
4.5	-1.37603 -0.538835 10.8953	
4.51	-1.32913 -0.517494 10.481	
4.52	-1.28293 -0.497536 10.0814	
4.53	-1.24269 -0.475784 9.69729	
4.54	-0.630129 -0.633733 8.9383	
4.55	-0.717981 -0.68784 8.83954	
4.56	-0.713103 -0.652304 8.5027	
4.57	-0.689897 -0.627291 8.17519	
4.58	0.122884 -1.33303 6.39431	
4.59	0.118149 -1.28369 6.14383	
4.6	0.112358 -1.23806 5.90221	
4.61	0.107257 -1.19393 5.66904	
4.62	0.100566 -1.1511 5.44613	
4.63	0.0839432 -1.12094 5.2327	
4.64	0.0053827 -1.20008 5.00805	
4.65	0.863484 -1.36134 4.33153	
4.66	1.58434 -2.12523 1.35406	
4.67	0.717583 -1.7823 1.25943	
4.68	-0.557788 -1.09967 1.83034	
4.69	-1.46163 -0.363599 2.7037	
4.7	0.152581 -1.04839 1.8377	
4.71	0.250736 -0.00824148 4.46597	
4.72	0.452309 0.0872774 5.10403	
4.73	0.433819 0.097161 4.85976	
4.74	0.360389 0.227404 13.047	
4.75	-0.75254 -1.99951 6.21937	
4.76	-0.284967 -0.03676 20.0002	
4.77	-2.73447 -6.41014 7.05369	
4.78	-0.249274 0.394193 30.1328	
4.79	2.91667 -3.02753 8.73851	
4.8	2.83369 -3.83795 6.10424	
4.81	2.62576 -4.22474 4.27263	
4.82	2.60517 -5.13076 3.06492	
4.83	2.77702 -5.51717 2.78955	
4.84	-2.22497 -4.75059 26.1776	
4.85	2.47187 -17.1919 5.28307	
4.86	3.14456 -17.3627 5.74869	
4.87	6.07989 -12.7228 5.9772	
4.88	5.91547 -13.7715 2.48979	
4.89	8.76904 -10.125 0.286165	
4.9	9.04482 -10.3882 -1.50354	
4.91	9.4182 -9.35646 -1.66804	
4.92	9.10745 -9.22633 -2.09321	
4.93	9.65 -8.07241 -2.43267	
4.94	9.37754 -7.81178 -2.21122	
4.95	10.9526 -5.51649 -1.60683	
4.96	10.6417 -5.57053 -1.49792	
4.97	10.3501 -5.64148 -1.39008	
4.98	9.96063 -5.55987 -1.4312	
4.99	13.9218 3.48416 -2.14998	
5	14.2704 5.12007 -0.552372	
5.01	6.81726 11.4336 -4.44815	
5.02	0.224706 -3.72303 3.63507	
5.03	1.06559 -4.0672 1.99315	
5.04	0.85423 -2.48966 -2.2814	
5.05	-14.7242 0.24086 0.0160652	
5.06	11.762 -3.74916 -9.72875	
5.07	11.2369 -3.55849 -9.40922	
5.08	10.7287 -3.39475 -9.23149	
5.09	-15.7749 -6.66706 -1.27297	
5.1	-23.273 -6.83603 -3.14295	
5.11	-26.9866 -5.23707 -6.54445	
5.12	-25.9453 -4.56888 -6.21371	
5.13	-24.9179 -3.91419 -5.90721	
5.14	-23.1039 -2.1454 -6.0284	
5.15	-21.5927 -0.865714 -6.15122	
5.16	-22.0178 -4.02131 -5.22263	
5.17	-20.0828 -2.15552 -6.01108	
5.18	-19.3067 -2.11534 -5.79496	
5.19	-14.3834 -1.0477 -4.06727	
5.2	-14.502 -0.136954 -6.71805	
5.21	-7.78811 1.48479 -6.32223	
5.22	-14.1157 2.80517 -14.6423	
5.23	10.0513 -0.890075 -5.89351	
5.24	4.21324 0.773648 -6.67331	
5.25	-4.93422 -5.55745 -27.7197	
5.26	-5.53503 -6.43526 -25.4821	
5.27	-5.33757 -6.08309 -24.4023	
5.28	-6.65016 -6.93525 -20.9465	
5.29	-8.0809 -7.59957 -17.7925	
5.3	-1.40375 0.467122 -34.6453	
5.31	0.0535302 2.38423 -30.254	
5.32	-0.261054 0.963179 -26.8696	
5.33	4.09011 -1.49278 -22.2444	
5.34	3.30971 -1.62473 -21.1645	
5.35	3.14952 -1.59143 -20.492	
5.36	8.20487 -1.17055 -16.0267	
5.37	9.40219 0.792033 -11.873	
5.38	-4.18829 -0.0669224 -2.03026	
5.39	-7.75576 -0.83131 -7.1424	
5.4	-5.99581 -1.44731 -8.53144	
5.41	1.25586 -2.14021 -10.8307	
5.42	-0.822962 -1.18014 -9.39776	
5.43	-2.66456 -0.0765172 -6.50042	
5.44	-2.58722 -0.0631767 -6.27644	
5.45	-2.53813 -0.0365092 -6.0533	
5.46	-2.48831 -0.012011 -5.83293	
5.47	-2.46223 0.0238189 -5.60208	
5.48	-2.4819 0.0836298 -5.33001	
5.49	-2.50722 0.146137 -5.01211	
5.5	-2.4664 0.171302 -4.71213	
5.51	-2.37676 0.166824 -4.49178	
5.52	-2.27089 0.150627 -4.33469	
5.53	-2.17498 0.137904 -4.19829	
5.54	-2.09212 0.130932 -4.06032	
5.55	-2.01134 0.123698 -3.92801	
5.56	-1.91622 0.107252 -3.80933	
5.57	-1.82217 0.0905551 -3.67868	
5.58	-1.74196 0.0800964 -3.55092	
5.59	-1.66202 0.0686368 -3.42635	
5.6	-1.61017 0.0705721 -3.32541	
5.61	-1.56817 0.0767329 -3.22725	
5.62	-1.52325 0.0806773 -3.11766	
5.63	2.27929 4.06198 -1.47627	
5.64	2.19892 3.91773 -1.44036	
5.65	2.09675 3.74641 -1.51254	
5.66	1.95137 3.51874 -1.67933	
5.67	1.67755 3.1186 -1.92214	
5.68	1.48404 2.82629 -1.96417	
5.69	1.41493 2.70307 -1.91891	
5.7	1.36506 2.60696 -1.86694	
5.71	1.31766 2.51523 -1.81629	
5.72	1.27279 2.42792 -1.76769	
5.73	1.23011 2.34455 -1.72034	
5.74	1.18873 2.26385 -1.67488	
5.75	1.14815 2.18514 -1.6312	
5.76	1.10973 2.11023 -1.58928	
5.77	1.07093 2.03564 -1.54958	
5.78	1.03556 1.96648 -1.51031	
5.79	1.00022 1.89813 -1.47315	
5.8	0.965618 1.83153 -1.43743	
5.81	0.931908 1.76686 -1.40363	
5.82	0.900452 1.70592 -1.37016	
5.83	0.868538 1.64504 -1.33895	
5.84	0.838349 1.58713 -1.30888	
5.85	0.809558 1.53173 -1.2792	
