# Gnuplot File : positions of 1 particle(s) Monitored
# 1st Column : time, others : particle(s) number 0 
0.01	7.54133 13.2202 3.52767	
0.02	7.54133 13.2202 3.52748	
0.03	7.54132 13.2203 3.52931	
0.04	7.54133 13.2202 3.52713	
0.05	7.54133 13.2202 3.52697	
0.06	7.54133 13.2202 3.52681	
0.07	7.54133 13.2202 3.52665	
0.08	7.54133 13.2202 3.5265	
0.09	7.54133 13.2202 3.52636	
0.1	7.54133 13.2202 3.52622	
0.11	7.54133 13.2202 3.52609	
0.12	7.54133 13.2202 3.52596	
0.13	7.54133 13.2202 3.52584	
0.14	7.54133 13.2202 3.52572	
0.15	7.54133 13.2202 3.5256	
0.16	7.54133 13.2202 3.52549	
0.17	7.54133 13.2202 3.52538	
0.18	7.54133 13.2202 3.52528	
0.19	7.51831 13.261 3.58852	
0.2	7.51081 13.2767 3.62314	
0.21	7.50903 13.2806 3.63175	
0.22	7.50844 13.2819 3.63456	
0.23	7.53578 13.2291 3.53025	
0.24	7.57282 13.1713 3.39529	
0.25	7.61717 13.1157 3.26974	
0.26	7.67963 13.0514 3.12496	
0.27	7.70318 13.0287 3.08306	
0.28	7.70636 13.027 3.07109	
0.29	7.70636 13.0266 3.0733	
0.3	7.70636 13.0275 3.06868	
0.31	7.7142 13.0205 3.05461	
0.32	7.72455 13.0114 3.03626	
0.33	7.72364 13.0124 3.0369	
0.34	7.66557 13.0649 3.15424	
0.35	7.40283 12.562 3.99103	
0.36	7.16218 12.065 5.11767	
0.37	7.1555 11.4692 6.21686	
0.38	7.16317 10.6925 7.31101	
0.39	7.27372 10.2176 8.73657	
0.4	7.55438 9.72013 10.28	
0.41	8.05851 9.06648 11.4096	
0.42	8.54446 8.28947 12.046	
0.43	8.9666 7.52628 12.2034	
0.44	9.25662 6.99956 12.1661	
0.45	9.45814 6.64704 12.0435	
0.46	9.5287 6.48318 11.9941	
0.47	9.56362 6.30949 11.7653	
0.48	9.76795 6.06782 11.4371	
0.49	9.97272 5.96777 11.4375	
0.5	10.0558 5.90925 11.4756	
0.51	10.0275 5.78217 11.5526	
0.52	9.92987 5.50796 11.6509	
0.53	9.68182 5.11143 11.716	
0.54	9.53028 4.71272 11.7306	
0.55	9.10156 4.33262 11.6294	
0.56	8.76124 4.05718 11.2638	
0.57	8.63594 3.7307 10.4404	
0.58	8.6223 3.57839 9.67891	
0.59	8.62109 3.37453 9.04624	
0.6	8.99262 3.2351 8.49558	
0.61	9.34838 3.22247 8.24516	
0.62	9.6527 3.35184 8.30092	
0.63	9.99159 3.53182 8.3061	
0.64	10.2621 3.9171 8.44459	
0.65	10.4356 4.42072 8.91607	
0.66	10.5336 4.93573 9.24213	
0.67	10.5687 5.41542 9.10674	
0.68	10.6289 5.6822 8.89784	
0.69	10.7087 5.95734 8.60792	
0.7	10.7199 6.13798 8.15466	
0.71	10.738 6.15098 7.67307	
0.72	10.7704 6.17657 7.5087	
0.73	10.8066 6.14349 7.21112	
0.74	10.892 6.09037 6.89232	
0.75	10.9425 6.12211 6.69563	
0.76	10.9416 6.26509 6.54461	
0.77	10.9966 6.38715 6.48966	
0.78	11.148 6.4136 6.49737	
0.79	11.3738 6.41589 6.51162	
0.8	11.5807 6.42365 6.50899	
0.81	11.74 6.45611 6.49241	
0.82	11.9426 6.46761 6.48623	
0.83	12.1155 6.47236 6.47089	
0.84	12.3206 6.48722 6.47116	
0.85	12.4977 6.48829 6.43678	
0.86	12.5555 6.50682 6.33633	
0.87	12.5373 6.54157 6.24694	
0.88	12.5139 6.58405 6.23025	
0.89	12.5129 6.59122 6.23344	
0.9	12.5232 6.57652 6.22197	
0.91	12.5485 6.57631 6.22409	
0.92	12.5966 6.58963 6.22782	
0.93	12.639 6.60844 6.20067	
0.94	12.6866 6.64386 6.16145	
0.95	12.7095 6.69961 6.12229	
0.96	12.7556 6.72405 6.08446	
0.97	12.798 6.72943 6.06901	
0.98	12.7978 6.72179 6.0629	
0.99	12.7955 6.70625 6.04862	
1	12.7958 6.70069 6.04734	
1.01	12.7935 6.7007 6.04721	
1.02	12.7853 6.69625 6.04283	
1.03	12.7833 6.69071 6.04142	
1.04	12.7843 6.68962 6.03418	
1.05	12.7828 6.69717 6.01415	
1.06	12.7918 6.68606 5.9685	
1.07	12.7936 6.67283 5.89708	
1.08	12.7952 6.65289 5.83812	
1.09	12.7923 6.63209 5.75666	
1.1	12.7902 6.61874 5.69482	
1.11	12.7796 6.60915 5.63662	
1.12	12.7841 6.59037 5.57732	
1.13	12.7763 6.57329 5.52431	
1.14	12.7814 6.55165 5.44913	
1.15	12.7745 6.53405 5.37722	
1.16	12.773 6.53327 5.33185	
1.17	12.7699 6.55204 5.3018	
1.18	12.7741 6.56963 5.29092	
1.19	12.7717 6.59262 5.26972	
1.2	12.7642 6.60634 5.25403	
1.21	12.7582 6.61641 5.23759	
1.22	12.7634 6.62104 5.2272	
1.23	12.7669 6.61773 5.22195	
1.24	12.759 6.63693 5.219	
1.25	12.7548 6.65021 5.21843	
1.26	12.7508 6.654 5.21912	
1.27	12.7479 6.65193 5.22203	
1.28	12.7413 6.6508 5.22203	
1.29	12.7327 6.64675 5.21741	
1.3	12.7333 6.64372 5.21293	
1.31	12.7319 6.64277 5.19409	
1.32	12.7224 6.63898 5.15225	
1.33	12.6981 6.67018 5.08333	
1.34	12.6757 6.69792 5.02401	
1.35	12.677 6.7181 4.98793	
1.36	12.6722 6.73433 4.94739	
1.37	12.6695 6.74402 4.90142	
1.38	12.6544 6.76036 4.85806	
1.39	12.6247 6.80289 4.82986	
1.4	12.6052 6.84568 4.80559	
1.41	12.5785 6.89572 4.76533	
1.42	12.5581 6.92752 4.71173	
1.43	12.5465 6.96116 4.65501	
1.44	12.5331 6.98379 4.62078	
1.45	12.517 7.02127 4.58739	
1.46	12.5115 7.05847 4.56912	
1.47	12.5017 7.10191 4.5488	
1.48	12.4905 7.13928 4.54151	
1.49	12.4856 7.17048 4.53639	
1.5	12.4824 7.1833 4.5292	
1.51	12.4802 7.19044 4.51282	
1.52	12.4797 7.18912 4.4826	
1.53	12.4807 7.19638 4.45543	
1.54	12.4743 7.2095 4.44803	
1.55	12.4724 7.23626 4.43459	
1.56	12.4652 7.25759 4.42246	
1.57	12.4637 7.26134 4.42364	
1.58	12.4654 7.26482 4.4251	
1.59	12.4654 7.26482 4.4251	
1.6	12.4654 7.26482 4.4251	
1.61	12.4651 7.2626 4.42809	
1.62	12.4643 7.27079 4.4233	
1.63	12.4598 7.29468 4.41614	
1.64	12.4541 7.32456 4.40723	
1.65	12.447 7.3582 4.3996	
1.66	12.4484 7.38126 4.38455	
1.67	12.4411 7.42337 4.34279	
1.68	12.4338 7.45367 4.28981	
1.69	12.422 7.5036 4.21758	
1.7	12.3992 7.56574 4.11674	
1.71	12.3837 7.62714 3.99318	
1.72	12.3748 7.66708 3.8622	
1.73	12.3609 7.69469 3.74476	
1.74	12.3519 7.7182 3.66709	
1.75	12.3466 7.72705 3.61771	
1.76	12.3421 7.73491 3.57161	
1.77	12.3387 7.74545 3.54163	
1.78	12.3307 7.77587 3.53106	
1.79	12.3283 7.81451 3.52724	
1.8	12.3361 7.84559 3.52809	
1.81	12.3468 7.86674 3.52082	
1.82	12.3502 7.89667 3.51693	
1.83	12.3709 7.94388 3.51236	
1.84	12.3828 8.00263 3.50775	
1.85	12.4024 8.08496 3.50953	
1.86	12.4223 8.15816 3.51864	
1.87	12.4624 8.2136 3.52729	
1.88	12.5182 8.23777 3.5322	
1.89	12.6053 8.26975 3.55313	
1.9	12.6825 8.3062 3.57566	
1.91	12.738 8.38413 3.58956	
1.92	12.7649 8.4463 3.58959	
1.93	12.7801 8.51239 3.59641	
1.94	12.7951 8.55336 3.59229	
1.95	12.8146 8.57577 3.58902	
1.96	12.81 8.60468 3.58627	
1.97	12.8014 8.62873 3.58174	
1.98	12.7968 8.65764 3.57909	
1.99	12.8006 8.68532 3.57949	
2	12.8006 8.73306 3.57392	
2.01	12.7897 8.80871 3.56598	
2.02	12.7789 8.89851 3.5535	
2.03	12.7845 8.98715 3.54741	
2.04	12.8068 9.06736 3.54371	
2.05	12.8589 9.13408 3.54333	
2.06	12.9331 9.1976 3.54205	
2.07	13.0138 9.26037 3.53907	
2.08	13.1213 9.32771 3.53916	
2.09	13.2344 9.39905 3.53424	
2.1	13.3498 9.45882 3.52901	
2.11	13.4447 9.54299 3.52521	
2.12	13.4853 9.62611 3.51493	
2.13	13.5169 9.70418 3.5079	
2.14	13.537 9.76457 3.49494	
2.15	13.5228 9.80609 3.48853	
2.16	13.504 9.83322 3.48824	
2.17	13.4863 9.83913 3.48508	
2.18	13.4619 9.85697 3.46024	
2.19	13.436 9.88384 3.43184	
2.2	13.4219 9.92294 3.39492	
2.21	13.4043 9.96358 3.34778	
2.22	13.3871 10.0052 3.2807	
2.23	13.3774 10.0214 3.21893	
2.24	13.3748 10.0076 3.17016	
2.25	13.3859 9.96829 3.10299	
2.26	13.3618 9.91263 3.01597	
2.27	13.3427 9.8948 2.9257	
2.28	13.3246 9.92268 2.88032	
2.29	13.3151 9.97169 2.88181	
2.3	13.303 10.0113 2.87902	
2.31	13.3023 10.0364 2.85938	
2.32	13.2925 10.0601 2.84795	
2.33	13.2778 10.0887 2.84608	
2.34	13.2741 10.1201 2.84949	
2.35	13.2747 10.1323 2.8413	
2.36	13.279 10.1472 2.8307	
2.37	13.2714 10.1669 2.80164	
2.38	13.2615 10.1995 2.76938	
2.39	13.2549 10.224 2.72006	
2.4	13.2648 10.2312 2.66444	
2.41	13.2702 10.2261 2.60929	
2.42	13.265 10.2355 2.56363	
2.43	13.2605 10.243 2.51296	
2.44	13.2677 10.2418 2.43713	
2.45	13.2565 10.2598 2.36537	
2.46	13.2771 10.2303 2.50823	
2.47	13.3018 10.2711 2.4716	
2.48	13.3276 10.3217 2.5381	
2.49	13.3767 10.3693 2.47062	
2.5	13.4162 10.4177 2.49264	
2.51	13.4864 10.4678 2.4732	
2.52	13.4907 10.4656 2.40671	
2.53	13.4874 10.4476 2.34444	
2.54	13.4834 10.309 2.11925	
2.55	13.4009 10.1202 1.71833	
2.56	13.2294 9.92608 1.35272	
2.57	12.9325 9.86336 1.08308	
2.58	12.7154 9.76869 0.930493	
2.59	12.2475 9.77585 0.763746	
2.6	11.5546 9.7433 0.561286	
2.61	10.8745 9.81201 0.604946	
2.62	10.1785 9.77889 0.657534	
2.63	10.158 9.55366 0.654896	
2.64	9.86416 9.59856 0.711796	
2.65	9.18723 9.57452 0.826363	
2.66	9.10628 9.773 0.873494	
2.67	8.01443 10.1608 1.94164	
2.68	8.05188 10.1842 2.61887	
2.69	7.85814 10.2452 2.9142	
2.7	7.98063 10.2646 3.17635	
2.71	7.80978 10.1684 3.29482	
2.72	7.8056 10.1032 3.63564	
2.73	7.8056 9.95307 3.72197	
2.74	7.80675 9.83833 3.73826	
2.75	7.80419 9.69135 3.73246	
2.76	7.75451 9.56632 3.83225	
2.77	7.76023 9.40122 3.85247	
2.78	7.76685 9.18839 3.88709	
2.79	7.77656 9.01997 3.89186	
2.8	7.78105 8.92073 3.88942	
2.81	7.78453 8.85105 3.88955	
2.82	7.7819 8.77235 3.93753	
2.83	7.79223 8.61593 4.15062	
2.84	7.8162 8.32503 4.31613	
2.85	7.82556 8.02498 4.66334	
2.86	7.84432 7.78049 5.09098	
2.87	7.85133 7.45124 5.45445	
2.88	7.83759 7.07873 5.46848	
2.89	7.84472 6.66035 5.45833	
2.9	7.85606 6.22618 5.47821	
2.91	7.87879 5.74721 5.49969	
2.92	7.90232 5.30857 5.47656	
2.93	7.91546 5.00766 5.46071	
2.94	7.98217 4.79057 5.41138	
2.95	8.04939 4.57316 5.4287	
2.96	8.11833 4.42634 5.63567	
2.97	8.27237 4.22323 5.82129	
2.98	8.37703 3.96804 5.8867	
2.99	8.54348 3.7938 5.95306	
3	8.65278 3.68818 5.97013	
3.01	8.70954 3.62075 6.02787	
3.02	8.80366 3.49511 6.01202	
3.03	9.00934 3.27543 6.05237	
3.04	9.2293 3.1015 6.05296	
3.05	9.58267 2.94307 6.03516	
3.06	10.09 2.7414 6.06845	
3.07	10.4794 2.54975 6.04314	
3.08	10.8556 2.32455 6.02404	
3.09	11.0956 2.13356 6.06549	
3.1	11.2975 2.02165 6.08767	
3.11	11.4291 1.97304 6.09262	
3.12	11.5125 1.92342 6.08611	
3.13	11.7461 1.87673 6.09029	
3.14	11.8864 1.83045 6.03397	
3.15	11.9291 1.74268 6.05545	
3.16	11.9546 1.72347 6.0236	
3.17	12.0047 1.7554 5.93001	
3.18	12.0197 1.86 5.66572	
3.19	12.0801 2.07157 5.36052	
3.2	12.0267 2.25943 4.94721	
3.21	12.0002 2.43761 4.7745	
3.22	11.9874 2.59698 4.68855	
3.23	12.0684 2.79977 4.59304	
3.24	12.4383 3.02843 4.50926	
3.25	12.6905 3.27391 4.40871	
3.26	12.7554 3.49014 4.29911	
3.27	12.7382 3.66208 4.18002	
3.28	12.8138 3.77735 4.01903	
3.29	12.9064 3.82596 3.76285	
3.3	13.0714 3.87193 3.68144	
3.31	13.1545 3.93074 3.62515	
3.32	13.3937 3.97213 3.60063	
3.33	13.6632 4.06026 3.58016	
3.34	13.9163 4.1707 3.53397	
3.35	13.9935 4.23953 3.43636	
3.36	14.0231 4.25705 3.36035	
3.37	13.991 4.32827 3.21175	
3.38	13.9435 4.37692 3.05518	
3.39	13.8952 4.38546 2.94694	
3.4	13.8608 4.3574 2.76519	
3.41	13.8502 4.40779 2.59369	
3.42	13.8486 4.50117 2.47476	
3.43	13.84 4.57789 2.34592	
3.44	13.7788 4.66027 2.2966	
3.45	13.7283 4.83348 2.37369	
3.46	13.6737 5.06006 2.27587	
3.47	13.5557 5.32471 2.26367	
3.48	13.402 5.30612 2.14037	
3.49	13.2943 5.45103 1.44684	
3.5	12.7691 5.19496 1.11827	
3.51	12.5618 5.23262 0.942633	
3.52	11.4564 4.91375 0.96888	
3.53	11.3728 4.98482 1.04936	
3.54	10.7566 4.71271 0.752755	
3.55	10.4735 4.96911 0.722737	
3.56	10.1153 4.75979 0.455119	
3.57	10.4248 4.66102 0.359382	
3.58	9.74788 4.75779 0.502549	
3.59	9.6818 4.6718 0.376966	
3.6	9.25732 4.73262 0.342317	
3.61	9.06001 4.7109 0.245898	
3.62	8.80712 4.66764 0.115477	
3.63	7.76769 4.88443 2.87478	
3.64	7.81977 4.84192 3.28722	
3.65	7.64208 4.48753 4.09249	
3.66	7.5341 4.35431 4.22189	
3.67	7.20181 4.21157 4.62931	
3.68	6.56377 4.02267 5.22372	
3.69	6.12332 3.95111 5.53016	
3.7	5.77899 4.05093 5.83925	
3.71	5.4873 4.33529 6.42183	
3.72	5.50882 4.66109 6.55771	
3.73	5.52505 5.19401 6.32656	
3.74	5.59114 5.88048 6.2282	
3.75	5.74867 6.67259 6.4661	
3.76	5.84398 7.38359 6.58256	
3.77	6.01608 8.08634 6.45045	
3.78	6.6709 8.68299 6.41343	
3.79	6.92718 9.2185 6.34031	
3.8	6.92819 9.7607 6.24242	
3.81	6.95068 10.2369 6.23036	
3.82	6.96092 10.483 6.22268	
3.83	6.96173 10.6794 6.2262	
3.84	6.97668 10.975 6.15174	
3.85	6.96176 10.8765 5.87101	
3.86	6.99706 10.9309 5.72184	
3.87	6.99117 11.2121 5.66089	
3.88	6.95159 11.2132 5.64322	
3.89	6.96533 11.1787 5.61447	
3.9	7.26666 10.6916 5.28787	
3.91	7.7398 10.5626 4.73878	
3.92	7.70334 11.5056 4.81624	
3.93	7.704 12.1348 4.67233	
3.94	7.75114 12.6252 4.11831	
3.95	7.45032 13.5029 4.06265	
3.96	7.45254 13.4692 3.99428	
3.97	7.45733 13.4282 3.9056	
3.98	7.46974 13.3748 3.79508	
3.99	7.48456 13.3305 3.70235	
4	7.50438 13.2858 3.61778	
4.01	7.5424 13.2168 3.47255	
4.02	7.55341 13.1999 3.4376	
4.03	7.4943 13.3088 3.66695	
4.04	7.46642 13.3894 3.82738	
4.05	7.45436 13.4841 4.03442	
4.06	7.45975 13.5588 4.19923	
4.07	7.48163 13.6414 4.38374	
4.08	7.48475 13.6496 4.40193	
4.09	7.48511 13.6473 4.39974	
4.1	7.48546 13.6475 4.40057	
4.11	7.48579 13.6477 4.40142	
4.12	7.48754 13.645 4.40258	
4.13	7.48785 13.6441 4.40198	
