# Gnuplot File : positions of 1 particle(s) Monitored
# 1st Column : time, others : particle(s) number 0 
0.01	6.61882 30.0428 -8.53547	
0.02	6.62533 30.0432 -8.5359	
0.03	6.61882 30.0428 -8.53657	
0.04	6.62533 30.0432 -8.5368	
0.05	6.61882 30.0428 -8.53731	
0.06	6.61882 30.0428 -8.53758	
0.07	6.62533 30.0432 -8.53763	
0.08	6.61882 30.0428 -8.53798	
0.09	6.62533 30.0432 -8.53796	
0.1	6.62533 30.0432 -8.53808	
0.11	6.62533 30.0432 -8.53818	
0.12	6.6198 30.043 -8.538	
0.13	6.62533 30.0432 -8.53833	
0.14	6.6198 30.043 -8.53812	
0.15	6.62533 30.0432 -8.53843	
0.16	6.62533 30.0432 -8.53847	
0.17	6.62533 30.0432 -8.5385	
0.18	6.62533 30.0432 -8.53852	
0.19	6.62533 30.0432 -8.53854	
0.2	6.62533 30.0432 -8.53856	
0.21	6.62533 30.0432 -8.53857	
0.22	6.62533 30.0432 -8.53858	
0.23	6.62533 30.0432 -8.53859	
0.24	6.62533 30.0432 -8.5386	
0.25	6.62631 30.0434 -8.53817	
0.26	6.62533 30.0432 -8.53861	
0.27	6.62533 30.0432 -8.53861	
0.28	6.62533 30.0432 -8.53862	
0.29	6.62533 30.0432 -8.53862	
0.3	6.61882 30.0428 -8.5388	
0.31	6.62533 30.0432 -8.53862	
0.32	6.61882 30.0428 -8.5388	
0.33	6.62533 30.0432 -8.53862	
0.34	6.62533 30.0432 -8.53862	
0.35	6.61882 30.0428 -8.5388	
0.36	6.61783 30.0426 -8.53923	
0.37	6.61882 30.0428 -8.5388	
0.38	6.62533 30.0432 -8.53862	
0.39	6.63184 30.0436 -8.53845	
0.4	6.61882 30.0428 -8.5388	
0.41	6.62533 30.0432 -8.53862	
0.42	6.62533 30.0432 -8.53862	
0.43	6.61881 30.0453 -8.53082	
0.44	6.62533 30.0432 -8.53862	
0.45	6.62435 30.043 -8.53906	
0.46	6.62533 30.0432 -8.53862	
0.47	6.62533 30.0432 -8.53862	
0.48	6.62533 30.0432 -8.53862	
0.49	6.62533 30.0432 -8.53862	
0.5	6.62533 30.0432 -8.53862	
0.51	6.61882 30.0428 -8.5388	
0.52	6.62533 30.0432 -8.53862	
0.53	6.62533 30.0432 -8.53862	
0.54	6.62533 30.0407 -8.54659	
0.55	6.61882 30.0428 -8.5388	
0.56	6.6198 30.043 -8.53836	
0.57	6.62533 30.0432 -8.53862	
0.58	6.62533 30.0432 -8.53862	
0.59	6.61882 30.0428 -8.5388	
0.6	6.62533 30.0432 -8.53862	
0.61	6.62533 30.0432 -8.53862	
0.62	6.62533 30.0432 -8.53862	
0.63	6.62533 30.0432 -8.53862	
0.64	6.62533 30.0432 -8.53862	
0.65	6.62533 30.0432 -8.53862	
0.66	6.62533 30.0432 -8.53862	
0.67	6.62631 30.0434 -8.53819	
0.68	6.62533 30.0432 -8.53862	
0.69	6.62533 30.0432 -8.53862	
0.7	6.62533 30.0432 -8.53862	
0.71	6.62533 30.0432 -8.53862	
0.72	6.62533 30.0407 -8.54659	
0.73	6.62435 30.043 -8.53906	
0.74	6.62533 30.0432 -8.53862	
0.75	6.61882 30.0428 -8.5388	
0.76	6.61882 30.0428 -8.5388	
0.77	6.62533 30.0432 -8.53862	
0.78	6.61882 30.0428 -8.5388	
0.79	6.62533 30.0432 -8.53862	
0.8	6.61882 30.0428 -8.5388	
0.81	6.6198 30.043 -8.53836	
0.82	6.62533 30.0432 -8.53862	
0.83	6.61882 30.0428 -8.5388	
0.84	6.62533 30.0432 -8.53862	
0.85	6.62533 30.0432 -8.53862	
0.86	6.62533 30.0432 -8.53862	
0.87	6.6198 30.043 -8.53836	
0.88	6.62533 30.0432 -8.53862	
0.89	6.62533 30.0407 -8.54659	
0.9	6.62533 30.0432 -8.53862	
0.91	6.62533 30.0432 -8.53862	
0.92	6.62533 30.0432 -8.53862	
0.93	6.62533 30.0432 -8.53862	
0.94	6.62533 30.0432 -8.53862	
0.95	6.62533 30.0432 -8.53862	
0.96	6.62533 30.0407 -8.54659	
0.97	6.62533 30.0432 -8.53862	
0.98	6.62533 30.0407 -8.54659	
0.99	6.61882 30.0428 -8.5388	
1	6.61882 30.0428 -8.5388	
1.01	6.62533 30.0432 -8.53862	
1.02	6.62533 30.0432 -8.53862	
1.03	6.63184 30.0436 -8.53845	
1.04	6.62533 30.0432 -8.53862	
1.05	6.62533 30.0432 -8.53862	
1.06	6.61882 30.0428 -8.5388	
1.07	6.62631 30.0434 -8.53819	
1.08	6.61882 30.0428 -8.5388	
1.09	6.62533 30.0432 -8.53862	
1.1	6.62533 30.0432 -8.53862	
1.11	6.62533 30.0432 -8.53862	
1.12	6.6198 30.043 -8.53836	
1.13	6.62631 30.0434 -8.53819	
1.14	6.62533 30.0432 -8.53862	
1.15	6.62533 30.0432 -8.53862	
1.16	6.62533 30.0432 -8.53862	
1.17	6.62533 30.0432 -8.53862	
1.18	6.62533 30.0432 -8.53862	
1.19	6.62533 30.0432 -8.53862	
1.2	6.62533 30.0407 -8.54659	
1.21	6.62533 30.0432 -8.53862	
1.22	6.61882 30.0428 -8.5388	
1.23	6.61882 30.0428 -8.5388	
1.24	6.62533 30.0432 -8.53862	
1.25	6.62533 30.0432 -8.53862	
1.26	6.6198 30.043 -8.53836	
1.27	6.62533 30.0432 -8.53862	
1.28	6.62533 30.0432 -8.53862	
1.29	6.62533 30.0432 -8.53862	
1.3	6.62533 30.0432 -8.53862	
1.31	6.62631 30.0434 -8.53819	
1.32	6.62631 30.0434 -8.53819	
1.33	6.62533 30.0432 -8.53862	
1.34	6.62533 30.0432 -8.53862	
1.35	6.62533 30.0432 -8.53862	
1.36	6.62533 30.0432 -8.53862	
1.37	6.62533 30.0432 -8.53862	
1.38	6.62533 30.0432 -8.53862	
1.39	6.62533 30.0432 -8.53862	
1.4	6.62533 30.0432 -8.53862	
1.41	6.62533 30.0432 -8.53862	
1.42	6.62533 30.0407 -8.54659	
1.43	6.62533 30.0407 -8.54659	
1.44	6.62533 30.0432 -8.53862	
1.45	6.62533 30.0432 -8.53862	
1.46	6.61882 30.0428 -8.5388	
1.47	6.61882 30.0428 -8.5388	
1.48	6.62533 30.0432 -8.53862	
1.49	6.62533 30.0432 -8.53862	
1.5	6.62533 30.0432 -8.53862	
1.51	6.62533 30.0432 -8.53862	
1.52	6.62533 30.0432 -8.53862	
1.53	6.61882 30.0428 -8.5388	
1.54	6.62533 30.0432 -8.53862	
1.55	6.62533 30.0432 -8.53862	
1.56	6.62533 30.0432 -8.53862	
1.57	6.62631 30.0434 -8.53819	
1.58	6.62533 30.0432 -8.53862	
1.59	6.62533 30.0432 -8.53862	
1.6	6.61882 30.0428 -8.5388	
1.61	6.62533 30.0432 -8.53862	
1.62	6.6198 30.043 -8.53836	
1.63	6.62533 30.0432 -8.53862	
1.64	6.62533 30.0432 -8.53862	
1.65	6.62533 30.0432 -8.53862	
1.66	6.62533 30.0432 -8.53862	
1.67	6.61882 30.0428 -8.5388	
1.68	6.62435 30.043 -8.53906	
1.69	6.61882 30.0428 -8.5388	
1.7	6.62533 30.0432 -8.53862	
1.71	6.62533 30.0432 -8.53862	
1.72	6.62533 30.0432 -8.53862	
1.73	6.61882 30.0428 -8.5388	
1.74	6.61882 30.0428 -8.5388	
1.75	6.6198 30.043 -8.53836	
1.76	6.62631 30.0434 -8.53819	
1.77	6.62533 30.0432 -8.53862	
1.78	6.62533 30.0432 -8.53862	
1.79	6.62533 30.0432 -8.53862	
1.8	6.62533 30.0432 -8.53862	
1.81	6.62533 30.0432 -8.53862	
1.82	6.62533 30.0432 -8.53862	
1.83	6.61979 30.0455 -8.53039	
1.84	6.61882 30.0428 -8.5388	
1.85	6.62533 30.0432 -8.53862	
1.86	6.62533 30.0432 -8.53862	
1.87	6.61882 30.0428 -8.5388	
1.88	6.62533 30.0432 -8.53862	
1.89	6.6198 30.043 -8.53836	
1.9	6.62533 30.0432 -8.53862	
1.91	6.61882 30.0428 -8.5388	
1.92	6.61882 30.0428 -8.5388	
1.93	6.61882 30.0428 -8.5388	
1.94	6.61882 30.0428 -8.5388	
1.95	6.61882 30.0428 -8.5388	
1.96	6.61882 30.0428 -8.5388	
1.97	6.62533 30.0432 -8.53862	
1.98	6.62533 30.0432 -8.53862	
1.99	6.62533 30.0432 -8.53862	
2	6.61882 30.0428 -8.5388	
2.01	6.61882 30.0428 -8.5388	
2.02	6.62533 30.0432 -8.53862	
2.03	6.62533 30.0432 -8.53862	
2.04	6.62533 30.0432 -8.53862	
2.05	6.62533 30.0432 -8.53862	
2.06	6.61882 30.0428 -8.5388	
2.07	6.62533 30.0432 -8.53862	
2.08	6.62533 30.0432 -8.53862	
2.09	6.62533 30.0432 -8.53862	
2.1	6.62533 30.0432 -8.53862	
2.11	6.61881 30.0453 -8.53082	
2.12	6.62435 30.043 -8.53906	
2.13	6.61882 30.0428 -8.5388	
2.14	6.62533 30.0432 -8.53862	
2.15	6.63184 30.0436 -8.53845	
2.16	6.62533 30.0432 -8.53862	
2.17	6.62533 30.0432 -8.53862	
2.18	6.62533 30.0432 -8.53862	
2.19	6.62533 30.0432 -8.53862	
2.2	6.61882 30.0428 -8.5388	
2.21	6.62533 30.0432 -8.53862	
2.22	6.62533 30.0432 -8.53862	
2.23	6.62533 30.0432 -8.53862	
2.24	6.62533 30.0432 -8.53862	
2.25	6.62533 30.0432 -8.53862	
2.26	6.61882 30.0428 -8.5388	
2.27	6.6198 30.043 -8.53836	
2.28	6.62533 30.0432 -8.53862	
2.29	6.62533 30.0432 -8.53862	
2.3	6.6198 30.043 -8.53836	
2.31	6.6198 30.043 -8.53836	
2.32	6.62533 30.0432 -8.53862	
2.33	6.62533 30.0432 -8.53862	
2.34	6.61882 30.0428 -8.5388	
2.35	6.62533 30.0432 -8.53862	
2.36	6.62533 30.0432 -8.53862	
2.37	6.62435 30.043 -8.53906	
2.38	6.61882 30.0428 -8.5388	
2.39	6.62533 30.0432 -8.53862	
2.4	6.62533 30.0432 -8.53862	
2.41	6.61882 30.0428 -8.5388	
2.42	6.62533 30.0432 -8.53862	
2.43	6.62533 30.0432 -8.53862	
2.44	6.6198 30.043 -8.53836	
2.45	6.61882 30.0428 -8.5388	
2.46	6.62533 30.0432 -8.53862	
2.47	6.62533 30.0432 -8.53862	
2.48	6.63184 30.0436 -8.53845	
2.49	6.62533 30.0432 -8.53862	
2.5	6.62533 30.0432 -8.53862	
2.51	6.61882 30.0428 -8.5388	
2.52	6.62533 30.0432 -8.53862	
2.53	6.62533 30.0432 -8.53862	
2.54	6.62533 30.0432 -8.53862	
2.55	6.62533 30.0432 -8.53862	
2.56	6.62533 30.0432 -8.53862	
2.57	6.61882 30.0428 -8.5388	
2.58	6.62533 30.0432 -8.53862	
2.59	6.62533 30.0432 -8.53862	
2.6	6.62533 30.0407 -8.54659	
2.61	6.62533 30.0407 -8.54659	
2.62	6.61882 30.0428 -8.5388	
2.63	6.62533 30.0432 -8.53862	
2.64	6.62533 30.0432 -8.53862	
2.65	6.62533 30.0432 -8.53862	
2.66	6.62533 30.0432 -8.53862	
2.67	6.62533 30.0432 -8.53862	
2.68	6.62533 30.0432 -8.53862	
2.69	6.62533 30.0432 -8.53862	
2.7	6.62533 30.0432 -8.53862	
2.71	6.62533 30.0432 -8.53862	
2.72	6.62533 30.0432 -8.53862	
2.73	6.62631 30.0434 -8.53819	
2.74	6.61882 30.0428 -8.5388	
2.75	6.62533 30.0432 -8.53862	
2.76	6.62533 30.0432 -8.53862	
2.77	6.62435 30.043 -8.53906	
2.78	6.62533 30.0432 -8.53862	
2.79	6.61882 30.0428 -8.5388	
2.8	6.62533 30.0432 -8.53862	
2.81	6.62533 30.0432 -8.53862	
2.82	6.62533 30.0432 -8.53862	
2.83	6.62533 30.0432 -8.53862	
2.84	6.62533 30.0407 -8.54659	
2.85	6.6198 30.043 -8.53836	
2.86	6.62533 30.0432 -8.53862	
2.87	6.62533 30.0432 -8.53862	
2.88	6.61882 30.0428 -8.5388	
2.89	6.61882 30.0428 -8.5388	
2.9	6.62533 30.0432 -8.53862	
2.91	6.62533 30.0432 -8.53862	
2.92	6.62533 30.0432 -8.53862	
2.93	6.62533 30.0432 -8.53862	
2.94	6.62533 30.0432 -8.53862	
2.95	6.62533 30.0432 -8.53862	
2.96	6.62533 30.0432 -8.53862	
2.97	6.62533 30.0432 -8.53862	
2.98	6.62533 30.0432 -8.53862	
2.99	6.61882 30.0428 -8.5388	
3	6.62533 30.0432 -8.53862	
3.01	6.62533 30.0432 -8.53862	
3.02	6.62533 30.0432 -8.53862	
3.03	6.62533 30.0432 -8.53862	
3.04	6.62533 30.0432 -8.53862	
3.05	6.62533 30.0432 -8.53862	
3.06	6.62533 30.0432 -8.53862	
3.07	6.62533 30.0432 -8.53862	
3.08	6.62533 30.0432 -8.53862	
3.09	6.62533 30.0432 -8.53862	
3.1	6.62533 30.0432 -8.53862	
3.11	6.62533 30.0432 -8.53862	
3.12	6.62533 30.0432 -8.53862	
3.13	6.62533 30.0432 -8.53862	
3.14	6.62533 30.0432 -8.53862	
3.15	6.62435 30.043 -8.53906	
3.16	6.62533 30.0432 -8.53862	
3.17	6.62533 30.0432 -8.53862	
3.18	6.62533 30.0432 -8.53862	
3.19	6.62533 30.0432 -8.53862	
3.2	6.62533 30.0432 -8.53862	
3.21	6.61882 30.0428 -8.5388	
3.22	6.62533 30.0432 -8.53862	
3.23	6.62533 30.0432 -8.53862	
3.24	6.62533 30.0432 -8.53862	
3.25	6.62533 30.0432 -8.53862	
3.26	6.62533 30.0432 -8.53862	
3.27	6.63184 30.0436 -8.53845	
3.28	6.63184 30.0436 -8.53845	
3.29	6.62533 30.0432 -8.53862	
3.3	6.62533 30.0432 -8.53862	
3.31	6.62533 30.0432 -8.53862	
3.32	6.6198 30.043 -8.53836	
3.33	6.62533 30.0432 -8.53862	
3.34	6.63184 30.0436 -8.53845	
3.35	6.63184 30.0436 -8.53845	
3.36	6.62533 30.0432 -8.53862	
3.37	6.62533 30.0432 -8.53862	
3.38	6.62533 30.0432 -8.53862	
3.39	6.62533 30.0432 -8.53862	
3.4	6.62533 30.0432 -8.53862	
3.41	6.62435 30.043 -8.53906	
3.42	6.63835 30.0441 -8.53828	
3.43	6.63184 30.0436 -8.53845	
3.44	6.62533 30.0432 -8.53862	
3.45	6.62533 30.0432 -8.53862	
3.46	6.62533 30.0432 -8.53862	
3.47	6.63184 30.0436 -8.53845	
3.48	6.63183 30.0411 -8.54642	
3.49	6.63183 30.0411 -8.54642	
3.5	6.63184 30.0436 -8.53845	
3.51	6.63835 30.0441 -8.53828	
3.52	6.63834 30.0415 -8.54625	
3.53	6.63835 30.0441 -8.53828	
3.54	6.63835 30.0441 -8.53828	
3.55	6.63835 30.0441 -8.53828	
3.56	6.64487 30.0445 -8.53812	
3.57	6.63835 30.0441 -8.53828	
3.58	6.63835 30.0441 -8.53828	
3.59	6.63835 30.0441 -8.53828	
3.6	6.63835 30.0441 -8.53828	
3.61	6.63934 30.0443 -8.53785	
3.62	6.63837 30.0466 -8.53031	
3.63	6.63835 30.0441 -8.53828	
3.64	6.63835 30.0441 -8.53828	
3.65	6.63835 30.0441 -8.53828	
3.66	6.64487 30.0445 -8.53812	
3.67	6.65138 30.0449 -8.53795	
3.68	6.64487 30.0445 -8.53812	
3.69	6.65136 30.0424 -8.54592	
3.7	6.65138 30.0449 -8.53795	
3.71	6.65138 30.0449 -8.53795	
3.72	6.65138 30.0449 -8.53795	
3.73	6.65138 30.0449 -8.53795	
3.74	6.65138 30.0449 -8.53795	
3.75	6.65138 30.0449 -8.53795	
3.76	6.65237 30.0451 -8.53752	
3.77	6.65787 30.0428 -8.54576	
3.78	6.65787 30.0428 -8.54576	
3.79	6.6579 30.0453 -8.53779	
3.8	6.6579 30.0453 -8.53779	
3.81	6.65136 30.0424 -8.54592	
3.82	6.6579 30.0453 -8.53779	
3.83	6.6579 30.0453 -8.53779	
3.84	6.65787 30.0428 -8.54576	
3.85	6.63183 30.0411 -8.54642	
3.86	6.63183 30.0411 -8.54642	
3.87	6.61881 30.0453 -8.53082	
3.88	6.63183 30.0411 -8.54642	
3.89	6.62533 30.0432 -8.53862	
3.9	6.62533 30.0432 -8.53862	
3.91	6.62533 30.0432 -8.53862	
3.92	6.62729 30.0436 -8.53775	
3.93	6.62828 30.0413 -8.54529	
3.94	6.63024 30.0417 -8.54443	
3.95	6.63123 30.0444 -8.53603	
3.96	6.63419 30.045 -8.53475	
3.97	6.63715 30.0455 -8.53348	
3.98	6.6421 30.0465 -8.53138	
3.99	6.64707 30.0474 -8.52932	
4	6.66406 30.0505 -8.52251	
4.01	6.66506 30.0507 -8.52212	
4.02	6.67312 30.0521 -8.51904	
4.03	6.68527 30.0541 -8.51457	
4.04	6.69443 30.0556 -8.51132	
4.05	6.70913 30.019 -8.51192	
4.06	6.72601 29.962 -8.52041	
4.07	6.73744 29.8972 -8.52175	
4.08	6.74344 29.8047 -8.5509	
4.09	6.74546 29.7358 -8.5487	
4.1	6.74955 29.6391 -8.55948	
4.11	6.74817 29.5301 -8.56366	
4.12	6.75107 29.431 -8.56662	
4.13	6.74524 29.3464 -8.57881	
4.14	6.73817 29.2764 -8.5769	
4.15	6.72981 29.2046 -8.58	
4.16	6.71476 29.1447 -8.58859	
4.17	6.70621 29.1046 -8.58229	
4.18	6.69649 29.067 -8.58237	
4.19	6.68142 29.0517 -8.57177	
4.2	6.66624 29.0482 -8.55565	
4.21	6.66346 29.0419 -8.54747	
4.22	6.65508 29.0398 -8.54039	
4.23	6.65102 29.0363 -8.52453	
4.24	6.65283 29.021 -8.5284	
4.25	6.6554 29.0116 -8.5164	
4.26	6.66369 28.9871 -8.52025	
4.27	6.66519 28.958 -8.52299	
4.28	6.66564 28.9304 -8.52064	
4.29	6.67291 28.8896 -8.52872	
4.3	6.67986 28.8485 -8.52489	
4.31	6.68115 28.7953 -8.52623	
4.32	6.68807 28.73 -8.53511	
4.33	6.68715 28.6704 -8.54001	
4.34	6.68718 28.5983 -8.5521	
4.35	6.68744 28.5493 -8.55378	
4.36	6.69321 28.4848 -8.55875	
4.37	6.68546 28.4309 -8.55876	
4.38	6.69252 28.3695 -8.56706	
4.39	6.69848 28.3173 -8.56371	
4.4	6.6977 28.268 -8.56432	
4.41	6.698 28.2188 -8.56459	
4.42	6.69718 28.1788 -8.55338	
4.43	6.70335 28.1391 -8.54194	
4.44	6.70265 28.0961 -8.5382	
4.45	6.70989 28.0614 -8.51342	
4.46	6.71607 28.0241 -8.48195	
4.47	6.7224 27.9863 -8.46476	
4.48	6.7286 27.9522 -8.42515	
4.49	6.73491 27.9131 -8.39823	
4.5	6.74112 27.8683 -8.36008	
4.51	6.74762 27.8375 -8.32425	
4.52	6.74671 27.7977 -8.2728	
4.53	6.75294 27.7475 -8.22275	
4.54	6.75961 27.7189 -8.18132	
4.55	6.76608 27.6795 -8.12908	
4.56	6.76525 27.6357 -8.07489	
4.57	6.77169 27.5888 -8.01579	
4.58	6.77847 27.5572 -7.96905	
4.59	6.77659 27.5193 -7.89837	
4.6	6.78345 27.4906 -7.84332	
4.61	6.7839 27.4584 -7.78329	
4.62	6.78204 27.4165 -7.70992	
4.63	6.78903 27.3829 -7.66711	
4.64	6.79602 27.3508 -7.60641	
4.65	6.79554 27.3163 -7.57797	
4.66	6.78744 27.2892 -7.52854	
4.67	6.79574 27.2612 -7.49655	
4.68	6.79424 27.2356 -7.45674	
4.69	6.79372 27.2023 -7.40986	
4.7	6.79326 27.1727 -7.36772	
4.71	6.80059 27.1472 -7.32731	
4.72	6.79355 27.1238 -7.28175	
4.73	6.79205 27.0964 -7.23435	
4.74	6.79944 27.0709 -7.19353	
4.75	6.79116 27.0373 -7.14869	
4.76	6.79852 27.0089 -7.08759	
4.77	6.79018 26.9707 -7.0553	
4.78	6.79749 26.9289 -7.01765	
4.79	6.79695 26.8871 -6.97978	
4.8	6.79632 26.8377 -6.93442	
4.81	6.79578 26.7983 -6.88797	
4.82	6.78707 26.7388 -6.83951	
4.83	6.79446 26.6935 -6.79843	
4.84	6.78598 26.6532 -6.76939	
4.85	6.78551 26.6167 -6.74228	
4.86	6.78714 26.5728 -6.7107	
4.87	6.78658 26.5298 -6.66058	
4.88	6.79619 26.4772 -6.61063	
4.89	6.78769 26.4407 -6.56055	
4.9	6.79162 26.3967 -6.50254	
4.91	6.80156 26.3606 -6.45199	
4.92	6.80349 26.3305 -6.3987	
4.93	6.79733 26.3004 -6.34524	
4.94	6.8052 26.2757 -6.30427	
4.95	6.80822 26.2385 -6.24248	
4.96	6.81613 26.2146 -6.1827	
4.97	6.81484 26.1933 -6.14376	
4.98	6.81569 26.1713 -6.07546	
4.99	6.80959 26.147 -6.01525	
5	6.80934 26.1202 -5.95963	
5.01	6.80917 26.1023 -5.92245	
5.02	6.80784 26.0736 -5.87485	
5.03	6.81589 26.0513 -5.8504	
5.04	6.80022 26.0191 -5.7999	
5.05	6.79892 25.9946 -5.75772	
5.06	6.79041 25.9641 -5.71761	
5.07	6.79122 25.9306 -5.67484	
5.08	6.78164 25.9062 -5.63229	
5.09	6.77422 25.8832 -5.57409	
5.1	6.77389 25.8471 -5.50973	
5.11	6.76532 25.8183 -5.45357	
5.12	6.75677 25.7924 -5.3926	
5.13	6.74927 25.7638 -5.33601	
5.14	6.74785 25.7282 -5.27098	
5.15	6.73937 25.7131 -5.22064	
5.16	6.7402 25.6897 -5.15793	
5.17	6.73998 25.6678 -5.10594	
5.18	6.73975 25.6429 -5.05843	
5.19	6.73124 25.6267 -5.01126	
5.2	6.73101 25.6019 -4.97067	
5.21	6.7308 25.5814 -4.92428	
5.22	6.73063 25.5608 -4.89685	
5.23	6.72319 25.5444 -4.86352	
5.24	6.72312 25.5383 -4.83451	
5.25	6.72192 25.5248 -4.81587	
5.26	6.72289 25.5114 -4.79697	
5.27	6.71445 25.5035 -4.77613	
5.28	6.71434 25.4899 -4.7573	
5.29	6.7059 25.4806 -4.74469	
5.3	6.70581 25.4674 -4.73779	
5.31	6.7057 25.4538 -4.7189	
5.32	6.71289 25.4408 -4.71212	
5.33	6.69716 25.43 -4.70758	
5.34	6.69711 25.4239 -4.69036	
5.35	6.69706 25.4164 -4.68142	
5.36	6.69701 25.4103 -4.66418	
5.37	6.69699 25.4086 -4.65327	
5.38	6.69694 25.4012 -4.64431	
5.39	6.69689 25.395 -4.62705	
5.4	6.68845 25.3844 -4.6226	
5.41	6.68841 25.3786 -4.62455	
5.42	6.68838 25.374 -4.6182	
5.43	6.68832 25.3648 -4.60548	
5.44	6.68828 25.3591 -4.60742	
5.45	6.6882 25.3476 -4.61128	
5.46	6.68815 25.3402 -4.60226	
5.47	6.6824 25.3312 -4.60149	
5.48	6.68233 25.3208 -4.59703	
5.49	6.67392 25.3149 -4.59166	
5.5	6.67652 25.3004 -4.59281	
5.51	6.68026 25.2947 -4.58736	
5.52	6.67074 25.2817 -4.59226	
5.53	6.68179 25.2793 -4.5824	
5.54	6.67448 25.2746 -4.56858	
5.55	6.66878 25.2685 -4.56317	
5.56	6.67714 25.2662 -4.55331	
5.57	6.67037 25.2631 -4.54345	
5.58	6.67146 25.2633 -4.5361	
5.59	6.67417 25.2664 -4.52432	
5.6	6.67418 25.2696 -4.51256	
5.61	6.67688 25.2681 -4.49437	
5.62	6.67689 25.2731 -4.48637	
5.63	6.6712 25.2643 -4.47827	
5.64	6.6712 25.2648 -4.46385	
5.65	6.67389 25.2594 -4.45128	
5.66	6.67387 25.2514 -4.43602	
5.67	6.67656 25.2434 -4.42075	
5.68	6.67652 25.2279 -4.40351	
5.69	6.67923 25.2199 -4.38822	
5.7	6.68193 25.2061 -4.37471	
5.71	6.68191 25.1898 -4.35845	
5.72	6.68463 25.1779 -4.32942	
5.73	6.68736 25.1687 -4.3031	
5.74	6.67899 25.1557 -4.27505	
5.75	6.6901 25.149 -4.23333	
5.76	6.68449 25.1339 -4.20862	
5.77	6.69286 25.1254 -4.15699	
5.78	6.68834 25.1202 -4.11887	
5.79	6.69563 25.1147 -4.07014	
5.8	6.69456 25.1043 -4.03401	
5.81	6.68729 25.0974 -3.97394	
5.82	6.69567 25.0885 -3.93066	
5.83	6.6946 25.0835 -3.88195	
5.84	6.6957 25.0787 -3.83303	
5.85	6.68734 25.0793 -3.76454	
5.86	6.69573 25.0753 -3.7159	
5.87	6.69575 25.0735 -3.65192	
5.88	6.68741 25.0783 -3.57938	
5.89	6.68744 25.0771 -3.51555	
5.9	6.69583 25.0847 -3.45314	
5.91	6.69587 25.0901 -3.37001	
5.92	6.69592 25.0946 -3.29397	
5.93	6.68869 25.1048 -3.21639	
5.94	6.696 25.1169 -3.15035	
5.95	6.69606 25.1293 -3.06636	
5.96	6.69719 25.1431 -2.99343	
5.97	6.68778 25.1631 -2.93044	
5.98	6.69999 25.1814 -2.8539	
5.99	6.69894 25.2059 -2.78584	
6	6.6917 25.2233 -2.72724	
6.01	6.69173 25.252 -2.65539	
6.02	6.69067 25.2762 -2.6055	
6.03	6.69068 25.3059 -2.54496	
6.04	6.69175 25.3367 -2.49543	
6.05	6.69176 25.3708 -2.44055	
6.06	6.69067 25.4038 -2.39421	
6.07	6.69175 25.4439 -2.3382	
6.08	6.69174 25.4772 -2.29205	
6.09	6.69064 25.5144 -2.24227	
6.1	6.69062 25.5518 -2.19256	
6.11	6.68339 25.5883 -2.14094	
6.12	6.6917 25.6264 -2.09167	
6.13	6.69424 25.6711 -2.03288	
6.14	6.69674 25.6992 -1.99783	
6.15	6.68847 25.7244 -1.99394	
6.16	6.69947 25.7489 -2.00727	
6.17	6.69135 25.7654 -2.02268	
6.18	6.70226 25.7898 -2.02245	
6.19	6.70238 25.8096 -2.02528	
6.2	6.70466 25.8503 -1.93205	
6.21	6.71279 25.883 -1.86688	
6.22	6.71155 25.9246 -1.79467	
6.23	6.72082 25.9598 -1.72882	
6.24	6.72074 25.9963 -1.66131	
6.25	6.72895 26.0297 -1.60331	
6.26	6.72889 26.0792 -1.52513	
6.27	6.73711 26.1219 -1.45908	
6.28	6.74534 26.1705 -1.38532	
6.29	6.75357 26.2083 -1.32651	
6.3	6.75352 26.251 -1.26759	
6.31	6.76175 26.2984 -1.1979	
6.32	6.76175 26.3357 -1.13401	
6.33	6.76999 26.3683 -1.08291	
6.34	6.76888 26.4059 -1.03111	
6.35	6.77714 26.4286 -0.986084	
6.36	6.77825 26.4523 -0.943485	
6.37	6.77716 26.4711 -0.913382	
6.38	6.78648 26.489 -0.881199	
6.39	6.78537 26.506 -0.857786	
6.4	6.78645 26.5189 -0.837877	
6.41	6.78537 26.5264 -0.819737	
6.42	6.78533 26.5475 -0.793171	
6.43	6.79462 26.5607 -0.773738	
6.44	6.79351 26.5777 -0.751049	
6.45	6.78738 26.5981 -0.73312	
6.46	6.7873 26.6189 -0.715354	
6.47	6.79052 26.6305 -0.694052	
6.48	6.79048 26.6476 -0.671558	
6.49	6.80075 26.6646 -0.65756	
6.5	6.79959 26.6813 -0.643662	
6.51	6.79242 26.6981 -0.621133	
6.52	6.79236 26.7107 -0.610667	
6.53	6.80256 26.7274 -0.605211	
6.54	6.80254 26.738 -0.582277	
6.55	6.80241 26.7575 -0.571324	
6.56	6.80234 26.7732 -0.555495	
6.57	6.80118 26.7878 -0.537773	
6.58	6.80112 26.7993 -0.525452	
6.59	6.79398 26.8098 -0.502553	
6.6	6.80213 26.8218 -0.490365	
6.61	6.80211 26.8249 -0.484916	
6.62	6.79279 26.8319 -0.476145	
6.63	6.8009 26.8446 -0.474432	
6.64	6.80086 26.852 -0.46564	
6.65	6.80085 26.8551 -0.460234	
6.66	6.80194 26.8598 -0.448374	
6.67	6.80078 26.8679 -0.450125	
6.68	6.80077 26.8711 -0.444733	
6.69	6.79362 26.8751 -0.44118	
6.7	6.80179 26.884 -0.43453	
6.71	6.80278 26.8831 -0.424262	
6.72	6.80275 26.8827 -0.43263	
6.73	6.80272 26.887 -0.429274	
6.74	6.79452 26.8867 -0.429202	
6.75	6.80272 26.887 -0.429274	
6.76	6.80381 26.887 -0.429154	
6.77	6.79558 26.891 -0.425729	
6.78	6.79558 26.891 -0.425729	
6.79	6.80378 26.8913 -0.425799	
6.8	6.79559 26.8957 -0.414009	
6.81	6.79559 26.8957 -0.414009	
6.82	6.80265 26.8998 -0.419217	
6.83	6.80377 26.9003 -0.41073	
6.84	6.80377 26.9003 -0.41073	
6.85	6.80268 26.9002 -0.410849	
6.86	6.80374 26.8999 -0.419096	
6.87	6.80375 26.9046 -0.407381	
6.88	6.80372 26.9089 -0.404033	
6.89	6.81082 26.9087 -0.412589	
6.9	6.81191 26.9135 -0.400756	
6.91	6.80371 26.9178 -0.388976	
6.92	6.80366 26.9275 -0.384296	
6.93	6.81385 26.932 -0.381024	
6.94	6.8056 26.9403 -0.374281	
6.95	6.81579 26.9449 -0.371014	
6.96	6.80756 26.9535 -0.355912	
6.97	6.81574 26.9581 -0.352651	
6.98	6.82392 26.9617 -0.347401	
6.99	6.82589 26.9659 -0.344077	
7	6.82587 26.9691 -0.338769	
7.01	6.83611 26.9676 -0.326493	
7.02	6.83806 26.9751 -0.317882	
7.03	6.84718 26.9778 -0.302422	
7.04	6.84911 26.9854 -0.293836	
7.05	6.85219 26.9879 -0.278093	
7.06	6.86433 26.995 -0.259248	
7.07	6.86826 27.0019 -0.240364	
7.08	6.87931 27.0043 -0.233321	
7.09	6.89148 27.0061 -0.215824	
7.1	6.89844 27.0131 -0.196866	
7.11	6.91059 27.0154 -0.171023	
7.12	6.92464 27.0216 -0.150309	
7.13	6.93867 27.028 -0.129618	
7.14	6.95276 27.0303 -0.103809	
7.15	6.97194 27.0326 -0.0865402	
7.16	6.98619 27.0253 -0.0652155	
7.17	6.99022 27.0218 -0.0489941	
7.18	7.01278 27.0085 -0.0269367	
7.19	7.02832 26.9938 -0.0110636	
7.2	7.04171 26.9794 0.0129905	
7.21	7.05934 26.9634 0.0413322	
7.22	7.07499 26.9415 0.0787093	
7.23	7.09273 26.9243 0.119626	
7.24	7.10615 26.9126 0.161517	
7.25	7.12202 26.8917 0.207895	
7.26	7.14697 26.8708 0.264675	
7.27	7.16179 26.8515 0.298784	
7.28	7.17878 26.8261 0.371585	
7.29	7.19157 26.8066 0.416377	
7.3	7.2068 26.7775 0.457272	
7.31	7.22293 26.7534 0.50989	
7.32	7.24495 26.729 0.564515	
7.33	7.25233 26.6997 0.597587	
7.34	7.27506 26.6865 0.64402	
7.35	7.28013 26.6623 0.688761	
7.36	7.30099 26.6444 0.724064	
7.37	7.3137 26.6269 0.776194	
7.38	7.32642 26.6104 0.815788	
7.39	7.3029 26.5983 0.878491	
7.4	7.31938 26.5878 0.902722	
7.41	7.33757 26.5559 0.964502	
7.42	7.35244 26.5342 1.00123	
7.43	7.37257 26.5035 1.04111	
7.44	7.37876 26.4675 1.08065	
7.45	7.38969 26.4416 1.11374	
7.46	7.38608 26.4061 1.14136	
7.47	7.38705 26.3905 1.15725	
7.48	7.3982 26.3606 1.18619	
7.49	7.40667 26.3406 1.19961	
7.5	7.40935 26.315 1.23176	
7.51	7.41673 26.29 1.23712	
7.52	7.41714 26.2548 1.26411	
7.53	7.41563 26.2246 1.28531	
7.54	7.42357 26.1846 1.324	
7.55	7.4283 26.1445 1.34267	
7.56	7.4316 26.0995 1.36109	
7.57	7.43646 26.0545 1.3886	
7.58	7.44776 26.0103 1.39729	
7.59	7.45118 25.9605 1.41649	
7.6	7.45508 25.9208 1.42876	
7.61	7.45763 25.876 1.45743	
7.62	7.45956 25.8463 1.47097	
7.63	7.46945 25.8069 1.48386	
7.64	7.46383 25.7671 1.50514	
7.65	7.47315 25.7377 1.51086	
7.66	7.46797 25.7079 1.5334	
7.67	7.46915 25.6832 1.54802	
7.68	7.47043 25.6586 1.55433	
7.69	7.4726 25.634 1.56924	
7.7	7.47256 25.6094 1.58394	
7.71	7.47463 25.5852 1.59643	
7.72	7.47296 25.5654 1.60335	
7.73	7.47384 25.5458 1.61032	
7.74	7.47554 25.5311 1.61779	
7.75	7.47639 25.5115 1.62483	
7.76	7.47698 25.4969 1.63222	
7.77	7.47849 25.4821 1.64815	
7.78	7.47791 25.4724 1.64738	
7.79	7.47941 25.4577 1.66335	
7.8	7.47216 25.4526 1.66294	
7.81	7.47141 25.4428 1.67058	
7.82	7.47235 25.4427 1.67908	
7.83	7.47205 25.4425 1.69583	
7.84	7.47205 25.4425 1.69583	
7.85	7.47205 25.4425 1.69583	
7.86	7.47189 25.4424 1.7042	
7.87	7.47173 25.4422 1.71258	
7.88	7.4715 25.4471 1.71287	
7.89	7.47134 25.4469 1.72125	
7.9	7.47126 25.4519 1.71317	
7.91	7.47087 25.4566 1.72184	
7.92	7.47064 25.4614 1.72214	
7.93	7.47172 25.4614 1.72228	
7.94	7.47133 25.4661 1.73096	
7.95	7.47133 25.4661 1.73096	
7.96	7.47001 25.4709 1.73112	
7.97	7.46363 25.4707 1.73117	
7.98	7.4634 25.4756 1.73148	
7.99	7.46055 25.4802 1.73179	
8	7.46009 25.4898 1.73241	
8.01	7.45239 25.4945 1.73264	
8.02	7.45216 25.4993 1.73296	
8.03	7.45032 25.509 1.72536	
8.04	7.44901 25.5138 1.72555	
8.05	7.44595 25.5233 1.7262	
8.06	7.44573 25.5281 1.72653	
8.07	7.43521 25.5374 1.72711	
8.08	7.43476 25.5471 1.72778	
8.09	7.43187 25.5568 1.72009	
8.1	7.42503 25.5663 1.72083	
8.11	7.42201 25.5758 1.72153	
8.12	7.41409 25.5852 1.72216	
8.13	7.41033 25.5904 1.71146	
8.14	7.39963 25.6045 1.71247	
8.15	7.39771 25.6143 1.71079	
8.16	7.39383 25.6194 1.70595	
8.17	7.37588 25.629 1.70152	
8.18	7.37397 25.639 1.69735	
8.19	7.36371 25.644 1.69263	
8.2	7.35976 25.6543 1.67988	
8.21	7.35059 25.6593 1.67532	
8.22	7.34065 25.6598 1.66186	
8.23	7.32921 25.67 1.64912	
8.24	7.32774 25.6704 1.64421	
8.25	7.31651 25.6754 1.63359	
8.26	7.30779 25.6751 1.64169	
8.27	7.30708 25.6755 1.63336	
8.28	7.29819 25.6756 1.62532	
8.29	7.29554 25.6699 1.64043	
8.3	7.28871 25.666 1.62049	
8.31	7.28911 25.6607 1.62875	
8.32	7.2821 25.661 1.62156	
8.33	7.28214 25.6606 1.63137	
8.34	7.28212 25.6613 1.61708	
8.35	7.28202 25.6611 1.62898	
8.36	7.28162 25.6516 1.62701	
8.37	7.28287 25.6422 1.62573	
8.38	7.27298 25.6415 1.62907	
8.39	7.27188 25.632 1.62491	
8.4	7.27664 25.6314 1.63626	
8.41	7.27522 25.6276 1.62236	
8.42	7.27718 25.6269 1.63931	
8.43	7.2742 25.6237 1.61104	
8.44	7.27453 25.6252 1.58919	
8.45	7.2759 25.6263 1.57142	
8.46	7.27613 25.6272 1.55677	
8.47	7.27529 25.6282 1.53627	
8.48	7.26805 25.6237 1.53181	
8.49	7.27578 25.6247 1.51539	
8.5	7.2683 25.6245 1.51716	
8.51	7.26948 25.6248 1.51188	
8.52	7.26955 25.625 1.50746	
8.53	7.26961 25.6252 1.50383	
8.54	7.26966 25.6254 1.50086	
8.55	7.26971 25.6255 1.49843	
8.56	7.26992 25.6211 1.49345	
8.57	7.27749 25.6215 1.49183	
8.58	7.27003 25.6215 1.48211	
8.59	7.27 25.6213 1.48939	
8.6	7.27001 25.6213 1.48849	
8.61	7.27002 25.6214 1.48776	
8.62	7.27781 25.6174 1.4758	
8.63	7.27028 25.6172 1.47529	
8.64	7.27023 25.6169 1.48326	
8.65	7.27029 25.6172 1.47456	
8.66	7.27024 25.6169 1.48266	
8.67	7.2703 25.6172 1.47407	
8.68	7.27031 25.6172 1.47389	
8.69	7.27031 25.6172 1.47374	
8.7	7.27031 25.6173 1.47362	
8.71	7.27031 25.6173 1.47352	
8.72	7.27785 25.6175 1.47345	
8.73	7.27031 25.6173 1.47337	
8.74	7.27037 25.6175 1.46494	
8.75	7.27037 25.6175 1.4649	
8.76	7.27791 25.6178 1.46487	
8.77	7.27037 25.6175 1.46483	
8.78	7.27792 25.6178 1.46482	
8.79	7.27146 25.6176 1.4649	
8.8	7.27146 25.6176 1.46489	
8.81	7.27131 25.6227 1.45696	
8.82	7.27023 25.6227 1.45684	
8.83	7.27131 25.6227 1.45696	
8.84	7.27784 25.6232 1.44848	
8.85	7.27137 25.623 1.44859	
8.86	7.27137 25.623 1.44859	
8.87	7.27137 25.623 1.44859	
8.88	7.27245 25.623 1.44871	
8.89	7.27245 25.623 1.44871	
8.9	7.27245 25.623 1.44871	
8.91	7.27251 25.6232 1.44033	
8.92	7.27251 25.6232 1.44033	
8.93	7.27359 25.6233 1.44045	
8.94	7.28121 25.6238 1.43209	
8.95	7.28229 25.6238 1.4322	
8.96	7.27479 25.6237 1.42381	
8.97	7.28235 25.624 1.42383	
8.98	7.2835 25.6242 1.41557	
8.99	7.29216 25.6246 1.4157	
9	7.30081 25.6248 1.41583	
9.01	7.29548 25.6248 1.40765	
9.02	7.29657 25.6249 1.40776	
9.03	7.30625 25.6305 1.39171	
9.04	7.30778 25.6216 1.37744	
9.05	7.31014 25.6171 1.37464	
9.06	7.31155 25.6129 1.35498	
9.07	7.31416 25.6041 1.34078	
9.08	7.31544 25.5996 1.33787	
9.09	7.32452 25.596 1.3073	
9.1	7.32714 25.5872 1.29308	
9.11	7.32849 25.5827 1.28177	
9.12	7.32997 25.5789 1.25115	
9.13	7.33267 25.57 1.22852	
9.14	7.33281 25.5704 1.2092	
9.15	7.33442 25.5615 1.18647	
9.16	7.33585 25.5569 1.16676	
9.17	7.33735 25.5523 1.13868	
9.18	7.33762 25.5477 1.12726	
9.19	7.33886 25.5476 1.11059	
9.2	7.33921 25.5428 1.09079	
9.21	7.34826 25.5427 1.06579	
9.22	7.3406 25.5428 1.0548	
9.23	7.34964 25.5431 1.02722	
9.24	7.34986 25.5435 0.996957	
9.25	7.3536 25.544 0.986089	
9.26	7.35392 25.5436 0.950023	
9.27	7.35497 25.5482 0.933835	
9.28	7.36221 25.5426 0.897268	
9.29	7.36357 25.5417 0.872232	
9.3	7.37046 25.5454 0.839217	
9.31	7.36401 25.544 0.814135	
9.32	7.37213 25.5429 0.789093	
9.33	7.37321 25.5471 0.772923	
9.34	7.38027 25.5458 0.747819	
9.35	7.38146 25.5494 0.723296	
9.36	7.38176 25.5478 0.698217	
9.37	7.38197 25.5466 0.681503	
9.38	7.38997 25.5501 0.656985	
9.39	7.38217 25.5494 0.648566	
9.4	7.39029 25.5483 0.631925	
9.41	7.38258 25.5468 0.615157	
9.42	7.39061 25.5501 0.590659	
9.43	7.39061 25.5539 0.574451	
9.44	7.39877 25.5526 0.557829	
9.45	7.40685 25.5557 0.53336	
9.46	7.4045 25.554 0.516678	
9.47	7.40484 25.5516 0.491662	
9.48	7.42115 25.5493 0.466815	
9.49	7.4214 25.5476 0.45015	
9.5	7.42964 25.546 0.433575	
9.51	7.43789 25.5443 0.41701	
9.52	7.38292 25.5483 0.413082	
9.53	7.40128 25.5454 0.386435	
9.54	7.41792 25.5457 0.343973	
9.55	7.44333 25.5439 0.326496	
9.56	7.41805 25.548 0.325101	
9.57	7.43904 25.5456 0.30549	
9.58	7.44338 25.5437 0.288418	
9.59	7.44921 25.5417 0.270988	
9.6	7.45368 25.541 0.263412	
9.61	7.45251 25.5399 0.254203	
9.62	7.45293 25.5389 0.246983	
9.63	7.46084 25.5365 0.22902	
9.64	7.46335 25.5357 0.222723	
9.65	7.46408 25.5309 0.217373	
9.66	7.46325 25.5302 0.212066	
9.67	7.46316 25.5285 0.1999	
9.68	7.47176 25.5214 0.187756	
9.69	7.46507 25.5194 0.173418	
9.7	7.47255 25.5184 0.167823	
9.71	7.47338 25.5106 0.150934	
9.72	7.47385 25.5109 0.151915	
9.73	7.48216 25.5026 0.123257	
9.74	8.14227 25.3763 -0.149284	
9.75	6.54586 25.2928 -0.291655	
9.76	6.08333 25.3096 0.191827	
9.77	6.31553 25.3416 0.041273	
9.78	6.55393 25.3936 0.0715993	
9.79	6.75962 25.4322 0.0858357	
9.8	6.93668 25.4542 0.0742711	
9.81	6.7449 25.4198 -0.109165	
9.82	6.70735 25.4668 -0.0197322	
9.83	6.90827 25.4804 -0.0159762	
9.84	7.04424 25.4788 -0.0224346	
9.85	7.15629 25.4832 -0.031753	
9.86	7.25485 25.4769 -0.0459051	
9.87	6.806 25.4275 -0.0708585	
9.88	6.88252 25.4426 -0.160278	
9.89	6.86179 25.4405 0.07604	
9.9	7.5312 25.3828 -0.340991	
9.91	7.17544 25.4099 -0.230134	
9.92	7.20852 25.4035 -0.314241	
9.93	7.30985 25.4202 -0.257977	
9.94	7.35027 25.4181 -0.25313	
9.95	7.37318 25.4141 -0.241194	
9.96	7.40396 25.3923 -0.252622	
9.97	7.42736 25.3823 -0.254765	
9.98	7.2278 25.3764 -0.242036	
9.99	7.72191 25.3295 -0.307713	
10	6.86086 25.3099 -0.251869	
10.01	6.41196 25.2858 -0.135845	
10.02	6.62201 25.2967 -0.220117	
10.03	6.79512 25.3159 -0.195887	
10.04	6.99432 25.3588 -0.0734931	
10.05	8.11754 25.2506 -0.300316	
10.06	7.91134 25.27 -0.284228	
10.07	7.83813 25.2357 -0.299714	
10.08	7.82933 25.2245 -0.330213	
10.09	7.78756 25.2199 -0.339361	
10.1	7.77064 25.2169 -0.338784	
10.11	7.56174 25.2301 -0.311473	
10.12	7.79218 25.2073 -0.35997	
10.13	7.52919 25.2182 -0.212639	
10.14	7.75993 25.214 -0.257342	
10.15	7.55412 25.1828 -0.375885	
10.16	7.47817 25.2006 -0.363063	
10.17	7.49141 25.1984 -0.353026	
10.18	7.51794 25.1945 -0.351296	
10.19	7.52911 25.1911 -0.362201	
10.2	7.54289 25.1894 -0.364832	
10.21	7.55495 25.1868 -0.370265	
10.22	7.58449 25.1849 -0.372265	
10.23	7.57442 25.1783 -0.370584	
10.24	7.26357 25.1679 -0.365828	
10.25	7.55407 25.1697 -0.385597	
10.26	7.56671 25.16 -0.396846	
10.27	7.56969 25.1593 -0.391366	
10.28	7.56129 25.1528 -0.386792	
10.29	7.19201 25.1618 -0.272079	
10.3	7.45229 25.1756 -0.292893	
10.31	7.46688 25.1689 -0.316801	
10.32	7.48601 25.1571 -0.321699	
10.33	7.49791 25.1482 -0.329727	
10.34	7.23402 25.1397 -0.340778	
10.35	7.54362 25.1291 -0.397667	
10.36	7.54088 25.1293 -0.389069	
10.37	7.54377 25.1289 -0.384594	
10.38	7.16772 25.1395 -0.26648	
10.39	7.49347 25.1527 -0.277823	
10.4	7.49906 25.1485 -0.288495	
10.41	7.50494 25.1423 -0.309062	
10.42	7.19487 25.1207 -0.35311	
10.43	7.43091 25.1296 -0.384095	
10.44	7.44731 25.1268 -0.384353	
10.45	7.45092 25.1245 -0.380854	
10.46	7.48985 25.1254 -0.362387	
10.47	7.18524 25.1201 -0.332961	
10.48	7.34756 25.1307 -0.355968	
10.49	7.42735 25.1256 -0.371579	
10.5	7.42115 25.119 -0.363826	
10.51	7.47523 25.1163 -0.360617	
10.52	7.51761 25.1047 -0.279478	
10.53	7.47318 25.1046 -0.29454	
10.54	7.43465 25.0964 -0.314762	
10.55	7.39034 25.0975 -0.316817	
10.56	7.35675 25.0912 -0.324346	
10.57	7.31259 25.0903 -0.330525	
10.58	7.26436 25.0893 -0.335298	
10.59	7.21469 25.0886 -0.339603	
10.6	7.16874 25.0834 -0.345808	
10.61	7.11534 25.0829 -0.348498	
10.62	7.06817 25.0826 -0.350732	
10.63	7.02969 25.0788 -0.344589	
10.64	6.98642 25.0769 -0.354205	
10.65	6.95717 25.0768 -0.355317	
10.66	6.93921 25.0769 -0.356178	
10.67	6.92602 25.075 -0.36514	
10.68	6.91792 25.0768 -0.357487	
10.69	6.91714 25.0768 -0.357954	
10.7	6.91542 25.0768 -0.358399	
10.71	6.90778 25.0768 -0.358632	
10.72	6.91013 25.0767 -0.358888	
10.73	6.90157 25.0766 -0.359065	
10.74	6.90129 25.0748 -0.367403	
10.75	6.89996 25.0748 -0.367597	
10.76	6.89977 25.0748 -0.367707	
10.77	6.90782 25.0767 -0.359659	
10.78	6.89948 25.0748 -0.36787	
10.79	6.90215 25.0747 -0.367932	
10.8	6.90594 25.0765 -0.35975	
10.81	6.90755 25.0746 -0.368023	
10.82	6.92126 25.0747 -0.368096	
10.83	6.92399 25.0746 -0.368124	
10.84	6.93772 25.0747 -0.368183	
10.85	6.94868 25.0747 -0.368234	
10.86	6.95421 25.0747 -0.368249	
10.87	6.9624 25.0748 -0.36829	
10.88	6.97337 25.0748 -0.368325	
10.89	6.97613 25.0748 -0.368333	
10.9	6.9789 25.0748 -0.36834	
10.91	6.98988 25.0749 -0.368365	
10.92	7.00364 25.0749 -0.368386	
10.93	7.00919 25.0749 -0.36839	
10.94	7.00917 25.0768 -0.36022	
10.95	7.02295 25.075 -0.368408	
10.96	7.02573 25.075 -0.36841	
10.97	7.0285 25.075 -0.368411	
10.98	7.04055 25.077 -0.360184	
10.99	7.03946 25.077 -0.360249	
11	7.03946 25.077 -0.360249	
11.01	7.0384 25.0751 -0.368487	
11.02	7.04055 25.077 -0.360186	
11.03	7.03949 25.0751 -0.368422	
11.04	7.03517 25.0714 -0.36055	
11.05	7.04231 25.0696 -0.368793	
11.06	7.04228 25.0715 -0.360621	
11.07	7.04615 25.0715 -0.360557	
11.08	7.04784 25.0715 -0.360621	
11.09	7.05883 25.0716 -0.360624	
11.1	7.06161 25.0716 -0.360624	
11.11	7.06721 25.0698 -0.368796	
11.12	7.07816 25.0718 -0.360623	
11.13	7.08372 25.0719 -0.360623	
11.14	7.08759 25.0719 -0.360558	
11.15	7.08929 25.0719 -0.360623	
11.16	7.10414 25.0721 -0.360553	
11.17	7.09763 25.072 -0.360623	
11.18	7.1114 25.0722 -0.360618	
11.19	7.12516 25.0724 -0.360608	
11.2	7.13898 25.0708 -0.368767	
11.21	7.14176 25.0708 -0.368767	
11.22	7.15548 25.0729 -0.360576	
11.23	7.15935 25.073 -0.36051	
11.24	7.16382 25.0731 -0.360576	
11.25	7.17765 25.0715 -0.368726	
11.26	7.19244 25.0736 -0.360459	
11.27	7.20519 25.072 -0.368669	
11.28	7.21177 25.0741 -0.360428	
11.29	7.21346 25.0741 -0.360496	
11.3	7.22445 25.0743 -0.360461	
11.31	7.23109 25.0745 -0.360392	
11.32	7.23821 25.0746 -0.360421	
11.33	7.2492 25.0748 -0.360377	
11.34	7.26051 25.0632 -0.371999	
11.35	7.26162 25.0606 -0.366888	
11.36	7.25246 25.0549 -0.367374	
11.37	7.26078 25.0506 -0.370459	
11.38	7.26091 25.0451 -0.370823	
11.39	7.26124 25.0332 -0.382489	
11.4	7.26115 25.0351 -0.37432	
11.41	7.26115 25.0351 -0.37432	
11.42	7.2614 25.0251 -0.377817	
11.43	7.26969 25.0233 -0.385932	
11.44	7.26248 25.0251 -0.377746	
11.45	7.2696 25.0252 -0.377763	
11.46	7.26159 25.0188 -0.389124	
11.47	7.2698 25.0189 -0.389071	
11.48	7.26982 25.0163 -0.384043	
11.49	7.26982 25.0163 -0.384043	
11.5	7.26982 25.0163 -0.384043	
11.51	7.26172 25.0118 -0.387238	
11.52	7.26172 25.0118 -0.387238	
11.53	7.26992 25.0119 -0.387185	
11.54	7.26992 25.0119 -0.387185	
11.55	7.26452 25.0119 -0.387238	
11.56	7.27273 25.012 -0.387185	
11.57	7.27273 25.012 -0.387185	
11.58	7.27273 25.012 -0.387185	
11.59	7.26561 25.0119 -0.387168	
11.6	7.27382 25.012 -0.387114	
11.61	7.27273 25.012 -0.387185	
11.62	7.27282 25.0101 -0.395354	
11.63	7.27663 25.0121 -0.387114	
11.64	7.27554 25.0121 -0.387185	
11.65	7.27834 25.0122 -0.387185	
11.66	7.27403 25.0123 -0.387168	
11.67	7.28395 25.0124 -0.387186	
11.68	7.28395 25.0124 -0.387186	
11.69	7.28395 25.0124 -0.387186	
11.7	7.28504 25.0125 -0.387114	
11.71	7.29496 25.0126 -0.387128	
11.72	7.29511 25.0071 -0.387485	
11.73	7.2962 25.0071 -0.387414	
11.74	7.29511 25.0071 -0.387485	
11.75	7.28799 25.007 -0.387472	
11.76	7.28705 25.0015 -0.387898	
11.77	7.29635 25.0016 -0.387769	
11.78	7.2965 24.9961 -0.388122	
11.79	7.29662 24.9916 -0.391266	
11.8	7.29567 24.9861 -0.391689	
11.81	7.29567 24.9861 -0.391689	
11.82	7.29567 24.9861 -0.391689	
11.83	7.29594 24.9761 -0.395183	
11.84	7.28882 24.976 -0.39517	
11.85	7.29603 24.9742 -0.403348	
11.86	7.29609 24.9706 -0.395529	
11.87	7.288 24.966 -0.398735	
11.88	7.29206 24.9606 -0.399008	
11.89	7.29098 24.9606 -0.399079	
11.9	7.29113 24.9551 -0.399421	
11.91	7.29395 24.9552 -0.39942	
11.92	7.3034 24.9498 -0.399631	
11.93	7.30231 24.9498 -0.399702	
11.94	7.30268 24.9379 -0.41135	
11.95	7.30383 24.9343 -0.403452	
11.96	7.30289 24.9287 -0.403856	
11.97	7.30317 24.9187 -0.407338	
11.98	7.30332 24.9132 -0.407666	
11.99	7.30347 24.9077 -0.407992	
12	7.30472 24.9022 -0.408244	
12.01	7.30378 24.8966 -0.408637	
12.02	7.30405 24.8866 -0.412109	
12.03	7.296 24.881 -0.412484	
12.04	7.29628 24.871 -0.415954	
12.05	7.30859 24.8657 -0.416136	
12.06	7.30762 24.8613 -0.419365	
12.07	7.30781 24.8532 -0.414679	
12.08	7.29998 24.8412 -0.42636	
12.09	7.30939 24.837 -0.429393	
12.1	7.30967 24.827 -0.432862	
12.11	7.30175 24.8169 -0.436391	
12.12	7.30367 24.8126 -0.439629	
12.13	7.46907 24.8104 -0.417035	
12.14	7.43688 24.7949 -0.428003	
12.15	7.4127 24.7882 -0.431838	
12.16	7.416 24.7846 -0.430113	
12.17	7.40826 24.7746 -0.430814	
12.18	7.42722 24.7617 -0.44396	
12.19	7.4128 24.7506 -0.451596	
12.2	7.43131 24.7382 -0.464845	
12.21	7.41714 24.7279 -0.462307	
12.22	7.43635 24.7165 -0.472271	
12.23	7.41892 24.7094 -0.464238	
12.24	7.40088 24.7018 -0.472554	
12.25	7.41675 24.6934 -0.468798	
12.26	7.40286 24.6827 -0.474984	
12.27	7.41842 24.6744 -0.470793	
12.28	7.40547 24.6698 -0.467051	
12.29	7.41052 24.6591 -0.472894	
12.3	7.40538 24.6468 -0.486188	
12.31	7.42215 24.6449 -0.473236	
12.32	7.40784 24.6335 -0.48265	
12.33	7.42295 24.6294 -0.485809	
12.34	7.40977 24.6206 -0.484819	
12.35	7.42655 24.611 -0.49586	
12.36	7.40651 24.608 -0.492903	
12.37	7.39134 24.5967 -0.508994	
12.38	7.37891 24.5864 -0.513708	
12.39	7.36983 24.5772 -0.521078	
12.4	7.36046 24.5681 -0.528415	
12.41	7.34661 24.559 -0.535532	
12.42	7.34838 24.5457 -0.545756	
12.43	7.34493 24.5388 -0.544457	
12.44	7.33227 24.5234 -0.562798	
12.45	7.33884 24.5091 -0.569683	
12.46	7.33664 24.4959 -0.579654	
12.47	7.32657 24.487 -0.586412	
12.48	7.32423 24.4718 -0.604529	
12.49	7.33268 24.4509 -0.609671	
12.5	7.33091 24.4358 -0.627771	
12.51	7.32231 24.4147 -0.633114	
12.52	7.32315 24.3962 -0.643184	
12.53	7.3312 24.3812 -0.661151	
12.54	7.32301 24.3625 -0.671358	
12.55	7.32199 24.3452 -0.684637	
12.56	7.32214 24.3279 -0.697865	
12.57	7.32344 24.3106 -0.711045	
12.58	7.32273 24.289 -0.727708	
12.59	7.31483 24.2717 -0.741069	
12.6	7.3235 24.2503 -0.757676	
12.61	7.32003 24.2276 -0.771261	
12.62	7.62862 24.192 -0.806876	
12.63	7.76983 24.1163 -0.92378	
12.64	7.80194 24.0796 -1.00955	
12.65	7.45323 24.0908 -0.967116	
12.66	7.64928 24.0512 -0.995915	
12.67	7.34011 24.0428 -0.969195	
12.68	7.57953 24.0081 -0.998123	
12.69	7.3215 23.9882 -0.992434	
12.7	7.56811 23.9471 -1.03053	
12.71	7.21971 23.9283 -1.03931	
12.72	7.52568 23.8857 -1.05216	
12.73	7.49516 23.8655 -1.06355	
12.74	7.29402 23.8363 -1.05046	
12.75	7.50746 23.7895 -1.07987	
12.76	7.29329 23.7676 -1.06048	
12.77	7.52156 23.7193 -1.092	
12.78	7.25564 23.7069 -1.06296	
12.79	7.54078 23.6533 -1.10111	
12.8	7.21719 23.6442 -1.07832	
12.81	7.56361 23.6048 -1.10704	
12.82	7.0977 23.5949 -1.08167	
12.83	7.46583 23.5611 -1.13239	
12.84	7.44725 23.5478 -1.13765	
12.85	7.20098 23.531 -1.11084	
12.86	7.47458 23.5126 -1.12686	
12.87	7.18398 23.4995 -1.11392	
12.88	7.45309 23.4686 -1.1425	
12.89	7.19718 23.4568 -1.13467	
12.9	7.4694 23.4246 -1.15401	
12.91	7.19425 23.4127 -1.13568	
12.92	7.48951 23.3746 -1.166	
12.93	7.18181 23.3671 -1.14487	
12.94	7.51161 23.3288 -1.17643	
12.95	7.15517 23.3167 -1.1594	
12.96	7.51208 23.2671 -1.19275	
12.97	7.15742 23.2574 -1.17785	
12.98	7.52337 23.2156 -1.20175	
12.99	7.15266 23.2043 -1.18384	
13	7.53356 23.1638 -1.21153	
13.01	7.15005 23.1599 -1.1845	
13.02	7.53621 23.1178 -1.22164	
13.03	7.16453 23.0975 -1.21095	
13.04	7.55467 23.054 -1.24187	
13.05	7.1538 23.0429 -1.22835	
13.06	7.56561 23.0054 -1.25973	
13.07	7.13635 22.9961 -1.23871	
13.08	7.57809 22.9585 -1.27176	
13.09	7.12327 22.9481 -1.24525	
13.1	7.58795 22.9106 -1.27928	
13.11	7.10852 22.8961 -1.25575	
13.12	7.59534 22.8644 -1.29017	
13.13	7.10387 22.8531 -1.27461	
13.14	7.59839 22.8224 -1.27856	
13.15	7.08742 22.8161 -1.27187	
13.16	7.5961 22.7842 -1.29036	
13.17	7.08185 22.7651 -1.29757	
13.18	7.6045 22.7359 -1.29548	
13.19	7.076 22.7224 -1.31239	
13.2	7.60613 22.6973 -1.31929	
13.21	7.0605 22.6753 -1.33275	
13.22	7.60388 22.6486 -1.33804	
13.23	7.06197 22.6285 -1.365	
13.24	7.60855 22.6063 -1.36546	
13.25	7.05442 22.5757 -1.39755	
13.26	7.60372 22.5563 -1.39112	
13.27	7.05289 22.5271 -1.42731	
13.28	7.59738 22.5065 -1.42476	
13.29	7.06629 22.4793 -1.45733	
13.3	7.59934 22.4581 -1.45712	
13.31	7.05457 22.4369 -1.4749	
13.32	7.61219 22.4055 -1.48605	
13.33	7.04023 22.3857 -1.50101	
13.34	7.61705 22.3539 -1.50754	
13.35	7.03888 22.3342 -1.52311	
13.36	7.60538 22.3031 -1.52908	
13.37	7.57551 22.2879 -1.53925	
13.38	7.54356 22.2592 -1.54691	
13.39	7.51145 22.2343 -1.55025	
13.4	7.49928 22.2076 -1.54974	
13.41	7.47473 22.1777 -1.54089	
13.42	7.46967 22.1454 -1.53997	
13.43	7.45913 22.11 -1.53073	
13.44	7.23353 22.0687 -1.53381	
13.45	7.38063 22.026 -1.50409	
13.46	7.37751 22.0009 -1.49703	
13.47	7.39229 21.9479 -1.48305	
13.48	7.28303 21.9181 -1.4697	
13.49	7.40736 21.8744 -1.45276	
13.5	7.26905 21.8589 -1.44695	
13.51	7.44008 21.813 -1.43068	
13.52	7.247 21.8019 -1.40163	
13.53	7.46795 21.7516 -1.40052	
13.54	7.22839 21.7521 -1.3804	
13.55	7.49839 21.7056 -1.36726	
13.56	7.2112 21.6977 -1.36025	
13.57	7.52452 21.6591 -1.33974	
13.58	7.18579 21.6516 -1.3193	
13.59	7.54105 21.6157 -1.31027	
13.6	7.17194 21.6008 -1.29594	
13.61	7.55459 21.5689 -1.28036	
13.62	7.15228 21.5579 -1.28076	
13.63	7.5626 21.5271 -1.27385	
13.64	7.1445 21.521 -1.26652	
13.65	7.57056 21.4967 -1.25625	
13.66	7.13178 21.4932 -1.24797	
13.67	7.56354 21.4826 -1.2481	
13.68	7.13257 21.4678 -1.25083	
13.69	7.56452 21.4527 -1.24903	
13.7	7.12861 21.4388 -1.25685	
13.71	7.56544 21.4137 -1.24373	
13.72	7.12408 21.3984 -1.24601	
13.73	7.56372 21.3736 -1.22414	
13.74	7.13048 21.3595 -1.22335	
13.75	7.55343 21.3393 -1.2064	
13.76	7.13966 21.3281 -1.1935	
13.77	7.55192 21.304 -1.20417	
13.78	7.14478 21.2954 -1.17779	
13.79	7.54874 21.2712 -1.18609	
13.8	7.14445 21.2647 -1.16289	
13.81	7.57116 21.2507 -1.1618	
13.82	7.13635 21.2407 -1.14223	
13.83	7.57954 21.2247 -1.14857	
13.84	7.11629 21.2213 -1.11792	
13.85	7.58314 21.1986 -1.127	
13.86	7.08639 21.1989 -1.10035	
13.87	7.56361 21.1808 -1.11736	
13.88	7.07802 21.1819 -1.08472	
13.89	7.55771 21.1697 -1.09127	
13.9	7.06177 21.1627 -1.06525	
13.91	7.56768 21.1446 -1.07492	
13.92	7.0779 21.145 -1.03875	
13.93	7.59208 21.1382 -1.04718	
13.94	7.05245 21.1371 -1.00051	
13.95	7.64425 21.1133 -1.03216	
13.96	7.60345 21.1064 -1.02211	
13.97	7.8725 21.0664 -0.95774	
13.98	8.01009 21.0336 -1.00657	
13.99	7.87414 21.0414 -0.895193	
14	7.84075 20.9687 -1.09764	
14.01	8.0062 20.988 -0.816319	
14.02	8.03111 20.9194 -1.01028	
14.03	7.08379 21.0001 -0.796226	
14.04	7.09916 20.9973 -0.758675	
14.05	7.12673 20.9985 -0.739806	
14.06	7.14627 21.0033 -0.717187	
14.07	7.16392 21.0057 -0.702901	
14.08	7.18092 21.0096 -0.681074	
14.09	7.19143 21.005 -0.679906	
14.1	7.20639 20.9962 -0.665609	
14.11	7.21674 20.9813 -0.663514	
14.12	7.22585 20.9672 -0.648923	
14.13	7.23546 20.9523 -0.646788	
14.14	7.2411 20.9444 -0.637345	
14.15	7.251 20.9416 -0.628487	
14.16	7.25556 20.9336 -0.619032	
14.17	7.2603 20.9307 -0.610137	
14.18	7.25559 20.9238 -0.605237	
14.19	7.27031 20.9211 -0.596382	
14.2	7.27251 20.9092 -0.59082	
14.21	7.27101 20.9042 -0.590226	
14.22	7.28384 20.8875 -0.584062	
14.23	7.28626 20.8745 -0.573963	
14.24	7.28749 20.8565 -0.563285	
14.25	7.28766 20.8326 -0.564615	
14.26	7.28969 20.8116 -0.545045	
14.27	7.28277 20.7935 -0.534331	
14.28	7.29124 20.7757 -0.523495	
14.29	7.29179 20.7598 -0.504559	
14.3	7.29238 20.7419 -0.493717	
14.31	7.29184 20.721 -0.474105	
14.32	7.29364 20.6932 -0.461735	
14.33	7.28991 20.6725 -0.442072	
14.34	7.29915 20.6519 -0.422141	
14.35	7.29968 20.6291 -0.410399	
14.36	7.30008 20.6085 -0.390494	
14.37	7.30047 20.5879 -0.370544	
14.38	7.30742 20.5673 -0.350568	
14.39	7.30121 20.5467 -0.330512	
14.4	7.30144 20.5322 -0.315811	
14.41	7.30633 20.5167 -0.296476	
14.42	7.30666 20.5002 -0.289867	
14.43	7.3145 20.4857 -0.275061	
14.44	7.30729 20.4642 -0.267686	
14.45	7.30752 20.4516 -0.25718	
14.46	7.30751 20.4362 -0.246609	
14.47	7.31264 20.4166 -0.245915	
14.48	7.3128 20.3931 -0.248771	
14.49	7.32085 20.3684 -0.235615	
14.5	7.46677 20.3493 -0.231863	
14.51	7.43321 20.3225 -0.233363	
14.52	7.39958 20.3008 -0.225601	
14.53	7.37748 20.2811 -0.230913	
14.54	7.35352 20.2598 -0.222111	
14.55	7.34139 20.2368 -0.230515	
14.56	7.33571 20.2285 -0.211524	
14.57	7.31993 20.2102 -0.222614	
14.58	7.3268 20.1963 -0.215154	
14.59	7.32557 20.1792 -0.220561	
14.6	7.32544 20.1631 -0.221036	
14.61	7.32561 20.1466 -0.223376	
14.62	7.30513 20.128 -0.245546	
14.63	7.29475 20.1111 -0.249925	
14.64	7.4211 20.1005 -0.25577	
14.65	7.4385 20.0904 -0.221732	
14.66	7.41114 20.0703 -0.215282	
14.67	7.43425 20.065 -0.182962	
14.68	7.41521 20.0484 -0.184159	
14.69	7.43775 20.0283 -0.179352	
14.7	7.4212 20.0116 -0.181926	
14.71	7.40809 19.989 -0.179673	
14.72	7.42703 19.9666 -0.186877	
14.73	7.42276 19.9472 -0.171824	
14.74	7.42266 19.9216 -0.191862	
14.75	7.44833 19.9067 -0.168582	
14.76	7.40589 19.874 -0.196044	
14.77	7.42015 19.8541 -0.17319	
14.78	7.40754 19.8249 -0.178185	
14.79	7.43023 19.7972 -0.168304	
14.8	7.41735 19.7654 -0.172627	
14.81	7.43258 19.747 -0.165326	
14.82	7.41509 19.7178 -0.159203	
14.83	7.39313 19.6917 -0.160934	
14.84	7.41912 19.6598 -0.157946	
14.85	7.41213 19.6297 -0.155757	
14.86	7.41423 19.6026 -0.144345	
14.87	7.41583 19.573 -0.142	
14.88	7.39419 19.5414 -0.135198	
14.89	7.39497 19.5194 -0.133261	
14.9	7.40204 19.4934 -0.126867	
14.91	7.38886 19.4834 -0.125499	
14.92	7.31255 19.4563 -0.127563	
14.93	7.44445 19.4458 -0.0551332	
14.94	7.34618 19.4053 -0.145175	
14.95	7.63503 19.3568 -0.111092	
14.96	7.27374 19.3439 -0.0954419	
14.97	7.61902 19.3487 -0.0693357	
14.98	7.35053 19.2861 -0.147627	
14.99	7.83017 19.2541 -0.196786	
15	7.00194 19.2195 -0.13933	
15.01	7.40875 19.2328 -0.123324	
15.02	7.15142 19.1894 -0.139851	
15.03	7.52175 19.1623 -0.18983	
15.04	7.26217 19.1212 -0.218578	
15.05	7.57577 19.0863 -0.254469	
15.06	7.26403 19.0869 -0.176296	
15.07	7.58699 19.0665 -0.206217	
15.08	7.20544 19.0577 -0.179352	
15.09	7.56961 19.0341 -0.212657	
15.1	7.2009 19.0127 -0.210412	
15.11	7.57559 18.9948 -0.262461	
15.12	7.5632 18.9844 -0.274589	
15.13	7.25907 18.9715 -0.224027	
15.14	7.5807 18.9702 -0.210421	
15.15	7.1826 18.9466 -0.242408	
15.16	7.57068 18.9152 -0.382551	
15.17	7.27768 18.9281 -0.266622	
15.18	7.66483 18.9131 -0.27586	
15.19	7.20396 18.9206 -0.183733	
15.2	7.55082 18.8764 -0.396892	
15.21	7.34747 18.9053 -0.219989	
15.22	7.66876 18.8704 -0.24742	
15.23	7.24279 18.8713 -0.211465	
15.24	7.56172 18.8063 -0.417973	
15.25	7.27825 18.8489 -0.146686	
15.26	7.57376 18.7687 -0.413387	
15.27	7.25335 18.8169 -0.130334	
15.28	7.58595 18.7222 -0.427889	
15.29	7.14928 18.77 -0.0304716	
15.3	7.47749 18.6769 -0.402213	
15.31	7.09772 18.7369 0.0493847	
15.32	7.53671 18.6585 -0.0978085	
15.33	7.51317 18.6996 -0.198315	
15.34	7.50732 18.6699 -0.166868	
15.35	7.52122 18.6513 -0.139127	
15.36	7.57696 18.6392 -0.111178	
15.37	7.49787 18.5929 -0.0893272	
15.38	7.55985 18.5645 -0.104398	
15.39	7.62122 18.5276 -0.107637	
15.4	7.60265 18.5279 -0.0577479	
15.41	7.6791 18.4906 -0.0484609	
15.42	7.5476 18.4715 -0.0199081	
15.43	7.31557 18.4545 -0.0427216	
15.44	7.49747 18.4586 0.0922574	
15.45	7.40452 18.4354 0.255173	
15.46	7.46052 18.4138 0.282706	
15.47	7.45026 18.4084 0.396249	
15.48	7.42876 18.3743 0.388949	
15.49	7.48848 18.3557 0.393316	
15.5	7.42248 18.3332 0.419986	
15.51	7.36708 18.3056 0.467305	
15.52	7.40617 18.2979 0.474557	
15.53	7.33184 18.2819 0.469224	
15.54	7.31155 18.2872 0.494197	
15.55	7.29183 18.2621 0.455583	
15.56	7.39621 18.2719 0.494409	
15.57	7.14661 18.2319 0.202195	
15.58	7.54532 18.209 0.25199	
15.59	7.29018 18.2309 0.224467	
15.6	7.42709 18.2334 0.302093	
15.61	7.34626 18.2186 0.321245	
15.62	7.241 18.2272 0.448559	
15.63	7.4056 18.2034 0.530059	
15.64	7.1696 18.1739 0.444506	
15.65	7.47756 18.1784 0.614652	
15.66	7.1219 18.1358 0.431106	
15.67	7.50504 18.1205 0.450703	
15.68	7.05538 18.1163 0.526859	
15.69	7.58097 18.085 0.471449	
15.7	7.1417 18.1113 0.580932	
15.71	7.50028 18.0942 0.600357	
15.72	7.14361 18.0863 0.541713	
15.73	7.50516 18.0792 0.556909	
15.74	7.27851 18.1016 0.566646	
15.75	7.41395 18.0801 0.532722	
15.76	7.43368 18.0726 0.556906	
15.77	7.46596 18.0341 0.540608	
15.78	7.51914 18.0328 0.476869	
15.79	7.31072 18.0523 0.57925	
15.8	7.47455 18.0337 0.508293	
15.81	7.32058 18.0225 0.424655	
15.82	7.43061 18.012 0.430899	
15.83	7.38076 18.0105 0.410345	
15.84	7.55341 17.9897 0.385128	
15.85	7.30551 18.015 0.40547	
15.86	7.41891 17.9992 0.402618	
15.87	7.35645 18.0198 0.454497	
15.88	7.51747 18.0013 0.404103	
15.89	7.29563 17.9941 0.357074	
15.9	7.41874 17.9806 0.385809	
15.91	7.32889 17.9715 0.393538	
15.92	7.395 17.9554 0.38001	
15.93	7.39364 17.9551 0.402035	
15.94	7.52182 17.9344 0.382851	
15.95	7.33548 17.9502 0.404125	
15.96	7.39713 17.918 0.376963	
15.97	7.3918 17.9063 0.40035	
15.98	7.43168 17.8768 0.37447	
15.99	7.41419 17.8704 0.374801	
16	7.39878 17.8423 0.340098	
16.01	7.45413 17.8286 0.40504	
16.02	7.4639 17.7999 0.363432	
16.03	7.60228 17.7864 0.339865	
16.04	7.45952 17.7676 0.35727	
16.05	7.59043 17.7528 0.291107	
16.06	7.50805 17.7188 0.24974	
16.07	7.56989 17.7313 0.27213	
16.08	7.58488 17.7209 0.275422	
16.09	7.62993 17.7039 0.27013	
16.1	7.65127 17.6806 0.25097	
16.11	7.64832 17.654 0.249434	
16.12	7.6587 17.6265 0.231253	
16.13	7.65654 17.5419 -0.0172508	
16.14	7.46638 17.5458 0.0257912	
16.15	7.82355 17.4957 0.0662949	
16.16	7.59583 17.477 -0.0395857	
16.17	7.96795 17.4428 -0.0159786	
16.18	7.61383 17.4334 -0.0686247	
16.19	7.97676 17.4096 -0.0285793	
16.2	7.61597 17.4032 -0.0664315	
16.21	7.96817 17.3923 -0.0385626	
16.22	7.57008 17.3874 -0.0439052	
16.23	7.62669 17.4193 -0.0536118	
16.24	7.20862 17.3947 -0.0195406	
16.25	7.68685 17.3341 -0.123209	
16.26	7.28811 17.388 0.0468756	
16.27	7.47133 17.3715 0.0863997	
16.28	7.3954 17.3297 0.0687726	
16.29	7.75812 17.2827 0.01253	
16.3	7.5193 17.2448 -0.0525909	
16.31	7.89503 17.1717 -0.0680999	
16.32	7.50697 17.1726 -0.0259294	
16.33	7.57122 17.1823 -0.0766248	
16.34	7.23503 17.1572 -0.0871154	
16.35	7.65155 17.1512 0.068973	
16.36	7.34761 17.059 -0.119646	
16.37	7.78665 17.0125 -0.0689757	
16.38	7.57849 16.8816 -0.351173	
16.39	7.69185 16.894 -0.222093	
16.4	7.32915 16.9572 0.094107	
16.41	7.34198 16.911 0.151121	
16.42	7.45271 16.8809 0.175339	
16.43	7.51844 16.8206 0.0870238	
16.44	7.47699 16.8027 0.195134	
16.45	7.53117 16.8088 0.177983	
16.46	7.57324 16.7795 0.18437	
16.47	7.65122 16.5993 -0.318751	
16.48	8.17055 16.5805 -0.206	
16.49	8.01258 16.5667 -0.134866	
16.5	7.51329 16.6117 -0.0421274	
16.51	7.52761 16.6043 -0.00725533	
16.52	7.18276 16.5709 -0.0203396	
16.53	7.65946 16.5756 0.0158081	
16.54	7.49362 16.5032 -0.101246	
16.55	7.17705 16.5226 0.0839633	
16.56	7.53857 16.4827 0.319244	
16.57	7.29689 16.4661 0.222914	
16.58	7.3885 16.4212 0.233339	
16.59	7.32794 16.4016 0.232682	
16.6	7.38021 16.4029 0.32333	
16.61	7.36453 16.3727 0.382326	
16.62	7.50203 16.3635 0.489572	
16.63	7.31341 16.2089 0.0369753	
16.64	7.41284 16.3003 0.215585	
16.65	7.47259 16.253 0.222678	
16.66	7.46382 16.2554 0.346616	
16.67	7.49075 16.1988 0.311773	
16.68	7.54933 16.2358 0.371918	
16.69	7.27308 16.1131 0.242904	
16.7	7.57901 16.181 0.307804	
16.71	7.5462 16.1431 0.296615	
16.72	7.59183 16.1131 0.319473	
16.73	7.60286 16.0773 0.285951	
16.74	7.60525 16.0487 0.294209	
16.75	7.47203 15.9814 0.262293	
16.76	7.32268 15.9684 0.253908	
16.77	7.41686 15.9518 0.225106	
16.78	7.72932 15.9856 0.472035	
16.79	7.70002 15.9671 0.450995	
16.8	7.36177 15.9055 0.321862	
16.81	7.67975 15.8741 0.31497	
16.82	7.45043 15.8697 0.299715	
16.83	7.2836 15.8663 0.329548	
16.84	7.42383 15.8338 0.328395	
16.85	7.46619 15.8675 0.378652	
16.86	7.34393 15.8236 0.290198	
16.87	7.56845 15.8606 0.414692	
16.88	7.56086 15.8667 0.458513	
16.89	7.6613 15.8587 0.546572	
16.9	7.68898 15.841 0.541546	
16.91	7.70629 15.8372 0.584663	
16.92	7.7358 15.8098 0.585124	
16.93	7.74824 15.8058 0.595506	
16.94	7.7396 15.7972 0.619061	
16.95	7.74277 15.789 0.618015	
16.96	7.73102 15.7809 0.617618	
16.97	7.70489 15.7699 0.612564	
16.98	7.71941 15.7674 0.613691	
16.99	7.72397 15.7654 0.611681	
17	7.72471 15.7555 0.599579	
17.01	7.43658 15.7516 0.570044	
17.02	7.66365 15.7256 0.572423	
17.03	7.02344 15.6909 0.512531	
17.04	7.61147 15.651 0.433362	
17.05	7.16762 15.6764 0.45019	
17.06	7.64415 15.6487 0.463892	
17.07	7.37924 15.7217 0.777528	
17.08	7.90356 15.5935 0.62235	
17.09	7.54653 15.5834 0.530727	
17.1	7.97014 15.4566 0.259776	
17.11	7.51645 15.5303 0.478254	
17.12	7.46433 15.537 0.491058	
17.13	7.91433 15.4633 0.431862	
17.14	7.78692 15.4773 0.413661	
17.15	7.48568 15.4931 0.373824	
17.16	7.70666 15.43 0.307809	
17.17	7.44459 15.4558 0.307672	
17.18	7.67395 15.4252 0.289964	
17.19	7.4409 15.4543 0.303929	
17.2	7.55335 15.4104 0.263326	
17.21	7.46527 15.4492 0.287376	
17.22	7.46867 15.4096 0.232308	
17.23	7.51997 15.4328 0.246844	
17.24	7.48081 15.42 0.238508	
17.25	7.34037 15.3946 0.261594	
17.26	7.4067 15.3886 0.290774	
17.27	7.25825 15.3658 0.242344	
17.28	7.44084 15.3844 0.316311	
17.29	7.15598 15.3513 0.207219	
17.3	7.50515 15.3417 0.251927	
17.31	7.20953 15.3255 0.221814	
17.32	7.42761 15.3117 0.243758	
17.33	7.07234 15.2981 0.263293	
17.34	7.53856 15.2636 0.26449	
17.35	6.96185 15.2572 0.255927	
17.36	7.02854 15.2202 0.222995	
17.37	7.52927 15.1909 0.201484	
17.38	7.0014 15.1869 0.197103	
17.39	7.53416 15.1383 0.135502	
17.4	7.05843 15.1497 0.156296	
17.41	7.47185 15.131 0.158623	
17.42	7.1011 15.107 0.129352	
17.43	7.42361 15.0597 0.0971376	
17.44	7.37465 15.0647 0.116417	
17.45	7.34446 15.0493 0.0968712	
17.46	7.18264 14.9882 0.011599	
17.47	7.31955 14.9682 0.0118737	
17.48	7.19056 14.9453 0.0321624	
17.49	7.30317 14.9102 0.0338269	
17.5	7.20827 14.8781 0.0365054	
17.51	7.29327 14.838 0.030641	
17.52	7.22119 14.8147 0.0384374	
17.53	7.28598 14.7808 0.0444663	
17.54	7.2317 14.7576 0.0558809	
17.55	7.27941 14.7051 0.0473747	
17.56	7.24821 14.6948 0.11008	
17.57	7.26566 14.6764 0.108259	
17.58	7.24121 14.6328 0.165333	
17.59	7.28644 14.6047 0.183938	
17.6	7.34736 14.6204 0.160786	
17.61	7.25138 14.5792 0.140721	
17.62	7.43233 14.5198 0.330338	
17.63	7.53623 14.4644 0.329196	
17.64	7.42188 14.414 0.172166	
17.65	7.53036 14.3193 0.0570874	
17.66	7.93827 14.3071 0.137072	
17.67	7.49728 14.2431 0.0543842	
17.68	7.44752 14.3096 0.114334	
17.69	7.43735 14.1989 0.0878247	
17.7	7.62937 14.2467 0.0450249	
17.71	7.21007 14.1506 -0.161474	
17.72	7.13475 14.0902 -0.17948	
17.73	7.07642 14.0438 -0.213933	
17.74	7.00868 14.0307 -0.200643	
17.75	6.96661 14.0134 -0.169038	
17.76	6.93906 13.9837 -0.158568	
17.77	6.88831 13.9523 -0.153672	
17.78	6.88164 13.9203 -0.152543	
17.79	6.88004 13.8987 -0.140859	
17.8	6.88413 13.8722 -0.133347	
17.81	6.88985 13.8395 -0.130743	
17.82	6.89146 13.8131 -0.114763	
17.83	6.88704 13.7749 -0.11817	
17.84	6.88749 13.7334 -0.128208	
17.85	6.88759 13.6993 -0.0989471	
17.86	6.88721 13.6504 -0.109906	
17.87	6.88732 13.6098 -0.0884957	
17.88	6.88675 13.5493 -0.0970142	
17.89	6.88669 13.5052 -0.0753155	
17.9	6.89229 13.4468 -0.0816467	
17.91	6.89891 13.392 -0.067782	
17.92	6.90738 13.338 -0.0772193	
17.93	6.91386 13.2823 -0.0695756	
17.94	6.92216 13.2342 -0.0552019	
17.95	6.92889 13.1753 -0.0592564	
17.96	6.93715 13.1268 -0.0488488	
17.97	6.95119 13.0837 -0.0370865	
17.98	6.9651 13.0447 -0.0264006	
17.99	6.97427 13.0163 -0.000992327	
18	6.99583 12.9755 -0.0065406	
18.01	7.00911 12.9317 0.0191193	
18.02	7.15581 12.8967 0.0857212	
18.03	7.02425 12.7566 0.313675	
18.04	7.16049 12.8203 0.348755	
18.05	7.03035 12.759 0.430002	
18.06	7.18022 12.7377 0.401332	
18.07	7.02249 12.7375 0.454142	
18.08	7.1885 12.7105 0.49749	
18.09	7.0947 12.6556 0.595524	
18.1	7.18396 12.6384 0.616744	
18.11	7.15249 12.6333 0.726079	
18.12	7.21709 12.6106 0.779502	
18.13	7.22308 12.5833 0.853274	
18.14	7.27314 12.589 0.951569	
18.15	7.26275 12.5728 0.992803	
18.16	7.35581 12.5528 1.01522	
18.17	7.32746 12.5452 1.06418	
18.18	7.41225 12.522 1.09213	
18.19	7.42139 12.4845 1.2274	
18.2	7.49493 12.4664 1.24148	
18.21	7.45109 12.4399 1.16273	
18.22	7.42577 12.3854 1.18541	
18.23	7.46988 12.3537 1.22084	
18.24	7.44025 12.3501 1.25992	
18.25	7.42272 12.3378 1.29262	
18.26	7.40847 12.3283 1.3266	
18.27	7.40414 12.3273 1.36942	
18.28	7.39818 12.3264 1.40562	
18.29	7.3898 12.3266 1.43688	
18.3	7.38672 12.3294 1.477	
18.31	7.3808 12.3295 1.50949	
18.32	7.37615 12.327 1.5345	
18.33	7.37227 12.3225 1.56265	
18.34	7.37355 12.3174 1.5806	
18.35	7.36649 12.3149 1.60632	
18.36	7.36487 12.3112 1.646	
18.37	7.36316 12.3042 1.66714	
18.38	7.36476 12.2992 1.68582	
18.39	7.36457 12.2961 1.70167	
18.4	7.3582 12.2949 1.71458	
18.41	7.35725 12.2919 1.73057	
18.42	7.35784 12.2881 1.73591	
18.43	7.36438 12.2845 1.74126	
18.44	7.36369 12.2852 1.75182	
18.45	7.36035 12.285 1.75948	
18.46	7.35977 12.2876 1.7673	
18.47	7.35959 12.2857 1.77	
18.48	7.35943 12.2857 1.76992	
18.49	7.35407 12.2858 1.76965	
18.5	7.35505 12.2858 1.76962	
18.51	7.35387 12.2858 1.76955	
18.52	7.35457 12.2884 1.77749	
18.53	7.35342 12.2884 1.77743	
18.54	7.34956 12.2858 1.76928	
18.55	7.35834 12.2885 1.77723	
18.56	7.3531 12.2885 1.77702	
18.57	7.35699 12.2887 1.77684	
18.58	7.35806 12.2887 1.77685	
18.59	7.35804 12.2887 1.77684	
18.6	7.36909 12.2888 1.77698	
18.61	7.36605 12.2888 1.77683	
18.62	7.36522 12.2878 1.77403	
18.63	7.36604 12.2886 1.78479	
18.64	7.36189 12.2902 1.7898	
18.65	7.36189 12.29 1.79777	
18.66	7.36187 12.2917 1.80294	
18.67	7.35777 12.2898 1.80557	
18.68	7.35775 12.2913 1.81872	
18.69	7.35668 12.2894 1.8215	
18.7	7.35668 12.2892 1.82947	
18.71	7.35227 12.2935 1.84243	
18.72	7.3614 12.2936 1.84245	
18.73	7.36033 12.2918 1.84523	
18.74	7.36116 12.2944 1.8532	
18.75	7.36116 12.2944 1.8532	
18.76	7.35681 12.297 1.861	
18.77	7.3609 12.297 1.86115	
18.78	7.35595 12.2961 1.85821	
18.79	7.35679 12.2987 1.86617	
18.8	7.35569 12.2987 1.86616	
18.81	7.35653 12.3013 1.87413	
18.82	7.35627 12.3039 1.88209	
18.83	7.35627 12.3039 1.88209	
18.84	7.35602 12.3065 1.89005	
18.85	7.35493 12.3065 1.89004	
18.86	7.35551 12.3116 1.90599	
18.87	7.35062 12.3091 1.89787	
18.88	7.35037 12.3116 1.90584	
18.89	7.35146 12.3116 1.90585	
18.9	7.35122 12.3142 1.91382	
18.91	7.34988 12.3167 1.92179	
18.92	7.34695 12.3167 1.92166	
18.93	7.34963 12.3193 1.92976	
18.94	7.34671 12.3193 1.92964	
18.95	7.34246 12.3218 1.93749	
18.96	7.34246 12.3218 1.93749	
18.97	7.34538 12.3218 1.93761	
18.98	7.34538 12.3218 1.93761	
18.99	7.34246 12.3218 1.93749	
19	7.34224 12.3243 1.94548	
19.01	7.34224 12.3243 1.94548	
19.02	7.35026 12.3244 1.94548	
19.03	7.35003 12.3269 1.95347	
19.04	7.34605 12.3269 1.95335	
19.05	7.35024 12.3261 1.95065	
19.06	7.35385 12.3294 1.96929	
19.07	7.35385 12.3294 1.96929	
19.08	7.35296 12.3286 1.96646	
19.09	7.35385 12.3293 1.97725	
19.1	7.35383 12.331 1.98242	
19.11	7.35361 12.3333 1.99836	
19.12	7.35383 12.3308 1.99037	
19.13	7.36163 12.3333 2.00632	
19.14	7.36141 12.3357 2.02227	
19.15	7.36141 12.3357 2.02227	
19.16	7.35724 12.3381 2.0381	
19.17	7.35724 12.3381 2.0381	
19.18	7.36095 12.3423 2.05138	
19.19	7.36075 12.3429 2.06217	
19.2	7.35658 12.3471 2.07522	
19.21	7.35656 12.3488 2.08038	
19.22	7.35635 12.3512 2.08839	
19.23	7.36004 12.3536 2.10447	
19.24	7.35593 12.356 2.11236	
19.25	7.35571 12.3584 2.12832	
19.26	7.35957 12.3601 2.1336	
19.27	7.3596 12.3583 2.13638	
19.28	7.3546 12.36 2.14142	
19.29	7.35916 12.3631 2.16036	
19.3	7.35527 12.3648 2.16541	
19.31	7.35913 12.3648 2.16553	
19.32	7.35891 12.3672 2.17355	
19.33	7.35506 12.3671 2.18137	
19.34	7.351 12.3695 2.18929	
19.35	7.35211 12.3677 2.19207	
19.36	7.351 12.3694 2.19722	
19.37	7.35209 12.3694 2.19723	
19.38	7.35212 12.3677 2.20001	
19.39	7.34696 12.3717 2.21308	
19.4	7.35189 12.3718 2.21319	
19.41	7.3508 12.3718 2.21319	
19.42	7.34698 12.37 2.21586	
19.43	7.34679 12.3724 2.22389	
19.44	7.34698 12.37 2.21586	
19.45	7.34788 12.3724 2.22389	
19.46	7.34696 12.3717 2.22102	
19.47	7.34786 12.3741 2.22905	
19.48	7.34677 12.3741 2.22905	
19.49	7.34786 12.3741 2.22905	
19.5	7.34294 12.3741 2.22895	
19.51	7.34403 12.3741 2.22895	
19.52	7.34003 12.3764 2.23688	
19.53	7.34294 12.3741 2.22895	
19.54	7.33894 12.3764 2.23688	
19.55	7.33911 12.374 2.22885	
19.56	7.34003 12.3764 2.23688	
19.57	7.33621 12.3764 2.23679	
19.58	7.34003 12.3764 2.23688	
19.59	7.3324 12.3763 2.2367	
19.6	7.3324 12.3763 2.2367	
19.61	7.33496 12.3787 2.24483	
19.62	7.33146 12.3739 2.22867	
19.63	7.3324 12.3763 2.2367	
19.64	7.3313 12.3763 2.2367	
19.65	7.3313 12.3763 2.2367	
19.66	7.33224 12.3787 2.24474	
19.67	7.3324 12.3763 2.2367	
19.68	7.33224 12.3787 2.24474	
19.69	7.32843 12.3787 2.24465	
19.7	7.32846 12.3769 2.24743	
19.71	7.33115 12.3787 2.25267	
19.72	7.32843 12.3786 2.25259	
19.73	7.3272 12.381 2.26856	
19.74	7.32829 12.381 2.26856	
19.75	7.32435 12.3833 2.28445	
19.76	7.32435 12.3833 2.29239	
19.77	7.31522 12.3866 2.3027	
19.78	7.31115 12.393 2.3318	
19.79	7.30833 12.397 2.35285	
19.8	7.30831 12.3988 2.36592	
19.81	7.30434 12.4035 2.39781	
19.82	7.30299 12.4116 2.43214	
19.83	7.30004 12.4204 2.47723	
19.84	7.29506 12.4269 2.52221	
19.85	7.29851 12.4335 2.56727	
19.86	7.29457 12.4423 2.6203	
19.87	7.2837 12.455 2.68654	
19.88	7.286 12.4619 2.7395	
19.89	7.28204 12.4737 2.81939	
19.9	7.2818 12.481 2.87526	
19.91	7.28132 12.4966 2.96057	
19.92	7.28093 12.5077 3.02481	
19.93	7.28724 12.5173 3.09195	
19.94	7.28676 12.5283 3.15626	
19.95	7.29273 12.5407 3.21796	
19.96	7.29216 12.5509 3.27449	
19.97	7.29485 12.5592 3.32295	
19.98	7.29521 12.5705 3.37987	
19.99	7.29761 12.5812 3.42599	
20	7.30008 12.5881 3.45886	
20.01	7.29966 12.5931 3.48348	
20.02	7.30124 12.5964 3.49998	
20.03	7.30188 12.6013 3.52464	
20.04	7.30049 12.6045 3.54109	
20.05	7.30019 12.6076 3.55754	
20.06	7.30113 12.6092 3.56577	
20.07	7.30367 12.6123 3.58231	
20.08	7.30351 12.6138 3.59054	
20.09	7.30242 12.6138 3.59055	
20.1	7.30319 12.6169 3.60702	
20.11	7.30318 12.6182 3.60429	
20.12	7.30302 12.6197 3.61253	
20.13	7.30302 12.6197 3.61253	
20.14	7.30302 12.6197 3.61253	
20.15	7.30476 12.6179 3.6075	
20.16	7.30272 12.6208 3.62392	
20.17	7.30272 12.6208 3.62392	
20.18	7.30272 12.6208 3.62392	
20.19	7.30256 12.6223 3.63217	
20.2	7.30442 12.6208 3.624	
20.21	7.30534 12.6223 3.63224	
20.22	7.30147 12.6222 3.63217	
20.23	7.30272 12.6208 3.62392	
20.24	7.29466 12.6221 3.63217	
20.25	7.29466 12.6221 3.63217	
20.26	7.29466 12.6221 3.63217	
20.27	7.28676 12.622 3.63217	
20.28	7.28413 12.6205 3.62385	
20.29	7.27331 12.6219 3.63203	
20.3	7.25997 12.6202 3.62366	
20.31	7.24819 12.6201 3.62361	
20.32	7.22782 12.6213 3.63174	
20.33	7.20265 12.6196 3.62338	
20.34	7.18914 12.621 3.63157	
20.35	7.17182 12.6194 3.62327	
20.36	7.15446 12.6193 3.62326	
20.37	7.13819 12.6205 3.62053	
20.38	7.12363 12.6204 3.62057	
20.39	7.10906 12.6203 3.62064	
20.4	7.09668 12.6202 3.62066	
20.41	7.08211 12.6201 3.62075	
20.42	7.06738 12.6186 3.61263	
20.43	7.05516 12.62 3.62093	
20.44	7.04148 12.6184 3.61279	
20.45	7.02798 12.6184 3.61291	
20.46	7.01195 12.6198 3.62136	
20.47	7.0089 12.6183 3.61319	
20.48	6.9954 12.6196 3.61063	
20.49	6.98191 12.6195 3.61081	
20.5	6.96841 12.6195 3.611	
20.51	6.96562 12.6195 3.6111	
20.52	6.95601 12.6208 3.60841	
20.53	6.95042 12.6208 3.60862	
20.54	6.93972 12.6221 3.60601	
20.55	6.93693 12.6235 3.6034	
20.56	6.92623 12.6235 3.60352	
20.57	6.92344 12.6248 3.60091	
20.58	6.91232 12.6247 3.59007	
20.59	6.90842 12.626 3.58756	
20.6	6.89925 12.6289 3.59313	
20.61	6.89601 12.6288 3.5823	
20.62	6.88765 12.6301 3.56861	
20.63	6.87975 12.6315 3.56588	
20.64	6.87694 12.6328 3.5633	
20.65	6.87694 12.6356 3.55785	
20.66	6.87648 12.6355 3.54689	
20.67	6.86528 12.6355 3.53607	
20.68	6.86136 12.6368 3.53358	
20.69	6.86245 12.6382 3.53078	
20.7	6.86088 12.6381 3.5199	
20.71	6.86197 12.6381 3.51982	
20.72	6.85991 12.6366 3.50071	
20.73	6.85943 12.6351 3.49248	
20.74	6.86732 12.635 3.49248	
20.75	6.86445 12.635 3.49264	
20.76	6.86445 12.6364 3.48991	
20.77	6.86346 12.6334 3.47345	
20.78	6.86636 12.6334 3.47329	
20.79	6.86346 12.6334 3.47345	
20.8	6.86346 12.6334 3.47345	
20.81	6.86346 12.6334 3.47345	
20.82	6.86057 12.6334 3.47362	
20.83	6.86057 12.6334 3.47362	
20.84	6.86297 12.6319 3.46523	
20.85	6.86297 12.6319 3.46523	
20.86	6.86297 12.6319 3.46523	
20.87	6.86346 12.6334 3.47345	
20.88	6.86297 12.6333 3.4625	
20.89	6.86007 12.6333 3.46267	
20.9	6.86007 12.6333 3.46267	
20.91	6.86297 12.6333 3.4625	
20.92	6.86007 12.6333 3.46267	
20.93	6.86007 12.6333 3.46267	
20.94	6.86007 12.6333 3.46267	
20.95	6.86007 12.6333 3.46267	
20.96	6.86007 12.6333 3.46267	
20.97	6.86188 12.6333 3.46259	
20.98	6.86007 12.6333 3.46267	
20.99	6.86297 12.6333 3.4625	
21	6.85848 12.6318 3.45453	
21.01	6.86007 12.6333 3.46267	
21.02	6.85957 12.6318 3.45444	
21.03	6.86007 12.6352 3.46777	
21.04	6.86007 12.6352 3.46777	
21.05	6.85167 12.6337 3.45955	
21.06	6.85217 12.6352 3.46777	
21.07	6.85217 12.6371 3.47288	
21.08	6.84377 12.6357 3.46465	
21.09	6.84378 12.6375 3.46975	
21.1	6.84269 12.6394 3.47494	
21.11	6.83589 12.6414 3.47996	
21.12	6.8353 12.6429 3.48826	
21.13	6.8285 12.6449 3.49328	
21.14	6.828 12.6433 3.48506	
21.15	6.824 12.6452 3.49041	
21.16	6.82691 12.6452 3.49024	
21.17	6.82692 12.6471 3.49534	
21.18	6.81772 12.6487 3.50365	
21.19	6.81612 12.6491 3.50061	
21.2	6.81663 12.6506 3.50883	
21.21	6.81663 12.6492 3.51156	
21.22	6.81663 12.6492 3.51156	
21.23	6.81903 12.6496 3.50826	
21.24	6.81954 12.6511 3.51648	
21.25	6.81503 12.6515 3.51361	
21.26	6.81555 12.653 3.52183	
21.27	6.81664 12.6549 3.52684	
21.28	6.81504 12.6553 3.5238	
21.29	6.81556 12.6568 3.53202	
21.3	6.81505 12.6572 3.52889	
21.31	6.81556 12.6587 3.53712	
21.32	6.81557 12.6606 3.54221	
21.33	6.81506 12.661 3.53908	
21.34	6.81558 12.6644 3.55239	
21.35	6.81558 12.6663 3.55748	
21.36	6.81269 12.6682 3.56275	
21.37	6.81559 12.6683 3.56257	
21.38	6.8156 12.6721 3.57275	
21.39	6.81451 12.674 3.57792	
21.4	6.81452 12.676 3.58301	
21.41	6.81561 12.6779 3.58801	
21.42	6.81453 12.6798 3.59318	
21.43	6.81402 12.6802 3.59004	
21.44	6.81403 12.6841 3.60021	
21.45	6.81455 12.6876 3.61351	
21.46	6.81403 12.688 3.61037	
21.47	6.81404 12.6899 3.61545	
21.48	6.81457 12.6953 3.63383	
21.49	6.81457 12.6973 3.63891	
21.5	6.81458 12.6992 3.64399	
21.51	6.81458 12.7012 3.64907	
21.52	6.81458 12.7031 3.65414	
21.53	6.81351 12.7085 3.66165	
21.54	6.8146 12.7104 3.66664	
21.55	6.81461 12.7124 3.67171	
21.56	6.81643 12.7178 3.67904	
21.57	6.82379 12.7181 3.67588	
21.58	6.8214 12.7216 3.68935	
21.59	6.8225 12.727 3.69668	
21.6	6.82432 12.7304 3.69893	
21.61	6.83219 12.7357 3.70634	
21.62	6.83169 12.7396 3.70552	
21.63	6.8317 12.7464 3.7102	
21.64	6.83041 12.7533 3.72592	
21.65	6.83717 12.7601 3.73068	
21.66	6.84008 12.7684 3.73247	
21.67	6.83959 12.7786 3.72853	
21.68	6.83961 12.7884 3.72778	
21.69	6.83853 12.8002 3.73216	
21.7	6.83964 12.8135 3.73368	
21.71	6.83966 12.8304 3.73763	
21.72	6.8421 12.8494 3.7355	
21.73	6.84163 12.863 3.72617	
21.74	6.84116 12.8838 3.72153	
21.75	6.84069 12.9012 3.71456	
21.76	6.83973 12.9173 3.69935	
21.77	6.83876 12.93 3.68181	
21.78	6.8378 12.9427 3.66427	
21.79	6.83525 12.9542 3.63856	
21.8	6.83537 12.962 3.62131	
21.81	6.83391 12.9667 3.59856	
21.82	6.83294 12.9708 3.57905	
21.83	6.83353 12.9703 3.55655	
21.84	6.8305 12.9674 3.54018	
21.85	6.83001 12.9659 3.53194	
21.86	6.82904 12.963 3.51548	
21.87	6.83066 12.9615 3.50714	
21.88	6.83127 12.96 3.49884	
21.89	6.82971 12.9585 3.49068	
21.9	6.82709 12.9569 3.48257	
21.91	6.82923 12.957 3.48246	
21.92	6.82876 12.9554 3.47424	
21.93	6.82876 12.9554 3.47424	
21.94	6.82503 12.9538 3.4662	
21.95	6.82828 12.9539 3.46602	
21.96	6.82503 12.9538 3.4662	
21.97	6.82454 12.9523 3.45798	
21.98	6.82454 12.9523 3.45798	
21.99	6.81243 12.9523 3.45825	
22	6.81352 12.9523 3.45818	
22.01	6.80917 12.9523 3.45845	
22.02	6.80917 12.9523 3.45845	
22.03	6.80591 12.9522 3.45865	
22.04	6.80213 12.9506 3.45064	
22.05	6.79939 12.9522 3.45907	
22.06	6.80265 12.9506 3.46154	
22.07	6.79777 12.9489 3.45362	
22.08	6.79777 12.9489 3.45362	
22.09	6.7945 12.9489 3.45384	
22.1	6.78673 12.949 3.45384	
22.11	6.78673 12.949 3.45384	
22.12	6.78346 12.9489 3.45406	
22.13	6.78076 12.9505 3.46249	
22.14	6.7775 12.9504 3.46272	
22.15	6.77911 12.9489 3.45437	
22.16	6.77425 12.9504 3.46295	
22.17	6.77257 12.9488 3.45483	
22.18	6.77257 12.9488 3.45483	
22.19	6.77257 12.9488 3.45483	
22.2	6.76931 12.9488 3.45507	
22.21	6.76931 12.9488 3.45507	
22.22	6.76604 12.9487 3.45531	
22.23	6.76931 12.9488 3.45507	
22.24	6.76931 12.9488 3.45507	
22.25	6.76604 12.9487 3.45531	
22.26	6.76822 12.9487 3.45515	
22.27	6.76495 12.9487 3.4554	
22.28	6.76495 12.9487 3.4554	
22.29	6.76435 12.9471 3.44719	
22.3	6.76495 12.9487 3.4554	
22.31	6.76495 12.9487 3.4554	
22.32	6.76495 12.9487 3.4554	
22.33	6.76556 12.9503 3.46361	
22.34	6.76169 12.9487 3.45564	
22.35	6.76495 12.9487 3.4554	
22.36	6.7623 12.9502 3.46385	
22.37	6.76169 12.9487 3.45564	
22.38	6.76169 12.9487 3.45564	
22.39	6.76169 12.9487 3.45564	
22.4	6.76169 12.9487 3.45564	
22.41	6.76169 12.9487 3.45564	
22.42	6.76169 12.9487 3.45564	
22.43	6.76169 12.9487 3.45564	
22.44	6.76169 12.9487 3.45564	
22.45	6.75998 12.9471 3.44753	
22.46	6.7606 12.9486 3.45573	
22.47	6.75842 12.9486 3.4559	
22.48	6.76107 12.9471 3.44744	
22.49	6.75842 12.9486 3.4559	
22.5	6.75842 12.9486 3.4559	
22.51	6.76169 12.9487 3.45564	
22.52	6.7606 12.9486 3.45573	
22.53	6.75842 12.9486 3.4559	
22.54	6.76169 12.9487 3.45564	
22.55	6.7606 12.9486 3.45573	
22.56	6.7606 12.9486 3.45573	
22.57	6.75842 12.9486 3.4559	
22.58	6.75905 12.9502 3.4641	
22.59	6.76169 12.9487 3.45564	
22.6	6.75842 12.9486 3.4559	
22.61	6.75905 12.9502 3.4641	
22.62	6.75842 12.9486 3.4559	
22.63	6.75796 12.9502 3.46419	
22.64	6.75905 12.9502 3.4641	
22.65	6.75842 12.9486 3.4559	
22.66	6.75733 12.9486 3.45599	
22.67	6.75671 12.947 3.44778	
22.68	6.75733 12.9486 3.45599	
22.69	6.75905 12.9502 3.4641	
22.7	6.75842 12.9486 3.4559	
22.71	6.75842 12.9486 3.4559	
22.72	6.75733 12.9486 3.45599	
22.73	6.75671 12.947 3.44778	
22.74	6.74894 12.9471 3.44778	
22.75	6.74957 12.9487 3.45599	
22.76	6.74894 12.9471 3.44778	
22.77	6.74957 12.9487 3.45599	
22.78	6.74957 12.9487 3.45599	
22.79	6.74957 12.9487 3.45599	
22.8	6.75065 12.9487 3.4559	
22.81	6.75065 12.9487 3.4559	
22.82	6.75128 12.9503 3.4641	
22.83	6.75065 12.9487 3.4559	
22.84	6.74957 12.9487 3.45599	
22.85	6.74957 12.9487 3.45599	
22.86	6.74957 12.9487 3.45599	
22.87	6.74957 12.9487 3.45599	
22.88	6.74957 12.9503 3.4533	
22.89	6.75019 12.9519 3.46151	
22.9	6.74957 12.9503 3.4533	
22.91	6.74957 12.9503 3.4533	
22.92	6.75066 12.9503 3.45321	
22.93	6.75066 12.9503 3.45321	
22.94	6.74739 12.9503 3.45346	
22.95	6.75128 12.9519 3.46142	
22.96	6.74803 12.9519 3.46167	
22.97	6.74957 12.9503 3.4533	
22.98	6.75066 12.9503 3.45321	
22.99	6.74894 12.9488 3.44509	
23	6.74957 12.9503 3.4533	
23.01	6.74957 12.9503 3.4533	
23.02	6.75066 12.9503 3.45321	
23.03	6.74739 12.9503 3.45346	
23.04	6.7463 12.9503 3.45356	
23.05	6.7463 12.9503 3.45356	
23.06	6.75019 12.9519 3.46151	
23.07	6.7463 12.9503 3.45356	
23.08	6.7463 12.9503 3.45356	
23.09	6.74957 12.9503 3.4533	
23.1	6.7463 12.9503 3.45356	
23.11	6.75066 12.9503 3.45321	
23.12	6.7463 12.9503 3.45356	
23.13	6.74957 12.9503 3.4533	
23.14	6.74739 12.9503 3.45346	
23.15	6.74957 12.9503 3.4533	
23.16	6.74957 12.9503 3.4533	
23.17	6.74957 12.9503 3.4533	
23.18	6.74957 12.9503 3.4533	
23.19	6.75734 12.9502 3.4533	
23.2	6.75734 12.9502 3.4533	
23.21	6.75734 12.9502 3.4533	
23.22	6.75407 12.9502 3.45356	
23.23	6.75734 12.9502 3.4533	
23.24	6.75734 12.9502 3.4533	
23.25	6.75734 12.9502 3.4533	
23.26	6.75734 12.9502 3.4533	
23.27	6.75407 12.9502 3.45356	
23.28	6.75344 12.9486 3.44535	
23.29	6.75734 12.9502 3.4533	
23.3	6.75905 12.9518 3.46142	
23.31	6.75905 12.9518 3.46142	
23.32	6.75562 12.9486 3.44518	
23.33	6.75734 12.9502 3.4533	
23.34	6.75471 12.9517 3.46176	
23.35	6.75407 12.9502 3.45356	
23.36	6.75734 12.9502 3.4533	
23.37	6.75407 12.9502 3.45356	
23.38	6.75734 12.9502 3.4533	
23.39	6.75734 12.9502 3.4533	
23.4	6.75407 12.9502 3.45356	
23.41	6.75734 12.9502 3.4533	
23.42	6.75471 12.9517 3.46176	
23.43	6.75734 12.9502 3.4533	
23.44	6.75407 12.9502 3.45356	
23.45	6.75734 12.9502 3.4533	
23.46	6.75842 12.9502 3.45321	
23.47	6.75734 12.9502 3.4533	
23.48	6.75734 12.9502 3.4533	
23.49	6.75734 12.9502 3.4533	
23.5	6.7606 12.9503 3.45305	
23.51	6.75471 12.9517 3.46176	
23.52	6.75625 12.9502 3.45339	
23.53	6.75734 12.9502 3.4533	
23.54	6.75734 12.9502 3.4533	
23.55	6.75734 12.9502 3.4533	
23.56	6.7651 12.9501 3.4533	
23.57	6.7651 12.9501 3.4533	
23.58	6.7651 12.9501 3.4533	
23.59	6.7651 12.9501 3.4533	
23.6	6.7651 12.9501 3.4533	
23.61	6.76837 12.9502 3.45305	
23.62	6.76837 12.9502 3.45305	
23.63	6.77287 12.95 3.4533	
23.64	6.77614 12.9501 3.45305	
23.65	6.77614 12.9501 3.45305	
23.66	6.77614 12.9501 3.45305	
23.67	6.77614 12.9501 3.45305	
23.68	6.77614 12.9501 3.45305	
23.69	6.77614 12.9501 3.45305	
23.7	6.77614 12.9501 3.45305	
23.71	6.78657 12.9485 3.44459	
23.72	6.7839 12.95 3.45305	
23.73	6.78717 12.9501 3.4528	
23.74	6.78717 12.9501 3.4528	
23.75	6.78717 12.9484 3.45548	
23.76	6.78717 12.9484 3.45548	
23.77	6.79494 12.9483 3.45548	
23.78	6.79494 12.9483 3.45548	
23.79	6.79494 12.9483 3.45548	
23.8	6.7982 12.9484 3.45524	
23.81	6.7982 12.9484 3.45524	
23.82	6.7982 12.9484 3.45524	
23.83	6.7982 12.9484 3.45524	
23.84	6.7982 12.9484 3.45524	
23.85	6.7982 12.9484 3.45524	
23.86	6.7982 12.9484 3.45524	
23.87	6.7982 12.9484 3.45524	
23.88	6.80923 12.9483 3.455	
23.89	6.80597 12.9483 3.45524	
23.9	6.80597 12.9483 3.45524	
23.91	6.80923 12.9483 3.455	
23.92	6.80923 12.9483 3.455	
23.93	6.80815 12.9483 3.45508	
23.94	6.80815 12.9483 3.45508	
23.95	6.80815 12.9483 3.45508	
23.96	6.80597 12.9483 3.45524	
23.97	6.81374 12.9482 3.45524	
23.98	6.817 12.9483 3.455	
23.99	6.817 12.9483 3.455	
24	6.817 12.9483 3.455	
24.01	6.81374 12.9482 3.45524	
24.02	6.81591 12.9482 3.45508	
24.03	6.817 12.9483 3.455	
24.04	6.82477 12.9482 3.455	
24.05	6.82477 12.9482 3.455	
24.06	6.82477 12.9482 3.455	
24.07	6.83145 12.9481 3.45508	
24.08	6.83145 12.9481 3.45508	
24.09	6.83254 12.9481 3.455	
24.1	6.83087 12.9465 3.44688	
24.11	6.84031 12.9464 3.45769	
24.12	6.84031 12.9464 3.45769	
24.13	6.84031 12.9464 3.45769	
24.14	6.84808 12.9463 3.45769	
24.15	6.84866 12.9479 3.4659	
24.16	6.84808 12.9463 3.45769	
24.17	6.85911 12.9463 3.45745	
24.18	6.85911 12.9463 3.45745	
24.19	6.86688 12.9463 3.45745	
24.2	6.86688 12.9463 3.45745	
24.21	6.86523 12.9447 3.44933	
24.22	6.87792 12.9463 3.45722	
24.23	6.87792 12.9463 3.45722	
24.24	6.88786 12.9463 3.45707	
24.25	6.88786 12.9463 3.45707	
24.26	6.89222 12.9464 3.45677	
24.27	6.89276 12.9479 3.46498	
24.28	6.8989 12.9463 3.45684	
24.29	6.8989 12.9463 3.45684	
24.3	6.90994 12.9463 3.45662	
24.31	6.91102 12.9463 3.45655	
24.32	6.91102 12.9463 3.45655	
24.33	6.91429 12.9464 3.45633	
24.34	6.92206 12.9464 3.45633	
24.35	6.92206 12.9464 3.45633	
24.36	6.92874 12.9463 3.45641	
24.37	6.92874 12.9463 3.45641	
24.38	6.92874 12.9463 3.45641	
24.39	6.9331 12.9464 3.45612	
24.4	6.93651 12.9463 3.45641	
24.41	6.94087 12.9464 3.45612	
24.42	6.94863 12.9464 3.45612	
24.43	6.94755 12.9463 3.45619	
24.44	6.95481 12.9447 3.44798	
24.45	6.95531 12.9463 3.45619	
24.46	6.9564 12.9463 3.45612	
24.47	6.96744 12.9464 3.45591	
24.48	6.96744 12.9464 3.45591	
24.49	6.96635 12.9464 3.45598	
24.5	6.97412 12.9464 3.45598	
24.51	6.97412 12.9464 3.45598	
24.52	6.98516 12.9464 3.45578	
24.53	6.98298 12.9464 3.45591	
24.54	6.99401 12.9464 3.45571	
24.55	6.99401 12.9464 3.45571	
24.56	7.00069 12.9464 3.45578	
24.57	7.00069 12.9464 3.45578	
24.58	7.00846 12.9464 3.45578	
24.59	7.00846 12.9464 3.45578	
24.6	7.01623 12.9464 3.45578	
24.61	7.0195 12.9465 3.45558	
24.62	7.0195 12.9465 3.45558	
24.63	7.02727 12.9465 3.45558	
24.64	7.02774 12.9481 3.46379	
24.65	7.03504 12.9465 3.45558	
24.66	7.03504 12.9465 3.45558	
24.67	7.03831 12.9466 3.45538	
24.68	7.04716 12.9466 3.45531	
24.69	7.04762 12.9482 3.46353	
24.7	7.05711 12.9467 3.45519	
24.71	7.05756 12.9483 3.4634	
24.72	7.0649 12.9446 3.45017	
24.73	7.06599 12.9447 3.45011	
24.74	7.07594 12.9447 3.44999	
24.75	7.07703 12.9448 3.44992	
24.76	7.0848 12.9448 3.44992	
24.77	7.09475 12.9449 3.4498	
24.78	7.09475 12.9449 3.4498	
24.79	7.11356 12.9451 3.44962	
24.8	7.12174 12.9467 3.45784	
24.81	7.14014 12.9453 3.44944	
24.82	7.15008 12.9454 3.44933	
24.83	7.17253 12.9473 3.45721	
24.84	7.18356 12.9475 3.45705	
24.85	7.19642 12.9461 3.44857	
24.86	7.20002 12.9478 3.45665	
24.87	7.21073 12.9464 3.44828	
24.88	7.22208 12.9481 3.45636	
24.89	7.23637 12.9484 3.45609	
24.9	7.23637 12.9484 3.45609	
24.91	7.24712 12.947 3.44773	
24.92	7.24957 12.9486 3.45587	
24.93	7.2606 12.9488 3.45575	
24.94	7.2606 12.9488 3.45575	
24.95	7.26361 12.9473 3.4474	
24.96	7.27138 12.9474 3.4474	
24.97	7.27489 12.9491 3.45551	
24.98	7.27489 12.9491 3.45551	
24.99	7.28011 12.9477 3.4471	
25	7.28447 12.9478 3.44697	
25.01	7.28897 12.9478 3.44707	
25.02	7.29224 12.9479 3.44697	
25.03	7.29571 12.9496 3.4551	
25.04	7.29879 12.9481 3.44677	
25.05	7.29879 12.9481 3.44677	
25.06	7.29897 12.9497 3.455	
25.07	7.29879 12.9481 3.44677	
25.08	7.30206 12.9482 3.44668	
25.09	7.30006 12.9497 3.45497	
25.1	7.30206 12.9482 3.44668	
25.11	7.30533 12.9482 3.4466	
25.12	7.30206 12.9482 3.44668	
25.13	7.30533 12.9482 3.4466	
25.14	7.30206 12.9482 3.44668	
25.15	7.30533 12.9482 3.4466	
25.16	7.30536 12.9466 3.44929	
25.17	7.30536 12.9466 3.44929	
25.18	7.30536 12.9466 3.44929	
25.19	7.30536 12.9466 3.44929	
25.2	7.30536 12.9466 3.44929	
25.21	7.30536 12.9466 3.44929	
25.22	7.30536 12.9466 3.44929	
25.23	7.30536 12.9466 3.44929	
25.24	7.2976 12.9465 3.44929	
25.25	7.2976 12.9465 3.44929	
25.26	7.2976 12.9465 3.44929	
25.27	7.2976 12.9465 3.44929	
25.28	7.28983 12.9464 3.44929	
25.29	7.28966 12.9448 3.44106	
25.3	7.28209 12.9446 3.45197	
25.31	7.28209 12.9446 3.45197	
25.32	7.27885 12.9429 3.45475	
25.33	7.27108 12.9428 3.45475	
25.34	7.27435 12.9428 3.45466	
25.35	7.27421 12.9396 3.44913	
25.36	7.26333 12.941 3.45744	
25.37	7.26336 12.9394 3.46013	
25.38	7.26336 12.9394 3.46013	
25.39	7.25341 12.9392 3.46019	
25.4	7.25231 12.9397 3.46792	
25.41	7.25013 12.9396 3.46799	
25.42	7.24127 12.9395 3.46802	
25.43	7.24239 12.9379 3.47068	
25.44	7.23802 12.9378 3.47081	
25.45	7.23475 12.9377 3.47091	
25.46	7.23478 12.936 3.4736	
25.47	7.22373 12.9359 3.47371	
25.48	7.22241 12.9342 3.46553	
25.49	7.21271 12.9341 3.47652	
25.5	7.21053 12.934 3.47659	
25.51	7.20944 12.934 3.47663	
25.52	7.19842 12.9322 3.47944	
25.53	7.19842 12.9322 3.47944	
25.54	7.19038 12.9305 3.47123	
25.55	7.18737 12.932 3.47957	
25.56	7.18382 12.9303 3.47148	
25.57	7.17169 12.9285 3.47435	
25.58	7.16203 12.93 3.48266	
25.59	7.16173 12.9284 3.47444	
25.6	7.14989 12.9299 3.48284	
25.61	7.14736 12.9303 3.47974	
25.62	7.13664 12.9318 3.4881	
25.63	7.12232 12.9316 3.48841	
25.64	7.12088 12.9299 3.48025	
25.65	7.10801 12.9314 3.48873	
25.66	7.09696 12.9313 3.4889	
25.67	7.08592 12.9312 3.48907	
25.68	7.08265 12.9311 3.48925	
25.69	7.06383 12.9309 3.48943	
25.7	7.05605 12.9309 3.48943	
25.71	7.04501 12.9308 3.48962	
25.72	7.04283 12.9308 3.48974	
25.73	7.0229 12.9328 3.49501	
25.74	7.01621 12.9328 3.49495	
25.75	7.00081 12.9326 3.49541	
25.76	6.982 12.9325 3.49561	
25.77	6.96209 12.9325 3.49589	
25.78	6.94001 12.9324 3.49632	
25.79	6.91575 12.9323 3.49693	
25.8	6.88931 12.9321 3.49772	
25.81	6.86397 12.932 3.49848	
25.82	6.84314 12.9318 3.49954	
25.83	6.8178 12.9318 3.50038	
25.84	6.80024 12.9316 3.50125	
25.85	6.7816 12.9315 3.50227	
25.86	6.7673 12.9314 3.5029	
25.87	6.75301 12.9314 3.50355	
25.88	6.73763 12.9313 3.50432	
25.89	6.7266 12.9314 3.50466	
25.9	6.71232 12.9313 3.50535	
25.91	6.70797 12.9312 3.50581	
25.92	6.70472 12.9311 3.50617	
25.93	6.70232 12.9327 3.51471	
25.94	6.69799 12.9326 3.51518	
25.95	6.69475 12.9309 3.51825	
25.96	6.69713 12.9315 3.51471	
25.97	6.69279 12.9314 3.5152	
25.98	6.68953 12.9313 3.51557	
25.99	6.69042 12.9329 3.52375	
26	6.68953 12.9296 3.51827	
26.01	6.6852 12.9317 3.52378	
26.02	6.69297 12.9315 3.52378	
26.03	6.68972 12.9314 3.52416	
26.04	6.69063 12.9314 3.53503	
26.05	6.69063 12.9314 3.53503	
26.06	6.68863 12.9298 3.52697	
26.07	6.68738 12.9314 3.53542	
26.08	6.69063 12.9314 3.53503	
26.09	6.68972 12.9298 3.52686	
26.1	6.68538 12.9297 3.52737	
26.11	6.68647 12.9319 3.53226	
26.12	6.68972 12.9319 3.53187	
26.13	6.68972 12.9319 3.53187	
26.14	6.6863 12.9335 3.54054	
26.15	6.68863 12.9319 3.53198	
26.16	6.68863 12.9319 3.53198	
26.17	6.68538 12.9302 3.53507	
26.18	6.68863 12.9303 3.53468	
26.19	6.68972 12.9303 3.53457	
26.2	6.68863 12.9303 3.53468	
26.21	6.68954 12.9319 3.54285	
26.22	6.68538 12.9302 3.53507	
26.23	6.68538 12.9302 3.53507	
26.24	6.68538 12.9302 3.53507	
26.25	6.68538 12.9302 3.53507	
26.26	6.68863 12.9303 3.53468	
26.27	6.6863 12.9318 3.54324	
26.28	6.6863 12.9318 3.54324	
26.29	6.6863 12.9318 3.54324	
26.3	6.68538 12.9302 3.53507	
26.31	6.68863 12.9303 3.53468	
26.32	6.68863 12.9303 3.53468	
26.33	6.68863 12.9303 3.53468	
26.34	6.68538 12.9302 3.53507	
26.35	6.68538 12.9302 3.53507	
26.36	6.68863 12.9303 3.53468	
26.37	6.68954 12.9319 3.54285	
26.38	6.68755 12.9303 3.53479	
26.39	6.68863 12.9303 3.53468	
26.4	6.68863 12.9303 3.53468	
26.41	6.69641 12.9302 3.53468	
26.42	6.69641 12.9302 3.53468	
26.43	6.69731 12.9318 3.54285	
26.44	6.6984 12.9318 3.54274	
26.45	6.70056 12.9319 3.54246	
26.46	6.70056 12.9319 3.54246	
26.47	6.69966 12.9302 3.53429	
26.48	6.7038 12.932 3.54208	
26.49	6.7038 12.932 3.54208	
26.5	6.70488 12.932 3.54197	
26.51	6.70616 12.9304 3.53353	
26.52	6.70616 12.9304 3.53353	
26.53	6.70942 12.9305 3.53316	
26.54	6.70704 12.932 3.5417	
26.55	6.71028 12.9321 3.54133	
26.56	6.71028 12.9321 3.54133	
26.57	6.71028 12.9321 3.54133	
26.58	6.71028 12.9321 3.54133	
26.59	6.71806 12.9336 3.53863	
26.6	6.71719 12.932 3.53046	
26.61	6.71719 12.932 3.53046	
26.62	6.71806 12.9336 3.53863	
26.63	6.71806 12.9336 3.53863	
26.64	6.71936 12.932 3.53019	
26.65	6.7213 12.9337 3.53826	
26.66	6.7213 12.9337 3.53826	
26.67	6.71611 12.932 3.53057	
26.68	6.7213 12.9316 3.53325	
26.69	6.7213 12.9316 3.53325	
26.7	6.72022 12.9315 3.53336	
26.71	6.7213 12.9316 3.53325	
26.72	6.7213 12.9316 3.53325	
26.73	6.7213 12.9316 3.53325	
26.74	6.7213 12.9316 3.53325	
26.75	6.7213 12.9332 3.53056	
26.76	6.72045 12.9316 3.52238	
26.77	6.72044 12.9332 3.51968	
26.78	6.72021 12.9348 3.52796	
26.79	6.72021 12.9364 3.52527	
26.8	6.72454 12.9382 3.5221	
26.81	6.72345 12.9397 3.51951	
26.82	6.72454 12.9414 3.51671	
26.83	6.72129 12.943 3.51439	
26.84	6.72454 12.9447 3.51133	
26.85	6.71677 12.9464 3.50864	
26.86	6.71676 12.948 3.50595	
26.87	6.71352 12.9496 3.50362	
26.88	6.71676 12.9497 3.50326	
26.89	6.71808 12.9498 3.49212	
26.9	6.71917 12.9514 3.48933	
26.91	6.71591 12.9546 3.48432	
26.92	6.72 12.9596 3.48677	
26.93	6.71917 12.9596 3.47589	
26.94	6.71567 12.9677 3.47381	
26.95	6.7114 12.973 3.45443	
26.96	6.7114 12.9796 3.44371	
26.97	6.7073 12.9879 3.41982	
26.98	6.70115 12.9968 3.38436	
26.99	6.69923 13.0088 3.35492	
27	6.70088 13.0212 3.31418	
27.01	6.68817 13.0372 3.2689	
27.02	6.68677 13.0523 3.22268	
27.03	6.68429 13.0673 3.16895	
27.04	6.67824 13.0801 3.09579	
27.05	6.66484 13.0999 3.03402	
27.06	6.66341 13.1233 2.96266	
27.07	6.65658 13.1536 2.90334	
27.08	6.64973 13.1861 2.81907	
27.09	6.64673 13.2187 2.76395	
27.1	6.63617 13.2629 2.69022	
27.11	6.63889 13.3202 2.63418	
27.12	6.63976 13.3742 2.58618	
27.13	6.63586 13.4569 2.52922	
27.14	6.6417 13.537 2.48736	
27.15	6.64436 13.6225 2.45184	
27.16	6.64473 13.7149 2.41847	
27.17	6.65465 13.7997 2.38027	
27.18	6.66929 13.9163 2.33853	
27.19	6.66981 13.9919 2.30945	
27.2	6.68495 14.1158 2.25895	
27.21	6.68944 14.2263 2.21273	
27.22	6.69355 14.3174 2.15604	
27.23	6.69791 14.4285 2.0908	
27.24	6.70193 14.5408 2.01804	
27.25	6.70159 14.6529 1.93466	
27.26	6.70621 14.751 1.85109	
27.27	6.70304 14.8709 1.76007	
27.28	6.70392 15.012 1.66099	
27.29	6.69897 15.1215 1.56161	
27.3	6.69603 15.3128 1.51216	
27.31	6.68158 15.5032 1.46612	
27.32	6.66393 15.8074 1.20581	
27.33	6.65313 16.0868 0.956756	
27.34	6.64087 16.375 0.694957	
27.35	6.62493 16.6184 0.50381	
27.36	6.60886 16.8778 0.306128	
27.37	6.59492 17.1283 -0.192882	
27.38	6.57435 17.4101 -0.305156	
27.39	6.56593 17.597 -0.361914	
27.4	6.5447 17.8252 -0.428534	
27.41	6.52721 18.0912 -0.527106	
27.42	6.5122 18.3377 -0.623053	
27.43	6.47386 18.6411 -0.760779	
27.44	6.50091 18.9327 -0.870885	
27.45	6.46007 19.2135 -1.01756	
27.46	6.45062 19.5787 -1.19578	
27.47	6.44638 19.8804 -1.36972	
27.48	6.40654 20.2064 -1.56187	
27.49	6.37157 20.5631 -1.77271	
27.5	6.33264 20.9165 -1.97138	
27.51	6.30483 21.2311 -2.13151	
27.52	6.27866 21.5285 -2.27957	
27.53	6.25092 21.8512 -2.43101	
27.54	6.22698 22.139 -2.56101	
27.55	6.20409 22.3485 -2.67676	
27.56	6.1766 22.5435 -2.77328	
27.57	6.15894 22.6996 -2.87252	
27.58	6.13816 22.8473 -2.96595	
27.59	6.1318 22.9709 -3.04182	
27.6	6.10943 23.1226 -3.14299	
27.61	6.10457 23.2199 -3.21158	
27.62	6.08911 23.3344 -3.2958	
27.63	6.07637 23.4519 -3.37423	
27.64	6.07338 23.5529 -3.44271	
27.65	6.06073 23.6935 -3.5416	
27.66	6.05922 23.798 -3.61065	
27.67	6.04721 23.9473 -3.71497	
27.68	6.04506 24.0418 -3.78339	
27.69	6.03591 24.1355 -3.8581	
27.7	6.03356 24.2451 -3.96041	
27.71	6.03154 24.3294 -4.0446	
27.72	6.022 24.427 -4.17146	
27.73	6.02094 24.5107 -4.27858	
27.74	6.0159 24.5943 -4.39328	
27.75	6.00667 24.6697 -4.52513	
27.76	5.99675 24.73 -4.61387	
27.77	5.98519 24.804 -4.70957	
27.78	5.96455 24.8591 -4.7747	
27.79	5.94803 24.9365 -4.85965	
27.8	5.936 24.9857 -4.90655	
27.81	5.9252 25.0424 -4.95474	
27.82	5.91725 25.0912 -5.00093	
27.83	5.89018 25.152 -5.03791	
27.84	5.88132 25.2026 -5.06708	
27.85	5.87363 25.262 -5.08913	
27.86	5.87424 25.3199 -5.11573	
27.87	5.8584 25.388 -5.1293	
27.88	5.85084 25.4546 -5.14732	
27.89	5.85148 25.518 -5.15888	
27.9	5.84404 25.5936 -5.17649	
27.91	5.83663 25.6696 -5.20082	
27.92	5.82919 25.7369 -5.2243	
27.93	5.82913 25.8158 -5.25135	
27.94	5.82187 25.8852 -5.2846	
27.95	5.81479 25.972 -5.31031	
27.96	5.81592 26.0515 -5.33536	
27.97	5.8106 26.1561 -5.37147	
27.98	5.80445 26.224 -5.39152	
27.99	5.79643 26.3026 -5.42179	
28	5.79643 26.3691 -5.44597	
28.01	5.78883 26.4711 -5.48699	
28.02	5.78886 26.5326 -5.51959	
28.03	5.7824 26.5955 -5.58118	
28.04	5.7761 26.6775 -5.64072	
28.05	5.77652 26.7507 -5.68156	
28.06	5.76404 26.8207 -5.73692	
28.07	5.7647 26.8819 -5.79051	
28.08	5.75676 26.946 -5.86451	
28.09	5.75729 27.0019 -5.90487	
28.1	5.7568 27.0543 -5.9431	
28.11	5.75732 27.0944 -5.97989	
28.12	5.75794 27.1438 -6.01543	
28.13	5.75861 27.1931 -6.05069	
28.14	5.75095 27.2353 -6.07372	
28.15	5.75998 27.2759 -6.1178	
28.16	5.76016 27.3242 -6.13386	
28.17	5.77003 27.3719 -6.16592	
28.18	5.76947 27.4131 -6.1931	
28.19	5.77762 27.4514 -6.21457	
28.2	5.77963 27.5093 -6.25811	
28.21	5.79577 27.5469 -6.28393	
28.22	5.7898 27.5956 -6.33513	
28.23	5.80633 27.6414 -6.36733	
28.24	5.80727 27.6788 -6.41785	
28.25	5.80855 27.7139 -6.44306	
28.26	5.81715 27.7585 -6.47479	
28.27	5.81745 27.7979 -6.48993	
28.28	5.82644 27.8436 -6.52453	
28.29	5.82718 27.889 -6.55082	
28.3	5.82859 27.9323 -6.56676	
28.31	5.83727 27.9814 -6.58738	
28.32	5.83765 28.0224 -6.60814	
28.33	5.83813 28.0771 -6.61678	
28.34	5.83689 28.1244 -6.63737	
28.35	5.84317 28.1816 -6.65221	
28.36	5.84947 28.2445 -6.66317	
28.37	5.84789 28.2947 -6.68117	
28.38	5.84632 28.3428 -6.70394	
28.39	5.8539 28.3804 -6.73346	
28.4	5.86053 28.4305 -6.77023	
28.41	5.86099 28.4699 -6.79405	
28.42	5.86077 28.5102 -6.82467	
28.43	5.87018 28.5535 -6.87244	
28.44	5.87198 28.5907 -6.90078	
28.45	5.87347 28.6335 -6.92894	
28.46	5.88422 28.6737 -6.95152	
28.47	5.89638 28.7205 -6.97299	
28.48	5.90722 28.7677 -6.98651	
28.49	5.91829 28.8075 -6.99357	
28.5	5.93635 28.8585 -7.00094	
28.51	5.94564 28.9005 -7.01769	
28.52	5.96188 28.9457 -7.02535	
28.53	5.97088 28.9883 -7.04143	
28.54	5.98665 29.062 -7.06298	
28.55	5.99444 29.1012 -7.07741	
28.56	6.00218 29.152 -7.09498	
28.57	6.00948 29.204 -7.104	
28.58	6.01825 29.2473 -7.11861	
28.59	6.02637 29.3065 -7.14061	
28.6	6.03405 29.3651 -7.15912	
28.61	6.0352 29.4245 -7.17215	
28.62	6.05124 29.4878 -7.20195	
28.63	6.05242 29.5401 -7.22364	
28.64	6.06111 29.5841 -7.24802	
28.65	6.06171 29.6353 -7.27777	
28.66	6.06336 29.6868 -7.30693	
28.67	6.0729 29.7384 -7.3437	
28.68	6.07541 29.7897 -7.37226	
28.69	6.08453 29.8206 -7.41774	
28.7	6.08795 29.8614 -7.47728	
28.71	6.77751 30.0667 -8.48676	
28.72	6.77751 30.0667 -8.48676	
28.73	6.77751 30.0667 -8.48676	
28.74	6.77751 30.0667 -8.48676	
28.75	6.77751 30.0667 -8.48676	
28.76	6.77751 30.0667 -8.48676	
28.77	6.77751 30.0667 -8.48676	
28.78	6.77646 30.0666 -8.48702	
28.79	6.77646 30.0666 -8.48702	
28.8	6.7754 30.064 -8.49528	
28.81	6.77646 30.0666 -8.48702	
28.82	6.7754 30.0665 -8.48728	
28.83	6.77646 30.0616 -8.50302	
28.84	6.77646 30.0666 -8.48702	
28.85	6.77646 30.0666 -8.48702	
28.86	6.77646 30.0666 -8.48702	
28.87	6.77646 30.0666 -8.48702	
28.88	6.77646 30.0666 -8.48702	
28.89	6.77646 30.0666 -8.48702	
28.9	6.77751 30.0667 -8.48676	
28.91	6.77751 30.0667 -8.48676	
28.92	6.77857 30.0668 -8.48651	
28.93	6.77857 30.0668 -8.48651	
28.94	6.78724 30.0673 -8.48589	
28.95	6.78173 30.0672 -8.48574	
28.96	6.78279 30.0673 -8.48549	
28.97	6.78279 30.0673 -8.48549	
28.98	6.7849 30.0675 -8.48499	
28.99	6.7849 30.0675 -8.48499	
29	6.78596 30.0676 -8.48474	
29.01	6.78596 30.0676 -8.48474	
29.02	6.78702 30.0677 -8.48449	
29.03	6.78702 30.0677 -8.48449	
29.04	6.78702 30.0677 -8.48449	
29.05	6.78702 30.0677 -8.48449	
29.06	6.81316 30.0562 -8.5241	
29.07	6.83258 30.0467 -8.55577	
29.08	6.78807 30.0654 -8.49224	
29.09	6.79357 30.063 -8.50039	
29.1	6.80664 30.0585 -8.51619	
29.11	6.81966 30.0539 -8.532	
29.12	6.82611 30.0491 -8.54788	
29.13	6.83142 30.0415 -8.57196	
29.14	6.78596 30.0676 -8.48474	
29.15	6.79146 30.0653 -8.49289	
29.16	6.78724 30.0648 -8.4939	
29.17	6.77857 30.0668 -8.48651	
29.18	6.7733 30.0662 -8.48781	
29.19	6.76909 30.0658 -8.48887	
29.2	6.77039 30.0605 -8.50611	
29.21	6.75859 30.0645 -8.49161	
29.22	6.75336 30.0639 -8.49303	
29.23	6.74471 30.0633 -8.49372	
29.24	6.74158 30.0629 -8.4946	
29.25	6.74501 30.0628 -8.49536	
29.26	6.74188 30.0624 -8.49626	
29.27	6.74084 30.0623 -8.49656	
29.28	6.73876 30.062 -8.49716	
29.29	6.73668 30.0617 -8.49777	
29.3	6.73564 30.0616 -8.49808	
29.31	6.74012 30.0616 -8.49857	
29.32	6.74012 30.0616 -8.49857	
29.33	6.73908 30.0615 -8.49888	
29.34	6.73805 30.0613 -8.49919	
29.35	6.73805 30.0613 -8.49919	
29.36	6.73702 30.0637 -8.49151	
29.37	6.73597 30.0611 -8.49982	
29.38	6.73494 30.0609 -8.50013	
29.39	6.73494 30.0609 -8.50013	
29.4	6.73494 30.0609 -8.50013	
29.41	6.7339 30.0608 -8.50045	
29.42	6.7339 30.0608 -8.50045	
29.43	6.72735 30.0604 -8.50057	
29.44	6.72735 30.0604 -8.50057	
29.45	6.72632 30.0603 -8.50089	
29.46	6.72632 30.0603 -8.50089	
29.47	6.72632 30.0603 -8.50089	
29.48	6.71976 30.06 -8.50102	
29.49	6.72632 30.0603 -8.50089	
29.5	6.71459 30.0617 -8.49463	
29.51	6.70083 30.0603 -8.49707	
29.52	6.70059 30.0565 -8.50922	
29.53	6.68937 30.0548 -8.51312	
29.54	6.67821 30.0554 -8.50918	
29.55	6.66159 30.0508 -8.52112	
29.56	6.6651 30.0507 -8.52212	
29.57	6.65409 30.0487 -8.52648	
29.58	6.65309 30.0485 -8.52688	
29.59	6.64313 30.0492 -8.52299	
29.6	6.63362 30.0532 -8.50845	
29.61	6.63064 30.0576 -8.49374	
29.62	6.6211 30.0615 -8.4792	
29.63	6.6247 30.0638 -8.47231	
29.64	6.6293 30.0465 -8.52892	
29.65	6.62733 30.0486 -8.52181	
29.66	6.62635 30.051 -8.51426	
29.67	6.62537 30.0533 -8.50671	
29.68	6.62995 30.0558 -8.49943	
29.69	6.63551 30.056 -8.4997	
29.7	6.63453 30.0558 -8.50014	
29.71	6.63455 30.0583 -8.49215	
29.72	6.64012 30.0586 -8.49242	
29.73	6.63916 30.0608 -8.48487	
29.74	6.64474 30.0611 -8.48515	
29.75	6.64376 30.0609 -8.48559	
29.76	6.64379 30.0633 -8.4776	
29.77	6.64476 30.0635 -8.47716	
29.78	6.64379 30.0633 -8.4776	
29.79	6.65038 30.0662 -8.46944	
29.8	6.64379 30.0633 -8.4776	
29.81	6.64281 30.0632 -8.47805	
29.82	6.64937 30.0636 -8.47788	
29.83	6.64937 30.0636 -8.47788	
29.84	6.64941 30.066 -8.46988	
29.85	6.64283 30.0656 -8.47005	
29.86	6.64941 30.066 -8.46988	
29.87	6.64839 30.0634 -8.47833	
29.88	6.64843 30.0658 -8.47033	
29.89	6.64941 30.066 -8.46988	
29.9	6.64843 30.0658 -8.47033	
29.91	6.64843 30.0658 -8.47033	
29.92	6.64941 30.066 -8.46988	
29.93	6.65598 30.0664 -8.46972	
29.94	6.64843 30.0658 -8.47033	
29.95	6.655 30.0662 -8.47017	
29.96	6.64843 30.0658 -8.47033	
29.97	6.655 30.0662 -8.47017	
29.98	6.64843 30.0658 -8.47033	
29.99	6.64843 30.0658 -8.47033	
30	6.64843 30.0658 -8.47033	
30.01	6.64843 30.0658 -8.47033	
30.02	6.64843 30.0658 -8.47033	
30.03	6.64843 30.0658 -8.47033	
30.04	6.655 30.0662 -8.47017	
30.05	6.64843 30.0658 -8.47033	
30.06	6.655 30.0662 -8.47017	
30.07	6.655 30.0662 -8.47017	
30.08	6.64843 30.0658 -8.47033	
30.09	6.64843 30.0658 -8.47033	
30.1	6.64843 30.0658 -8.47033	
30.11	6.655 30.0662 -8.47017	
30.12	6.64843 30.0658 -8.47033	
30.13	6.655 30.0662 -8.47017	
30.14	6.64843 30.0658 -8.47033	
30.15	6.64843 30.0658 -8.47033	
30.16	6.64843 30.0658 -8.47033	
30.17	6.64843 30.0658 -8.47033	
30.18	6.64843 30.0658 -8.47033	
30.19	6.655 30.0662 -8.47017	
30.2	6.64843 30.0658 -8.47033	
30.21	6.64843 30.0658 -8.47033	
30.22	6.64843 30.0658 -8.47033	
30.23	6.64742 30.0632 -8.47877	
30.24	6.655 30.0662 -8.47017	
30.25	6.64843 30.0658 -8.47033	
30.26	6.655 30.0662 -8.47017	
30.27	6.64843 30.0658 -8.47033	
30.28	6.64843 30.0658 -8.47033	
30.29	6.64843 30.0658 -8.47033	
30.3	6.64843 30.0658 -8.47033	
30.31	6.64843 30.0658 -8.47033	
30.32	6.64843 30.0658 -8.47033	
30.33	6.655 30.0662 -8.47017	
30.34	6.64843 30.0658 -8.47033	
30.35	6.64843 30.0658 -8.47033	
30.36	6.64745 30.0656 -8.47078	
30.37	6.655 30.0662 -8.47017	
30.38	6.655 30.0662 -8.47017	
30.39	6.64843 30.0658 -8.47033	
30.4	6.64843 30.0658 -8.47033	
30.41	6.655 30.0662 -8.47017	
30.42	6.62112 30.0415 -8.54331	
30.43	6.61558 30.0387 -8.55101	
30.44	6.62209 30.0417 -8.54286	
30.45	6.62111 30.0389 -8.55128	
30.46	6.61558 30.0412 -8.54304	
30.47	6.62209 30.0417 -8.54286	
30.48	6.61558 30.0412 -8.54304	
30.49	6.61558 30.0412 -8.54304	
30.5	6.61558 30.0412 -8.54304	
30.51	6.61558 30.0412 -8.54304	
30.52	6.61558 30.0412 -8.54304	
30.53	6.62209 30.0417 -8.54286	
30.54	6.62209 30.0417 -8.54286	
30.55	6.61558 30.0412 -8.54304	
30.56	6.61558 30.0412 -8.54304	
30.57	6.62209 30.0417 -8.54286	
30.58	6.62112 30.0415 -8.54331	
30.59	6.62112 30.0415 -8.54331	
30.6	6.61558 30.0412 -8.54304	
30.61	6.61558 30.0412 -8.54304	
30.62	6.61558 30.0412 -8.54304	
30.63	6.62209 30.0417 -8.54286	
30.64	6.61558 30.0412 -8.54304	
30.65	6.61558 30.0412 -8.54304	
30.66	6.62209 30.0417 -8.54286	
30.67	6.61558 30.0412 -8.54304	
30.68	6.62112 30.0415 -8.54331	
30.69	6.61558 30.0412 -8.54304	
30.7	6.61558 30.0412 -8.54304	
30.71	6.61461 30.041 -8.54349	
30.72	6.61558 30.0412 -8.54304	
30.73	6.61558 30.0412 -8.54304	
30.74	6.61461 30.041 -8.54349	
30.75	6.61461 30.041 -8.54349	
30.76	6.61558 30.0412 -8.54304	
30.77	6.61558 30.0412 -8.54304	
30.78	6.62209 30.0417 -8.54286	
30.79	6.62209 30.0417 -8.54286	
30.8	6.61558 30.0412 -8.54304	
30.81	6.61558 30.0412 -8.54304	
30.82	6.61558 30.0412 -8.54304	
30.83	6.61558 30.0412 -8.54304	
30.84	6.62209 30.0417 -8.54286	
30.85	6.62112 30.0415 -8.54331	
30.86	6.61558 30.0412 -8.54304	
30.87	6.62209 30.0417 -8.54286	
30.88	6.62112 30.0415 -8.54331	
30.89	6.61558 30.0412 -8.54304	
30.9	6.62209 30.0417 -8.54286	
30.91	6.62209 30.0417 -8.54286	
30.92	6.61558 30.0387 -8.55101	
30.93	6.61461 30.041 -8.54349	
30.94	6.61558 30.0412 -8.54304	
30.95	6.61461 30.041 -8.54349	
30.96	6.61558 30.0412 -8.54304	
30.97	6.61461 30.041 -8.54349	
30.98	6.61461 30.041 -8.54349	
30.99	6.61558 30.0412 -8.54304	
31	6.61558 30.0387 -8.55101	
31.01	6.61558 30.0412 -8.54304	
31.02	6.62111 30.0389 -8.55128	
31.03	6.62209 30.0391 -8.55083	
31.04	6.62209 30.0391 -8.55083	
31.05	6.61461 30.041 -8.54349	
31.06	6.61558 30.0412 -8.54304	
31.07	6.62111 30.0389 -8.55128	
31.08	6.61461 30.0385 -8.55146	
31.09	6.62209 30.0417 -8.54286	
31.1	6.61558 30.0412 -8.54304	
31.11	6.62209 30.0417 -8.54286	
31.12	6.61461 30.041 -8.54349	
31.13	6.61558 30.0412 -8.54304	
31.14	6.62112 30.0415 -8.54331	
31.15	6.61558 30.0412 -8.54304	
31.16	6.62209 30.0417 -8.54286	
31.17	6.61461 30.0385 -8.55146	
31.18	6.62112 30.0415 -8.54331	
31.19	6.61461 30.0385 -8.55146	
31.2	6.61558 30.0412 -8.54304	
31.21	6.62112 30.0415 -8.54331	
31.22	6.61558 30.0412 -8.54304	
31.23	6.61461 30.041 -8.54349	
31.24	6.61558 30.0412 -8.54304	
31.25	6.61558 30.0412 -8.54304	
31.26	6.61558 30.0412 -8.54304	
31.27	6.61461 30.041 -8.54349	
31.28	6.61558 30.0412 -8.54304	
31.29	6.62111 30.0389 -8.55128	
31.3	6.62209 30.0417 -8.54286	
31.31	6.61558 30.0412 -8.54304	
31.32	6.62209 30.0417 -8.54286	
31.33	6.61558 30.0412 -8.54304	
31.34	6.61558 30.0412 -8.54304	
31.35	6.61558 30.0412 -8.54304	
31.36	6.61558 30.0412 -8.54304	
31.37	6.62111 30.0389 -8.55128	
31.38	6.62111 30.0389 -8.55128	
31.39	6.61558 30.0412 -8.54304	
31.4	6.62112 30.0415 -8.54331	
31.41	6.62209 30.0391 -8.55083	
31.42	6.61558 30.0412 -8.54304	
