# Gnuplot File : velocities of 1 particle(s) Monitored
# 1st Column : time, others : particle(s) number 0 
0.01	0 0 -0.019274	
0.02	1.11075 -0.322133 -0.502278	
0.03	1.07104 -0.309861 -0.502424	
0.04	1.03263 -0.298249 -0.502895	
0.05	0.995082 -0.287483 -0.504007	
0.06	0.958289 -0.277683 -0.505969	
0.07	0.924037 -0.267096 -0.506092	
0.08	0.892141 -0.25583 -0.504565	
0.09	0.865424 -0.240845 -0.496714	
0.1	-0.827605 0.20655 0.393007	
0.11	-1.39131 0.603611 0.627708	
0.12	-1.34155 0.581283 0.584223	
0.13	-1.29326 0.56002 0.543132	
0.14	-1.26039 0.541374 0.515145	
0.15	-1.21531 0.521445 0.476141	
0.16	-1.2781 0.513094 0.512496	
0.17	-1.23182 0.49441 0.474419	
0.18	-1.18722 0.476488 0.437939	
0.19	-1.14497 0.458669 0.401057	
0.2	-1.50149 0.507164 0.626651	
0.21	-1.47061 0.475024 0.542125	
0.22	2.48778 1.4647 7.67743	
0.23	2.6694 9.93417 17.9413	
0.24	2.71535 8.96387 15.7122	
0.25	2.37542 8.49076 14.6006	
0.26	2.22599 8.13972 13.9057	
0.27	2.63089 8.12494 14.3966	
0.28	2.83801 7.98404 14.4423	
0.29	1.67214 7.06858 11.6534	
0.3	0.502964 5.82359 8.14833	
0.31	-0.0104199 4.92557 5.93908	
0.32	-3.40087 6.60583 8.978	
0.33	-2.18098 7.59296 11.9755	
0.34	0.0501058 4.69145 -0.500678	
0.35	-1.95771 -1.90292 20.0461	
0.36	-1.87544 -1.83386 19.2973	
0.37	-2.41013 -2.11281 17.5248	
0.38	-3.78011 -3.06279 13.6882	
0.39	-4.67317 -4.08755 9.56018	
0.4	-4.89524 -4.9911 5.76003	
0.41	-4.55384 -5.79508 2.23177	
0.42	-3.9386 -6.24163 -0.1229	
0.43	-3.14694 -6.55962 -2.05021	
0.44	-2.08093 -6.8488 -3.89816	
0.45	-0.742427 -7.10096 -5.64019	
0.46	0.788992 -7.31367 -7.25657	
0.47	1.77043 -7.29355 -7.98783	
0.48	2.36451 -7.16479 -8.27335	
0.49	2.64314 -6.97427 -8.28121	
0.5	3.03379 -6.8119 -8.37869	
0.51	3.47441 -6.65815 -8.49185	
0.52	3.70852 -6.46054 -8.40641	
0.53	3.75663 -6.24514 -8.21298	
0.54	3.73666 -6.02878 -7.98692	
0.55	3.6417 -5.81818 -7.7501	
0.56	3.53365 -5.61722 -7.52588	
0.57	3.41674 -5.41887 -7.29222	
0.58	3.30643 -5.22648 -7.06331	
0.59	3.22985 -5.04382 -6.85653	
0.6	3.12098 -4.86557 -6.64433	
0.61	3.0235 -4.69597 -6.44824	
0.62	2.90399 -4.52964 -6.2456	
0.63	3.2905 -3.1498 -4.64587	
0.64	8.29469 0.114473 9.70723	
0.65	9.18273 0.781945 12.8528	
0.66	12.2326 2.13471 23.4208	
0.67	11.8376 2.07535 22.5181	
0.68	13.4081 2.79184 28.5661	
0.69	13.9968 3.04894 28.606	
0.7	8.75153 8.98776 22.8062	
0.71	4.71917 11.0584 16.7045	
0.72	7.69968 10.2138 18.405	
0.73	6.63035 -4.48367 -8.49642	
0.74	7.23475 -19.5539 -6.13559	
0.75	6.7462 -15.4428 -5.77642	
0.76	6.01086 -14.2423 -5.71519	
0.77	7.16709 -14.3326 -1.53754	
0.78	1.40557 -5.48106 -1.26673	
0.79	1.25997 -4.68958 0.897357	
0.8	-0.945953 -2.81202 0.22823	
0.81	-0.497754 -2.78913 4.18444	
0.82	2.82622 0.330346 -4.52288	
0.83	-0.665798 0.474798 -22.334	
0.84	-13.7774 2.11511 -19.2458	
0.85	-13.907 1.71999 -19.1533	
0.86	-16.1637 2.52014 -17.5931	
0.87	-15.6405 2.40319 -17.1918	
0.88	-20.2437 5.75238 -16.3658	
0.89	-19.5819 5.48952 -15.9311	
0.9	-1.59004 2.28191 -32.0514	
0.91	0.361922 2.93448 -27.1009	
0.92	0.264992 2.78157 -26.2473	
0.93	0.106786 2.76342 -24.7448	
0.94	0.0167305 2.61594 -23.9635	
0.95	-0.0924887 2.46168 -23.2312	
0.96	-0.165197 2.33109 -22.4804	
0.97	-0.614784 2.20143 -21.9535	
0.98	-0.157562 -0.35763 -24.4438	
0.99	-2.9298 -1.39325 -23.8944	
1	-6.07566 -4.64824 -26.1634	
1.01	10.8909 -22.998 4.76166	
1.02	13.7604 -16.668 9.20176	
1.03	15.8738 -13.2425 12.467	
1.04	14.9507 -12.4081 10.3209	
1.05	14.5123 -11.9677 9.73102	
1.06	14.0371 -11.615 9.40119	
1.07	13.737 -11.2705 8.75107	
1.08	13.405 -10.9327 8.20197	
1.09	13.0611 -10.6204 7.74572	
1.1	12.5576 -10.1533 7.35743	
1.11	11.653 -9.29747 7.10662	
1.12	10.2735 -8.09829 7.22671	
1.13	8.66913 -6.66026 7.3935	
1.14	6.51439 -4.55703 7.49988	
1.15	4.39855 -2.32712 7.31433	
1.16	2.69618 -0.435289 6.91185	
1.17	0.858258 1.62483 6.49847	
1.18	-0.654967 3.35815 6.02858	
1.19	-1.85001 4.72062 5.59496	
1.2	-2.78467 5.81166 5.13503	
1.21	-3.52728 6.77152 4.53373	
1.22	-3.99784 7.72 3.40886	
1.23	-4.07892 8.15905 2.42355	
1.24	-3.92818 8.24967 1.60833	
1.25	-3.62954 8.09124 0.954422	
1.26	-3.2366 7.75433 0.443151	
1.27	-2.83683 7.34369 0.0632897	
1.28	-2.4146 6.87396 -0.244248	
1.29	-2.00912 6.41909 -0.53372	
1.3	-1.65635 5.95549 -0.688889	
1.31	-1.47886 5.634 -0.732686	
1.32	-1.40792 5.39347 -0.695332	
1.33	-1.33969 5.17972 -0.691872	
1.34	-1.27787 5.00127 -0.730462	
1.35	-1.23668 4.84112 -0.751426	
1.36	-1.20289 4.69084 -0.766872	
1.37	-1.16704 4.54488 -0.786431	
1.38	-1.13231 4.39876 -0.795738	
1.39	-1.08404 4.2428 -0.807591	
1.4	-1.03173 4.09011 -0.826517	
1.41	-0.99548 3.9527 -0.833413	
1.42	-0.956753 3.81659 -0.841144	
1.43	-0.936962 3.69006 -0.821049	
1.44	-1.00553 3.64674 -0.764696	
1.45	-1.01828 3.55755 -0.733593	
1.46	-1.0121 3.4646 -0.728807	
1.47	-1.00488 3.36953 -0.716807	
1.48	-0.967042 3.25551 -0.727925	
1.49	-0.93826 3.1537 -0.737522	
1.5	-0.916492 3.06045 -0.743363	
1.51	-0.886297 2.95913 -0.747098	
1.52	-0.889687 2.89243 -0.740245	
1.53	-0.860314 2.79645 -0.743025	
1.54	-0.845549 2.7153 -0.738538	
1.55	-0.826129 2.6265 -0.725609	
1.56	-0.80199 2.53706 -0.717259	
1.57	-0.790063 2.45554 -0.694443	
1.58	-0.764939 2.36808 -0.684262	
1.59	-0.740806 2.28282 -0.672505	
1.6	-0.717241 2.1993 -0.659354	
1.61	-0.692028 2.11901 -0.652183	
1.62	-0.669633 2.04089 -0.640017	
1.63	-0.641482 1.96544 -0.641465	
1.64	-0.613415 1.8938 -0.646714	
1.65	-0.590126 1.82256 -0.640078	
1.66	-0.566098 1.75345 -0.636107	
1.67	-0.54427 1.68568 -0.627435	
1.68	-0.521826 1.62185 -0.624647	
1.69	-0.501469 1.55946 -0.617753	
1.7	5.30546 1.22087 14.1354	
1.71	5.2379 1.16358 13.9677	
1.72	10.0982 3.07146 26.483	
1.73	9.71618 2.95188 25.5176	
1.74	13.2899 4.91205 34.37	
1.75	14.8909 5.80228 30.7716	
1.76	15.8446 9.46467 -13.1985	
1.77	19.9586 22.1402 -34.7599	
1.78	17.4656 18.9785 -34.3876	
1.79	-3.43305 7.49711 -22.3773	
1.8	0.143848 8.12934 -24.3752	
1.81	-6.58362 7.92447 -15.2335	
1.82	0.661045 2.32026 -21.6668	
1.83	-0.47786 -6.40691 -16.3603	
1.84	1.40496 -11.4883 -19.1476	
1.85	5.11196 8.33498 12.3601	
1.86	5.09404 9.96224 11.6698	
1.87	4.98652 10.4121 11.2648	
1.88	4.83754 10.3942 10.8095	
1.89	4.68478 10.1852 10.5348	
1.9	4.522 9.87714 10.1626	
1.91	4.35758 9.54613 9.7206	
1.92	4.16285 8.75049 9.44693	
1.93	3.76317 5.71493 9.1604	
1.94	3.40508 3.29044 8.51392	
1.95	3.1685 2.08129 7.96257	
1.96	-5.80687 13.0717 16.3481	
1.97	-5.31686 12.1656 15.5088	
1.98	-5.10472 11.6726 14.8585	
1.99	-4.90723 11.1897 14.23	
2	-3.78782 9.81236 13.3291	
2.01	-3.60035 9.41709 12.7415	
2.02	0.863425 0.790191 6.65935	
2.03	4.68272 -2.03732 0.107082	
2.04	5.98646 0.985604 -3.03315	
2.05	5.77541 1.00638 2.60971	
2.06	5.20043 1.89007 2.466	
2.07	3.8571 2.76426 25.9867	
2.08	5.22624 3.75165 23.7568	
2.09	6.32578 4.60722 22.7273	
2.1	7.30955 5.38469 21.575	
2.11	7.74409 5.73679 20.5551	
2.12	6.61911 4.86645 20.0798	
2.13	5.31119 3.86597 19.492	
2.14	3.32574 2.34188 19.0421	
2.15	1.18733 0.723747 18.2798	
2.16	5.17032 -2.76396 6.11101	
2.17	4.93404 -2.81437 5.87456	
2.18	4.77446 -2.74936 5.68641	
2.19	4.33254 -1.86075 5.25893	
2.2	2.1489 -0.867948 9.6473	
2.21	2.07887 -0.825295 9.26925	
2.22	2.18332 -0.642314 8.97826	
2.23	2.27088 -0.47299 8.68229	
2.24	2.51368 -0.165805 8.42976	
2.25	3.14995 0.52933 8.18183	
2.26	4.0837 1.58142 7.77088	
2.27	4.51902 2.16633 7.29656	
2.28	4.69006 2.47215 6.87208	
2.29	4.70703 2.59675 6.52616	
2.3	4.6273 2.60325 6.2418	
2.31	4.49699 2.54421 6.00051	
2.32	4.36703 2.48562 5.7611	
2.33	4.13228 2.28921 5.61374	
2.34	3.82264 2.01476 5.47903	
2.35	3.35385 1.56672 5.38921	
2.36	2.90758 1.16431 5.23992	
2.37	2.49688 0.81709 5.03975	
2.38	1.9956 0.382294 4.83629	
2.39	1.43885 -0.0789461 4.56013	
2.4	1.01054 -0.400409 4.25165	
2.41	0.708555 -0.59906 3.94986	
2.42	0.489935 -0.727018 3.68008	
2.43	0.363215 -0.77894 3.45039	
2.44	0.25721 -0.817702 3.24121	
2.45	0.204333 -0.82036 3.07629	
2.46	0.169316 -0.808307 2.92034	
2.47	0.153021 -0.786471 2.78845	
2.48	-1.9313 -1.01337 9.01532	
2.49	-3.16218 -3.16848 26.9992	
2.5	-5.2001 -3.31671 23.9902	
2.51	9.36834 9.16305 -0.862839	
2.52	-4.47709 -1.65803 7.52053	
2.53	6.03017 3.93256 0.373686	
2.54	5.78048 3.74603 0.360286	
2.55	8.92924 5.51802 -1.6848	
2.56	8.61461 5.32827 -1.64851	
2.57	8.5136 5.26371 -1.74398	
2.58	8.45869 5.10753 -1.782	
2.59	8.123 4.90987 -1.73003	
2.6	7.80118 4.71984 -1.6802	
2.61	7.5098 4.55131 -1.64002	
2.62	7.39807 4.46971 -1.68383	
2.63	7.11032 4.31977 -1.64909	
2.64	7.33517 4.4434 -1.88553	
2.65	7.06527 4.29276 -1.84298	
2.66	6.93638 4.21731 -1.87351	
2.67	6.85398 4.168 -1.92681	
2.68	6.72975 4.09341 -1.95254	
2.69	6.65133 4.04319 -2.00078	
