# Gnuplot File : positions of 1 particle(s) Monitored
# 1st Column : time, others : particle(s) number 0 
0.01	9.35504 13.737 0.80094	
0.02	9.40826 13.8145 0.761104	
0.03	9.0224 13.855 0.860518	
0.04	9.01399 13.8779 0.86507	
0.05	8.98726 13.882 0.874262	
0.06	8.98737 13.8956 0.871647	
0.07	8.98557 13.8939 0.872693	
0.08	8.98359 13.897 0.872229	
0.09	8.97938 13.8955 0.874387	
0.1	9.01693 13.8934 0.861006	
0.11	9.20885 13.8635 0.805097	
0.12	9.38896 13.8362 0.766142	
0.13	9.56419 13.8191 0.73708	
0.14	9.72659 13.809 0.718422	
0.15	9.8165 13.8018 0.712712	
0.16	9.84324 13.7975 0.712062	
0.17	9.84515 13.7944 0.712662	
0.18	9.84483 13.7911 0.713494	
0.19	9.84205 13.7882 0.714349	
0.2	9.83938 13.7854 0.715177	
0.21	9.8368 13.7827 0.715979	
0.22	9.83807 13.7835 0.715242	
0.23	9.82936 13.7778 0.717571	
0.24	9.83335 13.775 0.718037	
0.25	9.86845 13.7717 0.716973	
0.26	9.93729 13.768 0.715437	
0.27	9.95017 13.7656 0.715757	
0.28	9.75411 13.7687 0.725401	
0.29	9.42679 13.7871 0.768483	
0.3	9.05105 13.8272 0.862398	
0.31	8.9147 13.8504 0.91413	
0.32	8.84364 13.9904 0.920833	
0.33	8.82426 13.988 0.929187	
0.34	8.8176 13.9795 0.933775	
0.35	8.93843 13.9554 0.88662	
0.36	9.15499 13.9182 0.81756	
0.37	9.25855 13.8955 0.79272	
0.38	9.28105 13.8907 0.786979	
0.39	9.27831 13.8857 0.788436	
0.4	9.27199 13.8778 0.791924	
0.41	9.2695 13.8765 0.792077	
0.42	9.27207 13.8769 0.790264	
0.43	9.26469 13.8677 0.79469	
0.44	9.52533 13.8385 0.744459	
0.45	9.99924 13.813 0.709593	
0.46	10.487 13.8177 0.748554	
0.47	10.8158 13.7747 0.854342	
0.48	10.9422 13.7866 0.891829	
0.49	10.9883 13.787 0.911279	
0.5	10.9959 13.7903 0.911936	
0.51	10.9965 13.7899 0.911371	
0.52	10.997 13.7895 0.910826	
0.53	10.9518 13.7836 0.894978	
0.54	10.8017 13.7702 0.848455	
0.55	10.664 11.7658 1.4882	
0.56	10.172 10.6873 3.06918	
0.57	10.1906 10.1946 3.1283	
0.58	10.3208 9.49703 3.07979	
0.59	10.4949 9.31298 3.04895	
0.6	10.4863 9.4063 3.04993	
0.61	10.4954 9.41677 3.06822	
0.62	10.7319 9.52641 3.08071	
0.63	11.3881 9.74885 3.17132	
0.64	12.0734 10.0601 3.20849	
0.65	12.8005 10.0985 3.24189	
0.66	13.4876 10.0368 3.265	
0.67	13.7653 10.0436 3.26445	
0.68	13.7302 10.0613 3.24237	
0.69	13.6949 10.0502 3.27683	
0.7	13.6785 9.99579 3.33291	
0.71	13.7621 9.93446 3.39558	
0.72	13.8517 9.86877 3.46047	
0.73	13.8372 9.81878 3.49309	
0.74	13.843 9.81306 3.51603	
0.75	13.8424 9.81249 3.52948	
0.76	13.8209 9.81646 3.52966	
0.77	13.8026 9.82327 3.54523	
0.78	13.7682 9.83402 3.55268	
0.79	13.7584 9.84565 3.55885	
0.8	13.759 9.81627 3.54307	
0.81	13.762 9.77232 3.53043	
0.82	13.765 9.73255 3.51739	
0.83	13.7522 9.68617 3.49425	
0.84	13.7418 9.63516 3.47903	
0.85	13.7387 9.57566 3.45007	
0.86	13.7169 9.51913 3.42089	
0.87	13.6674 9.49656 3.39614	
0.88	13.6275 9.47543 3.36088	
0.89	13.5874 9.45547 3.321	
0.9	13.5366 9.43565 3.29582	
0.91	13.4392 9.41827 3.27893	
0.92	13.2741 9.37523 3.23784	
0.93	13.0776 9.33746 3.19143	
0.94	12.9144 9.33088 3.14813	
0.95	12.7897 9.34717 3.11614	
0.96	12.7022 9.36061 3.07026	
0.97	12.6646 9.3628 3.03248	
0.98	12.6554 9.37557 2.99459	
0.99	12.6539 9.37102 2.96405	
1	12.6531 9.36488 2.94877	
1.01	12.6575 9.35636 2.93414	
1.02	12.6676 9.35817 2.92878	
1.03	12.6778 9.35999 2.92343	
1.04	12.7007 9.36163 2.92334	
1.05	12.7288 9.37148 2.92278	
1.06	12.743 9.38608 2.92148	
1.07	12.7495 9.41104 2.91583	
1.08	12.744 9.43259 2.87507	
1.09	12.7446 9.46057 2.83843	
1.1	12.7428 9.4947 2.77609	
1.11	12.7453 9.5329 2.69046	
1.12	12.7581 9.5619 2.5819	
1.13	12.7719 9.58418 2.45934	
1.14	12.7859 9.60601 2.35124	
1.15	12.8166 9.61188 2.26054	
1.16	12.8694 9.63232 2.26679	
1.17	12.9106 9.67501 2.3284	
1.18	12.915 9.74103 2.33201	
1.19	12.9247 9.8196 2.3477	
1.2	12.9295 9.89632 2.31969	
1.21	12.9272 9.93897 2.28423	
1.22	12.9311 9.96657 2.20432	
1.23	12.9267 9.99689 2.07117	
1.24	12.9278 10.037 1.90464	
1.25	12.8545 10.1878 1.61984	
1.26	12.6801 10.2446 1.24058	
1.27	12.5085 10.2456 0.974532	
1.28	12.2829 10.2758 0.788596	
1.29	12.0036 10.288 0.570581	
1.3	11.6167 10.2641 0.387295	
1.31	11.235 10.215 0.278037	
1.32	10.8449 10.1445 0.162706	
1.33	10.7302 10.1141 0.0420559	
1.34	10.5905 10.1162 0.00930982	
1.35	10.3546 10.1273 -0.0426877	
1.36	10.345 10.169 -0.196871	
1.37	10.0997 10.2253 -0.163526	
1.38	9.9883 10.2238 -0.20283	
1.39	9.70479 10.2251 -0.249543	
1.4	9.49989 10.2311 -0.200194	
1.41	9.25384 10.2484 -0.291618	
1.42	8.98388 10.2463 -0.363926	
1.43	8.56739 10.2276 -0.264213	
1.44	8.17803 10.2253 -0.180665	
1.45	8.08771 10.2278 0.0376438	
1.46	7.8567 10.2128 0.217089	
1.47	7.63328 10.1592 0.3492	
1.48	7.50222 10.104 0.943048	
1.49	7.39546 9.8393 1.88207	
1.5	7.54963 9.28925 2.72941	
1.51	7.82063 9.02894 3.67835	
1.52	7.9107 8.71037 4.5817	
1.53	8.0334 8.45465 5.1978	
1.54	8.06782 8.05932 6.46744	
1.55	8.14302 7.73784 7.68128	
1.56	8.16984 7.54473 8.26475	
1.57	8.11905 7.39126 8.19648	
1.58	8.21175 7.11856 7.94904	
1.59	8.48499 6.85777 7.52668	
1.6	8.72615 6.49538 6.99129	
1.61	9.06747 6.13671 6.44026	
1.62	9.50916 5.77529 6.06616	
1.63	10.0963 5.54465 5.88541	
1.64	10.7334 5.43323 5.7079	
1.65	11.3658 5.40649 5.56103	
1.66	11.9503 5.4675 5.49978	
1.67	12.4875 5.57632 5.4321	
1.68	12.9812 5.64215 5.46587	
1.69	13.4464 5.544 5.62327	
1.7	13.8127 5.43431 5.68752	
1.71	14.0399 5.35821 5.58599	
1.72	14.1825 5.28745 5.50115	
1.73	14.2488 5.17199 5.32696	
1.74	14.2976 5.04998 5.12123	
1.75	14.212 4.91702 4.9073	
1.76	14.1266 4.8066 4.7283	
1.77	14.0437 4.69029 4.57723	
1.78	13.9959 4.61659 4.49396	
1.79	13.9931 4.59539 4.49641	
1.8	13.9789 4.58213 4.46845	
1.81	13.9189 4.5371 4.38335	
1.82	13.8984 4.49247 4.27234	
1.83	13.8484 4.44718 4.11905	
1.84	13.7808 4.39279 3.94921	
1.85	13.7312 4.33771 3.76334	
1.86	13.7107 4.30054 3.58796	
1.87	13.6605 4.26688 3.45424	
1.88	13.6333 4.24893 3.38896	
1.89	13.6229 4.23492 3.33528	
1.9	13.6024 4.23622 3.2834	
1.91	13.5759 4.25524 3.20001	
1.92	13.5543 4.32185 3.04373	
1.93	13.5123 4.42637 2.79832	
1.94	13.4243 4.51033 2.46387	
1.95	13.3686 4.58002 2.26107	
1.96	13.3307 4.63143 2.26033	
1.97	13.3289 4.67497 2.25964	
1.98	13.341 4.70092 2.32528	
1.99	13.3355 4.7472 2.29194	
2	13.3457 4.795 2.34092	
2.01	13.3196 4.81995 2.25967	
2.02	13.2265 4.79564 2.14019	
2.03	13.0603 4.76243 1.85878	
2.04	12.7308 4.70049 1.16658	
2.05	11.4397 4.5752 0.131684	
2.06	9.86892 4.04705 0.247895	
2.07	8.57881 3.62614 0.755884	
2.08	8.60243 3.55533 0.769268	
2.09	8.57351 3.62313 0.511893	
2.1	8.63702 3.61637 0.33417	
2.11	8.60329 3.69289 0.0263424	
2.12	8.32874 3.60999 0.342975	
2.13	8.11052 3.51811 0.774064	
2.14	7.94592 3.36596 1.14832	
2.15	7.84705 3.31035 1.4193	
2.16	7.84193 3.26694 1.68787	
2.17	7.86332 3.2549 1.81894	
2.18	7.87436 3.25912 2.07462	
2.19	7.93798 3.3501 2.60725	
2.2	8.21317 3.31225 4.08826	
2.21	8.41604 3.36728 4.03466	
2.22	8.03168 3.17615 4.02456	
2.23	8.24595 3.21069 4.05764	
2.24	8.10203 3.18391 4.20999	
2.25	8.21318 3.24231 4.16724	
2.26	8.11118 3.34609 4.02507	
2.27	7.85873 3.52834 3.53778	
2.28	7.5781 3.81403 2.85472	
2.29	7.40181 4.02439 2.2413	
2.3	7.37012 4.32722 1.59221	
2.31	7.31058 4.54912 1.18789	
2.32	7.33182 4.82543 0.983274	
2.33	7.73985 5.19986 -0.0525419	
2.34	8.16481 5.67819 -0.969537	
2.35	7.48511 5.44298 -0.171199	
2.36	7.14327 5.45178 0.429632	
2.37	7.01827 5.08936 2.68024	
2.38	9.14051 4.95845 4.4541	
2.39	7.1971 4.68696 1.44371	
2.4	7.43817 4.69578 1.20814	
2.41	7.44792 4.53897 1.29719	
2.42	7.42962 4.43612 1.34561	
2.43	7.19719 4.3249 1.3762	
2.44	7.15979 4.18019 1.62396	
2.45	6.80384 3.83223 2.23342	
2.46	7.09714 3.69391 2.99559	
2.47	7.01657 3.51174 3.41903	
2.48	7.12443 3.4834 3.71161	
2.49	7.16687 3.4253 3.99118	
2.5	7.19457 3.37533 4.13139	
2.51	7.21846 3.32998 4.33075	
2.52	7.25194 3.32784 4.51025	
2.53	7.25575 3.33314 4.55044	
2.54	7.24721 3.34179 4.62698	
2.55	7.25233 3.35632 4.78965	
2.56	7.29029 3.40237 4.80342	
2.57	7.24396 3.56201 4.31437	
2.58	7.26314 3.74191 3.55835	
2.59	7.33697 3.95481 2.79848	
2.6	7.64572 4.25284 1.76453	
2.61	8.40669 4.57088 0.894615	
2.62	8.93378 4.96037 0.396749	
2.63	9.4482 5.21886 0.0556862	
2.64	9.16633 5.17454 -0.0481841	
2.65	8.79973 5.23894 -0.426411	
2.66	9.02687 5.23155 -0.571837	
2.67	8.91389 5.13674 -1.09487	
2.68	8.33036 5.09944 -0.861944	
2.69	7.9784 5.15726 -0.990311	
2.7	7.49871 5.06959 -0.737771	
2.71	7.31148 5.05339 -0.551043	
2.72	7.15692 4.98214 -0.324497	
2.73	6.88243 4.87084 0.0362052	
2.74	6.736 4.74995 0.466604	
2.75	6.69048 4.60385 0.844791	
2.76	6.71862 4.46402 1.28456	
2.77	6.67403 4.36479 1.68811	
2.78	6.71743 4.33248 1.90896	
2.79	6.73654 4.28998 2.10533	
2.8	6.77604 4.1605 3.06619	
2.81	7.00188 3.64027 4.48364	
2.82	7.5933 3.41886 4.91965	
2.83	7.60433 3.08681 5.68494	
2.84	7.68408 2.74121 6.81079	
2.85	7.91719 2.57247 7.7232	
2.86	7.72916 2.67304 7.70164	
2.87	7.54888 2.83748 7.48789	
2.88	7.73582 3.23119 6.87527	
2.89	8.0305 4.0712 5.8408	
2.9	8.16194 5.24765 4.87883	
2.91	8.19039 6.57047 3.91972	
2.92	8.17631 7.72587 3.30253	
2.93	8.27781 8.96828 2.91047	
2.94	8.30413 9.96579 2.72431	
2.95	8.29845 10.8304 2.69988	
2.96	8.26435 11.7563 2.69349	
2.97	8.23049 12.6039 2.58496	
2.98	8.17611 13.0827 2.22228	
2.99	8.07849 13.5634 1.87062	
3	7.74074 14.1417 1.8216	
3.01	7.89915 14.068 1.6537	
3.02	8.08931 14.0516 1.4533	
3.03	8.21402 14.0951 1.31356	
3.04	8.2199 14.0689 1.31758	
3.05	8.21911 14.0666 1.31615	
3.06	8.21771 14.0631 1.31576	
3.07	8.21727 14.0582 1.31518	
3.08	8.21608 14.0577 1.31379	
3.09	8.21519 14.0544 1.31361	
3.1	8.21419 14.0449 1.31593	
3.11	8.21689 14.0379 1.3139	
3.12	8.21888 14.0323 1.31229	
3.13	8.21494 14.0293 1.31467	
3.14	8.2141 14.0233 1.316	
3.15	8.21307 14.0209 1.31573	
3.16	8.21417 14.0125 1.31652	
3.17	8.21418 14.012 1.31479	
