# Gnuplot File : velocities of 1 particle(s) Monitored
# 1st Column : time, others : particle(s) number 0 
0.01	0 0 -0.0365586	
0.02	0 0 -0.0632893	
0.03	0 0 -0.082834	
0.04	0 0 -0.0971245	
0.05	0 0 -0.107573	
0.06	0 0 -0.115213	
0.07	0 0 -0.120799	
0.08	0 0 -0.124884	
0.09	0 0 -0.12787	
0.1	0 0 -0.130054	
0.11	0 0 -0.13165	
0.12	0 0 -0.132818	
0.13	0 0 -0.133671	
0.14	0 0 -0.134295	
0.15	0 0 -0.134752	
0.16	0 0 -0.134752	
0.17	0 0 -0.134752	
0.18	0 0 -0.134752	
0.19	0 0 -0.134752	
0.2	0 0 -0.134752	
0.21	0 0 -0.134752	
0.22	0 0 -0.134752	
0.23	0 0 -0.134752	
0.24	0 0 -0.134752	
0.25	0 0 -0.134752	
0.26	0 0 -0.134752	
0.27	0 0 -0.134752	
0.28	0 0 -0.134752	
0.29	0 0 -0.134752	
0.3	0 0 -0.134752	
0.31	0 0 -0.134752	
0.32	0 0 -0.134752	
0.33	0 0 -0.134752	
0.34	0 0 -0.134752	
0.35	0 0 -0.134752	
0.36	0 0 -0.134752	
0.37	0 0 -0.134752	
0.38	0 0 -0.134752	
0.39	0 0 -0.134752	
0.4	0 0 -0.134752	
0.41	0 0 -0.134752	
0.42	0 0 -0.134752	
0.43	0 0 -0.134752	
0.44	0 0 -0.134752	
0.45	0 0 -0.134752	
0.46	0 0 -0.134752	
0.47	0 0 -0.134752	
0.48	0 0 -0.134752	
0.49	0 0 -0.134752	
0.5	0 0 -0.134752	
0.51	0 0 -0.134752	
0.52	0 0 -0.134752	
0.53	0 0 -0.134752	
0.54	0 0 -0.134752	
0.55	0 0 -0.134752	
0.56	0 0 -0.134752	
0.57	0 0 -0.134752	
0.58	0 0 -0.134752	
0.59	0 0 -0.134752	
0.6	0 0 -0.134752	
0.61	0 0 -0.134752	
0.62	0 0 -0.134752	
0.63	0 0 -0.134752	
0.64	0 0 -0.134752	
0.65	0 0 -0.134752	
0.66	0 0 -0.134752	
0.67	0 0 -0.134752	
0.68	0 0 -0.134752	
0.69	0 0 -0.134752	
0.7	0 0 -0.134752	
0.71	0 0 -0.134752	
0.72	0 0 -0.134752	
0.73	0 0 -0.134752	
0.74	0 0 -0.134752	
0.75	0 0 -0.134752	
0.76	0 0 -0.134752	
0.77	0 0 -0.134752	
0.78	0 0 -0.134752	
0.79	0 0 -0.134752	
0.8	0 0 -0.134752	
0.81	0 0 -0.134752	
0.82	0 0 -0.134752	
0.83	0 0 -0.134752	
0.84	0 0 -0.134752	
0.85	0 0 -0.134752	
0.86	0 0 -0.134752	
0.87	0 0 -0.134752	
0.88	0 0 -0.134752	
0.89	0 0 -0.134752	
0.9	0 0 -0.134752	
0.91	0 0 -0.134752	
0.92	0 0 -0.134752	
0.93	0 0 -0.134752	
0.94	0 0 -0.134752	
0.95	0 0 -0.134752	
0.96	0 0 -0.134752	
0.97	0 0 -0.134752	
0.98	0 0 -0.134752	
0.99	0 0 -0.134752	
1	0 0 -0.134752	
1.01	0 0 -0.134752	
1.02	0 0 -0.134752	
1.03	0 0 -0.134752	
1.04	0 0 -0.134752	
1.05	0 0 -0.134752	
1.06	0 0 -0.134752	
1.07	0 0 -0.134752	
1.08	0 0 -0.134752	
1.09	0 0 -0.134752	
1.1	0 0 -0.134752	
1.11	0 0 -0.134752	
1.12	0 0 -0.134752	
1.13	0 0 -0.134752	
1.14	0 0 -0.134752	
1.15	0 0 -0.134752	
1.16	0 0 -0.134752	
1.17	0 0 -0.134752	
1.18	0 0 -0.134752	
1.19	0 0 -0.134752	
1.2	0 0 -0.134752	
1.21	0 0 -0.134752	
1.22	0 0 -0.134752	
1.23	0 0 -0.134752	
1.24	0 0 -0.134752	
1.25	0 0 -0.134752	
1.26	0 0 -0.134752	
1.27	0 0 -0.134752	
1.28	0 0 -0.134752	
1.29	0 0 -0.134752	
1.3	0 0 -0.134752	
1.31	0 0 -0.134752	
1.32	0 0 -0.134752	
1.33	0 0 -0.134752	
1.34	0 0 -0.134752	
1.35	0 0 -0.134752	
1.36	0 0 -0.134752	
1.37	0 0 -0.134752	
1.38	0 0 -0.134752	
1.39	0 0 -0.134752	
1.4	0 0 -0.134752	
1.41	0 0 -0.134752	
1.42	0 0 -0.134752	
1.43	0 0 -0.134752	
1.44	0 0 -0.134752	
1.45	0 0 -0.134752	
1.46	0 0 -0.134752	
1.47	-0.153069 0.858082 1.4109	
1.48	-0.315503 1.54314 2.71112	
1.49	-0.425035 2.09511 4.04388	
1.5	-0.366848 2.27921 3.39846	
1.51	-0.469968 2.36409 4.26461	
1.52	-0.509722 1.76172 4.96879	
1.53	-0.41429 2.05762 4.1292	
1.54	-0.27249 2.34802 4.22357	
1.55	-0.154931 1.17929 5.2299	
1.56	-0.510748 0.695956 5.59647	
1.57	-0.565618 0.0095334 5.89609	
1.58	-0.445377 0.0756912 4.65723	
1.59	-0.354065 0.0304577 4.59375	
1.6	-0.280202 0.726327 4.56982	
1.61	-0.330273 0.373727 5.88887	
1.62	-0.400772 -0.262596 4.82795	
1.63	-0.495787 0.0139198 6.11294	
1.64	-0.595936 0.443724 4.77961	
1.65	-0.270528 0.162735 5.02023	
1.66	-0.38612 -0.756173 4.83486	
1.67	-0.0503067 -1.17253 4.49365	
1.68	0.182046 -0.870384 3.9848	
1.69	0.797645 -0.702538 3.82745	
1.7	0.891218 -0.683643 3.0579	
1.71	0.888159 -1.59116 2.97691	
1.72	0.689228 -2.4077 1.72286	
1.73	-0.543301 -3.13732 -0.106133	
1.74	-1.91574 -3.13633 -0.816404	
1.75	-2.44304 -3.29854 -1.248	
1.76	-2.97125 -2.97627 -1.61695	
1.77	-2.18491 -2.19548 -1.22905	
1.78	-1.5981 -1.60178 -0.935672	
1.79	-1.16819 -1.17237 -0.720457	
1.8	-0.853841 -0.858696 -0.563089	
1.81	-0.624034 -0.629047 -0.448056	
1.82	-0.455853 -0.461884 -0.363823	
1.83	-0.333052 -0.338918 -0.302369	
1.84	-0.24333 -0.248646 -0.257491	
1.85	-0.177786 -0.182402 -0.224724	
1.86	-0.129916 -0.133653 -0.20081	
1.87	-0.0949403 -0.0979164 -0.183345	
1.88	-0.0693869 -0.0717156 -0.170591	
1.89	-0.0507184 -0.0525108 -0.161277	
1.9	-0.0370714 -0.0384407 -0.15447	
1.91	-0.027096 -0.02815 -0.149495	
1.92	-0.0198078 -0.0205975 -0.145862	
1.93	-0.0144753 -0.0150937 -0.143203	
1.94	-0.0105797 -0.0110521 -0.141261	
1.95	0.0824968 -0.561463 3.23514	
1.96	0.112805 -0.889696 4.75435	
1.97	0.12239 -0.894727 4.51013	
1.98	0.105953 -0.806275 4.4	
1.99	0.116943 -0.94765 5.07001	
2	0.123987 -0.93062 5.4136	
2.01	0.10729 -0.922528 5.6996	
2.02	0.0872798 -0.822032 5.88458	
2.03	0.103506 -0.740269 5.80025	
2.04	0.10519 -0.660874 6.29312	
2.05	0.0583046 -0.473533 5.23311	
2.06	0.0739363 -0.448869 5.83145	
2.07	0.0459406 -0.343894 5.81069	
2.08	0.0188613 -0.280963 6.21695	
2.09	0.00384551 -0.113038 5.151	
2.1	-0.00297793 -0.0833474 5.74933	
2.11	-0.00203022 0.0355035 6.52931	
2.12	-0.00312923 0.130612 5.51249	
2.13	-0.0183957 0.16617 5.31366	
2.14	-0.0222622 0.264921 5.53544	
2.15	-0.0265016 0.346276 6.08643	
2.16	0.897131 0.66893 5.09324	
2.17	0.673505 0.503317 3.66404	
2.18	0.508947 0.380445 2.63642	
2.19	0.385596 0.288242 1.88751	
2.2	0.289945 0.216868 1.33925	
2.21	0.683718 -0.13566 1.55267	
2.22	-0.317164 0.28402 0.265545	
2.23	-0.236534 0.204782 0.15784	
2.24	-0.0420491 1.09588 -0.260353	
2.25	-0.881305 -0.128534 -0.630758	
2.26	-0.64488 -0.0930109 -0.497364	
2.27	-0.470223 -0.0682076 -0.399889	
2.28	-0.344998 -0.049123 -0.328922	
2.29	-0.252517 -0.0356332 -0.276985	
2.3	0.763728 1.78317 -0.757364	
2.31	0.557441 1.30353 -0.590296	
2.32	0.489727 0.656412 0.249828	
2.33	-1.75794 0.643412 0.133846	
2.34	-0.849829 0.563472 0.270164	
2.35	0.806622 3.12187 1.12671	
2.36	1.23381 0.709169 2.43458	
2.37	2.10314 0.841084 -0.26795	
2.38	-2.26359 -1.35287 -0.452669	
2.39	-1.45276 -0.86984 -0.32866	
2.4	-1.25904 -0.735285 -0.261627	
2.41	-0.765842 -0.451288 -0.246962	
2.42	-0.592493 -0.341933 -0.200987	
2.43	-0.593087 -3.56585 1.71489	
2.44	-0.429995 -2.60466 1.21456	
2.45	-0.304641 -1.89339 0.85456	
2.46	-0.221744 -1.38426 0.586088	
2.47	-0.162043 -1.01195 0.392196	
2.48	-0.119291 -0.740542 0.250668	
2.49	-0.0888437 -0.543044 0.14686	
2.5	-0.0101264 0.276317 6.08466	
2.51	-0.060871 0.0517013 4.9581	
2.52	-0.00363534 -0.613888 6.73536	
2.53	0.016344 -0.523771 5.11949	
2.54	0.0375346 -0.51253 4.22165	
2.55	0.0284841 -0.388542 3.05252	
2.56	0.0215004 -0.292972 2.19659	
2.57	0.0160062 -0.217939 1.56985	
2.58	0.011927 -0.16229 1.11163	
2.59	0.00898558 -0.12212 0.77655	
2.6	0.00652979 -0.0887945 0.531327	
2.61	0.00463153 -0.0630718 0.351825	
2.62	0.00326565 -0.0445469 0.220579	
2.63	0.00236659 -0.0322891 0.124667	
2.64	0.00173087 -0.0236081 0.0545601	
2.65	0.00125901 -0.0171737 0.00331477	
2.66	0.000916622 -0.0125038 -0.0341482	
2.67	0.000656552 -0.00896367 -0.0615456	
2.68	0.060312 -0.617438 3.53609	
2.69	0.0169174 -0.622619 5.89421	
2.7	0.0150405 0.0371113 6.38836	
2.71	-0.00516087 0.0457338 4.97751	
2.72	-4.92467 0.135771 1.60447	
2.73	-1.52436 -1.25063 4.5108	
2.74	-1.12994 -0.865589 3.25935	
2.75	-0.834624 -0.603488 2.34541	
2.76	-0.612593 -0.425817 1.67821	
2.77	-0.448197 -0.304462 1.19062	
2.78	-1.99478 -0.786653 1.7471	
2.79	-1.45873 -0.574422 1.24077	
2.8	-0.0751028 -0.341109 0.312872	
2.81	-0.0575388 -0.247009 0.19206	
2.82	-0.0437363 -0.179054 0.103787	
2.83	-0.0720191 0.367396 1.71795	
2.84	-2.58768 0.409325 1.5011	
2.85	0.604425 0.304211 -3.06676	
2.86	-1.61575 -0.633838 0.453882	
2.87	-0.0935408 -2.15596 1.93354	
2.88	-1.54957 -1.22917 1.55076	
2.89	1.72034 1.63042 0.450132	
2.9	1.33237 0.791509 0.465398	
2.91	-0.586572 0.906956 -0.650522	
2.92	-0.426729 0.659378 -0.512185	
2.93	0.054885 0.120316 6.23384	
2.94	-0.0598149 -0.227638 5.56479	
2.95	-0.274426 -0.901599 5.97677	
2.96	-0.19596 -0.632827 4.33597	
2.97	-0.143541 -0.464894 3.1306	
2.98	-0.105937 -0.345713 2.25083	
2.99	-0.0779174 -0.255109 1.61	
3	-0.056903 -0.186124 1.14075	
3.01	-0.0414866 -0.135421 0.797577	
3.02	-0.0300797 -0.0976261 0.546577	
3.03	-0.0217955 -0.0703245 0.362951	
3.04	-0.0157022 -0.0501629 0.22869	
3.05	-0.0113388 -0.0359362 0.130482	
3.06	-0.00818879 -0.0257219 0.05882	
3.07	-0.00592674 -0.0184884 0.00638611	
3.08	-0.00433589 -0.0135314 -0.0318888	
3.09	-0.00318068 -0.00995164 -0.0598776	
3.1	-0.00233988 -0.00735181 -0.080327	
3.11	-0.00170102 -0.00532511 -0.0953073	
3.12	-0.00123936 -0.0038704 -0.106249	
3.13	-0.000908572 -0.00284227 -0.114241	
3.14	-0.000667578 -0.00209579 -0.120087	
3.15	-0.000493426 -0.00156187 -0.124364	
3.16	-0.000363465 -0.00115726 -0.127492	
3.17	-0.000268387 -0.000860829 -0.129778	
3.18	-0.000196166 -0.000629072 -0.131449	
3.19	-0.000143969 -0.000462989 -0.132671	
3.2	-0.000105302 -0.000338697 -0.133564	
3.21	-7.754e-05 -0.000250747 -0.134217	
3.22	-7.76132e-05 -0.0002513 -0.134218	
3.23	-7.73528e-05 -0.000249818 -0.134218	
3.24	-7.6862e-05 -0.000247182 -0.134218	
3.25	-7.60986e-05 -0.000243153 -0.134219	
3.26	-7.56167e-05 -0.000240563 -0.134219	
3.27	-7.50135e-05 -0.000237315 -0.134219	
3.28	-7.41497e-05 -0.000232588 -0.134219	
3.29	-7.378e-05 -0.000230696 -0.13422	
3.3	-7.35073e-05 -0.000229201 -0.13422	
3.31	-7.33361e-05 -0.000228262 -0.13422	
3.32	-7.2838e-05 -0.00022568 -0.134221	
3.33	-7.2617e-05 -0.000224464 -0.134221	
3.34	-7.18832e-05 -0.000220441 -0.134221	
3.35	-7.09839e-05 -0.000215674 -0.134221	
3.36	-7.01902e-05 -0.000211453 -0.134222	
3.37	0.078593 -0.711609 3.46605	
3.38	0.0871249 -0.767697 3.80528	
3.39	0.0833213 -0.800718 4.58912	
3.4	0.0599618 -0.578259 3.32397	
3.41	0.0437333 -0.421652 2.39367	
3.42	0.0320096 -0.30865 1.71359	
3.43	0.0236563 -0.228339 1.21648	
3.44	0.0173603 -0.167626 0.852793	
3.45	0.0127072 -0.12271 0.587036	
3.46	0.00926071 -0.0894 0.392579	
3.47	0.00674755 -0.0651169 0.250484	
3.48	0.00487624 -0.0470045 0.146548	
3.49	0.00354696 -0.0341734 0.070559	
3.5	-0.470587 0.683201 1.651	
3.51	-0.532975 0.59682 1.81443	
3.52	-0.538744 0.383464 1.8133	
3.53	-0.640954 0.321102 2.13245	
3.54	-0.70477 0.651613 2.61736	
3.55	-0.516453 0.482655 1.8772	
3.56	-0.911061 0.121563 2.75306	
3.57	-0.66717 0.0939154 1.97641	
3.58	-0.487986 0.06949 1.40854	
3.59	-0.357008 0.0517901 0.993347	
3.6	-0.26099 0.0375813 0.689796	
3.61	-0.190704 0.0268408 0.467817	
3.62	-0.139312 0.0189688 0.305522	
3.63	-0.101902 0.0140753 0.186829	
3.64	-0.0745401 0.0104545 0.100041	
3.65	-0.0544478 0.00736872 0.0365959	
3.66	-0.0397298 0.00498342 -0.00979588	
3.67	-0.0289986 0.00339558 -0.0437216	
3.68	-0.0211834 0.00238819 -0.0685275	
3.69	-0.0154831 0.00171861 -0.0866641	
3.7	-0.0113265 0.00128347 -0.0999242	
3.71	-0.00829399 0.000999122 -0.109621	
3.72	-0.00607395 0.00077511 -0.116708	
3.73	-0.00445191 0.000615591 -0.12189	
3.74	-0.00326225 0.000481748 -0.125679	
3.75	-0.00238908 0.000369224 -0.128451	
3.76	-0.00174876 0.000278272 -0.130477	
3.77	-0.00127988 0.00020905 -0.13196	
3.78	-0.000936516 0.0001561 -0.133044	
3.79	-0.000685065 0.000115577 -0.133836	
3.8	-0.000500934 8.46258e-05 -0.134416	
3.81	-0.000500633 8.31044e-05 -0.134416	
3.82	-0.000500189 8.08751e-05 -0.134416	
3.83	-0.000499615 7.80108e-05 -0.134416	
3.84	-0.000498769 7.38076e-05 -0.134416	
3.85	-0.000497788 6.89852e-05 -0.134416	
3.86	-0.000496832 6.43382e-05 -0.134416	
3.87	-0.000496653 6.34948e-05 -0.134416	
3.88	-0.0004968 6.4262e-05 -0.134416	
3.89	-0.000496983 6.51813e-05 -0.134416	
3.9	-0.000497072 6.56331e-05 -0.134416	
3.91	-0.000497117 6.58088e-05 -0.134416	
3.92	-0.000496583 6.3202e-05 -0.134416	
3.93	-0.000496323 6.19242e-05 -0.134416	
3.94	-0.000496552 6.30325e-05 -0.134416	
3.95	-0.000496667 6.35691e-05 -0.134416	
3.96	-0.000496516 6.27987e-05 -0.134416	
3.97	-0.000495779 5.92193e-05 -0.134416	
3.98	-0.000495712 5.88909e-05 -0.134416	
3.99	-0.000495729 5.89719e-05 -0.134416	
4	-0.000495688 5.87753e-05 -0.134416	
4.01	-0.000495848 5.95456e-05 -0.134416	
4.02	-0.0004958 5.93167e-05 -0.134416	
4.03	-0.000495635 5.85208e-05 -0.134416	
4.04	-0.000495134 5.61295e-05 -0.134416	
4.05	-0.000494778 5.44298e-05 -0.134416	
4.06	-0.00049504 5.56841e-05 -0.134416	
4.07	-0.000495803 5.93313e-05 -0.134416	
4.08	-0.00049599 6.02269e-05 -0.134416	
4.09	-0.000495973 6.01441e-05 -0.134416	
4.1	-0.000495702 5.88398e-05 -0.134416	
4.11	-0.00049551 5.7922e-05 -0.134416	
4.12	-0.000494914 5.50682e-05 -0.134416	
4.13	-0.000494172 5.15455e-05 -0.134416	
4.14	-0.000493986 5.06623e-05 -0.134416	
4.15	-0.000493824 4.98989e-05 -0.134416	
4.16	-0.00049351 4.84172e-05 -0.134416	
4.17	-0.000493803 4.97971e-05 -0.134416	
4.18	-0.000494128 5.13383e-05 -0.134416	
4.19	-0.000493994 5.0707e-05 -0.134416	
4.2	-0.000493757 4.9585e-05 -0.134416	
4.21	-0.000493335 4.75973e-05 -0.134416	
4.22	-0.000493384 4.78287e-05 -0.134416	
4.23	-0.000493101 4.64995e-05 -0.134416	
4.24	-0.000492819 4.51764e-05 -0.134416	
4.25	-0.000492889 4.5502e-05 -0.134416	
4.26	-0.000493487 4.83052e-05 -0.134416	
4.27	-0.000494283 5.20712e-05 -0.134416	
4.28	-0.000494633 5.3734e-05 -0.134416	
4.29	-0.000495153 5.62183e-05 -0.134416	
4.3	-0.000495613 5.84314e-05 -0.134416	
4.31	-0.000496501 6.27276e-05 -0.134416	
4.32	-0.000496987 6.51182e-05 -0.134416	
4.33	-0.000497298 6.66303e-05 -0.134416	
4.34	-0.000497589 6.80485e-05 -0.134416	
4.35	-0.000498011 7.01316e-05 -0.134416	
4.36	-0.00049823 7.12052e-05 -0.134416	
4.37	-0.000498651 7.32968e-05 -0.134416	
4.38	-0.000499356 7.68008e-05 -0.134416	
4.39	-0.000499836 7.91903e-05 -0.134416	
4.4	-0.000500172 8.08928e-05 -0.134416	
4.41	-0.000500708 8.35913e-05 -0.134416	
4.42	-0.000501213 8.61148e-05 -0.134416	
4.43	-0.000501021 8.51207e-05 -0.134416	
4.44	-0.000500985 8.49393e-05 -0.134416	
4.45	-0.000500914 8.45787e-05 -0.134416	
4.46	-0.000501344 8.6772e-05 -0.134416	
4.47	-0.00050196 8.99312e-05 -0.134416	
4.48	-0.000502687 9.36808e-05 -0.134416	
4.49	-0.000503214 9.64223e-05 -0.134417	
4.5	-0.000504072 0.000100895 -0.134417	
4.51	-0.000504932 0.00010542 -0.134417	
4.52	-0.000505114 0.000106437 -0.134417	
4.53	-0.000505654 0.000109276 -0.134417	
4.54	-0.000506094 0.000111628 -0.134417	
4.55	-0.000506253 0.000112441 -0.134417	
4.56	-0.000506355 0.000112952 -0.134417	
4.57	-0.000506165 0.000111925 -0.134417	
4.58	-0.000506564 0.00011404 -0.134417	
4.59	-0.000506927 0.000115996 -0.134417	
4.6	-0.000507275 0.00011787 -0.134417	
4.61	-0.000507522 0.000119234 -0.134418	
4.62	-0.000507808 0.000120816 -0.134418	
4.63	-0.000508477 0.000124476 -0.134418	
4.64	-0.0005089 0.000126833 -0.134418	
4.65	-0.000508971 0.000127233 -0.134418	
4.66	-0.00050876 0.000126066 -0.134418	
4.67	-0.000508704 0.000125795 -0.134418	
4.68	-0.000508993 0.000127355 -0.134418	
4.69	-0.000509335 0.000129274 -0.134418	
4.7	-0.000509726 0.000131453 -0.134419	
4.71	-0.000510096 0.000133594 -0.134419	
4.72	-0.000510275 0.000134609 -0.134419	
4.73	-0.000510227 0.000134385 -0.134419	
4.74	-0.000510343 0.000135044 -0.134419	
4.75	-0.000510067 0.000133477 -0.134419	
4.76	-0.000510237 0.000134439 -0.134419	
4.77	-0.000510237 0.000134439 -0.134419	
4.78	-0.000510125 0.000133859 -0.134419	
4.79	-0.000510135 0.000133913 -0.134419	
4.8	-0.000509921 0.000132703 -0.134419	
4.81	-0.000509766 0.000131876 -0.134419	
4.82	-0.000509668 0.000131325 -0.134419	
4.83	-0.000509179 0.00012863 -0.134418	
4.84	-0.000508983 0.000127529 -0.134418	
4.85	-0.000508505 0.000124859 -0.134418	
4.86	-0.000508167 0.000122993 -0.134418	
4.87	-0.000507853 0.000121271 -0.134418	
4.88	-0.000507493 0.000119302 -0.134418	
4.89	-0.000507298 0.000118258 -0.134418	
4.9	-0.000507004 0.000116638 -0.134418	
4.91	-0.000506913 0.000116132 -0.134418	
4.92	-0.00050703 0.00011675 -0.134418	
4.93	-0.000506974 0.000116419 -0.134418	
4.94	-0.000507402 0.000118774 -0.134418	
4.95	-0.000508233 0.000123369 -0.134418	
4.96	-0.000509225 0.000128854 -0.134418	
4.97	-0.000510311 0.000134935 -0.134419	
4.98	-0.000511156 0.000139756 -0.134419	
4.99	-0.000511895 0.000144036 -0.13442	
5	-0.000512514 0.000147598 -0.13442	
5.01	-0.000512991 0.000150356 -0.13442	
5.02	-0.000513231 0.000151771 -0.134421	
5.03	-0.000513151 0.000151375 -0.134421	
5.04	-0.000514322 0.000158277 -0.134421	
5.05	-0.00051527 0.000164316 -0.134422	
5.06	-0.000516375 0.000171365 -0.134423	
5.07	-0.000517467 0.000178374 -0.134424	
5.08	-0.000518598 0.000185694 -0.134425	
5.09	-0.000519833 0.000193624 -0.134427	
5.1	-0.000520951 0.000201044 -0.134428	
5.11	-0.000521946 0.000207625 -0.134429	
5.12	-0.000533373 0.000293466 -0.134448	
5.13	-0.000533364 0.000293357 -0.134448	
5.14	-0.000533373 0.000293466 -0.134448	
5.15	-0.000533518 0.000294671 -0.134448	
5.16	-0.000533518 0.000294671 -0.134448	
5.17	-0.000533805 0.000297311 -0.134449	
5.18	-0.000533911 0.000298335 -0.13445	
5.19	-0.000533581 0.000295409 -0.134449	
5.2	-0.000533849 0.000297599 -0.134449	
5.21	-0.000533382 0.000293575 -0.134448	
5.22	-0.000533382 0.000293575 -0.134448	
5.23	-0.000533382 0.000293575 -0.134448	
5.24	-0.000533382 0.000293575 -0.134448	
5.25	-0.000533382 0.000293575 -0.134448	
5.26	-0.000533036 0.000290532 -0.134447	
5.27	-0.000533382 0.000293575 -0.134448	
5.28	-0.000532602 0.000286784 -0.134446	
5.29	-0.000532255 0.000283842 -0.134445	
5.3	-0.000531931 0.000280965 -0.134445	
5.31	-0.000531835 0.000280153 -0.134444	
5.32	-0.000531692 0.000279049 -0.134444	
5.33	-0.000531586 0.000278125 -0.134444	
5.34	-0.000531613 0.000278196 -0.134444	
5.35	-0.000531586 0.000278125 -0.134444	
5.36	-0.000531469 0.00027709 -0.134444	
5.37	-0.000531576 0.000278014 -0.134444	
5.38	-0.000531576 0.000278014 -0.134444	
5.39	-0.000531586 0.000278125 -0.134444	
5.4	-0.000531469 0.00027709 -0.134444	
5.41	-0.000531586 0.000278125 -0.134444	
5.42	-0.000531576 0.000278014 -0.134444	
5.43	-0.000531469 0.00027709 -0.134444	
5.44	-0.000531586 0.000278125 -0.134444	
5.45	-0.000531586 0.000278125 -0.134444	
5.46	-0.000531479 0.000277202 -0.134444	
5.47	-0.000531586 0.000278125 -0.134444	
5.48	-0.000531469 0.00027709 -0.134444	
5.49	-0.000531586 0.000278125 -0.134444	
5.5	-0.000531479 0.000277202 -0.134444	
5.51	-0.000531576 0.000278014 -0.134444	
5.52	-0.000531576 0.000278014 -0.134444	
5.53	-0.000531586 0.000278125 -0.134444	
5.54	-0.000531576 0.000278014 -0.134444	
5.55	-0.000531613 0.000278196 -0.134444	
5.56	-0.000531576 0.000278014 -0.134444	
5.57	-0.000531516 0.000277383 -0.134444	
5.58	-0.000531576 0.000278014 -0.134444	
5.59	-0.000531576 0.000278014 -0.134444	
5.6	-0.000531586 0.000278125 -0.134444	
5.61	-0.000531469 0.00027709 -0.134444	
5.62	-0.000531586 0.000278125 -0.134444	
5.63	-0.000531586 0.000278125 -0.134444	
5.64	-0.000531623 0.000278307 -0.134444	
5.65	-0.000531576 0.000278014 -0.134444	
5.66	-0.000531586 0.000278125 -0.134444	
5.67	-0.000531576 0.000278014 -0.134444	
5.68	-0.000531576 0.000278014 -0.134444	
5.69	-0.000531469 0.00027709 -0.134444	
5.7	-0.000531576 0.000278014 -0.134444	
5.71	-0.000531576 0.000278014 -0.134444	
5.72	-0.000531576 0.000278014 -0.134444	
5.73	-0.000531576 0.000278014 -0.134444	
5.74	-0.000531586 0.000278125 -0.134444	
5.75	-0.000531469 0.00027709 -0.134444	
5.76	-0.000531586 0.000278125 -0.134444	
5.77	-0.000531576 0.000278014 -0.134444	
5.78	-0.000531576 0.000278014 -0.134444	
5.79	-0.000531576 0.000278014 -0.134444	
5.8	-0.000531586 0.000278125 -0.134444	
5.81	-0.000531586 0.000278125 -0.134444	
5.82	-0.000531586 0.000278125 -0.134444	
5.83	-0.000531586 0.000278125 -0.134444	
5.84	-0.000531586 0.000278125 -0.134444	
5.85	-0.000531576 0.000278014 -0.134444	
5.86	-0.000531469 0.00027709 -0.134444	
5.87	-0.000531586 0.000278125 -0.134444	
5.88	-0.000531623 0.000278307 -0.134444	
5.89	-0.000531469 0.00027709 -0.134444	
5.9	-0.000531586 0.000278125 -0.134444	
5.91	-0.000531586 0.000278125 -0.134444	
5.92	-0.000531623 0.000278307 -0.134444	
5.93	-0.000531576 0.000278014 -0.134444	
5.94	-0.000531586 0.000278125 -0.134444	
5.95	-0.000531586 0.000278125 -0.134444	
5.96	-0.000531576 0.000278014 -0.134444	
5.97	-0.000531576 0.000278014 -0.134444	
5.98	-0.000531586 0.000278125 -0.134444	
5.99	-0.000531586 0.000278125 -0.134444	
6	-0.000531576 0.000278014 -0.134444	
6.01	-0.000531576 0.000278014 -0.134444	
6.02	-0.000531623 0.000278307 -0.134444	
6.03	-0.000531586 0.000278125 -0.134444	
6.04	-0.000531576 0.000278014 -0.134444	
6.05	-0.000531586 0.000278125 -0.134444	
6.06	-0.000531576 0.000278014 -0.134444	
