# Gnuplot File : velocities of 1 particle(s) Monitored
# 1st Column : time, others : particle(s) number 0 
0.01	0 0 -0.019274	
0.02	0 0 -0.0378484	
0.03	0 0 -0.0557485	
0.04	0 0 -0.0729989	
0.05	0 0 -0.0896231	
0.06	0 0 -0.105644	
0.07	0 0 -0.121083	
0.08	0 0 -0.135962	
0.09	0 0 -0.150301	
0.1	0 0 -0.164119	
0.11	0 0 -0.177435	
0.12	0 0 -0.190269	
0.13	0 0 -0.202636	
0.14	0 0 -0.214554	
0.15	0 0 -0.22604	
0.16	0 0 -0.237109	
0.17	0 0 -0.247776	
0.18	0 0 -0.258056	
0.19	0 0 -0.267963	
0.2	0 0 -0.27751	
0.21	0 0 -0.28671	
0.22	0 0 -0.295577	
0.23	0 0 -0.304122	
0.24	4.82837e-17 0 -0.312356	
0.25	4.66045e-17 0 -0.320292	
0.26	4.49071e-17 0 -0.32794	
0.27	24.2551 -0.185335 -1.93925	
0.28	4.68429 4.36217 -7.57363	
0.29	3.59756 3.8929 -6.13622	
0.3	3.06277 3.22516 -4.5555	
0.31	1.83103 2.16323 -3.96055	
0.32	-0.61564 2.17707 -4.29723	
0.33	-0.640211 3.61349 -6.11468	
0.34	-1.6256 4.24316 -8.50355	
0.35	24.3508 1.63285 1.01074	
0.36	23.3331 1.66634 1.61721	
0.37	22.409 1.98538 4.33947	
0.38	21 2.46525 8.14254	
0.39	18.8017 2.92022 11.5915	
0.4	16.4193 3.23906 13.9777	
0.41	14.8753 3.31243 14.6861	
0.42	13.559 3.32482 14.9691	
0.43	12.7471 3.25162 14.6975	
0.44	11.7324 3.21434 14.6382	
0.45	10.3553 3.22948 14.8835	
0.46	8.52143 3.29712 15.4165	
0.47	7.4061 3.26905 15.3631	
0.48	6.64427 3.20224 15.0765	
0.49	5.91336 3.13451 14.7762	
0.5	5.12256 3.0757 14.5182	
0.51	4.23604 3.02763 14.3096	
0.52	3.88783 2.93139 13.835	
0.53	3.63205 2.82586 13.2982	
0.54	3.47115 2.72036 12.7689	
0.55	3.36562 2.61895 12.2703	
0.56	3.27398 2.51767 11.7654	
0.57	3.16734 2.42444 11.3077	
0.58	3.08236 2.33394 10.8652	
0.59	3.05345 2.24302 10.4214	
0.6	3.04061 2.15506 9.99411	
0.61	3.02189 2.07027 9.58085	
0.62	3.26919 1.96335 9.0464	
0.63	3.28127 1.88113 8.64252	
0.64	3.31331 1.79959 8.24008	
0.65	3.26862 1.72795 7.88925	
0.66	3.17905 1.66293 7.57213	
0.67	3.1082 1.59875 7.2582	
0.68	3.03445 1.53648 6.95154	
0.69	2.99779 1.47347 6.64027	
0.7	2.97277 1.41146 6.33274	
0.71	2.93819 1.35224 6.03839	
0.72	2.86647 1.29769 5.76611	
0.73	2.78399 1.24549 5.50383	
0.74	2.71717 1.19542 5.25527	
0.75	2.62433 1.15096 5.03845	
0.76	4.1447 0.398814 8.94204	
0.77	5.96918 -0.285192 13.9293	
0.78	6.0504 -0.371544 14.1624	
0.79	6.52769 -0.568478 15.6245	
0.8	6.63235 -0.63643 15.9407	
0.81	6.60595 -0.640264 15.8203	
0.82	6.74091 -0.616442 16.3234	
0.83	6.56339 -0.585649 15.8023	
0.84	7.33623 -0.262285 18.3206	
0.85	9.62489 -0.136923 23.8728	
0.86	10.2654 -0.0917916 22.306	
0.87	10.8087 10.9776 19.0607	
0.88	-6.27439 -1.2158 1.39697	
0.89	-2.2416 -1.18354 3.02779	
0.9	4.83013 -1.80709 -7.86406	
0.91	5.1193 -1.83875 -7.70208	
0.92	13.6501 -1.9002 -2.37899	
0.93	0.211382 -0.795727 -4.75558	
0.94	0.171706 -0.297058 -5.19895	
0.95	-4.7773 1.09787 -1.20661	
0.96	0.565995 0.137901 -5.19022	
0.97	2.51656 1.19652 -16.7007	
0.98	0.759386 -0.00527571 -30.6774	
0.99	-6.39384 1.22921 -28.6406	
1	2.17432 -2.90228 -34.6177	
1.01	-3.15294 -6.8129 -41.6617	
1.02	-7.11996 -9.76456 -14.0736	
1.03	-5.80937 -27.17 -12.8487	
1.04	10.7673 -12.8357 6.88973	
1.05	8.61875 -8.72396 7.08076	
1.06	7.19073 -6.06541 6.88499	
1.07	5.85898 -3.62613 6.90951	
1.08	5.48473 -3.15219 6.62897	
1.09	5.08338 -2.61486 6.39714	
1.1	4.41967 -1.51549 6.19383	
1.11	3.56826 -0.00928817 5.99879	
1.12	2.54457 1.86599 5.84709	
1.13	1.40992 4.00652 5.54778	
1.14	0.50936 5.68494 5.0935	
1.15	-0.0356219 6.66048 4.36692	
1.16	-0.132116 6.69575 3.66934	
1.17	0.0309786 6.20396 2.89034	
1.18	0.244047 5.5695 2.45263	
1.19	0.417814 4.99989 2.21296	
1.2	0.573003 4.48755 1.90338	
1.21	0.683593 4.07691 1.59844	
1.22	0.706142 3.84551 1.39973	
1.23	0.747791 3.57016 1.28415	
1.24	0.73766 3.41029 1.17697	
1.25	0.718667 3.27446 1.08269	
1.26	0.693168 3.15702 1.00457	
1.27	0.670992 3.0379 0.935779	
1.28	0.646638 2.92866 0.874884	
1.29	0.626515 2.81808 0.803292	
1.3	0.607561 2.71388 0.71017	
1.31	0.585461 2.62198 0.61721	
1.32	0.562488 2.53616 0.533423	
1.33	0.544212 2.44388 0.463247	
1.34	0.523241 2.35857 0.420956	
1.35	0.50534 2.27194 0.37699	
1.36	3.36299 2.998 8.29008	
1.37	5.51324 4.14235 14.2628	
1.38	9.88688 7.0722 27.4679	
1.39	9.55912 6.83835 26.4062	
1.4	10.9002 8.06722 31.2446	
1.41	10.562 7.81369 30.0203	
1.42	10.2349 7.56711 28.8174	
1.43	10.3537 7.62911 27.1771	
1.44	11.0535 8.08572 24.8187	
1.45	-2.81949 -7.08397 1.18548	
1.46	-0.076446 -3.79141 3.46906	
1.47	-0.104549 -3.50449 3.23985	
1.48	-0.637654 -9.90908 2.57759	
1.49	-3.51838 -15.6574 4.30429	
1.5	-1.735 -13.3973 5.25443	
1.51	-3.00809 -11.1715 5.72335	
1.52	-4.2228 -8.85451 6.37511	
1.53	-3.41477 -7.4196 6.47657	
1.54	-5.77809 -1.6287 6.70896	
1.55	5.35688 -8.64636 -2.95614	
1.56	2.97748 -5.28615 -0.394703	
1.57	3.9054 -4.73593 -2.25552	
1.58	5.8804 -5.87597 9.22372	
1.59	6.14313 -5.53755 8.34513	
1.6	6.0306 -5.12224 8.06771	
1.61	7.87796 1.06717 17.2428	
1.62	8.66568 1.60897 16.6738	
1.63	8.70515 2.77119 8.31602	
1.64	5.60746 3.11659 11.2434	
1.65	5.71865 3.10117 10.7662	
1.66	5.80919 3.07609 10.2949	
1.67	5.95348 3.06265 9.81227	
1.68	7.02637 3.24322 8.93115	
1.69	8.16422 3.30085 7.65185	
1.7	8.36469 3.19313 6.88057	
1.71	8.28623 3.0698 6.36068	
1.72	8.10355 2.95174 5.97132	
1.73	7.86299 2.83546 5.65507	
1.74	7.56138 2.72634 5.42984	
1.75	7.22556 2.6294 5.28181	
1.76	6.81733 2.53743 5.22969	
1.77	6.30169 2.44955 5.30652	
1.78	5.59049 2.33746 5.52332	
1.79	4.73239 2.16742 5.7362	
1.8	3.81761 1.93036 5.8274	
1.81	2.90399 1.63336 5.75724	
1.82	2.15911 1.34099 5.53389	
1.83	1.53237 1.06041 5.22881	
1.84	1.0763 0.828924 4.89188	
1.85	0.791457 0.668288 4.58289	
1.86	0.6015 0.554667 4.31333	
1.87	0.45601 0.465157 4.07078	
1.88	0.385625 0.4178 3.87395	
1.89	0.346601 0.385817 3.69283	
1.9	0.323388 0.361021 3.52033	
1.91	0.298358 0.336583 3.35531	
1.92	0.26758 0.311421 3.19861	
1.93	0.244098 0.287041 3.0409	
1.94	0.227488 0.266544 2.89112	
1.95	0.218447 0.25164 2.75314	
1.96	0.202018 0.238594 2.63173	
1.97	0.190639 0.228544 2.5172	
1.98	0.169834 0.211088 2.39524	
1.99	-1.58177 -0.449644 8.58325	
2	0.643456 -0.711077 7.65517	
2.01	6.78729 15.4843 -2.56006	
2.02	1.61305 -1.95028 3.63035	
2.03	5.1871 4.71833 -2.21641	
2.04	4.96519 -9.27927 0.228644	
2.05	4.16472 -9.2355 2.20686	
2.06	4.03606 -9.1296 2.39855	
2.07	3.9711 -9.0269 2.43371	
2.08	4.10149 -8.69043 2.22119	
2.09	3.9798 -8.4657 2.19765	
2.1	3.97594 -8.76081 2.70901	
2.11	7.51606 -5.49245 0.156827	
2.12	8.35113 -4.42483 -0.567527	
2.13	8.0528 -4.26741 -0.553637	
2.14	7.75976 -4.11158 -0.56337	
2.15	7.47656 -3.96059 -0.580603	
2.16	7.43871 -3.6271 -0.747486	
2.17	7.17098 -3.49219 -0.750314	
2.18	7.14483 -3.17518 -0.910596	
