# Gnuplot File : velocities of 1 particle(s) Monitored
# 1st Column : time, others : particle(s) number 0 
0.01	2.23503e-17 0 -0.019274	
0.02	2.3231 -0.75103 -1.12624	
0.03	2.24024 -0.722261 -1.10239	
0.04	2.16163 -0.693669 -1.07812	
0.05	2.08087 -0.670053 -1.06059	
0.06	2.00694 -0.644738 -1.03988	
0.07	1.93381 -0.621569 -1.02176	
0.08	1.86335 -0.599224 -1.00427	
0.09	1.79547 -0.577675 -0.987389	
0.1	1.73007 -0.556894 -0.971101	
0.11	1.67411 -0.530664 -0.946187	
0.12	1.62508 -0.501549 -0.91647	
0.13	4.99885 -1.46812 -2.24834	
0.14	3.3597 -0.930913 -1.55368	
0.15	3.23796 -0.896339 -1.51549	
0.16	3.12152 -0.863032 -1.47874	
0.17	3.0093 -0.830939 -1.44332	
0.18	2.89949 -0.801338 -1.41095	
0.19	2.78972 -0.777886 -1.38657	
0.2	3.58596 -1.13639 -1.62188	
0.21	3.45722 -1.09373 -1.58021	
0.22	3.32877 -1.0568 -1.54621	
0.23	3.20457 -1.02053 -1.5125	
0.24	3.17513 -1.02336 -1.50086	
0.25	3.21127 -1.0382 -1.50583	
0.26	3.08946 -1.0044 -1.47637	
0.27	3.29881 -1.0819 -1.53773	
0.28	3.17931 -1.04198 -1.50024	
0.29	3.06404 -1.00465 -1.46574	
0.3	2.95338 -0.966994 -1.43007	
0.31	2.84662 -0.931794 -1.39725	
0.32	2.74456 -0.896763 -1.36396	
0.33	2.64618 -0.86303 -1.33192	
0.34	2.55555 -0.826913 -1.2955	
0.35	2.48281 -0.777679 -1.23846	
0.36	1.34064 -0.420016 -0.647382	
0.37	-3.31465 -0.0793732 2.06414	
0.38	-3.19395 -0.0810474 1.94326	
0.39	-2.32554 -2.49698 6.91984	
0.4	-2.38447 -2.48934 6.36372	
0.41	-2.46135 -2.48937 5.75735	
0.42	-2.56009 -2.49293 5.04672	
0.43	-2.64285 -2.47618 4.29315	
0.44	-2.65199 -2.41244 3.65945	
0.45	-2.64602 -2.30928 2.83991	
0.46	-2.57866 -2.14952 1.99563	
0.47	-2.43185 -1.92473 1.17708	
0.48	-2.29051 -1.75277 0.708239	
0.49	-2.13345 -1.59408 0.435107	
0.5	-2.00033 -1.46779 0.251054	
0.51	-1.91371 -1.39655 0.179803	
0.52	-1.83813 -1.3387 0.140265	
0.53	-1.76836 -1.28669 0.110128	
0.54	-1.70054 -1.23638 0.0832809	
0.55	-1.64072 -1.19501 0.0744636	
0.56	-1.58431 -1.15502 0.0574544	
0.57	-1.52957 -1.1163 0.0420689	
0.58	-1.47319 -1.0758 0.0266863	
0.59	-1.4205 -1.03762 0.00786118	
0.6	-1.36711 -0.997978 -0.0146497	
0.61	-1.31651 -0.96006 -0.0395752	
0.62	-1.26865 -0.923723 -0.0676263	
0.63	-1.21541 -0.880225 -0.111838	
0.64	-1.15876 -0.83401 -0.152429	
0.65	-1.10494 -0.793173 -0.169689	
0.66	-1.05529 -0.757273 -0.175146	
0.67	-1.00964 -0.723727 -0.186418	
0.68	-0.968908 -0.693925 -0.199161	
0.69	-0.930848 -0.666372 -0.21041	
0.7	-0.896237 -0.641293 -0.223392	
0.71	-0.864448 -0.617916 -0.239836	
0.72	-0.831478 -0.595315 -0.241844	
0.73	-0.799535 -0.573458 -0.243286	
0.74	-0.769639 -0.552367 -0.25033	
0.75	-0.741074 -0.531609 -0.261741	
0.76	-1.75729 -1.23136 3.27836	
0.77	-4.72926 -2.09164 22.2915	
0.78	-4.32848 -2.72855 23.6891	
0.79	-3.34231 -3.16538 29.1902	
0.8	-1.85092 -2.96384 32.4905	
0.81	-0.731434 -2.77873 33.9886	
0.82	0.469582 0.126515 34.5599	
0.83	1.70504 1.84644 34.4009	
0.84	1.89825 1.75556 32.7809	
0.85	2.43004 1.62887 30.6552	
0.86	3.43939 1.41331 27.3135	
0.87	-1.72927 12.0949 19.6457	
0.88	-1.65426 10.9132 16.9078	
0.89	-1.59026 9.8005 14.7952	
0.9	-10.1459 7.20252 14.4659	
0.91	-9.7772 6.39344 13.8513	
0.92	2.9925 2.09722 4.77964	
0.93	18.4701 -2.23884 -5.45414	
0.94	-1.10207 -0.260329 0.691006	
0.95	-1.62293 -0.893609 0.18618	
0.96	-0.0115332 -2.97316 -2.7916	
0.97	-4.30312 2.81697 2.62357	
0.98	-1.48205 0.81058 1.05603	
0.99	-2.02059 4.11313 7.24335	
1	-0.588143 4.46765 3.47849	
1.01	-5.22305 7.1894 9.87542	
1.02	-1.65069 4.91036 1.62525	
1.03	2.80565 0.414238 -6.23217	
1.04	2.58389 -0.000779799 -6.84905	
1.05	8.61337 -0.358545 19.6111	
1.06	5.97214 -0.0377118 8.15479	
1.07	5.55086 0.122039 9.58016	
1.08	5.68164 -0.0353942 9.26541	
1.09	5.68659 -0.137601 8.87493	
1.1	5.63337 -0.19114 8.5885	
1.11	5.56132 -0.157383 8.73309	
1.12	4.50866 -0.0692707 8.89307	
1.13	4.50863 0.081586 9.18579	
1.14	4.6338 -0.0279193 8.73682	
1.15	4.73994 -0.0380462 8.53944	
1.16	4.80371 0.0296942 8.51575	
1.17	4.69369 0.00742403 8.1585	
1.18	4.39963 0.170407 8.18442	
1.19	3.655 0.645589 8.91304	
1.2	2.73858 0.771356 8.80947	
1.21	1.0624 1.46674 10.6214	
1.22	-0.28418 1.57064 10.5822	
1.23	2.50965 0.219732 5.99383	
1.24	12.3134 3.82789 6.5292	
1.25	5.81162 -0.981863 -3.93937	
1.26	5.61107 -0.130669 -3.12558	
1.27	7.59482 0.21217 -4.13007	
1.28	5.42137 1.22544 1.98738	
1.29	4.0414 0.574691 14.7966	
1.3	2.66738 -2.17422 11.792	
1.31	1.51794 27.6805 11.0229	
1.32	10.4191 -8.33273 -38.8373	
1.33	-11.3118 -33.4305 -31.0469	
1.34	-13.0289 -30.5603 -4.49757	
1.35	-10.2589 -27.5002 3.75893	
1.36	-8.06362 -25.219 6.1131	
1.37	-7.70191 -24.2084 5.58429	
1.38	-7.37156 -23.18 5.24308	
1.39	-6.97764 -21.8777 4.83915	
1.4	-5.9753 -18.0971 3.78648	
1.41	-4.36979 -11.733 4.07458	
1.42	-2.74902 -7.09759 1.12981	
1.43	-2.75481 1.46841 6.61743	
1.44	8.77508 3.11688 -3.55013	
1.45	5.4703 6.759 -1.86316	
1.46	5.51233 4.16973 -1.53598	
1.47	2.19083 3.54061 -6.43709	
1.48	8.39311 -1.82398 -11.7605	
1.49	7.35901 -1.4895 -11.0633	
1.5	6.01678 -1.22044 -10.3931	
1.51	10.0395 -0.695105 -18.166	
1.52	6.58149 -0.0142215 -5.63863	
1.53	1.09901 -0.538654 0.750501	
1.54	3.47669 -0.00429434 -6.91004	
1.55	-14.2471 -3.00403 -1.71556	
1.56	0.228236 -2.18019 24.9552	
1.57	2.05282 -2.38553 23.9588	
1.58	3.32271 -4.30807 15.3184	
1.59	3.89516 -4.3528 14.7105	
1.6	4.38579 -4.37245 14.0992	
1.61	4.57454 -4.30284 13.4933	
1.62	4.5959 -4.19366 12.939	
1.63	4.71936 -4.11237 12.3708	
1.64	4.59869 -3.97046 11.8639	
1.65	3.17527 -3.52045 11.7628	
1.66	1.53425 -3.02464 12.1818	
1.67	-0.125232 -2.46723 11.6286	
1.68	-0.44183 -1.94473 9.89229	
1.69	-0.623584 -1.81747 11.4016	
1.7	0.874928 -1.91409 9.56237	
1.71	1.01126 1.66492 7.76819	
1.72	0.968336 1.611 7.46444	
1.73	1.10615 0.716358 4.97189	
1.74	-0.117522 -0.792954 -5.16463	
1.75	-0.221494 -0.897249 -4.08544	
1.76	4.60209 5.08897 16.0314	
1.77	-3.31679 -0.886364 -12.339	
1.78	6.37116 -37.8501 -27.3691	
1.79	14.7803 -34.6992 -1.31485	
1.8	16.0282 -33.8974 -0.38048	
1.81	16.4931 -30.4325 2.9666	
1.82	15.8832 -29.3246 2.85077	
1.83	15.9534 -27.6091 3.53659	
1.84	15.439 -26.6106 3.487	
1.85	14.9195 -25.6356 3.41201	
1.86	14.5411 -24.6142 3.45624	
1.87	14.2233 -23.5406 3.57309	
1.88	13.9241 -22.3568 3.8926	
1.89	13.4724 -21.4374 3.86524	
1.9	13.4205 -20.2471 3.9471	
1.91	13.568 -18.9019 4.22583	
1.92	12.6176 -16.74 4.84235	
1.93	10.2015 -9.6891 7.04104	
1.94	14.3056 0.453231 7.53725	
1.95	11.8095 6.47714 9.6352	
1.96	9.57047 11.0588 10.8477	
1.97	5.69795 12.6625 13.7675	
1.98	7.05136 10.1711 12.8703	
1.99	5.50287 7.86657 10.3934	
2	4.03091 3.70664 8.88768	
2.01	1.38749 1.32042 6.83694	
2.02	-12.8248 0.88319 6.68813	
2.03	-1.15678 -0.852041 1.26197	
2.04	5.65911 -0.385664 -0.724194	
2.05	5.47031 -0.372248 -0.686745	
2.06	5.27609 -0.358875 -0.673841	
2.07	5.0837 -0.34583 -0.66958	
2.08	4.89458 -0.33292 -0.683934	
2.09	4.7145 -0.320705 -0.68534	
2.1	4.51622 -0.307114 -0.785397	
2.11	5.57792 -0.221971 -1.68188	
2.12	5.09557 -0.184801 -2.396	
2.13	2.97542 -13.6166 -3.71237	
2.14	-1.66277 9.44054 -24.6515	
2.15	-5.02442 1.49157 -4.63903	
2.16	-5.33089 -0.909092 8.54779	
2.17	-4.68699 -0.673186 8.25878	
2.18	-4.26272 -0.532258 7.94869	
2.19	-3.11837 -0.561901 8.56553	
2.2	-2.9023 -0.477179 8.23813	
2.21	-2.49106 -0.457586 8.20095	
2.22	-2.371 -0.419796 7.88276	
2.23	-2.27545 -0.398768 7.58051	
2.24	-2.25491 -0.43453 7.30985	
2.25	-2.34598 -0.543001 7.03484	
2.26	-2.3667 -0.592649 6.74187	
2.27	-2.1881 -0.60946 6.72067	
2.28	-1.98798 -0.591665 6.67814	
2.29	-1.76468 -0.550169 6.66985	
2.3	-1.62532 -0.501072 6.61141	
2.31	-1.5694 -0.485048 6.35162	
2.32	-1.51373 -0.468771 6.10295	
2.33	-1.44947 -0.459853 5.9246	
2.34	-1.43537 -0.536424 6.22357	
2.35	-1.36827 -0.665727 6.17728	
2.36	-1.68878 -0.867647 5.73797	
2.37	-1.78034 -0.543649 9.50143	
2.38	8.08376 1.35077 5.30829	
2.39	3.94227 4.05479 -0.899081	
2.4	4.17466 3.48 -0.451886	
2.41	3.58699 2.79369 -0.109374	
2.42	1.92511 2.84047 -1.15792	
2.43	3.039 3.34074 -4.60576	
2.44	2.11502 2.45169 -10.9377	
2.45	-9.0523 -0.540239 -5.21964	
2.46	3.41107 -0.479798 -11.509	
2.47	2.53731 -0.152883 -11.2187	
2.48	13.5725 -0.65347 -5.1168	
2.49	11.6055 -1.41199 -5.51221	
2.5	7.67383 0.709091 15.4794	
2.51	6.16399 0.381633 11.4189	
2.52	6.83826 0.16526 9.57898	
2.53	2.13397 0.0528813 4.49466	
2.54	3.82974 0.997039 6.76469	
2.55	5.5234 0.440784 7.60415	
2.56	5.53229 1.84495 11.7652	
2.57	6.07882 1.93732 11.2095	
2.58	6.4916 1.99782 10.6364	
2.59	6.8295 2.04042 10.0556	
2.6	7.11282 2.06956 9.46494	
2.61	6.99039 2.02003 9.0395	
2.62	6.76388 1.95153 8.67554	
2.63	6.39029 1.85652 8.40012	
2.64	5.30939 1.62198 8.37721	
2.65	3.6291 1.24853 8.30482	
2.66	2.18759 1.00464 10.6848	
2.67	0.614499 0.535507 9.80672	
2.68	5.20213 -0.590113 1.95759	
2.69	-3.28496 -0.31417 16.3986	
2.7	3.55777 5.36921 9.96332	
2.71	1.1877 -1.47377 -2.87408	
2.72	3.13111 1.24165 -2.75362	
2.73	6.72123 3.08318 3.38363	
2.74	-0.56286 1.45236 11.6646	
2.75	-4.16061 2.46674 -2.73709	
2.76	3.66394 5.87142 -14.842	
2.77	-1.64253 1.65236 -10.2471	
2.78	-5.47277 0.438095 28.9302	
2.79	-2.94439 1.65372 28.3582	
2.8	-0.737572 2.67819 27.4966	
2.81	0.622387 3.25615 26.4616	
2.82	1.7409 3.70704 25.3766	
2.83	3.00742 4.22523 24.2074	
2.84	4.22819 4.71317 22.9625	
2.85	4.73229 4.85431 21.8884	
2.86	5.11169 4.93711 20.8615	
2.87	5.17321 4.87309 19.9802	
2.88	5.0425 4.72275 19.2108	
2.89	4.86266 4.5528 18.4928	
2.9	4.47419 4.28868 17.8918	
2.91	3.49374 3.74705 17.5236	
2.92	2.279 3.08759 17.1639	
2.93	0.588548 2.18208 16.7552	
2.94	-1.41989 1.08754 16.0619	
2.95	-3.57139 -0.124914 14.9032	
2.96	-5.19886 -1.09795 13.4695	
2.97	-2.71734 -0.57866 10.3629	
2.98	-3.2674 -0.597853 8.42219	
2.99	-1.86629 -20.5248 3.32001	
3	2.06364 -6.99849 -0.772172	
3.01	5.86565 -4.78439 4.00769	
3.02	5.2157 -1.34612 -1.53549	
3.03	-10.6883 -11.0163 9.88026	
3.04	1.37787 -10.0348 -6.19687	
3.05	8.41225 1.91249 -13.4207	
3.06	-0.771621 2.66642 -6.23295	
3.07	-4.45472 0.159076 -16.2866	
3.08	-30.2363 15.8186 -9.32203	
3.09	8.24561 8.90829 -0.322474	
3.1	10.9463 11.3374 1.19614	
3.11	11.573 11.597 1.26391	
3.12	14.2671 16.0682 6.08756	
3.13	-3.38492 3.72234 23.6585	
3.14	-3.75138 3.25516 23.0276	
3.15	-3.70774 3.31439 22.1384	
3.16	-3.71852 3.83935 21.139	
3.17	-3.77077 4.5177 20.1295	
3.18	-3.79472 5.29747 19.107	
3.19	-3.46983 6.30232 17.9401	
3.2	-2.78391 6.78535 16.8753	
3.21	-2.10804 6.75608 16.0113	
3.22	-1.47584 6.45529 15.2756	
3.23	-0.771189 5.96713 14.6067	
3.24	0.0176146 5.32325 13.9901	
3.25	0.750123 4.54285 13.4571	
3.26	1.41705 3.68249 12.9907	
3.27	2.13841 2.65571 12.5859	
3.28	2.5853 1.78144 12.2258	
3.29	2.82435 1.14653 11.8621	
3.3	3.023 0.474534 11.5406	
3.31	3.21262 -0.258354 11.26	
3.32	3.28476 -0.829721 10.9748	
3.33	3.28077 -1.23631 10.6719	
3.34	3.21654 -1.48087 10.3473	
3.35	3.11452 -1.66164 10.0272	
3.36	3.00428 -1.7134 9.6808	
3.37	2.86858 -1.72159 9.34115	
3.38	2.72849 -1.69044 9.00329	
3.39	2.59432 -1.64673 8.67286	
3.4	2.47331 -1.59781 8.34985	
3.41	2.36396 -1.54152 8.03348	
3.42	2.26994 -1.4934 7.7275	
3.43	2.17874 -1.4 7.41699	
3.44	2.08656 -1.30073 7.11584	
3.45	1.98722 -1.15846 6.81286	
3.46	1.89338 -1.02421 6.52132	
3.47	1.81053 -0.925491 6.24856	
3.48	1.73545 -0.876659 5.99994	
3.49	1.66033 -0.848599 5.76749	
3.5	1.5864 -0.826359 5.54553	
3.51	0.0866197 0.305984 12.3662	
3.52	-0.140794 0.439749 19.2157	
3.53	-0.560292 0.126882 23.5582	
3.54	-0.866961 -0.374634 23.9984	
3.55	-0.683552 0.25101 25.677	
3.56	-0.642916 0.153193 25.0982	
3.57	-0.225778 0.126546 24.9278	
3.58	-0.261716 0.0108541 24.1418	
3.59	-1.69859 0.132418 25.1729	
3.6	-2.06776 -0.318215 28.5505	
3.61	-1.01389 0.470003 29.031	
3.62	-1.10683 1.21999 29.7854	
3.63	-1.13749 1.04196 28.8251	
3.64	0.542221 1.98502 30.5519	
3.65	0.938076 3.17481 32.4886	
3.66	0.917807 3.07967 31.2542	
3.67	0.913876 3.01065 30.0211	
3.68	1.26228 3.46313 28.0893	
3.69	-0.807379 -3.66693 11.5091	
3.7	6.09082 0.753379 0.158345	
3.71	2.77719 0.218806 -0.589621	
3.72	4.6815 1.36121 -0.748067	
3.73	22.0841 0.460461 -15.7348	
3.74	5.71321 -15.3887 -22.5843	
3.75	3.1223 -14.6837 -19.91	
3.76	5.28134 -8.51241 -12.7715	
3.77	5.25527 -7.66881 -11.7971	
3.78	5.9475 -6.7667 -10.4915	
3.79	6.038 -5.95009 -6.50802	
3.8	1.66237 -4.67675 -0.444136	
3.81	0.815128 -3.85482 -0.877631	
3.82	1.85681 -3.67745 1.05431	
3.83	3.66449 -3.93704 -2.39099	
3.84	-0.314004 -2.56771 -8.42699	
3.85	-2.00539 -1.68523 -8.46298	
3.86	-36.2596 30.9137 -21.3816	
3.87	-15.6294 24.4373 -29.8854	
3.88	-8.0092 2.45419 -2.62833	
3.89	-3.78061 -2.84042 -15.1825	
3.9	-5.15923 2.38121 -13.8341	
3.91	5.12583 14.408 -5.39684	
3.92	3.83184 6.75559 -4.32685	
3.93	23.5007 15.114 7.02996	
3.94	33.2897 33.1144 -4.11406	
3.95	5.35394 19.5088 0.684015	
3.96	10.198 15.7885 9.50921	
3.97	9.07604 14.5921 10.0436	
3.98	8.27921 13.8459 10.1895	
3.99	8.00186 13.1374 9.8109	
4	7.66575 12.5104 9.50917	
4.01	6.93424 13.6179 9.35733	
4.02	5.99546 15.7277 9.28044	
4.03	5.0099 17.8696 9.27313	
4.04	4.21642 20.6617 9.1863	
4.05	3.89933 22.5407 8.57515	
4.06	-2.04373 4.62254 -1.9948	
4.07	-1.24894 3.30038 -1.52476	
4.08	2.1584 8.39822 1.3084	
4.09	7.69828 5.63878 18.9064	
4.1	6.13236 4.02074 16.5196	
4.11	2.54967 -3.4213 -3.48775	
4.12	-6.33992 -4.60859 -2.65097	
4.13	-6.00533 -4.42703 -3.35795	
4.14	-5.35391 -5.10376 -4.68702	
4.15	-5.43652 0.175213 -3.27423	
4.16	4.88998 -0.838403 8.162	
4.17	7.65674 -1.52854 3.86873	
4.18	8.23805 -1.92311 2.28009	
4.19	7.03549 -3.05128 1.21517	
4.2	6.93288 -3.12788 0.715334	
4.21	6.65068 -2.98702 0.722004	
4.22	6.14899 -2.58563 1.32865	
4.23	5.27705 -2.66217 2.39777	
4.24	-10.7804 -8.57649 9.29193	
4.25	-14.5129 -17.5152 3.42148	
4.26	-6.3271 -9.42985 3.04407	
4.27	-5.37771 -7.42472 -2.7542	
4.28	23.3111 -0.0382026 4.69653	
4.29	13.8169 -2.01277 2.02408	
4.3	6.44316 -0.898762 5.17358	
4.31	-11.1897 3.36005 -16.9273	
4.32	4.60157 0.09399 4.38672	
4.33	-11.2933 -7.91207 7.26359	
4.34	-7.64864 -9.88379 8.49142	
4.35	-7.38688 -9.51312 8.18214	
4.36	-7.14261 -9.14999 7.89082	
4.37	-6.8971 -8.80755 7.60075	
4.38	-6.65954 -8.47826 7.32008	
4.39	-6.42154 -8.16764 7.04137	
4.4	-6.20738 -7.85704 6.78586	
4.41	-5.98475 -7.56976 6.5252	
