# Gnuplot File : velocities of 1 particle(s) Monitored
# 1st Column : time, others : particle(s) number 0 
0.01	3.43129e-16 0 -0.0737101	
0.02	2.81046e-16 0 -0.134079	
0.03	2.30111e-16 0 -0.183521	
0.04	1.88476e-16 0 -0.224014	
0.05	1.5435e-16 0 -0.257177	
0.06	4.69567e-16 0 -0.284339	
0.07	7.27705e-16 0 -0.306584	
0.08	9.3912e-16 0 -0.324802	
0.09	7.69044e-16 0 -0.339723	
0.1	9.73055e-16 0 -0.351944	
0.11	1.14006e-15 0 -0.361952	
0.12	9.3352e-16 0 -0.370149	
0.13	7.64615e-16 0 -0.376863	
0.14	9.69428e-16 0 -0.382361	
0.15	1.13709e-15 0 -0.386864	
0.16	1.27441e-15 0 -0.390552	
0.17	1.38687e-15 0 -0.393572	
0.18	1.13571e-15 0 -0.396046	
0.19	9.30335e-16 0 -0.398072	
0.2	1.10501e-15 0 -0.399732	
0.21	1.24814e-15 0 -0.401091	
0.22	1.36535e-15 0 -0.402204	
0.23	1.46135e-15 0 -0.403115	
0.24	1.53998e-15 0 -0.403862	
0.25	1.25572e-15 0 -0.404473	
0.26	1.03304e-15 0 -0.404974	
0.27	1.18912e-15 0 -0.405384	
0.28	9.73972e-16 0 -0.40572	
0.29	7.97784e-16 0 -0.405995	
0.3	9.9638e-16 0 -0.40622	
0.31	9.9638e-16 0 -0.40622	
0.32	9.96461e-16 0 -0.40622	
0.33	9.96175e-16 0 -0.40622	
0.34	9.9638e-16 0 -0.40622	
0.35	9.96461e-16 0 -0.40622	
0.36	9.9638e-16 0 -0.40622	
0.37	9.96461e-16 0 -0.40622	
0.38	9.9638e-16 0 -0.40622	
0.39	9.96255e-16 0 -0.40622	
0.4	9.9638e-16 0 -0.40622	
0.41	9.96461e-16 0 -0.40622	
0.42	9.9638e-16 0 -0.40622	
0.43	9.96461e-16 0 -0.40622	
0.44	9.96175e-16 0 -0.40622	
0.45	9.9638e-16 0 -0.40622	
0.46	9.9638e-16 0 -0.40622	
0.47	9.9638e-16 0 -0.40622	
0.48	9.9638e-16 0 -0.40622	
0.49	9.9638e-16 0 -0.40622	
0.5	9.9638e-16 0 -0.40622	
0.51	9.9638e-16 0 -0.40622	
0.52	9.9638e-16 0 -0.40622	
0.53	9.9638e-16 0 -0.40622	
0.54	9.9638e-16 0 -0.40622	
0.55	9.9638e-16 0 -0.40622	
0.56	9.96461e-16 0 -0.40622	
0.57	9.9638e-16 0 -0.40622	
0.58	9.9638e-16 0 -0.40622	
0.59	9.9638e-16 0 -0.40622	
0.6	1.00061e-15 0 -0.40622	
0.61	9.9638e-16 0 -0.40622	
0.62	9.96255e-16 0 -0.40622	
0.63	9.9638e-16 0 -0.40622	
0.64	9.9638e-16 0 -0.40622	
0.65	9.96461e-16 0 -0.40622	
0.66	9.9638e-16 0 -0.40622	
0.67	9.9638e-16 0 -0.40622	
0.68	9.9638e-16 0 -0.40622	
0.69	9.9638e-16 0 -0.40622	
0.7	9.9638e-16 0 -0.40622	
0.71	9.9638e-16 0 -0.40622	
0.72	9.9638e-16 0 -0.40622	
0.73	9.9638e-16 0 -0.40622	
0.74	9.9638e-16 0 -0.40622	
0.75	9.9638e-16 0 -0.40622	
0.76	9.9638e-16 0 -0.40622	
0.77	9.96175e-16 0 -0.40622	
0.78	9.96461e-16 0 -0.40622	
0.79	9.9638e-16 0 -0.40622	
0.8	9.9638e-16 0 -0.40622	
0.81	9.96586e-16 0 -0.40622	
0.82	9.9638e-16 0 -0.40622	
0.83	9.9638e-16 0 -0.40622	
0.84	9.9638e-16 0 -0.40622	
0.85	1.00061e-15 0 -0.40622	
0.86	9.96461e-16 0 -0.40622	
0.87	9.9638e-16 0 -0.40622	
0.88	9.9638e-16 0 -0.40622	
0.89	9.9638e-16 0 -0.40622	
0.9	9.96461e-16 0 -0.40622	
0.91	9.96175e-16 0 -0.40622	
0.92	9.9638e-16 0 -0.40622	
0.93	9.96461e-16 0 -0.40622	
0.94	9.9638e-16 0 -0.40622	
0.95	9.96586e-16 0 -0.40622	
0.96	9.9638e-16 0 -0.40622	
0.97	9.96461e-16 0 -0.40622	
0.98	9.9638e-16 0 -0.40622	
0.99	9.9638e-16 0 -0.40622	
1	9.9638e-16 0 -0.40622	
1.01	9.9638e-16 0 -0.40622	
1.02	9.9638e-16 0 -0.40622	
1.03	9.9638e-16 0 -0.40622	
1.04	9.9638e-16 0 -0.40622	
1.05	9.9638e-16 0 -0.40622	
1.06	9.9638e-16 0 -0.40622	
1.07	9.96461e-16 0 -0.40622	
1.08	9.9638e-16 0 -0.40622	
1.09	9.96461e-16 0 -0.40622	
1.1	9.96175e-16 0 -0.40622	
1.11	9.96461e-16 0 -0.40622	
1.12	9.9638e-16 0 -0.40622	
1.13	9.9638e-16 0 -0.40622	
1.14	9.9638e-16 0 -0.40622	
1.15	9.9638e-16 0 -0.40622	
1.16	9.9638e-16 0 -0.40622	
1.17	9.9638e-16 0 -0.40622	
1.18	9.96461e-16 0 -0.40622	
1.19	9.9638e-16 0 -0.40622	
1.2	9.9638e-16 0 -0.40622	
1.21	9.9638e-16 0 -0.40622	
1.22	1.00061e-15 0 -0.40622	
1.23	9.96461e-16 0 -0.40622	
1.24	9.96461e-16 0 -0.40622	
1.25	9.96461e-16 0 -0.40622	
1.26	9.96461e-16 0 -0.40622	
1.27	9.96255e-16 0 -0.40622	
1.28	9.9638e-16 0 -0.40622	
1.29	9.9638e-16 0 -0.40622	
1.3	9.96461e-16 0 -0.40622	
1.31	9.96255e-16 0 -0.40622	
1.32	9.92144e-16 0 -0.40622	
1.33	9.9638e-16 0 -0.40622	
1.34	1.00061e-15 0 -0.40622	
1.35	9.9638e-16 0 -0.40622	
1.36	9.9638e-16 0 -0.40622	
1.37	9.9638e-16 0 -0.40622	
1.38	9.96461e-16 0 -0.40622	
1.39	9.96461e-16 0 -0.40622	
1.4	9.96461e-16 0 -0.40622	
1.41	9.9638e-16 0 -0.40622	
1.42	9.96461e-16 0 -0.40622	
1.43	9.96461e-16 0 -0.40622	
1.44	9.9638e-16 0 -0.40622	
1.45	9.9638e-16 0 -0.40622	
1.46	9.9638e-16 0 -0.40622	
1.47	9.9638e-16 0 -0.40622	
1.48	9.96255e-16 0 -0.40622	
1.49	9.9638e-16 0 -0.40622	
1.5	9.9638e-16 0 -0.40622	
1.51	9.9638e-16 0 -0.40622	
1.52	9.9638e-16 0 -0.40622	
1.53	9.96461e-16 0 -0.40622	
1.54	9.96461e-16 0 -0.40622	
1.55	9.96461e-16 0 -0.40622	
1.56	9.96255e-16 0 -0.40622	
1.57	9.9638e-16 0 -0.40622	
1.58	1.00061e-15 0 -0.40622	
1.59	9.9638e-16 0 -0.40622	
1.6	9.96461e-16 0 -0.40622	
1.61	9.96586e-16 0 -0.40622	
1.62	9.9638e-16 0 -0.40622	
1.63	9.9638e-16 0 -0.40622	
1.64	9.9638e-16 0 -0.40622	
1.65	9.96461e-16 0 -0.40622	
1.66	9.9638e-16 0 -0.40622	
1.67	9.9638e-16 0 -0.40622	
1.68	9.9638e-16 0 -0.40622	
1.69	9.96461e-16 0 -0.40622	
1.7	9.96461e-16 0 -0.40622	
1.71	9.9638e-16 0 -0.40622	
1.72	9.96586e-16 0 -0.40622	
1.73	1.00082e-15 0 -0.40622	
1.74	9.9638e-16 0 -0.40622	
1.75	9.96461e-16 0 -0.40622	
1.76	9.96461e-16 0 -0.40622	
1.77	9.96175e-16 0 -0.40622	
1.78	9.9638e-16 0 -0.40622	
1.79	9.96461e-16 0 -0.40622	
1.8	9.9638e-16 0 -0.40622	
1.81	9.9638e-16 0 -0.40622	
1.82	9.9638e-16 0 -0.40622	
1.83	9.96461e-16 0 -0.40622	
1.84	9.96461e-16 0 -0.40622	
1.85	9.96461e-16 0 -0.40622	
1.86	9.96255e-16 0 -0.40622	
1.87	9.96255e-16 0 -0.40622	
1.88	9.9638e-16 0 -0.40622	
1.89	9.9638e-16 0 -0.40622	
1.9	9.9638e-16 0 -0.40622	
1.91	9.96461e-16 0 -0.40622	
1.92	9.96461e-16 0 -0.40622	
1.93	9.96461e-16 0 -0.40622	
1.94	9.96461e-16 0 -0.40622	
1.95	1.00061e-15 0 -0.40622	
1.96	9.96461e-16 0 -0.40622	
1.97	9.96461e-16 0 -0.40622	
1.98	9.9202e-16 0 -0.40622	
1.99	9.9202e-16 0 -0.40622	
2	9.96461e-16 0 -0.40622	
2.01	9.9638e-16 0 -0.40622	
2.02	9.9638e-16 0 -0.40622	
2.03	9.96175e-16 0 -0.40622	
2.04	9.9638e-16 0 -0.40622	
2.05	9.9638e-16 0 -0.40622	
2.06	9.9638e-16 0 -0.40622	
2.07	9.9638e-16 0 -0.40622	
2.08	9.9638e-16 0 -0.40622	
2.09	9.96461e-16 0 -0.40622	
2.1	9.96461e-16 0 -0.40622	
2.11	9.9638e-16 0 -0.40622	
2.12	9.9638e-16 0 -0.40622	
2.13	9.96461e-16 0 -0.40622	
2.14	9.96461e-16 0 -0.40622	
2.15	9.9638e-16 0 -0.40622	
2.16	9.9638e-16 0 -0.40622	
2.17	9.9638e-16 0 -0.40622	
2.18	9.96461e-16 0 -0.40622	
2.19	9.9638e-16 0 -0.40622	
2.2	9.9638e-16 0 -0.40622	
2.21	9.9638e-16 0 -0.40622	
2.22	9.9638e-16 0 -0.40622	
2.23	9.9638e-16 0 -0.40622	
2.24	9.9638e-16 0 -0.40622	
2.25	9.96461e-16 0 -0.40622	
2.26	9.96461e-16 0 -0.40622	
2.27	9.9638e-16 0 -0.40622	
2.28	9.9638e-16 0 -0.40622	
2.29	9.9638e-16 0 -0.40622	
2.3	9.9638e-16 0 -0.40622	
2.31	9.9638e-16 0 -0.40622	
2.32	9.9638e-16 0 -0.40622	
2.33	9.9638e-16 0 -0.40622	
2.34	9.96461e-16 0 -0.40622	
2.35	9.96255e-16 0 -0.40622	
2.36	9.96175e-16 0 -0.40622	
2.37	9.9638e-16 0 -0.40622	
2.38	9.96301e-16 0 -0.40622	
2.39	1.00082e-15 0 -0.40622	
2.4	9.96461e-16 0 -0.40622	
2.41	9.96461e-16 0 -0.40622	
2.42	9.9638e-16 0 -0.40622	
2.43	9.9638e-16 0 -0.40622	
2.44	9.9638e-16 0 -0.40622	
2.45	9.9638e-16 0 -0.40622	
2.46	9.96461e-16 0 -0.40622	
2.47	9.9638e-16 0 -0.40622	
2.48	9.96255e-16 0 -0.40622	
2.49	9.96461e-16 0 -0.40622	
2.5	9.96255e-16 0 -0.40622	
2.51	9.96461e-16 0 -0.40622	
2.52	9.96461e-16 0 -0.40622	
2.53	9.96175e-16 0 -0.40622	
2.54	9.9638e-16 0 -0.40622	
2.55	1.00061e-15 0 -0.40622	
2.56	9.96461e-16 0 -0.40622	
2.57	9.9638e-16 0 -0.40622	
2.58	9.9638e-16 0 -0.40622	
2.59	9.96255e-16 0 -0.40622	
2.6	9.9638e-16 0 -0.40622	
2.61	9.9638e-16 0 -0.40622	
2.62	9.9638e-16 0 -0.40622	
2.63	9.9638e-16 0 -0.40622	
2.64	9.9638e-16 0 -0.40622	
2.65	9.96461e-16 0 -0.40622	
2.66	9.9638e-16 0 -0.40622	
2.67	9.96461e-16 0 -0.40622	
2.68	9.96255e-16 0 -0.40622	
2.69	9.9202e-16 0 -0.40622	
2.7	9.96461e-16 0 -0.40622	
2.71	9.9638e-16 0 -0.40622	
2.72	9.96461e-16 0 -0.40622	
2.73	9.9638e-16 0 -0.40622	
2.74	9.9638e-16 0 -0.40622	
2.75	9.96461e-16 0 -0.40622	
2.76	9.96255e-16 0 -0.40622	
2.77	1.03852e-15 0 -0.40622	
2.78	1.03873e-15 0 -0.40622	
2.79	1.03873e-15 0 -0.40622	
2.8	1.03844e-15 0 -0.40622	
2.81	1.03873e-15 0 -0.40622	
2.82	1.03852e-15 0 -0.40622	
2.83	1.04295e-15 0 -0.40622	
2.84	1.04287e-15 0 -0.40622	
2.85	1.04295e-15 0 -0.40622	
2.86	1.03873e-15 0 -0.40622	
2.87	1.03873e-15 0 -0.40622	
2.88	1.03873e-15 0 -0.40622	
2.89	1.03873e-15 0 -0.40622	
2.9	1.03873e-15 0 -0.40622	
2.91	1.03873e-15 0 -0.40622	
2.92	1.03873e-15 0 -0.40622	
2.93	1.03873e-15 0 -0.40622	
2.94	1.03873e-15 0 -0.40622	
2.95	1.03873e-15 0 -0.40622	
2.96	1.03873e-15 0 -0.40622	
2.97	1.03873e-15 0 -0.40622	
2.98	1.03873e-15 0 -0.40622	
2.99	1.03873e-15 0 -0.40622	
3	1.05543e-15 0 -0.40622	
3.01	1.0609e-15 0 -0.40622	
3.02	1.06504e-15 0 -0.40622	
3.03	1.0663e-15 0 -0.40622	
3.04	1.07312e-15 0 -0.40622	
3.05	1.08134e-15 0 -0.40622	
3.06	1.08815e-15 0 -0.40622	
3.07	1.09082e-15 0 -0.40622	
3.08	1.10037e-15 0 -0.40622	
3.09	1.1085e-15 0 -0.40622	
3.1	1.11384e-15 0 -0.40622	
3.11	1.11785e-15 0 -0.40622	
3.12	1.12205e-15 0 -0.40622	
3.13	1.12341e-15 0 -0.40622	
3.14	1.12516e-15 0 -0.40622	
3.15	1.1293e-15 0 -0.40622	
3.16	1.13086e-15 0 -0.40622	
3.17	1.12712e-15 0 -0.40622	
3.18	1.12868e-15 0 -0.40622	
3.19	1.12628e-15 0 -0.40622	
3.2	1.12368e-15 0 -0.40622	
3.21	1.12525e-15 0 -0.40622	
3.22	1.1242e-15 0 -0.40622	
3.23	1.12293e-15 0 -0.40622	
3.24	1.12452e-15 0 -0.40622	
3.25	1.11752e-15 0 -0.40622	
3.26	1.1176e-15 0 -0.40622	
3.27	1.11523e-15 0 -0.40622	
3.28	1.11375e-15 0 -0.40622	
3.29	1.11412e-15 0 -0.40622	
3.3	1.11002e-15 0 -0.40622	
3.31	1.11147e-15 0 -0.40622	
3.32	1.1076e-15 0 -0.40622	
3.33	1.10194e-15 0 -0.40622	
3.34	1.1007e-15 0 -0.40622	
3.35	1.09534e-15 0 -0.40622	
3.36	1.09261e-15 0 -0.40622	
3.37	1.08973e-15 0 -0.40622	
3.38	1.08406e-15 0 -0.40622	
3.39	1.08545e-15 0 -0.40622	
3.4	1.08004e-15 0 -0.40622	
3.41	1.07589e-15 0 -0.40622	
3.42	1.07461e-15 0 -0.40622	
3.43	1.07046e-15 0 -0.40622	
3.44	1.07059e-15 0 -0.40622	
3.45	1.0651e-15 0 -0.40622	
3.46	1.06515e-15 0 -0.40622	
3.47	1.06655e-15 0 -0.40622	
3.48	1.06929e-15 0 -0.40622	
3.49	1.07045e-15 0 -0.40622	
3.5	1.07308e-15 0 -0.40622	
3.51	1.07825e-15 0 -0.40622	
3.52	1.085e-15 0 -0.40622	
3.53	1.08865e-15 0 -0.40622	
3.54	1.09363e-15 0 -0.40622	
3.55	1.10009e-15 0 -0.40622	
3.56	1.11041e-15 0 -0.40622	
3.57	1.1195e-15 0 -0.40622	
3.58	1.1272e-15 0 -0.40622	
3.59	1.1364e-15 0 -0.40622	
3.6	1.14522e-15 0 -0.40622	
3.61	1.14999e-15 0 -0.40622	
3.62	1.15608e-15 0 -0.40622	
3.63	1.15656e-15 0 -0.40622	
3.64	1.16289e-15 0 -0.40622	
3.65	1.16487e-15 0 -0.40622	
3.66	1.16685e-15 0 -0.40622	
3.67	1.16689e-15 0 -0.40622	
3.68	1.16211e-15 0 -0.40622	
3.69	1.16275e-15 0 -0.40622	
3.7	1.16056e-15 0 -0.40622	
3.71	1.15306e-15 0 -0.40622	
3.72	1.14688e-15 0 -0.40622	
3.73	1.13917e-15 0 -0.40622	
3.74	1.13165e-15 0 -0.40622	
3.75	1.12018e-15 0 -0.40622	
3.76	1.10845e-15 0 -0.40622	
3.77	1.09294e-15 0 -0.40622	
3.78	1.08156e-15 0 -0.40622	
3.79	1.07125e-15 0 -0.40622	
3.8	1.06148e-15 0 -0.40622	
3.81	1.05248e-15 0 -0.40622	
3.82	1.0422e-15 0 -0.40622	
3.83	1.03209e-15 0 -0.40622	
3.84	1.02614e-15 0 -0.40622	
3.85	1.01742e-15 0 -0.40622	
3.86	1.00723e-15 0 -0.40622	
3.87	9.99978e-16 0 -0.40622	
3.88	9.92718e-16 0 -0.40622	
3.89	9.8405e-16 0 -0.40622	
3.9	9.7967e-16 0 -0.40622	
3.91	9.70991e-16 0 -0.40622	
3.92	9.62361e-16 0 -0.40622	
3.93	9.52318e-16 0 -0.40622	
3.94	9.4787e-16 0 -0.40622	
3.95	9.39166e-16 0 -0.40622	
3.96	9.39022e-16 0 -0.40622	
3.97	9.31664e-16 0 -0.40622	
3.98	9.26956e-16 0 -0.40622	
3.99	9.22749e-16 0 -0.40622	
4	9.19695e-16 0 -0.40622	
4.01	9.14982e-16 0 -0.40622	
4.02	9.12977e-16 0 -0.40622	
4.03	9.12628e-16 0 -0.40622	
4.04	9.09117e-16 0 -0.40622	
4.05	8.98828e-16 0 -0.40622	
4.06	8.93955e-16 0 -0.40622	
4.07	8.84601e-16 0 -0.40622	
4.08	8.75084e-16 0 -0.40622	
4.09	8.74067e-16 0 -0.40622	
4.1	8.56883e-16 0 -0.40622	
4.11	8.35138e-16 0 -0.40622	
4.12	8.17185e-16 0 -0.40622	
4.13	7.97603e-16 0 -0.40622	
4.14	7.82507e-16 0 -0.40622	
4.15	7.56946e-16 0 -0.40622	
4.16	7.36095e-16 0 -0.40622	
4.17	7.1682e-16 0 -0.40622	
4.18	6.8861e-16 0 -0.40622	
4.19	6.72471e-16 0 -0.40622	
4.2	6.48736e-16 0 -0.40622	
4.21	6.23842e-16 0 -0.40622	
4.22	6.04855e-16 0 -0.40622	
4.23	5.87249e-16 0 -0.40622	
4.24	5.73732e-16 0 -0.40622	
4.25	5.75176e-16 0 -0.40622	
4.26	5.72007e-16 0 -0.40622	
4.27	5.72942e-16 0 -0.40622	
4.28	5.77984e-16 0 -0.40622	
4.29	5.82788e-16 0 -0.40622	
4.3	5.84619e-16 0 -0.40622	
4.31	5.89406e-16 0 -0.40622	
4.32	5.94451e-16 0 -0.40622	
4.33	5.96281e-16 0 -0.40622	
4.34	6.01319e-16 0 -0.40622	
4.35	6.06607e-16 0 -0.40622	
4.36	6.05915e-16 0 -0.40622	
4.37	6.06606e-16 0 -0.40622	
4.38	6.06156e-16 0 -0.40622	
4.39	6.05471e-16 0 -0.40622	
4.4	6.06851e-16 0 -0.40622	
4.41	6.03404e-16 0 -0.40622	
4.42	6.0478e-16 0 -0.40622	
4.43	6.01574e-16 0 -0.40622	
4.44	6.05927e-16 0 -0.40622	
4.45	6.01108e-16 0 -0.40622	
4.46	6.05458e-16 0 -0.40622	
4.47	6.04999e-16 0 -0.40622	
4.48	6.09122e-16 0 -0.40622	
4.49	6.13245e-16 0 -0.40622	
4.5	6.17139e-16 0 -0.40622	
4.51	6.25384e-16 0 -0.40622	
4.52	6.29511e-16 0 -0.40622	
4.53	6.32034e-16 0 -0.40622	
4.54	6.35934e-16 0 -0.40622	
4.55	6.35498e-16 0 -0.40622	
4.56	6.39403e-16 0 -0.40622	
4.57	6.43314e-16 0 -0.40622	
4.58	6.42881e-16 0 -0.40622	
4.59	6.51357e-16 0 -0.40622	
4.6	6.55483e-16 0 -0.40622	
4.61	6.60989e-16 0 -0.40622	
4.62	6.67864e-16 0 -0.40622	
4.63	6.7474e-16 0 -0.40622	
4.64	6.90064e-16 0 -0.40622	
4.65	6.99674e-16 0 -0.40622	
4.66	7.09279e-16 0 -0.40622	
4.67	7.24783e-16 0 -0.40622	
4.68	7.38478e-16 0 -0.40622	
4.69	7.46474e-16 0 -0.40622	
4.7	7.6309e-16 0 -0.40622	
4.71	7.7948e-16 0 -0.40622	
4.72	7.90392e-16 0 -0.40622	
4.73	8.09271e-16 0 -0.40622	
4.74	8.19931e-16 0 -0.40622	
4.75	8.34886e-16 0 -0.40622	
4.76	8.51201e-16 0 -0.40622	
4.77	8.61617e-16 0 -0.40622	
4.78	8.79435e-16 0 -0.40622	
4.79	8.95259e-16 0 -0.40622	
4.8	9.0586e-16 0 -0.40622	
4.81	9.205e-16 0 -0.40622	
4.82	9.34421e-16 0 -0.40622	
4.83	9.4342e-16 0 -0.40622	
4.84	9.52412e-16 0 -0.40622	
4.85	9.66725e-16 0 -0.40622	
4.86	9.7301e-16 0 -0.40622	
4.87	9.82907e-16 0 -0.40622	
4.88	9.88948e-16 0 -0.40622	
4.89	9.97428e-16 0 -0.40622	
4.9	1.00441e-15 0 -0.40622	
4.91	1.0115e-15 0 -0.40622	
4.92	1.01591e-15 0 -0.40622	
4.93	1.01906e-15 0 -0.40622	
4.94	1.01615e-15 0 -0.40622	
4.95	1.02032e-15 0 -0.40622	
4.96	1.01923e-15 0 -0.40622	
4.97	1.02203e-15 0 -0.40622	
4.98	1.01932e-15 0 -0.40622	
4.99	1.01479e-15 0 -0.40622	
5	1.01215e-15 0 -0.40622	
5.01	1.01383e-15 0 -0.40622	
5.02	1.00676e-15 0 -0.40622	
5.03	1.00589e-15 0 -0.40622	
5.04	1.00209e-15 0 -0.40622	
5.05	9.92524e-16 0 -0.40622	
5.06	9.82988e-16 0 -0.40622	
5.07	9.78854e-16 0 -0.40622	
5.08	9.67744e-16 0 -0.40622	
5.09	9.64145e-16 0 -0.40622	
5.1	9.63265e-16 0 -0.40622	
5.11	9.52174e-16 0 -0.40622	
5.12	9.4704e-16 0 -0.40622	
5.13	9.38995e-16 0 -0.40622	
5.14	9.32126e-16 0 -0.40622	
5.15	9.19624e-16 0 -0.40622	
5.16	9.12957e-16 0 -0.40622	
5.17	9.01968e-16 0 -0.40622	
5.18	8.91191e-16 0 -0.40622	
5.19	8.8333e-16 0 -0.40622	
5.2	8.74833e-16 0 -0.40622	
5.21	8.71238e-16 0 -0.40622	
5.22	8.6745e-16 0 -0.40622	
5.23	8.59347e-16 0 -0.40622	
5.24	8.55746e-16 0 -0.40622	
5.25	8.50792e-16 0 -0.40622	
5.26	8.44259e-16 0 -0.40622	
5.27	8.37516e-16 0 -0.40622	
5.28	8.31017e-16 0 -0.40622	
5.29	8.18825e-16 0 -0.40622	
5.3	8.08205e-16 0 -0.40622	
5.31	7.94419e-16 0 -0.40622	
5.32	7.86906e-16 0 -0.40622	
5.33	7.75857e-16 0 -0.40622	
5.34	7.64977e-16 0 -0.40622	
5.35	7.53135e-16 0 -0.40622	
5.36	7.36785e-16 0 -0.40622	
5.37	7.24784e-16 0 -0.40622	
5.38	7.09765e-16 0 -0.40622	
5.39	7.02435e-16 0 -0.40622	
5.4	6.94501e-16 0 -0.40622	
5.41	6.82832e-16 0 -0.40622	
5.42	6.78272e-16 0 -0.40622	
5.43	6.64859e-16 0 -0.40622	
5.44	6.58683e-16 0 -0.40622	
5.45	6.52747e-16 0 -0.40622	
5.46	6.40853e-16 0 -0.40622	
5.47	6.33539e-16 0 -0.40622	
5.48	6.25977e-16 0 -0.40622	
5.49	6.23002e-16 0 -0.40622	
5.5	6.17054e-16 0 -0.40622	
5.51	6.14261e-16 0 -0.40622	
5.52	6.08126e-16 0 -0.40622	
5.53	6.08078e-16 0 -0.40622	
5.54	6.07414e-16 0 -0.40622	
5.55	6.11531e-16 0 -0.40622	
5.56	6.12671e-16 0 -0.40622	
5.57	6.14065e-16 0 -0.40622	
5.58	6.16579e-16 0 -0.40622	
5.59	6.18836e-16 0 -0.40622	
5.6	6.19976e-16 0 -0.40622	
5.61	6.22488e-16 0 -0.40622	
5.62	6.20913e-16 0 -0.40622	
5.63	6.19081e-16 0 -0.40622	
5.64	6.20482e-16 0 -0.40622	
5.65	6.21624e-16 0 -0.40622	
5.66	6.19793e-16 0 -0.40622	
5.67	6.1685e-16 0 -0.40622	
5.68	6.17994e-16 0 -0.40622	
5.69	6.13678e-16 0 -0.40622	
5.7	6.14823e-16 0 -0.40622	
5.71	6.14415e-16 0 -0.40622	
5.72	6.11654e-16 0 -0.40622	
5.73	6.15774e-16 0 -0.40622	
5.74	6.112e-16 0 -0.40622	
5.75	6.09858e-16 0 -0.40622	
5.76	6.08516e-16 0 -0.40622	
5.77	6.07098e-16 0 -0.40622	
5.78	5.99591e-16 0 -0.40622	
5.79	6.01222e-16 0 -0.40622	
5.8	5.96872e-16 0 -0.40622	
5.81	5.9415e-16 0 -0.40622	
5.82	5.91173e-16 0 -0.40622	
5.83	5.91243e-16 0 -0.40622	
5.84	5.88266e-16 0 -0.40622	
5.85	5.83912e-16 0 -0.40622	
5.86	5.85357e-16 0 -0.40622	
5.87	5.85357e-16 0 -0.40622	
5.88	5.8125e-16 0 -0.40622	
5.89	5.85851e-16 0 -0.40622	
5.9	5.81314e-16 0 -0.40622	
5.91	5.82753e-16 0 -0.40622	
5.92	5.82572e-16 0 -0.40622	
5.93	5.8377e-16 0 -0.40622	
5.94	5.84968e-16 0 -0.40622	
5.95	5.90344e-16 0 -0.40622	
5.96	5.88631e-16 0 -0.40622	
5.97	5.94011e-16 0 -0.40622	
5.98	5.9504e-16 0 -0.40622	
5.99	5.91718e-16 0 -0.40622	
6	5.95899e-16 0 -0.40622	
6.01	5.96935e-16 0 -0.40622	
6.02	5.96595e-16 0 -0.40622	
6.03	5.96258e-16 0 -0.40622	
6.04	6.01988e-16 0 -0.40622	
6.05	6.01654e-16 0 -0.40622	
6.06	6.07217e-16 0 -0.40622	
6.07	6.12451e-16 0 -0.40622	
6.08	6.13665e-16 0 -0.40622	
6.09	6.19228e-16 0 -0.40622	
6.1	6.26167e-16 0 -0.40622	
6.11	6.27382e-16 0 -0.40622	
6.12	6.27222e-16 0 -0.40622	
6.13	6.3325e-16 0 -0.40622	
6.14	6.34394e-16 0 -0.40622	
6.15	6.38811e-16 0 -0.40622	
6.16	6.39041e-16 0 -0.40622	
6.17	6.39268e-16 0 -0.40622	
6.18	6.43452e-16 0 -0.40622	
6.19	6.43294e-16 0 -0.40622	
6.2	6.43294e-16 0 -0.40622	
6.21	6.43519e-16 0 -0.40622	
6.22	6.43361e-16 0 -0.40622	
6.23	6.43583e-16 0 -0.40622	
6.24	6.48145e-16 0 -0.40622	
6.25	6.48578e-16 0 -0.40622	
6.26	6.4879e-16 0 -0.40622	
6.27	6.48842e-16 0 -0.40622	
6.28	6.48038e-16 0 -0.40622	
6.29	6.48242e-16 0 -0.40622	
6.3	6.48283e-16 0 -0.40622	
6.31	6.48482e-16 0 -0.40622	
6.32	6.48873e-16 0 -0.40622	
6.33	6.48713e-16 0 -0.40622	
6.34	6.49095e-16 0 -0.40622	
6.35	6.49282e-16 0 -0.40622	
6.36	6.4965e-16 0 -0.40622	
6.37	6.4967e-16 0 -0.40622	
6.38	6.49848e-16 0 -0.40622	
6.39	6.48644e-16 0 -0.40622	
6.4	6.53332e-16 0 -0.40622	
6.41	6.47447e-16 0 -0.40622	
6.42	6.47781e-16 0 -0.40622	
6.43	6.50908e-16 0 -0.40622	
6.44	6.50908e-16 0 -0.40622	
6.45	6.46717e-16 0 -0.40622	
6.46	6.49997e-16 0 -0.40622	
6.47	6.45642e-16 0 -0.40622	
6.48	6.48902e-16 0 -0.40622	
6.49	6.53534e-16 0 -0.40622	
6.5	6.49305e-16 0 -0.40622	
6.51	6.47895e-16 0 -0.40622	
6.52	6.42267e-16 0 -0.40622	
6.53	6.46741e-16 0 -0.40622	
6.54	6.49789e-16 0 -0.40622	
6.55	6.48646e-16 0 -0.40622	
6.56	6.47215e-16 0 -0.40622	
6.57	6.45782e-16 0 -0.40622	
6.58	6.45838e-16 0 -0.40622	
6.59	6.40214e-16 0 -0.40622	
6.6	6.44604e-16 0 -0.40622	
6.61	6.43219e-16 0 -0.40622	
6.62	6.43155e-16 0 -0.40622	
6.63	6.43252e-16 0 -0.40622	
6.64	6.43347e-16 0 -0.40622	
6.65	6.43275e-16 0 -0.40622	
6.66	6.48934e-16 0 -0.40622	
6.67	6.48934e-16 0 -0.40622	
6.68	6.44512e-16 0 -0.40622	
6.69	6.48859e-16 0 -0.40622	
6.7	6.53127e-16 0 -0.40622	
6.71	6.48781e-16 0 -0.40622	
6.72	6.4862e-16 0 -0.40622	
6.73	6.4862e-16 0 -0.40622	
6.74	6.4862e-16 0 -0.40622	
6.75	6.48541e-16 0 -0.40622	
6.76	6.48621e-16 0 -0.40622	
6.77	6.48541e-16 0 -0.40622	
6.78	6.48621e-16 0 -0.40622	
6.79	6.48621e-16 0 -0.40622	
6.8	6.51659e-16 0 -0.40622	
6.81	6.47313e-16 0 -0.40622	
6.82	6.51659e-16 0 -0.40622	
6.83	6.47152e-16 0 -0.40622	
6.84	6.51659e-16 0 -0.40622	
6.85	6.51734e-16 0 -0.40622	
6.86	6.51734e-16 0 -0.40622	
6.87	6.47388e-16 0 -0.40622	
6.88	6.52957e-16 0 -0.40622	
6.89	6.52797e-16 0 -0.40622	
6.9	6.52563e-16 0 -0.40622	
6.91	6.53948e-16 0 -0.40622	
6.92	6.53789e-16 0 -0.40622	
6.93	6.5936e-16 0 -0.40622	
6.94	6.59203e-16 0 -0.40622	
6.95	6.64773e-16 0 -0.40622	
6.96	6.64773e-16 0 -0.40622	
6.97	6.64617e-16 0 -0.40622	
6.98	6.64462e-16 0 -0.40622	
6.99	6.64462e-16 0 -0.40622	
7	6.64387e-16 0 -0.40622	
7.01	6.64387e-16 0 -0.40622	
7.02	6.64233e-16 0 -0.40622	
7.03	6.64233e-16 0 -0.40622	
7.04	6.64233e-16 0 -0.40622	
7.05	6.58352e-16 0 -0.40622	
7.06	6.62849e-16 0 -0.40622	
7.07	6.62923e-16 0 -0.40622	
7.08	6.62695e-16 0 -0.40622	
7.09	6.62769e-16 0 -0.40622	
7.1	6.62695e-16 0 -0.40622	
7.11	6.62695e-16 0 -0.40622	
7.12	6.67038e-16 0 -0.40622	
7.13	6.67038e-16 0 -0.40622	
7.14	6.67038e-16 0 -0.40622	
7.15	6.67038e-16 0 -0.40622	
7.16	6.713e-16 0 -0.40622	
7.17	0.878814 0.132524 -0.0698853	
7.18	2.1825 0.206991 0.0177111	
7.19	1.78733 0.171084 -0.0597044	
7.2	1.46406 0.139992 -0.122518	
7.21	1.1989 0.116386 -0.174612	
7.22	0.981887 0.0954503 -0.216759	
7.23	0.804235 0.0786703 -0.251371	
7.24	0.658741 0.0637321 -0.279356	
7.25	0.539441 0.052874 -0.302722	
7.26	0.441814 0.043393 -0.321664	
7.27	0.361843 0.0355766 -0.337165	
7.28	0.296348 0.0291625 -0.349857	
7.29	0.242735 0.0239583 -0.36026	
7.3	0.1988 0.0193676 -0.368687	
7.31	0.162835 0.0159081 -0.375675	
7.32	0.133348 0.0131606 -0.381431	
7.33	0.109213 0.0107656 -0.386098	
7.34	0.0894451 0.00881931 -0.389925	
7.35	0.0732555 0.00722457 -0.39306	
7.36	0.0599947 0.00593037 -0.395631	
7.37	0.0491484 0.00481883 -0.397718	
7.38	0.0402465 0.00400575 -0.39946	
7.39	0.0329619 0.00328103 -0.400869	
7.4	0.0269997 0.00269574 -0.402023	
7.41	0.0221127 0.00220795 -0.402968	
7.42	0.0181112 0.00180704 -0.40374	
7.43	0.0148335 0.00148114 -0.404374	
7.44	0.0121474 0.00121024 -0.404892	
7.45	0.0099494 0.000992699 -0.405317	
7.46	0.0081497 0.000815563 -0.405666	
7.47	0.00667461 0.000667959 -0.405951	
7.48	0.00667484 0.000668456 -0.405951	
7.49	0.00667528 0.00066945 -0.405951	
7.5	0.0066755 0.000669946 -0.405951	
7.51	0.00667572 0.000670443 -0.405951	
7.52	0.00667662 0.000672505 -0.405952	
7.53	0.00667616 0.000671436 -0.405951	
7.54	0.00667659 0.000672428 -0.405952	
7.55	0.00667681 0.000672924 -0.405952	
7.56	0.00667702 0.00067342 -0.405952	
7.57	0.00667752 0.000673411 -0.405952	
7.58	0.00667773 0.000673906 -0.405952	
7.59	0.00667769 0.000676777 -0.405953	
7.6	0.00667811 0.000677768 -0.405953	
7.61	0.00667852 0.000678757 -0.405953	
7.62	-0.137484 0.00415278 -0.320429	
7.63	-0.224927 0.00578018 -0.27017	
7.64	-0.36119 0.00916425 -0.190476	
7.65	-0.668828 0.0175386 -0.00697665	
7.66	-0.749886 0.0187091 0.0373305	
7.67	-1.09088 0.0304529 0.244207	
7.68	-0.893567 0.0245503 0.12658	
7.69	-0.731925 0.0209052 0.0296017	
7.7	-0.599586 0.0169913 -0.0493135	
7.71	-0.491219 0.0145753 -0.114344	
7.72	-0.402442 0.0122543 -0.167441	
7.73	-0.329674 0.0102169 -0.210893	
7.74	-0.270094 0.0088004 -0.246601	
7.75	-0.221186 0.007172 -0.275671	
7.76	-0.18119 0.00596318 -0.299507	
7.77	-0.148426 0.00495521 -0.319025	
7.78	-0.121586 0.00411556 -0.335006	
7.79	-0.099607 0.00348976 -0.348125	
7.8	-2.01595 -0.0580215 0.199808	
7.81	-1.65146 -0.0465547 0.0895987	
7.82	-2.08406 0.00230653 0.473255	
7.83	-1.81609 0.00691283 0.379946	
7.84	-1.4878 0.00587204 0.237544	
7.85	-1.54759 0.0204219 0.321168	
7.86	-1.26795 0.0172583 0.189285	
7.87	-1.03851 0.0144787 0.0811694	
7.88	-1.4996 -0.00366284 0.216975	
7.89	-1.22878 -0.000839584 0.103201	
7.9	-1.00635 -0.00168124 0.0112799	
7.91	-0.824608 0.000250414 -0.0650854	
7.92	-0.675464 0.000392756 -0.12706	
7.93	-0.553362 0.000425946 -0.177758	
7.94	-0.453263 0.000646172 -0.219413	
7.95	-0.371365 0.000984039 -0.253569	
7.96	-0.304161 0.000762756 -0.281358	
7.97	-0.24914 0.000684506 -0.304158	
7.98	-0.204061 0.00062166 -0.322838	
7.99	-0.167145 0.000502997 -0.338104	
8	-0.112248 -0.005486 -0.385994	
8.01	0.000535308 -0.28479 -1.81735	
8.02	0.0549093 -0.427441 -2.53335	
8.03	0.0682058 -0.479238 -2.79504	
8.04	0.0937123 -0.590295 -3.32457	
8.05	0.100736 -0.621713 -3.46642	
8.06	0.0830756 -0.512619 -2.94637	
8.07	0.11595 -0.701281 -3.86065	
8.08	0.133791 -0.80972 -4.37413	
8.09	0.116346 -0.702656 -3.87152	
8.1	0.14587 -0.88194 -4.72994	
8.11	0.119007 -0.719535 -3.94823	
8.12	0.119593 -0.722857 -3.959	
8.13	0.122394 -0.73929 -4.03944	
8.14	0.116707 -0.704536 -3.89584	
8.15	0.14038 -0.840506 -4.53324	
8.16	0.114134 -0.683341 -3.78772	
8.17	0.102945 -0.617776 -3.48278	
8.18	0.109613 -0.659526 -3.71871	
8.19	0.121505 -0.733422 -4.07819	
8.2	0.0984417 -0.59422 -3.41561	
8.21	0.0830605 -0.501523 -2.94963	
8.22	0.069618 -0.420563 -2.54117	
8.23	0.0680993 -0.412392 -2.49972	
8.24	0.0719192 -0.43845 -2.62469	
8.25	0.0775101 -0.472578 -2.80426	
8.26	0.106183 -0.64838 -3.67375	
8.27	0.0867739 -0.529867 -3.08268	
8.28	0.104009 -0.63909 -3.61453	
8.29	0.0980147 -0.604625 -3.44497	
8.3	0.099253 -0.617108 -3.49973	
8.31	0.104487 -0.655372 -3.70075	
8.32	0.132494 -0.842023 -4.57632	
8.33	0.10834 -0.688536 -3.82159	
8.34	0.126847 -0.81538 -4.41843	
8.35	0.145961 -0.932167 -4.95862	
8.36	0.144326 -0.927473 -4.9299	
8.37	0.172418 -1.09929 -5.75202	
8.38	0.140827 -0.897897 -4.78543	
8.39	-1.77639 -0.588312 -2.81633	
8.4	-1.45481 -0.482595 -2.38006	
8.41	-1.76543 -0.351544 -1.66498	
8.42	-1.44591 -0.289873 -1.43674	
8.43	-1.41093 -0.221912 -1.11018	
8.44	-1.67445 -0.144288 -0.662357	
8.45	-1.37112 -0.118709 -0.615913	
8.46	-7.00211 -0.312302 0.244985	
8.47	-0.470078 -0.109589 1.4991	
8.48	-7.37731 -0.352561 -1.45204	
8.49	-6.04188 -0.284011 -1.25412	
8.5	-4.95125 -0.229443 -1.09497	
8.51	-5.04117 -0.122508 -0.364355	
8.52	-4.49944 -0.0796668 -0.156318	
8.53	-5.37689 0.0539031 0.87537	
8.54	-4.72979 -0.0303026 0.47021	
8.55	-5.67035 -0.0743041 0.730911	
8.56	-5.21317 -0.151686 0.326697	
8.57	-5.933 -0.0807917 0.816387	
8.58	-6.58673 -0.32453 0.0984248	
8.59	-6.56817 -0.214469 0.518072	
8.6	-6.88721 -0.3316 0.186136	
8.61	-6.38616 -0.25197 0.32656	
8.62	-7.09308 -0.28187 0.405889	
8.63	-6.89412 -0.274705 0.336808	
8.64	-7.95678 -0.313849 0.531642	
8.65	-6.56934 -0.240662 0.359724	
8.66	-8.85855 -0.426184 0.375549	
8.67	-7.25742 -0.333076 0.226853	
8.68	-8.05168 -0.397018 0.231943	
8.69	-8.31736 -0.375974 0.396444	
8.7	-8.31497 -0.38886 0.340999	
8.71	-8.46641 -0.377765 0.428177	
8.72	-8.55529 -0.396999 0.372372	
8.73	-8.78326 -0.398097 0.435741	
8.74	-8.85393 -0.41704 0.387976	
8.75	-9.91292 -0.476249 0.516631	
8.76	-10.2204 -0.522517 0.425509	
8.77	-10.0974 -0.502292 0.459601	
8.78	-10.4337 -0.529437 0.457902	
8.79	-10.4628 -0.531068 0.456412	
8.8	-10.8112 -0.552841 0.483115	
8.81	-10.8461 -0.557897 0.461639	
8.82	-11.1253 -0.572633 0.496045	
8.83	-11.2773 -0.587998 0.479665	
8.84	-11.416 -0.591544 0.498699	
8.85	-11.6288 -0.608517 0.498432	
8.86	-11.8806 -0.62532 0.516211	
8.87	-12.0775 -0.640123 0.516468	
8.88	-12.2274 -0.649592 0.524963	
8.89	-12.5203 -0.668385 0.537877	
8.9	-12.4568 -0.152671 0.37659	
8.91	-13.2878 -0.126531 0.234999	
8.92	-13.0741 -0.0760004 0.785435	
8.93	-14.7118 -0.317853 0.373948	
8.94	-12.6514 -0.240378 0.0690575	
8.95	-16.1763 -0.1695 0.102159	
8.96	-13.7313 -0.059361 0.293219	
8.97	-17.0571 -0.386243 0.84383	
8.98	-14.9151 -0.323733 0.687851	
8.99	-17.8323 -0.693977 0.778799	
9	-15.5374 -0.589045 0.595237	
9.01	-12.7297 -0.435546 0.390169	
9.02	-10.4281 -0.335451 0.235143	
9.03	-10.3411 -0.419412 0.153225	
9.04	-10.8443 -0.518604 0.149888	
9.05	-10.574 -0.52255 0.169072	
9.06	-11.2854 -0.596957 0.256478	
9.07	-11.0316 -0.587478 0.285588	
9.08	-11.6713 -0.657908 0.327765	
9.09	-9.56129 -0.510818 0.182871	
9.1	-1.79848 -3.37085 -13.9198	
9.11	-1.47929 -2.71033 -11.4883	
9.12	-1.21537 -2.18924 -9.49122	
9.13	-0.998063 -1.77153 -7.85294	
9.14	-0.818943 -1.4386 -6.50863	
9.15	-0.671975 -1.16825 -5.40715	
9.16	-0.550695 -0.953733 -4.50279	
9.17	-0.451786 -0.775073 -3.76325	
9.18	-0.369539 -0.638437 -3.15469	
9.19	-0.30292 -0.520565 -2.6579	
9.2	-0.248027 -0.426955 -2.25044	
9.21	-0.202997 -0.350844 -1.91655	
9.22	-0.1661 -0.288505 -1.64298	
9.23	0.133646 -2.31813 -9.29549	
9.24	0.784652 -4.85869 -19.3468	
9.25	0.63448 -3.9211 -15.9366	
9.26	0.515855 -3.18437 -13.1338	
9.27	0.422262 -2.60641 -10.8308	
9.28	0.344893 -2.12794 -8.94615	
9.29	0.282923 -1.74604 -7.3996	
9.3	0.230827 -1.42368 -6.13585	
9.31	0.189577 -1.16977 -5.09781	
9.32	0.154987 -0.956073 -4.24939	
9.33	0.127142 -0.784507 -3.55349	
9.34	0.104502 -0.645172 -2.9832	
9.35	0.0860431 -0.531652 -2.51588	
9.36	0.071149 -0.440275 -2.13271	
9.37	0.0583773 -0.361342 -1.82023	
9.38	0.0478477 -0.296205 -1.5643	
9.39	0.0392302 -0.242899 -1.35476	
9.4	0.0320005 -0.198013 -1.18354	
9.41	0.0262101 -0.162184 -1.04306	
9.42	0.0214173 -0.132482 -0.928034	
9.43	0.0175972 -0.108906 -0.833643	
9.44	0.0144808 -0.0896842 -0.75631	
9.45	0.0118841 -0.0736252 -0.693065	
9.46	0.00974089 -0.0603551 -0.641311	
9.47	0.00802714 -0.0497834 -0.598828	
9.48	0.00658803 -0.0408709 -0.564126	
9.49	0.0054074 -0.0335576 -0.535702	
9.5	0.00445644 -0.0276824 -0.512377	
9.51	0.0036625 -0.0227622 -0.493323	
9.52	0.00301005 -0.0187171 -0.477714	
9.53	0.00247382 -0.0153908 -0.464936	
9.54	0.0020437 -0.0127311 -0.454452	
9.55	0.00167749 -0.0104531 -0.445899	
9.56	0.00138401 -0.0086336 -0.438877	
9.57	0.00113607 -0.00708925 -0.433144	
9.58	0.000935994 -0.00584576 -0.428443	
9.59	0.000770289 -0.00481418 -0.424597	
9.6	0.000633726 -0.00396322 -0.421449	
9.61	0.000520179 -0.00325416 -0.418874	
9.62	0.000428543 -0.00268312 -0.416763	
9.63	0.000353048 -0.00221228 -0.415034	
9.64	0.000290102 -0.00181868 -0.413621	
9.65	0.000291798 -0.00183081 -0.413617	
9.66	0.000292413 -0.0018352 -0.413616	
9.67	0.000293038 -0.00183968 -0.413614	
9.68	0.00029438 -0.00184926 -0.413611	
9.69	0.000294991 -0.00185362 -0.413609	
9.7	0.000296356 -0.00186338 -0.413606	
9.71	0.000297306 -0.00187016 -0.413604	
9.72	0.000297902 -0.00187442 -0.413603	
9.73	0.000297454 -0.00187119 -0.413604	
9.74	0.000297747 -0.00187329 -0.413603	
9.75	0.00029803 -0.00187532 -0.413602	
9.76	0.000298294 -0.0018772 -0.413602	
9.77	0.000298559 -0.00187908 -0.413602	
9.78	0.00029992 -0.00188881 -0.413598	
9.79	0.000300952 -0.00189619 -0.413596	
9.8	0.000301573 -0.00190064 -0.413594	
9.81	0.000301866 -0.00190273 -0.413593	
9.82	0.000302886 -0.00191002 -0.413591	
9.83	0.000303518 -0.00191454 -0.413589	
9.84	0.000303395 -0.00191365 -0.41359	
9.85	0.000303687 -0.00191574 -0.413589	
9.86	0.000303243 -0.00191257 -0.41359	
9.87	0.000304214 -0.00191952 -0.413588	
9.88	0.000305186 -0.00192646 -0.413585	
9.89	0.000305139 -0.00192613 -0.413585	
9.9	0.000304355 -0.00192053 -0.413587	
9.91	0.000304998 -0.00192512 -0.413585	
9.92	0.000305291 -0.00192722 -0.413585	
9.93	0.000304136 -0.00191894 -0.413588	
9.94	0.000304757 -0.00192339 -0.413586	
9.95	0.000305049 -0.00192548 -0.413586	
9.96	0.000305353 -0.00192765 -0.413585	
9.97	0.00030457 -0.00192205 -0.413587	
9.98	0.000304862 -0.00192414 -0.413586	
9.99	0.000305112 -0.00192592 -0.413586	
10	0.000305405 -0.00192801 -0.413585	
10.01	0.000305347 -0.00192761 -0.413585	
10.02	0.000307043 -0.00193973 -0.413581	
10.03	0.000306996 -0.0019394 -0.413581	
10.04	0.000307288 -0.00194149 -0.41358	
10.05	0.000307582 -0.00194359 -0.413579	
10.06	0.000307863 -0.00194561 -0.413578	
10.07	0.000307849 -0.00194553 -0.413578	
10.08	0.0003081 -0.00194731 -0.413577	
10.09	0.000308392 -0.0019494 -0.413577	
10.1	0.000307621 -0.00194389 -0.413579	
10.11	0.000307574 -0.00194355 -0.413579	
10.12	0.000308601 -0.00195089 -0.413576	
10.13	0.000307819 -0.00194531 -0.413578	
10.14	0.000307773 -0.00194497 -0.413578	
10.15	0.000306323 -0.00193461 -0.413582	
10.16	0.00030733 -0.00194181 -0.413579	
10.17	0.00030725 -0.00194122 -0.41358	
10.18	0.000307147 -0.00194049 -0.41358	
10.19	0.000307091 -0.00194009 -0.41358	
10.2	0.000308098 -0.0019473 -0.413577	
10.21	0.000309114 -0.00195457 -0.413575	
10.22	0.000307953 -0.00194625 -0.413578	
10.23	0.000308994 -0.00195372 -0.413575	
10.24	0.000310306 -0.00196309 -0.413572	
10.25	0.000311348 -0.00197056 -0.413568	
10.26	0.0003127 -0.00198024 -0.413565	
10.27	0.000314052 -0.00198991 -0.413561	
10.28	0.000313998 -0.00198954 -0.413561	
10.29	0.000313911 -0.0019889 -0.413562	
10.3	0.000315254 -0.00199851 -0.413558	
10.31	0.000315537 -0.00200054 -0.413557	
10.32	0.000317608 -0.00201536 -0.413552	
10.33	0.000317563 -0.00201505 -0.413552	
10.34	0.000317542 -0.00201491 -0.413551	
10.35	0.00031852 -0.0020219 -0.413549	
10.36	0.000318467 -0.00202152 -0.413549	
10.37	0.000319141 -0.00202635 -0.413547	
10.38	0.000318717 -0.0020233 -0.413549	
10.39	0.000320098 -0.0020332 -0.413545	
10.4	0.000320765 -0.00203798 -0.413543	
10.41	0.000321741 -0.00204495 -0.413541	
10.42	0.000321688 -0.00204457 -0.413541	
10.43	0.000322697 -0.0020518 -0.413538	
10.44	0.000324076 -0.00206168 -0.413534	
10.45	0.00032399 -0.00206105 -0.413534	
10.46	0.000324992 -0.00206823 -0.413531	
10.47	0.000325999 -0.00207545 -0.413529	
10.48	0.000327 -0.00208262 -0.413526	
10.49	0.000327671 -0.00208742 -0.413524	
10.5	0.000327921 -0.0020892 -0.413524	
10.51	0.000328586 -0.00209396 -0.413522	
10.52	0.000329592 -0.00210117 -0.413519	
10.53	0.000329581 -0.00210111 -0.413518	
10.54	0.00033058 -0.00210827 -0.413515	
10.55	0.000331551 -0.00211521 -0.413513	
10.56	0.000332555 -0.0021224 -0.41351	
10.57	0.00033217 -0.00211964 -0.413511	
10.58	0.000333174 -0.00212684 -0.413508	
10.59	0.000333458 -0.00212888 -0.413507	
10.6	0.000333044 -0.0021259 -0.413509	
10.61	0.000334047 -0.00213309 -0.413506	
10.62	0.000334036 -0.00213302 -0.413505	
10.63	0.000333991 -0.00213271 -0.413505	
10.64	0.00033391 -0.00213211 -0.413506	
10.65	0.00033386 -0.00213175 -0.413506	
10.66	0.000334149 -0.00213383 -0.413505	
10.67	0.000334063 -0.00213321 -0.413506	
10.68	0.000334387 -0.00213554 -0.413504	
10.69	0.00033539 -0.00214272 -0.413502	
10.7	0.000335678 -0.00214479 -0.413501	
10.71	0.000336679 -0.00215197 -0.413498	
10.72	0.000336933 -0.00215377 -0.413497	
10.73	0.000337555 -0.00215823 -0.413496	
10.74	0.000337505 -0.00215787 -0.413496	
10.75	0.000338803 -0.00216716 -0.413492	
10.76	0.000340803 -0.0021815 -0.413486	
10.77	0.000341123 -0.00218381 -0.413485	
10.78	0.000341743 -0.00218825 -0.413483	
10.79	0.000342325 -0.00219241 -0.413481	
10.8	0.000342944 -0.00219685 -0.41348	
10.81	0.000343232 -0.00219892 -0.413479	
10.82	0.000343141 -0.00219827 -0.413479	
10.83	0.000343757 -0.00220269 -0.413477	
10.84	0.000343294 -0.00219937 -0.413479	
10.85	0.000344246 -0.00220619 -0.413476	
10.86	0.000344495 -0.00220796 -0.413475	
10.87	0.000346157 -0.00221988 -0.41347	
10.88	0.000346443 -0.00222193 -0.413469	
10.89	0.00034602 -0.0022189 -0.413471	
10.9	0.000346304 -0.00222093 -0.41347	
10.91	0.000346926 -0.0022254 -0.413468	
10.92	0.000346462 -0.00222206 -0.413469	
10.93	0.000346749 -0.00222412 -0.413468	
10.94	0.000347365 -0.00222854 -0.413467	
10.95	0.00034728 -0.00222791 -0.413467	
10.96	0.000348646 -0.00223773 -0.413463	
10.97	0.000349224 -0.00224185 -0.413461	
10.98	0.000349509 -0.00224391 -0.41346	
10.99	0.000349755 -0.00224565 -0.41346	
11	0.000349708 -0.00224532 -0.41346	
11.01	0.000349995 -0.00224738 -0.413459	
11.02	0.000351318 -0.00225687 -0.413455	
11.03	0.000350565 -0.00225147 -0.413457	
11.04	0.000351848 -0.00226065 -0.413454	
11.05	0.000351802 -0.00226033 -0.413454	
11.06	0.000352087 -0.00226238 -0.413453	
11.07	0.000353037 -0.00226918 -0.41345	
11.08	0.00035436 -0.00227866 -0.413446	
11.09	0.000353939 -0.00227565 -0.413447	
11.1	0.000354601 -0.00228041 -0.413445	
11.11	0.000354843 -0.00228213 -0.413445	
11.12	0.000355459 -0.00228655 -0.413443	
11.13	0.00035678 -0.00229604 -0.413438	
11.14	0.000357352 -0.00230013 -0.413437	
11.15	0.000358672 -0.0023096 -0.413433	
11.16	0.000358957 -0.00231165 -0.413432	
11.17	0.000359572 -0.00231607 -0.413429	
11.18	0.000360142 -0.00232015 -0.413428	
11.19	0.000360427 -0.0023222 -0.413427	
11.2	0.000360666 -0.00232391 -0.413426	
11.21	0.000361233 -0.00232797 -0.413425	
11.22	0.000361517 -0.00233001 -0.413424	
11.23	0.000362131 -0.00233442 -0.413422	
11.24	0.000363447 -0.00234387 -0.413417	
11.25	0.459455 0.100351 -0.254211	
11.26	2.0613 0.232815 -0.131814	
11.27	1.88083 0.214136 -0.154595	
11.28	1.54056 0.176626 -0.200998	
11.29	1.26199 0.144056 -0.237934	
11.3	1.03353 0.118777 -0.269035	
11.31	0.846536 0.0980651 -0.294481	
11.32	0.693397 0.080319 -0.314876	
11.33	0.5679 0.0662004 -0.331829	
11.34	0.465087 0.05441 -0.345591	
11.35	0.380884 0.0449525 -0.356975	
11.36	0.311949 0.0367172 -0.366016	
11.37	0.255484 0.0303151 -0.373616	
11.38	0.209196 0.0249041 -0.379754	
11.39	0.171318 0.0205271 -0.384806	
11.4	0.140286 0.01692 -0.388932	
11.41	0.114886 0.0138207 -0.392226	
11.42	0.0940904 0.0113249 -0.394947	
11.43	0.077046 0.00930723 -0.397193	
11.44	0.0630957 0.00760997 -0.399006	
11.45	0.0516733 0.006225 -0.400492	
11.46	0.042322 0.00509901 -0.401714	
11.47	0.0346585 0.0042071 -0.402732	
11.48	0.0283845 0.00343734 -0.403543	
11.49	0.0232442 0.00280886 -0.404209	
11.5	0.0190347 0.00231258 -0.404765	
11.51	0.0155898 0.00189626 -0.405214	
11.52	0.0127677 0.00156151 -0.405586	
11.53	0.0104563 0.00127716 -0.405884	
11.54	0.00856338 0.0010528 -0.406134	
11.55	0.00701256 0.0008666 -0.406336	
11.56	0.0070131 0.000867009 -0.406337	
11.57	0.00701418 0.000868622 -0.406337	
11.58	0.00701333 0.000872928 -0.40634	
11.59	0.00701387 0.000873327 -0.40634	
11.6	0.00701493 0.000874532 -0.40634	
11.61	0.00701471 0.000879057 -0.406343	
11.62	0.00701566 0.00088121 -0.406344	
11.63	0.00701617 0.0008816 -0.406344	
11.64	0.00701662 0.00088826 -0.406348	
11.65	0.00701595 0.000884829 -0.406346	
11.66	0.00701722 0.000886838 -0.406347	
11.67	0.00701869 0.000883535 -0.406345	
11.68	0.00701738 0.000886499 -0.406347	
11.69	0.00701838 0.000887253 -0.406347	
11.7	-3.12825 -1.65995 -3.78466	
11.71	-2.91483 -1.96714 -4.7423	
11.72	-2.05304 -2.32753 -5.97911	
11.73	-1.19681 -2.45069 -6.56531	
11.74	0.416378 -2.02605 -6.03785	
11.75	0.683514 -2.7866 -8.11525	
11.76	0.616739 -2.38086 -7.05774	
11.77	0.915986 -3.11625 -9.08442	
11.78	0.818793 -2.85255 -8.39878	
11.79	0.867896 -3.89785 -11.0978	
11.8	0.704542 -3.16479 -9.17557	
11.81	0.572674 -2.57285 -7.59725	
11.82	0.467528 -2.1006 -6.2989	
11.83	0.381181 -1.71281 -5.23593	
11.84	0.311015 -1.39763 -4.36423	
11.85	0.254195 -1.14235 -3.64896	
11.86	0.208553 -0.937196 -3.06149	
11.87	0.170575 -0.766554 -2.58176	
11.88	0.139767 -0.628098 -2.18781	
11.89	0.115011 -0.516797 -1.86463	
11.9	0.0942678 -0.423581 -1.60068	
11.91	0.0773618 -0.3476 -1.38434	
11.92	0.0635496 -0.285522 -1.20721	
11.93	0.0521057 -0.2341 -1.0623	
11.94	0.0429517 -0.192948 -0.943273	
11.95	0.0351934 -0.158094 -0.846157	
11.96	0.0289203 -0.129905 -0.766571	
11.97	0.0237194 -0.106541 -0.701464	
11.98	0.0195168 -0.0876555 -0.648027	
11.99	0.0159896 -0.0718133 -0.604432	
12	0.0131016 -0.0588419 -0.568734	
12.01	0.0107467 -0.048264 -0.539473	
12.02	0.00880452 -0.0395414 -0.515544	
12.03	0.00719304 -0.0323059 -0.49597	
12.04	0.0058695 -0.0263635 -0.479953	
12.05	0.00479931 -0.0215573 -0.466808	
12.06	0.00391127 -0.0175703 -0.456071	
12.07	0.0031888 -0.0143262 -0.44726	
12.08	0.00259343 -0.0116531 -0.440053	
12.09	0.00211202 -0.00949111 -0.434136	
12.1	0.0017275 -0.00776333 -0.429271	
12.11	0.0014115 -0.00634356 -0.425288	
12.12	0.00115328 -0.0051833 -0.422026	
12.13	0.000942299 -0.00423529 -0.419353	
12.14	0.000772643 -0.00347266 -0.417157	
12.15	0.000630501 -0.00283401 -0.415366	
12.16	0.103017 -1.11165 -3.1508	
12.17	0.0921285 -0.99753 -2.87796	
12.18	0.211359 -2.35389 -6.16548	
12.19	0.209735 -2.34713 -6.17038	
12.2	-7.86273 -4.00178 -8.87735	
12.21	-5.2622 -3.79947 -8.93078	
12.22	-8.74196 -2.27172 -4.66603	
12.23	-8.85064 -1.53748 -2.86968	
12.24	-10.5917 -0.797395 -0.701992	
12.25	-11.8688 -0.62165 0.0306483	
12.26	-13.6183 -0.706317 0.260476	
12.27	-13.7533 -0.70757 0.345098	
12.28	-11.2601 -0.546652 0.186244	
12.29	-9.21843 -0.423078 0.0618071	
12.3	-7.54887 -0.325367 -0.0376655	
12.31	-6.1823 -0.257844 -0.110509	
12.32	-5.06203 -0.201185 -0.171116	
12.33	-4.1468 -0.15827 -0.218321	
12.34	-3.39575 -0.12499 -0.255714	
12.35	-2.7814 -0.0989573 -0.285486	
12.36	-2.2775 -0.0788692 -0.309029	
12.37	-1.86539 -0.0630284 -0.327882	
12.38	-1.5278 -0.050685 -0.34289	
12.39	-1.25085 -0.0408429 -0.355003	
12.4	-1.02456 -0.0331247 -0.364681	
12.41	-0.83889 -0.0269079 -0.372539	
12.42	-0.687004 -0.0218014 -0.378983	
12.43	-0.562631 -0.0175123 -0.384334	
12.44	-0.460632 -0.0142104 -0.388573	
12.45	-0.377224 -0.0115913 -0.391985	
12.46	-0.308911 -0.00955652 -0.394703	
12.47	-0.253 -0.00776665 -0.397013	
12.48	-0.207127 -0.00637169 -0.398858	
12.49	-0.169669 -0.00520732 -0.400382	
12.5	-0.138955 -0.00429815 -0.401601	
12.51	-0.113784 -0.00349965 -0.402636	
12.52	-0.0931753 -0.00291378 -0.403436	
12.53	-0.079371 0.403099 0.744149	
12.54	-0.0648976 0.32928 0.536051	
12.55	-0.0531707 0.269838 0.365252	
12.56	-0.0435559 0.221065 0.225436	
12.57	-0.276063 3.62667 10.2377	
12.58	-0.228348 2.99882 8.30015	
12.59	-0.250348 2.64651 7.27716	
12.6	-0.2061 2.18007 5.88147	
12.61	-0.169514 1.79396 4.73991	
12.62	-0.139132 1.4728 3.80693	
12.63	-0.113882 1.20543 3.04447	
12.64	-0.0932711 0.987267 2.4197	
12.65	-0.076367 0.808311 1.90812	
12.66	-0.0625039 0.661527 1.48923	
12.67	-0.0511434 0.541231 1.14618	
12.68	-0.0418366 0.44268 0.865239	
12.69	-0.0342159 0.361985 0.635141	
12.7	-0.0279516 0.295624 0.446792	
12.71	-0.0228536 0.241658 0.292388	
12.72	-0.0186643 0.197294 0.165993	
12.73	-0.0152746 0.161449 0.0622896	
12.74	-0.0124997 0.132106 -0.0226488	
12.75	-0.0101954 0.107701 -0.0920725	
12.76	-0.00830685 0.0876968 -0.148925	
12.77	-0.0067896 0.0716618 -0.195619	
12.78	-0.00554352 0.0584883 -0.233846	
12.79	-0.00454071 0.0479087 -0.265233	
12.8	-0.00371107 0.0391455 -0.290902	
12.81	-0.00303289 0.0319837 -0.311931	
12.82	-0.00247594 0.0261002 -0.329147	
12.83	-0.00203008 0.021403 -0.343292	
12.84	-0.00165726 0.0174657 -0.354843	
12.85	-0.00135742 0.0143059 -0.364328	
12.86	-0.00110922 0.0116869 -0.372084	
12.87	-0.000908458 0.00957162 -0.378447	
12.88	-0.000744059 0.00783954 -0.383658	
12.89	-0.000610023 0.00642812 -0.387929	
12.9	-0.000497982 0.00524543 -0.391418	
12.91	-0.000408282 0.00430114 -0.394283	
12.92	-0.000334387 0.00352267 -0.396628	
12.93	-0.00027325 0.00287783 -0.398546	
12.94	-0.000224025 0.00235969 -0.400121	
12.95	-0.000223289 0.00235101 -0.400118	
12.96	-0.000223273 0.00235082 -0.400118	
12.97	-0.000222532 0.00234207 -0.400114	
12.98	-0.000222532 0.00234207 -0.400114	
12.99	-0.000222527 0.00234201 -0.400114	
13	-0.000222532 0.00234207 -0.400114	
13.01	-0.000222527 0.00234201 -0.400114	
13.02	-0.000222515 0.00234188 -0.400114	
13.03	-0.000221774 0.00233313 -0.400111	
13.04	-0.000221774 0.00233313 -0.400111	
13.05	-0.00022251 0.00234182 -0.400114	
13.06	-0.00022251 0.00234182 -0.400114	
13.07	-0.000221774 0.00233313 -0.400111	
13.08	-0.000221769 0.00233307 -0.400111	
13.09	-0.000221752 0.00233286 -0.400111	
13.1	-0.000221752 0.00233286 -0.400111	
13.11	-0.000221734 0.00233266 -0.400111	
13.12	-0.000221752 0.00233286 -0.400111	
13.13	-0.00022174 0.00233272 -0.400111	
13.14	-0.000221734 0.00233266 -0.400111	
13.15	-0.000221752 0.00233286 -0.400111	
13.16	-0.000221739 0.00233271 -0.400111	
13.17	-0.000220998 0.00232396 -0.400108	
13.18	-0.000220998 0.00232396 -0.400108	
13.19	-0.000220743 0.00232095 -0.400107	
13.2	-0.000220743 0.00232095 -0.400107	
13.21	-0.000220761 0.00232116 -0.400107	
13.22	-0.000221484 0.0023297 -0.40011	
13.23	-0.000221484 0.0023297 -0.40011	
13.24	-0.000220487 0.00231793 -0.400105	
13.25	-0.000220487 0.00231792 -0.400105	
13.26	-0.00022025 0.00231513 -0.400104	
13.27	-0.000220013 0.00231233 -0.400103	
13.28	-0.000220013 0.00231233 -0.400103	
13.29	-0.000219776 0.00230953 -0.400102	
13.3	-0.000219519 0.0023065 -0.400101	
13.31	-0.000219283 0.00230371 -0.4001	
13.32	-0.000218783 0.00229782 -0.400098	
13.33	-0.000218314 0.00229228 -0.400096	
13.34	-0.000218577 0.00229538 -0.400097	
13.35	-0.000217366 0.00228109 -0.400092	
13.36	-0.000216871 0.00227525 -0.40009	
13.37	-0.000216902 0.00227562 -0.40009	
13.38	-0.000215426 0.0022582 -0.400084	
13.39	-0.000215695 0.00226137 -0.400085	
13.4	-0.000214982 0.00225296 -0.400082	
13.41	-0.000215252 0.00225614 -0.400083	
13.42	-0.000215283 0.00225651 -0.400083	
13.43	-0.000216038 0.00226542 -0.400086	
13.44	-0.000217294 0.00228024 -0.400092	
13.45	-0.000217325 0.00228061 -0.400092	
13.46	-0.000219073 0.00230123 -0.400099	
13.47	-0.000219853 0.00231044 -0.400102	
13.48	-0.114809 0.716927 1.92619	
13.49	-0.388648 2.41469 7.63021	
13.5	-0.489008 3.0337 9.73587	
13.51	-0.408028 2.53089 7.88438	
13.52	-0.338947 2.10213 6.3739	
13.53	-0.280448 1.73916 5.14067	
13.54	-0.232983 1.44464 4.12965	
13.55	-0.194583 1.20633 3.30009	
13.56	-0.161518 1.00123 2.62439	
13.57	-0.134974 0.83654 2.06944	
13.58	-0.111991 0.69402 1.61789	
13.59	-0.0924482 0.572877 1.24964	
13.6	-0.0765653 0.474411 0.947688	
13.61	-0.0635166 0.393519 0.700523	
13.62	-0.0524453 0.324905 0.498991	
13.63	-0.0435212 0.269591 0.333591	
13.64	-0.0359305 0.222556 0.198746	
13.65	-0.0297369 0.184178 0.0883327	
13.66	-0.0245318 0.151931 -0.00180104	
13.67	-0.0202808 0.125595 -0.0756744	
13.68	-0.0167444 0.103688 -0.136019	
13.69	-0.0138665 0.0858598 -0.185503	
13.7	-0.0114579 0.0709412 -0.225907	
13.71	-0.00948523 0.058723 -0.258995	
13.72	-0.00785082 0.0486006 -0.286047	
13.73	-0.0064845 0.0401399 -0.308132	
13.74	-0.00537744 0.033284 -0.326257	
13.75	-0.00444458 0.0275082 -0.34103	
13.76	-0.00366978 0.0227115 -0.353098	
13.77	-0.00304621 0.0188506 -0.363016	
13.78	-0.00251429 0.0155581 -0.371078	
13.79	-0.00208643 0.0129094 -0.377705	
13.8	-0.0017375 0.0107492 -0.383139	
13.81	-0.00143634 0.00888548 -0.387543	
13.82	-0.00118979 0.00735974 -0.391151	
13.83	-0.000986682 0.00610283 -0.394103	
13.84	-0.000817139 0.00505379 -0.39651	
13.85	-0.000676618 0.00418441 -0.398477	
13.86	-0.000559369 0.00345909 -0.40008	
13.87	-0.000462634 0.00286071 -0.401392	
13.88	-0.000468613 0.00289744 -0.401412	
13.89	-0.000473155 0.00292534 -0.401428	
13.9	-0.000478022 0.00295524 -0.401446	
13.91	-0.000484007 0.002992 -0.401467	
13.92	-0.00048765 0.00301438 -0.401481	
13.93	-0.000492822 0.00304615 -0.4015	
13.94	-0.000497263 0.00307343 -0.401517	
13.95	-0.000500571 0.00309375 -0.401529	
13.96	-0.000504849 0.00312002 -0.401546	
13.97	-0.000507996 0.00313935 -0.401558	
13.98	-0.000510307 0.00315354 -0.401567	
13.99	-0.000513602 0.00317378 -0.40158	
14	-0.000515639 0.0031863 -0.401588	
14.01	-0.000517938 0.00320041 -0.401597	
14.02	-0.000520354 0.00321525 -0.401607	
14.03	-0.000521418 0.00322179 -0.401611	
14.04	-0.000523584 0.00323509 -0.40162	
14.05	-0.000525135 0.00324462 -0.401626	
14.06	-0.000525011 0.00324386 -0.401626	
14.07	-0.000527861 0.00326136 -0.401638	
14.08	-0.000528205 0.00326347 -0.401639	
14.09	-0.000528894 0.0032677 -0.401642	
14.1	-0.000530315 0.00327643 -0.401648	
14.11	-0.000532221 0.00328814 -0.401656	
14.12	-0.000532421 0.00328936 -0.401657	
14.13	-0.000532908 0.00329236 -0.401658	
14.14	-0.000533594 0.00329657 -0.401661	
14.15	-0.00053428 0.00330078 -0.401664	
14.16	-0.000537231 0.00331891 -0.401676	
14.17	-0.000537573 0.00332101 -0.401678	
14.18	-0.000538257 0.0033252 -0.401681	
14.19	-0.00053894 0.0033294 -0.401684	
14.2	-0.000540813 0.0033409 -0.401691	
14.21	-0.000540768 0.00334063 -0.401691	
14.22	-0.00054145 0.00334481 -0.401694	
14.23	-0.000542151 0.00334912 -0.401697	
14.24	-0.000543273 0.00335601 -0.401702	
14.25	-0.000543248 0.00335586 -0.401702	
14.26	-0.000543929 0.00336004 -0.401705	
14.27	-0.000544728 0.00336495 -0.401708	
14.28	-0.000545049 0.00336692 -0.401709	
14.29	-0.000545866 0.00337194 -0.401713	
14.3	-0.000545598 0.00337029 -0.401712	
14.31	-0.000545938 0.00337238 -0.401713	
14.32	-0.000546393 0.00337518 -0.401715	
14.33	-0.000546142 0.00337363 -0.401714	
14.34	-0.000545417 0.00336918 -0.401711	
14.35	-0.000545981 0.00337264 -0.401713	
14.36	-0.000546661 0.00337682 -0.401716	
14.37	-0.000547111 0.00337958 -0.401718	
14.38	-0.000547559 0.00338234 -0.40172	
14.39	-0.000548346 0.00338717 -0.401723	
14.4	-0.000547728 0.00338337 -0.40172	
14.41	-0.000548408 0.00338755 -0.401723	
14.42	-0.000547789 0.00338374 -0.401721	
14.43	-0.000548363 0.00338727 -0.401723	
14.44	-0.000549888 0.00339664 -0.40173	
14.45	-0.000549504 0.00339428 -0.401728	
14.46	-0.00054878 0.00338984 -0.401725	
14.47	-0.000549563 0.00339464 -0.401728	
14.48	-0.000550005 0.00339735 -0.40173	
14.49	-0.000550801 0.00340224 -0.401734	
14.5	-0.000550195 0.00339852 -0.401731	
14.51	-0.000550971 0.00340329 -0.401734	
14.52	-0.000550361 0.00339954 -0.401732	
14.53	-0.000550072 0.00339777 -0.401731	
14.54	-0.000549458 0.003394 -0.401728	
14.55	-0.000549182 0.0033923 -0.401727	
14.56	-0.000549065 0.00339159 -0.401726	
14.57	-0.000548868 0.00339037 -0.401725	
14.58	-0.000549648 0.00339516 -0.401729	
14.59	-0.000548036 0.00338526 -0.401722	
14.6	-0.000548549 0.00338841 -0.401724	
14.61	-0.0005479 0.00338443 -0.401722	
14.62	-0.000547084 0.00337941 -0.401718	
14.63	-0.0005461 0.00337337 -0.401714	
14.64	-0.000545115 0.00336732 -0.40171	
14.65	-0.000544535 0.00336376 -0.401708	
14.66	-0.000544615 0.00336425 -0.401708	
14.67	-0.000543621 0.00335815 -0.401704	
14.68	-0.000543295 0.00335614 -0.401703	
14.69	-0.000542639 0.00335212 -0.4017	
14.7	-0.000541981 0.00334808 -0.401698	
14.71	-0.000541322 0.00334402 -0.401695	
14.72	-0.000539927 0.00333546 -0.40169	
14.73	-0.000539194 0.00333096 -0.401687	
14.74	-0.000539202 0.00333101 -0.401687	
14.75	-0.000538866 0.00332894 -0.401686	
14.76	-0.000537067 0.00331789 -0.401678	
14.77	-0.000535699 0.00330949 -0.401673	
14.78	-0.000533945 0.00329872 -0.401666	
14.79	-0.000533242 0.0032944 -0.401663	
14.8	-0.000531434 0.0032833 -0.401656	
14.81	-0.000529311 0.00327025 -0.401647	
14.82	-0.000527182 0.00325718 -0.401639	
14.83	-0.000523958 0.00323738 -0.401626	
14.84	-0.000521788 0.00322405 -0.401617	
14.85	-0.000519631 0.0032108 -0.401609	
14.86	-0.000516397 0.00319094 -0.401596	
14.87	-0.000514629 0.00318008 -0.40159	
14.88	-0.000511717 0.00316219 -0.401579	
14.89	-0.000508798 0.00314426 -0.401568	
14.9	-0.000505836 0.00312607 -0.401556	
14.91	-0.000502935 0.00310825 -0.401546	
14.92	-0.00049959 0.0030877 -0.401534	
14.93	-0.000496964 0.00307157 -0.401524	
14.94	-0.000494718 0.00305777 -0.401516	
14.95	-0.000492062 0.00304146 -0.401506	
14.96	-0.000490162 0.00302979 -0.4015	
14.97	-0.000487853 0.0030156 -0.401491	
14.98	-0.000486278 0.00300592 -0.401486	
14.99	-0.000483219 0.00298713 -0.401475	
15	-0.000479768 0.00296594 -0.401463	
15.01	-0.000477077 0.0029494 -0.401454	
15.02	-0.00047474 0.00293505 -0.401446	
15.03	-0.000470544 0.00290927 -0.401431	
15.04	-0.000467421 0.00289008 -0.401421	
15.05	-0.000463579 0.00286648 -0.401408	
15.06	-0.000460084 0.002845 -0.401397	
15.07	-0.000457349 0.0028282 -0.401388	
15.08	-0.000453463 0.00280433 -0.401375	
15.09	-0.000449933 0.00278264 -0.401364	
15.1	-0.000444876 0.00275157 -0.401347	
15.11	-0.000441319 0.00272972 -0.401336	
15.12	-0.000437025 0.00270334 -0.401322	
15.13	-0.000432711 0.00267683 -0.401308	
15.14	-0.000428764 0.00265258 -0.401296	
15.15	-0.000422112 0.00261171 -0.401276	
15.16	-0.000418187 0.0025876 -0.401264	
15.17	-0.000409942 0.00253693 -0.401239	
15.18	-0.00040481 0.0025054 -0.401224	
15.19	-0.00039812 0.00246429 -0.401205	
15.2	-0.000392956 0.00243256 -0.40119	
15.21	-0.000387786 0.00240079 -0.401175	
15.22	-0.000382229 0.00236664 -0.40116	
15.23	-0.00037665 0.00233236 -0.401145	
15.24	-0.000372634 0.00230768 -0.401135	
15.25	-0.000369806 0.0022903 -0.401128	
15.26	-0.000365778 0.00226554 -0.401117	
15.27	-0.000361356 0.00223837 -0.401106	
15.28	-0.000355726 0.00220377 -0.401092	
15.29	-0.000348874 0.00216166 -0.401074	
15.3	-0.000345241 0.00213933 -0.401066	
15.31	-0.000339185 0.00210211 -0.401051	
15.32	-0.000333107 0.00206476 -0.401037	
15.33	-0.000327851 0.00203245 -0.401024	
15.34	0.132375 -1.73571 -5.44705	
15.35	0.212152 -1.77219 -5.75685	
15.36	0.16995 -1.41103 -4.80325	
15.37	0.137402 -1.13668 -4.01425	
15.38	0.110443 -0.908772 -3.3691	
15.39	0.0890552 -0.729472 -2.83802	
15.4	0.0719748 -0.587251 -2.40144	
15.41	0.057987 -0.470788 -2.04381	
15.42	0.0467147 -0.377355 -1.75023	
15.43	0.037758 -0.30375 -1.50881	
15.44	0.0303134 -0.242318 -1.31141	
15.45	0.0245282 -0.195305 -1.1487	
15.46	0.0196605 -0.155433 -1.01582	
15.47	0.0158495 -0.124635 -0.906427	
15.48	0.0127749 -0.0999043 -0.816683	
15.49	-0.11558 1.77654 7.19978	
15.5	-0.0941653 1.44774 5.82479	
15.51	-0.0767224 1.17986 4.6983	
15.52	-0.0626584 0.963708 3.77486	
15.53	-0.0508213 0.782013 3.01975	
15.54	-0.0415624 0.639586 2.39969	
15.55	-0.0338998 0.521774 1.89215	
15.56	-0.0275793 0.424628 1.47664	
15.57	-0.0224217 0.345343 1.13626	
15.58	-0.0182192 0.280723 0.857403	
15.59	-0.0149453 0.230262 0.628416	
15.6	-0.0121088 0.186659 0.441426	
15.61	-0.00982871 0.151579 0.288128	
15.62	-0.00797539 0.123054 0.162525	
15.63	-0.00649331 0.100217 0.0595213	
15.64	-12.0976 -0.835101 0.341937	
15.65	-9.90984 -0.667114 0.200026	
15.66	-8.11408 -0.546386 0.0900429	
15.67	-6.64438 -0.450953 0.00130855	
15.68	-5.44216 -0.370942 -0.0720134	
15.69	-4.45692 -0.305965 -0.131877	
15.7	-3.65021 -0.252482 -0.180999	
15.71	-2.99005 -0.20781 -0.221541	
15.72	-3.586 0.0747809 1.41218	
15.73	-2.93743 0.0628001 1.08252	
15.74	-2.63296 0.112211 1.21078	
15.75	-2.2212 0.648504 3.62706	
15.76	-1.53243 0.832697 4.13668	
15.77	-0.602486 1.68287 7.81921	
15.78	-0.330219 1.62665 7.29405	
15.79	0.0985692 2.19375 9.83678	
15.8	0.155251 2.00532 8.74497	
15.81	0.31045 2.42774 10.7101	
15.82	0.286773 2.13408 9.23817	
15.83	0.336061 2.3413 10.1375	
15.84	0.316863 2.21884 9.55071	
15.85	0.288328 2.19564 9.43652	
15.86	0.25094 2.06651 8.87242	
15.87	0.203905 1.86658 7.87818	
15.88	0.198498 2.03014 8.73474	
15.89	0.161463 1.67216 7.07774	
15.9	0.13187 1.37265 5.7222	
15.91	0.107737 1.12647 4.61221	
15.92	0.0885033 0.920298 3.70426	
15.93	0.0726229 0.75254 2.96037	
15.94	0.0594033 0.616972 2.35068	
15.95	0.0475221 0.595503 2.26955	
15.96	0.0387936 0.488805 1.78479	
15.97	0.0320606 0.397861 1.38864	
15.98	0.0264891 0.323867 1.06406	
15.99	0.021668 0.265475 0.797704	
16	0.0179739 0.215472 0.58008	
16.01	0.0148757 0.175142 0.401693	
16.02	0.01212 0.143983 0.255147	
16.03	0.00990474 0.118107 0.135212	
16.04	0.00807649 0.0970345 0.0369557	
16.05	0.0110703 0.375132 1.33811	
16.06	0.00642467 0.572957 2.25585	
16.07	0.0104079 0.71857 2.91929	
16.08	0.0191154 1.05261 4.5402	
16.09	0.0145695 0.886094 3.70448	
16.1	0.0359696 1.66369 7.50422	
16.11	0.0272042 1.38185 6.06768	
16.12	0.0102864 1.97888 9.06427	
16.13	0.00638845 1.63803 7.34587	
16.14	0.0197691 2.14728 9.89624	
16.15	-0.00886202 1.95026 8.89139	
16.16	-1.54207 2.00078 9.93601	
16.17	-1.1235 2.14158 10.8391	
16.18	-0.930036 2.25716 11.6056	
16.19	-0.855512 2.63177 14.1177	
16.2	-0.751921 2.45114 13.0237	
16.21	-0.811679 2.92185 16.1053	
16.22	-1.40209 2.55602 14.1364	
16.23	-4.10821 2.6271 16.408	
16.24	-3.81781 2.31166 14.1013	
16.25	-4.46274 2.88171 18.4277	
16.26	-3.68595 2.47344 14.9888	
16.27	-3.26971 3.45239 21.0463	
16.28	-2.70531 2.92934 17.1382	
16.29	-2.22834 2.44657 13.9501	
16.3	-1.837 2.04896 11.3386	
16.31	-1.51024 1.69957 9.2069	
16.32	-1.24134 1.40856 7.46247	
16.33	-1.0173 1.15578 6.0381	
16.34	-0.834085 0.950163 4.87014	
16.35	-0.683851 0.780876 3.91437	
16.36	-0.560825 0.642321 3.13149	
16.37	-0.459399 0.526248 2.49125	
16.38	-0.376288 0.431133 1.96663	
16.39	-0.30833 0.353601 1.53697	
16.4	-0.252767 0.290496 1.18488	
16.41	-0.207509 0.239797 0.896119	
16.42	-0.169962 0.196427 0.660228	
16.43	-0.139642 0.16251 0.466636	
16.44	-0.114497 0.133574 0.308361	
16.45	-0.0938148 0.109548 0.178814	
16.46	-0.0770618 0.0905604 0.0725429	
16.47	-0.0631725 0.0743814 -0.0143331	
16.48	-0.0517883 0.0611043 -0.0854955	
16.49	-0.0424514 0.0501765 -0.143752	
16.5	-0.0348208 0.0412926 -0.191494	
16.51	-0.0284933 0.0337315 -0.230536	
16.52	-0.0233205 0.0275614 -0.262486	
16.53	-0.0191382 0.0227152 -0.288718	
16.54	-0.0156972 0.0186894 -0.310192	
16.55	-0.0128817 0.0154011 -0.327778	
16.56	-0.0105516 0.0126193 -0.342163	
16.57	-0.00864233 0.0103366 -0.35394	
16.58	-0.00708309 0.00848421 -0.363592	
16.59	-0.00580159 0.00695037 -0.371492	
16.6	-0.00476501 0.00574403 -0.377979	
16.61	-0.00390436 0.00470985 -0.383273	
16.62	-0.00319868 0.00386199 -0.387615	
16.63	-0.00261754 0.00315402 -0.391162	
16.64	-0.00214394 0.00258372 -0.394072	
16.65	-0.00175817 0.00212455 -0.396458	
16.66	-0.00143737 0.00173044 -0.398407	
16.67	-0.00117545 0.00141027 -0.400003	
16.68	-0.000962632 0.00115531 -0.401314	
16.69	-0.00096064 0.00114757 -0.401311	
16.7	-0.000960712 0.0011478 -0.401311	
16.71	-0.000961596 0.00115137 -0.401313	
16.72	-0.000959604 0.00114362 -0.40131	
16.73	-0.000959675 0.00114386 -0.40131	
16.74	-0.000958719 0.00114058 -0.40131	
16.75	-0.000959156 0.00114189 -0.40131	
16.76	-0.000957976 0.00113748 -0.401308	
16.77	-0.000958638 0.00113992 -0.401309	
16.78	-0.000956867 0.0011333 -0.401307	
16.79	-0.000957529 0.00113574 -0.401308	
16.8	-0.000957796 0.00113688 -0.401308	
16.81	-0.000955799 0.00112912 -0.401306	
16.82	-0.000956687 0.0011327 -0.401307	
16.83	-0.000954688 0.00112495 -0.401304	
16.84	-0.000955577 0.00112852 -0.401306	
16.85	-0.784155 3.40625 19.3183	
16.86	-0.663267 2.8698 15.7274	
16.87	-0.558363 2.40803 12.7933	
16.88	-0.462248 1.99101 10.3992	
16.89	-0.386692 1.66152 8.43587	
16.9	-1.76801 1.72999 9.42454	
16.91	-1.71874 1.51919 8.18475	
16.92	-1.92455 2.04617 10.8617	
16.93	-1.57948 1.75045 9.0542	
16.94	-1.26079 1.49815 7.53456	
16.95	-0.960065 1.99974 10.2804	
16.96	-0.790727 1.65875 8.34074	
16.97	-0.743884 1.80674 9.23918	
16.98	-0.689244 1.80794 9.25126	
16.99	-0.686357 1.99494 10.4009	
17	-0.615858 1.9146 9.90137	
17.01	-0.64169 2.29618 12.1171	
17.02	-0.584464 2.26292 11.9595	
17.03	-0.572113 2.44302 13.002	
17.04	-0.589715 2.69589 14.4838	
17.05	-0.563226 2.65883 14.3159	
17.06	-0.59682 2.84609 15.3384	
17.07	-0.657028 3.08236 16.9009	
17.08	-0.6502 2.98584 16.15	
17.09	-0.549678 2.5115 13.1393	
17.1	-0.464763 2.11298 10.6728	
17.11	-0.388196 1.75959 8.66023	
17.12	-0.322983 1.46056 7.01511	
17.13	-0.268901 1.21302 5.66674	
17.14	-0.223266 1.00515 4.56466	
17.15	-0.185053 0.831669 3.66262	
17.16	-0.153165 0.687316 2.92441	
17.17	-0.125806 0.564312 2.32098	
17.18	-0.103967 0.465748 1.82604	
17.19	-0.0852589 0.381872 1.42172	
17.2	-0.0707893 0.316454 1.08974	
17.21	-0.0579927 0.25924 0.818838	
17.22	-0.0474916 0.212301 0.596932	
17.23	-0.03921 0.175083 0.414869	
17.24	-0.0319532 0.14278 0.266264	
17.25	-0.0264222 0.117908 0.144109	
17.26	-0.0213871 0.0955952 0.0445727	
17.27	-0.0176454 0.0787897 -0.0373386	
17.28	-0.0144065 0.064355 -0.10426	
17.29	-0.0118072 0.052739 -0.159094	
17.3	-0.00963397 0.0430543 -0.203971	
17.31	-0.00789473 0.0352791 -0.240757	
17.32	-0.00643081 0.0287588 -0.270865	
17.33	-0.00528016 0.0236047 -0.295561	
17.34	-0.00429879 0.0192337 -0.315746	
17.35	-0.00350837 0.0157048 -0.332299	
17.36	-0.00288045 0.0128896 -0.345867	
17.37	-0.00234944 0.0105196 -0.356962	
17.38	-0.00192992 0.00863748 -0.366072	
17.39	-0.00157744 0.00706197 -0.373518	
17.4	-0.00128992 0.00577597 -0.379623	
17.41	-0.00106332 0.004757 -0.384627	
17.42	-0.00086914 0.00388936 -0.388719	
17.43	-0.000710713 0.00318108 -0.392071	
17.44	-0.000582357 0.00260635 -0.394818	
17.45	-0.000479049 0.00214269 -0.397068	
17.46	-0.000390751 0.00174875 -0.398908	
17.47	-0.00031937 0.00142971 -0.400415	
17.48	-0.000320916 0.00143564 -0.400417	
17.49	-0.000320916 0.00143564 -0.400417	
17.5	-0.000320255 0.0014331 -0.400416	
17.51	-0.000322185 0.00144054 -0.400417	
17.52	-0.000321673 0.00143856 -0.400417	
17.53	-0.000321157 0.00143655 -0.400418	
17.54	-0.000320495 0.00143401 -0.400417	
17.55	-0.000324649 0.00144998 -0.400421	
17.56	-0.000322573 0.001442 -0.400419	
17.57	-0.000324504 0.00144945 -0.40042	
17.58	-0.000322589 0.00144206 -0.400419	
17.59	-0.000324649 0.00144998 -0.400421	
17.6	-0.000324649 0.00144998 -0.400421	
17.61	-0.000326726 0.00145797 -0.400423	
17.62	-0.000324649 0.00144998 -0.400421	
17.63	-0.000324649 0.00144998 -0.400421	
17.64	-0.000324649 0.00144998 -0.400421	
17.65	-0.000324649 0.00144998 -0.400421	
17.66	-0.000326726 0.00145797 -0.400423	
17.67	-0.000326726 0.00145797 -0.400423	
17.68	-0.000328801 0.00146595 -0.400425	
17.69	-0.000328801 0.00146595 -0.400425	
17.7	-0.000330876 0.00147393 -0.400427	
17.71	-0.000330876 0.00147393 -0.400427	
17.72	-0.000330892 0.00147398 -0.400428	
17.73	-0.00033229 0.00147936 -0.400429	
17.74	-0.000331629 0.00147682 -0.400428	
17.75	-0.000333043 0.00148226 -0.40043	
17.76	-0.000334456 0.00148769 -0.400431	
17.77	-0.000333136 0.00148262 -0.40043	
17.78	-0.000333889 0.00148551 -0.40043	
17.79	-0.000332583 0.00148049 -0.400429	
17.8	-0.000333321 0.00148333 -0.40043	
17.81	-0.000333429 0.00148375 -0.40043	
17.82	-0.000334182 0.00148664 -0.400431	
17.83	-0.000334935 0.00148954 -0.400431	
17.84	-0.000337745 0.00150035 -0.400434	
17.85	-0.000341229 0.00151374 -0.400438	
17.86	-0.000342657 0.00151923 -0.400439	
17.87	-0.000345482 0.00153009 -0.400442	
17.88	-0.000348962 0.00154347 -0.400446	
17.89	0.608508 -3.39554 -13.2743	
17.9	1.02996 -2.58815 -10.6673	
17.91	0.842338 -2.11412 -8.81225	
17.92	0.691397 -1.73841 -7.28906	
17.93	0.438092 -2.27356 -8.88848	
17.94	0.360104 -1.86894 -7.35155	
17.95	0.294739 -1.52968 -6.09496	
17.96	0.243975 -1.26645 -5.06142	
17.97	0.201059 -1.04378 -4.21682	
17.98	0.167005 -0.867197 -3.52329	
17.99	0.72729 -3.05198 -11.4838	
18	0.598253 -2.50992 -9.47639	
18.01	0.495406 -2.07722 -7.82678	
18.02	0.407106 -1.70669 -6.48217	
18.03	0.335972 -1.40792 -5.37938	
18.04	0.276707 -1.15923 -4.47739	
18.05	0.229483 -0.960774 -3.73654	
18.06	0.189904 -0.794649 -3.13104	
18.07	0.157223 -0.657535 -2.63547	
18.08	0.129666 -0.542096 -2.23076	
18.09	0.1073 -0.448358 -1.89883	
18.1	0.0884261 -0.369379 -1.62796	
18.11	0.0729029 -0.304433 -1.40607	
18.12	0.0600972 -0.250877 -1.22461	
18.13	0.0496665 -0.207244 -1.07603	
18.14	0.0410017 -0.171022 -0.95444	
18.15	0.0338403 -0.1411 -0.85501	
18.16	0.0278635 -0.116149 -0.773694	
18.17	0.0230859 -0.0961815 -0.706961	
18.18	0.0190089 -0.0791755 -0.652524	
18.19	0.0156484 -0.0651629 -0.608005	
18.2	0.0128824 -0.0536321 -0.571569	
18.21	0.0106714 -0.0444038 -0.541639	
18.22	0.00878671 -0.0365527 -0.517222	
18.23	0.00723286 -0.0300818 -0.497259	
18.24	0.00598908 -0.0248967 -0.48087	
18.25	0.00496057 -0.0206107 -0.467446	
18.26	0.00408295 -0.0169605 -0.456516	
18.27	0.00338048 -0.0140357 -0.447536	
18.28	0.00278286 -0.0115518 -0.440214	
18.29	0.00229567 -0.00952643 -0.434219	
18.3	0.00188927 -0.00783835 -0.42932	
18.31	0.00155449 -0.00644812 -0.425314	
18.32	0.0012781 -0.00530073 -0.422032	
18.33	0.00105398 -0.00436997 -0.419344	
18.34	0.000865505 -0.00358809 -0.417148	
18.35	0.000710433 -0.00294495 -0.415353	
18.36	0.000584595 -0.00242283 -0.41388	
18.37	0.00133227 -0.0111947 -0.433658	
18.38	0.00109254 -0.00920351 -0.428861	
18.39	0.000895814 -0.00756441 -0.424934	
18.4	0.000734829 -0.0062241 -0.421718	
18.41	0.00060277 -0.00512115 -0.419087	
18.42	0.000494168 -0.0042084 -0.416934	
18.43	0.000405245 -0.00345989 -0.415173	
18.44	0.000332131 -0.00284074 -0.413732	
18.45	0.000272001 -0.00232677 -0.412556	
18.46	0.000271989 -0.00232697 -0.412556	
18.47	0.000271974 -0.00232717 -0.412555	
18.48	0.000272123 -0.00233134 -0.412552	
18.49	0.0002719 -0.00232575 -0.412555	
18.5	0.000271726 -0.00232182 -0.412556	
18.51	0.00027163 -0.00231984 -0.412557	
18.52	0.000271456 -0.0023159 -0.412558	
18.53	0.000271084 -0.00230645 -0.412562	
18.54	0.000271164 -0.00230872 -0.412561	
18.55	0.00027057 -0.00229353 -0.412568	
18.56	0.000270062 -0.00228138 -0.412573	
18.57	0.000269529 -0.00226897 -0.412578	
18.58	0.00026896 -0.00225526 -0.412583	
18.59	0.000268547 -0.00224538 -0.412587	
18.6	0.000267465 -0.00221917 -0.412598	
18.61	0.000266717 -0.00220116 -0.412605	
18.62	0.000266203 -0.00218921 -0.41261	
18.63	0.00026511 -0.0021631 -0.41262	
18.64	0.000264488 -0.00214789 -0.412627	
18.65	0.000263215 -0.00211773 -0.412638	
18.66	0.000261225 -0.00207117 -0.412655	
18.67	0.000260123 -0.00204428 -0.412667	
18.68	0.000258324 -0.00200215 -0.412682	
18.69	0.000257069 -0.00197264 -0.412693	
18.7	0.000255759 -0.00194247 -0.412704	
18.71	0.000254318 -0.00190903 -0.412716	
18.72	0.000253129 -0.00188158 -0.412725	
18.73	0.000251251 -0.00183878 -0.41274	
18.74	0.000249515 -0.00179908 -0.412753	
18.75	0.000247974 -0.00176451 -0.412764	
18.76	0.000246788 -0.00173739 -0.412773	
18.77	0.00024487 -0.00169476 -0.412785	
18.78	0.000243157 -0.00165645 -0.412797	
18.79	0.000242151 -0.00163362 -0.412805	
18.8	0.000240642 -0.00160023 -0.412814	
18.81	0.000239233 -0.00156967 -0.412822	
18.82	0.000237786 -0.00153792 -0.412831	
18.83	0.000236628 -0.00151264 -0.412838	
18.84	0.000235445 -0.00148696 -0.412845	
18.85	0.000233961 -0.00145476 -0.412853	
18.86	0.000232501 -0.00142316 -0.412861	
18.87	0.000231293 -0.00139732 -0.412867	
18.88	0.00022989 -0.00136731 -0.412875	
18.89	0.000228381 -0.00133541 -0.412882	
18.9	0.000227243 -0.00131152 -0.412887	
18.91	0.000226118 -0.00128773 -0.412892	
18.92	0.000224746 -0.00125847 -0.412899	
18.93	0.000223501 -0.0012325 -0.412904	
18.94	0.000222259 -0.00120658 -0.41291	
18.95	0.000220193 -0.00116379 -0.412918	
18.96	0.000218987 -0.00113836 -0.412923	
18.97	0.000217718 -0.00111236 -0.412928	
18.98	0.000216369 -0.00108466 -0.412933	
18.99	0.000214682 -0.00105023 -0.412939	
19	0.00021356 -0.00102689 -0.412943	
19.01	0.000212195 -0.00099921 -0.412948	
19.02	0.000211336 -0.000982015 -0.41295	
19.03	0.000210148 -0.00095816 -0.412954	
19.04	0.000208661 -0.000928271 -0.412958	
19.05	0.000207377 -0.000902655 -0.412961	
19.06	0.000207054 -0.000896449 -0.412962	
19.07	0.000206446 -0.000883934 -0.412964	
19.08	0.000205503 -0.000865126 -0.412967	
19.09	0.000204971 -0.000854682 -0.412968	
19.1	0.000204651 -0.000848491 -0.412968	
19.11	0.000204516 -0.000845515 -0.412969	
19.12	0.000203766 -0.000830514 -0.412971	
19.13	0.000203694 -0.0008293 -0.412971	
19.14	0.000203387 -0.000823148 -0.412972	
19.15	0.000203111 -0.000817287 -0.412973	
19.16	0.000202793 -0.000811079 -0.412974	
19.17	0.000202314 -0.000801687 -0.412975	
19.18	0.000202232 -0.000799615 -0.412976	
19.19	0.000201611 -0.000787407 -0.412977	
19.2	0.000201073 -0.000777274 -0.412977	
19.21	0.000200879 -0.000773474 -0.412978	
19.22	0.000200481 -0.000765298 -0.412979	
19.23	0.000200355 -0.000763346 -0.412979	
19.24	0.000200287 -0.000762035 -0.412979	
19.25	0.000200335 -0.000762691 -0.412979	
19.26	0.000200711 -0.000770112 -0.412978	
19.27	0.00020091 -0.000774579 -0.412977	
19.28	0.000201358 -0.000783425 -0.412976	
19.29	0.000201951 -0.00079522 -0.412974	
19.3	0.000202516 -0.000806254 -0.412973	
19.31	0.000202822 -0.000812389 -0.412972	
19.32	0.000204013 -0.000835576 -0.41297	
19.33	0.000204896 -0.000853076 -0.412968	
19.34	0.000205709 -0.000869832 -0.412965	
19.35	0.000206884 -0.000892686 -0.412963	
19.36	0.000207502 -0.00090516 -0.412961	
19.37	0.000208619 -0.000927447 -0.412958	
19.38	0.00020961 -0.000947255 -0.412955	
19.39	0.000209908 -0.000953249 -0.412954	
19.4	0.000210249 -0.00095947 -0.412955	
19.41	0.000210446 -0.000963474 -0.412954	
19.42	0.000211085 -0.000976217 -0.412952	
19.43	0.000211083 -0.000975661 -0.412953	
19.44	0.000211239 -0.000979104 -0.412952	
19.45	0.000211219 -0.000978187 -0.412953	
19.46	0.000211434 -0.000981905 -0.412953	
19.47	0.000211931 -0.000991822 -0.412952	
19.48	0.000211995 -0.000992939 -0.412952	
19.49	0.000212419 -0.001001 -0.412952	
19.5	0.0002125 -0.00100217 -0.412952	
19.51	0.00021277 -0.0010075 -0.412952	
19.52	0.000212861 -0.00100873 -0.412953	
19.53	0.000213228 -0.00101624 -0.412951	
19.54	0.000213277 -0.00101714 -0.412951	
19.55	0.000213567 -0.00102295 -0.41295	
19.56	0.000213499 -0.00102154 -0.412951	
19.57	0.000213588 -0.00102275 -0.412951	
19.58	0.000213744 -0.0010259 -0.412951	
19.59	0.000213401 -0.00101831 -0.412953	
19.6	0.000213453 -0.00101934 -0.412953	
19.61	0.000213089 -0.00101178 -0.412954	
19.62	0.000212757 -0.00100439 -0.412957	
19.63	0.000212927 -0.00100773 -0.412956	
19.64	0.000212672 -0.00100256 -0.412957	
19.65	0.000212396 -0.00099691 -0.412958	
19.66	0.000212242 -0.000993307 -0.412959	
19.67	0.000211762 -0.000983558 -0.412961	
19.68	0.000211945 -0.000986915 -0.412961	
19.69	0.000212106 -0.000990198 -0.412961	
19.7	0.000211937 -0.000986795 -0.412961	
19.71	0.000212098 -0.000990081 -0.41296	
19.72	0.000212155 -0.000990828 -0.412961	
19.73	0.00021209 -0.000989541 -0.412961	
19.74	0.000212026 -0.000988256 -0.412961	
19.75	0.000211983 -0.000987029 -0.412962	
19.76	0.000211939 -0.0009858 -0.412963	
19.77	0.000211979 -0.00098663 -0.412963	
19.78	0.000211389 -0.000974204 -0.412965	
19.79	0.000211449 -0.000975088 -0.412966	
19.8	0.000211078 -0.000967074 -0.412968	
19.81	0.000211377 -0.000972749 -0.412967	
19.82	0.000211109 -0.000966848 -0.412969	
19.83	0.000211062 -0.00096569 -0.41297	
19.84	0.000210774 -0.000959735 -0.412971	
19.85	0.000210615 -0.000956104 -0.412972	
19.86	0.000210567 -0.000954947 -0.412972	
19.87	0.000210279 -0.000948987 -0.412974	
19.88	0.000210443 -0.000951886 -0.412974	
19.89	0.000210047 -0.000943899 -0.412975	
19.9	0.00021009 -0.000944632 -0.412975	
19.91	0.000210129 -0.000945462 -0.412975	
19.92	0.000209954 -0.000941887 -0.412976	
19.93	0.000209673 -0.00093619 -0.412976	
19.94	0.000209375 -0.000930158 -0.412977	
19.95	0.000209432 -0.000931323 -0.412977	
19.96	0.000209272 -0.000927773 -0.412978	
19.97	0.000209307 -0.000928746 -0.412978	
19.98	0.000208927 -0.000921091 -0.412979	
19.99	0.000208783 -0.000917864 -0.41298	
20	0.000208589 -0.000913951 -0.41298	
20.01	0.000208341 -0.000908911 -0.412981	
20.02	0.000208059 -0.000903205 -0.412982	
20.03	0.000208026 -0.000902255 -0.412983	
20.04	0.00020776 -0.000896877 -0.412984	
20.05	0.000207409 -0.000889547 -0.412985	
20.06	0.000206913 -0.000879582 -0.412986	
20.07	0.000206759 -0.000876494 -0.412987	
20.08	0.00020632 -0.000867195 -0.412989	
20.09	0.000206172 -0.000864281 -0.412989	
20.1	0.000205588 -0.000852346 -0.412991	
20.11	0.000205671 -0.000853906 -0.412991	
20.12	0.000205412 -0.00084853 -0.412992	
20.13	0.000205165 -0.000843142 -0.412994	
20.14	0.000205373 -0.000847121 -0.412994	
20.15	0.000205556 -0.000850591 -0.412993	
20.16	0.000206075 -0.00086065 -0.412993	
20.17	0.000206152 -0.000861992 -0.412993	
20.18	0.000206571 -0.000870111 -0.412992	
20.19	0.000206964 -0.000877981 -0.412991	
20.2	0.000207241 -0.000883468 -0.41299	
20.21	0.000207539 -0.000889052 -0.41299	
20.22	0.000207937 -0.000896985 -0.412989	
20.23	0.000208343 -0.000904985 -0.412988	
20.24	0.000209048 -0.000919043 -0.412986	
20.25	0.000209549 -0.000928773 -0.412985	
20.26	0.000210462 -0.000947073 -0.412983	
20.27	0.000211824 -0.000974362 -0.412979	
20.28	0.000212506 -0.000988075 -0.412977	
20.29	0.000213404 -0.00100628 -0.412974	
20.3	0.000213741 -0.00101317 -0.412973	
20.31	0.000214301 -0.00102461 -0.412971	
20.32	0.000214765 -0.00103392 -0.41297	
20.33	0.000246669 -0.00171103 -0.412815	
20.34	0.000246669 -0.00171103 -0.412815	
20.35	0.000246669 -0.00171103 -0.412815	
20.36	0.000246677 -0.00171121 -0.412814	
20.37	0.000246974 -0.00171786 -0.412812	
20.38	0.000246694 -0.00171158 -0.412814	
20.39	0.000246694 -0.00171158 -0.412814	
20.4	0.000246694 -0.00171158 -0.412814	
20.41	0.000246703 -0.00171176 -0.412814	
20.42	0.000246703 -0.00171176 -0.412814	
20.43	0.000246703 -0.00171176 -0.412814	
20.44	0.000246711 -0.00171195 -0.412814	
20.45	0.000246711 -0.00171195 -0.412814	
20.46	0.00024672 -0.00171214 -0.412814	
20.47	0.00024672 -0.00171214 -0.412814	
20.48	0.00024672 -0.00171214 -0.412814	
20.49	0.00024672 -0.00171214 -0.412814	
20.5	0.00024672 -0.00171214 -0.412814	
20.51	0.00024672 -0.00171214 -0.412814	
20.52	0.00024672 -0.00171214 -0.412814	
20.53	0.000246728 -0.00171232 -0.412814	
20.54	0.000246728 -0.00171232 -0.412814	
20.55	0.000246728 -0.00171232 -0.412814	
20.56	0.000246728 -0.00171232 -0.412814	
20.57	0.000246737 -0.00171251 -0.412814	
20.58	0.000246754 -0.00171289 -0.412814	
20.59	0.000246772 -0.00171328 -0.412814	
20.6	0.000246772 -0.00171328 -0.412814	
20.61	0.000246798 -0.00171386 -0.412814	
20.62	0.000246825 -0.00171445 -0.412814	
20.63	0.00024689 -0.00171587 -0.412813	
20.64	0.000247218 -0.00172324 -0.412811	
20.65	0.000246927 -0.0017167 -0.412813	
20.66	0.000246946 -0.00171712 -0.412813	
20.67	0.000246965 -0.00171755 -0.412813	
20.68	0.000246965 -0.00171755 -0.412813	
20.69	0.000246985 -0.00171798 -0.412813	
20.7	0.000246995 -0.0017182 -0.412813	
20.71	0.000247891 -0.00173837 -0.412806	
20.72	0.000247034 -0.00171907 -0.412812	
20.73	0.000247044 -0.00171929 -0.412812	
20.74	0.000247064 -0.00171974 -0.412812	
20.75	0.000247064 -0.00171974 -0.412812	
20.76	0.000247064 -0.00171974 -0.412812	
20.77	0.000247084 -0.00172019 -0.412812	
20.78	0.000247382 -0.00172687 -0.41281	
20.79	0.000247382 -0.00172687 -0.41281	
20.8	0.000248255 -0.00174653 -0.412804	
20.81	0.000247104 -0.00172064 -0.412812	
20.82	0.000247679 -0.00173356 -0.412808	
20.83	0.000248265 -0.00174676 -0.412804	
20.84	0.000247692 -0.00173385 -0.412808	
20.85	0.000247402 -0.00172733 -0.41281	
20.86	0.000247405 -0.0017274 -0.41281	
20.87	0.000247125 -0.0017211 -0.412812	
20.88	0.000247702 -0.00173408 -0.412808	
20.89	0.000247125 -0.0017211 -0.412812	
20.9	0.000247412 -0.00172756 -0.41281	
20.91	0.000247699 -0.00173402 -0.412808	
20.92	0.000247702 -0.00173408 -0.412808	
20.93	0.000247989 -0.00174053 -0.412806	
20.94	0.000247127 -0.00172117 -0.412812	
20.95	0.000247425 -0.00172785 -0.41281	
20.96	0.000247415 -0.00172762 -0.41281	
20.97	0.000247125 -0.0017211 -0.412812	
20.98	0.000247412 -0.00172756 -0.41281	
20.99	0.000247135 -0.00172133 -0.412812	
21	0.000247135 -0.00172133 -0.412812	
21.01	0.000247135 -0.00172133 -0.412812	
21.02	0.000247135 -0.00172133 -0.412812	
21.03	0.000247135 -0.00172133 -0.412812	
21.04	0.000247135 -0.00172133 -0.412812	
21.05	0.000247135 -0.00172133 -0.412812	
21.06	0.000247145 -0.00172156 -0.412811	
21.07	0.000247143 -0.0017215 -0.412812	
21.08	0.000247153 -0.00172173 -0.412811	
21.09	0.000246893 -0.00171592 -0.412813	
21.1	0.000247221 -0.00172327 -0.412811	
21.11	0.00024724 -0.00172369 -0.412811	
21.12	0.00024724 -0.00172369 -0.412811	
21.13	0.000247272 -0.00172441 -0.412811	
21.14	0.000247338 -0.00172589 -0.41281	
21.15	0.000247405 -0.00172741 -0.41281	
21.16	0.000247473 -0.00172896 -0.412809	
21.17	0.000247519 -0.00173001 -0.412809	
21.18	0.000247578 -0.00173134 -0.412808	
21.19	0.000247626 -0.00173243 -0.412808	
21.2	0.000247674 -0.00173353 -0.412808	
21.21	0.000247674 -0.00173353 -0.412808	
21.22	0.000247711 -0.00173437 -0.412807	
21.23	0.000247748 -0.00173522 -0.412807	
21.24	0.000247772 -0.00173579 -0.412807	
21.25	0.00024781 -0.00173665 -0.412807	
21.26	0.000247845 -0.00173748 -0.412806	
21.27	0.000247283 -0.00172486 -0.41281	
21.28	0.000247005 -0.00171867 -0.412812	
21.29	0.00024673 -0.0017125 -0.412814	
21.3	0.000246455 -0.00170634 -0.412816	
21.31	0.000245887 -0.00169367 -0.41282	
21.32	0.00024561 -0.0016875 -0.412822	
21.33	0.00024561 -0.0016875 -0.412822	
21.34	0.00024533 -0.0016813 -0.412823	
21.35	0.000245053 -0.00167513 -0.412825	
21.36	0.000245066 -0.00167543 -0.412825	
21.37	0.000244776 -0.00166896 -0.412827	
21.38	0.000244776 -0.00166896 -0.412827	
21.39	0.000244481 -0.00166245 -0.412829	
21.4	0.000244481 -0.00166245 -0.412829	
21.41	0.000244495 -0.00166276 -0.412829	
21.42	0.000244203 -0.00165628 -0.412831	
21.43	0.000244217 -0.00165658 -0.412831	
21.44	0.000244217 -0.00165658 -0.412831	
21.45	0.000243925 -0.0016501 -0.412833	
21.46	0.00024799 -0.00174077 -0.412805	
21.47	0.00024799 -0.00174077 -0.412805	
21.48	0.00024799 -0.00174077 -0.412805	
21.49	0.00024799 -0.00174077 -0.412805	
21.5	0.000248003 -0.00174108 -0.412805	
21.51	0.000248003 -0.00174108 -0.412805	
21.52	0.000247716 -0.00173463 -0.412807	
21.53	0.000247713 -0.00173459 -0.412807	
21.54	0.000247999 -0.00174104 -0.412805	
21.55	0.000247709 -0.00173456 -0.412807	
21.56	0.000247713 -0.00173459 -0.412807	
21.57	0.000247713 -0.00173459 -0.412807	
21.58	0.000247713 -0.00173459 -0.412807	
21.59	0.000247713 -0.00173459 -0.412807	
21.6	0.000247713 -0.00173459 -0.412807	
21.61	0.000247713 -0.00173459 -0.412807	
21.62	0.000247713 -0.00173459 -0.412807	
21.63	0.000247726 -0.0017349 -0.412807	
21.64	0.000248013 -0.00174135 -0.412805	
21.65	0.000247726 -0.0017349 -0.412807	
21.66	0.000247713 -0.00173459 -0.412807	
21.67	0.000247726 -0.0017349 -0.412807	
21.68	0.00024773 -0.00173493 -0.412807	
21.69	0.000247726 -0.0017349 -0.412807	
21.7	0.000247439 -0.00172845 -0.412809	
21.71	0.000247713 -0.00173459 -0.412807	
21.72	0.000247726 -0.0017349 -0.412807	
21.73	0.000247713 -0.00173459 -0.412807	
21.74	0.000247713 -0.00173459 -0.412807	
21.75	0.000247713 -0.00173459 -0.412807	
21.76	0.000247726 -0.0017349 -0.412807	
21.77	0.000247426 -0.00172814 -0.412809	
21.78	0.000247726 -0.0017349 -0.412807	
21.79	0.000247726 -0.0017349 -0.412807	
21.8	0.000247439 -0.00172845 -0.412809	
21.81	0.000247439 -0.00172845 -0.412809	
21.82	0.000247726 -0.0017349 -0.412807	
21.83	0.000247726 -0.0017349 -0.412807	
21.84	0.000247726 -0.0017349 -0.412807	
21.85	0.000247726 -0.0017349 -0.412807	
21.86	0.000247726 -0.0017349 -0.412807	
21.87	0.000247726 -0.0017349 -0.412807	
21.88	0.000247726 -0.0017349 -0.412807	
21.89	0.000247439 -0.00172845 -0.412809	
21.9	0.000247726 -0.0017349 -0.412807	
21.91	0.000247726 -0.0017349 -0.412807	
21.92	0.000247726 -0.0017349 -0.412807	
21.93	0.000247713 -0.00173459 -0.412807	
21.94	0.000247439 -0.00172845 -0.412809	
21.95	0.000247439 -0.00172845 -0.412809	
21.96	0.000247439 -0.00172845 -0.412809	
21.97	0.000247726 -0.0017349 -0.412807	
21.98	0.000247726 -0.0017349 -0.412807	
21.99	0.000247726 -0.0017349 -0.412807	
22	0.00024773 -0.00173493 -0.412807	
22.01	0.000247726 -0.0017349 -0.412807	
22.02	0.00024773 -0.00173493 -0.412807	
22.03	0.000247726 -0.0017349 -0.412807	
22.04	0.000247439 -0.00172845 -0.412809	
22.05	0.000247726 -0.0017349 -0.412807	
22.06	0.000247726 -0.0017349 -0.412807	
22.07	0.000247726 -0.0017349 -0.412807	
22.08	0.000247726 -0.0017349 -0.412807	
22.09	0.000247743 -0.00173523 -0.412807	
22.1	0.00024773 -0.00173493 -0.412807	
22.11	0.000247726 -0.0017349 -0.412807	
22.12	0.000247726 -0.0017349 -0.412807	
22.13	0.00024773 -0.00173493 -0.412807	
22.14	0.000247726 -0.0017349 -0.412807	
22.15	0.000247726 -0.0017349 -0.412807	
22.16	0.000247713 -0.00173459 -0.412807	
22.17	0.000247436 -0.00172841 -0.412809	
22.18	0.000247726 -0.0017349 -0.412807	
22.19	0.000247726 -0.0017349 -0.412807	
22.2	0.000247726 -0.0017349 -0.412807	
22.21	0.00024773 -0.00173493 -0.412807	
22.22	0.000247726 -0.0017349 -0.412807	
22.23	0.000247439 -0.00172845 -0.412809	
22.24	0.00024773 -0.00173493 -0.412807	
22.25	0.000247726 -0.0017349 -0.412807	
22.26	0.00024773 -0.00173493 -0.412807	
22.27	0.000247726 -0.0017349 -0.412807	
22.28	0.000247726 -0.0017349 -0.412807	
22.29	0.00024773 -0.00173493 -0.412807	
22.3	0.000247726 -0.0017349 -0.412807	
22.31	0.00024773 -0.00173493 -0.412807	
22.32	0.000247726 -0.0017349 -0.412807	
22.33	0.000247726 -0.0017349 -0.412807	
22.34	0.000247726 -0.0017349 -0.412807	
22.35	0.000247726 -0.0017349 -0.412807	
22.36	0.000247713 -0.00173459 -0.412807	
22.37	0.000247726 -0.0017349 -0.412807	
22.38	0.000247713 -0.00173459 -0.412807	
22.39	0.000247726 -0.0017349 -0.412807	
22.4	0.000247726 -0.0017349 -0.412807	
22.41	0.000247726 -0.0017349 -0.412807	
22.42	0.000247726 -0.0017349 -0.412807	
22.43	0.000247726 -0.0017349 -0.412807	
22.44	0.000247726 -0.0017349 -0.412807	
22.45	0.000247726 -0.0017349 -0.412807	
22.46	0.000247723 -0.00173487 -0.412807	
22.47	0.000247726 -0.0017349 -0.412807	
22.48	0.000247439 -0.00172845 -0.412809	
22.49	0.000247726 -0.0017349 -0.412807	
22.5	0.000247723 -0.00173487 -0.412807	
22.51	0.000247726 -0.0017349 -0.412807	
22.52	0.000247726 -0.0017349 -0.412807	
22.53	0.00024773 -0.00173493 -0.412807	
22.54	0.000247726 -0.0017349 -0.412807	
22.55	0.000247439 -0.00172845 -0.412809	
22.56	0.000247439 -0.00172845 -0.412809	
22.57	0.000247723 -0.00173487 -0.412807	
22.58	0.000247726 -0.0017349 -0.412807	
22.59	0.000247726 -0.0017349 -0.412807	
22.6	0.000247726 -0.0017349 -0.412807	
22.61	0.000247726 -0.0017349 -0.412807	
22.62	0.000247726 -0.0017349 -0.412807	
22.63	0.000247726 -0.0017349 -0.412807	
22.64	0.000247726 -0.0017349 -0.412807	
22.65	0.000247726 -0.0017349 -0.412807	
22.66	0.000247439 -0.00172845 -0.412809	
22.67	0.000247726 -0.0017349 -0.412807	
22.68	0.000247439 -0.00172845 -0.412809	
22.69	0.000247726 -0.0017349 -0.412807	
22.7	0.000247726 -0.0017349 -0.412807	
22.71	0.000247726 -0.0017349 -0.412807	
22.72	0.000247726 -0.0017349 -0.412807	
22.73	0.00024773 -0.00173493 -0.412807	
22.74	0.000247726 -0.0017349 -0.412807	
22.75	0.000247726 -0.0017349 -0.412807	
22.76	0.000247726 -0.0017349 -0.412807	
22.77	0.000247726 -0.0017349 -0.412807	
22.78	0.000247726 -0.0017349 -0.412807	
22.79	0.000247726 -0.0017349 -0.412807	
22.8	0.000247426 -0.00172814 -0.412809	
22.81	0.000247726 -0.0017349 -0.412807	
22.82	0.000247726 -0.0017349 -0.412807	
22.83	0.000247726 -0.0017349 -0.412807	
22.84	0.000247726 -0.0017349 -0.412807	
22.85	0.000247726 -0.0017349 -0.412807	
22.86	0.000247726 -0.0017349 -0.412807	
22.87	0.000247739 -0.0017352 -0.412807	
22.88	0.000247726 -0.0017349 -0.412807	
22.89	0.000247739 -0.0017352 -0.412807	
22.9	0.000247726 -0.0017349 -0.412807	
22.91	0.000247743 -0.00173523 -0.412807	
22.92	0.000247726 -0.0017349 -0.412807	
22.93	0.000247726 -0.0017349 -0.412807	
22.94	0.000247726 -0.0017349 -0.412807	
22.95	0.000247726 -0.0017349 -0.412807	
22.96	0.000247726 -0.0017349 -0.412807	
22.97	0.000247726 -0.0017349 -0.412807	
22.98	0.000247726 -0.0017349 -0.412807	
22.99	0.000247726 -0.0017349 -0.412807	
23	0.000247726 -0.0017349 -0.412807	
23.01	0.000247726 -0.0017349 -0.412807	
23.02	0.000247726 -0.0017349 -0.412807	
23.03	0.000247726 -0.0017349 -0.412807	
23.04	0.000247743 -0.00173523 -0.412807	
23.05	0.00024773 -0.00173493 -0.412807	
23.06	0.00024773 -0.00173493 -0.412807	
23.07	0.000247726 -0.0017349 -0.412807	
23.08	0.000247726 -0.0017349 -0.412807	
23.09	0.000247723 -0.00173487 -0.412807	
23.1	0.000247726 -0.0017349 -0.412807	
23.11	0.000247713 -0.00173459 -0.412807	
23.12	0.000247726 -0.0017349 -0.412807	
23.13	0.000247726 -0.0017349 -0.412807	
23.14	0.000247726 -0.0017349 -0.412807	
23.15	0.000247726 -0.0017349 -0.412807	
23.16	0.000247726 -0.0017349 -0.412807	
23.17	0.000247726 -0.0017349 -0.412807	
23.18	0.000247726 -0.0017349 -0.412807	
23.19	0.000247726 -0.0017349 -0.412807	
23.2	0.000247726 -0.0017349 -0.412807	
