# Gnuplot File : positions of 1 particle(s) Monitored
# 1st Column : time, others : particle(s) number 0 
0.01	9.77903 19.9024 3.10376	
0.02	9.77903 19.9024 3.10349	
0.03	9.77918 19.9025 3.10355	
0.04	9.77903 19.9024 3.10316	
0.05	9.77918 19.9025 3.10331	
0.06	9.77918 19.9025 3.10323	
0.07	9.77918 19.9025 3.10317	
0.08	9.77918 19.9025 3.10313	
0.09	9.78017 19.9027 3.10295	
0.1	9.77918 19.9025 3.10308	
0.11	9.77903 19.9024 3.10281	
0.12	9.77918 19.903 3.10446	
0.13	9.77918 19.9025 3.10304	
0.14	9.77918 19.9025 3.10304	
0.15	9.77903 19.9024 3.10278	
0.16	9.77918 19.9025 3.10303	
0.17	9.77918 19.9025 3.10303	
0.18	9.77918 19.9025 3.10303	
0.19	9.77804 19.9023 3.10293	
0.2	9.77804 19.9023 3.10293	
0.21	9.77918 19.9025 3.10303	
0.22	9.77918 19.9025 3.10303	
0.23	9.78376 19.8982 3.08666	
0.24	9.78262 19.8979 3.08656	
0.25	9.78247 19.8978 3.08631	
0.26	9.78149 19.8977 3.08646	
0.27	9.78647 19.9007 3.09258	
0.28	9.83484 19.9246 3.14543	
0.29	9.85727 19.9317 3.1608	
0.3	9.86131 19.9326 3.16258	
0.31	9.86158 19.9327 3.16274	
0.32	9.85878 19.9321 3.1617	
0.33	9.85286 19.9313 3.16153	
0.34	9.84862 19.9296 3.15718	
0.35	9.84485 19.928 3.15307	
0.36	9.84385 19.9273 3.15091	
0.37	9.84215 19.4763 3.2487	
0.38	9.64198 17.8162 4.71417	
0.39	9.60639 17.8723 5.26038	
0.4	9.65005 17.8735 5.27523	
0.41	9.69223 17.6723 5.1978	
0.42	9.92836 17.5635 5.19525	
0.43	10.3477 17.475 5.1353	
0.44	10.7202 17.3689 5.10861	
0.45	10.8631 17.2299 5.03719	
0.46	10.9278 17.0822 4.92502	
0.47	10.9602 16.9513 4.79814	
0.48	11.0028 16.8725 4.75921	
0.49	11.0321 16.714 4.72087	
0.5	11.0699 16.5587 4.71128	
0.51	11.1438 16.4774 4.70341	
0.52	11.2733 16.3884 4.6986	
0.53	11.472 16.3795 4.68986	
0.54	11.6513 16.2857 4.68685	
0.55	11.778 16.2623 4.6957	
0.56	11.8795 16.146 4.69392	
0.57	11.9447 16.1088 4.69596	
0.58	12.0116 16.007 4.69486	
0.59	12.0752 16.0014 4.69887	
0.6	12.2241 16.0184 4.70306	
0.61	12.4532 16.0319 4.70574	
0.62	12.6858 15.9709 4.70404	
0.63	12.8501 15.8057 4.6937	
0.64	12.9292 15.6207 4.68892	
0.65	12.9661 15.4389 4.60863	
0.66	13.0041 15.2493 4.52152	
0.67	13.041 15.0177 4.4427	
0.68	13.0334 14.7814 4.40224	
0.69	13.0085 14.5336 4.39823	
0.7	13.0087 14.3043 4.41157	
0.71	13.0231 14.0933 4.44668	
0.72	12.9714 13.8829 4.45572	
0.73	12.777 13.7128 4.43786	
0.74	12.4477 13.6076 4.38608	
0.75	12.085 13.5824 4.36106	
0.76	11.7438 13.5952 4.35699	
0.77	11.4598 13.6318 4.34942	
0.78	11.3012 13.6645 4.34702	
0.79	11.064 13.6966 4.34159	
0.8	10.8016 13.7252 4.33685	
0.81	10.5172 13.747 4.33452	
0.82	10.2531 13.7581 4.33348	
0.83	9.97196 13.7572 4.33353	
0.84	9.68312 13.7537 4.32942	
0.85	9.51695 13.7526 4.32485	
0.86	9.36356 13.753 4.32058	
0.87	9.25902 13.7588 4.31565	
0.88	9.16782 13.7618 4.31585	
0.89	9.08501 13.7642 4.31645	
0.9	9.00607 13.7676 4.31662	
0.91	8.92034 13.7675 4.30851	
0.92	8.83729 13.7607 4.29436	
0.93	8.72401 13.7595 4.2747	
0.94	8.58787 13.757 4.2454	
0.95	8.41856 13.7453 4.18601	
0.96	8.22424 13.7211 4.13828	
0.97	8.05397 13.6999 4.11087	
0.98	7.89188 13.6642 4.07433	
0.99	7.78157 13.6396 4.05349	
1	7.70511 13.6197 4.04248	
1.01	7.64343 13.599 4.03114	
1.02	7.58761 13.5737 4.00955	
1.03	7.54553 13.546 3.9985	
1.04	7.49492 13.5189 3.98769	
1.05	7.45195 13.4609 3.96013	
1.06	7.39863 13.4022 3.93821	
1.07	7.32404 13.3311 3.92104	
1.08	7.22889 13.2517 3.87263	
1.09	7.14142 13.1836 3.84021	
1.1	7.06031 13.132 3.80831	
1.11	6.99355 13.0825 3.77059	
1.12	6.93171 13.0301 3.7264	
1.13	6.88929 12.9736 3.70893	
1.14	6.83726 12.8996 3.68651	
1.15	6.81499 12.8248 3.66381	
1.16	6.79041 12.7382 3.65541	
1.17	6.77671 12.644 3.64842	
1.18	6.75295 12.5288 3.65794	
1.19	6.73848 12.4224 3.6805	
1.2	6.7335 12.331 3.70266	
1.21	6.73951 12.2395 3.71647	
1.22	6.7586 12.1355 3.7324	
1.23	6.7674 12.012 3.75366	
1.24	6.77549 11.8818 3.77192	
1.25	6.76505 11.7527 3.79903	
1.26	6.75003 11.6262 3.82994	
1.27	6.74811 11.5046 3.85248	
1.28	6.76203 11.3683 3.87725	
1.29	6.82207 11.2778 3.90315	
1.3	6.91175 11.1858 3.91824	
1.31	7.03654 11.0921 3.94367	
1.32	7.17683 11.0297 3.95928	
1.33	7.34247 10.9909 3.96629	
1.34	7.53996 10.9606 3.96838	
1.35	7.72053 10.941 3.96907	
1.36	7.90642 10.9219 3.97002	
1.37	8.0632 10.9052 3.96479	
1.38	8.21886 10.8913 3.96491	
1.39	8.36952 10.8798 3.96492	
1.4	8.52714 10.8739 3.96211	
1.41	8.66961 10.8649 3.96077	
1.42	8.80758 10.8632 3.95806	
1.43	8.93918 10.8627 3.95409	
1.44	9.08162 10.8521 3.95572	
1.45	9.24081 10.8474 3.95311	
1.46	9.38384 10.8445 3.95357	
1.47	9.54008 10.8473 3.95124	
1.48	9.70714 10.8474 3.95145	
1.49	9.8542 10.8488 3.95014	
1.5	10.0121 10.8509 3.94939	
1.51	10.1788 10.8549 3.9482	
1.52	10.3946 10.8726 3.94448	
1.53	10.5663 10.88 3.94354	
1.54	10.7399 10.8896 3.9429	
1.55	10.8988 10.8998 3.9424	
1.56	11.0625 10.9115 3.94186	
1.57	11.2639 10.9229 3.94275	
1.58	11.4346 10.9394 3.94572	
1.59	11.6085 10.9455 3.94518	
1.6	11.7869 10.9404 3.95539	
1.61	11.9645 10.9312 3.96555	
1.62	12.1292 10.9149 3.9723	
1.63	12.2597 10.8798 3.98514	
1.64	12.3895 10.8523 3.98489	
1.65	12.4714 10.8201 3.97419	
1.66	12.5293 10.7703 3.9548	
1.67	12.578 10.7177 3.91473	
1.68	12.5937 10.657 3.86569	
1.69	12.607 10.5929 3.82337	
1.7	12.62 10.5191 3.7684	
1.71	12.6356 10.4306 3.71691	
1.72	12.6461 10.3638 3.68146	
1.73	12.6581 10.2909 3.64286	
1.74	12.6719 10.2045 3.61296	
1.75	12.6988 10.1342 3.59195	
1.76	12.7231 10.0707 3.57616	
1.77	12.7497 10.0035 3.56316	
1.78	12.7776 9.93027 3.56894	
1.79	12.8031 9.87163 3.56669	
1.8	12.8224 9.80707 3.56647	
1.81	12.8496 9.74567 3.5731	
1.82	12.8654 9.65974 3.57866	
1.83	12.8797 9.57338 3.58161	
1.84	12.8953 9.4828 3.58874	
1.85	12.9134 9.38319 3.60166	
1.86	12.9288 9.29031 3.61999	
1.87	12.9442 9.1961 3.61189	
1.88	12.9608 9.09723 3.58352	
1.89	12.9533 9.01352 3.56345	
1.9	12.9435 8.9336 3.53628	
1.91	12.9169 8.86357 3.5142	
1.92	12.8944 8.81182 3.4963	
1.93	12.8553 8.75899 3.48377	
1.94	12.8069 8.70605 3.47514	
1.95	12.7416 8.65332 3.47721	
1.96	12.6664 8.60418 3.47571	
1.97	12.5594 8.5488 3.48845	
1.98	12.4363 8.50048 3.49186	
1.99	12.2957 8.46049 3.49057	
2	12.1301 8.4163 3.5025	
2.01	11.9781 8.38322 3.50308	
2.02	11.8398 8.36096 3.52105	
2.03	11.7186 8.34154 3.5357	
2.04	11.6284 8.32253 3.55271	
2.05	11.5309 8.31288 3.55081	
2.06	11.4775 8.30175 3.55167	
2.07	11.3791 8.28106 3.54588	
2.08	11.303 8.25558 3.55944	
2.09	11.1993 8.2294 3.55893	
2.1	11.1227 8.19887 3.5592	
2.11	11.0211 8.17447 3.5622	
2.12	10.9835 8.15651 3.55948	
2.13	10.9319 8.13584 3.5618	
2.14	10.9232 8.11935 3.57268	
2.15	10.8827 8.10081 3.58004	
2.16	10.8497 8.08267 3.59585	
2.17	10.7534 8.058 3.60576	
2.18	10.6194 8.01642 3.61484	
2.19	10.4528 7.97423 3.63822	
2.2	10.2434 7.94084 3.66371	
2.21	10.032 7.912 3.6867	
2.22	9.83167 7.91112 3.69534	
2.23	9.64589 7.915 3.69995	
2.24	9.46006 7.91921 3.7011	
2.25	9.28147 7.92416 3.70363	
2.26	9.07511 7.9305 3.70656	
2.27	8.88052 7.93827 3.70629	
2.28	8.70738 7.94576 3.70751	
2.29	8.52903 7.95427 3.70314	
2.3	8.34155 7.96341 3.69373	
2.31	8.15495 7.97196 3.67344	
2.32	8.00183 7.97703 3.64213	
2.33	7.85461 7.97513 3.60151	
2.34	7.71447 7.95099 3.55066	
2.35	7.61352 7.92316 3.49879	
2.36	7.53955 7.88947 3.45026	
2.37	7.47299 7.83984 3.39833	
2.38	7.41068 7.77303 3.3395	
2.39	7.38277 7.71591 3.29581	
2.4	7.3731 7.65778 3.25305	
2.41	7.36363 7.59762 3.22529	
2.42	7.36923 7.52683 3.20432	
2.43	7.35804 7.43594 3.19388	
2.44	7.34711 7.33625 3.1836	
2.45	7.33365 7.22397 3.18378	
2.46	7.32803 7.10793 3.19298	
2.47	7.32368 6.98654 3.22355	
2.48	7.31881 6.88413 3.25252	
2.49	7.32631 6.80665 3.29331	
2.5	7.33449 6.72143 3.34149	
2.51	7.33759 6.66818 3.37247	
2.52	7.34767 6.61038 3.41378	
2.53	7.35237 6.56175 3.44009	
2.54	7.34763 6.51245 3.45266	
2.55	7.35043 6.45191 3.45531	
2.56	7.34162 6.37849 3.45651	
2.57	7.33441 6.3044 3.44316	
2.58	7.32462 6.22228 3.4364	
2.59	7.32461 6.13589 3.43039	
2.6	7.32471 6.05919 3.4272	
2.61	7.3346 5.97959 3.44089	
2.62	7.34192 5.8803 3.47163	
2.63	7.35048 5.78263 3.50816	
2.64	7.36727 5.67774 3.56291	
2.65	7.37584 5.57394 3.60382	
2.66	7.40158 5.46417 3.63544	
2.67	7.41423 5.31641 3.67409	
2.68	7.43026 5.18714 3.70593	
2.69	7.44949 5.06823 3.73083	
2.7	7.45785 4.9548 3.73633	
2.71	7.46709 4.83984 3.73528	
2.72	7.46852 4.73932 3.7286	
2.73	7.47857 4.65013 3.71474	
2.74	7.49953 4.57613 3.70867	
2.75	7.52192 4.51035 3.71422	
2.76	7.53595 4.44674 3.73268	
2.77	7.55899 4.38602 3.79183	
2.78	7.61195 4.3134 3.88134	
2.79	7.67432 4.24044 3.96995	
2.8	7.75583 4.16004 4.06837	
2.81	7.83933 4.09707 4.14468	
2.82	7.94419 4.04977 4.20156	
2.83	8.0718 4.0183 4.23531	
2.84	8.2008 4.00051 4.25032	
2.85	8.34013 3.98605 4.2597	
2.86	8.46929 3.9792 4.26025	
2.87	8.59846 3.97302 4.26084	
2.88	8.74597 3.96624 4.25858	
2.89	8.90595 3.96065 4.25688	
2.9	9.0944 3.95508 4.25674	
2.91	9.26558 3.95501 4.2493	
2.92	9.41805 3.96313 4.23422	
2.93	9.53004 3.98878 4.20145	
2.94	9.60544 4.03235 4.14797	
2.95	9.63104 4.0864 4.08127	
2.96	9.64331 4.13 4.02373	
2.97	9.66455 4.18716 3.9496	
2.98	9.69473 4.26153 3.85806	
2.99	9.70461 4.34713 3.7512	
3	9.72483 4.4516 3.63345	
3.01	9.725 4.56798 3.51258	
3.02	9.71602 4.69714 3.38649	
3.03	9.70702 4.81741 3.26335	
3.04	9.70722 4.95815 3.12986	
3.05	9.70949 5.13217 2.99504	
3.06	9.71081 5.2705 2.88235	
3.07	9.72111 5.41471 2.7765	
3.08	9.72207 5.54126 2.69959	
3.09	9.72363 5.65771 2.63308	
3.1	9.73406 5.80875 2.56604	
3.11	9.75545 6.00074 2.50196	
3.12	9.78541 6.2194 2.4394	
3.13	9.86946 6.38448 2.44117	
3.14	9.96248 6.74263 2.42446	
3.15	10.1145 7.27559 2.42802	
3.16	10.1701 7.85386 2.42601	
3.17	10.2226 8.44418 2.43461	
3.18	10.257 9.15757 2.42074	
3.19	10.2719 9.90612 2.25591	
3.2	10.2976 10.6488 2.13509	
3.21	10.3497 11.4466 2.17364	
3.22	10.3856 12.1695 2.20673	
3.23	10.4302 12.9248 2.28251	
3.24	10.4928 13.7909 2.28866	
3.25	10.5257 14.6045 2.23411	
3.26	10.5121 15.1857 2.40364	
3.27	10.4968 15.8631 2.52833	
3.28	10.4747 16.5034 2.55683	
3.29	10.4445 16.9401 2.61757	
3.3	10.4052 17.3943 2.67665	
3.31	10.3766 17.486 2.67528	
3.32	10.3553 17.5026 2.69824	
3.33	10.3452 17.5107 2.6997	
3.34	10.3437 17.5086 2.68638	
3.35	10.3313 17.5025 2.68207	
3.36	10.2882 17.406 2.66797	
3.37	10.2254 17.2756 2.69916	
3.38	10.1248 17.1791 2.8153	
3.39	10.0178 17.1913 3.03276	
3.4	9.92025 17.2502 3.20704	
3.41	9.84463 17.3926 3.38112	
3.42	9.81873 17.5936 3.50593	
3.43	9.81138 17.8059 3.56686	
3.44	9.81067 18.0261 3.62471	
3.45	9.80998 18.2556 3.68357	
3.46	9.80938 18.5121 3.71921	
3.47	9.81544 18.7664 3.6718	
3.48	9.81904 19.0516 3.58058	
3.49	9.8119 19.257 3.40979	
3.5	9.81018 19.4291 3.25407	
3.51	9.8077 19.5492 3.17368	
3.52	9.80008 19.5807 3.15702	
3.53	9.79711 19.6252 3.14308	
3.54	9.79726 19.6273 3.12597	
3.55	9.79576 19.6293 3.11249	
3.56	9.79449 19.6346 3.09689	
3.57	9.79428 19.6326 3.0885	
3.58	9.793 19.6359 3.08402	
3.59	9.793 19.6357 3.08256	
3.6	9.79303 19.6482 3.07754	
3.61	9.79307 19.6661 3.07633	
3.62	9.79609 19.7015 3.0883	
3.63	9.79494 19.7559 3.08378	
3.64	9.79514 19.8326 3.07673	
3.65	9.81557 19.9167 3.12813	
3.66	9.81557 19.9167 3.12813	
3.67	9.81578 19.9168 3.12834	
3.68	9.81696 19.9154 3.12275	
3.69	9.81834 19.9153 3.12163	
3.7	9.81717 19.9163 3.1258	
3.71	9.81483 19.9159 3.12563	
3.72	9.816 19.9165 3.12714	
3.73	9.816 19.9169 3.12855	
3.74	9.81696 19.9171 3.12842	
3.75	9.816 19.9165 3.12714	
3.76	9.816 19.9161 3.12572	
3.77	9.81365 19.9161 3.12696	
3.78	9.81621 19.917 3.12877	
3.79	9.81525 19.9173 3.13032	
3.8	9.81686 19.9193 3.13651	
3.81	9.81471 19.9202 3.14083	
3.82	9.81492 19.9207 3.14246	
3.83	9.81492 19.9207 3.14246	
3.84	9.81729 19.9175 3.12983	
3.85	9.81729 19.9179 3.13125	
3.86	9.81729 19.9179 3.13125	
3.87	9.81729 19.9179 3.13125	
3.88	9.81751 19.918 3.13147	
3.89	9.81729 19.9179 3.13125	
3.9	9.81729 19.9179 3.13125	
3.91	9.81729 19.9179 3.13125	
3.92	9.81729 19.9179 3.13125	
3.93	9.81847 19.9181 3.13134	
3.94	9.81847 19.9181 3.13134	
3.95	9.81847 19.9181 3.13134	
3.96	9.81847 19.9181 3.13134	
3.97	9.81847 19.9181 3.13134	
3.98	9.81847 19.9181 3.13134	
3.99	9.81729 19.9179 3.13125	
4	9.81869 19.9182 3.13155	
4.01	9.81729 19.9179 3.13125	
4.02	9.81729 19.9179 3.13125	
4.03	9.81729 19.9179 3.13125	
4.04	9.81847 19.9181 3.13134	
4.05	9.81729 19.9179 3.13125	
4.06	9.81847 19.9181 3.13134	
4.07	9.81729 19.9179 3.13125	
4.08	9.81729 19.9179 3.13125	
4.09	9.81847 19.9181 3.13134	
4.1	9.81729 19.9179 3.13125	
4.11	9.81847 19.9181 3.13134	
4.12	9.81847 19.9181 3.13134	
4.13	9.81869 19.9182 3.13155	
4.14	9.81729 19.9179 3.13125	
4.15	9.81847 19.9181 3.13134	
4.16	9.81847 19.9181 3.13134	
4.17	9.81847 19.9181 3.13134	
4.18	9.81729 19.9179 3.13125	
