# Gnuplot File : velocities of 1 particle(s) Monitored
# 1st Column : time, others : particle(s) number 0 
0.01	1.52239e-17 0 -0.0365586	
0.02	9.65078e-17 0 -0.0632893	
0.03	1.55987e-16 0 -0.082834	
0.04	1.14023e-16 0 -0.0971245	
0.05	1.68816e-16 0 -0.107573	
0.06	1.23989e-16 0 -0.115213	
0.07	1.05857e-16 0 -0.120799	
0.08	7.70531e-17 0 -0.124884	
0.09	1.41778e-16 0 -0.12787	
0.1	1.89087e-16 0 -0.130054	
0.11	2.23679e-16 0 -0.13165	
0.12	1.63504e-16 0 -0.132818	
0.13	2.05005e-16 0 -0.133671	
0.14	2.35317e-16 0 -0.134295	
0.15	1.72832e-16 0 -0.134752	
0.16	1.72058e-16 0 -0.134752	
0.17	1.72058e-16 0 -0.134752	
0.18	1.72012e-16 0 -0.134752	
0.19	1.72058e-16 0 -0.134752	
0.2	1.72012e-16 0 -0.134752	
0.21	1.72012e-16 0 -0.134752	
0.22	1.72012e-16 0 -0.134752	
0.23	1.72832e-16 0 -0.134752	
0.24	1.72012e-16 0 -0.134752	
0.25	1.72786e-16 0 -0.134752	
0.26	1.72058e-16 0 -0.134752	
0.27	1.72012e-16 0 -0.134752	
0.28	1.72012e-16 0 -0.134752	
0.29	1.72058e-16 0 -0.134752	
0.3	1.72012e-16 0 -0.134752	
0.31	1.72012e-16 0 -0.134752	
0.32	1.72786e-16 0 -0.134752	
0.33	1.72012e-16 0 -0.134752	
0.34	1.72012e-16 0 -0.134752	
0.35	1.72058e-16 0 -0.134752	
0.36	1.78098e-16 0 -0.134752	
0.37	1.89367e-16 0 -0.134752	
0.38	1.92814e-16 0 -0.134752	
0.39	1.92865e-16 0 -0.134752	
0.4	1.93438e-16 0 -0.134752	
0.41	1.9064e-16 0 -0.134752	
0.42	1.84362e-16 0 -0.134752	
0.43	1.78721e-16 0 -0.134752	
0.44	1.73789e-16 0 -0.134752	
0.45	1.74233e-16 0 -0.134752	
0.46	1.72569e-16 0 -0.134752	
0.47	1.70158e-16 0 -0.134752	
0.48	1.70421e-16 0 -0.134752	
0.49	1.69753e-16 0 -0.134752	
0.5	1.70529e-16 0 -0.134752	
0.51	1.69597e-16 0 -0.134752	
0.52	1.6891e-16 0 -0.134752	
0.53	1.70529e-16 0 -0.134752	
0.54	1.69641e-16 0 -0.134752	
0.55	1.69641e-16 0 -0.134752	
0.56	1.68865e-16 0 -0.134752	
0.57	1.69641e-16 0 -0.134752	
0.58	1.69641e-16 0 -0.134752	
0.59	1.69641e-16 0 -0.134752	
0.6	2.54218e-16 0 -0.134752	
0.61	2.1597e-16 0 -0.134752	
0.62	1.84015e-16 0 -0.134752	
0.63	1.82141e-16 0 -0.134752	
0.64	1.84209e-16 0 -0.134752	
0.65	1.76098e-16 0 -0.134752	
0.66	1.70329e-16 0 -0.134752	
0.67	1.68393e-16 0 -0.134752	
0.68	1.68646e-16 0 -0.134752	
0.69	1.67776e-16 0 -0.134752	
0.7	1.67714e-16 0 -0.134752	
0.71	1.67867e-16 0 -0.134752	
0.72	1.6819e-16 0 -0.134752	
0.73	1.68839e-16 0 -0.134752	
0.74	1.72172e-16 0 -0.134752	
0.75	1.73782e-16 0 -0.134752	
0.76	1.76723e-16 0 -0.134752	
0.77	1.77677e-16 0 -0.134752	
0.78	1.78275e-16 0 -0.134752	
0.79	1.78547e-16 0 -0.134752	
0.8	1.76889e-16 0 -0.134752	
0.81	1.7714e-16 0 -0.134752	
0.82	1.76316e-16 0 -0.134752	
0.83	1.78198e-16 0 -0.134752	
0.84	1.77106e-16 0 -0.134752	
0.85	1.75781e-16 0 -0.134752	
0.86	1.7606e-16 0 -0.134752	
0.87	1.7665e-16 0 -0.134752	
0.88	1.7699e-16 0 -0.134752	
0.89	1.77082e-16 0 -0.134752	
0.9	1.74338e-16 0 -0.134752	
0.91	1.734e-16 0 -0.134752	
0.92	1.72993e-16 0 -0.134752	
0.93	1.7337e-16 0 -0.134752	
0.94	1.74018e-16 0 -0.134752	
0.95	1.73914e-16 0 -0.134752	
0.96	1.73067e-16 0 -0.134752	
0.97	1.71187e-16 0 -0.134752	
0.98	1.69586e-16 0 -0.134752	
0.99	1.68597e-16 0 -0.134752	
1	1.66745e-16 0 -0.134752	
1.01	1.66085e-16 0 -0.134752	
1.02	1.6586e-16 0 -0.134752	
1.03	1.63685e-16 0 -0.134752	
1.04	1.62361e-16 0 -0.134752	
1.05	1.61277e-16 0 -0.134752	
1.06	1.59894e-16 0 -0.134752	
1.07	1.58538e-16 0 -0.134752	
1.08	1.57932e-16 0 -0.134752	
1.09	1.57075e-16 0 -0.134752	
1.1	1.56588e-16 0 -0.134752	
1.11	1.54915e-16 0 -0.134752	
1.12	1.5514e-16 0 -0.134752	
1.13	1.54588e-16 0 -0.134752	
1.14	1.53238e-16 0 -0.134752	
1.15	1.53199e-16 0 -0.134752	
1.16	1.5259e-16 0 -0.134752	
1.17	1.52496e-16 0 -0.134752	
1.18	1.5137e-16 0 -0.134752	
1.19	1.5135e-16 0 -0.134752	
1.2	1.51186e-16 0 -0.134752	
1.21	1.51153e-16 0 -0.134752	
1.22	1.50173e-16 0 -0.134752	
1.23	1.49801e-16 0 -0.134752	
1.24	1.4919e-16 0 -0.134752	
1.25	1.49052e-16 0 -0.134752	
1.26	1.48907e-16 0 -0.134752	
1.27	1.47936e-16 0 -0.134752	
1.28	1.47779e-16 0 -0.134752	
1.29	1.47615e-16 0 -0.134752	
1.3	1.46732e-16 0 -0.134752	
1.31	1.45123e-16 0 -0.134752	
1.32	1.44367e-16 0 -0.134752	
1.33	1.43919e-16 0 -0.134752	
1.34	1.43385e-16 0 -0.134752	
1.35	1.42839e-16 0 -0.134752	
1.36	1.41767e-16 0 -0.134752	
1.37	1.43022e-16 0 -0.134752	
1.38	1.43341e-16 0 -0.134752	
1.39	1.43803e-16 0 -0.134752	
1.4	1.42894e-16 0 -0.134752	
1.41	1.42692e-16 0 -0.134752	
1.42	1.40536e-16 0 -0.134752	
1.43	1.3879e-16 0 -0.134752	
1.44	1.37666e-16 0 -0.134752	
1.45	1.35401e-16 0 -0.134752	
1.46	1.34433e-16 0 -0.134752	
1.47	1.33859e-16 0 -0.134752	
1.48	1.34212e-16 0 -0.134752	
1.49	1.34685e-16 0 -0.134752	
1.5	1.34352e-16 0 -0.134752	
1.51	1.34723e-16 0 -0.134752	
1.52	1.35778e-16 0 -0.134752	
1.53	1.36201e-16 0 -0.134752	
1.54	1.36387e-16 0 -0.134752	
1.55	1.35296e-16 0 -0.134752	
1.56	1.35876e-16 0 -0.134752	
1.57	1.36895e-16 0 -0.134752	
1.58	1.38207e-16 0 -0.134752	
1.59	1.3734e-16 0 -0.134752	
1.6	1.35424e-16 0 -0.134752	
1.61	1.34086e-16 0 -0.134752	
1.62	1.31876e-16 0 -0.134752	
1.63	1.29744e-16 0 -0.134752	
1.64	1.2911e-16 0 -0.134752	
1.65	1.29081e-16 0 -0.134752	
1.66	1.30326e-16 0 -0.134752	
1.67	1.3069e-16 0 -0.134752	
1.68	1.305e-16 0 -0.134752	
1.69	1.30738e-16 0 -0.134752	
1.7	1.29088e-16 0 -0.134752	
1.71	1.26396e-16 0 -0.134752	
1.72	1.23251e-16 0 -0.134752	
1.73	1.21502e-16 0 -0.134752	
1.74	1.20827e-16 0 -0.134752	
1.75	1.22991e-16 0 -0.134752	
1.76	1.25679e-16 0 -0.134752	
1.77	1.27284e-16 0 -0.134752	
1.78	1.29453e-16 0 -0.134752	
1.79	1.29384e-16 0 -0.134752	
1.8	1.29147e-16 0 -0.134752	
1.81	1.27734e-16 0 -0.134752	
1.82	1.23634e-16 0 -0.134752	
1.83	1.19895e-16 0 -0.134752	
1.84	1.17372e-16 0 -0.134752	
1.85	1.15513e-16 0 -0.134752	
1.86	1.14955e-16 0 -0.134752	
1.87	1.13853e-16 0 -0.134752	
1.88	1.14488e-16 0 -0.134752	
1.89	1.14859e-16 0 -0.134752	
1.9	1.14578e-16 0 -0.134752	
1.91	1.14645e-16 0 -0.134752	
1.92	1.14833e-16 0 -0.134752	
1.93	1.15444e-16 0 -0.134752	
1.94	1.16951e-16 0 -0.134752	
1.95	1.17639e-16 0 -0.134752	
1.96	1.18132e-16 0 -0.134752	
1.97	1.17945e-16 0 -0.134752	
1.98	1.18226e-16 0 -0.134752	
1.99	1.18317e-16 0 -0.134752	
2	1.18923e-16 0 -0.134752	
2.01	1.18098e-16 0 -0.134752	
2.02	1.18358e-16 0 -0.134752	
2.03	1.19578e-16 0 -0.134752	
2.04	1.20017e-16 0 -0.134752	
2.05	1.20452e-16 0 -0.134752	
2.06	1.21021e-16 0 -0.134752	
2.07	1.21326e-16 0 -0.134752	
2.08	1.21145e-16 0 -0.134752	
2.09	1.21071e-16 0 -0.134752	
2.1	1.20989e-16 0 -0.134752	
2.11	1.21018e-16 0 -0.134752	
2.12	1.21106e-16 0 -0.134752	
2.13	1.21028e-16 0 -0.134752	
2.14	1.21764e-16 0 -0.134752	
2.15	1.21122e-16 0 -0.134752	
2.16	1.22407e-16 0 -0.134752	
2.17	1.22253e-16 0 -0.134752	
2.18	1.22149e-16 0 -0.134752	
2.19	1.23027e-16 0 -0.134752	
2.2	1.23512e-16 0 -0.134752	
2.21	1.24644e-16 0 -0.134752	
2.22	1.23243e-16 0 -0.134752	
2.23	1.2262e-16 0 -0.134752	
2.24	1.23032e-16 0 -0.134752	
2.25	1.2271e-16 0 -0.134752	
2.26	1.23045e-16 0 -0.134752	
2.27	1.22293e-16 0 -0.134752	
2.28	1.23443e-16 0 -0.134752	
2.29	1.23255e-16 0 -0.134752	
2.3	1.23782e-16 0 -0.134752	
2.31	1.25065e-16 0 -0.134752	
2.32	1.25322e-16 0 -0.134752	
2.33	1.26175e-16 0 -0.134752	
2.34	1.26995e-16 0 -0.134752	
2.35	1.27815e-16 0 -0.134752	
2.36	1.27321e-16 0 -0.134752	
2.37	1.27633e-16 0 -0.134752	
2.38	1.28374e-16 0 -0.134752	
2.39	1.27381e-16 0 -0.134752	
2.4	1.2656e-16 0 -0.134752	
2.41	1.27157e-16 0 -0.134752	
2.42	1.25035e-16 0 -0.134752	
2.43	1.23708e-16 0 -0.134752	
2.44	1.2238e-16 0 -0.134752	
2.45	1.22178e-16 0 -0.134752	
2.46	1.21359e-16 0 -0.134752	
2.47	1.1982e-16 0 -0.134752	
2.48	1.20127e-16 0 -0.134752	
2.49	1.20181e-16 0 -0.134752	
2.5	1.1984e-16 0 -0.134752	
2.51	1.19608e-16 0 -0.134752	
2.52	1.1963e-16 0 -0.134752	
2.53	1.1878e-16 0 -0.134752	
2.54	1.17495e-16 0 -0.134752	
2.55	1.16931e-16 0 -0.134752	
2.56	1.1539e-16 0 -0.134752	
2.57	1.14391e-16 0 -0.134752	
2.58	1.12338e-16 0 -0.134752	
2.59	1.11339e-16 0 -0.134752	
2.6	1.11211e-16 0 -0.134752	
2.61	1.10023e-16 0 -0.134752	
2.62	1.09616e-16 0 -0.134752	
2.63	1.0946e-16 0 -0.134752	
2.64	1.08714e-16 0 -0.134752	
2.65	1.07651e-16 0 -0.134752	
2.66	1.07431e-16 0 -0.134752	
2.67	1.04965e-16 0 -0.134752	
2.68	1.03146e-16 0 -0.134752	
2.69	9.97045e-17 0 -0.134752	
2.7	9.76492e-17 0 -0.134752	
2.71	9.57635e-17 0 -0.134752	
2.72	9.3739e-17 0 -0.134752	
2.73	9.34436e-17 0 -0.134752	
2.74	9.31879e-17 0 -0.134752	
2.75	9.12839e-17 0 -0.134752	
2.76	9.10316e-17 0 -0.134752	
2.77	8.98905e-17 0 -0.134752	
2.78	8.95972e-17 0 -0.134752	
2.79	8.85446e-17 0 -0.134752	
2.8	8.81498e-17 0 -0.134752	
2.81	8.71873e-17 0 -0.134752	
2.82	8.68272e-17 0 -0.134752	
2.83	8.6515e-17 0 -0.134752	
2.84	8.55786e-17 0 -0.134752	
2.85	8.52174e-17 0 -0.134752	
2.86	8.50505e-17 0 -0.134752	
2.87	8.61429e-17 0 -0.134752	
2.88	8.58562e-17 0 -0.134752	
2.89	8.53888e-17 0 -0.134752	
2.9	8.43624e-17 0 -0.134752	
2.91	8.41978e-17 0 -0.134752	
2.92	8.39194e-17 0 -0.134752	
2.93	8.36192e-17 0 -0.134752	
2.94	8.32974e-17 0 -0.134752	
2.95	8.28919e-17 0 -0.134752	
2.96	8.15504e-17 0 -0.134752	
2.97	8.18401e-17 0 -0.134752	
2.98	8.12387e-17 0 -0.134752	
2.99	8.08599e-17 0 -0.134752	
3	8.05285e-17 0 -0.134752	
3.01	8.01828e-17 0 -0.134752	
3.02	8.06925e-17 0 -0.134752	
3.03	8.0288e-17 0 -0.134752	
3.04	8.00622e-17 0 -0.134752	
3.05	7.96888e-17 0 -0.134752	
3.06	7.94508e-17 0 -0.134752	
3.07	7.91432e-17 0 -0.134752	
3.08	7.90431e-17 0 -0.134752	
3.09	7.85767e-17 0 -0.134752	
3.1	7.86213e-17 0 -0.134752	
3.11	7.84531e-17 0 -0.134752	
3.12	7.81861e-17 0 -0.134752	
3.13	7.86413e-17 0 -0.134752	
3.14	7.773e-17 0 -0.134752	
3.15	7.80813e-17 0 -0.134752	
3.16	7.79046e-17 0 -0.134752	
3.17	7.75453e-17 0 -0.134752	
3.18	7.78053e-17 0 -0.134752	
3.19	7.72644e-17 0 -0.134752	
3.2	7.69958e-17 0 -0.134752	
3.21	7.72663e-17 0 -0.134752	
3.22	7.77092e-17 0 -0.134752	
3.23	7.79075e-17 0 -0.134752	
3.24	7.85837e-17 0 -0.134752	
3.25	7.99142e-17 0 -0.134752	
3.26	8.14823e-17 0 -0.134752	
3.27	8.21951e-17 0 -0.134752	
3.28	8.31462e-17 0 -0.134752	
3.29	8.3927e-17 0 -0.134752	
3.3	8.543e-17 0 -0.134752	
3.31	8.56554e-17 0 -0.134752	
3.32	8.68502e-17 0 -0.134752	
3.33	8.72593e-17 0 -0.134752	
3.34	8.8746e-17 0 -0.134752	
3.35	8.9698e-17 0 -0.134752	
3.36	8.9925e-17 0 -0.134752	
3.37	8.9841e-17 0 -0.134752	
3.38	8.85741e-17 0 -0.134752	
3.39	8.83817e-17 0 -0.134752	
3.4	8.78357e-17 0 -0.134752	
3.41	8.74167e-17 0 -0.134752	
3.42	8.71592e-17 0 -0.134752	
3.43	8.55067e-17 0 -0.134752	
3.44	8.65323e-17 0 -0.134752	
3.45	8.55547e-17 0 -0.134752	
3.46	8.60806e-17 0 -0.134752	
3.47	8.5125e-17 0 -0.134752	
3.48	8.35849e-17 0 -0.134752	
3.49	8.36763e-17 0 -0.134752	
3.5	8.29501e-17 0 -0.134752	
3.51	8.06991e-17 0 -0.134752	
3.52	8.02808e-17 0 -0.134752	
3.53	7.7554e-17 0 -0.134752	
3.54	7.65054e-17 0 -0.134752	
3.55	7.51136e-17 0 -0.134752	
3.56	7.50233e-17 0 -0.134752	
3.57	7.50268e-17 0 -0.134752	
3.58	7.52033e-17 0 -0.134752	
3.59	7.65199e-17 0 -0.134752	
3.6	7.6128e-17 0 -0.134752	
3.61	7.64442e-17 0 -0.134752	
3.62	7.56557e-17 0 -0.134752	
3.63	7.45301e-17 0 -0.134752	
3.64	7.26904e-17 0 -0.134752	
3.65	7.15631e-17 0 -0.134752	
3.66	6.98945e-17 0 -0.134752	
3.67	6.92525e-17 0 -0.134752	
3.68	6.6064e-17 0 -0.134752	
3.69	6.16925e-17 0 -0.134752	
3.7	5.72141e-17 0 -0.134752	
3.71	5.38186e-17 0 -0.134752	
3.72	5.1803e-17 0 -0.134752	
3.73	4.9847e-17 0 -0.134752	
3.74	4.85244e-17 0 -0.134752	
3.75	4.78959e-17 0 -0.134752	
3.76	4.85155e-17 0 -0.134752	
3.77	4.83912e-17 0 -0.134752	
3.78	4.81029e-17 0 -0.134752	
3.79	4.75947e-17 0 -0.134752	
3.8	4.79139e-17 0 -0.134752	
3.81	4.80495e-17 0 -0.134752	
3.82	4.827e-17 0 -0.134752	
3.83	4.84708e-17 0 -0.134752	
3.84	4.90011e-17 0 -0.134752	
3.85	5.0584e-17 0 -0.134752	
3.86	5.11683e-17 0 -0.134752	
3.87	5.18165e-17 0 -0.134752	
3.88	5.26976e-17 0 -0.134752	
3.89	5.3099e-17 0 -0.134752	
3.9	5.22928e-17 0 -0.134752	
3.91	5.05694e-17 0 -0.134752	
3.92	4.89087e-17 0 -0.134752	
3.93	4.72313e-17 0 -0.134752	
3.94	4.55091e-17 0 -0.134752	
3.95	4.40265e-17 0 -0.134752	
3.96	4.32607e-17 0 -0.134752	
3.97	4.27828e-17 0 -0.134752	
3.98	4.28509e-17 0 -0.134752	
3.99	4.51614e-17 0 -0.134752	
4	4.45631e-17 0 -0.134752	
4.01	4.1615e-17 0 -0.134752	
4.02	3.78273e-17 0 -0.134752	
4.03	3.47242e-17 0 -0.134752	
4.04	3.23837e-17 0 -0.134752	
4.05	3.05953e-17 0 -0.134752	
4.06	3.13814e-17 0 -0.134752	
4.07	3.04315e-17 0 -0.134752	
4.08	2.79095e-17 0 -0.134752	
4.09	2.48511e-17 0 -0.134752	
4.1	2.38163e-17 0 -0.134752	
4.11	2.48701e-17 0 -0.134752	
4.12	2.49491e-17 0 -0.134752	
4.13	2.48805e-17 0 -0.134752	
4.14	2.31903e-17 0 -0.134752	
4.15	1.97807e-17 0 -0.134752	
4.16	1.85563e-17 0 -0.134752	
4.17	1.82335e-17 0 -0.134752	
4.18	1.65917e-17 0 -0.134752	
4.19	1.56625e-17 0 -0.134752	
4.2	1.54077e-17 0 -0.134752	
4.21	1.62154e-17 0 -0.134752	
4.22	1.83853e-17 0 -0.134752	
4.23	2.05104e-17 0 -0.134752	
4.24	2.20068e-17 0 -0.134752	
4.25	2.17635e-17 0 -0.134752	
4.26	2.20508e-17 0 -0.134752	
4.27	2.36081e-17 0 -0.134752	
4.28	2.52365e-17 0 -0.134752	
4.29	2.64085e-17 0 -0.134752	
4.3	2.76434e-17 0 -0.134752	
4.31	2.87842e-17 0 -0.134752	
4.32	2.87167e-17 0 -0.134752	
4.33	2.97441e-17 0 -0.134752	
4.34	3.02784e-17 0 -0.134752	
4.35	3.23109e-17 0 -0.134752	
4.36	0.0641935 -0.0299637 -0.0878224	
4.37	2.98506 -0.48303 -0.564332	
4.38	3.98622 -0.594188 -0.835754	
4.39	3.92068 0.0702393 -0.576752	
4.4	4.84933 -0.0316695 -0.720169	
4.41	4.85253 0.418155 -0.664287	
4.42	4.70617 0.378796 -0.633455	
4.43	3.52109 0.342323 -0.496844	
4.44	2.57379 0.254143 -0.400565	
4.45	1.88132 0.186836 -0.329606	
4.46	1.37546 0.138273 -0.277888	
4.47	1.00582 0.101892 -0.239912	
4.48	0.735506 0.0744719 -0.211975	
4.49	0.537789 0.054694 -0.191599	
4.5	0.393351 0.0396125 -0.176583	
4.51	0.287652 0.0290054 -0.165683	
4.52	0.210391 0.0210764 -0.15768	
4.53	0.153833 0.0154288 -0.151853	
4.54	0.112488 0.0112842 -0.147591	
4.55	0.0822475 0.00825609 -0.144474	
4.56	0.0601423 0.00602407 -0.142192	
4.57	0.0439753 0.00440501 -0.140526	
4.58	0.0321529 0.00322162 -0.139307	
4.59	0.0235101 0.0023549 -0.138416	
4.6	0.0171902 0.00172142 -0.137765	
4.61	0.0125681 0.00126632 -0.13729	
4.62	0.00919143 0.000918911 -0.13694	
4.63	0.00672149 0.000670942 -0.136685	
4.64	0.00491567 0.000489151 -0.136499	
4.65	0.00359555 0.000354408 -0.136362	
4.66	0.00262952 0.000258301 -0.136263	
4.67	0.00192319 0.000187075 -0.13619	
4.68	0.00192376 0.000185071 -0.136189	
4.69	0.00192406 0.000184203 -0.136189	
4.7	0.0019248 0.000180866 -0.136189	
4.71	0.00192503 0.000179071 -0.136188	
4.72	0.00192512 0.00017811 -0.136188	
4.73	0.00192499 0.000178393 -0.136188	
4.74	0.00192473 0.000179328 -0.136188	
4.75	0.00192408 0.000182032 -0.136189	
4.76	0.00192376 0.000183348 -0.136189	
4.77	0.00192345 0.000184639 -0.136189	
4.78	0.00192297 0.000187143 -0.13619	
4.79	0.00192284 0.000188439 -0.13619	
4.8	0.00192293 0.000188123 -0.13619	
4.81	0.00192265 0.000189371 -0.13619	
4.82	0.00192258 0.000188664 -0.13619	
4.83	0.001922 0.000190317 -0.13619	
4.84	0.00192168 0.000189425 -0.13619	
4.85	0.00192146 0.000188963 -0.13619	
4.86	0.00192108 0.000189536 -0.13619	
4.87	0.0019209 0.000189554 -0.13619	
4.88	0.00192068 0.000188308 -0.13619	
4.89	0.00192061 0.000185831 -0.136189	
4.9	0.00192008 0.000187321 -0.13619	
4.91	0.00192006 0.000186979 -0.13619	
4.92	0.00192061 0.000184792 -0.136189	
4.93	0.00192036 0.000185809 -0.136189	
4.94	0.00192042 0.000184424 -0.136189	
4.95	0.00191996 0.000185761 -0.136189	
4.96	0.00192054 0.000183343 -0.136189	
4.97	0.00192145 0.000180574 -0.136188	
4.98	0.00192186 0.000180508 -0.136188	
4.99	0.00192266 0.000179318 -0.136188	
5	0.00192398 0.000177796 -0.136188	
5.01	0.00192533 0.000175477 -0.136188	
5.02	0.00192624 0.000173817 -0.136187	
5.03	0.0019266 0.000174851 -0.136188	
5.04	0.00192647 0.000177735 -0.136188	
5.05	0.00192686 0.000177297 -0.136188	
5.06	0.00192685 0.000178416 -0.136188	
5.07	0.00192711 0.000177574 -0.136188	
5.08	0.00192745 0.000175933 -0.136188	
5.09	0.0019262 0.000154274 -0.136183	
5.1	0.00192615 0.000154439 -0.136183	
5.11	0.00192615 0.000154439 -0.136183	
5.12	0.00192615 0.000154439 -0.136183	
5.13	0.00192615 0.000154439 -0.136183	
5.14	0.00192615 0.000154439 -0.136183	
5.15	0.00192615 0.000154439 -0.136183	
5.16	0.0019262 0.000154274 -0.136183	
5.17	0.00192577 0.000151441 -0.136183	
5.18	0.00192637 0.000152828 -0.136183	
5.19	0.00192618 0.000153853 -0.136183	
5.2	0.00192635 0.000153778 -0.136183	
5.21	0.0019263 0.000153943 -0.136183	
5.22	0.00192611 0.000154969 -0.136184	
5.23	0.00192632 0.000154729 -0.136183	
5.24	0.00192636 0.000154139 -0.136183	
5.25	0.0019267 0.000153035 -0.136183	
5.26	0.00192664 0.000152778 -0.136183	
5.27	0.00192843 0.000147274 -0.136182	
5.28	0.00192918 0.000145629 -0.136182	
5.29	0.0019299 0.000144078 -0.136182	
5.3	0.00193016 0.000144202 -0.136182	
5.31	0.00193048 0.000143644 -0.136182	
5.32	0.00193051 0.000144229 -0.136182	
5.33	0.00193077 0.000142802 -0.136181	
5.34	0.00193077 0.000142802 -0.136181	
5.35	0.00193081 0.000142614 -0.136181	
5.36	0.00193093 0.000142519 -0.136181	
5.37	0.00193076 0.000143573 -0.136182	
5.38	0.00193076 0.000143573 -0.136182	
5.39	0.00193087 0.000143479 -0.136182	
5.4	0.0019308 0.000143385 -0.136181	
5.41	0.00193076 0.000143573 -0.136182	
5.42	0.0019308 0.000143385 -0.136181	
5.43	0.0019308 0.000143385 -0.136181	
5.44	0.0019308 0.000143385 -0.136181	
5.45	0.00193093 0.000142519 -0.136181	
5.46	0.0019308 0.000143385 -0.136181	
5.47	0.00193076 0.000143573 -0.136182	
5.48	0.0019308 0.000143385 -0.136181	
5.49	0.00193093 0.000142519 -0.136181	
5.5	0.0019308 0.000143385 -0.136181	
5.51	0.00193076 0.000143573 -0.136182	
5.52	0.0019308 0.000143385 -0.136181	
5.53	0.00193076 0.000143573 -0.136182	
5.54	0.0019308 0.000143385 -0.136181	
5.55	0.00193076 0.000143573 -0.136182	
5.56	0.0019308 0.000143385 -0.136181	
5.57	0.00193093 0.000142519 -0.136181	
5.58	0.0019309 0.000142237 -0.136181	
5.59	0.0019308 0.000143385 -0.136181	
5.6	0.0019308 0.000143385 -0.136181	
5.61	0.0019308 0.000143385 -0.136181	
5.62	0.0019308 0.000143385 -0.136181	
5.63	0.0019308 0.000143385 -0.136181	
5.64	0.00193076 0.000143573 -0.136182	
5.65	0.00193097 0.000142331 -0.136181	
5.66	0.0019308 0.000143385 -0.136181	
5.67	0.0019308 0.000143385 -0.136181	
5.68	0.0019308 0.000143385 -0.136181	
5.69	0.00193076 0.000143573 -0.136182	
5.7	0.00193097 0.000142331 -0.136181	
5.71	0.00193068 0.000143479 -0.136182	
5.72	0.0019308 0.000143385 -0.136181	
5.73	0.00193097 0.000142331 -0.136181	
5.74	0.00193068 0.000143479 -0.136182	
5.75	0.0019308 0.000143385 -0.136181	
5.76	0.00193073 0.000143291 -0.136181	
5.77	0.00193097 0.000142331 -0.136181	
5.78	0.00193097 0.000142331 -0.136181	
5.79	0.0019308 0.000143385 -0.136181	
5.8	0.0019308 0.000143385 -0.136181	
5.81	0.00193076 0.000143573 -0.136182	
5.82	0.00193073 0.000143291 -0.136181	
5.83	0.0019308 0.000143385 -0.136181	
5.84	0.0019308 0.000143385 -0.136181	
5.85	0.00193086 0.000142426 -0.136181	
5.86	0.0019308 0.000143385 -0.136181	
5.87	0.0019308 0.000143385 -0.136181	
5.88	0.00193076 0.000143573 -0.136182	
5.89	0.00193093 0.000142519 -0.136181	
