# Gnuplot File : velocities of 1 particle(s) Monitored
# 1st Column : time, others : particle(s) number 0 
0.01	0 0 -0.0365586	
0.02	0 0 -0.0632893	
0.03	8.16539e-17 0 -0.082834	
0.04	5.99501e-17 0 -0.0971245	
0.05	4.36423e-17 0 -0.107573	
0.06	3.20624e-17 0 -0.115213	
0.07	1.04992e-16 0 -0.120799	
0.08	7.67476e-17 0 -0.124884	
0.09	1.40411e-16 0 -0.12787	
0.1	1.02709e-16 0 -0.130054	
0.11	7.59116e-17 0 -0.13165	
0.12	5.64938e-17 0 -0.132818	
0.13	4.16144e-17 0 -0.133671	
0.14	3.07374e-17 0 -0.134295	
0.15	2.25378e-17 0 -0.134752	
0.16	2.25893e-17 0 -0.134752	
0.17	2.27051e-17 0 -0.134752	
0.18	2.76963e-17 0 -0.134752	
0.19	2.55574e-17 0 -0.134752	
0.2	2.32533e-17 0 -0.134752	
0.21	2.45134e-17 0 -0.134752	
0.22	2.64384e-17 0 -0.134752	
0.23	2.63776e-17 0 -0.134752	
0.24	2.61204e-17 0 -0.134752	
0.25	2.58294e-17 0 -0.134752	
0.26	2.52995e-17 0 -0.134752	
0.27	2.50612e-17 0 -0.134752	
0.28	2.46338e-17 0 -0.134752	
0.29	2.41603e-17 0 -0.134752	
0.3	2.3763e-17 0 -0.134752	
0.31	2.34353e-17 0 -0.134752	
0.32	2.30779e-17 0 -0.134752	
0.33	2.31259e-17 0 -0.134752	
0.34	2.33394e-17 0 -0.134752	
0.35	2.39789e-17 0 -0.134752	
0.36	2.43804e-17 0 -0.134752	
0.37	2.47013e-17 0 -0.134752	
0.38	2.48422e-17 0 -0.134752	
0.39	2.51726e-17 0 -0.134752	
0.4	2.55024e-17 0 -0.134752	
0.41	2.54673e-17 0 -0.134752	
0.42	2.56518e-17 0 -0.134752	
0.43	2.57074e-17 0 -0.134752	
0.44	2.59227e-17 0 -0.134752	
0.45	2.59787e-17 0 -0.134752	
0.46	2.58538e-17 0 -0.134752	
0.47	2.60018e-17 0 -0.134752	
0.48	2.64821e-17 0 -0.134752	
0.49	2.63115e-17 0 -0.134752	
0.5	2.62999e-17 0 -0.134752	
0.51	2.63231e-17 0 -0.134752	
0.52	2.65108e-17 0 -0.134752	
0.53	2.67181e-17 0 -0.134752	
0.54	2.70804e-17 0 -0.134752	
0.55	2.73884e-17 0 -0.134752	
0.56	2.75949e-17 0 -0.134752	
0.57	2.7818e-17 0 -0.134752	
0.58	2.73394e-17 0 -0.134752	
0.59	2.69994e-17 0 -0.134752	
0.6	2.68772e-17 0 -0.134752	
0.61	2.67041e-17 0 -0.134752	
0.62	2.65705e-17 0 -0.134752	
0.63	2.63342e-17 0 -0.134752	
0.64	2.61247e-17 0 -0.134752	
0.65	2.59059e-17 0 -0.134752	
0.66	2.59508e-17 0 -0.134752	
0.67	2.5812e-17 0 -0.134752	
0.68	2.57961e-17 0 -0.134752	
0.69	2.57647e-17 0 -0.134752	
0.7	2.5668e-17 0 -0.134752	
0.71	2.56371e-17 0 -0.134752	
0.72	2.56068e-17 0 -0.134752	
0.73	2.5514e-17 0 -0.134752	
0.74	2.55026e-17 0 -0.134752	
0.75	2.53091e-17 0 -0.134752	
0.76	2.5277e-17 0 -0.134752	
0.77	2.54161e-17 0 -0.134752	
0.78	2.54869e-17 0 -0.134752	
0.79	2.56857e-17 0 -0.134752	
0.8	2.60713e-17 0 -0.134752	
0.81	2.58905e-17 0 -0.134752	
0.82	2.58538e-17 0 -0.134752	
0.83	2.57461e-17 0 -0.134752	
0.84	2.56371e-17 0 -0.134752	
0.85	2.55991e-17 0 -0.134752	
0.86	2.56108e-17 0 -0.134752	
0.87	2.54146e-17 0 -0.134752	
0.88	2.54059e-17 0 -0.134752	
0.89	2.53673e-17 0 -0.134752	
0.9	2.53478e-17 0 -0.134752	
0.91	2.52601e-17 0 -0.134752	
0.92	2.50844e-17 0 -0.134752	
0.93	2.4967e-17 0 -0.134752	
0.94	2.47801e-17 0 -0.134752	
0.95	2.46712e-17 0 -0.134752	
0.96	2.44979e-17 0 -0.134752	
0.97	2.4408e-17 0 -0.134752	
0.98	2.42814e-17 0 -0.134752	
0.99	2.41945e-17 0 -0.134752	
1	2.41608e-17 0 -0.134752	
1.01	2.40606e-17 0 -0.134752	
1.02	2.39485e-17 0 -0.134752	
1.03	2.38689e-17 0 -0.134752	
1.04	2.35986e-17 0 -0.134752	
1.05	2.34387e-17 0 -0.134752	
1.06	2.34086e-17 0 -0.134752	
1.07	2.35637e-17 0 -0.134752	
1.08	2.36238e-17 0 -0.134752	
1.09	2.37697e-17 0 -0.134752	
1.1	2.39111e-17 0 -0.134752	
1.11	2.39532e-17 0 -0.134752	
1.12	2.40955e-17 0 -0.134752	
1.13	2.37522e-17 0 -0.134752	
1.14	2.34111e-17 0 -0.134752	
1.15	2.30952e-17 0 -0.134752	
1.16	2.28427e-17 0 -0.134752	
1.17	2.26941e-17 0 -0.134752	
1.18	2.26184e-17 0 -0.134752	
1.19	2.24245e-17 0 -0.134752	
1.2	2.25287e-17 0 -0.134752	
1.21	2.25439e-17 0 -0.134752	
1.22	2.26831e-17 0 -0.134752	
1.23	2.27721e-17 0 -0.134752	
1.24	2.29377e-17 0 -0.134752	
1.25	2.29136e-17 0 -0.134752	
1.26	2.30145e-17 0 -0.134752	
1.27	2.30969e-17 0 -0.134752	
1.28	2.31311e-17 0 -0.134752	
1.29	2.30908e-17 0 -0.134752	
1.3	2.31193e-17 0 -0.134752	
1.31	2.31505e-17 0 -0.134752	
1.32	2.3151e-17 0 -0.134752	
1.33	2.31081e-17 0 -0.134752	
1.34	2.30863e-17 0 -0.134752	
1.35	2.34293e-17 0 -0.134752	
1.36	2.3694e-17 0 -0.134752	
1.37	2.37659e-17 0 -0.134752	
1.38	2.36943e-17 0 -0.134752	
1.39	2.37148e-17 0 -0.134752	
1.4	2.40455e-17 0 -0.134752	
1.41	2.42634e-17 0 -0.134752	
1.42	2.44653e-17 0 -0.134752	
1.43	2.43916e-17 0 -0.134752	
1.44	2.44419e-17 0 -0.134752	
1.45	2.44836e-17 0 -0.134752	
1.46	2.45488e-17 0 -0.134752	
1.47	2.46617e-17 0 -0.134752	
1.48	2.47614e-17 0 -0.134752	
1.49	2.47575e-17 0 -0.134752	
1.5	2.48193e-17 0 -0.134752	
1.51	2.48606e-17 0 -0.134752	
1.52	2.50168e-17 0 -0.134752	
1.53	2.50719e-17 0 -0.134752	
1.54	2.52593e-17 0 -0.134752	
1.55	0.189634 0.69325 -0.36475	
1.56	0.480414 1.07218 -0.971312	
1.57	0.759057 1.64386 -1.55978	
1.58	0.846283 2.20125 -1.91058	
1.59	1.56134 2.15476 -3.53344	
1.6	1.61699 1.78354 -3.97157	
1.61	1.2572 2.56061 -2.83411	
1.62	0.939976 2.68293 -2.31802	
1.63	1.47014 1.81081 -3.99518	
1.64	1.42784 1.45546 -3.86841	
1.65	1.38377 2.01297 -3.83147	
1.66	1.68292 2.10018 -4.51965	
1.67	1.72443 1.77759 -4.71698	
1.68	1.91873 0.250025 -5.26336	
1.69	1.96268 0.0352495 -5.51291	
1.7	1.69962 0.567137 -5.13181	
1.71	1.31954 0.230844 -4.49108	
1.72	1.80953 0.78067 -4.91832	
1.73	1.47861 0.885687 -4.01363	
1.74	1.08064 0.654057 -2.97336	
1.75	0.789761 0.483261 -2.21224	
1.76	0.57716 0.356976 -1.65523	
1.77	0.421973 0.261382 -1.24693	
1.78	0.308611 0.190098 -0.94795	
1.79	0.225664 0.138828 -0.729627	
1.8	0.165028 0.101127 -0.569918	
1.81	0.120666 0.0739115 -0.453257	
1.82	0.0882103 0.0542705 -0.368042	
1.83	0.0644816 0.0398777 -0.305723	
1.84	0.0471488 0.0291438 -0.260092	
1.85	0.0344817 0.0212069 -0.226698	
1.86	0.0252233 0.0153587 -0.202266	
1.87	0.0184511 0.0111141 -0.184412	
1.88	0.0134961 0.00805243 -0.17137	
1.89	0.00986862 0.00587872 -0.161857	
1.9	0.00721548 0.0042977 -0.154903	
1.91	0.00527645 0.00313106 -0.149815	
1.92	0.0038586 0.00227895 -0.146096	
1.93	0.00282205 0.00165348 -0.143375	
1.94	0.00206361 0.00120573 -0.141389	
1.95	0.00150887 0.000881145 -0.139938	
1.96	0.00110338 0.00064184 -0.138877	
1.97	0.000806842 0.000467857 -0.138101	
1.98	0.000590021 0.000340721 -0.137534	
1.99	0.00059005 0.000339904 -0.137533	
2	0.00059011 0.000339167 -0.137533	
2.01	0.00059016 0.000338269 -0.137533	
2.02	0.00059015 0.000338134 -0.137533	
2.03	0.000590269 0.000336282 -0.137532	
2.04	0.000590281 0.000336064 -0.137532	
2.05	0.000590236 0.000336458 -0.137532	
2.06	0.000590203 0.000336862 -0.137532	
2.07	0.000590193 0.000336576 -0.137532	
2.08	0.00059022 0.00033546 -0.137532	
2.09	0.000590181 0.000335261 -0.137531	
2.1	0.00059027 0.000333496 -0.137531	
2.11	0.0005903 0.000332872 -0.13753	
2.12	0.000590362 0.000331597 -0.13753	
2.13	0.000590342 0.000331518 -0.13753	
2.14	0.000590441 0.000329227 -0.137529	
2.15	0.000590497 0.000327955 -0.137528	
2.16	0.000590579 0.000325885 -0.137528	
2.17	0.000590634 0.000324152 -0.137527	
2.18	0.000590664 0.000323069 -0.137526	
2.19	0.000590767 0.000321561 -0.137526	
2.2	0.000590781 0.000321241 -0.137526	
2.21	0.000590919 0.00031952 -0.137525	
2.22	0.000590957 0.000319048 -0.137525	
2.23	0.00059098 0.00031891 -0.137525	
2.24	0.000590928 0.000320134 -0.137526	
2.25	0.000590886 0.00032124 -0.137526	
2.26	0.000590799 0.000323877 -0.137527	
2.27	0.00059075 0.000325359 -0.137528	
2.28	0.00059074 0.000325803 -0.137528	
2.29	0.000590738 0.000325852 -0.137528	
2.3	0.000590783 0.00032554 -0.137528	
2.31	0.000590889 0.000323705 -0.137527	
2.32	0.000590845 0.000324388 -0.137527	
2.33	0.000590876 0.000323619 -0.137527	
2.34	0.000590919 0.000322658 -0.137527	
2.35	0.000590961 0.000321923 -0.137526	
2.36	0.000591012 0.000320872 -0.137526	
2.37	0.000591053 0.000320296 -0.137526	
2.38	0.00059102 0.000320816 -0.137526	
2.39	0.000591003 0.000321481 -0.137526	
2.4	0.000590928 0.000323479 -0.137527	
2.41	0.000590912 0.000324014 -0.137527	
2.42	0.000590901 0.000324252 -0.137528	
2.43	0.000590839 0.000325552 -0.137528	
2.44	0.000590756 0.000326791 -0.137528	
2.45	0.000590702 0.000327446 -0.137529	
2.46	0.000590626 0.000329216 -0.137529	
2.47	0.000590569 0.000330009 -0.13753	
2.48	0.000590537 0.000330696 -0.13753	
2.49	0.000590535 0.000331353 -0.13753	
2.5	0.000590454 0.000332561 -0.137531	
2.51	0.000590383 0.000333797 -0.137531	
2.52	0.000590323 0.000334689 -0.137531	
2.53	0.000590264 0.000335363 -0.137532	
2.54	0.000590154 0.000336439 -0.137532	
2.55	0.000590102 0.000337018 -0.137532	
2.56	0.000590035 0.000338058 -0.137532	
2.57	0.000589893 0.000339644 -0.137533	
2.58	0.000589851 0.000340148 -0.137533	
2.59	0.000589712 0.000341506 -0.137533	
2.6	0.00058959 0.000342637 -0.137534	
2.61	0.00058946 0.000343975 -0.137534	
2.62	0.000589277 0.000345728 -0.137535	
2.63	0.000589169 0.000346752 -0.137535	
2.64	0.000589145 0.000347025 -0.137535	
2.65	0.000589043 0.000348525 -0.137535	
2.66	0.000588988 0.000348887 -0.137535	
2.67	0.000588922 0.000349741 -0.137536	
2.68	0.000588831 0.000350532 -0.137536	
2.69	0.000588736 0.000351449 -0.137536	
2.7	0.00058873 0.000351374 -0.137536	
2.71	0.000588606 0.000352774 -0.137536	
2.72	0.000588524 0.000353655 -0.137537	
2.73	0.000588445 0.000354298 -0.137537	
2.74	0.000588305 0.000355863 -0.137537	
2.75	0.000588295 0.000355527 -0.137537	
2.76	0.000588236 0.00035583 -0.137537	
2.77	0.000588003 0.000357745 -0.137538	
2.78	0.000587818 0.000358935 -0.137538	
2.79	0.000587616 0.000360254 -0.137538	
2.8	0.000587384 0.000361906 -0.137538	
2.81	0.000587182 0.000363634 -0.137539	
2.82	0.000586987 0.000364478 -0.137539	
2.83	0.000586751 0.000366324 -0.137539	
2.84	0.000586631 0.000367359 -0.137539	
2.85	0.000586412 0.000368997 -0.13754	
2.86	0.000586189 0.000370745 -0.13754	
2.87	0.000586113 0.000371358 -0.13754	
2.88	0.000585926 0.000372242 -0.13754	
2.89	0.000585831 0.000372753 -0.13754	
2.9	0.000585749 0.000372492 -0.13754	
2.91	0.000585667 0.000372661 -0.13754	
2.92	0.000585591 0.000372843 -0.13754	
2.93	0.000585567 0.000372612 -0.137539	
2.94	0.000585574 0.000372123 -0.137539	
2.95	0.000585701 0.000369973 -0.137538	
2.96	0.00058576 0.000368756 -0.137538	
2.97	0.000585713 0.000368344 -0.137538	
2.98	0.000585696 0.000367297 -0.137537	
2.99	0.0547632 -0.772164 4.73012	
3	0.0699762 -0.8363 4.91954	
3.01	0.0545983 -0.630849 4.24228	
3.02	0.0436146 -0.62188 4.54414	
3.03	0.0346967 -0.709994 4.75431	
3.04	0.0246697 -0.507272 3.43538	
3.05	0.0204884 -0.383134 2.5387	
3.06	0.0389138 -0.695742 4.78371	
3.07	0.0593112 -0.791415 4.68675	
3.08	0.06936 -0.775293 4.34588	
3.09	0.382576 1.52776 2.12751	
3.1	0.535285 3.02369 1.18757	
3.11	0.0816008 3.33194 1.39926	
3.12	0.0165663 3.90201 1.30342	
3.13	-0.792153 3.75545 2.58232	
3.14	-1.28895 4.67898 2.86666	
3.15	-1.65117 3.28612 4.2809	
3.16	-1.07947 1.6628 5.58766	
3.17	-2.98283 0.507905 0.0616824	
3.18	-4.96458 -0.0932776 6.41268	
3.19	-3.02566 -0.836726 5.96409	
3.2	-1.99984 -1.25152 4.80298	
3.21	-1.6976 -0.841521 5.45293	
3.22	-1.57057 -0.688729 5.79709	
3.23	-2.58721 -0.383377 6.51043	
3.24	-1.97563 -0.436285 4.87868	
3.25	-1.44518 -0.328762 3.53304	
3.26	-1.05722 -0.246669 2.54865	
3.27	-0.773033 -0.180021 1.82699	
3.28	-0.565554 -0.132644 1.30033	
3.29	-0.413894 -0.0997703 0.915467	
3.3	-0.303004 -0.0780821 0.634181	
3.31	-0.221849 -0.0605136 0.428205	
3.32	-2.06084 -0.179552 3.82757	
3.33	-2.00574 -0.523642 3.85735	
3.34	-3.03288 -0.188347 5.20273	
3.35	-2.61088 0.754517 5.26156	
3.36	-1.8228 1.63683 3.56952	
3.37	-1.08185 2.4416 2.61403	
3.38	-0.735129 2.32713 2.12284	
3.39	-0.537576 1.71088 1.51288	
3.4	-0.393062 1.25475 1.06844	
3.41	-0.0650626 0.152348 4.09433	
3.42	-0.0191106 -0.299594 4.71716	
3.43	0.0306699 -0.543797 4.87918	
3.44	0.0412336 -0.511146 4.10323	
3.45	0.050875 -0.64956 4.42815	
3.46	0.035968 -0.460361 3.19674	
3.47	0.0252074 -0.323593 2.29652	
3.48	0.0179477 -0.230772 1.64037	
3.49	0.0128275 -0.165129 1.16129	
3.5	0.0092948 -0.119724 0.81217	
3.51	0.00693196 -0.089183 0.557924	
3.52	0.00515404 -0.0662342 0.371744	
3.53	0.00384092 -0.0493057 0.235598	
3.54	0.0028161 -0.0361461 0.135749	
3.55	0.00206171 -0.026469 0.0627452	
3.56	0.0014924 -0.0191682 0.00923401	
3.57	0.00109238 -0.0140297 -0.0298008	
3.58	0.000800594 -0.01028 -0.0583428	
3.59	0.000589073 -0.00756148 -0.0791985	
3.6	0.000433392 -0.0055587 -0.0944648	
3.61	0.000323223 -0.00413887 -0.105609	
3.62	0.000245172 -0.00313023 -0.113748	
3.63	0.000183606 -0.00233893 -0.119718	
3.64	0.000136593 -0.00173768 -0.124086	
3.65	0.000100407 -0.0012768 -0.127285	
3.66	7.36899e-05 -0.000937202 -0.129623	
3.67	5.3707e-05 -0.00068362 -0.131334	
3.68	3.92939e-05 -0.000500415 -0.132585	
3.69	2.9357e-05 -0.000373644 -0.133498	
3.7	2.16894e-05 -0.000275997 -0.134167	
3.71	2.17452e-05 -0.000276791 -0.134166	
3.72	2.16336e-05 -0.000275627 -0.134166	
3.73	2.14487e-05 -0.00027355 -0.134166	
3.74	2.15161e-05 -0.000274485 -0.134165	
3.75	2.13113e-05 -0.000272155 -0.134165	
3.76	2.12722e-05 -0.000271718 -0.134165	
3.77	2.12586e-05 -0.000271537 -0.134165	
3.78	2.07804e-05 -0.000265853 -0.134167	
3.79	-3.75524 -0.734895 4.33055	
3.8	-3.5891 -0.694085 3.3173	
3.81	-4.4311 -0.710603 4.88059	
3.82	-4.43124 -0.772695 4.87918	
3.83	-3.69094 -0.686653 5.36627	
3.84	-3.28708 -0.638677 4.09014	
3.85	-2.38123 -0.401331 2.939	
3.86	-1.754 -0.330057 2.12163	
3.87	-1.28219 -0.234716 1.51642	
3.88	-0.940221 -0.176052 1.07523	
3.89	-0.68949 -0.133535 0.751384	
3.9	-0.505682 -0.101574 0.51409	
3.91	-0.370749 -0.0764517 0.340276	
3.92	-0.769656 -0.575394 -0.310967	
3.93	-2.73113 -1.88128 -1.12676	
3.94	-3.75771 -0.8648 -1.53725	
3.95	-2.74599 -0.640438 -1.15774	
3.96	-2.00599 -0.464644 -0.883269	
3.97	-1.46645 -0.335295 -0.683442	
3.98	-1.07168 -0.239381 -0.537573	
3.99	-0.783178 -0.170898 -0.43054	
4	-0.572876 -0.122855 -0.352015	
4.01	-0.418984 -0.0901066 -0.293916	
4.02	-0.306504 -0.0663677 -0.251399	
4.03	-0.224286 -0.0486784 -0.22041	
4.04	-0.16467 -0.0358548 -0.197933	
4.05	-0.120407 -0.026163 -0.181298	
4.06	-0.0880533 -0.0189871 -0.169163	
4.07	-0.0644192 -0.0136732 -0.160317	
4.08	-0.0471166 -0.0099444 -0.153799	
4.09	-0.0344434 -0.00716009 -0.149038	
4.1	-0.0251852 -0.0052312 -0.145533	
4.11	-0.0184101 -0.00378988 -0.142976	
4.12	-0.0134577 -0.00276064 -0.1411	
4.13	-0.0098387 -0.0020164 -0.139727	
4.14	-0.00719361 -0.0014727 -0.138723	
4.15	-0.00525964 -0.0010756 -0.13799	
4.16	-0.0038457 -0.000786441 -0.137453	
4.17	-0.00281194 -0.000575646 -0.13706	
4.18	-0.00205596 -0.000420435 -0.136773	
4.19	-0.00150326 -0.000307409 -0.136563	
4.2	-0.00150326 -0.000307409 -0.136563	
4.21	-0.00150326 -0.000307409 -0.136563	
4.22	-0.00150334 -0.000306711 -0.136564	
4.23	-0.00150326 -0.000307409 -0.136563	
4.24	-0.00150326 -0.000307409 -0.136563	
4.25	-0.00150326 -0.000307409 -0.136563	
4.26	-0.00150338 -0.000307047 -0.136564	
4.27	-0.00150326 -0.000307409 -0.136563	
4.28	-0.00150334 -0.000306711 -0.136564	
4.29	-0.00150334 -0.000306711 -0.136564	
4.3	-0.00150326 -0.000307409 -0.136563	
4.31	-0.00150326 -0.000307409 -0.136563	
4.32	-0.00150334 -0.000306711 -0.136564	
4.33	-0.00150334 -0.000306711 -0.136564	
4.34	-0.00150326 -0.000307409 -0.136563	
4.35	-0.0015033 -0.000307744 -0.136563	
4.36	-0.00150326 -0.000307409 -0.136563	
4.37	-0.00150326 -0.000307409 -0.136563	
4.38	-0.0015033 -0.000307744 -0.136563	
4.39	-0.00150332 -0.000307559 -0.136563	
4.4	-0.00150326 -0.000307409 -0.136563	
4.41	-0.0015033 -0.000307744 -0.136563	
4.42	-0.00150326 -0.000307409 -0.136563	
