# Gnuplot File : velocities of 1 particle(s) Monitored
# 1st Column : time, others : particle(s) number 0 
0.01	7.69631e-17 0 -0.0365586	
0.02	5.62603e-17 0 -0.0632893	
0.03	4.1136e-17 0 -0.082834	
0.04	3.00775e-17 0 -0.0971245	
0.05	2.46931e-17 0 -0.107573	
0.06	1.80445e-17 0 -0.115213	
0.07	1.31937e-17 0 -0.120799	
0.08	1.2341e-17 0 -0.124884	
0.09	9.01819e-18 0 -0.12787	
0.1	9.10407e-18 0 -0.130054	
0.11	6.70676e-18 0 -0.13165	
0.12	4.9695e-18 0 -0.132818	
0.13	4.02494e-18 0 -0.133671	
0.14	9.98558e-17 0 -0.134295	
0.15	6.53742e-17 0 -0.134752	
0.16	6.72651e-17 0 -0.134752	
0.17	6.80955e-17 0 -0.134752	
0.18	6.94868e-17 0 -0.134752	
0.19	6.89706e-17 0 -0.134752	
0.2	6.90337e-17 0 -0.134752	
0.21	6.87579e-17 0 -0.134752	
0.22	6.74127e-17 0 -0.134752	
0.23	6.42686e-17 0 -0.134752	
0.24	6.2861e-17 0 -0.134752	
0.25	6.02282e-17 0 -0.134752	
0.26	5.87637e-17 0 -0.134752	
0.27	5.66641e-17 0 -0.134752	
0.28	5.61997e-17 0 -0.134752	
0.29	5.62839e-17 0 -0.134752	
0.3	5.6133e-17 0 -0.134752	
0.31	5.68428e-17 0 -0.134752	
0.32	5.78502e-17 0 -0.134752	
0.33	5.95809e-17 0 -0.134752	
0.34	6.08854e-17 0 -0.134752	
0.35	6.17977e-17 0 -0.134752	
0.36	6.31565e-17 0 -0.134752	
0.37	6.37221e-17 0 -0.134752	
0.38	6.45532e-17 0 -0.134752	
0.39	6.47221e-17 0 -0.134752	
0.4	6.54397e-17 0 -0.134752	
0.41	6.55182e-17 0 -0.134752	
0.42	6.61338e-17 0 -0.134752	
0.43	6.6506e-17 0 -0.134752	
0.44	6.77542e-17 0 -0.134752	
0.45	6.86069e-17 0 -0.134752	
0.46	6.92124e-17 0 -0.134752	
0.47	7.03561e-17 0 -0.134752	
0.48	7.11794e-17 0 -0.134752	
0.49	7.19547e-17 0 -0.134752	
0.5	7.20042e-17 0 -0.134752	
0.51	7.21779e-17 0 -0.134752	
0.52	7.25176e-17 0 -0.134752	
0.53	7.31558e-17 0 -0.134752	
0.54	7.31642e-17 0 -0.134752	
0.55	7.30176e-17 0 -0.134752	
0.56	7.27898e-17 0 -0.134752	
0.57	7.22584e-17 0 -0.134752	
0.58	7.18089e-17 0 -0.134752	
0.59	7.1842e-17 0 -0.134752	
0.6	7.15878e-17 0 -0.134752	
0.61	7.15622e-17 0 -0.134752	
0.62	7.14888e-17 0 -0.134752	
0.63	7.14913e-17 0 -0.134752	
0.64	7.14798e-17 0 -0.134752	
0.65	7.14543e-17 0 -0.134752	
0.66	7.11103e-17 0 -0.134752	
0.67	7.08458e-17 0 -0.134752	
0.68	7.07015e-17 0 -0.134752	
0.69	7.05733e-17 0 -0.134752	
0.7	7.04128e-17 0 -0.134752	
0.71	7.05128e-17 0 -0.134752	
0.72	7.00675e-17 0 -0.134752	
0.73	7.00137e-17 0 -0.134752	
0.74	6.9745e-17 0 -0.134752	
0.75	6.95978e-17 0 -0.134752	
0.76	6.88827e-17 0 -0.134752	
0.77	6.88426e-17 0 -0.134752	
0.78	6.84997e-17 0 -0.134752	
0.79	6.84807e-17 0 -0.134752	
0.8	6.90915e-17 0 -0.134752	
0.81	6.93382e-17 0 -0.134752	
0.82	6.97512e-17 0 -0.134752	
0.83	7.02983e-17 0 -0.134752	
0.84	7.17153e-17 0 -0.134752	
0.85	7.22064e-17 0 -0.134752	
0.86	7.26377e-17 0 -0.134752	
0.87	7.29102e-17 0 -0.134752	
0.88	7.34701e-17 0 -0.134752	
0.89	7.33654e-17 0 -0.134752	
0.9	7.33463e-17 0 -0.134752	
0.91	7.36597e-17 0 -0.134752	
0.92	7.37476e-17 0 -0.134752	
0.93	7.38327e-17 0 -0.134752	
0.94	7.38977e-17 0 -0.134752	
0.95	7.44426e-17 0 -0.134752	
0.96	7.45886e-17 0 -0.134752	
0.97	7.45647e-17 0 -0.134752	
0.98	7.45621e-17 0 -0.134752	
0.99	7.42491e-17 0 -0.134752	
1	7.43322e-17 0 -0.134752	
1.01	7.45874e-17 0 -0.134752	
1.02	7.47565e-17 0 -0.134752	
1.03	7.53345e-17 0 -0.134752	
1.04	7.56139e-17 0 -0.134752	
1.05	7.52941e-17 0 -0.134752	
1.06	7.53502e-17 0 -0.134752	
1.07	7.52313e-17 0 -0.134752	
1.08	7.48862e-17 0 -0.134752	
1.09	7.44193e-17 0 -0.134752	
1.1	7.43055e-17 0 -0.134752	
1.11	7.43273e-17 0 -0.134752	
1.12	7.43559e-17 0 -0.134752	
1.13	7.44391e-17 0 -0.134752	
1.14	7.42915e-17 0 -0.134752	
1.15	7.44313e-17 0 -0.134752	
1.16	7.45711e-17 0 -0.134752	
1.17	7.45394e-17 0 -0.134752	
1.18	7.39338e-17 0 -0.134752	
1.19	7.38166e-17 0 -0.134752	
1.2	7.42736e-17 0 -0.134752	
1.21	7.42534e-17 0 -0.134752	
1.22	7.44241e-17 0 -0.134752	
1.23	7.45683e-17 0 -0.134752	
1.24	7.41423e-17 0 -0.134752	
1.25	7.41132e-17 0 -0.134752	
1.26	7.37114e-17 0 -0.134752	
1.27	7.37974e-17 0 -0.134752	
1.28	7.35681e-17 0 -0.134752	
1.29	7.36545e-17 0 -0.134752	
1.3	7.38376e-17 0 -0.134752	
1.31	7.3737e-17 0 -0.134752	
1.32	7.39392e-17 0 -0.134752	
1.33	7.44628e-17 0 -0.134752	
1.34	7.54037e-17 0 -0.134752	
1.35	7.56417e-17 0 -0.134752	
1.36	7.5659e-17 0 -0.134752	
1.37	7.56907e-17 0 -0.134752	
1.38	7.45509e-17 0 -0.134752	
1.39	7.38018e-17 0 -0.134752	
1.4	7.34092e-17 0 -0.134752	
1.41	7.32574e-17 0 -0.134752	
1.42	7.31867e-17 0 -0.134752	
1.43	7.30454e-17 0 -0.134752	
1.44	7.31968e-17 0 -0.134752	
1.45	7.3537e-17 0 -0.134752	
1.46	7.36441e-17 0 -0.134752	
1.47	7.39323e-17 0 -0.134752	
1.48	7.3834e-17 0 -0.134752	
1.49	7.40566e-17 0 -0.134752	
1.5	7.38577e-17 0 -0.134752	
1.51	7.37417e-17 0 -0.134752	
1.52	7.35193e-17 0 -0.134752	
1.53	7.33809e-17 0 -0.134752	
1.54	7.33207e-17 0 -0.134752	
1.55	7.33169e-17 0 -0.134752	
1.56	7.3583e-17 0 -0.134752	
1.57	7.34276e-17 0 -0.134752	
1.58	7.32416e-17 0 -0.134752	
1.59	7.37476e-17 0 -0.134752	
1.6	7.41682e-17 0 -0.134752	
1.61	7.43137e-17 0 -0.134752	
1.62	7.43506e-17 0 -0.134752	
1.63	7.45456e-17 0 -0.134752	
1.64	7.49765e-17 0 -0.134752	
1.65	7.51902e-17 0 -0.134752	
1.66	7.53752e-17 0 -0.134752	
1.67	7.55119e-17 0 -0.134752	
1.68	7.5523e-17 0 -0.134752	
1.69	7.48423e-17 0 -0.134752	
1.7	7.51045e-17 0 -0.134752	
1.71	7.52567e-17 0 -0.134752	
1.72	7.51429e-17 0 -0.134752	
1.73	7.50254e-17 0 -0.134752	
1.74	7.52764e-17 0 -0.134752	
1.75	7.51204e-17 0 -0.134752	
1.76	7.50596e-17 0 -0.134752	
1.77	7.50203e-17 0 -0.134752	
1.78	7.51811e-17 0 -0.134752	
1.79	7.47749e-17 0 -0.134752	
1.8	7.48858e-17 0 -0.134752	
1.81	7.47734e-17 0 -0.134752	
1.82	7.52711e-17 0 -0.134752	
1.83	7.59477e-17 0 -0.134752	
1.84	7.67871e-17 0 -0.134752	
1.85	7.73637e-17 0 -0.134752	
1.86	7.76518e-17 0 -0.134752	
1.87	7.81357e-17 0 -0.134752	
1.88	7.8803e-17 0 -0.134752	
1.89	7.91823e-17 0 -0.134752	
1.9	7.91562e-17 0 -0.134752	
1.91	7.91823e-17 0 -0.134752	
1.92	7.94435e-17 0 -0.134752	
1.93	7.97568e-17 0 -0.134752	
1.94	7.97568e-17 0 -0.134752	
1.95	7.97307e-17 0 -0.134752	
1.96	7.95353e-17 0 -0.134752	
1.97	7.96271e-17 0 -0.134752	
1.98	7.99942e-17 0 -0.134752	
1.99	8.02748e-17 0 -0.134752	
2	8.0636e-17 0 -0.134752	
2.01	8.11201e-17 0 -0.134752	
2.02	8.09845e-17 0 -0.134752	
2.03	8.16575e-17 0 -0.134752	
2.04	8.18083e-17 0 -0.134752	
2.05	8.19795e-17 0 -0.134752	
2.06	8.24365e-17 0 -0.134752	
2.07	8.29846e-17 0 -0.134752	
2.08	8.35204e-17 0 -0.134752	
2.09	8.37563e-17 0 -0.134752	
2.1	8.44595e-17 0 -0.134752	
2.11	8.50966e-17 0 -0.134752	
2.12	8.53578e-17 0 -0.134752	
2.13	8.61616e-17 0 -0.134752	
2.14	8.66037e-17 0 -0.134752	
2.15	8.68642e-17 0 -0.134752	
2.16	8.68152e-17 0 -0.134752	
2.17	8.65079e-17 0 -0.134752	
2.18	8.64907e-17 0 -0.134752	
2.19	8.63509e-17 0 -0.134752	
2.2	8.64121e-17 0 -0.134752	
2.21	8.63631e-17 0 -0.134752	
2.22	8.62372e-17 0 -0.134752	
2.23	8.65886e-17 0 -0.134752	
2.24	8.68374e-17 0 -0.134752	
2.25	8.6893e-17 0 -0.134752	
2.26	8.71366e-17 0 -0.134752	
2.27	8.73413e-17 0 -0.134752	
2.28	8.7204e-17 0 -0.134752	
2.29	8.77243e-17 0 -0.134752	
2.3	8.76588e-17 0 -0.134752	
2.31	8.77865e-17 0 -0.134752	
2.32	8.75472e-17 0 -0.134752	
2.33	8.75539e-17 0 -0.134752	
2.34	8.68264e-17 0 -0.134752	
2.35	8.64728e-17 0 -0.134752	
2.36	8.62216e-17 0 -0.134752	
2.37	8.62399e-17 0 -0.134752	
2.38	8.66136e-17 0 -0.134752	
2.39	8.68393e-17 0 -0.134752	
2.4	8.70649e-17 0 -0.134752	
2.41	8.76384e-17 0 -0.134752	
2.42	8.79283e-17 0 -0.134752	
2.43	8.82208e-17 0 -0.134752	
2.44	8.85134e-17 0 -0.134752	
2.45	8.77386e-17 0 -0.134752	
2.46	8.73371e-17 0 -0.134752	
2.47	8.68708e-17 0 -0.134752	
2.48	8.64423e-17 0 -0.134752	
2.49	8.59723e-17 0 -0.134752	
2.5	8.56659e-17 0 -0.134752	
2.51	8.50279e-17 0 -0.134752	
2.52	8.51015e-17 0 -0.134752	
2.53	8.49198e-17 0 -0.134752	
2.54	8.4867e-17 0 -0.134752	
2.55	8.47496e-17 0 -0.134752	
2.56	8.46392e-17 0 -0.134752	
2.57	8.49947e-17 0 -0.134752	
2.58	8.51494e-17 0 -0.134752	
2.59	8.53835e-17 0 -0.134752	
2.6	8.5453e-17 0 -0.134752	
2.61	8.49772e-17 0 -0.134752	
2.62	8.40422e-17 0 -0.134752	
2.63	8.34818e-17 0 -0.134752	
2.64	8.32045e-17 0 -0.134752	
2.65	8.28274e-17 0 -0.134752	
2.66	8.23523e-17 0 -0.134752	
2.67	8.23304e-17 0 -0.134752	
2.68	8.21164e-17 0 -0.134752	
2.69	8.17998e-17 0 -0.134752	
2.7	8.14636e-17 0 -0.134752	
2.71	8.11234e-17 0 -0.134752	
2.72	8.11621e-17 0 -0.134752	
2.73	8.08243e-17 0 -0.134752	
2.74	8.07542e-17 0 -0.134752	
2.75	8.05119e-17 0 -0.134752	
2.76	8.06116e-17 0 -0.134752	
2.77	8.03469e-17 0 -0.134752	
2.78	8.00018e-17 0 -0.134752	
2.79	7.9805e-17 0 -0.134752	
2.8	7.96437e-17 0 -0.134752	
2.81	7.9101e-17 0 -0.134752	
2.82	7.87374e-17 0 -0.134752	
2.83	7.81641e-17 0 -0.134752	
2.84	7.76106e-17 0 -0.134752	
2.85	7.75038e-17 0 -0.134752	
2.86	7.73502e-17 0 -0.134752	
2.87	7.67511e-17 0 -0.134752	
2.88	7.6727e-17 0 -0.134752	
2.89	7.65201e-17 0 -0.134752	
2.9	7.64951e-17 0 -0.134752	
2.91	7.66716e-17 0 -0.134752	
2.92	7.70294e-17 0 -0.134752	
2.93	7.69166e-17 0 -0.134752	
2.94	7.65923e-17 0 -0.134752	
2.95	7.65837e-17 0 -0.134752	
2.96	7.69529e-17 0 -0.134752	
2.97	7.71955e-17 0 -0.134752	
2.98	7.74263e-17 0 -0.134752	
2.99	7.73398e-17 0 -0.134752	
3	7.69504e-17 0 -0.134752	
3.01	7.67887e-17 0 -0.134752	
3.02	7.63199e-17 0 -0.134752	
3.03	7.59573e-17 0 -0.134752	
3.04	7.61583e-17 0 -0.134752	
3.05	7.59772e-17 0 -0.134752	
3.06	7.60839e-17 0 -0.134752	
3.07	7.62811e-17 0 -0.134752	
3.08	7.64784e-17 0 -0.134752	
3.09	7.66628e-17 0 -0.134752	
3.1	7.72782e-17 0 -0.134752	
3.11	7.77095e-17 0 -0.134752	
3.12	7.82211e-17 0 -0.134752	
3.13	7.81016e-17 0 -0.134752	
3.14	7.81072e-17 0 -0.134752	
3.15	7.84357e-17 0 -0.134752	
3.16	7.87298e-17 0 -0.134752	
3.17	7.89455e-17 0 -0.134752	
3.18	7.89504e-17 0 -0.134752	
3.19	7.89546e-17 0 -0.134752	
3.2	7.89661e-17 0 -0.134752	
3.21	7.90822e-17 0 -0.134752	
3.22	7.8652e-17 0 -0.134752	
3.23	7.90227e-17 0 -0.134752	
3.24	7.86507e-17 0 -0.134752	
3.25	7.82538e-17 0 -0.134752	
3.26	7.81398e-17 0 -0.134752	
3.27	7.80902e-17 0 -0.134752	
3.28	7.81694e-17 0 -0.134752	
3.29	7.83603e-17 0 -0.134752	
3.3	7.84826e-17 0 -0.134752	
3.31	7.82113e-17 0 -0.134752	
3.32	7.84796e-17 0 -0.134752	
3.33	7.86636e-17 0 -0.134752	
3.34	7.89997e-17 0 -0.134752	
3.35	7.96374e-17 0 -0.134752	
3.36	8.04457e-17 0 -0.134752	
3.37	8.07078e-17 0 -0.134752	
3.38	8.1542e-17 0 -0.134752	
3.39	8.25463e-17 0 -0.134752	
3.4	8.34389e-17 0 -0.134752	
3.41	8.38537e-17 0 -0.134752	
3.42	8.46106e-17 0 -0.134752	
3.43	8.48197e-17 0 -0.134752	
3.44	8.51637e-17 0 -0.134752	
3.45	8.54787e-17 0 -0.134752	
3.46	8.58798e-17 0 -0.134752	
3.47	8.58383e-17 0 -0.134752	
3.48	8.55754e-17 0 -0.134752	
3.49	8.53137e-17 0 -0.134752	
3.5	8.49656e-17 0 -0.134752	
3.51	8.41249e-17 0 -0.134752	
3.52	8.30259e-17 0 -0.134752	
3.53	8.1969e-17 0 -0.134752	
3.54	8.14996e-17 0 -0.134752	
3.55	8.16302e-17 0 -0.134752	
3.56	8.18045e-17 0 -0.134752	
3.57	8.21972e-17 0 -0.134752	
3.58	8.22014e-17 0 -0.134752	
3.59	8.17534e-17 0 -0.134752	
3.6	8.10933e-17 0 -0.134752	
3.61	8.08856e-17 0 -0.134752	
3.62	8.0312e-17 0 -0.134752	
3.63	7.9739e-17 0 -0.134752	
3.64	7.9814e-17 0 -0.134752	
3.65	7.94167e-17 0 -0.134752	
3.66	7.88452e-17 0 -0.134752	
3.67	7.8538e-17 0 -0.134752	
3.68	7.8511e-17 0 -0.134752	
3.69	7.83792e-17 0 -0.134752	
3.7	7.82525e-17 0 -0.134752	
3.71	7.73885e-17 0 -0.134752	
3.72	7.69313e-17 0 -0.134752	
3.73	7.61366e-17 0 -0.134752	
3.74	7.54118e-17 0 -0.134752	
3.75	7.45516e-17 0 -0.134752	
3.76	7.30793e-17 0 -0.134752	
3.77	7.29778e-17 0 -0.134752	
3.78	7.31244e-17 0 -0.134752	
3.79	7.28738e-17 0 -0.134752	
3.8	7.12949e-17 0 -0.134752	
3.81	7.00917e-17 0 -0.134752	
3.82	6.90952e-17 0 -0.134752	
3.83	6.87505e-17 0 -0.134752	
3.84	6.83e-17 0 -0.134752	
3.85	6.80243e-17 0 -0.134752	
3.86	6.80494e-17 0 -0.134752	
3.87	6.81892e-17 0 -0.134752	
3.88	6.86727e-17 0 -0.134752	
3.89	6.90147e-17 0 -0.134752	
3.9	6.92013e-17 0 -0.134752	
3.91	6.88685e-17 0 -0.134752	
3.92	6.84645e-17 0 -0.134752	
3.93	6.71187e-17 0 -0.134752	
3.94	6.6229e-17 0 -0.134752	
3.95	6.5367e-17 0 -0.134752	
3.96	6.50613e-17 0 -0.134752	
3.97	6.51611e-17 0 -0.134752	
3.98	6.52307e-17 0 -0.134752	
3.99	6.61149e-17 0 -0.134752	
4	6.67411e-17 0 -0.134752	
4.01	6.72777e-17 0 -0.134752	
4.02	6.83799e-17 0 -0.134752	
4.03	6.94423e-17 0 -0.134752	
4.04	7.10394e-17 0 -0.134752	
4.05	7.33412e-17 0 -0.134752	
4.06	7.59413e-17 0 -0.134752	
4.07	7.71396e-17 0 -0.134752	
4.08	7.79538e-17 0 -0.134752	
4.09	7.96103e-17 0 -0.134752	
4.1	8.20093e-17 0 -0.134752	
4.11	8.35319e-17 0 -0.134752	
4.12	8.4315e-17 0 -0.134752	
4.13	8.55525e-17 0 -0.134752	
4.14	8.68483e-17 0 -0.134752	
4.15	8.76164e-17 0 -0.134752	
4.16	8.81725e-17 0 -0.134752	
4.17	8.9629e-17 0 -0.134752	
4.18	9.01993e-17 0 -0.134752	
4.19	8.97939e-17 0 -0.134752	
4.2	8.97012e-17 0 -0.134752	
4.21	8.93076e-17 0 -0.134752	
4.22	8.83447e-17 0 -0.134752	
4.23	8.73803e-17 0 -0.134752	
4.24	8.64148e-17 0 -0.134752	
4.25	8.43111e-17 0 -0.134752	
4.26	8.25469e-17 0 -0.134752	
4.27	8.09709e-17 0 -0.134752	
4.28	7.92262e-17 0 -0.134752	
4.29	7.74221e-17 0 -0.134752	
4.3	7.53412e-17 0 -0.134752	
4.31	7.41635e-17 0 -0.134752	
4.32	7.34379e-17 0 -0.134752	
4.33	7.29639e-17 0 -0.134752	
4.34	7.28706e-17 0 -0.134752	
4.35	7.22632e-17 0 -0.134752	
4.36	7.13808e-17 0 -0.134752	
4.37	7.01125e-17 0 -0.134752	
4.38	6.91837e-17 0 -0.134752	
4.39	6.79492e-17 0 -0.134752	
4.4	6.57733e-17 0 -0.134752	
4.41	6.282e-17 0 -0.134752	
4.42	6.08022e-17 0 -0.134752	
4.43	5.88907e-17 0 -0.134752	
4.44	5.65975e-17 0 -0.134752	
4.45	5.44107e-17 0 -0.134752	
4.46	5.2536e-17 0 -0.134752	
4.47	5.01701e-17 0 -0.134752	
4.48	4.83012e-17 0 -0.134752	
4.49	4.69821e-17 0 -0.134752	
4.5	4.6251e-17 0 -0.134752	
4.51	4.51266e-17 0 -0.134752	
4.52	4.41345e-17 0 -0.134752	
4.53	4.32462e-17 0 -0.134752	
4.54	4.35296e-17 0 -0.134752	
4.55	4.25122e-17 0 -0.134752	
4.56	4.16918e-17 0 -0.134752	
4.57	4.21385e-17 0 -0.134752	
4.58	4.23773e-17 0 -0.134752	
4.59	4.23318e-17 0 -0.134752	
4.6	4.30757e-17 0 -0.134752	
4.61	4.37131e-17 0 -0.134752	
4.62	4.31002e-17 0 -0.134752	
4.63	4.21591e-17 0 -0.134752	
4.64	4.18973e-17 0 -0.134752	
4.65	4.16428e-17 0 -0.134752	
4.66	6.25275e-17 0 -0.134752	
4.67	6.35365e-17 0 -0.134752	
4.68	6.36182e-17 0 -0.134752	
4.69	6.41256e-17 0 -0.134752	
4.7	6.44681e-17 0 -0.134752	
4.71	6.46407e-17 0 -0.134752	
4.72	6.53342e-17 0 -0.134752	
4.73	6.50872e-17 0 -0.134752	
4.74	6.53564e-17 0 -0.134752	
4.75	6.60243e-17 0 -0.134752	
4.76	6.18888e-17 0 -0.134752	
4.77	6.16026e-17 0 -0.134752	
4.78	5.96564e-17 0 -0.134752	
4.79	5.87091e-17 0 -0.134752	
4.8	5.79842e-17 0 -0.134752	
4.81	5.77358e-17 0 -0.134752	
4.82	5.69675e-17 0 -0.134752	
4.83	5.65738e-17 0 -0.134752	
4.84	5.53148e-17 0 -0.134752	
4.85	5.46457e-17 0 -0.134752	
4.86	5.43175e-17 0 -0.134752	
4.87	5.3464e-17 0 -0.134752	
4.88	5.29376e-17 0 -0.134752	
4.89	5.23104e-17 0 -0.134752	
4.9	5.21041e-17 0 -0.134752	
4.91	5.20167e-17 0 -0.134752	
4.92	5.18902e-17 0 -0.134752	
4.93	5.18615e-17 0 -0.134752	
4.94	5.18437e-17 0 -0.134752	
4.95	5.18329e-17 0 -0.134752	
4.96	5.18151e-17 0 -0.134752	
4.97	5.18151e-17 0 -0.134752	
4.98	5.18151e-17 0 -0.134752	
4.99	5.18151e-17 0 -0.134752	
5	5.18151e-17 0 -0.134752	
5.01	5.18151e-17 0 -0.134752	
5.02	5.18151e-17 0 -0.134752	
5.03	5.18043e-17 0 -0.134752	
5.04	5.18151e-17 0 -0.134752	
5.05	5.18151e-17 0 -0.134752	
5.06	5.18151e-17 0 -0.134752	
5.07	5.18043e-17 0 -0.134752	
5.08	5.18151e-17 0 -0.134752	
5.09	5.18151e-17 0 -0.134752	
5.1	5.18151e-17 0 -0.134752	
5.11	5.18043e-17 0 -0.134752	
5.12	5.18151e-17 0 -0.134752	
5.13	5.18043e-17 0 -0.134752	
5.14	5.18151e-17 0 -0.134752	
5.15	5.18151e-17 0 -0.134752	
5.16	5.18151e-17 0 -0.134752	
5.17	5.18151e-17 0 -0.134752	
5.18	5.18151e-17 0 -0.134752	
5.19	5.18151e-17 0 -0.134752	
5.2	5.18043e-17 0 -0.134752	
