# Gnuplot File : positions of 1 particle(s) Monitored
# 1st Column : time, others : particle(s) number 0 
0.01	6.67413 30.0522 -8.51534	
0.02	6.67965 30.0525 -8.51617	
0.03	6.67965 30.0525 -8.51667	
0.04	6.67413 30.0522 -8.51684	
0.05	6.67312 30.0521 -8.51755	
0.06	6.67965 30.0499 -8.52566	
0.07	6.68066 30.0526 -8.51752	
0.08	6.67312 30.0496 -8.52621	
0.09	6.67312 30.0521 -8.51838	
0.1	6.67413 30.0497 -8.5261	
0.11	6.67965 30.0525 -8.51845	
0.12	6.67965 30.0525 -8.51853	
0.13	6.67312 30.0521 -8.51875	
0.14	6.67965 30.0525 -8.51865	
0.15	6.67312 30.0496 -8.52683	
0.16	6.67965 30.0499 -8.52672	
0.17	6.67965 30.0499 -8.52675	
0.18	6.68066 30.0501 -8.52639	
0.19	6.67413 30.0522 -8.51858	
0.2	6.67312 30.0521 -8.51898	
0.21	6.67965 30.0499 -8.52682	
0.22	6.67965 30.0499 -8.52683	
0.23	6.67965 30.0525 -8.51886	
0.24	6.67965 30.0525 -8.51887	
0.25	6.67312 30.0496 -8.52701	
0.26	6.67413 30.0522 -8.51865	
0.27	6.67965 30.0525 -8.51888	
0.28	6.67965 30.0525 -8.51889	
0.29	6.67312 30.0496 -8.52702	
0.3	6.67312 30.0521 -8.51904	
0.31	6.67413 30.0522 -8.51866	
0.32	6.67965 30.0525 -8.51889	
0.33	6.67413 30.0522 -8.51866	
0.34	6.67312 30.0521 -8.51904	
0.35	6.67965 30.0499 -8.52687	
0.36	6.67312 30.0521 -8.51904	
0.37	6.67965 30.0525 -8.51889	
0.38	6.67965 30.0525 -8.51889	
0.39	6.68066 30.0526 -8.51851	
0.4	6.67413 30.0522 -8.51866	
0.41	6.67965 30.0499 -8.52687	
0.42	6.67965 30.0499 -8.52687	
0.43	6.67413 30.0522 -8.51866	
0.44	6.67965 30.0499 -8.52687	
0.45	6.67413 30.0522 -8.51866	
0.46	6.67312 30.0521 -8.51904	
0.47	6.67312 30.0521 -8.51904	
0.48	6.67965 30.0525 -8.51889	
0.49	6.67413 30.0522 -8.51866	
0.5	6.67312 30.0496 -8.52703	
0.51	6.67965 30.0499 -8.52687	
0.52	6.67312 30.0496 -8.52703	
0.53	6.67965 30.0499 -8.52687	
0.54	6.67965 30.0525 -8.51889	
0.55	6.68066 30.0526 -8.51851	
0.56	6.67312 30.0521 -8.51904	
0.57	6.67312 30.0521 -8.51904	
0.58	6.67965 30.0499 -8.52687	
0.59	6.68066 30.0501 -8.5265	
0.6	6.68066 30.0526 -8.51851	
0.61	6.67413 30.0522 -8.51866	
0.62	6.67965 30.0525 -8.51889	
0.63	6.67413 30.0497 -8.52665	
0.64	6.67312 30.0521 -8.51904	
0.65	6.67965 30.0525 -8.51889	
0.66	6.68066 30.0501 -8.5265	
0.67	6.68066 30.0526 -8.51851	
0.68	6.67965 30.0525 -8.51889	
0.69	6.67312 30.0521 -8.51904	
0.7	6.67413 30.0497 -8.52665	
0.71	6.67312 30.0521 -8.51904	
0.72	6.67413 30.0522 -8.51866	
0.73	6.67965 30.0499 -8.52687	
0.74	6.67965 30.0525 -8.51889	
0.75	6.68066 30.0526 -8.51851	
0.76	6.67965 30.0499 -8.52687	
0.77	6.67965 30.0499 -8.52687	
0.78	6.67312 30.0521 -8.51904	
0.79	6.67965 30.0525 -8.51889	
0.8	6.67413 30.0522 -8.51866	
0.81	6.67312 30.0521 -8.51904	
0.82	6.68066 30.0526 -8.51851	
0.83	6.67965 30.0499 -8.52687	
0.84	6.67312 30.0521 -8.51904	
0.85	6.67965 30.0499 -8.52687	
0.86	6.67413 30.0522 -8.51866	
0.87	6.68066 30.0526 -8.51851	
0.88	6.68066 30.0526 -8.51851	
0.89	6.67965 30.0525 -8.51889	
0.9	6.67965 30.0525 -8.51889	
0.91	6.68066 30.0526 -8.51851	
0.92	6.67413 30.0522 -8.51866	
0.93	6.67413 30.0522 -8.51866	
0.94	6.67965 30.0525 -8.51889	
0.95	6.67965 30.0525 -8.51889	
0.96	6.67312 30.0496 -8.52703	
0.97	6.67413 30.0522 -8.51866	
0.98	6.67312 30.0521 -8.51904	
0.99	6.67965 30.0525 -8.51889	
1	6.67965 30.0525 -8.51889	
1.01	6.68066 30.0526 -8.51851	
1.02	6.67413 30.0522 -8.51866	
1.03	6.67965 30.0525 -8.51889	
1.04	6.67312 30.0521 -8.51904	
1.05	6.67413 30.0522 -8.51866	
1.06	6.67312 30.0521 -8.51904	
1.07	6.67965 30.0525 -8.51889	
1.08	6.67965 30.0525 -8.51889	
1.09	6.67413 30.0522 -8.51866	
1.1	6.67965 30.0525 -8.51889	
1.11	6.67312 30.0521 -8.51904	
1.12	6.67413 30.0522 -8.51866	
1.13	6.68066 30.0526 -8.51851	
1.14	6.68066 30.0526 -8.51851	
1.15	6.67965 30.0525 -8.51889	
1.16	6.67965 30.0525 -8.51889	
1.17	6.67965 30.0525 -8.51889	
1.18	6.67965 30.0499 -8.52687	
1.19	6.67965 30.0499 -8.52687	
1.2	6.67965 30.0499 -8.52687	
1.21	6.67312 30.0496 -8.52703	
1.22	6.67965 30.0499 -8.52687	
1.23	6.67965 30.0499 -8.52687	
1.24	6.67413 30.0522 -8.51866	
1.25	6.67413 30.0522 -8.51866	
1.26	6.67413 30.0522 -8.51866	
1.27	6.67413 30.0522 -8.51866	
1.28	6.67312 30.0521 -8.51904	
1.29	6.67413 30.0522 -8.51866	
1.3	6.67312 30.0496 -8.52703	
1.31	6.67413 30.0522 -8.51866	
1.32	6.67965 30.0525 -8.51889	
1.33	6.67312 30.0496 -8.52703	
1.34	6.67413 30.0522 -8.51866	
1.35	6.68066 30.0526 -8.51851	
1.36	6.68066 30.0526 -8.51851	
1.37	6.67965 30.0525 -8.51889	
1.38	6.68619 30.0528 -8.51875	
1.39	6.68617 30.0503 -8.52673	
1.4	6.68619 30.0528 -8.51875	
1.41	6.68619 30.0528 -8.51875	
1.42	6.68619 30.0528 -8.51875	
1.43	6.68617 30.0503 -8.52673	
1.44	6.67965 30.0525 -8.51889	
1.45	6.68619 30.0528 -8.51875	
1.46	6.68619 30.0528 -8.51875	
1.47	6.68619 30.0528 -8.51875	
1.48	6.68619 30.0528 -8.51875	
1.49	6.68617 30.0503 -8.52673	
1.5	6.68619 30.0528 -8.51875	
1.51	6.68619 30.0528 -8.51875	
1.52	6.67413 30.0522 -8.51866	
1.53	6.67413 30.0522 -8.51866	
1.54	6.67312 30.0521 -8.51904	
1.55	6.66659 30.0517 -8.5192	
1.56	6.67312 30.0521 -8.51904	
1.57	6.6676 30.0519 -8.51882	
1.58	6.66007 30.0488 -8.52733	
1.59	6.66107 30.0515 -8.51897	
1.6	6.66107 30.0515 -8.51897	
1.61	6.65355 30.0484 -8.52749	
1.62	6.65453 30.051 -8.51913	
1.63	6.65353 30.0509 -8.51951	
1.64	6.647 30.0505 -8.51967	
1.65	6.64702 30.0479 -8.52765	
1.66	6.64047 30.05 -8.51984	
1.67	6.63293 30.0494 -8.52039	
1.68	6.62991 30.0489 -8.52155	
1.69	6.66708 30.051 -8.52134	
1.7	6.65152 30.049 -8.52503	
1.71	6.65006 30.048 -8.52809	
1.72	6.64806 30.0476 -8.52891	
1.73	6.63518 30.0426 -8.5423	
1.74	6.63419 30.045 -8.53475	
1.75	6.62926 30.044 -8.53689	
1.76	6.61945 30.0395 -8.54923	
1.77	6.61359 30.0408 -8.54393	
1.78	6.60776 30.0396 -8.54665	
1.79	6.60292 30.0385 -8.54894	
1.8	6.59905 30.0174 -8.55579	
1.81	6.5952 29.9907 -8.56457	
1.82	6.58585 29.978 -8.55612	
1.83	6.58394 29.9632 -8.54102	
1.84	6.58108 29.9526 -8.52715	
1.85	6.57273 29.924 -8.52632	
1.86	6.57177 29.9091 -8.51322	
1.87	6.56988 29.8929 -8.50326	
1.88	6.56893 29.8826 -8.49093	
1.89	6.56249 29.8645 -8.4879	
1.9	6.56073 29.8528 -8.48075	
1.91	6.55885 29.8407 -8.48796	
1.92	6.5572 29.8339 -8.48112	
1.93	6.54981 29.8243 -8.48016	
1.94	6.54982 29.8083 -8.48554	
1.95	6.5498 29.7934 -8.48824	
1.96	6.54883 29.7756 -8.48536	
1.97	6.54239 29.7514 -8.4865	
1.98	6.53595 29.7333 -8.48326	
1.99	6.5423 29.7131 -8.47608	
2	6.53586 29.6993 -8.47365	
2.01	6.5349 29.6859 -8.4715	
2.02	6.53488 29.6727 -8.46885	
2.03	6.53388 29.6589 -8.46919	
2.04	6.52739 29.648 -8.45887	
2.05	6.53378 29.6427 -8.44904	
2.06	6.53372 29.6264 -8.44277	
2.07	6.52716 29.6169 -8.42974	
2.08	6.52062 29.6 -8.42362	
2.09	6.52609 29.5901 -8.41332	
2.1	6.52696 29.5741 -8.40647	
2.11	6.52594 29.5532 -8.39963	
2.12	6.52584 29.5416 -8.3802	
2.13	6.52019 29.5119 -8.37061	
2.14	6.52005 29.4899 -8.35436	
2.15	6.51991 29.461 -8.33096	
2.16	6.51883 29.4388 -8.31506	
2.17	6.52623 29.4044 -8.30893	
2.18	6.51291 29.3775 -8.27781	
2.19	6.5194 29.3551 -8.26373	
2.2	6.51831 29.3226 -8.25064	
2.21	6.51818 29.3009 -8.23392	
2.22	6.51243 29.282 -8.22058	
2.23	6.51135 29.2644 -8.2053	
2.24	6.51121 29.2489 -8.18437	
2.25	6.51114 29.2371 -8.17847	
2.26	6.511 29.2198 -8.16259	
2.27	6.5118 29.2027 -8.14618	
2.28	6.5041 29.1816 -8.13871	
2.29	6.50401 29.1613 -8.13053	
2.3	6.50385 29.1356 -8.11228	
2.31	6.49698 29.1135 -8.09524	
2.32	6.49688 29.0871 -8.09088	
2.33	6.49758 29.0604 -8.06297	
2.34	6.49646 29.0326 -8.04998	
2.35	6.49636 29.0102 -8.03525	
2.36	6.4903 28.9873 -8.00842	
2.37	6.49012 28.9618 -7.98965	
2.38	6.49673 28.937 -7.97064	
2.39	6.48881 28.9107 -7.95237	
2.4	6.4895 28.8886 -7.92507	
2.41	6.48838 28.863 -7.90649	
2.42	6.48128 28.8463 -7.87587	
2.43	6.48204 28.8297 -7.85864	
2.44	6.48083 28.8072 -7.83204	
2.45	6.4816 28.7947 -7.81595	
2.46	6.4804 28.7764 -7.79048	
2.47	6.4733 28.7651 -7.76995	
2.48	6.47406 28.7527 -7.75377	
2.49	6.47294 28.7377 -7.73226	
2.5	6.47266 28.7198 -7.70612	
2.51	6.47247 28.6989 -7.68776	
2.52	6.47322 28.6743 -7.66756	
2.53	6.47201 28.6589 -7.61419	
2.54	6.47267 28.6249 -7.59335	
2.55	6.47231 28.5984 -7.5438	
2.56	6.47202 28.5607 -7.51057	
2.57	6.47176 28.5374 -7.47628	
2.58	6.47044 28.4923 -7.43761	
2.59	6.47112 28.4678 -7.39629	
2.6	6.46369 28.4278 -7.3675	
2.61	6.45624 28.394 -7.33501	
2.62	6.45585 28.3624 -7.28807	
2.63	6.45556 28.3359 -7.2517	
2.64	6.44 28.305 -7.2238	
2.65	6.43959 28.2879 -7.17595	
2.66	6.43205 28.2775 -7.13405	
2.67	6.42432 28.2314 -7.11587	
2.68	6.4181 28.2237 -7.06597	
2.69	6.41045 28.1922 -7.03887	
2.7	6.41021 28.1751 -7.01418	
2.71	6.40404 28.1498 -6.98353	
2.72	6.39703 28.1231 -6.93353	
2.73	6.39678 28.0936 -6.91525	
2.74	6.39534 28.0569 -6.88817	
2.75	6.38758 28.0108 -6.87165	
2.76	6.38642 27.9824 -6.84635	
2.77	6.37606 27.9363 -6.82991	
2.78	6.38401 27.9031 -6.81689	
2.79	6.37358 27.8645 -6.80329	
2.8	6.37151 27.8306 -6.79058	
2.81	6.36785 27.7904 -6.78397	
2.82	6.36492 27.7444 -6.77672	
2.83	6.35348 27.6986 -6.77631	
2.84	6.34957 27.6506 -6.78351	
2.85	6.33805 27.5993 -6.79539	
2.86	6.32806 27.5505 -6.79921	
2.87	6.31736 27.5021 -6.81607	
2.88	6.30831 27.4507 -6.82692	
2.89	6.30588 27.4062 -6.83504	
2.9	6.29781 27.3576 -6.85094	
2.91	6.2952 27.3004 -6.86462	
2.92	6.28521 27.2521 -6.88018	
2.93	6.28278 27.2083 -6.89741	
2.94	6.27619 27.1515 -6.91052	
2.95	6.26407 27.1034 -6.9256	
2.96	6.25265 27.0429 -6.94569	
2.97	6.23704 26.9786 -6.96149	
2.98	6.22314 26.9149 -6.97603	
2.99	6.21053 26.8629 -6.98831	
3	6.20446 26.8088 -7.00561	
3.01	6.19233 26.7511 -7.01671	
3.02	6.1816 26.7119 -7.02001	
3.03	6.16294 26.6592 -7.02856	
3.04	6.15774 26.6181 -7.03935	
3.05	6.14685 26.5789 -7.04228	
3.06	6.12812 26.5325 -7.04774	
3.07	6.12247 26.4881 -7.05299	
3.08	6.10066 26.4074 -7.07575	
3.09	6.08714 26.3621 -7.08063	
3.1	6.07323 26.304 -7.0904	
3.11	6.05217 26.242 -7.0942	
3.12	6.03741 26.1965 -7.09901	
3.13	6.02301 26.132 -7.11055	
3.14	6.00127 26.0859 -7.11452	
3.15	5.98779 26.0376 -7.11253	
3.16	5.9673 25.9737 -7.12382	
3.17	5.93182 25.9018 -7.13665	
3.18	5.91572 25.8547 -7.14418	
3.19	5.87883 25.7826 -7.15689	
3.2	5.8537 25.7147 -7.16059	
3.21	5.82069 25.6681 -7.16312	
3.22	5.79345 25.5964 -7.17489	
3.23	5.77285 25.5433 -7.17925	
3.24	5.74483 25.4766 -7.18723	
3.25	5.72028 25.4173 -7.19375	
3.26	5.70794 25.359 -7.19916	
3.27	5.69033 25.291 -7.20177	
3.28	5.6668 25.2351 -7.21265	
3.29	5.64698 25.1713 -7.20651	
3.3	5.6168 25.1103 -7.2056	
3.31	5.60241 25.0578 -7.20261	
3.32	5.57535 25.006 -7.20489	
3.33	5.54411 24.9419 -7.19745	
3.34	5.51641 24.8836 -7.20117	
3.35	5.4916 24.8346 -7.19507	
3.36	5.46926 24.7784 -7.19064	
3.37	5.44732 24.7254 -7.19178	
3.38	5.4278 24.6686 -7.18688	
3.39	5.41272 24.6104 -7.17603	
3.4	5.40248 24.5582 -7.17622	
3.41	5.38706 24.5127 -7.16179	
3.42	5.37375 24.4612 -7.1616	
3.43	5.35758 24.4028 -7.15023	
3.44	5.34277 24.3479 -7.1441	
3.45	5.32756 24.2866 -7.13941	
3.46	5.31334 24.2447 -7.12948	
3.47	5.29932 24.1902 -7.12222	
3.48	5.28749 24.1348 -7.11517	
3.49	5.28412 24.0836 -7.11422	
3.5	5.27195 24.0218 -7.1083	
3.51	5.25931 23.9627 -7.10866	
3.52	5.24841 23.9077 -7.10024	
3.53	5.24506 23.8567 -7.09847	
3.54	5.24172 23.8057 -7.09652	
3.55	5.22153 23.7428 -7.08906	
3.56	5.21854 23.6983 -7.08527	
3.57	5.21442 23.6379 -7.07792	
3.58	5.20973 23.5837 -7.06937	
3.59	5.19966 23.5383 -7.06431	
3.6	5.188 23.4858 -7.0498	
3.61	5.18427 23.4321 -7.04018	
3.62	5.17155 23.3767 -7.03044	
3.63	5.16956 23.3328 -7.02503	
3.64	5.15792 23.2804 -7.00965	
3.65	5.15459 23.2332 -6.99796	
3.66	5.14359 23.1877 -6.99213	
3.67	5.13635 23.135 -6.9813	
3.68	5.13345 23.0908 -6.97553	
3.69	5.11807 23.0369 -6.96391	
3.7	5.1063 22.9822 -6.95206	
3.71	5.10264 22.9289 -6.94039	
3.72	5.09124 22.8807 -6.927	
3.73	5.08845 22.8428 -6.90799	
3.74	5.07557 22.7842 -6.89199	
3.75	5.07292 22.7524 -6.86025	
3.76	5.06187 22.7061 -6.84419	
3.77	5.05961 22.6681 -6.8013	
3.78	5.05327 22.6338 -6.77673	
3.79	5.04248 22.5998 -6.73533	
3.8	5.03592 22.5619 -6.70665	
3.81	5.02154 22.5325 -6.66874	
3.82	5.01405 22.4819 -6.63005	
3.83	4.99895 22.4434 -6.58589	
3.84	4.99094 22.3842 -6.55226	
3.85	4.97285 22.3437 -6.51484	
3.86	4.95635 22.2922 -6.48651	
3.87	4.94044 22.2382 -6.45061	
3.88	4.92906 22.1919 -6.40551	
3.89	4.91311 22.1407 -6.35261	
3.9	4.88548 22.0981 -6.29333	
3.91	4.86971 22.0525 -6.21861	
3.92	4.84984 22.0047 -6.15119	
3.93	4.83883 21.9678 -6.08216	
3.94	4.83182 21.9299 -6.00945	
3.95	4.81621 21.8875 -5.90811	
3.96	4.81288 21.8427 -5.81474	
3.97	4.79723 21.7979 -5.70846	
3.98	4.79033 21.761 -5.61386	
3.99	4.77037 21.7151 -5.46692	
4	4.77128 21.6715 -5.36852	
4.01	4.75178 21.6297 -5.26369	
4.02	4.73133 21.5736 -5.14292	
4.03	4.72421 21.5307 -5.03055	
4.04	4.69106 21.4702 -4.88728	
4.05	4.67658 21.4367 -4.76515	
4.06	4.66618 21.4059 -4.64349	
4.07	4.64716 21.3662 -4.50433	
4.08	4.62498 21.317 -4.34366	
4.09	4.60616 21.278 -4.22426	
4.1	4.58642 21.2343 -4.08047	
4.11	4.55603 21.1822 -3.88881	
4.12	4.52513 21.1424 -3.75885	
4.13	4.50255 21.1072 -3.63723	
4.14	4.4831 21.0685 -3.5234	
4.15	4.45404 21.0366 -3.39165	
4.16	4.43656 21.0056 -3.2644	
4.17	4.42426 20.9848 -3.14958	
4.18	4.40008 20.9558 -2.98342	
4.19	4.38856 20.9368 -2.8556	
4.2	4.37232 20.9058 -2.69299	
4.21	4.34502 20.8806 -2.49968	
4.22	4.32915 20.853 -2.35305	
4.23	4.30082 20.8204 -2.13357	
4.24	4.28689 20.8102 -1.97143	
4.25	4.26849 20.7984 -1.79981	
4.26	4.2455 20.7878 -1.63656	
4.27	4.22854 20.7895 -1.47104	
4.28	4.23086 20.7429 -1.53103	
4.29	4.20499 20.7539 -1.35578	
4.3	4.18296 20.762 -1.19388	
4.31	4.16283 20.7544 -1.04435	
4.32	4.14531 20.7557 -0.921552	
4.33	4.13585 20.767 -0.778791	
4.34	4.12572 20.7718 -0.65073	
4.35	4.1052 20.7793 -0.514648	
4.36	4.08541 20.7911 -0.364308	
4.37	4.0738 20.8045 -0.233776	
4.38	4.06142 20.8173 -0.0881145	
4.39	4.04555 20.8188 -0.0541282	
4.4	4.02961 20.8333 0.0641999	
4.41	4.0201 20.8548 0.122175	
4.42	4.02393 20.865 0.136928	
4.43	4.0141 20.9093 0.313557	
4.44	4.01243 20.9527 0.47382	
4.45	4.01093 20.9884 0.614222	
4.46	4.00776 21.02 0.726825	
4.47	4.00482 21.0499 0.821418	
4.48	4.01583 21.0809 0.934946	
4.49	4.0148 21.1227 1.03926	
4.5	4.01023 21.1902 1.37785	
4.51	4.01434 21.2176 1.41033	
4.52	4.01738 21.277 1.50594	
4.53	4.03094 21.3592 1.83266	
4.54	4.03976 21.422 1.89428	
4.55	4.04662 21.4718 1.93964	
4.56	4.0623 21.5131 1.97626	
4.57	4.07921 21.5591 2.02325	
4.58	4.09007 21.6017 2.06387	
4.59	4.10997 21.6494 2.12961	
4.6	4.13036 21.6836 2.16204	
4.61	4.1473 21.7277 2.19982	
4.62	4.16914 21.7833 2.238	
4.63	4.17573 21.8235 2.26618	
4.64	4.18645 21.8665 2.28744	
4.65	4.19661 21.9025 2.30562	
4.66	4.20876 21.9283 2.31831	
4.67	4.21396 21.9512 2.33949	
4.68	4.22128 21.9722 2.3566	
4.69	4.2396 21.9977 2.38014	
4.7	4.25035 22.0218 2.4051	
4.71	4.26598 22.0407 2.43172	
4.72	4.28209 22.0531 2.44614	
4.73	4.2986 22.0739 2.45955	
4.74	4.31215 22.1077 2.50074	
4.75	4.33288 22.1279 2.52217	
4.76	4.35903 22.1599 2.5574	
4.77	4.38056 22.1804 2.57954	
4.78	4.40929 22.211 2.60664	
4.79	4.43291 22.2295 2.62429	
4.8	4.46318 22.2614 2.65601	
4.81	4.49129 22.2878 2.68	
4.82	4.52065 22.3111 2.70935	
4.83	4.5564 22.3357 2.73332	
4.84	4.60434 22.3664 2.76347	
4.85	4.63719 22.3892 2.79268	
4.86	4.67884 22.4076 2.80912	
4.87	4.73216 22.4315 2.83549	
4.88	4.7884 22.4665 2.88444	
4.89	4.84404 22.4973 2.92634	
4.9	4.9114 22.5349 2.95639	
4.91	4.96681 22.5631 2.98115	
4.92	5.02 22.5925 3.00318	
4.93	5.07887 22.6247 3.02707	
4.94	5.1484 22.6611 3.04957	
4.95	5.20649 22.6969 3.07277	
4.96	5.27917 22.7332 3.09137	
4.97	5.33834 22.7611 3.11363	
4.98	5.39178 22.7879 3.12989	
4.99	5.46724 22.8214 3.15564	
5	5.52864 22.855 3.17478	
5.01	5.5943 22.8838 3.19935	
5.02	5.65712 22.92 3.21927	
5.03	5.72247 22.9578 3.2345	
5.04	5.79381 23.0061 3.25858	
5.05	5.87599 23.0594 3.27022	
5.06	5.94785 23.1029 3.27733	
5.07	6.01675 23.1514 3.28438	
5.08	6.07303 23.1898 3.281	
5.09	6.1452 23.2313 3.2938	
5.1	6.21311 23.2711 3.29092	
5.11	6.2596 23.3049 3.29771	
5.12	6.32805 23.3502 3.30176	
5.13	6.37535 23.3801 3.30979	
5.14	6.42578 23.419 3.3037	
5.15	6.48144 23.4498 3.30228	
5.16	6.55934 23.4911 3.30516	
5.17	6.62061 23.5268 3.29622	
5.18	6.69297 23.559 3.28446	
5.19	6.73693 23.5895 3.28133	
5.2	6.79176 23.6164 3.26705	
5.21	6.84039 23.6388 3.25845	
5.22	6.87911 23.656 3.24258	
5.23	6.91435 23.6732 3.21832	
5.24	6.9433 23.6894 3.2028	
5.25	6.97773 23.7024 3.17978	
5.26	6.99925 23.7091 3.15797	
5.27	7.02221 23.7209 3.15115	
5.28	7.05269 23.7286 3.12936	
5.29	7.06886 23.7393 3.1059	
5.3	7.08609 23.7504 3.09187	
5.31	7.11102 23.7663 3.06786	
5.32	7.12374 23.7762 3.03668	
5.33	7.13531 23.7818 3.02622	
5.34	7.14998 23.7879 3.0113	
5.35	7.15757 23.7975 2.98754	
5.36	7.16999 23.8076 2.97137	
5.37	7.17712 23.8126 2.96386	
5.38	7.185 23.822 2.94755	
5.39	7.20001 23.8275 2.9315	
5.4	7.20776 23.8415 2.92288	
5.41	7.20776 23.8501 2.90636	
5.42	7.22043 23.8598 2.88928	
5.43	7.23486 23.8788 2.87978	
5.44	7.23795 23.8922 2.86807	
5.45	7.25287 23.9016 2.84461	
5.46	7.25765 23.9103 2.82124	
5.47	7.25994 23.9187 2.80317	
5.48	7.26715 23.923 2.78006	
5.49	7.28016 23.9275 2.74832	
5.5	7.28414 23.9316 2.72511	
5.51	7.28839 23.9312 2.70229	
5.52	7.28962 23.926 2.67975	
5.53	7.29334 23.9348 2.66225	
5.54	7.28508 23.9332 2.63097	
5.55	7.28503 23.933 2.62269	
5.56	7.28576 23.9369 2.60237	
5.57	7.27727 23.9402 2.58532	
5.58	7.28288 23.9445 2.56806	
5.59	7.28476 23.9488 2.55606	
5.6	7.27956 23.9526 2.54736	
5.61	7.28027 23.9563 2.52698	
5.62	7.28214 23.9605 2.51498	
5.63	7.27559 23.9688 2.50584	
5.64	7.28371 23.9689 2.49417	
5.65	7.27738 23.9725 2.48226	
5.66	7.27841 23.9721 2.47069	
5.67	7.2781 23.9762 2.45869	
5.68	7.28624 23.9763 2.44703	
5.69	7.28679 23.9851 2.43782	
5.7	7.28775 23.9842 2.41789	
5.71	7.29441 23.9939 2.41697	
5.72	7.2869 23.997 2.39672	
5.73	7.28744 24.0058 2.38754	
5.74	7.2943 24.0104 2.37549	
5.75	7.29376 24.0192 2.36633	
5.76	7.29931 24.0284 2.35709	
5.77	7.29793 24.0325 2.34834	
5.78	7.29654 24.0365 2.3364	
5.79	7.31276 24.0416 2.32432	
5.8	7.31139 24.0457 2.31239	
5.81	7.30699 24.0449 2.29764	
5.82	7.30956 24.0492 2.28242	
5.83	7.3067 24.0532 2.26705	
5.84	7.29665 24.0572 2.26001	
5.85	7.29357 24.0658 2.24724	
5.86	7.28615 24.0741 2.23408	
5.87	7.27095 24.073 2.22974	
5.88	7.26034 24.0809 2.21892	
5.89	7.25111 24.0848 2.21657	
5.9	7.24917 24.0887 2.20543	
5.91	7.23551 24.0968 2.20136	
5.92	7.22541 24.1 2.1894	
5.93	7.20957 24.1125 2.1836	
5.94	7.19859 24.116 2.17891	
5.95	7.18012 24.1234 2.17147	
5.96	7.16806 24.1316 2.16373	
5.97	7.15237 24.1344 2.15581	
5.98	7.13309 24.1319 2.14603	
5.99	7.11066 24.1339 2.1369	
6	7.09602 24.1318 2.12726	
6.01	7.08578 24.1347 2.11503	
6.02	7.06518 24.1323 2.10628	
6.03	7.04734 24.1298 2.09428	
6.04	7.03364 24.1328 2.09019	
6.05	7.01823 24.1346 2.07255	
6.06	7.00089 24.1325 2.06971	
6.07	6.98818 24.1388 2.04699	
6.08	6.98138 24.1379 2.04489	
6.09	6.97578 24.1455 2.02858	
6.1	6.95807 24.1476 2.01673	
6.11	6.94855 24.1508 2.01047	
6.12	6.92652 24.156 1.98495	
6.13	6.91659 24.154 1.97128	
6.14	6.9008 24.1513 1.95419	
6.15	6.8916 24.1493 1.93979	
6.16	6.87674 24.1466 1.92184	
6.17	6.8608 24.1444 1.9154	
6.18	6.84534 24.1414 1.90038	
6.19	6.84159 24.1385 1.87728	
6.2	6.82986 24.1363 1.87001	
6.21	6.81917 24.1372 1.84647	
6.22	6.81431 24.15 1.83959	
6.23	6.80192 24.1511 1.82021	
6.24	6.79649 24.1488 1.80684	
6.25	6.79472 24.1516 1.79018	
6.26	6.79109 24.1486 1.76885	
6.27	6.78075 24.1467 1.7651	
6.28	6.77947 24.1452 1.75439	
6.29	6.77967 24.1431 1.73719	
6.3	6.77357 24.1404 1.72224	
6.31	6.76872 24.1392 1.71844	
6.32	6.77209 24.1382 1.70693	
6.33	6.76796 24.1372 1.70402	
6.34	6.76343 24.1407 1.70283	
6.35	6.76093 24.1405 1.70391	
6.36	6.7655 24.1435 1.68881	
6.37	6.76285 24.1431 1.6888	
6.38	6.76083 24.1467 1.6854	
6.39	6.75966 24.1459 1.68126	
6.4	6.76555 24.1471 1.68389	
6.41	6.7647 24.1466 1.68077	
6.42	6.7636 24.1459 1.67661	
6.43	6.76283 24.1415 1.68204	
6.44	6.76202 24.141 1.67891	
6.45	6.75425 24.1398 1.67829	
6.46	6.75122 24.1339 1.6662	
6.47	6.73049 24.1338 1.67842	
6.48	6.7201 24.1182 1.66645	
6.49	6.71052 24.1041 1.66893	
6.5	6.69102 24.0957 1.68279	
6.51	6.68266 24.0871 1.68787	
6.52	6.6609 24.0721 1.69713	
6.53	6.65117 24.0672 1.70303	
6.54	6.6357 24.0629 1.72038	
6.55	6.6327 24.0588 1.73061	
6.56	6.62464 24.0577 1.74086	
6.57	6.62446 24.0639 1.75556	
6.58	6.62723 24.0598 1.76443	
6.59	6.62924 24.065 1.77345	
6.6	6.6307 24.0697 1.78025	
6.61	6.63825 24.0761 1.78788	
6.62	6.64561 24.086 1.7887	
6.63	6.65551 24.0917 1.79285	
6.64	6.66716 24.0951 1.80685	
6.65	6.67271 24.1006 1.80457	
6.66	6.68875 24.1028 1.80382	
6.67	6.69594 24.1094 1.80965	
6.68	6.71101 24.111 1.80519	
6.69	6.72337 24.1129 1.80725	
6.7	6.7464 24.1149 1.79836	
6.71	6.77906 24.1151 1.80512	
6.72	6.8024 24.1174 1.80038	
6.73	6.83405 24.1205 1.79389	
6.74	6.85925 24.1186 1.79498	
6.75	6.88654 24.1212 1.79132	
6.76	6.91583 24.1233 1.78231	
6.77	6.94946 24.1226 1.78364	
6.78	6.97405 24.1196 1.77489	
6.79	6.99676 24.1153 1.75812	
6.8	7.02407 24.1167 1.7498	
6.81	7.05086 24.1142 1.74532	
6.82	7.08431 24.1098 1.7236	
6.83	7.10513 24.1061 1.71626	
6.84	7.12142 24.1043 1.69344	
6.85	7.13661 24.103 1.67771	
6.86	7.15396 24.103 1.66939	
6.87	7.17202 24.1064 1.65197	
6.88	7.19119 24.1097 1.63735	
6.89	7.19768 24.1088 1.62818	
6.9	7.21168 24.1071 1.61039	
6.91	7.21045 24.1055 1.6012	
6.92	7.22122 24.1048 1.59168	
6.93	7.2222 24.1034 1.5824	
6.94	7.22418 24.102 1.57334	
6.95	7.23935 24.1028 1.57217	
6.96	7.24024 24.1013 1.56316	
6.97	7.23982 24.1045 1.55711	
6.98	7.25493 24.1052 1.55633	
6.99	7.25161 24.1049 1.55569	
7	7.25476 24.1037 1.54686	
7.01	7.26562 24.1043 1.54623	
7.02	7.26006 24.1025 1.53764	
7.03	7.26092 24.1072 1.54026	
7.04	7.26513 24.131 1.55076	
7.05	7.26849 24.1498 1.56176	
7.06	7.28064 24.1881 1.58088	
7.07	7.29189 24.2214 1.60045	
7.08	7.31734 24.2571 1.62829	
7.09	7.32583 24.2859 1.64565	
7.1	7.33458 24.3114 1.66845	
7.11	7.33305 24.3458 1.69698	
7.12	7.33887 24.384 1.71975	
7.13	7.33466 24.4279 1.75361	
7.14	7.33853 24.4625 1.78483	
7.15	7.32606 24.499 1.82956	
7.16	7.32549 24.5337 1.85773	
7.17	7.31838 24.5692 1.8938	
7.18	7.32015 24.5993 1.91857	
7.19	7.31086 24.6395 1.95664	
7.2	7.30586 24.6751 1.99179	
7.21	7.29899 24.7106 2.02669	
7.22	7.29507 24.7451 2.05308	
7.23	7.28419 24.7745 2.07675	
7.24	7.28221 24.8141 2.10246	
7.25	7.2824 24.8393 2.12336	
7.26	7.27265 24.8699 2.15502	
7.27	7.26777 24.9034 2.17251	
7.28	7.27084 24.9288 2.19601	
7.29	7.25623 24.9629 2.22158	
7.3	7.25402 25.0075 2.25177	
7.31	7.24879 25.046 2.27078	
7.32	7.23503 25.0706 2.29344	
7.33	7.23312 25.086 2.31109	
7.34	7.22825 25.1052 2.31998	
7.35	7.22381 25.1157 2.33224	
7.36	7.22566 25.1206 2.33403	
7.37	7.2151 25.1248 2.33559	
7.38	7.212 25.1305 2.34534	
7.39	7.2012 25.1297 2.34391	
7.4	7.18654 25.1297 2.35051	
7.41	7.17687 25.1288 2.34898	
7.42	7.16097 25.1335 2.35749	
7.43	7.1567 25.133 2.3552	
7.44	7.13849 25.1325 2.36148	
7.45	7.1311 25.1308 2.3516	
7.46	7.1198 25.1309 2.35804	
7.47	7.11233 25.1311 2.36464	
7.48	7.10621 25.1256 2.36072	
7.49	7.10758 25.1206 2.35661	
7.5	7.10232 25.1201 2.35527	
7.51	7.09833 25.1148 2.35176	
7.52	7.08786 25.11 2.35697	
7.53	7.08472 25.1096 2.35612	
7.54	7.08158 25.1093 2.35526	
7.55	7.08075 25.1043 2.35256	
7.56	7.07865 25.1041 2.35198	
7.57	7.08404 25.1044 2.35124	
7.58	7.07442 25.1046 2.35911	
7.59	7.08091 25.1041 2.35034	
7.6	7.07987 25.1039 2.35004	
7.61	7.07882 25.1038 2.34974	
7.62	7.07674 25.1036 2.34914	
7.63	7.06926 25.103 2.34929	
7.64	7.07591 25.0986 2.34916	
7.65	7.07509 25.0936 2.34644	
7.66	7.07509 25.0936 2.34644	
7.67	7.07509 25.0936 2.34644	
7.68	7.08153 25.0941 2.34598	
7.69	7.07875 25.094 2.34598	
7.7	7.08617 25.0956 2.35414	
7.71	7.08221 25.0993 2.34793	
7.72	7.08117 25.0992 2.34762	
7.73	7.08768 25.0986 2.33884	
7.74	7.08657 25.0995 2.34684	
7.75	7.0845 25.0993 2.34621	
7.76	7.08346 25.0992 2.34589	
7.77	7.0899 25.0996 2.34542	
7.78	7.08887 25.0995 2.3451	
7.79	7.08783 25.0994 2.34478	
7.8	7.08687 25.0983 2.33614	
7.81	7.08679 25.0993 2.34445	
7.82	7.08597 25.0943 2.34171	
7.83	7.08501 25.0931 2.33307	
7.84	7.08121 25.093 2.33274	
7.85	7.08121 25.093 2.33274	
7.86	7.08121 25.093 2.33274	
7.87	7.08758 25.0944 2.34058	
7.88	7.08489 25.0934 2.33227	
7.89	7.08489 25.0934 2.33227	
7.9	7.07637 25.0927 2.33208	
7.91	7.07657 25.0879 2.32966	
7.92	7.07678 25.083 2.32724	
7.93	7.08067 25.0785 2.32434	
7.94	7.08087 25.0736 2.32192	
7.95	7.08558 25.0741 2.32178	
7.96	7.07552 25.0687 2.31674	
7.97	7.07273 25.0687 2.31674	
7.98	7.07313 25.059 2.31188	
7.99	7.08062 25.0595 2.31174	
8	7.07258 25.0481 2.29836	
8.01	7.07298 25.0384 2.29349	
8.02	7.0731 25.0345 2.29936	
8.03	7.06628 25.0184 2.28386	
8.04	7.07418 25.0093 2.27881	
8.05	7.07355 24.9995 2.27357	
8.06	7.07478 24.9947 2.26866	
8.07	7.07422 24.9839 2.25509	
8.08	7.07462 24.9742 2.24737	
8.09	7.06835 24.969 2.24258	
8.1	7.06875 24.9593 2.23763	
8.11	7.07569 24.9491 2.22107	
8.12	7.07712 24.9396 2.21363	
8.13	7.07752 24.9299 2.20583	
8.14	7.07771 24.9252 2.1977	
8.15	7.07715 24.9145 2.18123	
8.16	7.0745 24.9097 2.17308	
8.17	7.07469 24.905 2.16491	
8.18	7.07488 24.9004 2.15392	
8.19	7.07534 24.8899 2.13489	
8.2	7.06782 24.8897 2.12371	
8.21	7.07293 24.8798 2.10166	
8.22	7.06559 24.8749 2.08507	
8.23	7.065 24.8645 2.06276	
8.24	7.06647 24.8545 2.03825	
8.25	7.06698 24.8436 2.0022	
8.26	7.06742 24.8335 1.98012	
8.27	7.0667 24.8272 1.94913	
8.28	7.06042 24.8215 1.9301	
8.29	7.05771 24.817 1.92175	
8.3	7.05776 24.8166 1.90486	
8.31	7.0476 24.81 1.87429	
8.32	7.04493 24.8048 1.85474	
8.33	7.03758 24.7991 1.83532	
8.34	7.03007 24.7975 1.80452	
8.35	7.03027 24.7927 1.78205	
8.36	7.03029 24.7925 1.76226	
8.37	7.02289 24.7872 1.73993	
8.38	7.0229 24.7871 1.72013	
8.39	7.02299 24.7854 1.68083	
8.4	7.01538 24.7849 1.66119	
8.41	7.01518 24.79 1.64125	
8.42	7.01504 24.7938 1.61588	
8.43	7.00351 24.7923 1.58762	
8.44	7.00454 24.7926 1.56816	
8.45	7.00168 24.7915 1.54293	
8.46	7.00189 24.7861 1.51206	
8.47	7.0017 24.791 1.49503	
8.48	6.9903 24.785 1.46399	
8.49	6.98739 24.785 1.44707	
8.5	6.98858 24.7809 1.4248	
8.51	6.98759 24.7791 1.38804	
8.52	6.98485 24.7746 1.3683	
8.53	6.98215 24.7691 1.34023	
8.54	7.17357 24.7636 1.31722	
8.55	6.99697 24.7615 1.29043	
8.56	7.18995 24.755 1.23113	
8.57	6.99766 24.7517 1.18832	
8.58	7.19529 24.7395 1.12408	
8.59	6.99973 24.73 1.07298	
8.6	7.20908 24.711 1.01443	
8.61	7.03052 24.6884 0.935434	
8.62	7.16563 24.6888 0.921704	
8.63	7.02238 24.6773 0.855069	
8.64	7.16117 24.6653 0.791514	
8.65	7.02033 24.6465 0.707475	
8.66	7.14171 24.6407 0.65976	
8.67	7.02008 24.6258 0.615113	
8.68	7.14083 24.6173 0.567818	
8.69	7.03346 24.598 0.533269	
8.7	7.13697 24.58 0.493554	
8.71	7.03962 24.5554 0.469454	
8.72	7.16242 24.5306 0.410083	
8.73	7.01952 24.4947 0.360477	
8.74	7.14136 24.4775 0.347499	
8.75	7.02229 24.4439 0.31462	
8.76	7.13864 24.4281 0.294978	
8.77	7.02478 24.4047 0.278348	
8.78	7.13204 24.3834 0.250714	
8.79	7.02901 24.3562 0.218886	
8.8	7.14334 24.3319 0.185917	
8.81	7.11824 24.3198 0.172756	
8.82	7.12559 24.2939 0.15447	
8.83	7.08557 24.2743 0.146899	
8.84	7.09611 24.2482 0.119343	
8.85	7.09261 24.2167 0.0950243	
8.86	7.04593 24.185 0.100346	
8.87	7.0476 24.1428 0.0287983	
8.88	7.04734 24.1174 0.0121859	
8.89	7.03157 24.0782 0.00489748	
8.9	6.91129 24.0313 -0.0322632	
8.91	6.9653 23.9945 -0.0729742	
8.92	6.81796 23.9443 -0.123427	
8.93	6.89618 23.9179 -0.137157	
8.94	6.88676 23.8807 -0.123077	
8.95	7.14888 23.8496 -0.238622	
8.96	7.09049 23.8032 -0.263552	
8.97	7.3236 23.7286 -0.376118	
8.98	7.41458 23.6876 -0.4326	
8.99	6.96992 23.637 -0.377058	
9	7.31629 23.5716 -0.486707	
9.01	7.03923 23.5311 -0.445634	
9.02	7.36535 23.4959 -0.447669	
9.03	7.11728 23.4505 -0.479893	
9.04	7.3799 23.4248 -0.456906	
9.05	7.05823 23.3581 -0.531873	
9.06	7.58152 23.2784 -0.62834	
9.07	6.88786 23.2537 -0.567964	
9.08	7.00388 23.2055 -0.521845	
9.09	7.15934 23.1311 -0.714591	
9.1	7.16547 23.086 -0.726586	
9.11	7.01937 23.0375 -0.717295	
9.12	6.65349 22.9643 -0.717947	
9.13	7.12114 22.957 -0.72218	
9.14	7.23823 22.922 -0.749104	
9.15	7.36303 22.8626 -0.768158	
9.16	7.22275 22.8147 -0.793614	
9.17	7.36607 22.7289 -0.920649	
9.18	7.20855 22.7077 -0.843793	
9.19	7.0083 22.6197 -0.869971	
9.2	6.43552 22.5423 -0.781097	
9.21	6.57195 22.5093 -0.820567	
9.22	7.05414 22.5144 -0.790712	
9.23	7.43494 22.4304 -0.900976	
9.24	6.95968 22.3555 -0.965659	
9.25	6.42199 22.2282 -1.06859	
9.26	6.99718 22.2506 -1.00294	
9.27	6.5196 22.1801 -1.04171	
9.28	7.04297 22.1378 -1.13895	
9.29	6.56604 22.1554 -0.779673	
9.3	7.18177 22.1156 -0.899061	
9.31	7.07019 22.0827 -0.743423	
9.32	7.50987 21.9779 -0.916651	
9.33	7.03935 21.9032 -0.981544	
9.34	7.13253 21.8088 -1.02448	
9.35	6.66073 21.7045 -0.909958	
9.36	7.24451 21.6218 -0.92253	
9.37	6.71076 21.4538 -0.905375	
9.38	7.11151 21.4014 -0.883132	
9.39	6.71609 21.2431 -1.07082	
9.4	6.99003 21.2138 -0.997572	
9.41	6.75406 21.1508 -0.960513	
9.42	7.06157 21.0984 -1.0175	
9.43	6.77643 21.0481 -0.877402	
9.44	7.06487 20.9525 -1.04334	
9.45	6.80273 20.8786 -1.0171	
9.46	7.00412 20.7279 -1.13095	
9.47	6.79931 20.6651 -0.953096	
9.48	6.71771 20.5061 -1.10117	
9.49	6.75491 20.4085 -1.204	
9.5	6.43658 20.2924 -1.21978	
9.51	6.10905 20.1374 -1.20958	
9.52	5.57121 19.8807 -1.27758	
9.53	5.38705 19.7698 -1.27276	
9.54	5.19044 19.6167 -1.30607	
9.55	5.20184 19.5667 -1.34103	
9.56	4.8209 19.3501 -1.27996	
9.57	4.48602 19.1033 -1.24854	
9.58	4.95123 19.284 -1.37416	
9.59	5.34241 19.3951 -1.45971	
9.6	5.69184 19.4458 -1.47969	
9.61	5.98028 19.4665 -1.49546	
9.62	6.22128 19.468 -1.5	
9.63	6.42824 19.4556 -1.49197	
9.64	6.59208 19.426 -1.4702	
9.65	6.72849 19.3867 -1.45664	
9.66	6.84145 19.3386 -1.43427	
9.67	6.9346 19.2979 -1.40593	
9.68	7.01874 19.2501 -1.39151	
9.69	7.07422 19.2112 -1.37443	
9.7	7.13395 19.1582 -1.3568	
9.71	7.16944 19.1171 -1.32843	
9.72	7.20469 19.0807 -1.30212	
9.73	7.23398 19.0404 -1.2809	
9.74	7.26289 19.014 -1.26149	
9.75	7.29525 18.9833 -1.24203	
9.76	7.31598 18.9737 -1.2205	
9.77	7.32683 18.9603 -1.19005	
9.78	7.34283 18.9457 -1.16838	
9.79	7.35192 18.9262 -1.14611	
9.8	7.39023 18.9127 -1.14609	
9.81	7.39461 18.9044 -1.17289	
9.82	7.43134 18.9061 -1.19463	
9.83	7.42563 18.905 -1.2261	
9.84	7.42556 18.9457 -1.11464	
9.85	7.41715 18.9888 -1.01213	
9.86	7.42066 19.0581 -0.884938	
9.87	7.42927 19.129 -0.754043	
9.88	7.44781 19.2223 -0.595658	
9.89	7.46053 19.3188 -0.425839	
9.9	7.45414 19.4246 -0.261364	
9.91	7.45622 19.5448 -0.0920803	
9.92	7.45553 19.6647 0.0256993	
9.93	7.45174 19.8108 0.221216	
9.94	7.45393 19.9291 0.193186	
9.95	7.44878 20.1252 0.462844	
9.96	7.43872 20.3045 0.684062	
9.97	7.4347 20.504 0.891137	
9.98	7.42243 20.7001 1.08617	
9.99	7.41112 20.8921 1.46806	
10	7.40009 21.0672 1.74965	
10.01	7.39197 21.252 1.85602	
10.02	7.36824 21.4268 1.97081	
10.03	7.34427 21.5916 2.07487	
10.04	7.32444 21.7626 2.16454	
10.05	7.30878 21.9136 2.23615	
10.06	7.30334 22.0413 2.29589	
10.07	7.28778 22.1722 2.33173	
10.08	7.25929 22.3087 2.37778	
10.09	7.23751 22.4326 2.41926	
10.1	7.21925 22.5755 2.45898	
10.11	7.19905 22.6992 2.47876	
10.12	7.18826 22.7968 2.48918	
10.13	7.17261 22.8851 2.50129	
10.14	7.16248 22.9508 2.50207	
10.15	7.15237 23.0175 2.51162	
10.16	7.14276 23.0752 2.51573	
10.17	7.12239 23.137 2.51962	
10.18	7.10941 23.1947 2.51721	
10.19	7.08901 23.2649 2.50488	
10.2	7.07957 23.3304 2.48151	
10.21	7.06704 23.3825 2.46194	
10.22	7.04842 23.4335 2.43825	
10.23	7.04531 23.4901 2.41644	
10.24	7.03655 23.5323 2.39374	
10.25	7.02722 23.5886 2.3727	
10.26	7.02527 23.6407 2.34878	
10.27	7.02345 23.6893 2.33053	
10.28	7.01353 23.7315 2.30121	
10.29	7.01293 23.7746 2.27246	
10.3	7.01776 23.8134 2.2402	
10.31	7.01018 23.8465 2.21292	
10.32	7.00928 23.8695 2.17467	
10.33	7.00746 23.8897 2.15324	
10.34	7.00671 23.9089 2.12388	
10.35	7.00268 23.9291 2.10285	
10.36	7.00326 23.9411 2.09147	
10.37	6.99247 23.9428 2.07779	
10.38	6.99877 23.9455 2.06335	
10.39	6.9985 23.9525 2.05218	
10.4	6.99957 23.9513 2.04421	
10.41	6.99844 23.9533 2.03002	
10.42	6.99865 23.9472 2.02227	
10.43	6.99869 23.9459 2.014	
10.44	6.99908 23.9349 2.00678	
10.45	6.99961 23.9203 2.00835	
10.46	7.00017 23.9045 2.00169	
10.47	7.00854 23.8809 2.00094	
10.48	7.00923 23.8617 1.99988	
10.49	7.00993 23.8424 1.99883	
10.5	7.0108 23.8185 1.9951	
10.51	7.01197 23.7862 2.00076	
10.52	7.01301 23.7575 1.99763	
10.53	7.01405 23.7287 1.99453	
10.54	7.02253 23.7021 1.99617	
10.55	7.02379 23.6672 1.98213	
10.56	7.02477 23.6402 1.98065	
10.57	7.02597 23.607 1.96815	
10.58	7.03465 23.5745 1.95541	
10.59	7.02819 23.5457 1.94242	
10.6	7.03361 23.5086 1.92343	
10.61	7.03386 23.4725 1.91245	
10.62	7.03284 23.4336 1.88557	
10.63	7.0308 23.3931 1.87193	
10.64	7.02877 23.3513 1.84647	
10.65	7.02304 23.3142 1.82371	
10.66	7.01741 23.2726 1.79796	
10.67	7.01243 23.2404 1.77816	
10.68	6.99445 23.2029 1.75491	
10.69	6.98146 23.1615 1.72875	
10.7	6.9751 23.1343 1.70768	
10.71	6.97332 23.1069 1.69041	
10.72	6.96313 23.0745 1.67	
10.73	6.95188 23.0419 1.64918	
10.74	6.94552 23.0086 1.62014	
10.75	6.93497 22.9798 1.62291	
10.76	6.9208 22.9533 1.61298	
10.77	6.91515 22.9237 1.60022	
10.78	6.89963 22.9023 1.59309	
10.79	6.88996 22.8786 1.59993	
10.8	6.87824 22.8542 1.57765	
10.81	6.87838 22.8381 1.58071	
10.82	6.87978 22.8209 1.57342	
10.83	6.87536 22.8038 1.56775	
10.84	6.87196 22.7872 1.56495	
10.85	6.8648 22.7697 1.56037	
10.86	6.86594 22.7623 1.55865	
10.87	6.86899 22.745 1.55183	
10.88	6.86929 22.7283 1.54901	
10.89	6.87337 22.7114 1.54424	
10.9	6.87747 22.6946 1.53987	
10.91	6.87798 22.6673 1.52477	
10.92	6.87083 22.6467 1.52627	
10.93	6.87876 22.6259 1.5171	
10.94	6.87929 22.6007 1.50948	
10.95	6.87959 22.5847 1.51046	
10.96	6.88016 22.5588 1.49641	
10.97	6.87318 22.5349 1.50192	
10.98	6.88119 22.5083 1.47863	
10.99	6.88229 22.472 1.41017	
11	6.88333 22.4366 1.35	
11.01	6.88359 22.4106 1.38037	
11.02	6.88451 22.3735 1.34476	
11.03	6.88626 22.3529 1.38232	
11.04	6.88621 22.3132 1.33158	
11.05	6.88072 22.2841 1.37664	
11.06	6.8879 22.2535 1.32177	
11.07	6.88883 22.2209 1.36624	
11.08	6.88963 22.1875 1.32073	
11.09	6.89024 22.1609 1.34488	
11.1	6.88353 22.1306 1.32246	
11.11	6.89166 22.1035 1.24628	
11.12	6.89242 22.0724 1.17776	
11.13	6.89307 22.0463 1.12134	
11.14	6.89379 22.0153 1.06045	
11.15	6.89848 21.9906 1.01704	
11.16	6.89851 21.9758 1.06658	
11.17	6.89922 21.9488 1.00844	
11.18	6.89952 21.9249 1.0303	
11.19	6.8937 21.9014 1.00525	
11.2	6.90048 21.8782 1.00418	
11.21	6.89349 21.8572 1.00523	
11.22	6.90167 21.8252 0.983911	
11.23	6.90279 21.7843 0.937569	
11.24	6.90399 21.7413 0.902434	
11.25	6.89745 21.7075 0.875562	
11.26	6.90594 21.6697 0.840729	
11.27	6.90785 21.6361 0.813433	
11.28	6.90029 21.5975 0.789305	
11.29	6.90843 21.575 0.781816	
11.3	6.90925 21.5402 0.757297	
11.31	6.90997 21.5131 0.754293	
11.32	6.9032 21.484 0.744649	
11.33	6.9117 21.444 0.741729	
11.34	6.91239 21.4158 0.733795	
11.35	6.91735 21.39 0.730535	
11.36	6.91803 21.3637 0.732118	
11.37	6.91567 21.3345 0.739146	
11.38	6.92814 21.3089 0.74136	
11.39	6.92883 21.2846 0.752379	
11.4	6.93409 21.2498 0.752734	
11.41	6.92735 21.2234 0.756338	
11.42	6.92795 21.2034 0.771602	
11.43	6.94044 21.1782 0.77503	
11.44	6.94541 21.1589 0.786252	
11.45	6.94612 21.1333 0.790195	
11.46	6.9511 21.1141 0.801615	
11.47	6.95635 21.0861 0.810386	
11.48	6.95694 21.0653 0.81374	
11.49	6.96209 21.042 0.82179	
11.5	6.96713 21.0229 0.833445	
11.51	6.96773 21.0044 0.840723	
11.52	6.97292 20.9796 0.840658	
11.53	7.12884 20.9693 0.844994	
11.54	6.9498 20.9394 0.845086	
11.55	7.13846 20.8973 0.852335	
11.56	6.97539 20.8628 0.859769	
11.57	7.16076 20.8243 0.874136	
11.58	7.05629 20.793 0.908804	
11.59	7.17862 20.7365 0.906901	
11.6	7.08764 20.7337 0.948794	
11.61	7.209 20.6878 0.963522	
11.62	7.09588 20.6248 1.03808	
11.63	7.41121 20.5361 0.873992	
11.64	7.28538 20.4891 0.883122	
11.65	6.9848 20.4656 0.942277	
11.66	7.28151 20.3948 0.75668	
11.67	7.00538 20.3785 0.75358	
11.68	7.17166 20.3385 0.742128	
11.69	7.10161 20.3145 0.737164	
11.7	7.16556 20.2854 0.686636	
11.71	7.12938 20.27 0.733865	
11.72	7.15011 20.2664 0.749536	
11.73	7.13718 20.2117 0.657413	
11.74	7.14618 20.2289 0.656007	
11.75	7.16366 20.1877 0.669024	
11.76	7.13262 20.1941 0.746248	
11.77	7.08496 20.078 0.359445	
11.78	7.22019 20.1026 0.548759	
11.79	7.14197 20.0702 0.550279	
11.8	7.04045 20.0393 0.614219	
11.81	7.27387 19.9887 0.558324	
11.82	6.9889 19.9676 0.729518	
11.83	7.33276 19.9014 0.620766	
11.84	7.08581 19.857 0.654658	
11.85	7.33321 19.8062 0.642604	
11.86	7.1784 19.7278 0.694588	
11.87	7.28052 19.7458 0.97919	
11.88	7.42781 19.6759 0.637114	
11.89	7.14809 19.6608 0.769502	
11.9	7.22315 19.6048 0.617102	
11.91	7.23792 19.5572 0.544686	
11.92	7.25246 19.4968 0.513089	
11.93	7.14336 19.4555 0.509863	
11.94	7.26521 19.4049 0.499273	
11.95	7.09947 19.3742 0.477299	
11.96	7.28104 19.3727 0.508563	
11.97	6.97447 19.3255 0.393474	
11.98	7.33132 19.2929 0.395152	
11.99	6.96144 19.2356 0.362735	
12	7.31738 19.1849 -0.0350632	
12.01	6.95444 19.206 0.0205597	
12.02	7.31238 19.2111 0.100521	
12.03	7.07982 19.1992 0.158021	
12.04	7.31493 19.1241 0.226321	
12.05	7.07495 19.0994 0.312533	
12.06	7.34364 19.0531 0.370235	
12.07	7.07877 19.0363 0.406989	
12.08	7.4005 18.9759 0.427242	
12.09	7.38611 18.9587 0.0751786	
12.1	8.01977 18.8425 -0.0388345	
12.11	7.85381 18.8058 0.0219649	
12.12	7.75817 18.7916 0.116749	
12.13	7.67222 18.7516 0.214495	
12.14	7.60149 18.7147 0.255343	
12.15	7.51341 18.6819 0.285503	
12.16	7.43108 18.6455 0.278425	
12.17	7.08778 18.6491 0.504685	
12.18	7.30561 18.6157 0.595635	
12.19	7.0629 18.5829 0.57597	
12.2	7.29511 18.5578 0.636976	
12.21	7.04046 18.5404 0.655589	
12.22	7.27834 18.5213 0.674568	
12.23	7.02756 18.5013 0.698715	
12.24	7.27464 18.4865 0.748181	
12.25	7.0158 18.4657 0.742654	
12.26	7.25865 18.4586 0.816031	
12.27	7.02636 18.4288 0.731721	
12.28	7.25354 18.4091 0.781628	
12.29	7.05571 18.397 0.851413	
12.3	7.16398 18.3911 1.08136	
12.31	7.00763 18.3459 0.806503	
12.32	7.23247 18.3189 0.800273	
12.33	7.03595 18.3026 0.795653	
12.34	7.16044 18.3018 0.797886	
12.35	7.08408 18.2883 0.783716	
12.36	7.10525 18.271 0.747393	
12.37	7.17387 18.2564 0.728651	
12.38	7.01833 18.2641 0.782136	
12.39	7.21037 18.2317 0.79637	
12.4	7.01268 18.2366 0.825815	
12.41	7.26841 18.1856 0.739651	
12.42	6.95766 18.1681 0.759769	
12.43	7.15731 18.1195 0.707325	
12.44	7.05688 18.0974 0.677817	
12.45	7.15852 18.06 0.638	
12.46	7.07104 18.0188 0.595522	
12.47	7.1647 18.0017 0.575778	
12.48	7.08119 17.9612 0.51474	
12.49	7.09655 17.9308 0.474373	
12.5	7.16971 17.9052 0.432327	
12.51	7.1248 17.883 0.486038	
12.52	7.1466 17.8324 0.461603	
12.53	7.14239 17.808 0.448288	
12.54	7.17228 17.7486 0.290303	
12.55	7.18465 17.7013 0.313533	
12.56	7.14375 17.6392 0.237461	
12.57	7.24056 17.5872 0.17787	
12.58	7.12774 17.6054 0.357783	
12.59	7.27401 17.5057 0.173518	
12.6	7.12637 17.464 0.112596	
12.61	7.32237 17.3889 0.0689419	
12.62	7.0669 17.3076 -0.0463884	
12.63	7.14672 17.2601 0.0142907	
12.64	7.17266 17.1732 -0.067612	
12.65	7.15336 17.1087 -0.10021	
12.66	7.15165 17.0514 0.114551	
12.67	7.17443 16.9893 0.00185855	
12.68	7.15139 16.8928 -0.10243	
12.69	7.36108 16.8105 -0.159717	
12.7	7.1706 16.7496 -0.199713	
12.71	7.46522 16.6708 -0.225485	
12.72	7.30477 16.6198 -0.191476	
12.73	7.34347 16.5683 -0.189525	
12.74	7.14442 16.5051 -0.162255	
12.75	7.17496 16.4283 -0.186016	
12.76	7.25058 16.3779 -0.089164	
12.77	7.10965 16.331 -0.0888568	
12.78	7.29674 16.2765 -0.0685184	
12.79	7.19092 16.2257 -0.0607731	
12.8	7.20951 16.1876 -0.0557704	
12.81	7.2004 16.1263 -0.0219938	
12.82	7.20325 16.0844 -0.0164088	
12.83	7.19277 16.0276 0.0151151	
12.84	7.10353 15.9909 0.0540296	
12.85	7.28069 15.97 0.148086	
12.86	7.09012 15.8996 0.0934881	
12.87	7.29595 15.8587 0.0999535	
12.88	7.03843 15.8092 0.115212	
12.89	7.3212 15.7458 0.155767	
12.9	7.07331 15.7029 0.110797	
12.91	7.30394 15.624 0.00728833	
12.92	7.01955 15.5361 -0.0002147	
12.93	7.29066 15.4979 -0.0126647	
12.94	6.98979 15.466 0.034776	
12.95	7.04769 15.4143 0.121077	
12.96	7.19285 15.3865 -0.00810587	
12.97	7.3616 15.3579 0.0456051	
12.98	7.17888 15.2959 -0.115491	
12.99	7.64832 15.1633 -0.342673	
13	7.54967 15.1654 -0.285085	
13.01	7.24491 15.1793 -0.0463019	
13.02	7.53347 15.1075 -0.15561	
13.03	6.99784 15.1109 0.0415011	
13.04	7.17052 15.0044 -0.190437	
13.05	7.06708 14.9696 0.149509	
13.06	7.1452 14.915 0.0762395	
13.07	7.0193 14.824 0.0616173	
13.08	7.16524 14.7582 -0.0136128	
13.09	7.12782 14.6699 -0.0345927	
13.1	7.09218 14.6128 -0.0552712	
13.11	7.17102 14.5473 -0.0541138	
13.12	7.12052 14.4671 -0.0711752	
13.13	7.16252 14.3872 -0.12286	
13.14	7.11176 14.2924 -0.1597	
13.15	7.1766 14.194 -0.216405	
13.16	7.1421 14.0916 -0.221748	
13.17	7.15631 13.973 -0.234199	
13.18	7.15407 13.8499 -0.235587	
13.19	7.16135 13.7312 -0.242694	
13.2	7.17184 13.5971 -0.272857	
13.21	7.17544 13.4624 -0.289253	
13.22	7.18312 13.3293 -0.301691	
13.23	7.18892 13.2106 -0.30608	
13.24	7.1887 13.0999 -0.301112	
13.25	7.20766 12.9874 -0.296257	
13.26	7.22087 12.8697 -0.288657	
13.27	7.23278 12.7592 -0.270284	
13.28	7.23893 12.6505 -0.250582	
13.29	7.23924 12.5608 -0.216447	
13.3	7.2552 12.4983 -0.168902	
13.31	7.25009 12.46 -0.111521	
13.32	7.27151 12.4424 -0.0311861	
13.33	7.27309 12.4364 0.0350617	
13.34	7.20258 12.4383 0.102596	
13.35	7.29048 12.4424 0.155887	
13.36	7.22045 12.44 0.182684	
13.37	7.30061 12.4344 0.229633	
13.38	7.23656 12.4192 0.292684	
13.39	7.31419 12.3829 0.367588	
13.4	7.25126 12.3585 0.477107	
13.41	7.31376 12.3289 0.588787	
13.42	7.2528 12.2872 0.746171	
13.43	7.31119 12.2702 0.85476	
13.44	7.27283 12.2434 1.03507	
13.45	7.24674 12.2293 1.14485	
13.46	7.27775 12.215 1.29799	
13.47	7.24292 12.1929 1.44433	
13.48	7.27457 12.1887 1.64407	
13.49	7.30117 12.1875 1.84401	
13.5	7.32538 12.1901 2.03246	
13.51	7.34017 12.1946 2.22409	
13.52	7.35296 12.203 2.40563	
13.53	7.36351 12.2123 2.57218	
13.54	7.37541 12.2228 2.7497	
13.55	7.38305 12.2329 2.91928	
13.56	7.39375 12.2457 3.09336	
13.57	7.39603 12.2581 3.27352	
13.58	7.3846 12.2761 3.49908	
13.59	7.37342 12.2909 3.68711	
13.6	7.3673 12.3124 3.91005	
13.61	7.35165 12.3378 4.16842	
13.62	7.32665 12.3664 4.4349	
13.63	7.29352 12.3976 4.69802	
13.64	7.24165 12.427 4.93789	
13.65	7.16854 12.4569 5.16507	
13.66	7.09495 12.4918 5.40363	
13.67	7.01603 12.5353 5.65079	
13.68	6.93562 12.5937 5.92074	
13.69	6.85702 12.6731 6.22687	
13.7	6.78297 12.7622 6.49587	
13.71	6.73753 12.8633 6.78188	
13.72	6.6947 12.9698 7.07354	
13.73	6.65731 13.083 7.35305	
13.74	6.62554 13.1816 7.57134	
13.75	6.57821 13.2987 7.7904	
13.76	6.51118 13.4237 7.96798	
13.77	6.46887 13.5369 8.12223	
13.78	6.41455 13.6557 8.2563	
13.79	6.36098 13.7821 8.36951	
13.8	6.30238 13.9211 8.45771	
13.81	6.23666 14.0805 8.54015	
13.82	6.16183 14.2484 8.57561	
13.83	6.08943 14.4202 8.56388	
13.84	6.0145 14.5961 8.51551	
13.85	5.94255 14.7667 8.44163	
13.86	5.87402 14.9502 8.37895	
13.87	5.8101 15.1363 8.28341	
13.88	5.75842 15.3277 8.1788	
13.89	5.70927 15.5288 8.04918	
13.9	5.6561 15.7314 7.91222	
13.91	5.59067 15.967 7.75073	
13.92	5.53355 16.1882 7.60711	
13.93	5.48993 16.3984 7.46731	
13.94	5.46791 16.5913 7.33909	
13.95	5.45944 16.7702 7.21436	
13.96	5.4468 16.9624 7.08033	
13.97	5.43466 17.1489 6.95208	
13.98	5.41438 17.3344 6.83927	
13.99	5.37432 17.5393 6.7129	
14	5.34498 17.7492 6.58596	
14.01	5.32934 17.9418 6.48137	
14.02	5.31986 18.1232 6.3824	
14.03	5.32101 18.317 6.28177	
14.04	5.31311 18.5019 6.18717	
14.05	5.30127 18.6501 6.10483	
14.06	5.30031 18.7515 6.0521	
14.07	5.28608 18.9192 5.96622	
14.08	5.27985 19.0741 5.89289	
14.09	5.26963 19.2491 5.82078	
14.1	5.2647 19.4374 5.74121	
14.11	5.25981 19.626 5.64474	
14.12	5.25928 19.8199 5.53944	
14.13	5.26795 20.0084 5.4141	
14.14	5.26757 20.1635 5.30822	
14.15	5.27365 20.3104 5.22812	
14.16	5.27203 20.4496 5.15067	
14.17	5.27481 20.5567 5.08833	
14.18	5.26862 20.7225 5.01536	
14.19	5.2689 20.8742 4.95336	
14.2	5.2664 21.078 4.8346	
14.21	5.26959 21.2246 4.74928	
14.22	5.27345 21.4037 4.65437	
14.23	5.27572 21.5647 4.55071	
14.24	5.28006 21.7433 4.44797	
14.25	5.28038 21.9077 4.3693	
14.26	5.28603 22.0177 4.30747	
14.27	5.28387 22.143 4.22562	
14.28	5.28375 22.2692 4.1534	
14.29	5.29807 22.4062 4.06495	
14.3	5.30701 22.53 3.98221	
14.31	5.30681 22.666 3.88695	
14.32	5.31275 22.7798 3.80572	
14.33	5.31932 22.8649 3.75227	
14.34	5.31822 22.9707 3.66682	
14.35	5.31966 23.0915 3.5815	
14.36	5.31561 23.2209 3.49212	
14.37	5.30559 23.3374 3.41514	
14.38	5.29704 23.4313 3.34278	
14.39	5.29469 23.5291 3.28388	
14.4	5.29518 23.6525 3.20494	
14.41	5.29826 23.7448 3.13305	
14.42	5.30994 23.8505 3.04695	
14.43	5.31743 23.9397 2.96079	
14.44	5.33394 24.0398 2.8744	
14.45	5.34075 24.1231 2.77833	
14.46	5.3504 24.2074 2.69233	
14.47	5.34852 24.3046 2.58497	
14.48	5.35069 24.3969 2.47933	
14.49	5.35541 24.4798 2.38294	
14.5	5.36263 24.5505 2.31051	
14.51	5.36018 24.6327 2.21333	
14.52	5.36968 24.7127 2.13819	
14.53	5.36682 24.805 2.02224	
14.54	5.37415 24.8715 1.92322	
14.55	5.379 24.9396 1.80873	
14.56	5.37457 25.0015 1.65722	
14.57	5.37772 25.0283 1.51682	
14.58	5.38705 25.1225 1.35042	
14.59	5.38885 25.1198 1.18394	
14.6	5.39119 25.1306 0.954041	
14.61	5.39447 25.1692 0.72809	
14.62	5.39843 25.2037 0.549402	
14.63	5.40899 25.2538 0.370104	
14.64	5.42546 25.3109 0.192213	
14.65	5.43572 25.351 -0.00122629	
14.66	5.46171 25.382 -0.193729	
14.67	5.48686 25.3942 -0.390237	
14.68	5.5094 25.3935 -0.55573	
14.69	5.54182 25.3867 -0.779862	
14.7	5.55557 25.3856 -0.920008	
14.71	5.56678 25.3976 -1.15011	
14.72	5.57798 25.4108 -1.27814	
14.73	5.58143 25.4323 -1.40103	
14.74	5.60475 25.419 -1.66285	
14.75	5.5976 25.4377 -1.75542	
14.76	5.60249 25.4607 -1.82564	
14.77	5.60321 25.487 -1.89828	
14.78	5.60684 25.5065 -1.99681	
14.79	5.61638 25.5278 -2.07477	
14.8	5.62525 25.5305 -2.19031	
14.81	5.637 25.5387 -2.30675	
14.82	5.64849 25.5418 -2.43545	
14.83	5.65874 25.55 -2.55158	
14.84	5.66901 25.5601 -2.63708	
14.85	5.68094 25.571 -2.76289	
14.86	5.68219 25.5858 -2.86404	
14.87	5.68625 25.61 -2.96065	
14.88	5.7131 25.6 -3.16441	
14.89	5.71278 25.6318 -3.23896	
14.9	5.71214 25.65 -3.27186	
14.91	5.72027 25.6786 -3.3225	
14.92	5.71261 25.6905 -3.37741	
14.93	5.71385 25.704 -3.45784	
14.94	5.714 25.7175 -3.51104	
14.95	5.71439 25.7305 -3.56562	
14.96	5.70766 25.7527 -3.60538	
14.97	5.71677 25.7766 -3.6524	
14.98	5.71746 25.8024 -3.68184	
14.99	5.72606 25.824 -3.70333	
15	5.71965 25.8616 -3.72034	
15.01	5.71794 25.8944 -3.73964	
15.02	5.72677 25.9331 -3.76431	
15.03	5.72768 25.9509 -3.79296	
15.04	5.72064 25.9734 -3.82007	
15.05	5.73245 25.9927 -3.83505	
15.06	5.73222 26.0019 -3.85337	
15.07	5.73272 26.0107 -3.86762	
15.08	5.74088 26.0348 -3.86938	
15.09	5.73344 26.042 -3.8835	
15.1	5.74292 26.0631 -3.8927	
15.11	5.7352 26.0761 -3.90161	
15.12	5.74243 26.0959 -3.90762	
15.13	5.74132 26.1075 -3.92033	
15.14	5.74954 26.1327 -3.93068	
15.15	5.74217 26.15 -3.95424	
15.16	5.74012 26.169 -3.97418	
15.17	5.74868 26.1819 -4.00584	
15.18	5.74698 26.1963 -4.03953	
15.19	5.74761 26.2092 -4.07934	
15.2	5.74825 26.2208 -4.11068	
15.21	5.75518 26.2358 -4.16442	
15.22	5.74793 26.2514 -4.20003	
15.23	5.74895 26.2627 -4.24121	
15.24	5.75822 26.2804 -4.29705	
15.25	5.75074 26.3057 -4.36172	
15.26	5.75876 26.3211 -4.42101	
15.27	5.75958 26.3371 -4.48659	
15.28	5.76168 26.3551 -4.53166	
15.29	5.7628 26.3666 -4.57876	
15.3	5.76431 26.385 -4.62765	
15.31	5.76624 26.4023 -4.69257	
15.32	5.76682 26.4041 -4.74933	
15.33	5.76802 26.417 -4.78998	
15.34	5.77061 26.4234 -4.84198	
15.35	5.78 26.4341 -4.89662	
15.36	5.78066 26.4401 -4.94919	
15.37	5.78232 26.4401 -5.00334	
15.38	5.78499 26.443 -5.06571	
15.39	5.78572 26.4429 -5.12018	
15.4	5.78746 26.4393 -5.18488	
15.41	5.79645 26.4449 -5.23156	
15.42	5.79055 26.4433 -5.29843	
15.43	5.7919 26.4349 -5.34264	
15.44	5.79326 26.4392 -5.3957	
15.45	5.80226 26.4417 -5.45311	
15.46	5.80364 26.4466 -5.49976	
15.47	5.80503 26.4514 -5.55288	
15.48	5.79983 26.4587 -5.60133	
15.49	5.80785 26.4619 -5.64619	
15.5	5.80979 26.468 -5.68928	
15.51	5.81122 26.4703 -5.74027	
15.52	5.8117 26.4725 -5.79162	
15.53	5.81316 26.4818 -5.84703	
15.54	5.81611 26.4881 -5.90313	
15.55	5.80913 26.4991 -5.94788	
15.56	5.81814 26.5005 -5.9968	
15.57	5.81967 26.5169 -6.03682	
15.58	5.81322 26.5289 -6.07147	
15.59	5.82224 26.5438 -6.11584	
15.6	5.82163 26.5576 -6.15356	
15.61	5.81577 26.5597 -6.19795	
15.62	5.81565 26.5746 -6.23219	
15.63	5.82369 26.5862 -6.27461	
15.64	5.82531 26.5998 -6.31217	
15.65	5.81902 26.6162 -6.34878	
15.66	5.82068 26.6301 -6.38625	
15.67	5.82233 26.6374 -6.42605	
15.68	5.81668 26.6566 -6.46105	
15.69	5.81782 26.6708 -6.48875	
15.7	5.81953 26.6814 -6.52393	
15.71	5.82126 26.6987 -6.55662	
15.72	5.81303 26.7115 -6.57759	
15.73	5.81903 26.7431 -6.59891	
15.74	5.82121 26.7638 -6.61693	
15.75	5.81311 26.7929 -6.62821	
15.76	5.82159 26.8149 -6.64638	
15.77	5.81498 26.8339 -6.65504	
15.78	5.82347 26.8625 -6.67055	
15.79	5.81689 26.8823 -6.68571	
15.8	5.81815 26.9066 -6.7057	
15.81	5.81878 26.9206 -6.71667	
15.82	5.81906 26.9387 -6.74606	
15.83	5.82071 26.9671 -6.758	
15.84	5.8206 26.9892 -6.79183	
15.85	5.82128 27.0137 -6.80197	
15.86	5.82258 27.0382 -6.82154	
15.87	5.83005 27.0601 -6.83932	
15.88	5.82456 27.0835 -6.84902	
15.89	5.83304 27.1182 -6.85437	
15.9	5.83371 27.139 -6.86225	
15.91	5.83443 27.1729 -6.86463	
15.92	5.84129 27.2042 -6.86524	
15.93	5.84107 27.2324 -6.86984	
15.94	5.84792 27.2609 -6.87493	
15.95	5.848 27.2852 -6.87496	
15.96	5.85584 27.3206 -6.87676	
15.97	5.85748 27.339 -6.88853	
15.98	5.85722 27.3698 -6.89528	
15.99	5.86259 27.3997 -6.89674	
16	5.8633 27.4253 -6.9123	
16.01	5.8644 27.4613 -6.91696	
16.02	5.86412 27.4849 -6.94386	
16.03	5.8729 27.5144 -6.97163	
16.04	5.87323 27.5375 -7.00129	
16.05	5.87453 27.5606 -7.04819	
16.06	5.87558 27.5823 -7.06951	
16.07	5.87687 27.5982 -7.11287	
16.08	5.87757 27.6229 -7.13907	
16.09	5.88594 27.6496 -7.17439	
16.1	5.88727 27.6778 -7.20502	
16.11	5.89624 27.7066 -7.23823	
16.12	5.88998 27.7447 -7.24681	
16.13	5.89203 27.7931 -7.27699	
16.14	5.89279 27.83 -7.28984	
16.15	5.89419 27.8716 -7.31347	
16.16	5.89495 27.9062 -7.33084	
16.17	5.90331 27.9457 -7.37001	
16.18	5.90403 27.9716 -7.39523	
16.19	5.91295 27.9971 -7.45483	
16.2	5.91365 28.0185 -7.48966	
16.21	5.92191 28.0405 -7.52705	
16.22	5.93015 28.0628 -7.56438	
16.23	5.93741 28.0872 -7.59712	
16.24	5.94664 28.1211 -7.62076	
16.25	5.95486 28.1508 -7.64313	
16.26	5.96312 28.1973 -7.66003	
16.27	5.97071 28.2279 -7.67936	
16.28	5.97829 28.2586 -7.6986	
16.29	5.97961 28.2936 -7.71728	
16.3	5.98573 28.323 -7.72991	
16.31	5.99391 28.3611 -7.75447	
16.32	6.00145 28.3902 -7.76691	
16.33	6.00274 28.4172 -7.7823	
16.34	6.00306 28.4458 -7.80434	
16.35	6.00419 28.4835 -7.80504	
16.36	6.01132 28.5156 -7.82162	
16.37	6.01926 28.5544 -7.8218	
16.38	6.01959 28.5895 -7.83976	
16.39	6.02163 28.6235 -7.84811	
16.4	6.02855 28.6599 -7.85328	
16.41	6.0308 28.6895 -7.87382	
16.42	6.03096 28.7332 -7.87028	
16.43	6.03745 28.7664 -7.88325	
16.44	6.0449 28.7957 -7.8945	
16.45	6.03981 28.8294 -7.90207	
16.46	6.04725 28.8588 -7.91312	
16.47	6.04638 28.8897 -7.91695	
16.48	6.05438 28.9205 -7.93686	
16.49	6.06122 28.9467 -7.94369	
16.5	6.06191 28.9813 -7.95082	
16.51	6.06933 29.015 -7.96259	
16.52	6.06999 29.0435 -7.97342	
16.53	6.07739 29.0753 -7.99007	
16.54	6.07753 29.1131 -8.00018	
16.55	6.08549 29.1527 -8.02159	
16.56	6.08622 29.2024 -8.03745	
16.57	6.08637 29.2404 -8.04709	
16.58	6.09431 29.2826 -8.07417	
16.59	6.09499 29.318 -8.09143	
16.6	6.1024 29.3674 -8.11127	
16.61	6.10305 29.397 -8.13237	
16.62	6.10431 29.4429 -8.16011	
16.63	6.11167 29.4866 -8.18355	
16.64	6.11242 29.5163 -8.23282	
16.65	6.11305 29.5414 -8.26901	
16.66	6.12034 29.5737 -8.30055	
16.67	6.12241 29.5937 -8.33847	
16.68	6.12491 29.6123 -8.3671	
16.69	6.14062 29.6449 -8.39878	
16.7	6.14388 29.6735 -8.40778	
16.71	6.15188 29.6832 -8.42324	
16.72	6.68832 30.0546 -8.51354	
16.73	6.68527 30.0541 -8.51463	
16.74	6.68223 30.0536 -8.51573	
16.75	6.67818 30.0529 -8.51722	
16.76	6.67818 30.0529 -8.51722	
16.77	6.67414 30.0522 -8.51872	
16.78	6.67212 30.0519 -8.51948	
16.79	6.66909 30.0514 -8.52063	
16.8	6.66809 30.0512 -8.52102	
16.81	6.66608 30.0508 -8.52179	
16.82	6.66507 30.0507 -8.52218	
16.83	6.66306 30.0503 -8.52296	
16.84	6.66106 30.05 -8.52375	
16.85	6.66758 30.0478 -8.53157	
16.86	6.66005 30.0473 -8.53212	
16.87	6.66557 30.0475 -8.53236	
16.88	6.66557 30.0475 -8.53236	
16.89	6.66458 30.0498 -8.52478	
16.9	6.66357 30.0471 -8.53315	
16.91	6.67009 30.0475 -8.533	
16.92	6.67661 30.0479 -8.53285	
16.93	6.65605 30.0465 -8.53371	
16.94	6.66257 30.0469 -8.53355	
16.95	6.65305 30.046 -8.53491	
16.96	6.65206 30.0483 -8.52734	
16.97	6.65106 30.0481 -8.52775	
16.98	6.65558 30.0457 -8.53638	
16.99	6.6536 30.0478 -8.52922	
17	6.64707 30.0474 -8.52938	
17.01	6.64608 30.0447 -8.53777	
17.02	6.64509 30.0445 -8.53818	
17.03	6.64409 30.0443 -8.53859	
17.04	6.6506 30.0422 -8.5464	
17.05	6.6431 30.0467 -8.53103	
17.06	6.64211 30.0465 -8.53144	
17.07	6.64211 30.0439 -8.53942	
17.08	6.64763 30.0442 -8.53967	
17.09	6.64762 30.0416 -8.54764	
17.1	6.65413 30.0421 -8.54748	
17.11	6.64013 30.0436 -8.54025	
17.12	6.64664 30.044 -8.54009	
17.13	6.64013 30.0461 -8.53228	
17.14	6.65315 30.0444 -8.53993	
17.15	6.63914 30.0459 -8.5327	
17.16	6.63262 30.0429 -8.54084	
17.17	6.63914 30.0434 -8.54067	
17.18	6.64565 30.0463 -8.53253	
17.19	6.64565 30.0438 -8.54051	
17.2	6.64466 30.0436 -8.54093	
17.21	6.65216 30.0442 -8.54034	
17.22	6.65215 30.0417 -8.54831	
17.23	6.64564 30.0413 -8.54848	
17.24	6.65764 30.0393 -8.55654	
17.25	6.65766 30.0419 -8.54857	
17.26	6.65764 30.0393 -8.55654	
17.27	6.65764 30.0393 -8.55654	
17.28	6.65764 30.0393 -8.55654	
17.29	6.65864 30.0395 -8.55612	
17.3	6.66414 30.0398 -8.55638	
17.31	6.65764 30.0393 -8.55654	
17.32	6.66514 30.0399 -8.55597	
17.33	6.65764 30.0393 -8.55654	
17.34	6.63163 30.0453 -8.53329	
17.35	6.63163 30.0453 -8.53329	
17.36	6.63162 30.0478 -8.52531	
17.37	6.63261 30.048 -8.52489	
17.38	6.63815 30.0432 -8.54109	
17.39	6.62512 30.0423 -8.54143	
17.4	6.63617 30.0453 -8.53396	
17.41	6.63123 30.0444 -8.53609	
17.42	6.63025 30.0467 -8.52855	
17.43	6.6273 30.0436 -8.53782	
17.44	6.62533 30.0432 -8.53868	
17.45	6.6289 30.043 -8.53982	
17.46	6.62043 30.0447 -8.5329	
17.47	6.61652 30.0439 -8.53468	
17.48	6.6136 30.0433 -8.53602	
17.49	6.61068 30.0427 -8.53738	
17.5	6.60028 30.0439 -8.53141	
17.51	6.60942 30.039 -8.54882	
17.52	6.60654 30.0434 -8.53427	
17.53	6.59617 30.0421 -8.53633	
17.54	6.59328 30.0415 -8.53774	
17.55	6.58753 30.0377 -8.54857	
17.56	6.58926 30.0371 -8.55079	
17.57	6.5864 30.0389 -8.54429	
17.58	6.57515 30.0348 -8.5549	
17.59	6.57137 30.0313 -8.56485	
17.6	6.57503 30.0337 -8.55819	
17.61	6.56571 30.03 -8.56786	
17.62	6.56383 30.0321 -8.56092	
17.63	6.56102 30.0288 -8.5704	
17.64	6.55727 30.033 -8.55654	
17.65	6.55168 30.0342 -8.55169	
17.66	6.54985 30.0377 -8.5403	
17.67	6.54157 30.0381 -8.53717	
17.68	6.52503 30.0194 -8.59113	
17.69	6.51689 30.0198 -8.5882	
17.7	6.51239 30.0211 -8.58309	
17.71	6.51348 30.0149 -8.60216	
17.72	6.49726 30.0141 -8.60083	
17.73	6.49198 30.0098 -8.61229	
17.74	6.48935 30.0117 -8.60613	
17.75	6.48585 30.008 -8.61645	
17.76	6.48881 30.0101 -8.61068	
17.77	6.47976 30.0028 -8.61723	
17.78	6.47642 30.0074 -8.60319	
17.79	6.48028 30.0039 -8.60134	
17.8	6.4859 30.0036 -8.59033	
17.81	6.48343 30 -8.58811	
17.82	6.48825 29.996 -8.57425	
17.83	6.4874 29.9865 -8.5759	
17.84	6.48745 29.9838 -8.55577	
17.85	6.49156 29.9682 -8.55082	
17.86	6.49071 29.9542 -8.55166	
17.87	6.49005 29.9586 -8.52426	
17.88	6.49583 29.958 -8.51318	
17.89	6.48938 29.9638 -8.47795	
17.9	6.49517 29.9607 -8.47484	
17.91	6.50101 29.9541 -8.46819	
17.92	6.49448 29.9455 -8.44981	
17.93	6.50038 29.9506 -8.4342	
17.94	6.50049 29.9518 -8.41461	
17.95	6.49971 29.9503 -8.40367	
17.96	6.49727 29.9506 -8.38596	
17.97	6.49483 29.9451 -8.37271	
17.98	6.4915 29.937 -8.36814	
17.99	6.48141 29.93 -8.35641	
18	6.47137 29.9293 -8.33958	
18.01	6.4621 29.9243 -8.3382	
18.02	6.45285 29.9273 -8.32432	
18.03	6.43679 29.926 -8.30709	
18.04	6.4275 29.9267 -8.3013	
18.05	6.42062 29.924 -8.29055	
18.06	6.41133 29.9247 -8.28477	
18.07	6.40442 29.9277 -8.26956	
18.08	6.39593 29.9286 -8.26311	
18.09	6.38902 29.9237 -8.26045	
18.1	6.38132 29.9248 -8.25332	
18.11	6.38043 29.9287 -8.23784	
18.12	6.37276 29.9277 -8.23881	
18.13	6.36503 29.9287 -8.23169	
18.14	6.35811 29.93 -8.22388	
18.15	6.36412 29.9325 -8.2162	
18.16	6.35724 29.9318 -8.21648	
18.17	6.35644 29.933 -8.21193	
18.18	6.3426 29.9329 -8.20511	
18.19	6.42449 29.987 -8.66275	
18.2	6.41648 29.9884 -8.65646	
18.21	6.41488 29.9851 -8.6657	
18.22	6.41328 29.9818 -8.67495	
18.23	6.41726 29.9815 -8.67671	
18.24	6.41566 29.9809 -8.67806	
18.25	6.41407 29.983 -8.67153	
18.26	6.41169 29.9821 -8.67358	
18.27	6.41089 29.9818 -8.67426	
18.28	6.4101 29.9815 -8.67495	
18.29	6.40931 29.9812 -8.67564	
18.3	6.40852 29.9808 -8.67632	
18.31	6.40774 29.9805 -8.67701	
18.32	6.40616 29.9799 -8.67839	
18.33	6.40616 29.9799 -8.67839	
18.34	6.40538 29.9796 -8.67908	
18.35	6.40459 29.9793 -8.67978	
18.36	6.4046 29.9766 -8.68767	
18.37	6.40459 29.9793 -8.67978	
18.38	6.40381 29.979 -8.68047	
18.39	6.40381 29.979 -8.68047	
18.4	6.40303 29.9787 -8.68116	
18.41	6.40303 29.9787 -8.68116	
18.42	6.40303 29.9787 -8.68116	
18.43	6.40303 29.9787 -8.68116	
18.44	6.40225 29.9783 -8.68186	
18.45	6.40225 29.9783 -8.68186	
18.46	6.40147 29.978 -8.68255	
18.47	6.40225 29.9783 -8.68186	
18.48	6.40147 29.978 -8.68255	
18.49	6.40147 29.978 -8.68255	
18.5	6.40147 29.978 -8.68255	
18.51	6.40147 29.978 -8.68255	
18.52	6.40069 29.9777 -8.68325	
18.53	6.40069 29.9777 -8.68325	
18.54	6.40147 29.978 -8.68255	
18.55	6.41096 29.9773 -8.68739	
18.56	6.42204 29.9771 -8.69087	
18.57	6.42203 29.9789 -8.68568	
18.58	6.45156 29.9794 -8.69195	
18.59	6.43424 29.9879 -8.66268	
18.6	6.44663 29.9924 -8.65293	
18.61	6.45752 29.9988 -8.63673	
18.62	6.47372 30.0041 -8.62492	
18.63	6.49198 30.0098 -8.61229	
18.64	6.50971 30.0151 -8.60067	
18.65	6.51509 30.0167 -8.59727	
18.66	6.53598 30.0224 -8.58458	
18.67	6.57231 30.0316 -8.56435	
18.68	6.59424 30.0366 -8.5532	
18.69	6.62435 30.043 -8.53912	
18.7	6.69239 30.0602 -8.49612	
18.71	6.72215 30.0622 -8.49424	
18.72	6.74289 30.065 -8.48802	
18.73	6.75826 30.0748 -8.45809	
18.74	6.78698 30.0751 -8.46052	
18.75	6.80843 30.084 -8.43302	
18.76	6.82335 30.0902 -8.41386	
18.77	6.8274 30.0956 -8.3958	
18.78	6.83811 30.1011 -8.37776	
18.79	6.84777 30.1065 -8.36001	
18.8	6.85314 30.1091 -8.35108	
18.81	6.86068 30.1142 -8.33379	
18.82	6.85842 30.0742 -8.46986	
18.83	6.86057 30.0768 -8.46153	
18.84	6.86931 30.0722 -8.47719	
18.85	6.86716 30.0745 -8.46948	
18.86	6.86608 30.0769 -8.46162	
18.87	6.86392 30.0768 -8.46194	
18.88	6.85961 30.0765 -8.46258	
18.89	6.85086 30.0786 -8.45496	
18.9	6.85315 30.0785 -8.45556	
18.91	6.84885 30.0733 -8.47228	
18.92	6.84348 30.0753 -8.46516	
18.93	6.83368 30.0724 -8.4738	
18.94	6.83153 30.0747 -8.46616	
18.95	6.83704 30.0748 -8.46627	
18.96	6.82954 30.0766 -8.45962	
18.97	6.82741 30.0716 -8.47604	
18.98	6.82437 30.0734 -8.4698	
18.99	6.8233 30.0733 -8.47001	
19	6.79864 30.0714 -8.47389	
19.01	6.79991 30.0711 -8.47498	
19.02	6.7817 30.0671 -8.4858	
19.03	6.77458 30.0708 -8.47308	
19.04	6.76827 30.0676 -8.48272	
19.05	6.76094 30.0667 -8.48469	
19.06	6.76229 30.0688 -8.47802	
19.07	6.7647 30.0711 -8.47107	
19.08	6.76055 30.073 -8.46426	
19.09	6.76401 30.0729 -8.46505	
19.1	6.76092 30.0749 -8.45796	
19.11	6.76442 30.0772 -8.45076	
19.12	6.76238 30.0794 -8.44337	
19.13	6.7603 30.0791 -8.444	
19.14	6.75927 30.079 -8.44432	
19.15	6.7572 30.0787 -8.44495	
19.16	6.75723 30.0811 -8.43694	
19.17	6.75516 30.0808 -8.43758	
19.18	6.76073 30.081 -8.43779	
19.19	6.75969 30.0808 -8.43811	
19.2	6.75969 30.0808 -8.43811	
19.21	6.75866 30.0807 -8.43844	
19.22	6.75763 30.0806 -8.43876	
19.23	6.75763 30.0806 -8.43876	
19.24	6.75763 30.0806 -8.43876	
19.25	6.75659 30.0804 -8.43909	
19.26	6.75659 30.0804 -8.43909	
19.27	6.75659 30.0804 -8.43909	
19.28	6.75556 30.0803 -8.43942	
19.29	6.75659 30.0804 -8.43909	
19.3	6.7556 30.0827 -8.4314	
19.31	6.7556 30.0827 -8.4314	
19.32	6.7556 30.0827 -8.4314	
19.33	6.76221 30.083 -8.43129	
19.34	6.76221 30.083 -8.43129	
19.35	6.76113 30.0804 -8.43963	
19.36	6.76221 30.083 -8.43129	
19.37	6.75457 30.0825 -8.43173	
19.38	6.75457 30.0825 -8.43173	
19.39	6.75457 30.0825 -8.43173	
19.4	6.75457 30.0825 -8.43173	
19.41	6.76118 30.0828 -8.43162	
19.42	6.76118 30.0828 -8.43162	
19.43	6.75457 30.0825 -8.43173	
19.44	6.75457 30.0825 -8.43173	
19.45	6.76118 30.0828 -8.43162	
19.46	6.75457 30.0825 -8.43173	
19.47	6.75457 30.0825 -8.43173	
19.48	6.76118 30.0828 -8.43162	
19.49	6.76118 30.0828 -8.43162	
19.5	6.75457 30.0825 -8.43173	
19.51	6.75457 30.0825 -8.43173	
19.52	6.75457 30.0825 -8.43173	
19.53	6.76118 30.0828 -8.43162	
19.54	6.76118 30.0828 -8.43162	
19.55	6.76118 30.0828 -8.43162	
19.56	6.75457 30.0825 -8.43173	
19.57	6.76118 30.0828 -8.43162	
19.58	6.76118 30.0828 -8.43162	
19.59	6.76118 30.0828 -8.43162	
19.6	6.76118 30.0828 -8.43162	
19.61	6.75457 30.0825 -8.43173	
19.62	6.75457 30.0825 -8.43173	
19.63	6.75457 30.0825 -8.43173	
19.64	6.76118 30.0828 -8.43162	
19.65	6.76118 30.0828 -8.43162	
19.66	6.75457 30.0825 -8.43173	
19.67	6.76118 30.0828 -8.43162	
19.68	6.76118 30.0828 -8.43162	
19.69	6.76118 30.0828 -8.43162	
19.7	6.76015 30.0827 -8.43195	
19.71	6.75354 30.0824 -8.43206	
19.72	6.76118 30.0828 -8.43162	
19.73	6.76118 30.0828 -8.43162	
19.74	6.76118 30.0828 -8.43162	
19.75	6.7601 30.0803 -8.43997	
19.76	6.76015 30.0827 -8.43195	
19.77	6.76118 30.0828 -8.43162	
19.78	6.76015 30.0827 -8.43195	
19.79	6.76118 30.0828 -8.43162	
19.8	6.76118 30.0828 -8.43162	
19.81	6.76118 30.0828 -8.43162	
19.82	6.75457 30.0825 -8.43173	
19.83	6.75457 30.0825 -8.43173	
19.84	6.75457 30.0825 -8.43173	
19.85	6.76113 30.0804 -8.43963	
19.86	6.76118 30.0828 -8.43162	
19.87	6.76118 30.0828 -8.43162	
19.88	6.75457 30.0825 -8.43173	
19.89	6.75457 30.0825 -8.43173	
19.9	6.76113 30.0804 -8.43963	
19.91	6.76118 30.0828 -8.43162	
19.92	6.76118 30.0828 -8.43162	
19.93	6.76118 30.0828 -8.43162	
19.94	6.7601 30.0803 -8.43997	
19.95	6.76118 30.0828 -8.43162	
19.96	6.76113 30.0804 -8.43963	
19.97	6.76113 30.0804 -8.43963	
19.98	6.76118 30.0828 -8.43162	
19.99	6.76118 30.0828 -8.43162	
20	6.76118 30.0828 -8.43162	
20.01	6.76118 30.0828 -8.43162	
20.02	6.76118 30.0828 -8.43162	
20.03	6.76118 30.0828 -8.43162	
20.04	6.75457 30.0825 -8.43173	
20.05	6.76118 30.0828 -8.43162	
20.06	6.75457 30.0825 -8.43173	
20.07	6.75457 30.0825 -8.43173	
20.08	6.76118 30.0828 -8.43162	
20.09	6.75457 30.0825 -8.43173	
20.1	6.75457 30.0825 -8.43173	
20.11	6.76118 30.0828 -8.43162	
20.12	6.76118 30.0828 -8.43162	
20.13	6.76118 30.0828 -8.43162	
20.14	6.75457 30.0825 -8.43173	
20.15	6.75457 30.0825 -8.43173	
20.16	6.76118 30.0828 -8.43162	
20.17	6.7601 30.0803 -8.43997	
20.18	6.75457 30.0825 -8.43173	
20.19	6.76118 30.0828 -8.43162	
20.2	6.7601 30.0803 -8.43997	
20.21	6.76113 30.0804 -8.43963	
20.22	6.75457 30.0825 -8.43173	
20.23	6.76113 30.0804 -8.43963	
20.24	6.7601 30.0803 -8.43997	
20.25	6.76118 30.0828 -8.43162	
20.26	6.76118 30.0828 -8.43162	
20.27	6.76118 30.0828 -8.43162	
20.28	6.76015 30.0827 -8.43195	
20.29	6.76118 30.0828 -8.43162	
20.3	6.76015 30.0827 -8.43195	
20.31	6.75457 30.0825 -8.43173	
20.32	6.76015 30.0827 -8.43195	
20.33	6.76118 30.0828 -8.43162	
20.34	6.76118 30.0828 -8.43162	
20.35	6.76118 30.0828 -8.43162	
20.36	6.76118 30.0828 -8.43162	
20.37	6.76118 30.0828 -8.43162	
20.38	6.7601 30.0803 -8.43997	
20.39	6.76118 30.0828 -8.43162	
20.4	6.75457 30.0825 -8.43173	
20.41	6.76118 30.0828 -8.43162	
20.42	6.76118 30.0828 -8.43162	
20.43	6.76118 30.0828 -8.43162	
20.44	6.76118 30.0828 -8.43162	
20.45	6.76118 30.0828 -8.43162	
20.46	6.76015 30.0827 -8.43195	
20.47	6.76118 30.0828 -8.43162	
20.48	6.75453 30.0801 -8.43975	
20.49	6.76113 30.0804 -8.43963	
20.5	6.75457 30.0825 -8.43173	
20.51	6.75457 30.0825 -8.43173	
20.52	6.76118 30.0828 -8.43162	
20.53	6.75457 30.0825 -8.43173	
20.54	6.76113 30.0804 -8.43963	
20.55	6.76113 30.0804 -8.43963	
20.56	6.76015 30.0827 -8.43195	
20.57	6.76118 30.0828 -8.43162	
20.58	6.75457 30.0825 -8.43173	
20.59	6.76118 30.0828 -8.43162	
20.6	6.76118 30.0828 -8.43162	
20.61	6.75457 30.0825 -8.43173	
20.62	6.75461 30.0849 -8.42371	
20.63	6.76113 30.0804 -8.43963	
20.64	6.75453 30.0801 -8.43975	
20.65	6.75457 30.0825 -8.43173	
20.66	6.76118 30.0828 -8.43162	
20.67	6.76118 30.0828 -8.43162	
20.68	6.76015 30.0827 -8.43195	
20.69	6.76118 30.0828 -8.43162	
20.7	6.76118 30.0828 -8.43162	
20.71	6.76118 30.0828 -8.43162	
20.72	6.76113 30.0804 -8.43963	
20.73	6.76015 30.0827 -8.43195	
20.74	6.75457 30.0825 -8.43173	
20.75	6.76015 30.0827 -8.43195	
20.76	6.76118 30.0828 -8.43162	
20.77	6.75457 30.0825 -8.43173	
20.78	6.75457 30.0825 -8.43173	
20.79	6.75457 30.0825 -8.43173	
20.8	6.76118 30.0828 -8.43162	
20.81	6.72148 30.059 -8.50439	
20.82	6.71493 30.0587 -8.50452	
20.83	6.72148 30.059 -8.50439	
20.84	6.72148 30.059 -8.50439	
20.85	6.72148 30.059 -8.50439	
20.86	6.72045 30.0589 -8.50472	
20.87	6.71493 30.0587 -8.50452	
20.88	6.71493 30.0587 -8.50452	
20.89	6.72148 30.059 -8.50439	
20.9	6.71596 30.0588 -8.50419	
20.91	6.72045 30.0589 -8.50472	
20.92	6.72148 30.059 -8.50439	
20.93	6.72148 30.059 -8.50439	
20.94	6.71493 30.0587 -8.50452	
20.95	6.72148 30.059 -8.50439	
20.96	6.72147 30.0565 -8.51238	
20.97	6.71493 30.0587 -8.50452	
20.98	6.72148 30.059 -8.50439	
20.99	6.71493 30.0562 -8.51251	
21	6.72148 30.059 -8.50439	
21.01	6.72147 30.0565 -8.51238	
21.02	6.72147 30.0565 -8.51238	
21.03	6.72148 30.059 -8.50439	
21.04	6.72147 30.0565 -8.51238	
21.05	6.72045 30.0589 -8.50472	
21.06	6.71493 30.0587 -8.50452	
21.07	6.72148 30.059 -8.50439	
21.08	6.72044 30.0564 -8.51271	
21.09	6.72045 30.0589 -8.50472	
21.1	6.72699 30.0592 -8.50459	
21.11	6.72148 30.059 -8.50439	
21.12	6.71493 30.0587 -8.50452	
21.13	6.71493 30.0587 -8.50452	
21.14	6.71493 30.0587 -8.50452	
21.15	6.72147 30.0565 -8.51238	
21.16	6.71493 30.0587 -8.50452	
21.17	6.72147 30.0565 -8.51238	
21.18	6.72147 30.0565 -8.51238	
21.19	6.72148 30.059 -8.50439	
21.2	6.72045 30.0589 -8.50472	
21.21	6.7139 30.0585 -8.50485	
21.22	6.71493 30.0587 -8.50452	
21.23	6.71493 30.0587 -8.50452	
21.24	6.71493 30.0587 -8.50452	
21.25	6.72148 30.059 -8.50439	
21.26	6.72148 30.059 -8.50439	
21.27	6.72147 30.0565 -8.51238	
21.28	6.72148 30.059 -8.50439	
21.29	6.72147 30.0565 -8.51238	
21.3	6.72045 30.0589 -8.50472	
21.31	6.71493 30.0587 -8.50452	
21.32	6.71493 30.0587 -8.50452	
21.33	6.71493 30.0587 -8.50452	
21.34	6.72148 30.059 -8.50439	
21.35	6.72148 30.059 -8.50439	
21.36	6.71493 30.0587 -8.50452	
21.37	6.72148 30.059 -8.50439	
21.38	6.71493 30.0587 -8.50452	
21.39	6.71493 30.0587 -8.50452	
21.4	6.72148 30.059 -8.50439	
21.41	6.72044 30.0564 -8.51271	
21.42	6.72045 30.0589 -8.50472	
21.43	6.72148 30.059 -8.50439	
21.44	6.72148 30.059 -8.50439	
21.45	6.72147 30.0565 -8.51238	
21.46	6.72148 30.059 -8.50439	
21.47	6.72148 30.059 -8.50439	
21.48	6.72147 30.0565 -8.51238	
21.49	6.71493 30.0587 -8.50452	
21.5	6.72147 30.0565 -8.51238	
21.51	6.72148 30.059 -8.50439	
21.52	6.72148 30.059 -8.50439	
21.53	6.72148 30.059 -8.50439	
21.54	6.72148 30.059 -8.50439	
21.55	6.72148 30.059 -8.50439	
21.56	6.72148 30.059 -8.50439	
21.57	6.72045 30.0589 -8.50472	
21.58	6.71493 30.0587 -8.50452	
21.59	6.71493 30.0587 -8.50452	
21.6	6.72148 30.059 -8.50439	
21.61	6.71493 30.0587 -8.50452	
21.62	6.72147 30.0565 -8.51238	
21.63	6.72044 30.0564 -8.51271	
21.64	6.7139 30.056 -8.51284	
21.65	6.71493 30.0587 -8.50452	
21.66	6.71493 30.0587 -8.50452	
21.67	6.72045 30.0589 -8.50472	
21.68	6.71493 30.0587 -8.50452	
21.69	6.72148 30.059 -8.50439	
21.7	6.72148 30.059 -8.50439	
21.71	6.72147 30.0565 -8.51238	
21.72	6.72148 30.059 -8.50439	
21.73	6.72148 30.059 -8.50439	
21.74	6.72148 30.059 -8.50439	
21.75	6.71493 30.0587 -8.50452	
21.76	6.72147 30.0565 -8.51238	
21.77	6.72148 30.059 -8.50439	
21.78	6.72148 30.059 -8.50439	
21.79	6.72147 30.0565 -8.51238	
21.8	6.72148 30.059 -8.50439	
21.81	6.72251 30.0591 -8.50406	
21.82	6.72148 30.059 -8.50439	
21.83	6.72044 30.0564 -8.51271	
21.84	6.71493 30.0587 -8.50452	
21.85	6.72148 30.059 -8.50439	
21.86	6.72148 30.059 -8.50439	
21.87	6.72148 30.059 -8.50439	
21.88	6.72148 30.059 -8.50439	
21.89	6.71493 30.0587 -8.50452	
21.9	6.72148 30.059 -8.50439	
21.91	6.72147 30.0565 -8.51238	
21.92	6.71493 30.0611 -8.49653	
21.93	6.72148 30.059 -8.50439	
21.94	6.72148 30.059 -8.50439	
21.95	6.72148 30.059 -8.50439	
21.96	6.71596 30.0588 -8.50419	
21.97	6.72148 30.059 -8.50439	
21.98	6.72147 30.0565 -8.51238	
21.99	6.72148 30.059 -8.50439	
22	6.72148 30.059 -8.50439	
22.01	6.72045 30.0589 -8.50472	
22.02	6.72148 30.059 -8.50439	
22.03	6.71493 30.0587 -8.50452	
22.04	6.72148 30.059 -8.50439	
22.05	6.72044 30.0564 -8.51271	
22.06	6.71493 30.0587 -8.50452	
22.07	6.71493 30.0587 -8.50452	
22.08	6.71493 30.0587 -8.50452	
22.09	6.71493 30.0587 -8.50452	
22.1	6.71493 30.0587 -8.50452	
22.11	6.71493 30.0587 -8.50452	
22.12	6.71493 30.0562 -8.51251	
22.13	6.71493 30.0587 -8.50452	
22.14	6.72148 30.059 -8.50439	
22.15	6.72148 30.059 -8.50439	
22.16	6.71493 30.0587 -8.50452	
22.17	6.72147 30.0565 -8.51238	
22.18	6.72148 30.059 -8.50439	
22.19	6.72148 30.059 -8.50439	
22.2	6.72044 30.0564 -8.51271	
22.21	6.71596 30.0588 -8.50419	
22.22	6.72148 30.059 -8.50439	
22.23	6.71493 30.0562 -8.51251	
22.24	6.71493 30.0587 -8.50452	
22.25	6.72148 30.059 -8.50439	
22.26	6.71493 30.0587 -8.50452	
22.27	6.72251 30.0591 -8.50406	
22.28	6.71493 30.0587 -8.50452	
22.29	6.7139 30.056 -8.51284	
22.3	6.71493 30.0587 -8.50452	
22.31	6.71493 30.0587 -8.50452	
22.32	6.72147 30.0565 -8.51238	
22.33	6.71493 30.0587 -8.50452	
22.34	6.71596 30.0588 -8.50419	
22.35	6.72148 30.059 -8.50439	
22.36	6.71493 30.0587 -8.50452	
22.37	6.71493 30.0562 -8.51251	
22.38	6.72148 30.059 -8.50439	
22.39	6.72148 30.059 -8.50439	
22.4	6.72147 30.0565 -8.51238	
22.41	6.72044 30.0564 -8.51271	
22.42	6.71493 30.0587 -8.50452	
22.43	6.71493 30.0587 -8.50452	
22.44	6.72148 30.059 -8.50439	
22.45	6.71493 30.0562 -8.51251	
22.46	6.71493 30.0587 -8.50452	
22.47	6.72148 30.059 -8.50439	
22.48	6.72148 30.059 -8.50439	
22.49	6.72148 30.059 -8.50439	
22.5	6.71493 30.0587 -8.50452	
22.51	6.71493 30.0587 -8.50452	
22.52	6.71493 30.0587 -8.50452	
22.53	6.71493 30.0587 -8.50452	
22.54	6.72148 30.059 -8.50439	
22.55	6.72147 30.0565 -8.51238	
22.56	6.72148 30.059 -8.50439	
22.57	6.71493 30.0587 -8.50452	
22.58	6.72147 30.0565 -8.51238	
22.59	6.71493 30.0587 -8.50452	
22.6	6.72148 30.059 -8.50439	
22.61	6.72148 30.059 -8.50439	
22.62	6.72148 30.059 -8.50439	
22.63	6.71493 30.0562 -8.51251	
22.64	6.72044 30.0564 -8.51271	
22.65	6.72147 30.0565 -8.51238	
22.66	6.71493 30.0587 -8.50452	
22.67	6.72147 30.0565 -8.51238	
22.68	6.72148 30.059 -8.50439	
22.69	6.72044 30.0564 -8.51271	
22.7	6.72148 30.059 -8.50439	
22.71	6.72044 30.0564 -8.51271	
22.72	6.72147 30.0565 -8.51238	
22.73	6.71493 30.0587 -8.50452	
22.74	6.72148 30.059 -8.50439	
22.75	6.72148 30.059 -8.50439	
22.76	6.72148 30.059 -8.50439	
22.77	6.71493 30.0587 -8.50452	
22.78	6.72148 30.059 -8.50439	
22.79	6.71493 30.0587 -8.50452	
22.8	6.71493 30.0587 -8.50452	
22.81	6.71596 30.0588 -8.50419	
22.82	6.72251 30.0591 -8.50406	
22.83	6.72148 30.059 -8.50439	
22.84	6.72044 30.0564 -8.51271	
22.85	6.72045 30.0589 -8.50472	
22.86	6.72147 30.0565 -8.51238	
22.87	6.72801 30.0568 -8.51225	
22.88	6.72044 30.0564 -8.51271	
22.89	6.71493 30.0587 -8.50452	
22.9	6.72148 30.059 -8.50439	
22.91	6.71493 30.0587 -8.50452	
22.92	6.71493 30.0587 -8.50452	
22.93	6.72147 30.0565 -8.51238	
22.94	6.72044 30.0564 -8.51271	
22.95	6.71493 30.0587 -8.50452	
22.96	6.71493 30.0587 -8.50452	
22.97	6.72147 30.0565 -8.51238	
22.98	6.72147 30.0565 -8.51238	
22.99	6.71493 30.0587 -8.50452	
23	6.71493 30.0587 -8.50452	
23.01	6.71493 30.0562 -8.51251	
23.02	6.71493 30.0587 -8.50452	
23.03	6.72148 30.059 -8.50439	
23.04	6.72148 30.059 -8.50439	
23.05	6.72147 30.0565 -8.51238	
23.06	6.72044 30.0564 -8.51271	
23.07	6.72148 30.059 -8.50439	
23.08	6.71493 30.0587 -8.50452	
23.09	6.71493 30.0587 -8.50452	
23.1	6.71493 30.0587 -8.50452	
23.11	6.71493 30.0587 -8.50452	
23.12	6.72147 30.0565 -8.51238	
23.13	6.71493 30.0587 -8.50452	
23.14	6.71493 30.0587 -8.50452	
23.15	6.72147 30.0565 -8.51238	
23.16	6.72148 30.059 -8.50439	
23.17	6.72147 30.0565 -8.51238	
23.18	6.71596 30.0588 -8.50419	
23.19	6.72148 30.059 -8.50439	
23.2	6.72147 30.0565 -8.51238	
23.21	6.71493 30.0587 -8.50452	
23.22	6.72147 30.0565 -8.51238	
23.23	6.71493 30.0562 -8.51251	
23.24	6.72147 30.0565 -8.51238	
23.25	6.71493 30.0587 -8.50452	
23.26	6.71493 30.0587 -8.50452	
23.27	6.71493 30.0587 -8.50452	
23.28	6.71493 30.0562 -8.51251	
23.29	6.72044 30.0564 -8.51271	
23.3	6.71493 30.0587 -8.50452	
23.31	6.7139 30.0585 -8.50485	
23.32	6.71493 30.0587 -8.50452	
23.33	6.71493 30.0587 -8.50452	
23.34	6.72148 30.059 -8.50439	
23.35	6.72148 30.059 -8.50439	
23.36	6.72045 30.0589 -8.50472	
23.37	6.72148 30.059 -8.50439	
23.38	6.72148 30.059 -8.50439	
23.39	6.72148 30.059 -8.50439	
23.4	6.72148 30.059 -8.50439	
23.41	6.71493 30.0562 -8.51251	
23.42	6.72148 30.059 -8.50439	
23.43	6.72148 30.059 -8.50439	
23.44	6.71493 30.0587 -8.50452	
23.45	6.72147 30.0565 -8.51238	
23.46	6.72148 30.059 -8.50439	
23.47	6.72148 30.059 -8.50439	
23.48	6.71493 30.0587 -8.50452	
23.49	6.71493 30.0587 -8.50452	
23.5	6.72147 30.0565 -8.51238	
23.51	6.72147 30.0565 -8.51238	
23.52	6.72148 30.059 -8.50439	
23.53	6.72147 30.0565 -8.51238	
23.54	6.71493 30.0587 -8.50452	
23.55	6.71493 30.0587 -8.50452	
23.56	6.72147 30.0565 -8.51238	
23.57	6.72148 30.059 -8.50439	
23.58	6.72148 30.059 -8.50439	
23.59	6.7139 30.056 -8.51284	
23.6	6.72148 30.059 -8.50439	
23.61	6.72044 30.0564 -8.51271	
23.62	6.72148 30.059 -8.50439	
23.63	6.71493 30.0587 -8.50452	
23.64	6.72045 30.0589 -8.50472	
23.65	6.72147 30.0565 -8.51238	
23.66	6.71493 30.0587 -8.50452	
23.67	6.72148 30.059 -8.50439	
23.68	6.72147 30.0565 -8.51238	
23.69	6.72147 30.0565 -8.51238	
23.7	6.72148 30.059 -8.50439	
23.71	6.71493 30.0587 -8.50452	
23.72	6.72045 30.0589 -8.50472	
23.73	6.71493 30.0587 -8.50452	
23.74	6.71596 30.0588 -8.50419	
23.75	6.71493 30.0587 -8.50452	
23.76	6.72148 30.059 -8.50439	
23.77	6.72148 30.059 -8.50439	
23.78	6.71493 30.0587 -8.50452	
23.79	6.71493 30.0587 -8.50452	
23.8	6.71493 30.0587 -8.50452	
23.81	6.71493 30.0587 -8.50452	
23.82	6.71493 30.0587 -8.50452	
23.83	6.72147 30.0565 -8.51238	
23.84	6.71493 30.0587 -8.50452	
23.85	6.72148 30.059 -8.50439	
23.86	6.71493 30.0587 -8.50452	
23.87	6.72148 30.059 -8.50439	
23.88	6.7139 30.0585 -8.50485	
23.89	6.71596 30.0588 -8.50419	
23.9	6.71493 30.0587 -8.50452	
23.91	6.72148 30.059 -8.50439	
23.92	6.72147 30.0565 -8.51238	
23.93	6.72045 30.0589 -8.50472	
23.94	6.72147 30.0565 -8.51238	
