# Gnuplot File : positions of 1 particle(s) Monitored
# 1st Column : time, others : particle(s) number 0 
0.01	8.15325 13.9823 1.3318	
0.02	8.19945 13.9613 1.30659	
0.03	8.19692 13.9634 1.3075	
0.04	8.1954 13.964 1.30816	
0.05	8.19394 13.9619 1.30985	
0.06	8.19253 13.9624 1.31046	
0.07	8.19211 13.9642 1.30977	
0.08	8.18986 13.9635 1.31162	
0.09	8.19153 13.963 1.31005	
0.1	8.18738 13.9645 1.3127	
0.11	8.1862 13.9677 1.31215	
0.12	8.18508 13.9654 1.3137	
0.13	8.18399 13.9658 1.31418	
0.14	8.18294 13.9662 1.31463	
0.15	8.17995 13.9688 1.31591	
0.16	8.18388 13.9661 1.31338	
0.17	8.18001 13.9701 1.31485	
0.18	8.17912 13.9678 1.31631	
0.19	8.17825 13.9681 1.31669	
0.2	8.21562 13.9561 1.28968	
0.21	8.39525 13.902 1.17317	
0.22	8.46908 13.8843 1.12948	
0.23	8.51174 13.8719 1.1106	
0.24	8.4967 13.8769 1.11711	
0.25	8.49324 13.8791 1.11823	
0.26	8.50628 13.8716 1.11306	
0.27	8.51987 13.8709 1.10439	
0.28	8.57623 13.6378 1.16013	
0.29	8.56092 12.8447 1.46498	
0.3	8.74943 12.027 1.78117	
0.31	8.81168 11.2465 2.17914	
0.32	8.63919 10.6152 2.8786	
0.33	8.64575 10.0992 3.6276	
0.34	8.63794 9.69467 4.4789	
0.35	8.63551 9.34715 5.34029	
0.36	8.63482 9.01793 6.17835	
0.37	8.61801 8.77614 6.98377	
0.38	8.64125 8.45738 7.6484	
0.39	8.7588 8.00333 7.97859	
0.4	9.16785 7.61363 8.01446	
0.41	10.0894 7.38818 7.92754	
0.42	10.9514 7.25253 7.71931	
0.43	11.4826 7.11745 7.38052	
0.44	11.8491 6.95048 7.09579	
0.45	12.2515 6.94917 6.97064	
0.46	12.5533 7.05816 7.00467	
0.47	12.9149 7.18687 7.0974	
0.48	13.0929 7.31396 7.14837	
0.49	13.1863 7.3781 7.14464	
0.5	13.2201 7.37437 7.12051	
0.51	13.2782 7.34252 7.14745	
0.52	13.2498 7.21425 6.9998	
0.53	13.256 6.95874 6.69544	
0.54	13.2162 6.67739 6.451	
0.55	13.16 6.3982 6.24757	
0.56	13.1054 6.13108 6.21211	
0.57	12.9495 5.88464 6.30709	
0.58	12.6413 5.62122 6.41101	
0.59	12.2502 5.45172 6.47025	
0.6	12.043 5.3971 6.48866	
0.61	12.0287 5.40232 6.48706	
0.62	11.9929 5.3866 6.48684	
0.63	11.9795 5.32083 6.46581	
0.64	11.9713 5.24361 6.47713	
0.65	11.9626 5.14833 6.45761	
0.66	11.9609 5.00606 6.46925	
0.67	11.8521 4.82211 6.4473	
0.68	11.7679 4.70588 6.44049	
0.69	11.6036 4.62221 6.45453	
0.7	11.3288 4.53852 6.48374	
0.71	11.1317 4.49561 6.4658	
0.72	11.0986 4.45116 6.39487	
0.73	10.9553 4.40994 6.29529	
0.74	10.8579 4.39834 6.26249	
0.75	10.8474 4.39012 6.17669	
0.76	10.8394 4.39258 6.13709	
0.77	10.8395 4.4172 6.09474	
0.78	10.8446 4.43523 6.01821	
0.79	10.8453 4.47087 5.92487	
0.8	10.8548 4.50527 5.82075	
0.81	10.8542 4.53915 5.66238	
0.82	10.8663 4.55424 5.52934	
0.83	10.8713 4.57743 5.40331	
0.84	10.8768 4.58099 5.31314	
0.85	10.8841 4.60227 5.25349	
0.86	10.8817 4.61727 5.23635	
0.87	10.873 4.66445 5.20045	
0.88	10.8686 4.69386 5.18103	
0.89	10.8546 4.7331 5.14763	
0.9	10.839 4.72697 5.12299	
0.91	10.7954 4.72987 5.09796	
0.92	10.772 4.74384 5.0649	
0.93	10.7643 4.76176 5.03404	
0.94	10.7516 4.79398 4.98661	
0.95	10.7453 4.82901 4.91845	
0.96	10.7177 4.85013 4.84153	
0.97	10.7062 4.89223 4.76723	
0.98	10.7549 4.9209 4.71944	
0.99	10.7301 5 4.56919	
1	10.762 5.05616 4.50681	
1.01	10.815 5.14324 4.46056	
1.02	10.8332 5.22443 4.41636	
1.03	10.8766 5.31208 4.3772	
1.04	10.96 5.37465 4.35121	
1.05	11.0127 5.41991 4.33043	
1.06	11.0368 5.43326 4.32748	
1.07	11.0665 5.41471 4.33513	
1.08	11.0778 5.39506 4.35954	
1.09	11.1242 5.37013 4.43094	
1.1	11.1765 5.3775 4.48372	
1.11	11.2102 5.39863 4.55012	
1.12	11.2455 5.43203 4.61423	
1.13	11.2698 5.46494 4.66729	
1.14	11.2895 5.52726 4.71623	
1.15	11.3203 5.61045 4.77689	
1.16	11.3351 5.70746 4.7982	
1.17	11.3601 5.80191 4.82695	
1.18	11.3868 5.90293 4.83263	
1.19	11.3994 5.99534 4.80273	
1.2	11.4154 6.06738 4.78246	
1.21	11.4633 6.12769 4.76677	
1.22	11.53 6.21419 4.74047	
1.23	11.5895 6.31263 4.7085	
1.24	11.671 6.4124 4.67579	
1.25	11.7836 6.5289 4.63961	
1.26	11.8947 6.61684 4.61419	
1.27	12.0514 6.71554 4.5879	
1.28	12.2352 6.83422 4.55414	
1.29	12.3749 6.92781 4.53102	
1.3	12.4877 7.00961 4.5111	
1.31	12.5266 7.07199 4.49393	
1.32	12.5395 7.13406 4.47589	
1.33	12.5387 7.17646 4.45774	
1.34	12.5372 7.21765 4.43999	
1.35	12.5452 7.25643 4.42574	
1.36	12.545 7.31866 4.39895	
1.37	12.5472 7.36245 4.36175	
1.38	12.5468 7.3966 4.34152	
1.39	12.5499 7.42465 4.32543	
1.4	12.5492 7.44467 4.28202	
1.41	12.5426 7.45761 4.24036	
1.42	12.5434 7.45856 4.22951	
1.43	12.5437 7.46234 4.21776	
1.44	12.5435 7.46565 4.21141	
1.45	12.5436 7.4628 4.20675	
1.46	12.5425 7.48505 4.18442	
1.47	12.5411 7.51113 4.14492	
1.48	12.5394 7.53447 4.09533	
1.49	12.5397 7.55284 4.04771	
1.5	12.5401 7.5702 4.02202	
1.51	12.5401 7.595 3.97295	
1.52	12.5405 7.60765 3.93773	
1.53	12.539 7.63984 3.89739	
1.54	12.5333 7.64887 3.85758	
1.55	12.5276 7.65599 3.80214	
1.56	12.5278 7.66042 3.74207	
1.57	12.5284 7.66577 3.67659	
1.58	12.5293 7.66663 3.60686	
1.59	12.5268 7.6684 3.56045	
1.6	12.525 7.66471 3.53256	
1.61	12.5247 7.67476 3.51422	
1.62	12.525 7.68512 3.50683	
1.63	12.5247 7.69928 3.48758	
1.64	12.5177 7.71671 3.46178	
1.65	12.5078 7.73434 3.4339	
1.66	12.5019 7.74473 3.41563	
1.67	12.5018 7.75685 3.397	
1.68	12.4926 7.77072 3.3811	
1.69	12.4927 7.7803 3.35773	
1.7	12.4824 7.81062 3.30583	
1.71	12.4694 7.83702 3.26259	
1.72	12.4687 7.86853 3.22953	
1.73	12.4669 7.91966 3.17643	
1.74	12.4656 7.97347 3.11271	
1.75	12.4627 8.01398 3.04506	
1.76	12.4631 8.05869 2.96882	
1.77	12.4644 8.09438 2.92167	
1.78	12.4639 8.14709 2.88156	
1.79	12.4635 8.1985 2.85268	
1.8	12.4591 8.25654 2.81994	
1.81	12.4524 8.30388 2.7971	
1.82	12.4455 8.34854 2.78514	
1.83	12.4438 8.3995 2.77734	
1.84	12.4395 8.44676 2.76286	
1.85	12.4356 8.48386 2.75547	
1.86	12.4318 8.52076 2.74297	
1.87	12.4249 8.55072 2.72905	
1.88	12.4187 8.57393 2.72196	
1.89	12.4092 8.59631 2.7072	
1.9	12.4098 8.6135 2.7018	
1.91	12.4021 8.66073 2.69087	
1.92	12.3986 8.69377 2.6848	
1.93	12.4045 8.71863 2.6823	
1.94	12.4136 8.73227 2.67424	
1.95	12.4165 8.7454 2.66043	
1.96	12.422 8.76466 2.65834	
1.97	12.422 8.77444 2.65744	
1.98	12.4345 8.77918 2.65808	
1.99	12.4346 8.78657 2.65233	
2	12.4373 8.79994 2.64377	
2.01	12.4508 8.82969 2.63733	
2.02	12.4644 8.85753 2.62194	
2.03	12.4931 8.87459 2.62086	
2.04	12.572 8.88595 2.62435	
2.05	12.668 8.88383 2.63007	
2.06	12.7405 8.86343 2.63712	
2.07	12.7896 8.82594 2.6487	
2.08	12.8437 8.76266 2.68097	
2.09	12.8899 8.69213 2.71147	
2.1	12.9061 8.63438 2.74173	
2.11	12.9267 8.57238 2.83953	
2.12	12.9507 8.53522 2.97921	
2.13	12.9788 8.51155 3.11501	
2.14	12.9881 8.50038 3.20217	
2.15	13.0033 8.48763 3.29478	
2.16	13.019 8.49971 3.38943	
2.17	13.0352 8.5075 3.45448	
2.18	13.0507 8.52007 3.49718	
2.19	13.0719 8.52971 3.55633	
2.2	13.0893 8.54595 3.62195	
2.21	13.0956 8.56428 3.66235	
2.22	13.103 8.57199 3.68958	
2.23	13.1111 8.60518 3.75056	
2.24	13.1245 8.64916 3.84626	
2.25	13.1273 8.67788 3.88738	
2.26	13.1277 8.70013 3.90069	
2.27	13.132 8.71715 3.93415	
2.28	13.1344 8.74771 3.93802	
2.29	13.1325 8.79706 3.92606	
2.3	13.1279 8.84664 3.91647	
2.31	13.1262 8.90418 3.89323	
2.32	13.1229 8.97712 3.83153	
2.33	13.1166 9.02394 3.74403	
2.34	13.1147 9.04701 3.64249	
2.35	13.1124 9.0744 3.53522	
2.36	13.1149 9.08727 3.41828	
2.37	13.1147 9.09658 3.32462	
2.38	13.1116 9.10403 3.24415	
2.39	13.1113 9.1107 3.17188	
2.4	13.1119 9.10531 3.12709	
2.41	13.1068 9.10374 3.06599	
2.42	13.098 9.11351 3.0009	
2.43	13.0897 9.11702 2.96257	
2.44	13.0868 9.12198 2.93931	
2.45	13.0847 9.14018 2.89494	
2.46	13.081 9.14291 2.87134	
2.47	13.0807 9.15034 2.86576	
2.48	13.0683 9.15811 2.82861	
2.49	13.0402 9.16023 2.78367	
2.5	13.0218 9.17254 2.76272	
2.51	13.0035 9.18737 2.74165	
2.52	12.9644 9.20617 2.69844	
2.53	12.91 9.22544 2.64433	
2.54	12.8625 9.26365 2.57443	
2.55	12.8156 9.28748 2.50178	
2.56	12.7611 9.28747 2.44917	
2.57	12.6897 9.29837 2.3857	
2.58	12.5836 9.2969 2.40325	
2.59	12.4718 9.2548 2.35121	
2.6	12.3983 9.28341 2.40365	
2.61	12.325 9.29699 2.35456	
2.62	12.2693 9.32869 2.31379	
2.63	12.2417 9.34372 2.26861	
2.64	12.2009 9.32655 2.17417	
2.65	12.1369 9.29481 1.94362	
2.66	12.0615 9.24094 1.6264	
2.67	11.9761 9.12194 1.26973	
2.68	11.6078 9.00847 0.936333	
2.69	11.3221 8.9651 0.888951	
2.7	10.9945 8.94466 0.875227	
2.71	10.6016 8.95344 0.911615	
2.72	10.289 8.98946 0.979524	
2.73	9.88184 9.11521 1.11474	
2.74	9.5116 9.20761 1.33938	
2.75	9.45627 9.36741 1.5755	
2.76	9.43009 9.52643 1.77935	
2.77	9.24058 9.54768 2.02518	
2.78	8.98595 9.50705 2.54466	
2.79	8.93475 9.50747 2.61036	
2.8	8.79131 9.54159 2.89443	
2.81	8.57712 9.52221 3.25197	
2.82	8.53302 9.42098 3.55665	
2.83	8.5381 9.33407 3.73578	
2.84	8.53217 9.25718 3.8295	
2.85	8.3934 9.22047 3.89529	
2.86	8.12621 9.07881 3.96047	
2.87	7.75972 8.91315 4.021	
2.88	7.59811 8.72958 4.0334	
2.89	7.62258 8.68714 4.07684	
2.9	7.64234 8.64516 4.0707	
2.91	7.68195 8.6114 4.05579	
2.92	7.68217 8.63381 4.06779	
2.93	7.67345 8.67238 4.06761	
2.94	7.65575 8.70129 4.07965	
2.95	7.66546 8.80085 4.14881	
2.96	7.70085 8.88648 4.16019	
2.97	7.85122 8.84303 3.81009	
2.98	7.89017 9.0299 3.28383	
2.99	8.2865 9.23966 2.6694	
3	8.7865 9.56665 2.06945	
3.01	9.06281 9.78186 1.55981	
3.02	9.46199 9.97791 0.940092	
3.03	10.0188 10.1464 0.541294	
3.04	9.77493 10.2884 0.374676	
3.05	7.50597 10.8043 3.42261	
3.06	7.6358 10.8569 4.13886	
3.07	7.31797 10.731 4.42743	
3.08	6.81815 10.6029 4.54212	
3.09	6.57952 10.5287 4.59915	
3.1	6.57426 10.4757 4.60689	
3.11	6.57518 10.4605 4.60953	
3.12	6.57617 10.3748 4.62331	
3.13	6.61881 10.3321 4.69994	
3.14	6.71712 10.3236 4.83416	
3.15	6.83901 10.219 4.94911	
3.16	6.9274 10.1987 5.06129	
3.17	7.01842 10.1732 5.17133	
3.18	7.08824 10.1599 5.25286	
3.19	7.16649 10.1819 5.32769	
3.2	7.27726 10.1554 5.4276	
3.21	7.38845 10.1927 5.51746	
3.22	7.47694 10.2072 5.61067	
3.23	7.65788 10.2302 5.73267	
3.24	7.81022 10.2411 5.83127	
3.25	7.9239 10.2511 5.92392	
3.26	7.95175 10.2065 5.92883	
3.27	7.96199 10.2047 5.94783	
3.28	7.89877 10.1725 5.91055	
3.29	7.58833 9.90999 5.6253	
3.3	7.49467 9.66396 4.98774	
3.31	7.72104 9.49478 4.08669	
3.32	8.38132 9.47223 2.95752	
3.33	9.45263 9.60219 2.07918	
3.34	10.1223 9.71243 1.69605	
3.35	10.4726 9.75495 1.34781	
3.36	10.3771 9.84015 1.2602	
3.37	10.734 10.0649 1.0762	
3.38	9.38905 10.4267 2.38439	
3.39	12.3965 8.48272 0.723352	
3.4	13.024 8.43841 0.60898	
3.41	13.3726 9.19517 0.797633	
3.42	12.8015 9.0912 0.749341	
3.43	12.7001 8.81964 0.780884	
3.44	12.8923 8.15778 0.957246	
3.45	13.2103 7.22759 1.39598	
3.46	13.0539 6.35191 1.69667	
3.47	13.1328 5.91395 2.18434	
3.48	13.6153 5.63508 3.44823	
3.49	13.7827 5.76905 4.70498	
3.5	13.8811 5.93547 6.00328	
3.51	14.028 5.95524 6.44247	
3.52	14.222 5.91588 6.50137	
3.53	14.3761 5.79645 6.5862	
3.54	14.5404 5.57836 6.72044	
3.55	14.5779 5.36525 6.6918	
3.56	14.3309 5.08492 6.39688	
3.57	13.8538 4.89914 6.26154	
3.58	13.599 4.77503 6.0859	
3.59	13.5873 4.65341 5.86948	
3.6	13.4444 4.46386 5.60958	
3.61	13.2589 4.32077 5.42246	
3.62	13.2305 4.22309 5.24543	
3.63	13.2411 4.08478 5.07476	
3.64	13.2522 3.99982 4.99257	
3.65	13.2578 3.93538 4.94847	
3.66	13.2589 3.7667 4.95015	
3.67	13.2006 3.53919 5.0084	
3.68	13.072 3.34731 5.04783	
3.69	12.9657 3.23771 5.06017	
3.7	12.9445 3.12182 5.03485	
3.71	12.8833 3.01199 5.00756	
3.72	12.8516 3.00964 4.98875	
3.73	12.7648 3.00555 4.95376	
3.74	12.6039 2.77902 4.97059	
3.75	12.4499 2.67172 4.96761	
3.76	12.3102 2.48359 5.09059	
3.77	12.3023 2.43742 5.1265	
3.78	12.1951 2.71966 5.20261	
3.79	12.8705 3.27243 5.54851	
3.8	13.7221 3.3316 5.8839	
3.81	14.0635 3.21447 5.90402	
3.82	13.856 3.2052 5.58809	
3.83	13.785 3.47317 5.32248	
3.84	13.7966 3.48566 5.31754	
3.85	13.9032 3.65597 5.41147	
3.86	13.9586 3.73601 5.49944	
3.87	13.7087 3.71989 5.51297	
3.88	13.2113 3.58644 5.49015	
3.89	12.894 3.30969 5.15258	
3.9	12.7783 3.19013 4.91646	
3.91	12.6537 3.12262 4.80339	
3.92	12.5987 2.98178 4.83011	
3.93	12.5138 2.77893 4.88038	
3.94	12.458 2.63942 4.92355	
3.95	12.4649 2.59189 4.93753	
3.96	12.4608 2.50973 4.93174	
3.97	12.4613 2.39707 4.91782	
3.98	12.4539 2.26331 4.90815	
3.99	12.4534 2.06727 4.93745	
4	12.4532 1.91442 5.00418	
4.01	12.45 1.89159 4.98893	
4.02	12.4452 1.86316 4.89662	
4.03	12.3953 1.78147 4.73613	
4.04	12.3765 1.77543 4.59125	
4.05	12.367 1.81369 4.44179	
4.06	12.3394 1.79173 4.29591	
4.07	12.323 1.7965 4.19582	
4.08	12.3016 1.84185 4.05234	
4.09	12.2416 1.88855 3.84057	
4.1	12.1068 1.94372 3.58009	
4.11	11.6953 1.85299 3.32615	
4.12	11.1039 1.78646 3.12449	
4.13	10.4853 1.73399 2.95959	
4.14	10.0763 1.67958 2.8231	
4.15	9.68467 1.57986 2.75076	
4.16	9.32574 1.56152 2.70027	
4.17	8.96978 1.50985 2.71926	
4.18	8.67083 1.47169 2.77882	
4.19	8.55974 1.42229 2.86941	
4.2	8.50369 1.35764 2.99378	
4.21	8.5266 1.32479 3.10567	
4.22	8.55628 1.29159 3.21914	
4.23	8.55394 1.28592 3.28433	
4.24	8.74915 1.27792 3.31535	
4.25	8.76292 1.24717 3.39012	
4.26	8.85946 1.25117 3.43292	
4.27	8.90978 1.18149 3.60882	
4.28	9.0564 1.19392 3.84659	
4.29	9.96476 1.4302 3.92631	
4.3	11.1848 1.90879 4.39795	
4.31	12.2178 2.27889 5.25935	
4.32	12.882 2.48296 5.9181	
4.33	13.2011 2.60966 6.32207	
4.34	13.4102 2.67536 6.67492	
4.35	13.4983 2.75768 6.86468	
4.36	13.5667 2.76523 6.71942	
4.37	13.5692 2.79215 6.53047	
4.38	13.5419 2.76717 6.3514	
4.39	13.4787 2.70297 6.13132	
4.4	13.4249 2.70249 6.01789	
4.41	13.4064 2.73941 5.95458	
4.42	13.356 2.73001 5.79328	
4.43	13.2798 2.71681 5.72086	
4.44	13.2215 2.69766 5.60531	
4.45	13.1676 2.66857 5.49255	
4.46	13.1204 2.63556 5.36765	
4.47	13.0783 2.60904 5.2599	
4.48	13.0279 2.57106 5.10149	
4.49	13.01 2.55133 5.01068	
4.5	12.9826 2.53748 4.83728	
4.51	12.9732 2.50034 4.61551	
4.52	12.965 2.49232 4.42684	
4.53	12.9595 2.5014 4.35088	
4.54	12.9489 2.50114 4.27887	
4.55	12.942 2.51663 4.21569	
4.56	12.9261 2.52765 4.13278	
4.57	12.9122 2.53779 4.0596	
4.58	12.8925 2.53866 3.93716	
4.59	12.8653 2.56209 3.86895	
4.6	12.8565 2.59094 3.78507	
4.61	12.848 2.61618 3.71502	
4.62	12.8277 2.65188 3.62402	
4.63	12.8218 2.69858 3.54135	
4.64	12.8218 2.72646 3.47295	
4.65	12.8201 2.75861 3.42141	
4.66	12.8171 2.80695 3.28537	
4.67	12.8138 2.8504 3.14885	
4.68	12.8147 2.87646 3.04971	
4.69	12.8137 2.92048 2.959	
4.7	12.8125 2.9646 2.88172	
4.71	12.8111 3.0168 2.7885	
4.72	12.8088 3.07676 2.65977	
4.73	12.8111 3.14824 2.52387	
4.74	12.8152 3.25266 2.33839	
4.75	12.824 3.35274 2.15194	
4.76	12.9135 3.43221 2.24125	
4.77	12.9093 3.47834 2.17633	
4.78	12.9457 3.53819 2.2346	
4.79	12.9455 3.64508 2.13937	
4.8	12.9439 3.70046 2.07129	
4.81	12.8874 3.67953 1.97491	
4.82	12.5188 3.50875 1.53027	
4.83	11.5817 3.38665 0.942673	
4.84	10.8733 3.05956 0.77941	
4.85	10.0921 2.84016 0.819094	
4.86	9.84751 2.60167 0.912003	
4.87	6.95492 2.16079 5.37193	
4.88	8.73874 2.58919 5.21588	
4.89	7.01988 2.18435 5.9618	
4.9	6.22818 1.50234 5.95715	
4.91	6.33201 1.51346 5.85034	
4.92	6.41889 1.4991 5.84705	
4.93	6.46547 1.50203 5.84353	
4.94	6.45939 1.51345 5.83985	
4.95	6.42506 1.54243 5.82912	
4.96	6.42965 1.56863 5.82018	
4.97	6.29957 1.61342 5.52411	
4.98	6.25172 1.81744 4.98665	
4.99	6.27367 2.18862 4.53324	
5	6.27474 2.43128 4.21388	
5.01	6.24055 2.60242 4.04938	
5.02	6.2682 2.74433 3.48915	
5.03	6.40634 2.84433 2.93921	
5.04	6.75442 3.03364 2.43152	
5.05	7.87255 3.47848 1.53772	
5.06	8.60899 3.85432 1.03908	
5.07	9.40621 4.00738 0.821616	
5.08	9.83444 4.20637 0.706998	
5.09	9.87904 4.38343 0.621966	
5.1	9.32451 4.42054 0.572807	
5.11	8.47588 4.4199 0.688564	
5.12	7.80559 4.35444 1.07623	
5.13	7.44624 4.19598 1.45643	
5.14	7.31549 4.11503 1.85626	
5.15	7.22895 3.98541 2.21336	
5.16	7.16796 3.89976 2.64481	
5.17	8.16191 3.88208 2.81389	
5.18	7.65956 3.58477 3.07369	
5.19	8.65453 3.64332 3.11451	
5.2	8.50595 3.53371 3.31322	
5.21	8.67515 3.47739 3.47931	
5.22	8.67919 3.38852 3.66535	
5.23	8.66388 3.38927 3.72647	
5.24	8.55581 3.40032 3.82819	
5.25	8.3199 3.39662 4.02047	
5.26	7.85037 3.35358 4.23765	
5.27	7.40664 3.22014 4.38153	
5.28	7.25311 3.15805 4.43622	
5.29	7.25665 3.10582 4.47449	
5.3	7.26161 3.09375 4.51809	
5.31	7.27871 3.07652 4.58964	
5.32	7.2837 3.06464 4.61277	
5.33	7.28641 3.06613 4.6204	
5.34	7.28617 3.06527 4.61779	
5.35	7.27201 3.07312 4.53826	
5.36	7.16913 3.06837 3.93236	
5.37	7.24144 3.16478 2.70659	
5.38	8.92711 3.45808 1.24157	
5.39	11.1741 4.02637 0.673375	
5.4	12.0278 4.14716 0.970679	
5.41	12.4257 4.11011 1.222	
5.42	12.6522 4.36726 1.50827	
5.43	12.6418 4.3417 1.50048	
5.44	11.9676 4.19092 0.899134	
5.45	10.9043 3.83149 0.567115	
5.46	8.62348 3.29576 0.691174	
5.47	8.09829 3.42687 0.973802	
5.48	7.48346 3.49433 1.27446	
5.49	7.31668 3.47838 1.49603	
5.5	7.13677 3.43949 1.76965	
5.51	6.97779 3.65116 2.09455	
5.52	6.87852 3.58363 2.72692	
5.53	6.91301 3.4858 2.85662	
5.54	6.84719 3.38951 3.0715	
5.55	7.06336 3.48505 3.57686	
5.56	6.93209 3.59851 3.83771	
5.57	7.07582 3.22066 4.70566	
5.58	7.12998 2.64327 4.90874	
5.59	7.08834 2.62229 4.73858	
5.6	7.06573 2.92096 4.01965	
5.61	7.50537 3.0414 4.34572	
5.62	8.21715 3.18903 5.05513	
5.63	8.33326 3.3012 5.07559	
5.64	8.43589 3.42075 5.09843	
5.65	8.10112 3.82056 4.62895	
5.66	7.57521 3.92643 3.60598	
5.67	7.68716 3.63082 2.64354	
5.68	8.42288 3.60113 1.49368	
5.69	8.75304 3.74078 0.912468	
5.7	9.10204 3.89827 0.522384	
5.71	9.45103 3.98752 0.277106	
5.72	9.7717 4.33953 0.0770728	
5.73	10.0971 4.3926 0.125783	
5.74	10.5029 4.44102 0.206749	
5.75	10.4274 4.43075 0.264443	
5.76	10.3562 4.47208 0.261851	
5.77	10.5355 4.48324 0.252669	
5.78	10.2848 4.41892 0.276221	
5.79	10.0924 4.38066 0.253945	
5.8	9.70091 4.33493 0.439976	
5.81	8.44326 5.32488 3.18633	
5.82	8.26413 5.8184 3.12176	
5.83	8.40767 6.67634 2.82046	
5.84	8.41702 6.53804 2.93173	
5.85	8.39145 4.22713 5.09976	
5.86	8.80794 2.04819 8.19895	
5.87	8.86829 1.15013 8.71374	
5.88	8.83894 0.51652 9.48529	
5.89	9.02068 0.633887 9.67374	
5.9	9.05661 1.06253 10.5552	
5.91	9.35997 1.65892 11.4488	
5.92	9.28885 2.27326 12.1621	
5.93	9.20239 3.06566 11.9646	
5.94	9.09214 3.99445 11.0122	
5.95	8.84036 5.17542 10.312	
5.96	8.70248 6.65418 9.52664	
5.97	8.39929 7.944 9.0243	
5.98	8.15525 8.97086 8.64072	
5.99	7.94993 9.81936 7.95343	
6	7.73593 10.4026 7.03587	
6.01	7.65375 11.1188 6.71647	
6.02	7.61956 11.8425 6.68441	
6.03	7.56257 12.3637 6.37941	
6.04	7.51152 12.6412 5.76897	
6.05	7.48155 13.0324 5.28608	
6.06	7.46031 13.4366 4.91827	
6.07	7.43273 13.8875 4.46835	
6.08	7.38273 14.3461 3.91575	
6.09	7.12148 15.1094 3.77946	
6.1	7.09592 15.0144 3.58196	
6.11	7.09086 14.8643 3.25	
6.12	7.13875 14.6916 2.88404	
6.13	7.22124 14.5704 2.58114	
6.14	7.26464 14.4941 2.51849	
6.15	7.26461 14.4931 2.52197	
6.16	7.26979 14.4864 2.50995	
6.17	7.30438 14.4475 2.42553	
6.18	7.35887 14.3942 2.31443	
6.19	7.42336 14.3367 2.20128	
6.2	7.45493 14.2699 2.20412	
6.21	7.95143 13.9893 1.59367	
6.22	8.49084 13.9168 1.17136	
6.23	8.6742 13.8595 1.08316	
6.24	8.79457 13.891 1.00151	
6.25	8.81191 13.8692 0.99628	
6.26	8.81589 13.8692 0.992006	
6.27	8.81387 13.8686 0.991121	
6.28	8.8133 13.8719 0.988084	
6.29	8.81232 13.8717 0.986624	
6.3	8.81229 13.8688 0.985781	
