# Gnuplot File : velocities of 1 particle(s) Monitored
# 1st Column : time, others : particle(s) number 0 
0.01	7.97739e-17 0 -0.019274	
0.02	4.98763 -1.6595 -2.4757	
0.03	4.80659 -1.59872 -2.40431	
0.04	4.6315 -1.54204 -2.33831	
0.05	4.459 -1.48921 -2.27737	
0.06	4.29566 -1.43633 -2.21572	
0.07	4.13835 -1.38528 -2.15619	
0.08	3.9878 -1.336 -2.09868	
0.09	3.84336 -1.28684 -2.04079	
0.1	3.70319 -1.24027 -1.9862	
0.11	3.56506 -1.19826 -1.93785	
0.12	3.4381 -1.1534 -1.88474	
0.13	3.30992 -1.11427 -1.83966	
0.14	3.1902 -1.07314 -1.79114	
0.15	3.07169 -1.03608 -1.74821	
0.16	2.95948 -0.999026 -1.70486	
0.17	2.71254 -1.06747 -1.81766	
0.18	3.77252 -2.25114 -3.13854	
0.19	1.30674 -14.1763 6.90304	
0.2	1.25961 -13.6649 6.6348	
0.21	1.37529 -12.9364 6.66617	
0.22	1.93662 -11.8781 6.68797	
0.23	-5.54766 6.81874 6.68273	
0.24	-5.44031 6.3061 6.3243	
0.25	-5.43989 5.79024 5.97994	
0.26	-5.4355 5.31272 5.65551	
0.27	-5.38352 4.99399 5.39461	
0.28	-5.21385 4.71118 5.14156	
0.29	-4.80104 4.17314 4.76853	
0.3	-4.11925 3.37745 4.27196	
0.31	-3.11092 2.15228 3.57789	
0.32	-2.21567 1.06207 2.95224	
0.33	-1.54095 0.191293 2.43861	
0.34	-1.08724 -0.278305 2.10919	
0.35	-0.699786 -0.599188 1.84882	
0.36	-0.481693 -0.861352 1.63129	
0.37	-0.418648 -1.01753 1.47394	
0.38	-0.435144 -1.09556 1.35843	
0.39	-0.483434 -1.12536 1.26823	
0.4	-0.521396 -1.13167 1.18941	
0.41	-0.51661 -1.10996 1.12059	
0.42	-0.490182 -1.07472 1.0579	
0.43	-0.454252 -1.05532 0.990711	
0.44	-0.446592 -1.01455 0.937292	
0.45	-0.417331 -0.980757 0.881553	
0.46	-0.4048 -0.953568 0.827181	
0.47	-0.384555 -0.923358 0.775604	
0.48	-0.352429 -0.894744 0.724509	
0.49	-0.328013 -0.873524 0.673359	
0.5	-0.311053 -0.85431 0.624195	
0.51	-0.293801 -0.841425 0.57449	
0.52	-0.279977 -0.830966 0.526075	
0.53	-0.28128 -0.825688 0.478889	
0.54	-0.293518 -0.815545 0.436466	
0.55	-0.30064 -0.790422 0.401246	
0.56	-0.308887 -0.744724 0.375982	
0.57	-0.309716 -0.706739 0.348555	
0.58	-0.298248 -0.678394 0.317678	
0.59	-0.294321 -0.641927 0.292234	
0.6	-0.2812 -0.615638 0.26331	
0.61	-0.256802 -0.587726 0.235351	
0.62	-0.222442 -0.551931 0.210919	
0.63	-0.210571 -0.529535 0.18457	
0.64	-0.219829 -0.531736 0.151672	
0.65	-0.24903 -0.529537 0.123603	
0.66	-1.87863 -1.97344 1.41593	
0.67	-3.72273 -5.02946 14.2743	
0.68	-4.47728 -6.12968 14.7191	
0.69	-3.7079 -6.74898 22.6052	
0.7	-2.78517 -5.93609 25.5957	
0.71	-1.18995 -4.99268 28.952	
0.72	-0.4942 -4.00136 29.7396	
0.73	1.69621 -2.95817 32.5464	
0.74	2.17987 -2.45827 29.2482	
0.75	-9.96363 20.2393 20.1863	
0.76	-13.9492 16.2923 18.6902	
0.77	2.96461 8.84345 9.11403	
0.78	-0.544587 -4.09093 11.618	
0.79	-1.88608 -6.3363 10.0097	
0.8	-2.84534 -7.42348 9.14035	
0.81	-3.27266 -7.68668 8.65665	
0.82	-3.44043 -7.64654 8.2908	
0.83	-3.53648 -7.52419 7.96894	
0.84	-3.50889 -7.30894 7.67007	
0.85	-3.38226 -7.06132 7.35854	
0.86	-3.22181 -6.79502 7.05917	
0.87	-3.02807 -6.47258 6.80179	
0.88	-2.55603 -5.8642 6.63411	
0.89	-1.68009 -4.72157 6.68535	
0.9	-0.754747 -3.12222 7.09048	
0.91	-4.42794 -0.0834331 12.8121	
0.92	6.93256 1.12874 6.29517	
0.93	-7.07996 3.05802 9.94619	
0.94	-7.01336 3.58185 9.33678	
0.95	0.0963877 2.4474 7.90885	
0.96	-2.56952 3.73369 7.86691	
0.97	-0.27192 0.747882 6.79315	
0.98	2.61368 0.225897 2.00092	
0.99	0.65735 -0.452556 0.755834	
1	-4.86589 -1.21409 0.69757	
1.01	0.120825 -0.670185 -11.1381	
1.02	-0.288745 0.0941316 -14.5477	
1.03	-3.40294 0.00176155 -29.9411	
1.04	-4.63015 4.47961 -25.8858	
1.05	-7.17999 5.68915 -2.42254	
1.06	-6.84096 5.37628 -1.81065	
1.07	-5.02472 3.37902 -2.15203	
1.08	-3.2876 1.45961 -2.13751	
1.09	-2.68494 0.850067 -2.16259	
1.1	-2.49444 0.709017 -2.0135	
1.11	-2.49561 0.784743 -1.80007	
1.12	-2.58469 0.958017 -1.54554	
1.13	-2.43948 0.857757 -1.29917	
1.14	-1.83284 0.216632 -0.89692	
1.15	-0.801484 -0.913473 -0.661592	
1.16	0.457211 -2.3081 -0.457869	
1.17	1.62037 -3.59737 -0.160629	
1.18	2.35832 -4.40831 0.519676	
1.19	2.58398 -4.62695 1.12776	
1.2	2.54135 -4.53166 1.53442	
1.21	2.43005 -4.35324 1.74011	
1.22	2.30532 -4.15916 1.87128	
1.23	2.15551 -3.93708 1.97004	
1.24	2.00347 -3.71208 1.99192	
1.25	1.87608 -3.51679 1.99316	
1.26	1.75282 -3.32943 2.04302	
1.27	1.64457 -3.16075 2.0804	
1.28	1.55028 -3.00805 2.05613	
1.29	1.45759 -2.85891 2.03724	
1.3	1.36977 -2.71746 2.03723	
1.31	1.30075 -2.59838 2.00923	
1.32	1.24557 -2.4962 1.96387	
1.33	1.19382 -2.39842 1.88695	
1.34	1.14055 -2.30053 1.8218	
1.35	1.09288 -2.21027 1.75363	
1.36	1.04983 -2.12628 1.67571	
1.37	1.01143 -2.0485 1.58677	
1.38	0.971382 -1.97021 1.50722	
1.39	0.932385 -1.89461 1.44152	
1.4	0.895575 -1.82244 1.37109	
1.41	0.868076 -1.76198 1.29867	
1.42	0.835233 -1.69663 1.23735	
1.43	0.442068 0.155674 4.99569	
1.44	-5.19844 -1.52372 20.9452	
1.45	-5.21647 -2.29366 24.4029	
1.46	-3.54178 -2.13934 35.134	
1.47	-2.47039 -2.00221 36.4673	
1.48	-2.21806 -1.92357 34.9029	
1.49	-1.61437 -1.83402 32.8221	
1.5	13.6666 9.04701 30.2462	
1.51	-10.5016 -7.28059 6.22074	
1.52	-9.58037 -9.04355 6.03323	
1.53	-10.0073 -6.88329 22.9363	
1.54	-9.27137 -6.45523 22.5245	
1.55	-8.50915 -5.98387 22.1381	
1.56	-7.98929 -5.63476 21.516	
1.57	-7.55688 -5.33471 20.8411	
1.58	-6.99327 -4.92895 20.2919	
1.59	-6.39565 -4.46256 19.75	
1.6	-5.71611 -3.88645 19.23	
1.61	-4.24348 -2.38796 18.8332	
1.62	-1.90355 0.709471 17.6462	
1.63	-0.0521357 4.63628 14.2559	
1.64	0.45799 7.02741 10.7066	
1.65	0.162438 7.77136 8.20317	
1.66	-0.156677 7.65788 7.01967	
1.67	0.212852 7.40644 7.40521	
1.68	0.838678 6.54572 9.26092	
1.69	-0.982562 1.57618 12.8352	
1.7	-3.78033 -2.01267 12.3988	
1.71	-5.79078 -3.59963 10.3805	
1.72	-6.27696 -3.7259 9.04338	
1.73	-6.08185 -3.55604 8.57877	
1.74	-5.4898 -3.42127 8.95457	
1.75	-4.86015 -3.17227 9.2448	
1.76	-4.45541 -2.9674 9.18993	
1.77	-4.19156 -2.83219 8.99096	
1.78	-3.99042 -2.71897 8.72346	
1.79	-3.81609 -2.6151 8.43626	
1.8	-3.64001 -2.50452 8.15871	
1.81	-3.46991 -2.39804 7.89216	
1.82	-3.67355 -3.90397 16.5003	
1.83	-3.24183 -3.55118 16.1181	
1.84	-8.48198 10.4314 14.2755	
1.85	-7.31937 4.61652 12.6112	
1.86	-7.06126 4.44713 12.1345	
1.87	-6.81252 4.2746 11.6624	
1.88	-5.79195 2.77218 10.5381	
1.89	-4.74805 2.0968 8.48988	
1.9	-4.51784 4.23346 6.81039	
1.91	-1.06193 2.35332 3.44105	
1.92	-0.982946 8.19951 3.19915	
1.93	2.95086 4.52741 0.0250883	
1.94	0.850568 9.11021 1.97594	
