# Gnuplot File : velocities of 1 particle(s) Monitored
# 1st Column : time, others : particle(s) number 0 
0.01	0 0 -0.0737101	
0.02	4.55762e-17 0 -0.134079	
0.03	8.29031e-17 0 -0.183521	
0.04	1.13474e-16 0 -0.224014	
0.05	9.29484e-17 0 -0.257177	
0.06	7.61248e-17 0 -0.284339	
0.07	6.2343e-17 0 -0.306584	
0.08	5.10617e-17 0 -0.324802	
0.09	4.18255e-17 0 -0.339723	
0.1	3.42601e-17 0 -0.351944	
0.11	2.8055e-17 0 -0.361952	
0.12	2.16068e-16 0 -0.370149	
0.13	1.78467e-16 0 -0.376863	
0.14	1.46172e-16 0 -0.382361	
0.15	1.18715e-16 0 -0.386864	
0.16	9.72328e-17 0 -0.390552	
0.17	7.96294e-17 0 -0.393572	
0.18	6.5226e-17 0 -0.396046	
0.19	5.34124e-17 0 -0.398072	
0.2	2.41604e-16 0 -0.399732	
0.21	1.97863e-16 0 -0.401091	
0.22	1.62083e-16 0 -0.402204	
0.23	1.95379e-16 0 -0.403115	
0.24	1.6004e-16 0 -0.403862	
0.25	1.31073e-16 0 -0.404473	
0.26	1.07365e-16 0 -0.404974	
0.27	8.7927e-17 0 -0.405384	
0.28	7.20233e-17 0 -0.40572	
0.29	5.89781e-17 0 -0.405995	
0.3	4.87168e-17 0 -0.40622	
0.31	4.83133e-17 0 -0.40622	
0.32	4.83133e-17 0 -0.40622	
0.33	4.83133e-17 0 -0.40622	
0.34	4.82048e-17 0 -0.40622	
0.35	4.80892e-17 0 -0.40622	
0.36	4.79739e-17 0 -0.40622	
0.37	4.83959e-17 0 -0.40622	
0.38	4.90981e-17 0 -0.40622	
0.39	5.07442e-17 0 -0.40622	
0.4	5.23811e-17 0 -0.40622	
0.41	5.44229e-17 0 -0.40622	
0.42	5.64352e-17 0 -0.40622	
0.43	5.93695e-17 0 -0.40622	
0.44	6.26761e-17 0 -0.40622	
0.45	6.63692e-17 0 -0.40622	
0.46	6.979e-17 0 -0.40622	
0.47	7.42925e-17 0 -0.40622	
0.48	7.93311e-17 0 -0.40622	
0.49	8.55772e-17 0 -0.40622	
0.5	9.12777e-17 0 -0.40622	
0.51	9.83982e-17 0 -0.40622	
0.52	1.07432e-16 0 -0.40622	
0.53	1.13399e-16 0 -0.40622	
0.54	1.19067e-16 0 -0.40622	
0.55	1.24187e-16 0 -0.40622	
0.56	1.28122e-16 0 -0.40622	
0.57	1.31393e-16 0 -0.40622	
0.58	1.34014e-16 0 -0.40622	
0.59	1.35357e-16 0 -0.40622	
0.6	1.37061e-16 0 -0.40622	
0.61	1.38384e-16 0 -0.40622	
0.62	1.39161e-16 0 -0.40622	
0.63	1.3997e-16 0 -0.40622	
0.64	1.40657e-16 0 -0.40622	
0.65	1.4124e-16 0 -0.40622	
0.66	1.42266e-16 0 -0.40622	
0.67	1.43445e-16 0 -0.40622	
0.68	1.44093e-16 0 -0.40622	
0.69	1.45125e-16 0 -0.40622	
0.7	1.46259e-16 0 -0.40622	
0.71	1.47056e-16 0 -0.40622	
0.72	1.48069e-16 0 -0.40622	
0.73	1.48746e-16 0 -0.40622	
0.74	1.4977e-16 0 -0.40622	
0.75	1.50686e-16 0 -0.40622	
0.76	1.51834e-16 0 -0.40622	
0.77	1.52488e-16 0 -0.40622	
0.78	1.53093e-16 0 -0.40622	
0.79	1.53762e-16 0 -0.40622	
0.8	1.54058e-16 0 -0.40622	
0.81	1.54434e-16 0 -0.40622	
0.82	1.54667e-16 0 -0.40622	
0.83	1.54571e-16 0 -0.40622	
0.84	1.54609e-16 0 -0.40622	
0.85	1.54662e-16 0 -0.40622	
0.86	1.54841e-16 0 -0.40622	
0.87	1.55096e-16 0 -0.40622	
0.88	1.54884e-16 0 -0.40622	
0.89	1.55155e-16 0 -0.40622	
0.9	1.54462e-16 0 -0.40622	
0.91	1.54127e-16 0 -0.40622	
0.92	1.53814e-16 0 -0.40622	
0.93	1.53486e-16 0 -0.40622	
0.94	1.5304e-16 0 -0.40622	
0.95	1.52476e-16 0 -0.40622	
0.96	1.52295e-16 0 -0.40622	
0.97	1.51848e-16 0 -0.40622	
0.98	1.51267e-16 0 -0.40622	
0.99	1.50835e-16 0 -0.40622	
1	1.50402e-16 0 -0.40622	
1.01	1.50481e-16 0 -0.40622	
1.02	1.4993e-16 0 -0.40622	
1.03	1.49497e-16 0 -0.40622	
1.04	1.48935e-16 0 -0.40622	
1.05	1.4888e-16 0 -0.40622	
1.06	1.4858e-16 0 -0.40622	
1.07	1.48632e-16 0 -0.40622	
1.08	1.47827e-16 0 -0.40622	
1.09	1.47761e-16 0 -0.40622	
1.1	1.4784e-16 0 -0.40622	
1.11	1.47285e-16 0 -0.40622	
1.12	1.47236e-16 0 -0.40622	
1.13	1.46682e-16 0 -0.40622	
1.14	1.46616e-16 0 -0.40622	
1.15	1.46658e-16 0 -0.40622	
1.16	1.46963e-16 0 -0.40622	
1.17	1.47749e-16 0 -0.40622	
1.18	1.4817e-16 0 -0.40622	
1.19	1.4834e-16 0 -0.40622	
1.2	1.49216e-16 0 -0.40622	
1.21	1.4987e-16 0 -0.40622	
1.22	1.50408e-16 0 -0.40622	
1.23	1.5066e-16 0 -0.40622	
1.24	1.50946e-16 0 -0.40622	
1.25	1.50955e-16 0 -0.40622	
1.26	1.51107e-16 0 -0.40622	
1.27	1.51025e-16 0 -0.40622	
1.28	1.50817e-16 0 -0.40622	
1.29	1.50115e-16 0 -0.40622	
1.3	1.5003e-16 0 -0.40622	
1.31	1.49696e-16 0 -0.40622	
1.32	1.49479e-16 0 -0.40622	
1.33	1.49158e-16 0 -0.40622	
1.34	1.48925e-16 0 -0.40622	
1.35	1.48724e-16 0 -0.40622	
1.36	1.48881e-16 0 -0.40622	
1.37	1.49147e-16 0 -0.40622	
1.38	1.48678e-16 0 -0.40622	
1.39	1.48225e-16 0 -0.40622	
1.4	1.47756e-16 0 -0.40622	
1.41	1.47286e-16 0 -0.40622	
1.42	1.46467e-16 0 -0.40622	
1.43	1.45996e-16 0 -0.40622	
1.44	1.45271e-16 0 -0.40622	
1.45	1.44687e-16 0 -0.40622	
1.46	1.43707e-16 0 -0.40622	
1.47	1.42883e-16 0 -0.40622	
1.48	1.41809e-16 0 -0.40622	
1.49	1.41199e-16 0 -0.40622	
1.5	1.40253e-16 0 -0.40622	
1.51	1.39538e-16 0 -0.40622	
1.52	1.38703e-16 0 -0.40622	
1.53	1.38244e-16 0 -0.40622	
1.54	1.37414e-16 0 -0.40622	
1.55	1.36942e-16 0 -0.40622	
1.56	1.36492e-16 0 -0.40622	
1.57	1.35379e-16 0 -0.40622	
1.58	1.34563e-16 0 -0.40622	
1.59	1.33859e-16 0 -0.40622	
1.6	1.3288e-16 0 -0.40622	
1.61	1.32158e-16 0 -0.40622	
1.62	1.30941e-16 0 -0.40622	
1.63	1.301e-16 0 -0.40622	
1.64	1.29664e-16 0 -0.40622	
1.65	1.28397e-16 0 -0.40622	
1.66	1.27436e-16 0 -0.40622	
1.67	1.26864e-16 0 -0.40622	
1.68	1.26153e-16 0 -0.40622	
1.69	1.25836e-16 0 -0.40622	
1.7	1.25373e-16 0 -0.40622	
1.71	1.24783e-16 0 -0.40622	
1.72	1.24828e-16 0 -0.40622	
1.73	1.2438e-16 0 -0.40622	
1.74	1.23646e-16 0 -0.40622	
1.75	1.23186e-16 0 -0.40622	
1.76	1.22847e-16 0 -0.40622	
1.77	1.21975e-16 0 -0.40622	
1.78	1.21259e-16 0 -0.40622	
1.79	1.20543e-16 0 -0.40622	
1.8	1.19571e-16 0 -0.40622	
1.81	1.18862e-16 0 -0.40622	
1.82	1.17897e-16 0 -0.40622	
1.83	1.1679e-16 0 -0.40622	
1.84	1.15946e-16 0 -0.40622	
1.85	1.14841e-16 0 -0.40622	
1.86	1.14016e-16 0 -0.40622	
1.87	1.1331e-16 0 -0.40622	
1.88	1.12578e-16 0 -0.40622	
1.89	1.11854e-16 0 -0.40622	
1.9	1.11528e-16 0 -0.40622	
1.91	1.10936e-16 0 -0.40622	
1.92	1.10332e-16 0 -0.40622	
1.93	1.10151e-16 0 -0.40622	
1.94	1.09301e-16 0 -0.40622	
1.95	1.08441e-16 0 -0.40622	
1.96	1.07223e-16 0 -0.40622	
1.97	1.06249e-16 0 -0.40622	
1.98	1.05287e-16 0 -0.40622	
1.99	1.04591e-16 0 -0.40622	
2	1.03648e-16 0 -0.40622	
2.01	1.02163e-16 0 -0.40622	
2.02	1.01618e-16 0 -0.40622	
2.03	1.00533e-16 0 -0.40622	
2.04	9.97079e-17 0 -0.40622	
2.05	9.90222e-17 0 -0.40622	
2.06	9.82134e-17 0 -0.40622	
2.07	9.7404e-17 0 -0.40622	
2.08	9.65847e-17 0 -0.40622	
2.09	9.60442e-17 0 -0.40622	
2.1	9.47092e-17 0 -0.40622	
2.11	9.45652e-17 0 -0.40622	
2.12	9.38874e-17 0 -0.40622	
2.13	9.29477e-17 0 -0.40622	
2.14	9.26895e-17 0 -0.40622	
2.15	9.20071e-17 0 -0.40622	
2.16	9.14609e-17 0 -0.40622	
2.17	9.10657e-17 0 -0.40622	
2.18	9.0794e-17 0 -0.40622	
2.19	9.01234e-17 0 -0.40622	
2.2	8.97243e-17 0 -0.40622	
2.21	8.93345e-17 0 -0.40622	
2.22	8.8916e-17 0 -0.40622	
2.23	8.85165e-17 0 -0.40622	
2.24	8.81168e-17 0 -0.40622	
2.25	8.7717e-17 0 -0.40622	
2.26	8.77071e-17 0 -0.40622	
2.27	8.6907e-17 0 -0.40622	
2.28	8.68968e-17 0 -0.40622	
2.29	8.64966e-17 0 -0.40622	
2.3	8.60726e-17 0 -0.40622	
2.31	8.56827e-17 0 -0.40622	
2.32	8.58129e-17 0 -0.40622	
2.33	8.58021e-17 0 -0.40622	
2.34	8.54016e-17 0 -0.40622	
2.35	8.51044e-17 0 -0.40622	
2.36	8.51175e-17 0 -0.40622	
2.37	8.51175e-17 0 -0.40622	
2.38	8.47187e-17 0 -0.40622	
2.39	8.47454e-17 0 -0.40622	
2.4	8.43989e-17 0 -0.40622	
2.41	8.43403e-17 0 -0.40622	
2.42	8.39848e-17 0 -0.40622	
2.43	8.44324e-17 0 -0.40622	
2.44	8.412e-17 0 -0.40622	
2.45	8.37944e-17 0 -0.40622	
2.46	8.37485e-17 0 -0.40622	
2.47	8.38275e-17 0 -0.40622	
2.48	8.35292e-17 0 -0.40622	
2.49	8.31835e-17 0 -0.40622	
2.5	8.32679e-17 0 -0.40622	
2.51	8.29526e-17 0 -0.40622	
2.52	8.30296e-17 0 -0.40622	
2.53	8.31188e-17 0 -0.40622	
2.54	8.26984e-17 0 -0.40622	
2.55	8.23794e-17 0 -0.40622	
2.56	8.20912e-17 0 -0.40622	
2.57	8.16382e-17 0 -0.40622	
2.58	8.17159e-17 0 -0.40622	
2.59	8.14326e-17 0 -0.40622	
2.6	8.11217e-17 0 -0.40622	
2.61	8.12555e-17 0 -0.40622	
2.62	8.09579e-17 0 -0.40622	
2.63	8.10543e-17 0 -0.40622	
2.64	8.0358e-17 0 -0.40622	
2.65	8.04669e-17 0 -0.40622	
2.66	8.00471e-17 0 -0.40622	
2.67	7.97344e-17 0 -0.40622	
2.68	7.97104e-17 0 -0.40622	
2.69	7.92946e-17 0 -0.40622	
2.7	7.92358e-17 0 -0.40622	
2.71	7.92159e-17 0 -0.40622	
2.72	7.87884e-17 0 -0.40622	
2.73	7.87234e-17 0 -0.40622	
2.74	7.86914e-17 0 -0.40622	
2.75	7.86603e-17 0 -0.40622	
2.76	7.87094e-17 0 -0.40622	
2.77	7.82525e-17 0 -0.40622	
2.78	7.83021e-17 0 -0.40622	
2.79	7.83597e-17 0 -0.40622	
2.8	7.83136e-17 0 -0.40622	
2.81	7.82101e-17 0 -0.40622	
2.82	7.81068e-17 0 -0.40622	
2.83	7.83095e-17 0 -0.40622	
2.84	7.82317e-17 0 -0.40622	
2.85	7.74752e-17 0 -0.40622	
2.86	7.72434e-17 0 -0.40622	
2.87	7.70371e-17 0 -0.40622	
2.88	7.72143e-17 0 -0.40622	
2.89	7.68539e-17 0 -0.40622	
2.9	7.70251e-17 0 -0.40622	
2.91	7.67991e-17 0 -0.40622	
2.92	7.66962e-17 0 -0.40622	
2.93	7.66962e-17 0 -0.40622	
2.94	7.70221e-17 0 -0.40622	
2.95	7.68934e-17 0 -0.40622	
2.96	7.71676e-17 0 -0.40622	
2.97	7.71676e-17 0 -0.40622	
2.98	7.70701e-17 0 -0.40622	
2.99	7.73702e-17 0 -0.40622	
3	7.72415e-17 0 -0.40622	
3.01	7.71177e-17 0 -0.40622	
3.02	7.71128e-17 0 -0.40622	
3.03	7.7413e-17 0 -0.40622	
3.04	7.7413e-17 0 -0.40622	
3.05	7.72892e-17 0 -0.40622	
3.06	7.75633e-17 0 -0.40622	
3.07	7.75633e-17 0 -0.40622	
3.08	7.78633e-17 0 -0.40622	
3.09	7.78633e-17 0 -0.40622	
3.1	7.78633e-17 0 -0.40622	
3.11	7.78585e-17 0 -0.40622	
3.12	7.82871e-17 0 -0.40622	
3.13	7.86895e-17 0 -0.40622	
3.14	7.82659e-17 0 -0.40622	
3.15	7.86944e-17 0 -0.40622	
3.16	7.86944e-17 0 -0.40622	
3.17	7.86944e-17 0 -0.40622	
3.18	7.90966e-17 0 -0.40622	
3.19	7.90966e-17 0 -0.40622	
3.2	7.90966e-17 0 -0.40622	
3.21	7.90966e-17 0 -0.40622	
3.22	7.90966e-17 0 -0.40622	
3.23	7.94988e-17 0 -0.40622	
3.24	7.94939e-17 0 -0.40622	
3.25	7.98959e-17 0 -0.40622	
3.26	7.98959e-17 0 -0.40622	
3.27	7.94988e-17 0 -0.40622	
3.28	7.99008e-17 0 -0.40622	
3.29	7.99269e-17 0 -0.40622	
3.3	7.98959e-17 0 -0.40622	
3.31	7.99221e-17 0 -0.40622	
3.32	7.99269e-17 0 -0.40622	
3.33	7.99221e-17 0 -0.40622	
3.34	7.99008e-17 0 -0.40622	
3.35	7.97724e-17 0 -0.40622	
3.36	8.0072e-17 0 -0.40622	
3.37	8.00672e-17 0 -0.40622	
3.38	7.99176e-17 0 -0.40622	
3.39	7.98152e-17 0 -0.40622	
3.4	8.00839e-17 0 -0.40622	
3.41	8.00888e-17 0 -0.40622	
3.42	7.99604e-17 0 -0.40622	
3.43	7.99294e-17 0 -0.40622	
3.44	8.03574e-17 0 -0.40622	
3.45	8.07592e-17 0 -0.40622	
3.46	8.03313e-17 0 -0.40622	
3.47	8.07592e-17 0 -0.40622	
3.48	8.0754e-17 0 -0.40622	
3.49	8.0754e-17 0 -0.40622	
3.5	8.0754e-17 0 -0.40622	
3.51	8.15571e-17 0 -0.40622	
3.52	8.11556e-17 0 -0.40622	
3.53	8.15571e-17 0 -0.40622	
3.54	8.15571e-17 0 -0.40622	
3.55	8.15517e-17 0 -0.40622	
3.56	8.16853e-17 0 -0.40622	
3.57	8.20866e-17 0 -0.40622	
3.58	8.20866e-17 0 -0.40622	
3.59	8.20812e-17 0 -0.40622	
3.6	8.22148e-17 0 -0.40622	
3.61	8.23429e-17 0 -0.40622	
3.62	8.24711e-17 0 -0.40622	
3.63	8.25992e-17 0 -0.40622	
3.64	8.23263e-17 0 -0.40622	
3.65	8.29835e-17 0 -0.40622	
3.66	8.26846e-17 0 -0.40622	
3.67	8.28387e-17 0 -0.40622	
3.68	8.28387e-17 0 -0.40622	
3.69	8.28387e-17 0 -0.40622	
3.7	8.28387e-17 0 -0.40622	
3.71	8.28387e-17 0 -0.40622	
3.72	8.28387e-17 0 -0.40622	
3.73	0.00911623 0.0414091 -0.207162	
3.74	0.0830861 0.247753 0.798637	
3.75	0.0680063 0.202033 0.580604	
3.76	0.0557066 0.165666 0.401752	
3.77	0.0923178 0.230679 0.723386	
3.78	0.0756763 0.190291 0.518386	
3.79	0.165229 0.54025 2.25858	
3.8	0.135516 0.446708 1.77496	
3.81	0.152275 0.571764 2.39889	
3.82	0.124943 0.473504 1.88962	
3.83	0.186232 0.782928 3.42803	
3.84	0.152756 0.64663 2.73244	
3.85	0.125278 0.533574 2.16311	
3.86	0.125463 0.573781 2.33154	
3.87	0.173974 0.76924 3.31474	
3.88	0.147954 0.655747 2.74069	
3.89	0.190012 0.810775 3.50119	
3.9	0.195344 0.818822 3.5327	
3.91	0.256251 1.03837 4.60117	
3.92	0.210297 0.860266 3.69204	
3.93	0.207988 0.849031 3.61409	
3.94	0.22218 0.883634 3.75243	
3.95	0.230256 0.90149 3.84372	
3.96	0.209883 0.82467 3.45424	
3.97	0.248853 0.96966 4.13195	
3.98	0.216884 0.851715 3.5483	
3.99	0.235696 1.03534 4.37429	
4	0.210449 0.946828 3.95713	
4.01	0.187338 0.864632 3.54125	
4.02	0.209897 0.999231 4.10382	
4.03	0.197394 0.952994 3.85418	
4.04	0.181292 0.88307 3.52521	
4.05	0.148878 0.732563 2.81082	
4.06	0.124625 0.621295 2.29423	
4.07	8.24883 0.184243 2.29	
4.08	6.44848 0.30891 2.29312	
4.09	4.94666 0.427049 2.33512	
4.1	3.85354 0.646845 2.97844	
4.11	5.03087 0.572611 3.02821	
4.12	4.00808 0.8065 3.7726	
4.13	4.34489 0.645779 3.21749	
4.14	4.93871 0.634462 3.36867	
4.15	3.65096 0.991842 4.58008	
4.16	5.045 0.669362 3.64686	
4.17	3.80065 1.03971 4.86086	
4.18	5.05371 0.903311 4.60067	
4.19	3.68686 1.01569 4.635	
4.2	4.67 1.11528 5.33374	
4.21	3.18387 1.51144 6.61847	
4.22	4.86127 1.3782 6.63387	
4.23	1.83975 2.15012 9.38329	
4.24	4.75479 1.62797 8.05566	
4.25	2.02926 2.46456 11.3531	
4.26	2.65695 1.86535 8.65665	
4.27	1.8288 2.33247 10.8146	
4.28	3.51297 1.64322 8.08509	
4.29	2.11263 1.9569 9.17692	
4.3	3.11817 1.63546 8.05082	
4.31	2.62186 1.65813 8.01546	
4.32	4.46084 1.32687 7.07937	
4.33	3.12676 1.34314 6.66261	
4.34	4.0163 1.06645 5.62714	
4.35	4.21253 0.864105 4.73337	
4.36	4.19854 0.553902 3.37387	
4.37	3.46684 0.458249 2.67055	
4.38	4.14968 0.10282 1.36995	
4.39	3.42708 0.0834621 1.03069	
4.4	4.05021 -0.110507 0.28185	
4.41	4.15264 -0.0478555 0.375861	
4.42	3.97884 -0.0261364 0.33663	
4.43	3.3033 -0.0148787 0.217367	
4.44	3.97587 -0.0510433 0.146226	
4.45	3.3218 -0.0301463 0.083301	
4.46	4.04932 -0.0594094 0.0627697	
4.47	3.41607 -0.0329424 0.0334541	
4.48	4.1677 -0.0587559 0.0362664	
4.49	3.51454 -0.0326247 0.0101902	
4.5	4.26873 -0.0620495 0.011984	
4.51	3.61438 -0.0336387 0.00189558	
4.52	4.39877 -0.0617053 0.0159769	
4.53	3.65739 -0.0438039 -0.0276904	
4.54	3.66945 -0.0445262 -0.040469	
4.55	4.50212 -0.0811615 -0.0201844	
4.56	2.94349 0.32101 1.27705	
4.57	3.79588 0.0369429 0.391299	
4.58	3.84505 0.406665 1.97388	
4.59	3.06549 0.631526 2.74894	
4.6	4.14026 0.606744 3.01045	
4.61	3.14297 0.883177 3.97258	
4.62	4.21521 0.906837 4.43772	
4.63	3.23518 1.14978 5.28947	
4.64	3.48868 1.23898 5.86436	
4.65	3.35641 1.27076 6.04687	
4.66	3.573 1.34036 6.51579	
4.67	3.47209 1.48514 7.17746	
4.68	4.44394 1.63611 8.29936	
4.69	3.58996 1.7132 8.39016	
4.7	4.58595 1.82378 9.35078	
4.71	3.73019 1.81001 8.93283	
4.72	4.73259 1.83684 9.44235	
4.73	3.11442 1.91624 9.20747	
4.74	5.63015 1.7708 9.44455	
4.75	3.57904 1.96848 9.69851	
4.76	5.51174 1.72469 9.25963	
4.77	3.73596 2.02476 10.1656	
4.78	5.66202 1.74005 9.47053	
4.79	3.84723 2.20273 11.1493	
4.8	5.79961 1.92553 10.4619	
4.81	3.97487 2.11957 10.8273	
4.82	5.23777 1.46836 8.00541	
4.83	3.97994 2.0289 9.96705	
4.84	5.03505 1.64727 8.53944	
4.85	2.87328 2.23378 10.605	
4.86	5.44244 1.95724 10.1269	
4.87	2.44404 2.74157 13.3549	
4.88	5.06527 2.07106 11.0045	
4.89	2.49909 2.80588 14.0705	
4.9	4.63922 2.10377 11.3153	
4.91	2.54498 2.80191 14.2452	
4.92	3.98809 2.19696 11.4117	
4.93	2.82959 2.67163 13.7047	
4.94	5.12592 1.92396 10.4561	
4.95	2.80675 2.74861 13.9305	
4.96	4.9991 1.86749 10.1309	
4.97	3.03839 2.71883 13.9327	
4.98	5.26736 1.74395 9.73151	
4.99	3.18752 2.40107 12.2667	
5	5.33131 1.72758 9.4697	
5.01	3.27597 2.07696 10.4714	
5.02	5.37598 1.54392 8.34433	
5.03	3.31054 1.9949 9.85131	
5.04	6.18977 1.08119 6.50305	
5.05	3.28926 1.83777 9.07873	
5.06	6.24766 0.944799 5.85117	
5.07	3.41473 1.8731 9.22978	
5.08	7.14262 0.8886 5.84148	
5.09	3.66524 1.77714 8.69427	
5.1	6.33898 1.18554 6.68386	
5.11	4.60073 1.25979 6.42369	
5.12	5.71611 1.22092 6.55529	
5.13	4.69387 1.50392 7.56549	
5.14	5.85306 1.12378 6.22841	
5.15	4.79141 1.70609 8.62385	
5.16	5.96065 1.40184 7.57085	
5.17	4.8985 2.0755 10.4963	
5.18	6.08482 1.67551 8.95814	
5.19	5.00994 2.4595 12.5401	
5.2	6.20946 1.94264 10.4506	
5.21	5.15707 2.67825 13.8679	
5.22	6.35618 2.41889 12.9629	
5.23	4.53311 3.1876 16.5427	
5.24	7.24952 2.52998 14.1104	
5.25	4.60793 3.71791 19.554	
5.26	7.34854 3.03607 16.9877	
5.27	6.02106 2.55234 13.8223	
5.28	6.00854 1.93968 10.6114	
5.29	6.05462 1.3905 7.95961	
5.3	6.76698 0.790605 5.41141	
5.31	6.91887 0.390753 3.58395	
5.32	7.71676 -0.0557837 1.81552	
5.33	7.88458 -0.272688 0.821991	
5.34	7.1172 -0.284864 0.430665	
5.35	8.79447 -0.353353 0.170853	
5.36	8.09052 -0.303009 0.07132	
5.37	8.93251 -0.308512 0.0206939	
5.38	8.35392 -0.255052 0.00607826	
5.39	9.07258 -0.247969 -0.00466138	
5.4	9.34516 -0.227464 0.0225899	
5.41	9.20618 -0.206706 0.00205334	
5.42	9.71523 -0.196791 0.0277542	
5.43	9.69416 -0.168693 0.0227194	
5.44	10.8853 -0.19597 0.0369501	
5.45	10.2287 -0.164971 0.0124518	
5.46	11.351 -0.197412 0.0270125	
5.47	10.709 -0.157632 0.00348469	
5.48	12.4152 -0.213 0.024919	
5.49	11.2443 -0.168216 -0.0092123	
5.5	12.6916 -0.216899 0.0157021	
5.51	11.8459 -0.164131 0.0967032	
5.52	12.451 -0.137222 0.191211	
5.53	12.4303 -0.122966 0.220255	
5.54	13.0149 -0.136293 0.253473	
5.55	13.3684 -0.131577 0.252337	
5.56	13.7033 -0.117401 0.298608	
5.57	14.0498 -0.115529 0.313649	
5.58	11.5091 -0.0553216 0.165392	
5.59	9.42697 -0.0157012 0.048319	
5.6	7.72158 0.00494892 -0.0421999	
5.61	7.62576 -0.0339864 -0.0976068	
5.62	7.80639 -0.0129523 0.0159457	
5.63	8.47896 -0.0961038 -0.117035	
5.64	7.17259 -0.0523721 -0.104735	
5.65	8.5087 -0.118075 -0.0725573	
5.66	7.37403 -0.0745928 -0.0609143	
5.67	8.54804 -0.125395 -0.0368117	
5.68	7.44926 -0.0856401 -0.0455161	
5.69	8.59614 -0.135888 -0.0385473	
5.7	7.60716 -0.0968973 -0.0410156	
5.71	8.59267 -0.132026 -0.0327665	
5.72	7.18449 -0.0895029 -0.0758125	
5.73	8.64383 -0.159549 -0.0886453	
5.74	7.07998 -0.115103 -0.150892	
5.75	8.27543 -0.150604 -0.105686	
5.76	6.77828 -0.108041 -0.164709	
5.77	8.10621 -0.0994098 0.0271056	
5.78	6.81672 -0.0709424 -0.0426998	
5.79	8.06793 -0.140249 -0.0827804	
5.8	6.60828 -0.0994192 -0.145903	
5.81	7.2297 -0.108428 -0.124731	
5.82	6.26225 -0.067288 -0.0980277	
5.83	7.14601 -0.10585 -0.0682325	
5.84	5.85309 -0.0751953 -0.132843	
5.85	5.8207 -0.0386073 0.00306857	
5.86	4.76726 -0.0293244 -0.0718454	
5.87	5.02744 -0.0551273 -0.124338	
5.88	4.21772 -0.0350872 -0.130847	
5.89	4.31244 -0.0369564 -0.127619	
5.9	3.77073 -0.0055906 -0.0852904	
5.91	3.87394 0.00282924 -0.0496006	
5.92	3.17281 0.0034957 -0.114665	
5.93	2.59859 0.00441825 -0.168059	
5.94	2.12826 0.00378792 -0.211398	
5.95	1.7431 0.00468331 -0.247291	
5.96	1.42759 0.00353893 -0.276158	
5.97	1.16918 0.00255289 -0.299786	
5.98	0.957565 0.00214108 -0.31925	
5.99	0.784239 0.00154439 -0.335117	
6	0.642277 0.000880916 -0.348063	
6.01	0.526024 0.000678497 -0.358762	
6.02	4.41998 -0.00202833 -0.588026	
6.03	-0.732355 0.114945 -0.158796	
6.04	3.16303 0.326154 0.105679	
6.05	-1.19135 0.190455 0.0067839	
6.06	1.16179 0.409851 0.340516	
6.07	-2.27991 0.136758 0.1147	
6.08	-0.814485 0.162347 0.225997	
6.09	-2.75386 0.0593464 0.116144	
6.1	-1.50752 0.135635 0.249522	
6.11	-4.5298 0.170801 -0.0730615	
6.12	-2.58244 0.178319 0.202192	
6.13	-24.077 -3.51629 -6.86904	
6.14	0.710517 -0.0914383 -0.382275	
6.15	-17.6413 -1.75319 -1.01889	
6.16	4.80507 9.21049 29.7524	
6.17	-19.6675 -2.72191 -3.02566	
6.18	-34.4364 -2.41247 -1.40406	
6.19	7.01019 -2.44435 -2.69586	
6.2	-8.58272 0.0783927 3.47842	
6.21	-4.50647 -0.218748 1.85449	
6.22	-7.21953 -0.0477331 1.46571	
6.23	-9.14193 0.0244974 0.996906	
6.24	-10.2625 0.172939 1.04313	
6.25	-10.8664 0.0622813 0.368563	
6.26	-11.708 0.00207924 0.00253753	
6.27	-12.7734 0.0271393 0.0693656	
6.28	-12.6734 0.175554 0.50246	
6.29	-13.532 0.26154 0.760377	
6.3	-14.0695 0.0601396 0.06691	
6.31	-14.0538 0.0621594 0.0502274	
6.32	-14.4892 0.211802 0.6301	
6.33	-13.5854 0.219552 0.578156	
6.34	-14.7334 0.177031 0.508921	
6.35	-13.0616 0.155098 0.302958	
6.36	-14.9092 0.118442 0.187481	
6.37	-13.2724 0.157913 0.212647	
6.38	-15.0294 0.151465 0.256565	
6.39	-13.3677 0.178212 0.228726	
6.4	-13.917 0.160487 0.228013	
6.41	-13.4213 0.147186 0.183787	
6.42	-13.9732 0.157911 0.28188	
6.43	-13.4584 0.122539 0.113133	
6.44	-14.6911 0.0720576 0.0508403	
6.45	-10.7237 0.0741414 -0.258744	
6.46	-9.9954 0.190832 0.0357383	
6.47	-10.0898 0.321783 -0.049628	
6.48	-9.92522 0.451161 0.13004	
6.49	-10.5172 0.0326745 0.506937	
6.5	-11.5199 0.991198 0.164325	
6.51	-12.0014 0.809266 0.148397	
6.52	-12.5964 0.648571 0.0972063	
6.53	-12.7465 0.519494 0.0560596	
6.54	-12.9676 0.421089 0.0468638	
6.55	-13.0754 0.354906 0.0409153	
6.56	-13.8861 0.276591 0.116753	
6.57	-12.4919 0.258938 0.0917843	
6.58	-14.1183 0.18352 0.121233	
6.59	-12.4842 0.198119 0.128186	
6.6	-14.1965 0.16236 0.16896	
6.61	-11.6266 0.169074 0.0435846	
6.62	-13.9962 0.115948 0.0340569	
6.63	-11.4647 0.13058 -0.065769	
6.64	-13.5489 0.107053 -0.0430311	
6.65	-11.0959 0.123685 -0.128715	
6.66	-11.4519 0.109729 -0.087092	
6.67	-11.1405 0.164599 0.177044	
6.68	-10.7608 0.116508 0.0363169	
6.69	-11.1583 0.196134 0.415822	
6.7	-10.1051 0.11363 0.0880894	
6.71	-11.0781 0.0393516 -0.0738123	
6.72	-10.0208 0.106613 0.120458	
6.73	-9.17345 0.107351 0.0980748	
6.74	-9.90752 0.16139 0.31216	
6.75	-9.05476 0.107317 0.0884234	
6.76	-9.87858 0.203925 0.465012	
6.77	-8.94816 0.167326 0.303791	
6.78	-9.81023 0.140252 0.232839	
6.79	-8.96057 0.122493 0.17109	
6.8	-8.96167 0.156884 0.279456	
6.81	-8.48383 0.105106 0.11016	
6.82	-6.94707 0.111686 0.00318118	
6.83	-8.47064 0.095344 -0.00105233	
6.84	-6.93654 0.0919187 -0.0817719	
6.85	-5.87232 0.0994857 -0.0613109	
6.86	-6.02144 0.0902156 -0.150683	
6.87	-5.7353 0.101193 -0.093416	
6.88	-25.7916 -2.44733 -3.99607	
6.89	0.975515 -0.314257 -1.8697	
6.9	-21.7281 -2.03739 -1.29428	
6.91	-2.272 -0.0221725 -1.62874	
6.92	-20.3264 -1.63234 -0.959143	
6.93	-5.90688 0.159495 -0.788523	
6.94	-19.1881 -1.68726 -0.702811	
6.95	-7.4373 0.0991143 -0.380642	
6.96	-20.3371 -1.99364 -1.6446	
6.97	-6.2614 -0.125935 0.159938	
6.98	-19.9126 -1.65057 -0.67092	
6.99	-7.11786 -1.3663 -5.25793	
7	-36.691 -8.09698 -1.62116	
7.01	2.56986 -0.221593 -11.2222	
7.02	1.09269 -0.0882412 -8.68745	
7.03	1.23479 -0.22079 -7.8492	
7.04	1.25275 -0.196202 -6.61257	
7.05	1.19034 -0.165171 -5.54071	
7.06	1.02558 -0.16292 -4.73193	
7.07	0.915137 -0.1392 -3.98744	
7.08	0.798245 -0.126301 -3.3983	
7.09	0.15671 0.000773413 -2.57403	
7.1	-8.7172 0.653804 -0.115038	
7.11	0.461421 0.0521569 -1.1483	
7.12	-4.25493 0.051105 -0.444343	
7.13	2.05686 0.129291 -0.825618	
7.14	-4.7468 -0.0530083 -0.528583	
7.15	4.13714 0.387055 -0.500294	
7.16	-5.08813 -0.0771196 -0.226433	
7.17	3.84426 0.423254 -0.171862	
7.18	-5.08411 0.139555 -0.301155	
7.19	3.96462 0.422376 -0.255073	
7.2	-5.40957 0.115603 -0.518418	
7.21	3.52352 0.445841 -0.43035	
7.22	-4.77366 0.239812 -0.763985	
7.23	2.49958 0.278809 0.274418	
7.24	-0.0593455 0.240463 0.0831974	
7.25	-0.0563312 0.206193 0.0118759	
7.26	-0.0495343 0.172981 -0.0562361	
7.27	-0.0359123 0.145094 -0.113258	
7.28	-0.0316292 0.119123 -0.165936	
7.29	-0.0228332 0.0995599 -0.205807	
7.3	-0.00796973 0.0834597 -0.238553	
7.31	-0.00664718 0.0671801 -0.271306	
7.32	-0.00378556 0.0559671 -0.294106	
7.33	-0.000978916 0.0458392 -0.314563	
7.34	0.00107221 0.0377054 -0.331015	
7.35	0.0864444 2.49806 11.7222	
7.36	0.0762517 2.08169 9.51782	
7.37	0.0668147 1.73334 7.71367	
7.38	0.0574607 1.43752 6.23913	
7.39	0.0492927 1.192 5.03255	
7.4	0.0322624 1.08871 4.52551	
7.41	0.0316837 1.12305 4.65705	
7.42	0.0271906 0.943269 3.82595	
7.43	0.0280386 0.887029 3.52679	
7.44	0.0234094 0.730407 2.81354	
7.45	0.0195906 0.601945 2.22962	
7.46	0.0160752 0.493195 1.75207	
7.47	0.0133178 0.405296 1.36091	
7.48	0.0107683 0.330659 1.04108	
7.49	0.00879917 0.27062 0.778953	
7.5	0.00722448 0.221788 0.56418	
7.51	0.00588882 0.18142 0.388496	
7.52	0.00488521 0.149144 0.244338	
7.53	0.00398006 0.121958 0.12644	
7.54	0.00328489 0.100103 0.0297681	
7.55	0.00273545 0.0823848 -0.0494436	
7.56	0.00220058 0.0671234 -0.114096	
7.57	0.00182424 0.0551635 -0.167227	
7.58	0.00153697 0.0455632 -0.210766	
7.59	0.0012512 0.0372481 -0.246311	
7.6	0.00103635 0.0306075 -0.275474	
7.61	1.10091 0.106415 0.132288	
7.62	0.901679 0.0879058 0.0344158	
7.63	0.738479 0.0720929 -0.0455523	
7.64	1.49169 0.0296654 -0.109547	
7.65	1.43975 0.0173523 -0.170543	
7.66	2.26886 -0.0204744 -0.209018	
7.67	2.50704 -0.0331469 -0.233806	
7.68	2.5402 -0.0175916 -0.176032	
7.69	14.4474 -0.461796 0.336057	
7.7	0.833241 -0.125083 -0.272867	
7.71	13.2124 -0.183682 0.704352	
7.72	3.56273 0.135852 0.264131	
7.73	13.6072 -0.282851 0.393183	
7.74	5.66606 0.00986707 0.0849424	
7.75	14.081 -0.330907 0.264734	
7.76	6.70821 -0.0434944 0.00726106	
7.77	16.0079 -0.427571 0.243563	
7.78	7.07635 -0.0555989 -0.0408294	
7.79	16.8237 -0.450625 0.202149	
7.8	7.89313 -0.0753992 -0.0638253	
7.81	6.62982 -0.0281216 -0.0475011	
7.82	8.3225 -0.0890596 0.00387028	
7.83	6.81904 -0.0659473 -0.0746922	
7.84	7.05996 -0.0905811 -0.116606	
7.85	6.69526 -0.0853699 -0.14505	
7.86	7.53487 -0.105909 -0.148104	
7.87	7.22054 -0.0654132 -0.0647433	
7.88	7.30576 -0.0397755 0.00404399	
7.89	7.27593 -0.0454006 -0.0655071	
7.9	7.02703 0.00312824 0.0568624	
7.91	7.33614 -0.0590846 -0.132726	
7.92	7.44638 0.0223989 0.121445	
7.93	6.09904 0.0294586 0.0219445	
7.94	7.02641 -0.0380117 -0.0364692	
7.95	5.75452 -0.0270864 -0.104927	
7.96	4.71273 -0.0186113 -0.160843	
7.97	3.85956 -0.0122527 -0.206442	
7.98	3.16101 -0.00855231 -0.243277	
7.99	2.58876 -0.00800446 -0.272627	
8	2.12011 -0.00475111 -0.297596	
8.01	1.73622 -0.00397111 -0.317422	
8.02	1.42187 -0.0036134 -0.333564	
8.03	1.16441 -0.00286135 -0.346937	
8.04	0.953596 -0.00215745 -0.357916	
8.05	0.780964 -0.00177248 -0.366844	
8.06	0.639564 -0.00115512 -0.374256	
8.07	0.523822 -0.000691821 -0.38031	
8.08	0.42899 -0.000201748 -0.385306	
8.09	0.351344 0.000165848 -0.389386	
8.1	0.287729 0.000363529 -0.392694	
8.11	0.235651 0.000358613 -0.395347	
8.12	0.192984 0.000501976 -0.39757	
8.13	0.158065 0.000458891 -0.399335	
8.14	0.129451 0.000518896 -0.400814	
8.15	0.106024 0.000527871 -0.402011	
8.16	0.0868382 0.000504564 -0.402981	
8.17	0.0711237 0.00045996 -0.403767	
8.18	0.0582487 0.000382707 -0.404398	
8.19	0.0476999 0.000307625 -0.404911	
8.2	0.0390682 0.000241169 -0.405328	
8.21	0.0319959 0.000174802 -0.405667	
8.22	0.0262038 0.000144529 -0.405952	
8.23	0.0214606 0.000105111 -0.406181	
8.24	0.0175762 7.02546e-05 -0.406367	
8.25	0.0143925 6.44916e-05 -0.406528	
8.26	0.0117862 5.26835e-05 -0.406657	
8.27	0.0096514 4.59591e-05 -0.406763	
8.28	0.00790153 4.00663e-05 -0.40685	
8.29	0.00647054 3.07376e-05 -0.40692	
8.3	0.00646785 3.47625e-05 -0.406922	
8.31	0.00646516 4.04327e-05 -0.406924	
8.32	0.00646294 4.36645e-05 -0.406925	
8.33	0.00645938 4.66636e-05 -0.406926	
8.34	0.00645537 5.29008e-05 -0.406928	
8.35	0.00645178 5.4699e-05 -0.406929	
8.36	0.00644673 6.12563e-05 -0.406932	
8.37	0.00644056 7.26344e-05 -0.406936	
8.38	0.00643372 8.69741e-05 -0.406941	
8.39	0.00642626 9.57474e-05 -0.406944	
8.4	0.00641825 0.000108267 -0.406949	
8.41	0.0064097 0.000118138 -0.406952	
8.42	0.0064006 0.000126984 -0.406956	
8.43	0.00638917 0.000134606 -0.406959	
8.44	0.00637703 0.000139345 -0.406961	
8.45	0.00635962 0.000143237 -0.406963	
8.46	0.00634201 0.000150002 -0.406966	
8.47	0.00632473 0.000152301 -0.406968	
8.48	0.00630917 0.000155911 -0.40697	
8.49	0.00628626 0.000158398 -0.406972	
8.5	0.0062672 0.000164348 -0.406975	
8.51	0.00624365 0.000170867 -0.406978	
8.52	0.00622412 0.000174768 -0.40698	
8.53	0.00619943 0.000178601 -0.406983	
8.54	0.00618569 0.000180066 -0.406984	
8.55	0.00616678 0.000182835 -0.406986	
8.56	0.00614654 0.00018299 -0.406987	
8.57	0.00613069 0.000184558 -0.406988	
8.58	0.00610756 0.000182678 -0.406989	
8.59	0.00608637 0.000183621 -0.40699	
8.6	0.00606451 0.00018492 -0.406992	
8.61	0.00603994 0.00018606 -0.406993	
8.62	0.00601441 0.000184482 -0.406994	
8.63	0.00599161 0.000182639 -0.406995	
8.64	0.00595938 0.000182641 -0.406996	
8.65	0.00593501 0.000178503 -0.406996	
8.66	0.00590643 0.000177061 -0.406997	
8.67	0.00587278 0.000172571 -0.406997	
8.68	0.00585034 0.000169112 -0.406997	
8.69	0.00582672 0.000163328 -0.406997	
8.7	0.00581109 0.000159007 -0.406996	
8.71	0.00580496 0.000156164 -0.406995	
8.72	0.00580685 0.000149901 -0.406993	
8.73	0.0058116 0.00014569 -0.406992	
8.74	0.00581444 0.000141381 -0.40699	
8.75	0.00581398 0.000137931 -0.406989	
8.76	0.00581607 0.000136657 -0.406988	
8.77	0.00581134 0.000136614 -0.406989	
8.78	0.00581126 0.000136146 -0.406988	
8.79	0.00580505 0.000138065 -0.406989	
8.8	0.00580411 0.000136316 -0.406989	
8.81	0.00579674 0.000136309 -0.406989	
8.82	0.00579216 0.000134518 -0.406989	
8.83	0.00578918 0.000131869 -0.406988	
8.84	0.00578168 0.000125881 -0.406987	
8.85	0.00577982 0.000127924 -0.406987	
8.86	0.00578391 0.000126788 -0.406987	
8.87	0.00578534 0.000126946 -0.406987	
8.88	0.00578564 0.000124746 -0.406986	
8.89	0.00578916 0.000121704 -0.406985	
8.9	0.00578825 0.000122277 -0.406985	
8.91	0.00578497 0.000122808 -0.406985	
8.92	0.005788 0.000127767 -0.406987	
8.93	0.00578627 0.000123165 -0.406985	
8.94	0.00578447 0.00012641 -0.406987	
8.95	0.00578102 0.00013277 -0.406989	
8.96	0.00578141 0.000137767 -0.40699	
8.97	0.00578414 0.0001441 -0.406992	
8.98	0.0057917 0.000150963 -0.406994	
8.99	0.00579576 0.000161699 -0.406998	
9	0.00580434 0.000172173 -0.407001	
9.01	0.00581537 0.000179171 -0.407003	
9.02	0.00582427 0.000185526 -0.407004	
9.03	0.00583512 0.000191354 -0.407006	
9.04	0.00584234 0.000191025 -0.407005	
9.05	0.0058484 0.000196767 -0.407007	
9.06	0.00585794 0.000202566 -0.407008	
9.07	0.00586409 0.000205193 -0.407009	
9.08	0.0058676 0.000209071 -0.40701	
9.09	0.00588095 0.000213767 -0.407011	
9.1	0.00588419 0.000213723 -0.407011	
9.11	0.00589808 0.000216987 -0.407011	
9.12	0.00591388 0.000218328 -0.407011	
9.13	0.00592934 0.000219951 -0.40701	
9.14	0.00594258 0.000222447 -0.40701	
9.15	0.00595416 0.000220132 -0.407009	
9.16	0.00596691 0.000217106 -0.407007	
9.17	0.00598609 0.000210433 -0.407004	
9.18	0.00599615 0.000205644 -0.407002	
9.19	0.00600958 0.000199601 -0.407	
9.2	0.00601662 0.000193907 -0.406997	
9.21	0.00602734 0.000192045 -0.406996	
9.22	0.00603825 0.00018393 -0.406993	
9.23	0.00604499 0.000176029 -0.40699	
9.24	0.00605564 0.000173415 -0.406988	
9.25	0.0060661 0.000178144 -0.40699	
9.26	0.00607347 0.000169117 -0.406986	
9.27	0.0060807 0.0001674 -0.406985	
9.28	0.00608729 0.000166063 -0.406984	
9.29	0.00609453 0.000164057 -0.406983	
9.3	0.00610158 0.000162445 -0.406983	
9.31	0.00610781 0.000160394 -0.406982	
9.32	0.00611486 0.00015248 -0.406979	
9.33	0.0061209 0.000142285 -0.406975	
9.34	0.00613188 0.000140349 -0.406974	
9.35	0.00614078 0.000124115 -0.406968	
9.36	0.00614548 0.000124716 -0.406968	
9.37	0.00615377 0.000116118 -0.406965	
9.38	0.00615816 0.000120094 -0.406966	
9.39	0.00616277 0.00011834 -0.406965	
9.4	0.00617069 0.000103944 -0.40696	
9.41	0.00617632 0.000102836 -0.406959	
9.42	0.00618263 9.39639e-05 -0.406956	
9.43	0.00619031 9.2757e-05 -0.406955	
9.44	0.00619819 9.21769e-05 -0.406954	
9.45	0.00620435 8.69058e-05 -0.406952	
9.46	0.006216 8.54215e-05 -0.406951	
9.47	0.00622731 9.13713e-05 -0.406953	
9.48	0.00623705 8.94568e-05 -0.406951	
9.49	0.00625579 8.9423e-05 -0.406951	
9.5	0.00628374 9.88712e-05 -0.406952	
9.51	0.0062992 0.000104828 -0.406953	
9.52	0.00632506 0.00011396 -0.406955	
9.53	0.00633978 0.000124635 -0.406958	
9.54	0.00636176 0.000132776 -0.40696	
9.55	0.00637984 0.00014269 -0.406962	
9.56	0.00639822 0.000160604 -0.406967	
9.57	0.00640986 0.000172062 -0.40697	
9.58	0.00642224 0.000183899 -0.406973	
9.59	0.00643154 0.000202255 -0.406979	
9.6	0.00643821 0.00021271 -0.406982	
9.61	0.0064472 0.000223985 -0.406986	
9.62	0.00645594 0.000228838 -0.406987	
9.63	0.00646097 0.000238929 -0.40699	
9.64	0.0064653 0.000248978 -0.406993	
9.65	0.00647187 0.000268948 -0.406999	
9.66	0.00647525 0.000279415 -0.407003	
9.67	0.00647886 0.000290552 -0.407006	
9.68	0.00648082 0.000300926 -0.407009	
9.69	0.00648184 0.000309934 -0.407012	
9.7	0.00648278 0.000322422 -0.407016	
9.71	0.00648334 0.000334838 -0.407021	
9.72	0.00648344 0.000345965 -0.407024	
9.73	0.0064839 0.00034159 -0.407023	
9.74	0.00648376 0.000351787 -0.407026	
9.75	0.0064838 0.000355699 -0.407027	
9.76	0.00648385 0.00035367 -0.407027	
9.77	0.00648396 0.000345778 -0.407024	
9.78	0.00648369 0.000344278 -0.407024	
9.79	0.00648346 0.000335234 -0.407021	
9.8	0.0064827 0.000328399 -0.407018	
9.81	0.00648196 0.000324001 -0.407017	
9.82	0.0064802 0.000319216 -0.407015	
9.83	0.00647852 0.000315326 -0.407014	
9.84	0.00647525 0.000311896 -0.407013	
9.85	0.00647115 0.000311617 -0.407013	
9.86	0.00646691 0.000310261 -0.407013	
9.87	0.00646149 0.000317515 -0.407016	
9.88	0.0064565 0.000318916 -0.407017	
9.89	0.00644998 0.000318005 -0.407017	
9.9	0.00643911 0.000325507 -0.40702	
9.91	0.00643227 0.000324914 -0.40702	
9.92	0.00642004 0.000334492 -0.407024	
9.93	0.00640828 0.00033313 -0.407024	
9.94	0.00639602 0.000342571 -0.407027	
9.95	0.00638308 0.000344722 -0.407029	
9.96	0.00636586 0.00034493 -0.40703	
9.97	0.00634877 0.000347771 -0.407032	
9.98	0.00633149 0.000358134 -0.407036	
9.99	0.00630987 0.000359322 -0.407037	
10	0.00629363 0.000360122 -0.407038	
10.01	0.00627756 0.000369325 -0.407042	
10.02	0.00625581 0.00037018 -0.407044	
10.03	0.0062366 0.000371082 -0.407045	
10.04	0.00622108 0.000371935 -0.407046	
10.05	0.00620252 0.000380132 -0.40705	
10.06	0.00618768 0.000380589 -0.407051	
10.07	0.00616904 0.000381815 -0.407052	
10.08	0.00615474 0.000390843 -0.407056	
10.09	0.00614285 0.000391523 -0.407057	
10.1	0.00613319 0.000398457 -0.407059	
10.11	0.00611993 0.000405209 -0.407062	
10.12	0.00610941 0.00039903 -0.407061	
10.13	0.00610365 0.000406134 -0.407063	
10.14	0.00609358 0.000406539 -0.407064	
10.15	0.00608902 0.000406026 -0.407064	
10.16	0.00608049 0.000406956 -0.407065	
10.17	0.00607482 0.000406752 -0.407065	
10.18	0.00606549 0.000422835 -0.407071	
10.19	0.00606255 0.000422819 -0.407071	
10.2	0.00605656 0.000424693 -0.407072	
10.21	0.0060513 0.000427849 -0.407073	
10.22	0.00604617 0.000428435 -0.407074	
10.23	0.00604101 0.000429029 -0.407074	
10.24	0.00603669 0.000430227 -0.407075	
10.25	0.00603352 0.000430456 -0.407075	
10.26	0.00602807 0.000431969 -0.407076	
10.27	0.00602586 0.000426735 -0.407074	
10.28	0.00602289 0.000420732 -0.407072	
10.29	0.00602161 0.000415521 -0.407071	
10.3	0.00601804 0.000416994 -0.407071	
10.31	0.00601468 0.000412283 -0.40707	
10.32	0.00601248 0.000406662 -0.407068	
10.33	0.00601326 0.000401232 -0.407066	
10.34	0.00600868 0.000402907 -0.407067	
10.35	0.00600966 0.000396649 -0.407065	
10.36	0.00600716 0.000397933 -0.407065	
10.37	0.00600695 0.000392723 -0.407064	
10.38	0.00600445 0.000394043 -0.407064	
10.39	0.00600404 0.000394921 -0.407065	
10.4	0.00600463 0.000395727 -0.407065	
10.41	0.00600619 0.000396459 -0.407065	
10.42	0.00600892 0.000391153 -0.407063	
10.43	0.00600931 0.000397935 -0.407065	
10.44	0.00601477 0.000398368 -0.407065	
10.45	0.0060136 0.000398445 -0.407065	
10.46	0.00601702 0.000399642 -0.407066	
10.47	0.00601921 0.000406494 -0.407068	
10.48	0.00601894 0.00040836 -0.407068	
10.49	0.00601605 0.000416446 -0.407071	
10.5	0.0060137 0.000418748 -0.407072	
10.51	0.006013 0.00042729 -0.407075	
10.52	0.00601051 0.00042861 -0.407075	
10.53	0.00600387 0.000432395 -0.407077	
10.54	0.00600149 0.00043343 -0.407078	
10.55	0.00599773 0.000440519 -0.40708	
10.56	0.00599087 0.000443328 -0.407081	
10.57	0.00598529 0.000449589 -0.407084	
10.58	0.00598264 0.000451505 -0.407084	
10.59	0.00597903 0.000457555 -0.407087	
10.6	0.00597558 0.000458629 -0.407087	
10.61	0.00596842 0.000461687 -0.407089	
10.62	0.00595953 0.000463712 -0.40709	
10.63	0.00595377 0.000469782 -0.407092	
10.64	0.00594662 0.00047254 -0.407093	
10.65	0.00594188 0.000473973 -0.407094	
10.66	0.00593607 0.000475482 -0.407095	
10.67	0.00592913 0.000481497 -0.407097	
10.68	0.00592182 0.000484243 -0.407098	
10.69	0.00591334 0.000491425 -0.407101	
10.7	0.00590373 0.000498612 -0.407104	
10.71	0.0058962 0.000505591 -0.407107	
10.72	0.00589327 0.0005117 -0.407109	
10.73	0.00588691 0.000518233 -0.407111	
10.74	0.00588051 0.000524711 -0.407114	
10.75	0.00587264 0.00053628 -0.407118	
10.76	0.00587054 0.000546943 -0.407122	
10.77	0.0058653 0.000552924 -0.407124	
10.78	0.00585892 0.00055893 -0.407126	
10.79	0.00585251 0.000564892 -0.407129	
10.8	0.00584959 0.00057041 -0.407131	
10.81	0.00584617 0.00057011 -0.407131	
10.82	0.00584197 0.000577413 -0.407133	
10.83	0.00584229 0.000583366 -0.407135	
10.84	0.00583959 0.000587894 -0.407137	
10.85	0.00583877 0.000593876 -0.407139	
10.86	0.00583579 0.000599244 -0.407141	
10.87	0.00583522 0.000604296 -0.407143	
10.88	0.00583506 0.000604447 -0.407143	
10.89	0.00583448 0.000609476 -0.407144	
10.9	0.00583319 0.000609687 -0.407145	
10.91	0.00583148 0.000614761 -0.407146	
10.92	0.00583045 0.000614074 -0.407146	
10.93	0.00583342 0.000618727 -0.407148	
10.94	0.00583073 0.000619881 -0.407148	
10.95	0.00582944 0.000620077 -0.407148	
10.96	0.0058317 0.000619942 -0.407148	
10.97	0.0058317 0.000619942 -0.407148	
10.98	0.00583013 0.000610543 -0.407145	
10.99	0.00582812 0.000605997 -0.407144	
11	0.00582853 0.000601171 -0.407142	
11.01	0.00583007 0.000596277 -0.40714	
11.02	0.00582843 0.000586941 -0.407137	
11.03	0.00582995 0.000582053 -0.407136	
11.04	0.00583158 0.000573239 -0.407133	
11.05	0.00583788 0.000563933 -0.407129	
11.06	0.00584023 0.000559864 -0.407128	
11.07	0.00584279 0.0005501 -0.407124	
11.08	0.00584608 0.000542919 -0.407122	
11.09	0.00585177 0.000537504 -0.40712	
11.1	0.00585624 0.000528467 -0.407116	
11.11	0.00586935 0.000514613 -0.407111	
11.12	0.00588138 0.000509078 -0.407109	
11.13	0.00588696 0.000501579 -0.407106	
11.14	0.00589524 0.000500991 -0.407105	
11.15	0.0058976 0.000498522 -0.407104	
11.16	0.00590088 0.000491075 -0.407102	
11.17	0.00590518 0.000487491 -0.4071	
11.18	0.00590962 0.00048481 -0.407099	
11.19	0.00591041 0.000487572 -0.4071	
11.2	0.00591279 0.000484554 -0.407099	
11.21	0.00591073 0.00048227 -0.407098	
11.22	0.00591071 0.000485572 -0.407099	
11.23	0.00590988 0.000488093 -0.4071	
11.24	0.00590622 0.000492896 -0.407102	
11.25	0.00590538 0.000495413 -0.407103	
11.26	0.00590453 0.000497929 -0.407104	
11.27	0.00590476 0.000500362 -0.407105	
11.28	0.00590311 0.000502106 -0.407105	
11.29	0.00590333 0.000504538 -0.407106	
11.3	0.00590506 0.00050563 -0.407106	
11.31	0.00590785 0.00050664 -0.407107	
11.32	0.00590941 0.000508138 -0.407107	
11.33	0.00591448 0.000508575 -0.407107	
11.34	0.00591695 0.000514201 -0.407109	
11.35	0.00592106 0.000510507 -0.407107	
11.36	0.00592246 0.000516199 -0.407109	
11.37	0.00592653 0.000516267 -0.407109	
11.38	0.00593256 0.000516614 -0.407109	
11.39	0.00593853 0.000520706 -0.40711	
11.4	0.00594124 0.000521694 -0.40711	
11.41	0.00595266 0.000522208 -0.407109	
11.42	0.00595721 0.000527228 -0.407111	
11.43	0.00596553 0.000526173 -0.40711	
11.44	0.00597537 0.000531399 -0.407111	
11.45	0.00598641 0.000530568 -0.407111	
11.46	0.00599549 0.000529435 -0.40711	
11.47	0.00601128 0.000531608 -0.40711	
11.48	0.00602013 0.000530476 -0.407109	
11.49	0.0060326 0.000529474 -0.407108	
11.5	0.00604453 0.00052302 -0.407105	
11.51	0.00605972 0.00052242 -0.407104	
11.52	0.00606976 0.000525456 -0.407105	
11.53	0.00608212 0.000518856 -0.407102	
11.54	0.00609652 0.000517191 -0.407101	
11.55	0.00611232 0.000508955 -0.407097	
11.56	0.00612904 0.000502174 -0.407094	
11.57	0.00614903 0.000493746 -0.40709	
11.58	0.00616324 0.00049105 -0.407089	
11.59	0.00618015 0.000484781 -0.407086	
11.6	0.00619344 0.000479222 -0.407083	
11.61	0.00621211 0.000471321 -0.407079	
11.62	0.0062239 0.000469866 -0.407078	
11.63	0.0062357 0.000463441 -0.407076	
11.64	0.00624414 0.000458617 -0.407074	
11.65	0.00625685 0.000451939 -0.407071	
11.66	0.00626579 0.000446131 -0.407068	
11.67	0.00627661 0.000437954 -0.407065	
11.68	0.00628604 0.000426996 -0.407061	
11.69	0.00629711 0.000415713 -0.407057	
11.7	0.00630683 0.000403744 -0.407052	
11.71	0.00631367 0.000393472 -0.407049	
11.72	0.00632482 0.000378534 -0.407043	
11.73	0.00633415 0.000368012 -0.407039	
11.74	0.00633992 0.000358046 -0.407035	
11.75	0.00634952 0.000344348 -0.40703	
11.76	0.00636073 0.000332596 -0.407026	
11.77	0.00636688 0.000327043 -0.407024	
11.78	0.00637769 0.00032439 -0.407022	
11.79	0.00638538 0.000315638 -0.407019	
11.8	0.00639262 0.000309851 -0.407017	
11.81	0.00640139 0.000305137 -0.407015	
11.82	0.006409 0.000296011 -0.407011	
11.83	0.00641624 0.000289249 -0.407009	
11.84	0.00642423 0.000282089 -0.407006	
11.85	0.00642706 0.000281868 -0.407006	
11.86	0.00646657 0.000636422 -0.407121	
11.87	0.00646657 0.000636422 -0.407121	
11.88	0.00646657 0.000636422 -0.407121	
11.89	0.00646686 0.000632821 -0.40712	
11.9	0.00646667 0.000633933 -0.407121	
11.91	0.00646765 0.000622674 -0.407117	
11.92	0.00646798 0.000617013 -0.407115	
11.93	0.00646867 0.000606219 -0.407111	
11.94	0.00646836 0.00060847 -0.407112	
11.95	0.00646842 0.00060441 -0.407111	
11.96	0.00646854 0.000600704 -0.40711	
11.97	0.00646892 0.000591481 -0.407106	
11.98	0.00646852 0.000593733 -0.407107	
11.99	0.00646904 0.000584002 -0.407104	
12	0.00646925 0.000580619 -0.407103	
12.01	0.00647034 0.000587991 -0.407105	
12.02	0.00647034 0.000587991 -0.407105	
12.03	0.00647056 0.000585807 -0.407104	
12.04	0.00647132 0.000575627 -0.407101	
12.05	0.00647099 0.000579833 -0.407102	
12.06	0.00647171 0.000570858 -0.407099	
12.07	0.00647171 0.000570858 -0.407099	
12.08	0.00647135 0.000574687 -0.407101	
12.09	0.00647195 0.000567418 -0.407098	
12.1	0.00647153 0.000572106 -0.4071	
12.11	0.00647153 0.000572106 -0.4071	
12.12	0.00647165 0.000570381 -0.407099	
12.13	0.00647165 0.000570381 -0.407099	
12.14	0.00647181 0.00056902 -0.407099	
12.15	0.00647228 0.000563475 -0.407097	
12.16	0.0064724 0.000561744 -0.407096	
12.17	0.00647278 0.000557076 -0.407095	
12.18	0.00647284 0.00055621 -0.407095	
12.19	0.00647244 0.000559267 -0.407096	
12.2	0.0064725 0.0005584 -0.407095	
12.21	0.00647278 0.000555296 -0.407094	
12.22	0.00647295 0.000552682 -0.407093	
12.23	0.00647277 0.000553872 -0.407094	
12.24	0.00647311 0.000549856 -0.407092	
12.25	0.00647323 0.000546853 -0.407091	
12.26	0.00647351 0.000542447 -0.40709	
12.27	0.00647332 0.000544849 -0.407091	
12.28	0.00647355 0.000542553 -0.40709	
12.29	0.00647372 0.000539891 -0.407089	
12.3	0.00647341 0.000542805 -0.40709	
12.31	0.00647359 0.000541379 -0.40709	
12.32	0.00647489 0.000520517 -0.407083	
12.33	0.0064746 0.000524674 -0.407084	
12.34	0.00647478 0.00052325 -0.407083	
12.35	0.00647468 0.000521621 -0.407083	
12.36	0.00647448 0.000526142 -0.407084	
12.37	0.00647445 0.000522727 -0.407083	
12.38	0.00647499 0.000516234 -0.407081	
12.39	0.00647518 0.000514801 -0.407081	
12.4	0.00647518 0.000514801 -0.407081	
12.41	0.00647524 0.0005139 -0.40708	
12.42	0.00647534 0.000512096 -0.40708	
12.43	0.00647539 0.000511194 -0.407079	
12.44	0.00647544 0.00051029 -0.407079	
12.45	0.00647544 0.00051029 -0.407079	
12.46	0.00647555 0.000508483 -0.407079	
12.47	0.00647556 0.000507445 -0.407078	
12.48	0.00647577 0.000499812 -0.407076	
12.49	0.00647603 0.000490699 -0.407073	
12.5	0.00647592 0.000482481 -0.40707	
12.51	0.00647577 0.000475397 -0.407068	
12.52	0.00647529 0.000470912 -0.407066	
12.53	0.0064748 0.00046348 -0.407064	
12.54	0.00647407 0.000461442 -0.407063	
12.55	0.00647367 0.000454294 -0.407061	
12.56	0.00647285 0.000447652 -0.407058	
12.57	0.00647154 0.00045175 -0.40706	
12.58	0.00647025 0.000443858 -0.407057	
12.59	0.00646847 0.000441239 -0.407057	
12.6	0.00646634 0.000439411 -0.407056	
12.61	0.00646455 0.000437941 -0.407056	
12.62	0.00646263 0.000436472 -0.407055	
12.63	0.00646041 0.000433972 -0.407055	
12.64	0.00645781 0.000433175 -0.407054	
12.65	0.00645496 0.000437082 -0.407056	
12.66	0.00645172 0.000441834 -0.407058	
12.67	0.00644671 0.000445841 -0.407059	
12.68	0.0064427 0.000446374 -0.40706	
12.69	0.00643728 0.000456369 -0.407063	
12.7	0.00643063 0.000460334 -0.407065	
12.71	0.00642562 0.000457506 -0.407064	
12.72	0.00642106 0.000461666 -0.407066	
12.73	0.00641483 0.000459511 -0.407065	
12.74	0.00641177 0.000458493 -0.407065	
12.75	0.00640744 0.000462973 -0.407067	
12.76	0.00640261 0.000468281 -0.407069	
12.77	0.00639803 0.000466918 -0.407069	
12.78	0.00639422 0.000472646 -0.407071	
12.79	0.00638856 0.000477005 -0.407072	
12.8	0.0063863 0.000476402 -0.407072	
12.81	0.00638265 0.000475434 -0.407072	
12.82	0.00637709 0.000479971 -0.407074	
12.83	0.00637469 0.000479374 -0.407074	
12.84	0.00637181 0.000478655 -0.407074	
12.85	0.00636848 0.000484743 -0.407076	
12.86	0.0063643 0.000485324 -0.407076	
12.87	0.00636283 0.000485879 -0.407077	
12.88	0.00636132 0.000485524 -0.407077	
12.89	0.00635767 0.000494088 -0.40708	
12.9	0.00635454 0.000492475 -0.407079	
12.91	0.00635298 0.000492123 -0.407079	
12.92	0.00635097 0.000498626 -0.407082	
12.93	0.00634779 0.000497931 -0.407081	
12.94	0.00634618 0.000497583 -0.407081	
12.95	0.00634618 0.000497583 -0.407081	
12.96	0.00634453 0.000496324 -0.407081	
12.97	0.0063425 0.000503762 -0.407084	
12.98	0.00634083 0.000502508 -0.407083	
12.99	0.00633922 0.000503075 -0.407084	
13	0.00633971 0.000502286 -0.407083	
13.01	0.00633806 0.000501941 -0.407083	
13.02	0.00633809 0.000502852 -0.407084	
13.03	0.00633862 0.000502974 -0.407084	
13.04	0.00633701 0.000508733 -0.407086	
13.05	0.00633464 0.000501274 -0.407083	
13.06	0.00633562 0.000494495 -0.407081	
13.07	0.00633457 0.000501295 -0.407083	
13.08	0.00633386 0.000494163 -0.407081	
13.09	0.00633325 0.000494058 -0.407081	
13.1	0.00633263 0.000493953 -0.407081	
13.11	0.00633151 0.000494637 -0.407081	
13.12	0.00632903 0.000486217 -0.407079	
13.13	0.00632786 0.000485986 -0.407079	
13.14	0.00632668 0.000485754 -0.407079	
13.15	0.00632316 0.000484133 -0.407078	
13.16	0.00632201 0.000484813 -0.407078	
13.17	0.00632081 0.00048458 -0.407078	
13.18	0.00631782 0.000483993 -0.407078	
13.19	0.00631661 0.00048376 -0.407078	
13.2	0.00631534 0.000482615 -0.407078	
13.21	0.00631416 0.000483295 -0.407078	
13.22	0.00631111 0.000482706 -0.407078	
13.23	0.00630804 0.000482117 -0.407078	
13.24	0.0063045 0.000488527 -0.407081	
13.25	0.0063022 0.000495178 -0.407083	
13.26	0.0062986 0.000501613 -0.407085	
13.27	0.00629478 0.000500012 -0.407085	
13.28	0.00629111 0.00050647 -0.407087	
13.29	0.00628725 0.000505787 -0.407087	
13.3	0.00628551 0.000513515 -0.40709	
13.31	0.0062817 0.000519093 -0.407092	
13.32	0.0062793 0.000526716 -0.407094	
13.33	0.00627611 0.000533352 -0.407097	
13.34	0.00627222 0.000538969 -0.407099	
13.35	0.00626773 0.000546297 -0.407102	
13.36	0.00626381 0.000552851 -0.407104	
13.37	0.00625866 0.000566376 -0.407109	
13.38	0.00625601 0.000572239 -0.407111	
13.39	0.00625136 0.000579622 -0.407113	
13.4	0.00624793 0.000595953 -0.407119	
13.41	0.0062431 0.000601549 -0.407121	
13.42	0.00623986 0.000616363 -0.407126	
13.43	0.00623649 0.000629375 -0.407131	
13.44	0.00623653 0.000630282 -0.407131	
13.45	0.00623354 0.000639556 -0.407134	
13.46	0.00623014 0.000653493 -0.407139	
13.47	0.00622512 0.00065916 -0.407141	
13.48	0.00622362 0.000676737 -0.407147	
13.49	0.00622052 0.000686039 -0.40715	
13.5	0.00621959 0.0006956 -0.407154	
13.51	0.00621645 0.000704909 -0.407157	
13.52	0.00621545 0.000713566 -0.40716	
13.53	0.00621522 0.000716916 -0.407161	
13.54	0.00621397 0.000728922 -0.407165	
13.55	0.00621077 0.000738239 -0.407168	
13.56	0.00621049 0.000740685 -0.407169	
13.57	0.00620916 0.000751787 -0.407173	
13.58	0.00620667 0.000753996 -0.407174	
13.59	0.00620604 0.000757081 -0.407175	
13.6	0.00620685 0.000757563 -0.407175	
13.61	0.00620576 0.00075626 -0.407174	
13.62	0.00620362 0.00075454 -0.407174	
13.63	0.00620485 0.000751492 -0.407173	
13.64	0.00620792 0.000747008 -0.407171	
13.65	0.00621016 0.000742519 -0.40717	
13.66	0.00621474 0.000739034 -0.407168	
13.67	0.00622146 0.000735762 -0.407167	
13.68	0.00622552 0.000737775 -0.407167	
13.69	0.00622856 0.000749228 -0.407171	
13.7	0.00623643 0.000747021 -0.40717	
13.71	0.00624523 0.000755365 -0.407172	
13.72	0.00625631 0.000754139 -0.407171	
13.73	0.00626028 0.000760508 -0.407173	
13.74	0.006479 0.000440164 -0.407056	
13.75	0.00647908 0.000438282 -0.407055	
13.76	0.00647908 0.000438282 -0.407055	
13.77	0.00647912 0.00043734 -0.407055	
13.78	0.00647925 0.000434513 -0.407054	
13.79	0.00647925 0.000434513 -0.407054	
13.8	0.00647925 0.000434513 -0.407054	
13.81	0.00647933 0.000432626 -0.407053	
13.82	0.00647933 0.000432626 -0.407053	
13.83	0.00647933 0.000432626 -0.407053	
13.84	0.00647937 0.000431681 -0.407053	
13.85	0.00647933 0.000432626 -0.407053	
13.86	0.00647933 0.000432626 -0.407053	
13.87	0.00647933 0.000432626 -0.407053	
13.88	0.00647929 0.000433569 -0.407053	
13.89	0.00647929 0.000433569 -0.407053	
13.9	0.00647925 0.000434513 -0.407054	
13.91	0.00647925 0.000434513 -0.407054	
13.92	0.00647925 0.000434513 -0.407054	
13.93	0.00647921 0.000435456 -0.407054	
13.94	0.00647929 0.000433569 -0.407053	
13.95	0.00647949 0.000428846 -0.407052	
13.96	0.00647953 0.0004279 -0.407052	
13.97	0.00647981 0.000421268 -0.407049	
13.98	0.00648008 0.000414616 -0.407047	
13.99	0.00648035 0.000407944 -0.407045	
14	0.00648039 0.00040699 -0.407045	
14.01	0.00648057 0.000402211 -0.407043	
14.02	0.00648231 0.000366545 -0.407031	
14.03	0.00648269 0.000359227 -0.407029	
14.04	0.00648234 0.000359607 -0.407029	
14.05	0.00648151 0.000376253 -0.407034	
14.06	0.00648223 0.000360949 -0.407029	
14.07	0.0064825 0.000352211 -0.407026	
14.08	0.00648215 0.000356868 -0.407028	
14.09	0.00648249 0.000351398 -0.407026	
14.1	0.00648247 0.000346156 -0.407024	
14.11	0.0064825 0.00034518 -0.407024	
14.12	0.00648262 0.000341275 -0.407023	
14.13	0.00648273 0.000337366 -0.407021	
14.14	0.00648268 0.000332105 -0.40702	
14.15	0.00648292 0.000330515 -0.407019	
14.16	0.00648292 0.000330515 -0.407019	
14.17	0.006483 0.000327574 -0.407018	
14.18	0.00648272 0.000329299 -0.407019	
14.19	0.00648313 0.000322669 -0.407016	
14.2	0.00648297 0.000321319 -0.407016	
14.21	0.00648318 0.000320705 -0.407016	
14.22	0.00648285 0.00032439 -0.407017	
14.23	0.00648323 0.000318741 -0.407015	
14.24	0.00648287 0.00031702 -0.407015	
14.25	0.00648271 0.000322062 -0.407016	
14.26	0.00648252 0.000320716 -0.407016	
14.27	0.00648207 0.000319989 -0.407016	
14.28	0.00648314 0.00031444 -0.407014	
14.29	0.00648314 0.000320821 -0.407016	
14.3	0.00648333 0.000314808 -0.407014	
14.31	0.00648316 0.000313456 -0.407013	
14.32	0.00648335 0.000313825 -0.407014	
14.33	0.00648299 0.000312103 -0.407013	
14.34	0.00648299 0.000312103 -0.407013	
14.35	0.00648273 0.000305327 -0.407011	
14.36	0.00648338 0.000312841 -0.407013	
14.37	0.00648299 0.000312103 -0.407013	
14.38	0.00648253 0.000312349 -0.407013	
14.39	0.00648197 0.000315543 -0.407014	
14.4	0.00648167 0.000317139 -0.407015	
14.41	0.00648286 0.000325244 -0.407017	
14.42	0.00648271 0.000324735 -0.407017	
14.43	0.00648215 0.000342649 -0.407023	
14.44	0.0064827 0.000338344 -0.407022	
14.45	0.00648215 0.000350661 -0.407026	
14.46	0.00648195 0.000352059 -0.407026	
14.47	0.00648187 0.000361169 -0.407029	
14.48	0.00648131 0.00037685 -0.407035	
14.49	0.00648108 0.000383602 -0.407037	
14.5	0.00648092 0.000383961 -0.407037	
14.51	0.00648079 0.000396465 -0.407041	
14.52	0.00648049 0.000399929 -0.407042	
14.53	0.00648054 0.000399669 -0.407042	
14.54	0.00648031 0.000401205 -0.407043	
14.55	0.00648044 0.000406722 -0.407045	
14.56	0.00648018 0.000409205 -0.407045	
14.57	0.00647994 0.000410733 -0.407046	
14.58	0.00647985 0.000420319 -0.407049	
14.59	0.00647959 0.000422797 -0.40705	
14.6	0.00647925 0.000429736 -0.407052	
14.61	0.00647931 0.000425271 -0.407051	
14.62	0.00647957 0.000420221 -0.407049	
14.63	0.00647953 0.000421168 -0.407049	
14.64	0.00647949 0.000422114 -0.40705	
14.65	0.00647929 0.000422686 -0.40705	
14.66	0.00647921 0.000424576 -0.407051	
14.67	0.00647951 0.000418574 -0.407048	
14.68	0.00647947 0.000419519 -0.407049	
14.69	0.00647943 0.000420464 -0.407049	
14.7	0.00647926 0.000420083 -0.407049	
14.71	0.00647922 0.000421027 -0.407049	
14.72	0.00647922 0.000421027 -0.407049	
14.73	0.00647918 0.000421971 -0.40705	
14.74	0.00647918 0.000421971 -0.40705	
14.75	0.00647915 0.000422914 -0.40705	
14.76	0.00647915 0.000422914 -0.40705	
14.77	0.00647915 0.000422914 -0.40705	
14.78	0.00647915 0.000422914 -0.40705	
14.79	0.00647915 0.000422914 -0.40705	
14.8	0.00647911 0.000423857 -0.40705	
14.81	0.00647911 0.000423857 -0.40705	
14.82	0.0064794 0.000417851 -0.407048	
14.83	0.00647911 0.000423857 -0.40705	
14.84	0.00647936 0.000418793 -0.407049	
14.85	0.00647936 0.000418793 -0.407049	
14.86	0.00647936 0.000418793 -0.407049	
14.87	0.00647889 0.000424419 -0.40705	
14.88	0.00647886 0.000425361 -0.407051	
14.89	0.00647903 0.000425741 -0.407051	
14.9	0.00647936 0.000418793 -0.407049	
14.91	0.00647903 0.000425741 -0.407051	
14.92	0.00647886 0.000425361 -0.407051	
14.93	0.00647886 0.000425361 -0.407051	
14.94	0.00647886 0.000425361 -0.407051	
14.95	0.00647889 0.000424419 -0.40705	
14.96	0.00647886 0.000425361 -0.407051	
14.97	0.00647915 0.000419349 -0.407049	
14.98	0.00647933 0.000419736 -0.407049	
14.99	0.00647933 0.000419736 -0.407049	
15	0.00647933 0.000419736 -0.407049	
15.01	0.00647933 0.000419736 -0.407049	
15.02	0.00647903 0.000425741 -0.407051	
15.03	0.00647903 0.000425741 -0.407051	
15.04	0.00647929 0.000420677 -0.407049	
15.05	0.00647915 0.000419349 -0.407049	
15.06	0.00647929 0.000420677 -0.407049	
15.07	0.00647886 0.000425361 -0.407051	
15.08	0.00647929 0.000420677 -0.407049	
15.09	0.00647903 0.000425741 -0.407051	
15.1	0.00647929 0.000420677 -0.407049	
15.11	0.00647929 0.000420677 -0.407049	
15.12	0.00647933 0.000419736 -0.407049	
15.13	0.00647929 0.000420677 -0.407049	
15.14	0.00647911 0.000420291 -0.407049	
15.15	0.00647882 0.000426302 -0.407051	
15.16	0.00647886 0.000425361 -0.407051	
15.17	0.00647903 0.000425741 -0.407051	
15.18	0.00647903 0.000425741 -0.407051	
15.19	0.00647929 0.000420677 -0.407049	
15.2	0.00647929 0.000420677 -0.407049	
15.21	0.00647933 0.000419736 -0.407049	
15.22	0.00647933 0.000419736 -0.407049	
15.23	0.00647929 0.000420677 -0.407049	
15.24	0.00647933 0.000419736 -0.407049	
15.25	0.00647933 0.000419736 -0.407049	
15.26	0.00647911 0.000420291 -0.407049	
15.27	0.00647911 0.000420291 -0.407049	
15.28	0.00647933 0.000419736 -0.407049	
15.29	0.00647929 0.000420677 -0.407049	
15.3	0.00647961 0.00041373 -0.407047	
15.31	0.00647933 0.000419736 -0.407049	
15.32	0.00647929 0.000420677 -0.407049	
15.33	0.00647911 0.000420291 -0.407049	
15.34	0.00647929 0.000420677 -0.407049	
15.35	0.00647911 0.000420291 -0.407049	
15.36	0.00647882 0.000426302 -0.407051	
15.37	0.00647886 0.000425361 -0.407051	
15.38	0.00647886 0.000425361 -0.407051	
15.39	0.00647929 0.000420677 -0.407049	
15.4	0.00647929 0.000420677 -0.407049	
15.41	0.00647929 0.000420677 -0.407049	
15.42	0.006479 0.000426683 -0.407051	
15.43	0.006479 0.000426683 -0.407051	
15.44	0.00647929 0.000420677 -0.407049	
15.45	0.00647886 0.000425361 -0.407051	
15.46	0.00647886 0.000425361 -0.407051	
15.47	0.006479 0.000426683 -0.407051	
15.48	0.00647929 0.000420677 -0.407049	
15.49	0.00647929 0.000420677 -0.407049	
15.5	0.00647929 0.000420677 -0.407049	
15.51	0.006479 0.000426683 -0.407051	
15.52	0.00647929 0.000420677 -0.407049	
15.53	0.00647929 0.000420677 -0.407049	
15.54	0.00647929 0.000420677 -0.407049	
15.55	0.00647903 0.000425741 -0.407051	
15.56	0.00647903 0.000425741 -0.407051	
15.57	0.00647903 0.000425741 -0.407051	
15.58	0.00647903 0.000425741 -0.407051	
15.59	0.006479 0.000426683 -0.407051	
15.6	0.006479 0.000426683 -0.407051	
15.61	0.006479 0.000426683 -0.407051	
15.62	0.00647929 0.000420677 -0.407049	
15.63	0.00647929 0.000420677 -0.407049	
15.64	0.00647882 0.000426302 -0.407051	
15.65	0.00647886 0.000425361 -0.407051	
15.66	0.006479 0.000426683 -0.407051	
15.67	0.00647929 0.000420677 -0.407049	
15.68	0.00647958 0.000414672 -0.407047	
15.69	0.00647929 0.000420677 -0.407049	
15.7	0.00647911 0.000420291 -0.407049	
15.71	0.00647911 0.000420291 -0.407049	
15.72	0.00647929 0.000420677 -0.407049	
15.73	0.006479 0.000426683 -0.407051	
15.74	0.00647929 0.000420677 -0.407049	
15.75	0.00647929 0.000420677 -0.407049	
15.76	0.006479 0.000426683 -0.407051	
15.77	0.006479 0.000426683 -0.407051	
15.78	0.00647886 0.000425361 -0.407051	
15.79	0.00647933 0.000419736 -0.407049	
15.8	0.00647911 0.000420291 -0.407049	
15.81	0.00647929 0.000420677 -0.407049	
15.82	0.00647929 0.000420677 -0.407049	
15.83	0.00647915 0.000419349 -0.407049	
15.84	0.00647886 0.000425361 -0.407051	
15.85	0.006479 0.000426683 -0.407051	
15.86	0.00647929 0.000420677 -0.407049	
15.87	0.00647929 0.000420677 -0.407049	
15.88	0.00647903 0.000425741 -0.407051	
15.89	0.00647903 0.000425741 -0.407051	
15.9	0.00647929 0.000420677 -0.407049	
15.91	0.00647929 0.000420677 -0.407049	
15.92	0.00647929 0.000420677 -0.407049	
15.93	0.00647933 0.000419736 -0.407049	
15.94	0.00647933 0.000419736 -0.407049	
15.95	0.00647886 0.000425361 -0.407051	
15.96	0.00647886 0.000425361 -0.407051	
15.97	0.00647929 0.000420677 -0.407049	
15.98	0.006479 0.000426683 -0.407051	
15.99	0.00647929 0.000420677 -0.407049	
16	0.00647929 0.000420677 -0.407049	
16.01	0.00647929 0.000420677 -0.407049	
16.02	0.00647886 0.000425361 -0.407051	
16.03	0.00647911 0.000420291 -0.407049	
16.04	0.00647903 0.000425741 -0.407051	
16.05	0.00647903 0.000425741 -0.407051	
16.06	0.00647929 0.000420677 -0.407049	
16.07	0.00647933 0.000419736 -0.407049	
16.08	0.00647933 0.000419736 -0.407049	
16.09	0.00647929 0.000420677 -0.407049	
16.1	0.00647903 0.000425741 -0.407051	
16.11	0.00647903 0.000425741 -0.407051	
16.12	0.00647929 0.000420677 -0.407049	
16.13	0.00647929 0.000420677 -0.407049	
16.14	0.006479 0.000426683 -0.407051	
16.15	0.006479 0.000426683 -0.407051	
16.16	0.00647903 0.000425741 -0.407051	
16.17	0.00647903 0.000425741 -0.407051	
16.18	0.00647903 0.000425741 -0.407051	
16.19	0.00647929 0.000420677 -0.407049	
16.2	0.00647929 0.000420677 -0.407049	
16.21	0.006479 0.000426683 -0.407051	
16.22	0.00647886 0.000425361 -0.407051	
16.23	0.00647903 0.000425741 -0.407051	
16.24	0.00647929 0.000420677 -0.407049	
16.25	0.00647929 0.000420677 -0.407049	
16.26	0.00647925 0.000421619 -0.40705	
16.27	0.00647929 0.000420677 -0.407049	
16.28	0.00647886 0.000425361 -0.407051	
16.29	0.00647886 0.000425361 -0.407051	
16.3	0.00647929 0.000420677 -0.407049	
16.31	0.00647929 0.000420677 -0.407049	
16.32	0.00647929 0.000420677 -0.407049	
16.33	0.00647929 0.000420677 -0.407049	
16.34	0.00647929 0.000420677 -0.407049	
16.35	0.00647929 0.000420677 -0.407049	
16.36	0.00647929 0.000420677 -0.407049	
16.37	0.00647929 0.000420677 -0.407049	
16.38	0.006479 0.000426683 -0.407051	
16.39	0.006479 0.000426683 -0.407051	
16.4	0.006479 0.000426683 -0.407051	
16.41	0.00647929 0.000420677 -0.407049	
16.42	0.00647929 0.000420677 -0.407049	
16.43	0.00647929 0.000420677 -0.407049	
16.44	0.00647903 0.000425741 -0.407051	
16.45	0.00647929 0.000420677 -0.407049	
16.46	0.00647929 0.000420677 -0.407049	
16.47	0.00647929 0.000420677 -0.407049	
16.48	0.006479 0.000426683 -0.407051	
16.49	0.006479 0.000426683 -0.407051	
16.5	0.00647929 0.000420677 -0.407049	
16.51	0.00647929 0.000420677 -0.407049	
16.52	0.00647929 0.000420677 -0.407049	
16.53	0.00647929 0.000420677 -0.407049	
16.54	0.00647933 0.000419736 -0.407049	
16.55	0.00647886 0.000425361 -0.407051	
16.56	0.006479 0.000426683 -0.407051	
16.57	0.00647929 0.000420677 -0.407049	
