# Gnuplot File : positions of 1 particle(s) Monitored
# 1st Column : time, others : particle(s) number 0 
0.01	6.6676 30.0519 -8.51549	
0.02	6.67413 30.0522 -8.51594	
0.03	6.6676 30.0519 -8.51659	
0.04	6.67413 30.0522 -8.51684	
0.05	6.67413 30.0522 -8.51717	
0.06	6.67413 30.0522 -8.51744	
0.07	6.67413 30.0522 -8.51767	
0.08	6.67514 30.0524 -8.51747	
0.09	6.67413 30.0522 -8.518	
0.1	6.67413 30.0522 -8.51812	
0.11	6.67514 30.0524 -8.51784	
0.12	6.67413 30.0522 -8.5183	
0.13	6.67413 30.0522 -8.51837	
0.14	6.67413 30.0522 -8.51842	
0.15	6.67413 30.0522 -8.51847	
0.16	6.67413 30.0522 -8.51851	
0.17	6.6676 30.0519 -8.51869	
0.18	6.67413 30.0522 -8.51856	
0.19	6.67413 30.0522 -8.51858	
0.2	6.67413 30.0522 -8.5186	
0.21	6.67413 30.0522 -8.51861	
0.22	6.67413 30.0522 -8.51862	
0.23	6.67413 30.0522 -8.51863	
0.24	6.68066 30.0526 -8.51849	
0.25	6.68066 30.0526 -8.5185	
0.26	6.67413 30.0522 -8.51865	
0.27	6.68821 30.0532 -8.51798	
0.28	6.6872 30.053 -8.51836	
0.29	6.68718 30.0505 -8.52635	
0.3	6.6872 30.053 -8.51837	
0.31	6.69373 30.0534 -8.51822	
0.32	6.69373 30.0534 -8.51822	
0.33	6.69371 30.0509 -8.52621	
0.34	6.67413 30.0522 -8.51866	
0.35	6.67413 30.0522 -8.51866	
0.36	6.67413 30.0522 -8.51866	
0.37	6.67413 30.0522 -8.51866	
0.38	6.67413 29.9728 -8.53334	
0.39	6.67111 29.8805 -8.55735	
0.4	6.65779 29.7604 -8.58816	
0.41	6.64792 29.6031 -8.64133	
0.42	6.63148 29.4391 -8.67741	
0.43	6.61789 29.29 -8.6939	
0.44	6.60638 29.1485 -8.68265	
0.45	6.59597 29.0519 -8.63287	
0.46	6.59279 28.9868 -8.5474	
0.47	6.59582 28.9238 -8.48938	
0.48	6.59875 28.8241 -8.45405	
0.49	6.60186 28.7615 -8.41148	
0.5	6.60514 28.7315 -8.36104	
0.51	6.61583 28.6818 -8.31482	
0.52	6.61928 28.6356 -8.24736	
0.53	6.62376 28.587 -8.2069	
0.54	6.62077 28.5172 -8.15975	
0.55	6.62766 28.4249 -8.10905	
0.56	6.62046 28.3366 -8.0684	
0.57	6.61424 28.2547 -8.014	
0.58	6.60802 28.186 -7.9519	
0.59	6.6033 28.1175 -7.88917	
0.6	6.59179 28.0482 -7.8168	
0.61	6.58018 27.9747 -7.73301	
0.62	6.57699 27.8966 -7.64886	
0.63	6.5723 27.82 -7.58218	
0.64	6.5599 27.7477 -7.516	
0.65	6.56323 27.692 -7.46773	
0.66	6.54982 27.6322 -7.40657	
0.67	6.54436 27.5682 -7.34465	
0.68	6.53902 27.4943 -7.29273	
0.69	6.52464 27.4134 -7.23376	
0.7	6.51205 27.3183 -7.17316	
0.71	6.49742 27.238 -7.11239	
0.72	6.48471 27.1542 -7.05836	
0.73	6.47201 27.0776 -7.01024	
0.74	6.45931 26.9974 -6.95947	
0.75	6.43804 26.9293 -6.89354	
0.76	6.4273 26.8665 -6.84772	
0.77	6.41642 26.8059 -6.78052	
0.78	6.39804 26.7373 -6.69908	
0.79	6.38672 26.7017 -6.62252	
0.8	6.37774 26.6595 -6.55783	
0.81	6.37606 26.6079 -6.46709	
0.82	6.3629 26.548 -6.32965	
0.83	6.35349 26.5141 -6.24867	
0.84	6.35259 26.4727 -6.17062	
0.85	6.35133 26.4342 -6.11752	
0.86	6.34906 26.3827 -6.05609	
0.87	6.34825 26.3218 -6.00357	
0.88	6.3528 26.2693 -5.9551	
0.89	6.34493 26.1815 -5.9001	
0.9	6.34488 26.1049 -5.85442	
0.91	6.35022 26.0429 -5.81402	
0.92	6.35038 25.9699 -5.76267	
0.93	6.35427 25.897 -5.72023	
0.94	6.36264 25.849 -5.65385	
0.95	6.36704 25.7966 -5.59411	
0.96	6.38024 25.7556 -5.54434	
0.97	6.38753 25.7064 -5.48962	
0.98	6.41232 25.6468 -5.40014	
0.99	6.42462 25.619 -5.34624	
1	6.4514 25.58 -5.28515	
1.01	6.46458 25.5427 -5.2402	
1.02	6.48125 25.503 -5.1784	
1.03	6.50344 25.4651 -5.11643	
1.04	6.52694 25.4243 -5.05798	
1.05	6.54782 25.39 -5.00791	
1.06	6.56167 25.352 -4.94062	
1.07	6.58667 25.3121 -4.88085	
1.08	6.5969 25.2834 -4.82833	
1.09	6.61565 25.2335 -4.76628	
1.1	6.63014 25.1988 -4.71439	
1.11	6.65419 25.1572 -4.65038	
1.12	6.66913 25.1177 -4.58209	
1.13	6.68986 25.076 -4.52826	
1.14	6.71213 25.0404 -4.47313	
1.15	6.73315 24.9967 -4.40543	
1.16	6.73467 24.9601 -4.34215	
1.17	6.75421 24.912 -4.25355	
1.18	6.76828 24.8786 -4.19037	
1.19	6.77671 24.8474 -4.10836	
1.2	6.79009 24.8242 -4.02508	
1.21	6.79329 24.7987 -3.93818	
1.22	6.80777 24.7899 -3.86599	
1.23	6.8111 24.7782 -3.75466	
1.24	6.81353 24.7681 -3.68227	
1.25	6.81733 24.7663 -3.61188	
1.26	6.82264 24.7567 -3.52853	
1.27	6.82573 24.7375 -3.44998	
1.28	6.82326 24.7207 -3.36709	
1.29	6.82846 24.6991 -3.28552	
1.3	6.83294 24.6893 -3.21261	
1.31	6.83517 24.6698 -3.1444	
1.32	6.84821 24.6576 -3.0548	
1.33	6.85403 24.6447 -2.9645	
1.34	6.85148 24.6324 -2.86708	
1.35	6.85838 24.633 -2.77928	
1.36	6.87328 24.6391 -2.68796	
1.37	6.8718 24.6404 -2.61374	
1.38	6.88879 24.6589 -2.52091	
1.39	6.89792 24.6699 -2.43963	
1.4	6.91148 24.6801 -2.36557	
1.41	6.92822 24.7013 -2.27594	
1.42	6.95277 24.715 -2.20514	
1.43	6.96691 24.7318 -2.09458	
1.44	6.98371 24.7381 -1.99959	
1.45	6.99496 24.7406 -1.90977	
1.46	7.01795 24.7367 -1.82892	
1.47	7.03061 24.735 -1.72852	
1.48	7.04328 24.7324 -1.64998	
1.49	7.05481 24.7316 -1.55152	
1.5	7.06099 24.7302 -1.45284	
1.51	7.07266 24.7278 -1.36074	
1.52	7.07948 24.7196 -1.24583	
1.53	7.0911 24.7175 -1.16467	
1.54	7.10393 24.714 -1.07846	
1.55	7.10643 24.711 -0.958546	
1.56	7.11862 24.7033 -0.861899	
1.57	7.12877 24.6985 -0.730863	
1.58	7.13841 24.6861 -0.634283	
1.59	7.1398 24.6732 -0.551228	
1.6	7.1416 24.657 -0.446197	
1.61	7.15168 24.6393 -0.34638	
1.62	7.14549 24.6189 -0.270874	
1.63	7.15537 24.6043 -0.162484	
1.64	7.14948 24.5824 -0.0674768	
1.65	7.16152 24.5583 0.0396855	
1.66	7.16039 24.5417 0.14199	
1.67	7.17224 24.5068 0.293628	
1.68	7.16671 24.4864 0.429055	
1.69	7.1693 24.4634 0.533883	
1.7	7.17481 24.4431 0.644056	
1.71	7.18607 24.4125 0.743127	
1.72	7.19679 24.3878 0.839313	
1.73	7.20387 24.3488 0.924279	
1.74	7.20831 24.3042 0.995325	
1.75	7.21356 24.2503 1.06082	
1.76	7.21687 24.1802 1.09826	
1.77	7.21477 24.1192 1.13567	
1.78	7.21958 24.0667 1.15588	
1.79	7.20844 24.0332 1.18746	
1.8	7.21059 24.0101 1.21008	
1.81	7.20595 23.9901 1.21924	
1.82	7.20069 23.9654 1.22539	
1.83	7.20303 23.9405 1.22313	
1.84	7.20576 23.9111 1.218	
1.85	7.20109 23.8769 1.22447	
1.86	7.20381 23.8458 1.22052	
1.87	7.20709 23.8088 1.21481	
1.88	7.20207 23.7809 1.22428	
1.89	7.21117 23.7642 1.24027	
1.9	7.20458 23.7552 1.25447	
1.91	7.20515 23.7519 1.27195	
1.92	7.19918 23.7481 1.28725	
1.93	7.20655 23.739 1.2854	
1.94	7.20664 23.7396 1.29553	
1.95	7.20636 23.7447 1.30893	
1.96	7.19851 23.7476 1.31458	
1.97	7.19935 23.7533 1.34353	
1.98	7.18788 23.7757 1.54104	
1.99	7.18738 23.7871 1.53075	
2	7.18498 23.8082 1.529	
2.01	7.18017 23.8287 1.52422	
2.02	7.17499 23.8554 1.53153	
2.03	7.16288 23.8573 1.53242	
2.04	7.14976 23.8603 1.54409	
2.05	7.13038 23.8575 1.55004	
2.06	7.10208 23.8602 1.55939	
2.07	7.07194 23.8585 1.5618	
2.08	7.04824 23.8579 1.56481	
2.09	7.02804 23.8518 1.55764	
2.1	7.00011 23.8503 1.5629	
2.11	6.97207 23.8479 1.56057	
2.12	6.95508 23.842 1.55551	
2.13	6.9345 23.8408 1.55383	
2.14	6.91789 23.8317 1.55498	
2.15	6.90055 23.8309 1.55074	
2.16	6.88286 23.8148 1.53265	
2.17	6.8672 23.8062 1.53158	
2.18	6.84975 23.7907 1.51958	
2.19	6.84445 23.7679 1.50421	
2.2	6.83441 23.7538 1.4887	
2.21	6.82533 23.7266 1.47921	
2.22	6.82311 23.7028 1.45568	
2.23	6.81364 23.6734 1.42962	
2.24	6.80959 23.6755 1.41976	
2.25	6.80951 23.6494 1.42148	
2.26	6.81375 23.6589 1.42993	
2.27	6.81112 23.6272 1.406	
2.28	6.81638 23.6364 1.43739	
2.29	6.81614 23.6073 1.39757	
2.3	6.82653 23.6157 1.41595	
2.31	6.83322 23.5803 1.39711	
2.32	6.82566 23.5541 1.43039	
2.33	6.8252 23.5209 1.39365	
2.34	6.83063 23.4891 1.34758	
2.35	6.83902 23.4555 1.31456	
2.36	6.83764 23.4311 1.28741	
2.37	6.82987 23.4058 1.25528	
2.38	6.84168 23.395 1.24747	
2.39	6.84068 23.3779 1.22989	
2.4	6.84084 23.3616 1.21401	
2.41	6.84069 23.3493 1.19412	
2.42	6.84854 23.3351 1.17991	
2.43	6.84872 23.3246 1.17006	
2.44	6.84921 23.31 1.1577	
2.45	6.84949 23.3001 1.14901	
2.46	6.85758 23.2865 1.14063	
2.47	6.86543 23.2781 1.13228	
2.48	6.85507 23.2627 1.1254	
2.49	6.86297 23.2545 1.11756	
2.5	6.86313 23.2496 1.11352	
2.51	6.8646 23.2407 1.10673	
2.52	6.85652 23.2303 1.09995	
2.53	6.8659 23.2193 1.09807	
2.54	6.86516 23.209 1.08275	
2.55	6.86563 23.2 1.07605	
2.56	6.86714 23.1913 1.06969	
2.57	6.86682 23.1778 1.05961	
2.58	6.86729 23.1689 1.05304	
2.59	6.86802 23.1557 1.04329	
2.6	6.86859 23.1413 1.02526	
2.61	6.86923 23.1337 1.02702	
2.62	6.86995 23.1205 1.01729	
2.63	6.8787 23.0991 1.00424	
2.64	6.8761 23.0812 0.994828	
2.65	6.86624 23.0577 0.982603	
2.66	6.87603 23.0361 0.97336	
2.67	6.87286 23.0087 0.96074	
2.68	6.87127 22.9904 0.955172	
2.69	6.87174 22.9625 0.946144	
2.7	6.87086 22.9306 0.93441	
2.71	6.86356 22.9065 0.925458	
2.72	6.86111 22.8838 0.916347	
2.73	6.87055 22.8485 0.900597	
2.74	6.8728 22.8259 0.891742	
2.75	6.86927 22.803 0.882335	
2.76	6.86471 22.7664 0.863991	
2.77	6.87341 22.7447 0.854394	
2.78	6.87378 22.7181 0.837918	
2.79	6.87506 22.6899 0.817123	
2.8	6.87661 22.6648 0.809124	
2.81	6.87827 22.6335 0.793207	
2.82	6.88073 22.6068 0.780883	
2.83	6.87732 22.5798 0.767989	
2.84	6.87877 22.5523 0.759127	
2.85	6.88044 22.5205 0.746896	
2.86	6.88307 22.4946 0.746576	
2.87	6.88356 22.4613 0.72579	
2.88	6.88526 22.429 0.717364	
2.89	6.88685 22.4029 0.716772	
2.9	6.89636 22.3618 0.692867	
2.91	6.8978 22.3344 0.684011	
2.92	6.91901 22.3103 0.674023	
2.93	6.91767 22.2712 0.662643	
2.94	6.91112 22.2161 0.641277	
2.95	6.91742 22.1781 0.629261	
2.96	6.92775 22.1257 0.610184	
2.97	6.92647 22.0903 0.605804	
2.98	6.91462 22.0494 0.594705	
2.99	6.92281 22.0542 0.587302	
3	6.91937 21.9835 0.575393	
3.01	6.93019 21.9225 0.564876	
3.02	6.93607 21.849 0.551867	
3.03	6.94107 21.7532 0.542337	
3.04	6.94466 21.684 0.525862	
3.05	6.94798 21.6109 0.512799	
3.06	6.94783 21.5389 0.501507	
3.07	7.00316 21.4785 0.470529	
3.08	6.98907 21.3989 0.475472	
3.09	6.97046 21.3361 0.47741	
3.1	6.95813 21.2653 0.476057	
3.11	6.94362 21.179 0.476783	
3.12	6.93764 21.1141 0.474308	
3.13	6.9219 21.028 0.475162	
3.14	6.92987 20.9585 0.480103	
3.15	6.92752 20.8937 0.489204	
3.16	6.94383 20.8219 0.48267	
3.17	6.94615 20.7431 0.463983	
3.18	6.95651 20.6803 0.463895	
3.19	6.95436 20.6123 0.460262	
3.2	6.98263 20.5341 0.464868	
3.21	6.97145 20.4606 0.455883	
3.22	7.01404 20.3848 0.458009	
3.23	7.00484 20.3138 0.475365	
3.24	7.05103 20.2601 0.492838	
3.25	7.0469 20.1751 0.503441	
3.26	7.0842 20.0894 0.50608	
3.27	6.97699 19.9895 0.501864	
3.28	7.05044 19.9216 0.490255	
3.29	7.03327 19.838 0.496754	
3.3	7.02727 19.7482 0.504931	
3.31	7.02198 19.6702 0.509788	
3.32	7.02293 19.5789 0.509218	
3.33	7.01581 19.4908 0.50815	
3.34	7.02555 19.3933 0.50647	
3.35	7.03047 19.2872 0.499392	
3.36	7.02226 19.1741 0.493283	
3.37	7.03634 19.0807 0.493727	
3.38	7.03087 18.978 0.504364	
3.39	7.04076 18.8717 0.506554	
3.4	7.07846 18.7622 0.526229	
3.41	7.10466 18.6599 0.558068	
3.42	7.12076 18.5725 0.550019	
3.43	7.12211 18.4693 0.547511	
3.44	7.11541 18.3801 0.551143	
3.45	7.11 18.2772 0.550153	
3.46	7.11233 18.1722 0.544026	
3.47	7.10943 18.0744 0.542204	
3.48	7.12031 17.971 0.536864	
3.49	7.12873 17.8534 0.53652	
3.5	7.14549 17.7464 0.536223	
3.51	7.16134 17.6515 0.5229	
3.52	7.1675 17.5557 0.515884	
3.53	7.19081 17.4505 0.505467	
3.54	7.18648 17.334 0.508931	
3.55	7.21495 17.242 0.516481	
3.56	7.23369 17.1488 0.523071	
3.57	7.26279 17.0509 0.520653	
3.58	7.28069 16.9597 0.527209	
3.59	7.25574 16.8628 0.52603	
3.6	7.27998 16.7588 0.519431	
3.61	7.26006 16.6529 0.522526	
3.62	7.27671 16.5426 0.532379	
3.63	7.26651 16.4337 0.526415	
3.64	7.27741 16.317 0.537473	
3.65	7.27492 16.2077 0.53062	
3.66	7.2935 16.1108 0.544767	
3.67	7.32285 16.0246 0.538954	
3.68	7.35456 15.9361 0.528817	
3.69	7.37769 15.8241 0.515996	
3.7	7.3983 15.7141 0.508605	
3.71	7.42112 15.6181 0.494638	
3.72	7.43676 15.515 0.48192	
3.73	7.45059 15.4116 0.460976	
3.74	7.46288 15.3127 0.43805	
3.75	7.47422 15.2117 0.41705	
3.76	7.49604 15.0842 0.264057	
3.77	7.50837 14.9823 0.254099	
3.78	7.50678 14.912 0.252523	
3.79	7.51248 14.8435 0.244313	
3.8	7.52435 14.7746 0.236376	
3.81	7.53156 14.6854 0.223395	
3.82	7.54478 14.5963 0.215245	
3.83	7.56228 14.5047 0.191708	
3.84	7.57745 14.4083 0.186902	
3.85	7.58253 14.3193 0.17681	
3.86	7.60522 14.2199 0.174487	
3.87	7.61223 14.1201 0.163028	
3.88	7.62944 13.9955 -0.0192521	
3.89	7.63527 13.9034 0.0063606	
3.9	7.63857 13.8506 0.0297528	
3.91	7.64331 13.7781 0.0403276	
3.92	7.65014 13.6928 0.0544788	
3.93	7.65355 13.6041 0.0619994	
3.94	7.65172 13.5257 0.0550484	
3.95	7.64519 13.4412 0.0542592	
3.96	7.64726 13.3704 0.0490218	
3.97	7.64829 13.2953 0.0605126	
3.98	7.65317 13.2276 0.0535121	
3.99	7.65325 13.1619 0.0542914	
4	7.65791 13.0994 0.0456328	
4.01	7.66453 13.0561 0.0605694	
4.02	7.67285 13.0122 0.0579882	
4.03	7.68015 12.9712 0.0876034	
4.04	7.6859 12.9452 0.121461	
4.05	7.69714 12.9208 0.159669	
4.06	7.70653 12.9031 0.182661	
4.07	7.706 12.8856 0.252897	
4.08	7.71184 12.8803 0.279105	
4.09	7.709 12.8753 0.308533	
4.1	7.71415 12.8745 0.339942	
4.11	7.71562 12.8746 0.363786	
4.12	7.71351 12.8679 0.361379	
4.13	7.71546 12.8659 0.3906	
4.14	7.70795 12.8538 0.375623	
4.15	7.70099 12.8402 0.417511	
4.16	7.68803 12.816 0.409116	
4.17	7.68291 12.7951 0.451877	
4.18	7.6685 12.7825 0.531928	
4.19	7.64958 12.7623 0.615885	
4.2	7.63131 12.7469 0.681119	
4.21	7.62108 12.7346 0.757248	
4.22	7.6157 12.719 0.82544	
4.23	7.60153 12.7009 0.89423	
4.24	7.59148 12.6829 0.962083	
4.25	7.57827 12.6511 1.04951	
4.26	7.55947 12.6396 1.20332	
4.27	7.53495 12.6063 1.31581	
4.28	7.50595 12.5649 1.4451	
4.29	7.47856 12.5253 1.57546	
4.3	7.44413 12.4944 1.69719	
4.31	7.40788 12.4622 1.85612	
4.32	7.36372 12.432 2.00541	
4.33	7.33319 12.4095 2.15642	
4.34	7.29542 12.3896 2.3056	
4.35	7.27275 12.3727 2.41996	
4.36	7.24725 12.3551 2.56994	
4.37	7.21519 12.3397 2.68587	
4.38	7.19518 12.3253 2.81267	
4.39	7.16451 12.3164 2.91848	
4.4	7.13372 12.313 3.01065	
4.41	7.09781 12.3137 3.10287	
4.42	7.05529 12.3195 3.19806	
4.43	7.01166 12.3313 3.29641	
4.44	6.98476 12.3402 3.37199	
4.45	6.96307 12.3523 3.43602	
4.46	6.93801 12.3618 3.48945	
4.47	6.91402 12.3721 3.53927	
4.48	6.8863 12.3805 3.58529	
4.49	6.8584 12.3882 3.62231	
4.5	6.83314 12.3954 3.6626	
4.51	6.80364 12.403 3.70049	
4.52	6.7657 12.4114 3.74634	
4.53	6.72674 12.42 3.78036	
4.54	6.69055 12.428 3.81761	
4.55	6.64652 12.4363 3.85492	
4.56	6.61079 12.4406 3.87297	
4.57	6.56486 12.4471 3.90488	
4.58	6.52017 12.4523 3.93185	
4.59	6.4661 12.457 3.9503	
4.6	6.41682 12.4622 3.96736	
4.61	6.36184 12.4653 3.98088	
4.62	6.32861 12.4685 3.99308	
4.63	6.27444 12.4732 3.99271	
4.64	6.23553 12.4795 4.00778	
4.65	6.20924 12.4855 4.01343	
4.66	6.17038 12.4941 4.02344	
4.67	6.13455 12.5042 4.02766	
4.68	6.0969 12.5145 4.02237	
4.69	6.04706 12.5334 4.02547	
4.7	6.01943 12.5502 4.03344	
4.71	5.97775 12.5744 4.03276	
4.72	5.95115 12.594 4.03315	
4.73	5.92986 12.6156 4.02806	
4.74	5.90328 12.6475 4.03821	
4.75	5.87672 12.6835 4.05859	
4.76	5.85117 12.7155 4.07157	
4.77	5.83288 12.7561 4.08269	
4.78	5.81163 12.8059 4.09424	
4.79	5.78085 12.8511 4.10098	
4.8	5.76112 12.9158 4.11171	
4.81	5.74276 12.9562 4.11249	
4.82	5.71945 13.0258 4.11128	
4.83	5.70651 13.07 4.10702	
4.84	5.69802 13.1071 4.09906	
4.85	5.68175 13.1663 4.09618	
4.86	5.66422 13.2351 4.08763	
4.87	5.65825 13.2967 4.0833	
4.88	5.64005 13.3797 4.07228	
4.89	5.62554 13.4469 4.06496	
4.9	5.61526 13.5138 4.05906	
4.91	5.60365 13.5697 4.04754	
4.92	5.58225 13.6284 4.03478	
4.93	5.56926 13.7105 4.02002	
4.94	5.55327 13.7646 3.99939	
4.95	5.53753 13.843 3.9764	
4.96	5.51832 13.9278 3.93937	
4.97	5.50722 13.9906 3.91753	
4.98	5.49822 14.0539 3.89631	
4.99	5.49391 14.1177 3.88368	
5	5.48348 14.1876 3.86387	
5.01	5.48191 14.249 3.85678	
5.02	5.47313 14.3024 3.84499	
5.03	5.46468 14.361 3.83548	
5.04	5.44508 14.4224 3.82467	
5.05	5.44611 14.4698 3.8138	
5.06	5.43125 14.5331 3.80182	
5.07	5.42859 14.5883 3.78178	
5.08	5.41756 14.6346 3.76654	
5.09	5.40882 14.6845 3.76403	
5.1	5.40228 14.7427 3.74266	
5.11	5.39654 14.804 3.73546	
5.12	5.38277 14.8595 3.72843	
5.13	5.38241 14.9261 3.72289	
5.14	5.37081 14.9956 3.70855	
5.15	5.37001 15.056 3.71265	
5.16	5.36643 15.1313 3.71759	
5.17	5.36024 15.1942 3.71258	
5.18	5.35103 15.259 3.70612	
5.19	5.34235 15.3384 3.70867	
5.2	5.34061 15.4179 3.71112	
5.21	5.33992 15.5298 3.71826	
5.22	5.32915 15.589 3.72092	
5.23	5.32497 15.6427 3.72789	
5.24	5.32495 15.7032 3.7356	
5.25	5.3247 15.7526 3.73871	
5.26	5.32628 15.7994 3.74549	
5.27	5.32211 15.8486 3.74985	
5.28	5.31802 15.9007 3.75199	
5.29	5.31532 15.9859 3.75179	
5.3	5.31163 16.0508 3.75816	
5.31	5.31683 16.1157 3.75488	
5.32	5.31864 16.1611 3.75689	
5.33	5.31858 16.2399 3.7657	
5.34	5.31939 16.31 3.76822	
5.35	5.32274 16.3688 3.77477	
5.36	5.32118 16.4489 3.77512	
5.37	5.32345 16.5021 3.77905	
5.38	5.31812 16.5684 3.77913	
5.39	5.31838 16.6366 3.78427	
5.4	5.3141 16.7021 3.78527	
5.41	5.31046 16.7573 3.78899	
5.42	5.30571 16.8287 3.79294	
5.43	5.29785 16.8866 3.79596	
5.44	5.29333 16.9588 3.79976	
5.45	5.29651 17.047 3.80612	
5.46	5.29527 17.0959 3.81669	
5.47	5.29123 17.1807 3.81769	
5.48	5.29384 17.2439 3.81528	
5.49	5.29465 17.3137 3.81429	
5.5	5.2918 17.3802 3.81683	
5.51	5.28878 17.4404 3.81718	
5.52	5.29033 17.4948 3.81396	
5.53	5.28748 17.5591 3.81812	
5.54	5.28437 17.6139 3.82194	
5.55	5.2859 17.6627 3.82219	
5.56	5.28316 17.7285 3.83179	
5.57	5.2853 17.7954 3.83985	
5.58	5.2853 17.8488 3.86144	
5.59	5.28181 17.917 3.86919	
5.6	5.28032 17.9697 3.87662	
5.61	5.28046 18.0269 3.89602	
5.62	5.27788 18.0937 3.89911	
5.63	5.27438 18.1521 3.90048	
5.64	5.27457 18.2094 3.91396	
5.65	5.26652 18.2777 3.91673	
5.66	5.25958 18.3466 3.91972	
5.67	5.25124 18.403 3.92479	
5.68	5.24348 18.4722 3.92722	
5.69	5.23579 18.5417 3.92955	
5.7	5.22421 18.6128 3.93997	
5.71	5.22186 18.6838 3.94069	
5.72	5.21162 18.7451 3.95886	
5.73	5.20538 18.8048 3.96335	
5.74	5.19427 18.8769 3.97333	
5.75	5.1807 18.9453 3.97631	
5.76	5.17046 19.0066 3.98088	
5.77	5.15945 19.072 3.98861	
5.78	5.14826 19.1295 3.98912	
5.79	5.14237 19.1864 3.98959	
5.8	5.13167 19.2518 3.99192	
5.81	5.1198 19.3205 3.98436	
5.82	5.11287 19.381 3.97486	
5.83	5.10092 19.4425 3.96535	
5.84	5.0837 19.5033 3.95718	
5.85	5.07213 19.5688 3.94604	
5.86	5.06555 19.6302 3.93646	
5.87	5.05264 19.6921 3.91863	
5.88	5.04746 19.7404 3.9121	
5.89	5.03503 19.7994 3.90363	
5.9	5.02456 19.8546 3.89243	
5.91	5.00846 19.8979 3.8901	
5.92	4.99979 19.9669 3.88573	
5.93	4.98706 20.0108 3.8734	
5.94	4.9724 20.0582 3.86985	
5.95	4.96042 20.1138 3.85785	
5.96	4.95037 20.1657 3.84321	
5.97	4.9349 20.2133 3.83929	
5.98	4.92424 20.2696 3.8276	
5.99	4.90559 20.3243 3.80869	
6	4.89989 20.3563 3.79964	
6.01	4.8902 20.4253 3.79303	
6.02	4.88369 20.465 3.77756	
6.03	4.87884 20.5097 3.77358	
6.04	4.86845 20.5572 3.76956	
6.05	4.86186 20.5934 3.75545	
6.06	4.85714 20.6383 3.75139	
6.07	4.84737 20.6781 3.74584	
6.08	4.84098 20.7104 3.73635	
6.09	4.84274 20.7474 3.72022	
6.1	4.83053 20.7788 3.71213	
6.11	4.82017 20.8023 3.70626	
6.12	4.82035 20.8277 3.69389	
6.13	4.81562 20.8517 3.67875	
6.14	4.80967 20.8718 3.66462	
6.15	4.8026 20.8904 3.65977	
6.16	4.79557 20.9138 3.63609	
6.17	4.79725 20.9394 3.62747	
6.18	4.79586 20.9586 3.61337	
6.19	4.78396 20.9772 3.59621	
6.2	4.78282 21.0004 3.58081	
6.21	4.77805 21.0168 3.57182	
6.22	4.77642 21.0316 3.5546	
6.23	4.77294 21.0522 3.54469	
6.24	4.77104 21.0626 3.52435	
6.25	4.76501 21.0784 3.50718	
6.26	4.7624 21.0931 3.48966	
6.27	4.76027 21.0996 3.47064	
6.28	4.76073 21.111 3.45894	
6.29	4.75862 21.1175 3.43994	
6.3	4.7555 21.1238 3.42059	
6.31	4.76112 21.136 3.40715	
6.32	4.75286 21.1415 3.38958	
6.33	4.75207 21.1487 3.37883	
6.34	4.75255 21.1601 3.36719	
6.35	4.75177 21.1674 3.35645	
6.36	4.75023 21.1784 3.34412	
6.37	4.74841 21.1889 3.32394	
6.38	4.74815 21.2042 3.31075	
6.39	4.75412 21.2206 3.29618	
6.4	4.74865 21.2351 3.2848	
6.41	4.74558 21.2414 3.26555	
6.42	4.74482 21.2487 3.25488	
6.43	4.74432 21.2601 3.243	
6.44	4.7433 21.2633 3.23356	
6.45	4.74228 21.2666 3.22413	
6.46	4.74755 21.2709 3.21328	
6.47	4.74025 21.2731 3.20525	
6.48	4.74051 21.2772 3.20405	
6.49	4.7395 21.2804 3.19461	
6.5	4.73849 21.2837 3.18518	
6.51	4.73749 21.2869 3.17576	
6.52	4.73674 21.2908 3.1742	
6.53	4.73728 21.3028 3.16707	
6.54	4.74386 21.3079 3.16447	
6.55	4.74468 21.324 3.15616	
6.56	4.74955 21.3366 3.14693	
6.57	4.75368 21.3516 3.13829	
6.58	4.75474 21.3683 3.13788	
6.59	4.75888 21.3836 3.13357	
6.6	4.76729 21.398 3.12926	
6.61	4.77774 21.4141 3.11926	
6.62	4.78859 21.4334 3.11809	
6.63	4.7914 21.4441 3.1103	
6.64	4.80486 21.4582 3.08784	
6.65	4.82076 21.4743 3.08614	
6.66	4.8243 21.4809 3.07562	
6.67	4.83232 21.4907 3.06396	
6.68	4.84248 21.5025 3.05095	
6.69	4.85049 21.5123 3.03933	
6.7	4.86401 21.527 3.03323	
6.71	4.87177 21.5327 3.02275	
6.72	4.88194 21.5446 3.00981	
6.73	4.89212 21.5565 2.9969	
6.74	4.89141 21.564 2.98644	
6.75	4.89163 21.5679 2.98111	
6.76	4.90159 21.5757 2.96934	
6.77	4.90735 21.5843 2.95757	
6.78	4.91087 21.591 2.94714	
6.79	4.91018 21.5985 2.93672	
6.8	4.91597 21.6072 2.92498	
6.81	4.9162 21.6114 2.9239	
6.82	4.91529 21.6147 2.91457	
6.83	4.91462 21.6223 2.90417	
6.84	4.91999 21.6225 2.89461	
6.85	4.92441 21.6259 2.89353	
6.86	4.92902 21.6301 2.88252	
6.87	4.93047 21.6387 2.88075	
6.88	4.92835 21.6374 2.86794	
6.89	4.93608 21.6427 2.86174	
6.9	4.93741 21.6478 2.86892	
6.91	4.93653 21.6512 2.85961	
6.92	4.94612 21.6504 2.84588	
6.93	4.94424 21.6533 2.832	
6.94	4.94446 21.6575 2.83095	
6.95	4.94311 21.6556 2.82844	
6.96	4.94877 21.6601 2.81784	
6.97	4.95318 21.6635 2.81679	
6.98	4.96388 21.6635 2.81131	
6.99	4.9672 21.666 2.80201	
7	4.96764 21.6745 2.79992	
7.01	4.98068 21.6771 2.78897	
7.02	4.98068 21.6771 2.78897	
7.03	4.99155 21.681 2.77877	
7.04	4.99594 21.6844 2.77774	
7.05	5.00065 21.6887 2.76679	
7.06	5.00743 21.694 2.76449	
7.07	5.01281 21.6977 2.76384	
7.08	5.01697 21.6967 2.75967	
7.09	5.0217 21.701 2.74874	
7.1	5.03145 21.7081 2.74707	
7.11	5.03918 21.7148 2.74464	
7.12	5.05011 21.7193 2.74237	
7.13	5.06557 21.731 2.7302	
7.14	5.08733 21.7407 2.71728	
7.15	5.10159 21.7479 2.70578	
7.16	5.12136 21.7638 2.70054	
7.17	5.12999 21.7702 2.69068	
7.18	5.14127 21.7834 2.68649	
7.19	5.15451 21.7897 2.66266	
7.2	5.16793 21.8012 2.64985	
7.21	5.17685 21.8169 2.64596	
7.22	5.19423 21.8225 2.62219	
7.23	5.20962 21.8345 2.61023	
7.24	5.22285 21.8416 2.59437	
7.25	5.23808 21.8492 2.57932	
7.26	5.25247 21.861 2.56704	
7.27	5.26246 21.8648 2.55257	
7.28	5.27585 21.8765 2.53993	
7.29	5.28496 21.8794 2.51723	
7.3	5.30111 21.8881 2.51462	
7.31	5.31026 21.891 2.49194	
7.32	5.31959 21.9035 2.47936	
7.33	5.32728 21.9143 2.46835	
7.34	5.34241 21.9177 2.45438	
7.35	5.35273 21.9304 2.44226	
7.36	5.36628 21.9416 2.4219	
7.37	5.38352 21.9439 2.40716	
7.38	5.3918 21.9419 2.3912	
7.39	5.40681 21.946 2.38515	
7.4	5.42423 21.9478 2.36257	
7.41	5.4413 21.9415 2.34559	
7.42	5.4564 21.9406 2.33259	
7.43	5.48139 21.9401 2.31811	
7.44	5.48865 21.9335 2.30666	
7.45	5.5104 21.9346 2.30047	
7.46	5.52381 21.9326 2.28287	
7.47	5.53877 21.9325 2.28181	
7.48	5.55566 21.9289 2.26826	
7.49	5.5699 21.9279 2.2549	
7.5	5.57733 21.9211 2.25578	
7.51	5.58744 21.9163 2.23924	
7.52	5.58974 21.9102 2.22331	
7.53	5.59757 21.9116 2.21865	
7.54	5.60836 21.9033 2.20719	
7.55	5.61437 21.8947 2.19151	
7.56	5.61424 21.8859 2.18511	
7.57	5.62442 21.8811 2.16856	
7.58	5.6243 21.8723 2.16215	
7.59	5.6304 21.868 2.14967	
7.6	5.63784 21.8614 2.15052	
7.61	5.63708 21.856 2.13903	
7.62	5.64794 21.8477 2.1316	
7.63	5.641 21.8423 2.12938	
7.64	5.65125 21.8374 2.11689	
7.65	5.65119 21.833 2.11367	
7.66	5.65801 21.8298 2.10945	
7.67	5.66218 21.8337 2.10451	
7.68	5.67318 21.8344 2.09944	
7.69	5.67318 21.8345 2.09536	
7.7	5.67735 21.8385 2.09042	
7.71	5.68079 21.837 2.07807	
7.72	5.68907 21.8406 2.06906	
7.73	5.69256 21.8436 2.05586	
7.74	5.70356 21.8444 2.04673	
7.75	5.71461 21.8496 2.04086	
7.76	5.71905 21.8485 2.02485	
7.77	5.72316 21.8482 2.0167	
7.78	5.72564 21.8468 1.99984	
7.79	5.73251 21.8437 1.99155	
7.8	5.73594 21.8379 1.97592	
7.81	5.73935 21.8279 1.95703	
7.82	5.74623 21.8248 1.94873	
7.83	5.7427 21.8091 1.93157	
7.84	5.75368 21.8011 1.92406	
7.85	5.75712 21.7909 1.90922	
7.86	5.7675 21.7818 1.89342	
7.87	5.77159 21.7726 1.88684	
7.88	5.78262 21.7646 1.87932	
7.89	5.78674 21.7598 1.87602	
7.9	5.79815 21.7509 1.86064	
7.91	5.80822 21.7427 1.85268	
7.92	5.81174 21.7325 1.83779	
7.93	5.81866 21.725 1.83025	
7.94	5.82218 21.7105 1.81203	
7.95	5.8333 21.7116 1.80285	
7.96	5.83744 21.7027 1.79207	
7.97	5.8416 21.6981 1.78461	
7.98	5.85273 21.6992 1.77543	
7.99	5.84935 21.6882 1.75726	
8	5.86408 21.6835 1.73646	
8.01	5.86407 21.6749 1.72977	
8.02	5.86768 21.6651 1.71065	
8.03	5.87884 21.6529 1.69968	
8.04	5.88247 21.6386 1.68133	
8.05	5.8931 21.6254 1.66206	
8.06	5.89032 21.6152 1.65622	
8.07	5.89396 21.601 1.64654	
8.08	5.90511 21.5899 1.6461	
8.09	5.91633 21.5781 1.63867	
8.1	5.92423 21.5597 1.63103	
8.11	5.93123 21.549 1.62926	
8.12	5.94196 21.5321 1.61185	
8.13	5.94895 21.5223 1.62118	
8.14	5.9555 21.5092 1.59632	
8.15	5.96246 21.5042 1.61576	
8.16	5.96259 21.4859 1.58659	
8.17	5.96955 21.4812 1.61006	
8.18	5.97338 21.4698 1.57659	
8.19	5.98886 21.4685 1.60445	
8.2	6.00021 21.4675 1.58276	
8.21	6.01298 21.4679 1.59385	
8.22	6.02953 21.4677 1.58476	
8.23	6.04409 21.4687 1.58726	
8.24	6.06815 21.4731 1.58129	
8.25	6.09453 21.47 1.57209	
8.26	6.11207 21.4704 1.5923	
8.27	6.14276 21.4687 1.56263	
8.28	6.17381 21.4719 1.58944	
8.29	6.20778 21.4722 1.56213	
8.3	6.2389 21.4751 1.58505	
8.31	6.2587 21.4776 1.56451	
8.32	6.28545 21.485 1.58125	
8.33	6.30512 21.4927 1.56724	
8.34	6.33134 21.5078 1.56817	
8.35	6.35582 21.5304 1.56993	
8.36	6.38362 21.5472 1.56257	
8.37	6.40946 21.5698 1.55293	
8.38	6.44649 21.5967 1.52924	
8.39	6.46205 21.6179 1.51279	
8.4	6.47101 21.6431 1.48604	
8.41	6.48853 21.6664 1.47683	
8.42	6.49926 21.6903 1.48047	
8.43	6.50947 21.7127 1.4699	
8.44	6.51437 21.7397 1.46131	
8.45	6.51918 21.7587 1.4746	
8.46	6.52179 21.7739 1.44386	
8.47	6.52877 21.7896 1.46443	
8.48	6.5342 21.8054 1.42312	
8.49	6.53972 21.8258 1.38374	
8.5	6.52995 21.8289 1.33212	
8.51	6.53715 21.8367 1.30144	
8.52	6.5352 21.8375 1.2666	
8.53	6.53059 21.8353 1.24428	
8.54	6.53818 21.8386 1.22778	
8.55	6.53644 21.8395 1.20476	
8.56	6.53617 21.8429 1.20048	
8.57	6.53651 21.8498 1.1932	
8.58	6.53629 21.8535 1.19145	
8.59	6.53585 21.8561 1.18236	
8.6	6.54194 21.8608 1.18121	
8.61	6.54562 21.8634 1.17352	
8.62	6.54529 21.872 1.17394	
8.63	6.54479 21.8855 1.17414	
8.64	6.54526 21.8992 1.17517	
8.65	6.54374 21.9071 1.16387	
8.66	6.54807 21.9194 1.15714	
8.67	6.54751 21.9276 1.14675	
8.68	6.55723 21.9465 1.14647	
8.69	6.55022 21.9581 1.14084	
8.7	6.55662 21.9763 1.13303	
8.71	6.55551 21.9939 1.12918	
8.72	6.55539 22.013 1.13521	
8.73	6.55807 22.0274 1.11025	
8.74	6.56069 22.058 1.10435	
8.75	6.56709 22.0762 1.09594	
8.76	6.5702 22.0932 1.08835	
8.77	6.56834 22.1102 1.08047	
8.78	6.57239 22.1275 1.07369	
8.79	6.57112 22.1548 1.06149	
8.8	6.57038 22.1679 1.05112	
8.81	6.57608 22.1825 1.04516	
8.82	6.56884 22.2004 1.04257	
8.83	6.57768 22.221 1.01152	
8.84	6.5807 22.2386 0.999079	
8.85	6.58467 22.2564 0.987516	
8.86	6.5941 22.2743 0.97865	
8.87	6.59068 22.2912 0.968259	
8.88	6.60084 22.3088 0.948214	
8.89	6.59913 22.3217 0.937222	
8.9	6.59819 22.3397 0.926369	
8.91	6.60951 22.3528 0.907785	
8.92	6.6078 22.3658 0.897187	
8.93	6.60705 22.3791 0.887155	
8.94	6.61001 22.3909 0.868936	
8.95	6.60962 22.4006 0.867778	
8.96	6.61294 22.4088 0.858402	
8.97	6.61237 22.4173 0.849068	
8.98	6.61568 22.4256 0.839769	
8.99	6.61994 22.4341 0.830976	
9	6.62227 22.4422 0.821255	
9.01	6.62915 22.4517 0.811483	
9.02	6.6334 22.4603 0.802761	
9.03	6.63913 22.4745 0.792121	
9.04	6.6422 22.4878 0.782529	
9.05	6.64143 22.5011 0.77296	
9.06	6.64464 22.5157 0.771677	
9.07	6.65494 22.5349 0.761206	
9.08	6.65783 22.5469 0.743443	
9.09	6.66101 22.5615 0.742227	
9.1	6.66443 22.5656 0.729796	
9.11	6.66766 22.574 0.720747	
9.12	6.67088 22.5824 0.711706	
9.13	6.68582 22.5827 0.699154	
9.14	6.68903 22.5911 0.690124	
9.15	6.70391 22.5969 0.689224	
9.16	6.70734 22.6004 0.680583	
9.17	6.71841 22.6064 0.679692	
9.18	6.73031 22.6113 0.671029	
9.19	6.73386 22.6161 0.670656	
9.2	6.74836 22.6256 0.661153	
9.21	6.75822 22.6362 0.659441	
9.22	6.78593 22.6514 0.641921	
9.23	6.90799 22.6724 0.630605	
9.24	6.83509 22.6754 0.633221	
9.25	6.88468 22.6811 0.623042	
9.26	6.84228 22.6726 0.610859	
9.27	6.88346 22.6582 0.584554	
9.28	6.86449 22.6422 0.57333	
9.29	6.92208 22.6218 0.553046	
9.3	6.87233 22.6034 0.542119	
9.31	6.9318 22.5843 0.526601	
9.32	6.87404 22.5506 0.499887	
9.33	6.93832 22.5338 0.488707	
9.34	6.87606 22.4966 0.46149	
9.35	6.881 22.4644 0.449346	
9.36	6.8918 22.4388 0.431133	
9.37	6.87988 22.3917 0.413825	
9.38	6.87818 22.3502 0.399785	
9.39	6.87806 22.3 0.381966	
9.4	6.86879 22.2485 0.363628	
9.41	6.86193 22.2013 0.349037	
9.42	6.8638 22.1563 0.330043	
9.43	6.85825 22.1098 0.315719	
9.44	6.87502 22.0759 0.297933	
9.45	6.93453 22.0688 0.282678	
9.46	6.92878 22.0428 0.273445	
9.47	6.93823 22.0385 0.259414	
9.48	6.94063 22.0107 0.250898	
9.49	6.93455 22.0056 0.235016	
9.5	6.93662 21.9713 0.214476	
9.51	6.91537 21.9145 0.186508	
9.52	6.9221 21.8581 0.171091	
9.53	6.94056 21.7661 0.145681	
9.54	6.94583 21.7121 0.12588	
9.55	6.94308 21.6581 0.110806	
9.56	6.95508 21.6076 0.094628	
9.57	6.95152 21.562 0.091416	
9.58	6.95512 21.5167 0.0795061	
9.59	6.97005 21.4661 0.0552546	
9.6	6.96504 21.4241 0.0573362	
9.61	6.96712 21.3925 0.0610851	
9.62	6.97865 21.343 0.0591613	
9.63	6.96484 21.3072 0.0588214	
9.64	6.97578 21.2688 0.0568078	
9.65	6.97252 21.2315 0.0613755	
9.66	6.97557 21.1907 0.056396	
9.67	6.97792 21.1549 0.05434	
9.68	6.98257 21.1257 0.0654702	
9.69	7.00136 21.09 0.0471165	
9.7	7.11424 21.0707 0.0967678	
9.71	7.07664 21.0313 0.0762528	
9.72	7.07054 21.0001 0.0859677	
9.73	7.05336 20.9313 0.0755507	
9.74	7.06905 20.8913 0.062587	
9.75	7.06311 20.8399 0.0701013	
9.76	7.05981 20.7906 0.061832	
9.77	7.06772 20.7387 0.0795174	
9.78	7.06832 20.7081 0.0590479	
9.79	7.07118 20.6715 0.106756	
9.8	7.06994 20.6322 0.0775508	
9.81	7.08053 20.5916 0.106632	
9.82	7.06595 20.5505 0.0851612	
9.83	7.08309 20.4975 0.131447	
9.84	7.07487 20.4726 0.0973165	
9.85	7.08654 20.4181 0.153025	
9.86	7.0785 20.3875 0.215667	
9.87	7.08991 20.3443 0.290481	
9.88	7.08788 20.2838 0.317577	
9.89	7.08632 20.2432 0.336729	
9.9	7.09831 20.1952 0.35756	
9.91	7.08739 20.1417 0.389511	
9.92	7.09706 20.0869 0.416016	
9.93	7.09152 20.0256 0.438895	
9.94	7.09707 19.964 0.479493	
9.95	7.10332 19.9021 0.498296	
9.96	7.0945 19.8506 0.523363	
9.97	7.09654 19.7728 0.554805	
9.98	7.09367 19.717 0.570418	
9.99	7.09679 19.6579 0.590187	
10	7.08622 19.5949 0.617065	
10.01	7.10126 19.5584 0.636312	
10.02	7.07243 19.5087 0.664839	
10.03	7.10326 19.4589 0.669631	
10.04	7.07669 19.4186 0.67737	
10.05	7.10109 19.3895 0.700065	
10.06	7.0711 19.354 0.702663	
10.07	7.09799 19.3331 0.709561	
10.08	7.07187 19.3053 0.700779	
10.09	7.1003 19.2799 0.708987	
10.1	7.07354 19.2568 0.699184	
10.11	7.10055 19.2332 0.683885	
10.12	7.07748 19.211 0.672974	
10.13	7.09535 19.1861 0.643996	
10.14	7.063 19.1599 0.631072	
10.15	7.08463 19.1346 0.607689	
10.16	7.05563 19.1134 0.606217	
10.17	7.07766 19.1008 0.575183	
10.18	7.06558 19.0736 0.5654	
10.19	7.03777 19.0496 0.550913	
10.2	7.05615 19.0195 0.54095	
10.21	7.02687 18.9929 0.534321	
10.22	7.0334 18.9448 0.529717	
10.23	7.02419 18.9148 0.545571	
10.24	7.02915 18.8759 0.549114	
10.25	7.01459 18.8415 0.572088	
10.26	7.01749 18.802 0.583053	
10.27	7.01281 18.7699 0.621724	
10.28	7.01245 18.7269 0.6397	
10.29	7.01049 18.6851 0.664148	
10.3	7.0154 18.6456 0.698817	
10.31	7.00712 18.6099 0.733299	
10.32	7.0103 18.5775 0.759598	
10.33	7.01551 18.5469 0.780736	
10.34	7.00495 18.5188 0.810158	
10.35	7.01646 18.4937 0.822008	
10.36	7.01858 18.4676 0.834614	
10.37	7.0168 18.4392 0.853329	
10.38	7.0153 18.4121 0.880122	
10.39	7.02546 18.3856 0.894869	
10.4	7.01717 18.3508 0.913579	
10.41	7.02647 18.3115 0.923159	
10.42	7.0067 18.2695 0.931512	
10.43	7.03458 18.2219 0.934268	
10.44	7.01018 18.1784 0.95375	
10.45	7.03617 18.1312 0.96017	
10.46	7.00697 18.0878 0.966527	
10.47	7.03429 18.0348 0.976539	
10.48	6.99634 17.9764 0.98197	
10.49	6.97372 17.9173 0.983169	
10.5	6.96326 17.8688 0.975141	
10.51	6.95634 17.8325 0.995777	
10.52	6.93031 17.8112 1.10127	
10.53	6.94153 17.7656 1.0697	
10.54	6.94269 17.7257 1.05318	
10.55	6.93221 17.6894 1.04535	
10.56	6.91811 17.6491 1.06232	
10.57	6.93302 17.6106 1.04421	
10.58	6.92259 17.5734 1.05181	
10.59	6.92406 17.5368 1.05269	
10.6	6.92246 17.4954 1.05179	
10.61	6.92687 17.4608 1.04619	
10.62	6.91904 17.424 1.05119	
10.63	6.9194 17.3905 1.04938	
10.64	6.92661 17.3567 1.04508	
10.65	6.91067 17.318 1.03968	
10.66	6.91167 17.2839 1.05356	
10.67	6.91281 17.2411 1.03942	
10.68	6.89995 17.2034 1.06054	
10.69	6.93153 17.1755 1.04627	
10.7	6.91389 17.1402 1.04494	
10.71	6.90643 17.1251 1.05772	
10.72	6.93985 17.101 1.04504	
10.73	6.91641 17.0744 1.04974	
10.74	6.91137 17.0352 1.0416	
10.75	6.90261 17.0091 1.04759	
10.76	6.904 16.984 1.04242	
10.77	6.89428 16.9474 1.03834	
10.78	6.89645 16.9152 1.03859	
10.79	6.89303 16.8798 1.0448	
10.8	6.88826 16.8478 1.04256	
10.81	6.88579 16.8259 1.04148	
10.82	6.88916 16.7921 1.04131	
10.83	6.88637 16.7598 1.02953	
10.84	6.88566 16.7327 1.03346	
10.85	6.88225 16.7082 1.02869	
10.86	6.89371 16.6835 1.00861	
10.87	6.87125 16.663 1.01764	
10.88	6.90021 16.6322 0.996641	
10.89	6.87415 16.6007 1.00531	
10.9	6.8965 16.5762 0.987319	
10.91	6.88566 16.5439 0.962334	
10.92	6.8879 16.5103 0.936385	
10.93	6.87872 16.4708 0.901758	
10.94	6.89 16.4348 0.880217	
10.95	6.87424 16.3956 0.854511	
10.96	6.88005 16.3567 0.829547	
10.97	6.87889 16.3149 0.806692	
10.98	6.87361 16.2674 0.783646	
10.99	6.8742 16.222 0.756617	
11	6.87731 16.1827 0.752052	
11.01	6.88561 16.1474 0.739135	
11.02	6.87865 16.106 0.740272	
11.03	6.90807 16.0701 0.729252	
11.04	6.88177 16.0239 0.71822	
11.05	6.93058 15.992 0.714633	
11.06	6.90402 15.9512 0.704557	
11.07	6.93768 15.9158 0.69251	
11.08	6.9171 15.8891 0.691998	
11.09	6.93562 15.8606 0.685373	
11.1	6.93052 15.8325 0.680651	
11.11	6.93617 15.8025 0.694139	
11.12	6.94137 15.7698 0.693773	
11.13	6.94732 15.7378 0.678162	
11.14	6.86637 15.6957 0.674156	
11.15	6.88021 15.6649 0.667679	
11.16	6.86724 15.6287 0.671011	
11.17	6.87971 15.5933 0.686042	
11.18	6.87195 15.5545 0.688758	
11.19	6.87869 15.5149 0.690102	
11.2	6.87339 15.4757 0.697703	
11.21	6.87933 15.4329 0.699088	
11.22	6.86783 15.3874 0.702926	
11.23	6.88089 15.3359 0.701721	
11.24	6.86391 15.2754 0.704334	
11.25	6.87813 15.2204 0.729876	
11.26	6.86844 15.1523 0.731887	
11.27	6.88254 15.0854 0.736646	
11.28	6.87223 15.0247 0.753085	
11.29	6.88635 14.9606 0.766455	
11.3	6.86951 14.8962 0.770849	
11.31	6.88934 14.836 0.785797	
11.32	6.87757 14.7693 0.796315	
11.33	6.8899 14.7099 0.812335	
11.34	6.87392 14.6532 0.816596	
11.35	6.88742 14.6028 0.837703	
11.36	6.87806 14.5539 0.837429	
11.37	6.88349 14.509 0.842774	
11.38	6.87951 14.4542 0.831257	
11.39	6.87196 14.4104 0.829932	
11.4	6.89093 14.3696 0.815382	
11.41	6.87248 14.3275 0.809999	
11.42	6.8811 14.2855 0.787032	
11.43	6.87675 14.2543 0.778875	
11.44	6.88161 14.2211 0.754224	
11.45	6.87905 14.1888 0.736893	
11.46	6.87726 14.1592 0.725931	
11.47	6.87373 14.122 0.694263	
11.48	6.88108 14.0907 0.684633	
11.49	6.86919 14.0391 0.661157	
11.5	6.87837 13.9929 0.63112	
11.51	6.86008 13.9479 0.618618	
11.52	6.8746 13.9088 0.602671	
11.53	6.8518 13.877 0.593847	
11.54	6.8793 13.8415 0.575233	
11.55	6.84537 13.8084 0.550552	
11.56	6.86537 13.7844 0.527271	
11.57	6.84203 13.7574 0.505011	
11.58	6.81805 13.7308 0.498985	
11.59	6.80369 13.6976 0.477919	
11.6	6.82095 13.6723 0.466394	
11.61	6.80542 13.6419 0.456197	
11.62	6.82108 13.6051 0.437079	
11.63	6.80177 13.5564 0.416879	
11.64	6.81643 13.481 0.250614	
11.65	6.79993 13.4326 0.262357	
11.66	6.81458 13.3867 0.282613	
11.67	6.8045 13.3359 0.288773	
11.68	6.81764 13.288 0.297549	
11.69	6.80746 13.2439 0.296105	
11.7	6.81626 13.2024 0.311403	
11.71	6.81028 13.144 0.289022	
11.72	6.8236 13.0981 0.291232	
11.73	6.80797 13.0312 0.284358	
11.74	6.82673 12.9667 0.270047	
11.75	6.81182 12.9057 0.262549	
11.76	6.80067 12.8417 0.262998	
11.77	6.7878 12.779 0.264207	
11.78	6.78918 12.7256 0.270045	
11.79	6.79258 12.6637 0.273103	
11.8	6.7904 12.6095 0.276761	
11.81	6.79327 12.55 0.289166	
11.82	6.77796 12.4951 0.293964	
11.83	6.79159 12.4369 0.317496	
11.84	6.79299 12.3735 0.299933	
11.85	6.79329 12.3146 0.346734	
11.86	6.81164 12.2473 0.327473	
11.87	6.82461 12.1949 0.383333	
11.88	6.85047 12.1592 0.481196	
11.89	6.97374 12.1466 0.647658	
11.9	6.9775 12.1125 0.753089	
11.91	6.97631 12.0838 0.876211	
11.92	6.98297 12.0693 1.03605	
11.93	6.958 12.1043 1.26624	
11.94	6.978 12.1117 1.4218	
11.95	6.99731 12.1231 1.58491	
11.96	7.00767 12.1294 1.73905	
11.97	7.01552 12.1408 1.90119	
11.98	7.02235 12.147 2.0427	
11.99	7.02424 12.1575 2.21635	
12	7.02799 12.1649 2.34947	
12.01	7.02081 12.1712 2.45162	
12.02	7.02458 12.1795 2.57802	
12.03	7.01778 12.1882 2.71352	
12.04	7.01881 12.1972 2.83038	
12.05	7.00173 12.2065 2.95917	
12.06	6.98023 12.2187 3.09993	
12.07	6.95334 12.2296 3.24576	
12.08	6.92799 12.2401 3.3746	
12.09	6.90129 12.2507 3.48108	
12.1	6.86368 12.2662 3.62031	
12.11	6.83748 12.2794 3.72569	
12.12	6.7998 12.2974 3.84817	
12.13	6.78103 12.3141 3.95267	
12.14	6.75349 12.3375 4.0832	
12.15	6.7201 12.3661 4.21474	
12.16	6.67856 12.4033 4.36521	
12.17	6.63612 12.4478 4.53544	
12.18	6.58909 12.5035 4.73826	
12.19	6.53816 12.5551 4.9128	
12.2	6.48277 12.6124 5.09233	
12.21	6.4476 12.6486 5.19756	
12.22	6.39468 12.6935 5.32036	
12.23	6.35434 12.7404 5.43777	
12.24	6.31083 12.7822 5.53113	
12.25	6.26899 12.8243 5.62161	
12.26	6.23016 12.8819 5.73189	
12.27	6.18351 12.9414 5.8388	
12.28	6.13398 13.0126 5.94151	
12.29	6.07672 13.1035 6.06806	
12.3	6.02521 13.2234 6.21761	
12.31	5.99298 13.3212 6.3152	
12.32	5.96405 13.4249 6.42197	
12.33	5.94635 13.5178 6.511	
12.34	5.91761 13.6553 6.63675	
12.35	5.89517 13.7559 6.71624	
12.36	5.87751 13.8829 6.80658	
12.37	5.85696 14.0283 6.90023	
12.38	5.84457 14.1348 6.96192	
12.39	5.83759 14.2588 7.02066	
12.4	5.83346 14.3632 7.07406	
12.41	5.82459 14.4905 7.13119	
12.42	5.81981 14.6231 7.17482	
12.43	5.81259 14.7325 7.19014	
12.44	5.80437 14.8684 7.19396	
12.45	5.79094 15.0128 7.165	
12.46	5.77774 15.1644 7.11475	
12.47	5.76402 15.3259 7.06083	
12.48	5.75162 15.4998 6.97936	
12.49	5.74039 15.6764 6.8888	
12.5	5.73502 15.8314 6.80747	
12.51	5.73388 16.0422 6.68828	
12.52	5.73096 16.1983 6.59626	
12.53	5.7248 16.3478 6.5034	
12.54	5.72826 16.5882 6.35727	
12.55	5.72723 16.7072 6.27092	
12.56	5.72632 16.8802 6.16078	
12.57	5.72602 17.059 6.03735	
12.58	5.73552 17.2114 5.95205	
12.59	5.73655 17.3622 5.86433	
12.6	5.74256 17.6129 5.7222	
12.61	5.748 17.7659 5.62529	
12.62	5.74949 17.9562 5.50497	
12.63	5.74696 18.1383 5.38725	
12.64	5.74652 18.2899 5.29455	
12.65	5.75177 18.468 5.18749	
12.66	5.75245 18.6512 5.06649	
12.67	5.75094 18.7941 4.96872	
12.68	5.75159 18.9661 4.85529	
12.69	5.75108 19.1169 4.76318	
12.7	5.7469 19.2863 4.66391	
12.71	5.74747 19.4622 4.56363	
12.72	5.74694 19.6086 4.48229	
12.73	5.74647 19.7625 4.39832	
12.74	5.74431 19.9474 4.30671	
12.75	5.74494 20.1656 4.20092	
12.76	5.7366 20.3118 4.12145	
12.77	5.74567 20.4895 4.03348	
12.78	5.74739 20.6689 3.96076	
12.79	5.74654 20.8107 3.9057	
12.8	5.74811 20.9791 3.83105	
12.81	5.74811 21.12 3.78295	
12.82	5.74938 21.2547 3.73778	
12.83	5.75171 21.439 3.67537	
12.84	5.74752 21.5912 3.62538	
12.85	5.75122 21.6936 3.59096	
12.86	5.74886 21.8512 3.54793	
12.87	5.74162 22.0042 3.50326	
12.88	5.73574 22.1364 3.46264	
12.89	5.72747 22.3305 3.41515	
12.9	5.7204 22.4704 3.37608	
12.91	5.71339 22.611 3.33782	
12.92	5.70354 22.7684 3.29517	
12.93	5.70395 22.9316 3.24728	
12.94	5.69607 23.0604 3.20486	
12.95	5.6941 23.2116 3.16409	
12.96	5.69418 23.3248 3.12826	
12.97	5.6926 23.4573 3.0934	
12.98	5.69123 23.5846 3.06992	
12.99	5.6918 23.7068 3.05554	
13	5.69011 23.8171 3.03906	
13.01	5.691 23.9399 3.02487	
13.02	5.68584 24.0659 3.01154	
13.03	5.68068 24.1777 3.00295	
13.04	5.67733 24.3027 2.99561	
13.05	5.67395 24.4177 2.99305	
13.06	5.66977 24.5255 2.97658	
13.07	5.66058 24.6783 2.95429	
13.08	5.65923 24.7802 2.94315	
13.09	5.65715 24.9004 2.91236	
13.1	5.65495 25.015 2.88937	
13.11	5.65079 25.1066 2.86848	
13.12	5.64666 25.1987 2.85057	
13.13	5.65052 25.3201 2.82091	
13.14	5.64394 25.4046 2.8055	
13.15	5.64408 25.5042 2.79284	
13.16	5.63592 25.5969 2.78632	
13.17	5.6364 25.6923 2.77103	
13.18	5.62115 25.7851 2.7548	
13.19	5.61752 25.8763 2.75508	
13.2	5.60401 25.955 2.73258	
13.21	5.59967 26.0461 2.72788	
13.22	5.59701 26.1246 2.71163	
13.23	5.58826 26.1999 2.70221	
13.24	5.57884 26.2997 2.68974	
13.25	5.57624 26.392 2.6716	
13.26	5.57384 26.486 2.64649	
13.27	5.57059 26.5756 2.61856	
13.28	5.56781 26.644 2.60434	
13.29	5.56393 26.7309 2.56859	
13.3	5.56078 26.8165 2.54154	
13.31	5.55699 26.9037 2.50481	
13.32	5.55515 26.959 2.48859	
13.33	5.55208 27.0404 2.45827	
13.34	5.54903 27.1128 2.42881	
13.35	5.54601 27.1852 2.39785	
13.36	5.54306 27.2672 2.36729	
13.37	5.54197 27.3441 2.33645	
13.38	5.53965 27.4156 2.31523	
13.39	5.54336 27.4921 2.27581	
13.4	5.53328 27.5636 2.24616	
13.41	5.53888 27.6265 2.23024	
13.42	5.5428 27.6988 2.18959	
13.43	5.54064 27.7617 2.16522	
13.44	5.53849 27.8153 2.14062	
13.45	5.54316 27.8771 2.10723	
13.46	5.54757 27.923 2.07973	
13.47	5.55376 27.9693 2.0522	
13.48	5.54402 28.0198 2.03675	
13.49	5.54045 28.065 2.00952	
13.5	5.53898 28.1031 1.99246	
13.51	5.53654 28.1636 1.96144	
13.52	5.5355 28.2179 1.9398	
13.53	5.54071 28.2582 1.91931	
13.54	5.53884 28.303 1.89475	
13.55	5.53748 28.3465 1.87717	
13.56	5.54404 28.3934 1.85192	
13.57	5.54185 28.4321 1.83269	
13.58	5.54009 28.4773 1.80762	
13.59	5.54014 28.5108 1.78796	
13.6	5.53972 28.5598 1.77241	
13.61	5.54598 28.5769 1.7439	
13.62	5.54335 28.5843 1.70244	
13.63	5.54924 28.5986 1.6616	
13.64	5.54797 28.6095 1.63065	
13.65	5.5484 28.6124 1.61653	
13.66	5.54369 28.6195 1.55313	
13.67	5.53305 28.6268 1.50876	
13.68	5.53224 28.6359 1.48875	
13.69	5.5289 28.6428 1.4303	
13.7	5.5187 28.6529 1.39981	
13.71	5.50938 28.6543 1.35639	
13.72	5.5082 28.6612 1.32262	
13.73	5.49854 28.6752 1.27055	
13.74	5.49777 28.68 1.24764	
13.75	5.48849 28.6875 1.20338	
13.76	5.48699 28.696 1.16145	
13.77	5.47772 28.7027 1.11978	
13.78	5.47662 28.711 1.08355	
13.79	5.46616 28.7205 1.02916	
13.8	5.46507 28.7241 0.991092	
13.81	5.46452 28.7348 0.946091	
13.82	5.46228 28.741 0.896572	
13.83	5.45342 28.7487 0.859416	
13.84	5.45292 28.7572 0.807497	
13.85	5.45205 28.7752 0.758248	
13.86	5.45231 28.7774 0.711954	
13.87	5.44493 28.7876 0.648328	
13.88	5.44746 28.8027 0.59876	
13.89	5.44885 28.8101 0.534859	
13.9	5.45227 28.8217 0.482708	
13.91	5.45279 28.8345 0.399124	
13.92	5.45979 28.8481 0.340781	
13.93	5.46862 28.8588 0.251475	
13.94	5.47017 28.8638 0.181028	
13.95	5.48067 28.8705 0.112165	
13.96	5.49351 28.8828 0.0171705	
13.97	5.49782 28.8949 -0.0566729	
13.98	5.5147 28.9047 -0.153419	
13.99	5.5214 28.9168 -0.218349	
14	5.53889 28.9367 -0.302548	
14.01	5.55378 28.953 -0.376283	
14.02	5.56637 28.9687 -0.429159	
14.03	5.58729 28.9933 -0.523661	
14.04	5.60439 29.016 -0.608852	
14.05	5.62595 29.0369 -0.692692	
14.06	5.6397 29.0564 -0.769566	
14.07	5.65645 29.0758 -0.867349	
14.08	5.67765 29.0951 -0.933981	
14.09	5.69257 29.1117 -1.04378	
14.1	5.71431 29.118 -1.12918	
14.11	5.72761 29.1327 -1.22327	
14.12	5.7428 29.1108 -1.33036	
14.13	5.75787 29.1052 -1.40809	
14.14	5.77417 29.0992 -1.48591	
14.15	5.78852 29.0985 -1.53996	
14.16	5.80087 29.1007 -1.59083	
14.17	5.81242 29.0986 -1.63083	
14.18	5.82503 29.0962 -1.67776	
14.19	5.82428 29.0907 -1.72612	
14.2	5.83055 29.0944 -1.74263	
14.21	5.85054 29.091 -1.79529	
14.22	5.85582 29.0947 -1.82051	
14.23	5.86127 29.0891 -1.84437	
14.24	5.86768 29.0931 -1.87786	
14.25	5.88009 29.0985 -1.89475	
14.26	5.88333 29.0966 -1.91486	
14.27	5.89493 29.092 -1.93912	
14.28	5.89812 29.0945 -1.94812	
14.29	5.91907 29.0918 -1.98055	
14.3	5.9225 29.0817 -2.00064	
14.31	5.92582 29.0751 -2.00832	
14.32	5.93535 29.0662 -2.02865	
14.33	5.94482 29.0609 -2.04494	
14.34	5.94619 29.0505 -2.07376	
14.35	5.95674 29.0416 -2.08563	
14.36	5.95814 29.0305 -2.10624	
14.37	5.96752 29.0306 -2.11962	
14.38	5.97595 29.0213 -2.1318	
14.39	5.97497 29.0194 -2.14555	
14.4	5.97413 29.0115 -2.15402	
14.41	5.97943 29.0017 -2.17504	
14.42	5.97655 28.9898 -2.18793	
14.43	5.97973 28.9797 -2.20932	
14.44	5.98205 28.9617 -2.23094	
14.45	5.98439 28.9437 -2.25266	
14.46	5.98569 28.9226 -2.28698	
14.47	5.98487 28.8993 -2.31226	
14.48	5.98311 28.8778 -2.35584	
14.49	5.98628 28.8678 -2.36928	
14.5	5.98358 28.8391 -2.41332	
14.51	5.98605 28.8166 -2.44682	
14.52	5.98748 28.7938 -2.48065	
14.53	5.98993 28.7733 -2.51556	
14.54	5.98952 28.7398 -2.5627	
14.55	5.98474 28.7181 -2.58928	
14.56	5.9853 28.6905 -2.63352	
14.57	5.9878 28.6702 -2.66889	
14.58	5.99039 28.6465 -2.70859	
14.59	5.98267 28.623 -2.75041	
14.6	5.9905 28.5971 -2.79551	
14.61	5.99398 28.5827 -2.82807	
14.62	5.98649 28.556 -2.88301	
14.63	5.97894 28.5296 -2.92977	
14.64	5.9817 28.503 -2.97456	
14.65	5.98214 28.4735 -3.02417	
14.66	5.97554 28.4393 -3.08634	
14.67	5.98029 28.4198 -3.13049	
14.68	5.97611 28.3856 -3.19257	
14.69	5.97066 28.3493 -3.26175	
14.7	5.96826 28.3224 -3.30622	
14.71	5.96635 28.2807 -3.37777	
14.72	5.95524 28.2395 -3.45138	
14.73	5.95403 28.2154 -3.50807	
14.74	5.95214 28.1761 -3.58141	
14.75	5.93632 28.139 -3.6517	
14.76	5.93609 28.1126 -3.70431	
14.77	5.92609 28.0793 -3.78504	
14.78	5.92618 28.0513 -3.86053	
14.79	5.91673 28.0364 -3.91795	
14.8	5.9166 28.0223 -3.98933	
14.81	5.90818 28.0079 -4.04651	
14.82	5.90787 28.0058 -4.1061	
14.83	5.90114 27.996 -4.1688	
14.84	5.90363 27.9925 -4.24859	
14.85	5.90349 27.9853 -4.30521	
14.86	5.90518 27.9763 -4.38245	
14.87	5.89724 27.9662 -4.45987	
14.88	5.89736 27.961 -4.52651	
14.89	5.8982 27.9597 -4.58601	
14.9	5.88995 27.963 -4.66913	
14.91	5.8818 27.9628 -4.71842	
14.92	5.87525 27.9684 -4.80309	
14.93	5.8749 27.98 -4.86847	
14.94	5.86679 27.9855 -4.91467	
14.95	5.86009 27.9979 -4.98167	
14.96	5.8533 28.0055 -5.03722	
14.97	5.84645 28.0189 -5.08962	
14.98	5.83966 28.0323 -5.14197	
14.99	5.83349 28.0492 -5.21386	
15	5.82584 28.0651 -5.26181	
15.01	5.81946 28.0856 -5.31433	
15.02	5.81513 28.1016 -5.37969	
15.03	5.80889 28.1247 -5.42726	
15.04	5.7946 28.1442 -5.46518	
15.05	5.78928 28.1503 -5.5195	
15.06	5.78199 28.1379 -5.57762	
15.07	5.7671 28.1295 -5.61431	
15.08	5.76009 28.1199 -5.65546	
15.09	5.75259 28.1172 -5.67894	
15.1	5.7365 28.1059 -5.72019	
15.11	5.72274 28.1088 -5.74984	
15.12	5.70533 28.1045 -5.78008	
15.13	5.68989 28.1008 -5.80943	
15.14	5.67369 28.0905 -5.84238	
15.15	5.65599 28.0877 -5.86441	
15.16	5.63931 28.0852 -5.886	
15.17	5.60749 28.0849 -5.90484	
15.18	5.58349 28.0731 -5.93749	
15.19	5.56646 28.0723 -5.95095	
15.2	5.54445 28.0683 -5.97187	
15.21	5.52158 28.0664 -5.98849	
15.22	5.51316 28.0679 -6.00127	
15.23	5.49825 28.0643 -6.01233	
15.24	5.4756 28.0623 -6.02893	
15.25	5.46056 28.0533 -6.05317	
15.26	5.45227 28.0574 -6.0612	
15.27	5.43662 28.0506 -6.07737	
15.28	5.42253 28.0553 -6.08719	
15.29	5.41354 28.0461 -6.11583	
15.3	5.39646 28.0398 -6.13198	
15.31	5.38679 28.039 -6.14941	
15.32	5.36761 28.0475 -6.16507	
15.33	5.34907 28.0426 -6.18748	
15.34	5.33884 28.0367 -6.20766	
15.35	5.32211 28.0373 -6.22323	
15.36	5.31355 28.0404 -6.2418	
15.37	5.29609 28.0394 -6.26538	
15.38	5.27302 28.0331 -6.29034	
15.39	5.26521 28.0378 -6.30459	
15.4	5.24758 28.0285 -6.32223	
15.41	5.23101 28.0284 -6.33157	
15.42	5.21686 28.0252 -6.34889	
15.43	5.20248 28.0198 -6.35707	
15.44	5.19447 28.016 -6.36533	
15.45	5.18982 28.0094 -6.38117	
15.46	5.17709 28.0031 -6.38934	
15.47	5.17163 27.9989 -6.39721	
15.48	5.17344 27.9969 -6.40478	
15.49	5.16077 27.9905 -6.41295	
15.5	5.16077 27.9905 -6.41295	
15.51	5.15535 27.9863 -6.42081	
15.52	5.15465 27.9846 -6.42875	
15.53	5.14674 27.9809 -6.43342	
15.54	5.14352 27.9795 -6.44174	
15.55	5.15005 27.9802 -6.4458	
15.56	5.1493 27.9757 -6.45847	
15.57	5.1493 27.9757 -6.45847	
15.58	5.14855 27.9713 -6.47115	
15.59	5.14843 27.9651 -6.4743	
15.6	5.15394 27.9617 -6.47715	
15.61	5.15382 27.9555 -6.4803	
15.62	5.15451 27.9431 -6.48976	
15.63	5.16148 27.9327 -6.49574	
15.64	5.16297 27.9257 -6.49887	
15.65	5.16906 27.9176 -6.50048	
15.66	5.16989 27.9117 -6.50323	
15.67	5.16989 27.9117 -6.50323	
15.68	5.17786 27.9049 -6.51397	
15.69	5.17525 27.9026 -6.5191	
15.7	5.18341 27.9051 -6.51843	
15.71	5.18266 27.9032 -6.52634	
15.72	5.18821 27.9034 -6.5308	
15.73	5.18821 27.9034 -6.5308	
15.74	5.19121 27.9039 -6.53563	
15.75	5.18484 27.8992 -6.54383	
15.76	5.18408 27.8973 -6.55173	
15.77	5.18335 27.8958 -6.5561	
15.78	5.19042 27.8922 -6.56884	
15.79	5.19108 27.8806 -6.5846	
15.8	5.19091 27.8727 -6.59886	
15.81	5.19322 27.8614 -6.62101	
15.82	5.20523 27.8465 -6.65204	
15.83	5.21088 27.8348 -6.68063	
15.84	5.22731 27.8405 -6.71426	
15.85	5.24034 27.8409 -6.74112	
15.86	5.2641 27.8479 -6.77849	
15.87	5.29556 27.8502 -6.82899	
15.88	5.31667 27.8603 -6.86194	
15.89	5.34564 27.8584 -6.91526	
15.9	5.37376 27.8655 -6.95755	
15.91	5.39225 27.8644 -6.99993	
15.92	5.41938 27.8532 -7.0549	
15.93	5.43694 27.851 -7.08781	
15.94	5.45444 27.8425 -7.12395	
15.95	5.48144 27.8418 -7.16942	
15.96	5.49185 27.8402 -7.19777	
15.97	5.51265 27.8479 -7.21775	
15.98	5.52471 27.8607 -7.23476	
15.99	5.53837 27.8691 -7.25011	
16	5.552 27.8838 -7.26219	
16.01	5.56557 27.9063 -7.27744	
16.02	5.57984 27.9312 -7.28482	
16.03	5.59084 27.9534 -7.29053	
16.04	5.61039 27.9822 -7.30393	
16.05	5.62908 28.0135 -7.31528	
16.06	5.63754 28.0383 -7.32431	
16.07	5.64676 28.0681 -7.34418	
16.08	5.662 28.0994 -7.36403	
16.09	5.67046 28.1232 -7.39003	
16.1	5.67805 28.1578 -7.41113	
16.11	5.6862 28.1875 -7.43099	
16.12	5.69459 28.2155 -7.45824	
16.13	5.69596 28.2459 -7.48718	
16.14	5.70249 28.2889 -7.49974	
16.15	5.71079 28.3256 -7.51817	
16.16	5.71206 28.3709 -7.53465	
16.17	5.71945 28.4247 -7.54409	
16.18	5.72 28.4607 -7.5481	
16.19	5.72814 28.518 -7.56132	
16.2	5.73529 28.5771 -7.56961	
16.21	5.73671 28.6256 -7.57663	
16.22	5.73692 28.685 -7.59098	
16.23	5.74343 28.7199 -7.62173	
16.24	5.74891 28.765 -7.63892	
16.25	5.7492 28.8104 -7.66507	
16.26	5.74778 28.854 -7.69357	
16.27	5.74709 28.9054 -7.71585	
16.28	5.75337 28.9445 -7.75029	
16.29	5.75937 28.9972 -7.78627	
16.3	5.75875 29.0389 -7.8106	
16.31	5.75724 29.0743 -7.83913	
16.32	5.76243 29.1277 -7.86021	
16.33	5.7619 29.1596 -7.88691	
16.34	5.76215 29.1952 -7.91743	
16.35	5.76739 29.2387 -7.94087	
16.36	5.76846 29.2722 -7.97906	
16.37	5.77562 29.3064 -8.00434	
16.38	5.77611 29.3426 -8.03144	
16.39	5.77654 29.3755 -8.05694	
16.4	5.78271 29.4115 -8.07714	
16.41	5.78386 29.4567 -8.10815	
16.42	5.78529 29.4852 -8.1323	
16.43	5.79251 29.5193 -8.14269	
16.44	5.79322 29.5314 -8.14834	
16.45	6.65306 30.0485 -8.52682	
16.46	6.65206 30.0484 -8.52723	
16.47	6.65106 30.0482 -8.52763	
16.48	6.65106 30.0482 -8.52763	
16.49	6.65007 30.048 -8.52804	
16.5	6.64907 30.0478 -8.52844	
16.51	6.64807 30.0476 -8.52885	
16.52	6.64807 30.0476 -8.52885	
16.53	6.64807 30.0476 -8.52885	
16.54	6.64708 30.0474 -8.52926	
16.55	6.64708 30.0474 -8.52926	
16.56	6.64608 30.0473 -8.52967	
16.57	6.64509 30.0471 -8.53008	
16.58	6.64565 30.0438 -8.54039	
16.59	6.63815 30.0457 -8.533	
16.6	6.63321 30.0448 -8.53512	
16.61	6.64382 30.0341 -8.57036	
16.62	6.62338 30.0428 -8.53944	
16.63	6.61751 30.0416 -8.54209	
16.64	6.6136 30.0383 -8.55184	
16.65	6.61068 30.0402 -8.54523	
16.66	6.61137 30.0394 -8.54779	
16.67	6.60486 30.039 -8.54797	
16.68	6.60099 30.0381 -8.54981	
16.69	6.59521 30.0369 -8.55262	
16.7	6.59137 30.036 -8.55451	
16.71	6.59137 30.036 -8.55451	
16.72	6.58754 30.0351 -8.55642	
16.73	6.59116 30.0324 -8.56563	
16.74	6.58181 30.0338 -8.55932	
16.75	6.58181 30.0338 -8.55932	
16.76	6.57991 30.0334 -8.56029	
16.77	6.578 30.0329 -8.56127	
16.78	6.5826 30.033 -8.56206	
16.79	6.58165 30.0328 -8.56255	
16.8	6.57975 30.0298 -8.5715	
16.81	6.59176 30.0305 -8.57161	
16.82	6.57881 30.0321 -8.56404	
16.83	6.5834 30.0322 -8.56484	
16.84	6.59638 30.0331 -8.56446	
16.85	6.57691 30.0291 -8.57299	
16.86	6.58246 30.0319 -8.56534	
16.87	6.58989 30.0326 -8.56465	
16.88	6.58246 30.0319 -8.56534	
16.89	6.58896 30.035 -8.55719	
16.9	6.60101 30.0357 -8.55731	
16.91	6.60104 30.0383 -8.54935	
16.92	6.60107 30.0408 -8.54139	
16.93	6.57503 30.0338 -8.55808	
16.94	6.57504 30.0363 -8.55012	
16.95	6.56854 30.0333 -8.55828	
16.96	6.56854 30.0307 -8.56623	
16.97	6.56205 30.0327 -8.55848	
16.98	6.56854 30.0358 -8.55031	
16.99	6.56111 30.0325 -8.55898	
17	6.5676 30.0305 -8.56674	
17.01	6.5611 30.0351 -8.55102	
17.02	6.56109 30.0376 -8.54306	
17.03	6.5676 30.033 -8.55878	
17.04	6.5676 30.0356 -8.55082	
17.05	6.56666 30.0302 -8.56724	
17.06	6.56666 30.0302 -8.56724	
17.07	6.57315 30.0359 -8.55112	
17.08	6.56666 30.0302 -8.56724	
17.09	6.57315 30.0333 -8.55908	
17.1	6.57315 30.0333 -8.55908	
17.11	6.5741 30.0361 -8.55062	
17.12	6.57967 30.0389 -8.54296	
17.13	6.58062 30.0417 -8.53449	
17.14	6.57969 30.044 -8.52702	
17.15	6.58621 30.0445 -8.52683	
17.16	6.58621 30.0445 -8.52683	
17.17	6.59276 30.0475 -8.51867	
17.18	6.59278 30.05 -8.51069	
17.19	6.58625 30.0495 -8.51088	
17.2	6.59278 30.05 -8.51069	
17.21	6.59935 30.0529 -8.50252	
17.22	6.59281 30.0525 -8.50271	
17.23	6.59935 30.0529 -8.50252	
17.24	6.59935 30.0529 -8.50252	
17.25	6.59935 30.0529 -8.50252	
17.26	6.59935 30.0529 -8.50252	
17.27	6.59281 30.0525 -8.50271	
17.28	6.59938 30.0554 -8.49454	
17.29	6.59938 30.0554 -8.49454	
17.3	6.59938 30.0554 -8.49454	
17.31	6.59938 30.0554 -8.49454	
17.32	6.59938 30.0554 -8.49454	
17.33	6.59938 30.0554 -8.49454	
17.34	6.59938 30.0554 -8.49454	
17.35	6.59938 30.0554 -8.49454	
17.36	6.59938 30.0554 -8.49454	
17.37	6.59941 30.0579 -8.48656	
17.38	6.59941 30.0579 -8.48656	
17.39	6.59938 30.0554 -8.49454	
17.4	6.59938 30.0554 -8.49454	
17.41	6.59844 30.0552 -8.49505	
17.42	6.59938 30.0554 -8.49454	
17.43	6.59938 30.0554 -8.49454	
17.44	6.59938 30.0554 -8.49454	
17.45	6.59941 30.0579 -8.48656	
17.46	6.59941 30.0579 -8.48656	
17.47	6.59938 30.0554 -8.49454	
17.48	6.60597 30.0584 -8.48637	
17.49	6.60597 30.0584 -8.48637	
17.5	6.60593 30.0559 -8.49436	
17.51	6.59844 30.0552 -8.49505	
17.52	6.60593 30.0559 -8.49436	
17.53	6.59938 30.0554 -8.49454	
17.54	6.59844 30.0552 -8.49505	
17.55	6.59941 30.0579 -8.48656	
17.56	6.60499 30.0557 -8.49486	
17.57	6.59941 30.0579 -8.48656	
17.58	6.59941 30.0579 -8.48656	
17.59	6.59844 30.0552 -8.49505	
17.6	6.60499 30.0557 -8.49486	
17.61	6.60593 30.0559 -8.49436	
17.62	6.59938 30.0554 -8.49454	
17.63	6.59847 30.0577 -8.48706	
17.64	6.59847 30.0577 -8.48706	
17.65	6.60503 30.0582 -8.48688	
17.66	6.60503 30.0582 -8.48688	
17.67	6.59847 30.0577 -8.48706	
17.68	6.59941 30.0579 -8.48656	
17.69	6.59844 30.0552 -8.49505	
17.7	6.59941 30.0579 -8.48656	
17.71	6.59941 30.0579 -8.48656	
17.72	6.60597 30.0584 -8.48637	
17.73	6.60499 30.0557 -8.49486	
17.74	6.59844 30.0552 -8.49505	
17.75	6.59844 30.0552 -8.49505	
17.76	6.59941 30.0579 -8.48656	
17.77	6.59941 30.0579 -8.48656	
17.78	6.60593 30.0559 -8.49436	
17.79	6.60499 30.0557 -8.49486	
17.8	6.60593 30.0559 -8.49436	
17.81	6.59844 30.0552 -8.49505	
17.82	6.59844 30.0552 -8.49505	
17.83	6.60499 30.0557 -8.49486	
17.84	6.59938 30.0554 -8.49454	
17.85	6.59844 30.0552 -8.49505	
17.86	6.59844 30.0552 -8.49505	
17.87	6.60499 30.0557 -8.49486	
17.88	6.60499 30.0557 -8.49486	
17.89	6.60499 30.0557 -8.49486	
17.9	6.59844 30.0552 -8.49505	
17.91	6.59844 30.0552 -8.49505	
17.92	6.60499 30.0557 -8.49486	
17.93	6.59938 30.0554 -8.49454	
17.94	6.59938 30.0554 -8.49454	
17.95	6.60593 30.0559 -8.49436	
17.96	6.60593 30.0559 -8.49436	
17.97	6.60499 30.0557 -8.49486	
17.98	6.60499 30.0557 -8.49486	
17.99	6.60499 30.0557 -8.49486	
18	6.59938 30.0554 -8.49454	
18.01	6.60593 30.0559 -8.49436	
18.02	6.59938 30.0554 -8.49454	
18.03	6.59844 30.0552 -8.49505	
18.04	6.59844 30.0552 -8.49505	
18.05	6.59844 30.0552 -8.49505	
18.06	6.60499 30.0557 -8.49486	
18.07	6.60499 30.0557 -8.49486	
18.08	6.60593 30.0559 -8.49436	
18.09	6.59938 30.0554 -8.49454	
18.1	6.59941 30.0579 -8.48656	
18.11	6.60499 30.0557 -8.49486	
18.12	6.59844 30.0552 -8.49505	
18.13	6.60499 30.0557 -8.49486	
18.14	6.59844 30.0552 -8.49505	
18.15	6.60597 30.0584 -8.48637	
18.16	6.59938 30.0554 -8.49454	
18.17	6.59844 30.0552 -8.49505	
18.18	6.59844 30.0552 -8.49505	
18.19	6.60503 30.0582 -8.48688	
18.2	6.59941 30.0579 -8.48656	
18.21	6.59938 30.0554 -8.49454	
18.22	6.59941 30.0579 -8.48656	
18.23	6.59938 30.0554 -8.49454	
18.24	6.59938 30.0554 -8.49454	
18.25	6.59938 30.0554 -8.49454	
18.26	6.59941 30.0579 -8.48656	
18.27	6.60499 30.0557 -8.49486	
18.28	6.59844 30.0552 -8.49505	
18.29	6.59844 30.0552 -8.49505	
18.3	6.59941 30.0579 -8.48656	
18.31	6.59941 30.0579 -8.48656	
18.32	6.59844 30.0552 -8.49505	
18.33	6.59844 30.0552 -8.49505	
18.34	6.59941 30.0579 -8.48656	
18.35	6.60499 30.0557 -8.49486	
18.36	6.61153 30.0562 -8.49468	
18.37	6.60593 30.0559 -8.49436	
18.38	6.60499 30.0557 -8.49486	
18.39	6.59844 30.0552 -8.49505	
18.4	6.60499 30.0557 -8.49486	
18.41	6.60503 30.0582 -8.48688	
18.42	6.60499 30.0557 -8.49486	
18.43	6.59847 30.0577 -8.48706	
18.44	6.60499 30.0557 -8.49486	
18.45	6.60499 30.0557 -8.49486	
18.46	6.60503 30.0582 -8.48688	
18.47	6.60597 30.0584 -8.48637	
18.48	6.60597 30.0584 -8.48637	
18.49	6.60499 30.0557 -8.49486	
18.5	6.59941 30.0579 -8.48656	
18.51	6.59938 30.0554 -8.49454	
18.52	6.59844 30.0552 -8.49505	
18.53	6.59938 30.0554 -8.49454	
18.54	6.59844 30.0552 -8.49505	
18.55	6.59938 30.0554 -8.49454	
18.56	6.59844 30.0552 -8.49505	
18.57	6.59844 30.0552 -8.49505	
18.58	6.60499 30.0557 -8.49486	
18.59	6.60499 30.0557 -8.49486	
18.6	6.60499 30.0557 -8.49486	
18.61	6.59938 30.0554 -8.49454	
18.62	6.60593 30.0559 -8.49436	
18.63	6.60499 30.0557 -8.49486	
18.64	6.60499 30.0557 -8.49486	
18.65	6.60593 30.0559 -8.49436	
18.66	6.59844 30.0552 -8.49505	
18.67	6.59941 30.0579 -8.48656	
18.68	6.60593 30.0559 -8.49436	
18.69	6.60499 30.0557 -8.49486	
