# Gnuplot File : velocities of 1 particle(s) Monitored
# 1st Column : time, others : particle(s) number 0 
0.01	0 0 -0.019274	
0.02	0 0 -0.0378484	
0.03	0 0 -0.0557485	
0.04	0 0 -0.0729989	
0.05	0 0 -0.0896231	
0.06	0 0 -0.105644	
0.07	0 0 -0.121083	
0.08	0 0 -0.135962	
0.09	0 0 -0.150301	
0.1	0 0 -0.164119	
0.11	0 0 -0.177435	
0.12	0 0 -0.190269	
0.13	0 0 -0.202636	
0.14	0 0 -0.214554	
0.15	0 0 -0.22604	
0.16	0 0 -0.237109	
0.17	0 0 -0.247776	
0.18	0 0 -0.258056	
0.19	0 0 -0.267963	
0.2	0 0 -0.27751	
0.21	0 0 -0.28671	
0.22	-6.96217e-18 0 -0.295577	
0.23	-3.01475e-18 0 -0.304122	
0.24	3.36847e-18 0 -0.312356	
0.25	1.14207e-17 0 -0.320292	
0.26	2.00913e-17 0 -0.32794	
0.27	2.18924e-17 0 -0.33531	
0.28	2.17915e-17 0 -0.342412	
0.29	2.08727e-17 0 -0.349257	
0.3	2.03614e-17 0 -0.355853	
0.31	2.03536e-17 0 -0.36221	
0.32	2.05346e-17 0 -0.368336	
0.33	1.97552e-17 0 -0.374239	
0.34	1.35545e-17 0 -0.379929	
0.35	-5.33151e-18 0 -0.385412	
0.36	-1.98772e-17 0 -0.390695	
0.37	-3.637e-17 0 -0.395787	
0.38	-5.39032e-17 0 -0.400695	
0.39	-6.96241e-17 0 -0.405424	
0.4	-1.05579e-16 0 -0.409981	
0.41	-1.22453e-16 0 -0.414373	
0.42	-1.30721e-16 0 -0.418606	
0.43	-1.3059e-16 0 -0.422684	
0.44	-1.25587e-16 0 -0.426615	
0.45	-1.19892e-16 0 -0.430403	
0.46	-2.58805e-16 0 -0.434054	
0.47	-3.54388e-16 0 -0.437572	
0.48	-3.41054e-16 0 -0.440963	
0.49	-3.29712e-16 0 -0.44423	
0.5	-4.25144e-16 0 -0.447379	
0.51	-4.11229e-16 0 -0.450413	
0.52	-3.94651e-16 0 -0.453337	
0.53	-3.69787e-16 0 -0.456155	
0.54	-3.3198e-16 0 -0.458871	
0.55	-2.80579e-16 0 -0.461489	
0.56	-2.1277e-16 0 -0.464011	
0.57	-1.20078e-16 0 -0.466442	
0.58	-2.44496e-17 0 -0.468784	
0.59	5.92391e-17 0 -0.471041	
0.6	1.23917e-16 0 -0.473217	
0.61	1.60293e-16 0 -0.475313	
0.62	2.69758e-16 0 -0.477334	
0.63	2.82917e-16 0 -0.479281	
0.64	2.82967e-16 0 -0.481157	
0.65	2.76209e-16 0 -0.482966	
0.66	2.71026e-16 0 -0.484708	
0.67	2.6766e-16 0 -0.486388	
0.68	3.38132e-16 0 -0.488006	
0.69	3.27152e-16 0 -0.489566	
0.7	3.1517e-16 0 -0.491069	
0.71	2.98749e-16 0 -0.492517	
0.72	3.59157e-16 0 -0.493913	
0.73	3.43864e-16 0 -0.495259	
0.74	3.27332e-16 0 -0.496555	
0.75	3.11067e-16 0 -0.497804	
0.76	2.98575e-16 0 -0.499008	
0.77	3.60753e-16 0 -0.500169	
0.78	3.44339e-16 0 -0.501287	
0.79	3.29572e-16 0 -0.502365	
0.8	3.89385e-16 0 -0.503403	
0.81	3.75592e-16 0 -0.504404	
0.82	3.61873e-16 0 -0.505368	
0.83	3.48826e-16 0 -0.506298	
0.84	3.35963e-16 0 -0.507193	
0.85	3.96813e-16 0 -0.508057	
0.86	3.83257e-16 0 -0.508889	
0.87	3.69154e-16 0 -0.50969	
0.88	3.52529e-16 0 -0.510463	
0.89	3.37167e-16 0 -0.511207	
0.9	3.22636e-16 0 -0.511925	
0.91	3.80473e-16 0 -0.512616	
0.92	3.65248e-16 0 -0.513283	
0.93	3.51349e-16 0 -0.513925	
0.94	3.38608e-16 0 -0.514544	
0.95	3.89035e-16 0 -0.51514	
0.96	3.8821e-16 0 -0.51514	
0.97	3.86899e-16 0 -0.51514	
0.98	3.86373e-16 0 -0.51514	
0.99	3.85774e-16 0 -0.51514	
1	3.85118e-16 0 -0.51514	
1.01	3.85146e-16 0 -0.51514	
1.02	3.85175e-16 0 -0.51514	
1.03	3.84547e-16 0 -0.51514	
1.04	3.85203e-16 0 -0.51514	
1.05	3.85826e-16 0 -0.51514	
1.06	3.86449e-16 0 -0.51514	
1.07	3.87038e-16 0 -0.51514	
1.08	3.86112e-16 0 -0.51514	
1.09	3.85655e-16 0 -0.51514	
1.1	3.84961e-16 0 -0.51514	
1.11	3.84398e-16 0 -0.51514	
1.12	3.83391e-16 0 -0.51514	
1.13	3.8193e-16 0 -0.51514	
1.14	3.81128e-16 0 -0.51514	
1.15	3.8053e-16 0 -0.51514	
1.16	3.78654e-16 0 -0.51514	
1.17	3.77042e-16 0 -0.51514	
1.18	3.76025e-16 0 -0.51514	
1.19	3.76024e-16 0 -0.51514	
1.2	3.75106e-16 0 -0.51514	
1.21	3.74642e-16 0 -0.51514	
1.22	3.74396e-16 0 -0.51514	
1.23	3.73301e-16 0 -0.51514	
1.24	3.72836e-16 0 -0.51514	
1.25	3.7213e-16 0 -0.51514	
1.26	3.71701e-16 0 -0.51514	
1.27	3.71062e-16 0 -0.51514	
1.28	3.71062e-16 0 -0.51514	
1.29	3.71091e-16 0 -0.51514	
1.3	3.71091e-16 0 -0.51514	
1.31	3.72001e-16 0 -0.51514	
1.32	3.72203e-16 0 -0.51514	
1.33	3.74483e-16 0 -0.51514	
1.34	3.7594e-16 0 -0.51514	
1.35	3.76073e-16 0 -0.51514	
1.36	3.76206e-16 0 -0.51514	
1.37	3.76794e-16 0 -0.51514	
1.38	3.77563e-16 0 -0.51514	
1.39	3.78281e-16 0 -0.51514	
1.4	3.79425e-16 0 -0.51514	
1.41	3.81643e-16 0 -0.51514	
1.42	3.83056e-16 0 -0.51514	
1.43	3.83948e-16 0 -0.51514	
1.44	3.83627e-16 0 -0.51514	
1.45	3.8372e-16 0 -0.51514	
1.46	3.83992e-16 0 -0.51514	
1.47	3.84535e-16 0 -0.51514	
1.48	3.84687e-16 0 -0.51514	
1.49	3.84587e-16 0 -0.51514	
1.5	3.84548e-16 0 -0.51514	
1.51	3.8451e-16 0 -0.51514	
1.52	3.84471e-16 0 -0.51514	
1.53	3.84576e-16 0 -0.51514	
1.54	3.84599e-16 0 -0.51514	
1.55	3.85569e-16 0 -0.51514	
1.56	3.86454e-16 0 -0.51514	
1.57	3.86003e-16 0 -0.51514	
1.58	3.85491e-16 0 -0.51514	
1.59	3.85491e-16 0 -0.51514	
1.6	3.85491e-16 0 -0.51514	
1.61	3.84833e-16 0 -0.51514	
1.62	3.85697e-16 0 -0.51514	
1.63	3.8652e-16 0 -0.51514	
1.64	3.87549e-16 0 -0.51514	
1.65	3.88126e-16 0 -0.51514	
1.66	3.88497e-16 0 -0.51514	
1.67	3.90993e-16 0 -0.51514	
1.68	3.91731e-16 0 -0.51514	
1.69	3.92837e-16 0 -0.51514	
1.7	3.9321e-16 0 -0.51514	
1.71	3.94433e-16 0 -0.51514	
1.72	3.94545e-16 0 -0.51514	
1.73	3.93016e-16 0 -0.51514	
1.74	3.91752e-16 0 -0.51514	
1.75	3.90118e-16 0 -0.51514	
1.76	3.8893e-16 0 -0.51514	
1.77	3.88642e-16 0 -0.51514	
1.78	3.88107e-16 0 -0.51514	
1.79	3.88227e-16 0 -0.51514	
1.8	3.87439e-16 0 -0.51514	
1.81	3.8759e-16 0 -0.51514	
1.82	3.87968e-16 0 -0.51514	
1.83	3.88235e-16 0 -0.51514	
1.84	3.88369e-16 0 -0.51514	
1.85	3.89022e-16 0 -0.51514	
1.86	3.88213e-16 0 -0.51514	
1.87	3.87852e-16 0 -0.51514	
1.88	3.86564e-16 0 -0.51514	
1.89	3.8611e-16 0 -0.51514	
1.9	3.86358e-16 0 -0.51514	
1.91	3.88047e-16 0 -0.51514	
1.92	3.89656e-16 0 -0.51514	
1.93	3.90798e-16 0 -0.51514	
1.94	3.91384e-16 0 -0.51514	
1.95	3.91949e-16 0 -0.51514	
1.96	3.92309e-16 0 -0.51514	
1.97	3.93118e-16 0 -0.51514	
1.98	3.93476e-16 0 -0.51514	
1.99	3.93175e-16 0 -0.51514	
2	3.94088e-16 0 -0.51514	
2.01	3.9539e-16 0 -0.51514	
2.02	3.97728e-16 0 -0.51514	
2.03	3.98766e-16 0 -0.51514	
2.04	3.99407e-16 0 -0.51514	
2.05	3.99413e-16 0 -0.51514	
2.06	3.99668e-16 0 -0.51514	
2.07	4.00325e-16 0 -0.51514	
2.08	4.0033e-16 0 -0.51514	
2.09	4.01453e-16 0 -0.51514	
2.1	4.01599e-16 0 -0.51514	
2.11	4.0255e-16 0 -0.51514	
2.12	4.03957e-16 0 -0.51514	
2.13	4.04707e-16 0 -0.51514	
2.14	4.05706e-16 0 -0.51514	
2.15	4.05269e-16 0 -0.51514	
2.16	4.05508e-16 0 -0.51514	
2.17	4.05226e-16 0 -0.51514	
2.18	4.05656e-16 0 -0.51514	
2.19	4.05913e-16 0 -0.51514	
2.2	4.07108e-16 0 -0.51514	
2.21	4.08525e-16 0 -0.51514	
2.22	4.09239e-16 0 -0.51514	
2.23	4.08569e-16 0 -0.51514	
2.24	4.06759e-16 0 -0.51514	
2.25	4.05483e-16 0 -0.51514	
2.26	4.04224e-16 0 -0.51514	
2.27	4.04023e-16 0 -0.51514	
2.28	4.03933e-16 0 -0.51514	
2.29	4.04311e-16 0 -0.51514	
2.3	4.04501e-16 0 -0.51514	
2.31	4.05006e-16 0 -0.51514	
2.32	4.04803e-16 0 -0.51514	
2.33	4.04681e-16 0 -0.51514	
2.34	4.04497e-16 0 -0.51514	
2.35	4.0442e-16 0 -0.51514	
2.36	4.03891e-16 0 -0.51514	
2.37	4.04377e-16 0 -0.51514	
2.38	4.04807e-16 0 -0.51514	
2.39	4.05642e-16 0 -0.51514	
2.4	4.0546e-16 0 -0.51514	
2.41	4.04931e-16 0 -0.51514	
2.42	4.04725e-16 0 -0.51514	
2.43	4.04518e-16 0 -0.51514	
2.44	4.04336e-16 0 -0.51514	
2.45	4.04714e-16 0 -0.51514	
2.46	0.488495 -7.10569 18.1421	
2.47	0.470693 -6.84854 17.4637	
2.48	1.67202 -9.54774 24.5006	
2.49	1.60817 -9.28979 23.5566	
2.5	3.21737 -11.5796 29.8037	
2.51	3.09671 -11.2079 28.6703	
2.52	3.00565 -11.0438 27.9884	
2.53	2.89291 -10.6877 26.9228	
2.54	2.78564 -10.3266 25.9073	
2.55	2.68455 -9.94418 24.9474	
2.56	1.94181 -8.53634 19.007	
2.57	-9.13941 -1.83897 10.9322	
2.58	-8.73864 -1.71222 10.6417	
2.59	-5.46259 0.329872 5.61538	
2.6	-5.2275 0.142485 6.29907	
2.61	-29.8053 9.34217 10.3642	
2.62	-21.3575 8.07172 9.17937	
2.63	7.28048 -8.0623 -6.62754	
2.64	17.638 -11.4367 -8.12382	
2.65	-17.119 -14.4724 -2.77396	
2.66	-7.31021 -1.09301 -6.43075	
2.67	-3.31827 -14.3286 -17.3098	
2.68	5.14716 -5.85023 -13.027	
2.69	6.48954 -4.145 -10.3677	
2.7	13.7026 1.28156 -2.60961	
2.71	12.7598 1.44527 -2.96824	
2.72	9.2415 5.86902 11.0052	
2.73	8.75849 5.7565 10.3983	
2.74	8.19236 6.26762 12.399	
2.75	7.07041 7.35656 12.3502	
2.76	0.971931 6.67375 13.0518	
2.77	1.006 6.25273 12.6336	
2.78	0.988511 5.95806 12.1683	
2.79	0.978917 5.63485 11.7397	
2.8	1.0023 5.33914 11.6051	
2.81	0.989307 5.08954 11.21	
2.82	0.96029 4.85673 10.7789	
2.83	0.97268 4.69277 10.4771	
2.84	1.04102 4.51606 10.3022	
2.85	0.967795 4.58302 9.92753	
2.86	0.884966 4.53049 9.49079	
2.87	0.939924 4.08243 9.19965	
2.88	1.12029 3.07271 8.95736	
2.89	1.31866 2.16374 8.80444	
2.9	1.47059 1.43815 8.63376	
2.91	1.70069 0.640667 8.61182	
2.92	2.01377 -0.413737 8.67169	
2.93	2.27163 -1.28692 8.69285	
2.94	2.52435 -1.92503 8.80735	
2.95	2.70464 -2.37251 8.84885	
2.96	2.89844 -2.8692 8.90552	
2.97	3.09994 -3.32006 9.00402	
2.98	3.2403 -3.79907 8.96236	
2.99	3.37908 -4.17815 8.96435	
3	3.4561 -4.5295 8.84771	
3.01	3.4807 -4.69287 8.69956	
3.02	3.51712 -4.78546 8.61174	
3.03	3.53786 -4.68787 8.57358	
3.04	3.54643 -4.71116 8.46279	
3.05	3.55966 -4.70989 8.37682	
3.06	3.55275 -4.63886 8.27998	
3.07	3.50384 -4.56121 8.09786	
3.08	3.45293 -4.41318 7.94459	
3.09	3.38469 -4.30072 7.74222	
3.1	3.29593 -4.21309 7.48813	
3.11	3.1887 -4.11097 7.20306	
3.12	3.08582 -3.98848 6.93938	
3.13	2.99406 -3.85003 6.70998	
3.14	2.8838 -3.74817 6.42787	
3.15	2.78839 -3.60204 6.19981	
3.16	2.69696 -3.49845 5.96562	
3.17	2.6042 -3.42588 5.71835	
3.18	2.50401 -3.36613 5.45215	
3.19	2.40829 -3.27766 5.21031	
3.2	2.31739 -3.14021 5.00197	
3.21	2.23839 -2.98388 4.83003	
3.22	2.16195 -2.84317 4.6595	
3.23	2.08728 -2.72311 4.48646	
3.24	2.01924 -2.61054 4.327	
3.25	1.93667 -2.56261 4.1108	
3.26	1.85799 -2.50493 3.90917	
3.27	1.78449 -2.43186 3.72727	
3.28	1.71876 -2.34756 3.56895	
3.29	1.65909 -2.24964 3.43138	
3.3	1.6039 -2.13863 3.31084	
3.31	1.5454 -2.05284 3.17417	
3.32	1.49241 -1.9744 3.04813	
3.33	1.44044 -1.90135 2.92363	
3.34	1.38454 -1.84738 2.78401	
3.35	1.32963 -1.78439 2.65178	
3.36	1.2797 -1.71311 2.53531	
3.37	1.2292 -1.65763 2.41235	
3.38	1.18131 -1.59973 2.29737	
3.39	1.13536 -1.54487 2.18665	
3.4	1.09196 -1.49096 2.0823	
3.41	1.05016 -1.44543 1.97911	
3.42	1.01083 -1.39713 1.88359	
3.43	0.973211 -1.3428 1.79543	
3.44	-0.950104 -2.9776 8.86547	
3.45	-2.66383 -6.63138 24.0102	
3.46	-2.56214 -6.90354 24.8239	
3.47	-2.01269 -10.6706 41.7106	
3.48	-1.92013 -10.244 40.1809	
3.49	9.99833 15.7543 1.22167	
3.5	3.92645 11.1467 2.1659	
3.51	-13.8274 2.53201 -10.8407	
3.52	2.3732 -20.7068 9.56128	
3.53	-1.81597 -17.8912 11.9655	
3.54	-1.05271 -17.7508 11.299	
3.55	-22.6468 -1.05991 9.75434	
3.56	-9.14055 -4.3397 0.762119	
3.57	20.6415 -12.7595 -12.2766	
3.58	-6.81977 -0.542894 11.9212	
3.59	-0.819874 -13.0745 -4.03935	
3.6	3.53618 -3.84722 -12.6787	
3.61	7.01539 -13.7176 -20.4762	
3.62	38.3986 -21.9454 -60.9675	
3.63	-32.3411 17.7569 -30.5097	
3.64	-6.06405 10.5507 0.261733	
3.65	-5.74089 17.0148 9.40656	
3.66	-5.54355 16.5429 9.42128	
3.67	-5.51299 15.8952 9.37765	
3.68	-5.49163 15.3935 9.31158	
3.69	-5.53987 14.7657 9.41521	
3.7	-5.51181 14.1624 9.38226	
3.71	-5.44929 13.5265 9.30461	
3.72	-5.40302 12.722 9.31455	
3.73	-5.16057 11.8456 9.0047	
3.74	-4.88303 11.1122 8.59346	
3.75	-4.64589 10.2151 8.31046	
3.76	-4.43312 9.38985 8.05344	
3.77	-4.19406 8.74297 7.69893	
3.78	-4.05865 8.19715 7.50154	
3.79	-3.6711 7.86882 6.79335	
3.8	-3.45002 7.33129 6.45048	
3.81	-3.31193 6.99278 6.1969	
3.82	-3.18102 6.71096 5.94248	
3.83	-3.04428 6.54587 5.64517	
3.84	-2.91798 6.2605 5.40791	
3.85	-2.79489 5.8946 5.20524	
3.86	-2.70269 5.51745 5.0645	
3.87	-2.58259 5.16769 4.86914	
3.88	-2.49269 4.91275 4.70102	
3.89	-2.43691 4.6878 4.58726	
3.9	-2.39929 4.61396 4.46154	
3.91	-2.27026 4.55711 4.17128	
3.92	-2.09158 4.34606 3.84406	
3.93	-2.0153 4.06354 3.72365	
3.94	-1.94644 3.89864 3.58227	
3.95	-1.64036 4.21049 2.87336	
3.96	-1.59607 3.9092 2.82331	
3.97	-1.55399 3.57915 2.78856	
3.98	-1.51897 3.21577 2.77907	
3.99	-1.48073 2.90558 2.74944	
4	-1.44629 2.62355 2.71986	
4.01	-1.41775 2.23154 2.73724	
4.02	-1.37232 2.08043 2.65124	
4.03	-1.28802 2.44103 2.33808	
4.04	-1.21406 2.63447 2.0974	
4.05	-1.14422 2.86866 1.85306	
4.06	-1.08353 3.0051 1.65727	
4.07	-1.02427 3.14272 1.46527	
4.08	-0.985279 3.05173 1.38237	
4.09	-0.95088 2.93819 1.3162	
4.1	-0.916566 2.83272 1.24914	
4.11	-0.883463 2.73107 1.18446	
4.12	-0.853513 2.63246 1.12578	
4.13	-0.823128 2.53632 1.06688	
