# Gnuplot File : positions of 1 particle(s) Monitored
# 1st Column : time, others : particle(s) number 0 
0.01	8.03482 14.1369 5.51182	
0.02	8.03482 14.1369 5.51164	
0.03	8.03482 14.1369 5.51146	
0.04	8.03482 14.1369 5.51128	
0.05	8.03277 14.1358 5.50883	
0.06	8.03277 14.1358 5.50867	
0.07	8.03277 14.1358 5.50852	
0.08	8.03482 14.1369 5.51066	
0.09	8.03481 14.1342 5.50965	
0.1	8.03482 14.1369 5.51037	
0.11	8.03482 14.1369 5.51024	
0.12	8.03482 14.1369 5.51011	
0.13	8.03277 14.1358 5.5077	
0.14	8.03482 14.1369 5.50987	
0.15	8.03482 14.1369 5.50975	
0.16	8.03482 14.1369 5.50964	
0.17	8.03482 14.1369 5.50954	
0.18	8.03277 14.1358 5.50715	
0.19	8.03482 14.1369 5.50933	
0.2	8.03481 14.1342 5.50838	
0.21	8.03498 14.1392 5.51006	
0.22	8.03482 14.1369 5.50906	
0.23	8.03498 14.1392 5.50988	
0.24	8.03482 14.1369 5.50889	
0.25	8.03482 14.1369 5.50881	
0.26	8.03482 14.1369 5.50874	
0.27	8.03482 14.1369 5.50866	
0.28	8.03481 14.1342 5.50773	
0.29	8.03277 14.1358 5.50624	
0.3	8.03482 14.1369 5.50846	
0.31	8.03277 14.1358 5.50611	
0.32	8.03482 14.1369 5.50833	
0.33	8.03482 14.1369 5.50827	
0.34	8.03482 14.1369 5.50822	
0.35	8.03481 14.1342 5.5073	
0.36	8.03482 14.1369 5.50811	
0.37	8.03482 14.1369 5.50806	
0.38	8.03481 14.1342 5.50714	
0.39	8.03482 14.1369 5.50796	
0.4	8.03247 14.1285 5.50294	
0.41	8.03043 14.1275 5.50061	
0.42	8.03247 14.1285 5.50286	
0.43	8.04065 14.1327 5.51196	
0.44	8.08657 14.1551 5.56151	
0.45	8.12502 14.1709 5.6003	
0.46	8.12116 14.1734 5.59763	
0.47	8.0145 14.1239 5.48379	
0.48	7.93842 14.0824 5.39193	
0.49	7.9105 14.0661 5.35569	
0.5	7.81836 14.0014 5.2219	
0.51	7.74945 13.9521 5.10941	
0.52	7.71314 13.9228 5.04332	
0.53	7.697 13.9056 5.01017	
0.54	7.6903 13.8995 4.99672	
0.55	7.69578 13.8358 5.09818	
0.56	7.67824 13.6258 5.35609	
0.57	7.66374 13.3422 5.57579	
0.58	7.67162 13.0082 5.78063	
0.59	7.67938 12.5259 6.10134	
0.6	7.69091 11.8506 6.4679	
0.61	7.71138 11.1958 6.85099	
0.62	7.73317 10.561 7.29045	
0.63	7.7451 9.93244 7.81149	
0.64	7.79485 9.27804 8.3203	
0.65	7.83033 8.6042 8.62456	
0.66	7.85959 8.00807 8.75141	
0.67	7.89853 7.5673 8.92861	
0.68	7.92942 7.25184 8.95474	
0.69	7.94363 7.04626 8.83965	
0.7	7.95187 6.96977 8.76145	
0.71	7.98306 6.8696 8.79775	
0.72	7.98462 6.81201 9.29696	
0.73	8.18666 6.69808 10.1393	
0.74	8.70738 6.59619 10.7651	
0.75	9.24988 6.44496 11.0086	
0.76	9.76917 6.24039 11.2852	
0.77	10.09 6.01163 11.3631	
0.78	10.3176 5.76683 11.32	
0.79	10.4419 5.61658 11.2999	
0.8	10.5255 5.46543 11.3453	
0.81	10.5621 5.31031 11.437	
0.82	10.5374 5.18767 11.5115	
0.83	10.3771 5.0987 11.6823	
0.84	10.1935 5.02851 11.9963	
0.85	9.97436 4.98711 12.2271	
0.86	9.71606 4.9461 12.4048	
0.87	9.48356 4.9215 12.8059	
0.88	9.27385 4.89898 13.059	
0.89	9.05635 4.88526 13.0784	
0.9	8.89343 4.76956 13.0715	
0.91	8.70363 4.64246 12.8751	
0.92	8.57536 4.57814 12.7123	
0.93	8.49077 4.5731 12.5733	
0.94	8.4197 4.56051 12.457	
0.95	8.36928 4.54831 12.3911	
0.96	8.37488 4.54207 12.3591	
0.97	8.50998 4.50364 12.3353	
0.98	8.68319 4.45633 12.3076	
0.99	8.77281 4.45612 12.2724	
1	8.89036 4.46889 12.2583	
1.01	8.96083 4.47487 12.2615	
1.02	8.98945 4.48362 12.2484	
1.03	8.96868 4.48409 12.2272	
1.04	8.97559 4.49174 12.196	
1.05	8.99559 4.48487 12.1341	
1.06	8.98563 4.45934 12.051	
1.07	8.92931 4.44704 11.9857	
1.08	8.89583 4.4566 11.9516	
1.09	8.89282 4.45649 11.9065	
1.1	8.90578 4.43766 11.8683	
1.11	8.91247 4.42239 11.8682	
1.12	8.93415 4.39138 11.9138	
1.13	8.96305 4.36378 11.9505	
1.14	9.02654 4.33653 11.9013	
1.15	9.10028 4.33388 11.8034	
1.16	9.20034 4.37111 11.7338	
1.17	9.32397 4.43763 11.761	
1.18	9.46332 4.49756 11.8328	
1.19	9.60392 4.53147 11.9308	
1.2	9.70019 4.54814 12.0259	
1.21	9.7728 4.53604 12.1092	
1.22	9.81906 4.50048 12.1878	
1.23	9.84621 4.45775 12.2542	
1.24	9.84925 4.39657 12.3062	
1.25	9.81284 4.30926 12.3398	
1.26	9.7675 4.24561 12.3505	
1.27	9.71509 4.1859 12.3491	
1.28	9.65292 4.14282 12.3304	
1.29	9.57144 4.12164 12.2975	
1.3	9.48969 4.12176 12.2589	
1.31	9.42445 4.16378 12.2007	
1.32	9.37186 4.21282 12.1286	
1.33	9.40154 4.27412 12.0564	
1.34	9.50082 4.33281 12.059	
1.35	9.61059 4.37977 12.1411	
1.36	9.74098 4.4253 12.2573	
1.37	9.84028 4.43997 12.3265	
1.38	9.91575 4.44101 12.3665	
1.39	9.97682 4.44652 12.3945	
1.4	10.0606 4.45426 12.42	
1.41	10.1557 4.46188 12.439	
1.42	10.2142 4.47274 12.4542	
1.43	10.2448 4.45625 12.4487	
1.44	10.2566 4.43261 12.4225	
1.45	10.2671 4.41285 12.4028	
1.46	10.2705 4.40901 12.3995	
1.47	10.2673 4.4017 12.3971	
1.48	10.2535 4.39067 12.3827	
1.49	10.2498 4.37561 12.3674	
1.5	10.2463 4.3761 12.367	
1.51	10.2495 4.37596 12.3676	
1.52	10.2462 4.37978 12.3635	
1.53	10.2462 4.37978 12.3635	
1.54	10.2341 4.38242 12.3663	
1.55	10.2156 4.37976 12.3637	
1.56	10.208 4.38264 12.3659	
1.57	10.2078 4.38632 12.3624	
1.58	10.2136 4.40413 12.3457	
1.59	10.2097 4.41274 12.3325	
1.6	10.2065 4.41289 12.3319	
1.61	10.2097 4.41274 12.3325	
1.62	10.2065 4.41289 12.3319	
1.63	10.2067 4.41215 12.3376	
1.64	10.2099 4.40904 12.336	
1.65	10.2034 4.40599 12.331	
1.66	10.2074 4.38846 12.315	
1.67	10.2042 4.38861 12.3069	
1.68	10.2012 4.38506 12.3023	
1.69	10.2012 4.38212 12.2925	
1.7	10.201 4.38582 12.289	
1.71	10.2007 4.39323 12.2819	
1.72	10.2004 4.40064 12.2749	
1.73	10.2076 4.40815 12.2678	
1.74	10.2045 4.4083 12.2672	
1.75	10.2076 4.40521 12.2656	
1.76	10.2043 4.41201 12.2637	
1.77	10.2011 4.40922 12.2608	
1.78	10.1979 4.41231 12.2624	
1.79	10.1884 4.41277 12.2605	
1.8	10.1761 4.406 12.25	
1.81	10.1579 4.3925 12.239	
1.82	10.1399 4.3785 12.2426	
1.83	10.0959 4.35787 12.2486	
1.84	10.0292 4.32419 12.2536	
1.85	9.96101 4.2818 12.2846	
1.86	9.89864 4.24083 12.3358	
1.87	9.81873 4.1915 12.363	
1.88	9.73204 4.13883 12.329	
1.89	9.63028 4.06281 12.2528	
1.9	9.48823 3.96344 12.172	
1.91	9.30354 3.85391 12.1251	
1.92	9.14554 3.78715 12.0707	
1.93	8.99105 3.70562 11.9704	
1.94	8.87458 3.62577 11.8206	
1.95	8.77799 3.54524 11.6324	
1.96	8.68698 3.4917 11.4447	
1.97	8.60423 3.43403 11.3389	
1.98	8.51712 3.37249 11.2111	
1.99	8.45701 3.32482 11.0546	
2	8.40794 3.29284 10.8271	
2.01	8.37279 3.30887 10.6206	
2.02	8.35234 3.35033 10.4459	
2.03	8.34676 3.39356 10.2941	
2.04	8.34309 3.43514 10.1346	
2.05	8.34949 3.46958 9.97437	
2.06	8.33975 3.47235 9.81564	
2.07	8.32319 3.46752 9.68523	
2.08	8.3365 3.44463 9.54535	
2.09	8.43881 3.38104 9.42542	
2.1	8.62941 3.29111 9.31876	
2.11	8.92639 3.20007 9.2172	
2.12	9.2496 3.11257 9.14686	
2.13	9.58677 3.02382 9.08112	
2.14	9.85482 2.95238 9.02819	
2.15	10.1257 2.89725 8.96387	
2.16	10.3824 2.84853 8.90573	
2.17	10.5999 2.80698 8.86401	
2.18	10.8179 2.77824 8.81757	
2.19	10.9914 2.75821 8.78078	
2.2	11.1075 2.74819 8.75183	
2.21	11.2017 2.73556 8.72575	
2.22	11.2913 2.73312 8.70523	
2.23	11.3487 2.73633 8.68246	
2.24	11.3508 2.73038 8.67193	
2.25	11.3037 2.71546 8.6699	
2.26	11.1944 2.70719 8.6638	
2.27	11.0208 2.72773 8.63568	
2.28	10.8476 2.74533 8.61663	
2.29	10.7565 2.75402 8.59032	
2.3	10.7323 2.74932 8.55855	
2.31	10.7164 2.73437 8.52252	
2.32	10.6656 2.73219 8.50295	
2.33	10.5394 2.74498 8.49787	
2.34	10.3481 2.76155 8.49563	
2.35	10.1956 2.77423 8.49834	
2.36	10.1198 2.7958 8.4945	
2.37	10.1012 2.81806 8.49155	
2.38	10.119 2.83929 8.48998	
2.39	10.1533 2.84602 8.4946	
2.4	10.1859 2.84948 8.49901	
2.41	10.2173 2.84486 8.5093	
2.42	10.2341 2.84 8.52439	
2.43	10.2527 2.81255 8.54182	
2.44	10.2587 2.7684 8.53594	
2.45	10.2865 2.72388 8.51942	
2.46	10.3173 2.70626 8.51727	
2.47	10.3621 2.7033 8.51563	
2.48	10.416 2.70921 8.51349	
2.49	10.4712 2.71592 8.50764	
2.5	10.4983 2.71948 8.5038	
2.51	10.4947 2.72032 8.50995	
2.52	10.5011 2.7159 8.519	
2.53	10.5096 2.71317 8.52689	
2.54	10.5138 2.71034 8.52675	
2.55	10.5185 2.72274 8.49954	
2.56	10.5208 2.72944 8.44906	
2.57	10.5328 2.72798 8.3721	
2.58	10.5392 2.70635 8.28864	
2.59	10.5434 2.67354 8.21992	
2.6	10.5422 2.62708 8.15274	
2.61	10.5436 2.58033 8.09947	
2.62	10.543 2.53414 8.0654	
2.63	10.541 2.49599 8.03739	
2.64	10.5396 2.44747 7.98849	
2.65	10.5554 2.39955 7.93406	
2.66	10.5706 2.3595 7.85665	
2.67	10.5847 2.30215 7.77355	
2.68	10.5929 2.23549 7.68394	
2.69	10.6086 2.17152 7.61467	
2.7	10.6205 2.11708 7.56678	
2.71	10.6213 2.09874 7.55824	
2.72	10.6399 2.09322 7.56467	
2.73	10.6914 2.09299 7.56773	
2.74	10.76 2.09351 7.57079	
2.75	10.8272 2.1035 7.56646	
2.76	10.8746 2.12128 7.55539	
2.77	10.8794 2.13735 7.54433	
2.78	10.8783 2.15497 7.532	
2.79	10.8674 2.1713 7.52034	
2.8	10.868 2.19828 7.50251	
2.81	10.8605 2.21794 7.49179	
2.82	10.8611 2.2296 7.486	
2.83	10.8617 2.24127 7.48022	
2.84	10.8553 2.26383 7.4659	
2.85	10.8391 2.28513 7.45227	
2.86	10.799 2.31672 7.43017	
2.87	10.7624 2.35685 7.41047	
2.88	10.7498 2.3991 7.38321	
2.89	10.7563 2.44455 7.35773	
2.9	10.7603 2.49992 7.32	
2.91	10.7665 2.56899 7.27541	
2.92	10.7696 2.63758 7.23048	
2.93	10.7724 2.71355 7.1791	
2.94	10.7743 2.77977 7.13865	
2.95	10.7781 2.84007 7.10474	
2.96	10.7815 2.88655 7.07922	
2.97	10.7832 2.9215 7.06188	
2.98	10.7867 2.93979 7.05817	
2.99	10.7883 2.95366 7.05575	
3	10.7895 2.9747 7.04662	
3.01	10.7924 2.99151 7.0406	
3.02	10.795 3.01019 7.04098	
3.03	10.7963 3.02807 7.06062	
3.04	10.7959 3.06613 7.08984	
3.05	10.8003 3.10091 7.13217	
3.06	10.8007 3.14787 7.15272	
3.07	10.8015 3.20592 7.16107	
3.08	10.8013 3.25936 7.16686	
3.09	10.8055 3.3197 7.15087	
3.1	10.8087 3.36354 7.12733	
3.11	10.8104 3.40461 7.10765	
3.12	10.8122 3.44688 7.10039	
3.13	10.8233 3.48381 7.08873	
3.14	10.8269 3.52406 7.07677	
3.15	10.8357 3.54778 7.06545	
3.16	10.8449 3.56436 7.06078	
3.17	10.8633 3.57879 7.05594	
3.18	10.8716 3.58817 7.05208	
3.19	10.8721 3.5972 7.04822	
3.2	10.8725 3.61704 7.03742	
3.21	10.873 3.63148 7.03012	
3.22	10.8735 3.65676 7.01592	
3.23	10.8745 3.7074 6.98766	
3.24	10.8752 3.75992 6.9565	
3.25	10.8919 3.83111 6.92283	
3.26	10.94 3.89896 6.88825	
3.27	11.017 3.95444 6.86893	
3.28	11.1191 3.98904 6.85706	
3.29	11.1972 4.01906 6.84547	
3.3	11.2403 4.04511 6.83497	
3.31	11.2309 4.07434 6.82066	
3.32	11.2251 4.09667 6.80884	
3.33	11.2235 4.10846 6.8057	
3.34	11.2216 4.12756 6.79619	
3.35	11.2198 4.13566 6.79325	
3.36	11.22 4.13612 6.78873	
3.37	11.2178 4.13906 6.7785	
3.38	11.2179 4.14728 6.76308	
3.39	11.2003 4.1695 6.74293	
3.4	11.1771 4.19383 6.72979	
3.41	11.162 4.21688 6.71979	
3.42	11.1619 4.23022 6.70574	
3.43	11.162 4.23852 6.69044	
3.44	11.1624 4.23252 6.67721	
3.45	11.1647 4.22535 6.67107	
3.46	11.165 4.22354 6.67417	
3.47	11.1652 4.22174 6.67728	
3.48	11.1623 4.22931 6.6612	
3.49	11.1644 4.24108 6.63784	
3.5	11.1625 4.26033 6.62863	
3.51	11.1645 4.27627 6.62166	
3.52	11.1645 4.29666 6.61201	
3.53	11.1646 4.31384 6.59802	
3.54	11.1646 4.33658 6.58089	
3.55	11.1629 4.35556 6.55547	
3.56	11.1627 4.3895 6.53217	
3.57	11.1631 4.41987 6.51517	
3.58	11.1655 4.44905 6.5053	
3.59	11.1662 4.48092 6.49598	
3.6	11.1685 4.50081 6.48935	
3.61	11.1754 4.51483 6.48506	
3.62	11.1833 4.5285 6.48204	
3.63	11.1853 4.55581 6.46931	
3.64	11.1876 4.58137 6.45975	
3.65	11.1824 4.60565 6.44729	
3.66	11.1847 4.63043 6.42602	
3.67	11.188 4.64929 6.40908	
3.68	11.1871 4.66312 6.37828	
3.69	11.1903 4.69496 6.33621	
3.7	11.1983 4.71428 6.31439	
3.71	11.2051 4.73581 6.28829	
3.72	11.2276 4.74783 6.25449	
3.73	11.258 4.7569 6.22694	
3.74	11.2887 4.77243 6.19883	
3.75	11.3209 4.7877 6.16493	
3.76	11.3467 4.79278 6.11895	
3.77	11.3631 4.80019 6.07359	
3.78	11.3772 4.80663 6.03595	
3.79	11.3851 4.8152 6.01304	
3.8	11.3833 4.82518 6.00237	
3.81	11.384 4.84959 5.99546	
3.82	11.381 4.87184 5.98974	
3.83	11.3784 4.89726 5.97901	
3.84	11.3811 4.92857 5.969	
3.85	11.3781 4.95088 5.96344	
3.86	11.3778 4.98145 5.95278	
3.87	11.3774 5.01205 5.9422	
3.88	11.3769 5.04836 5.9289	
3.89	11.3747 5.07039 5.92478	
3.9	11.374 5.10851 5.90852	
3.91	11.3735 5.13527 5.89786	
3.92	11.3756 5.16147 5.89	
3.93	11.3754 5.17684 5.88492	
3.94	11.3754 5.19617 5.88027	
3.95	11.3751 5.21727 5.87251	
3.96	11.3724 5.23719 5.86516	
3.97	11.3717 5.27548 5.84937	
3.98	11.3711 5.30808 5.83637	
3.99	11.373 5.34278 5.81905	
4	11.3798 5.37424 5.80935	
4.01	11.3937 5.40895 5.7926	
4.02	11.4 5.44798 5.77731	
4.03	11.4206 5.48822 5.76212	
4.04	11.4367 5.52161 5.7524	
4.05	11.4737 5.54802 5.73371	
4.06	11.5207 5.57162 5.70379	
4.07	11.5508 5.6023 5.66075	
4.08	11.5498 5.6342 5.61953	
4.09	11.5442 5.6693 5.59334	
4.1	11.5615 5.70832 5.57733	
4.11	11.58 5.7293 5.55855	
4.12	11.5927 5.74984 5.52471	
4.13	11.5945 5.77072 5.47638	
4.14	11.5959 5.78637 5.42945	
4.15	11.6024 5.8058 5.36844	
4.16	11.6001 5.81302 5.30875	
4.17	11.6002 5.82165 5.23722	
4.18	11.5974 5.83102 5.19563	
4.19	11.5918 5.84923 5.17588	
4.2	11.5853 5.86857 5.16733	
4.21	11.5828 5.88489 5.16498	
4.22	11.5728 5.89578 5.1531	
4.23	11.5734 5.90884 5.13933	
4.24	11.5644 5.91902 5.10661	
4.25	11.5578 5.93449 5.0745	
4.26	11.5542 5.9536 5.05933	
4.27	11.5511 5.97634 5.0576	
4.28	11.5475 5.99542 5.05403	
4.29	11.55 6.00881 5.05644	
4.3	11.5584 6.01051 5.06	
4.31	11.5723 6.01703 5.06868	
4.32	11.5958 6.01839 5.07161	
4.33	11.6211 6.01814 5.07503	
4.34	11.6393 6.01899 5.07528	
4.35	11.6614 6.02093 5.08257	
4.36	11.6894 6.02736 5.09595	
4.37	11.7417 6.04053 5.11	
4.38	11.8054 6.0484 5.11509	
4.39	11.8774 6.05319 5.11507	
4.4	11.9497 6.06087 5.12063	
4.41	12.0317 6.06801 5.12134	
4.42	12.1041 6.07353 5.12228	
4.43	12.1574 6.08954 5.11841	
4.44	12.2042 6.11913 5.11135	
4.45	12.2219 6.15495 5.0947	
4.46	12.2407 6.19535 5.08256	
4.47	12.2609 6.24864 5.06586	
4.48	12.2692 6.30225 5.04915	
4.49	12.2709 6.36882 5.02866	
4.5	12.2704 6.42849 5.01082	
4.51	12.2621 6.48276 4.99498	
4.52	12.2514 6.53417 4.9827	
4.53	12.2393 6.56729 4.97614	
4.54	12.2339 6.59124 4.96351	
4.55	12.2268 6.60344 4.96302	
4.56	12.2189 6.62512 4.95415	
4.57	12.2132 6.652 4.94625	
4.58	12.2096 6.68588 4.93621	
4.59	12.2008 6.71577 4.92973	
4.6	12.1982 6.74352 4.91156	
4.61	12.1931 6.76395 4.90564	
4.62	12.194 6.79181 4.89806	
4.63	12.1995 6.80389 4.8938	
4.64	12.1988 6.81113 4.87719	
4.65	12.2027 6.80694 4.85261	
4.66	12.2092 6.80924 4.83798	
4.67	12.2156 6.81155 4.82334	
4.68	12.2217 6.81818 4.79869	
4.69	12.2181 6.82221 4.76553	
4.7	12.2243 6.82768 4.7443	
4.71	12.2235 6.8351 4.72772	
4.72	12.2201 6.83773 4.70919	
4.73	12.2198 6.84082 4.70261	
4.74	12.2163 6.84421 4.70313	
4.75	12.2119 6.86084 4.69748	
4.76	12.2039 6.88088 4.69238	
4.77	12.1997 6.92081 4.68134	
4.78	12.1886 6.97228 4.66375	
4.79	12.1843 7.01355 4.64962	
4.8	12.1875 7.04816 4.64165	
4.81	12.1826 7.07161 4.62966	
4.82	12.1831 7.09454 4.62536	
4.83	12.1745 7.12061 4.61883	
4.84	12.1696 7.13901 4.60939	
4.85	12.171 7.15354 4.59126	
4.86	12.1767 7.16199 4.57506	
4.87	12.1851 7.17627 4.5675	
4.88	12.1878 7.18649 4.5561	
4.89	12.191 7.18781 4.52211	
4.9	12.2019 7.1805 4.48584	
4.91	12.2019 7.17991 4.45563	
4.92	12.211 7.18782 4.44977	
4.93	12.2162 7.20106 4.43515	
4.94	12.2223 7.20513 4.41747	
4.95	12.2183 7.21506 4.39501	
4.96	12.2142 7.22403 4.37504	
4.97	12.2228 7.23432 4.36747	
4.98	12.2278 7.2485 4.36078	
4.99	12.2288 7.27067 4.35642	
5	12.2231 7.2975 4.35117	
5.01	12.2187 7.33914 4.33938	
5.02	12.2173 7.38001 4.33076	
5.03	12.2121 7.4299 4.32221	
5.04	12.2068 7.47982 4.31383	
5.05	12.2072 7.53663 4.30404	
5.06	12.2074 7.59534 4.29134	
5.07	12.203 7.63664 4.2804	
5.08	12.209 7.66957 4.25791	
5.09	12.2121 7.69961 4.23149	
5.1	12.2081 7.73695 4.20842	
5.11	12.2033 7.78113 4.19188	
5.12	12.2123 7.81439 4.17061	
5.13	12.223 7.83085 4.14282	
5.14	12.2277 7.84524 4.10728	
5.15	12.2331 7.85255 4.06541	
5.16	12.2404 7.84282 4.01685	
5.17	12.2469 7.84042 3.9746	
5.18	12.2442 7.8377 3.92932	
5.19	12.2521 7.85041 3.89989	
5.2	12.2641 7.85435 3.88602	
5.21	12.2861 7.85415 3.88141	
5.22	12.3199 7.86117 3.86747	
5.23	12.3403 7.87488 3.85695	
5.24	12.3515 7.88657 3.84649	
5.25	12.3595 7.8991 3.84396	
5.26	12.367 7.91533 3.83513	
5.27	12.3812 7.92726 3.83562	
5.28	12.4231 7.94173 3.83127	
5.29	12.4721 7.94894 3.81189	
5.3	12.5325 7.96586 3.78872	
5.31	12.5696 7.99321 3.76775	
5.32	12.6024 8.02762 3.76212	
5.33	12.6319 8.06113 3.74719	
5.34	12.6578 8.09685 3.73784	
5.35	12.6945 8.12183 3.73113	
5.36	12.7422 8.15513 3.72319	
5.37	12.7823 8.17509 3.7258	
5.38	12.8225 8.19457 3.72046	
5.39	12.841 8.2131 3.71992	
5.4	12.8574 8.22465 3.72067	
5.41	12.8762 8.24079 3.71533	
5.42	12.8922 8.25438 3.70517	
5.43	12.8855 8.27378 3.67687	
5.44	12.8766 8.2882 3.63894	
5.45	12.8652 8.29778 3.59865	
5.46	12.8719 8.31285 3.56744	
5.47	12.8652 8.33161 3.54241	
5.48	12.8684 8.34857 3.51544	
5.49	12.8662 8.35847 3.49698	
5.5	12.8639 8.37078 3.47607	
5.51	12.8678 8.38244 3.45832	
5.52	12.8627 8.39367 3.42876	
5.53	12.8579 8.4012 3.4055	
5.54	12.8573 8.4031 3.3847	
5.55	12.8485 8.39768 3.36367	
5.56	12.8438 8.40559 3.34883	
5.57	12.8429 8.40907 3.34315	
5.58	12.8372 8.42353 3.33497	
5.59	12.8342 8.44078 3.32398	
5.6	12.8257 8.4509 3.32149	
5.61	12.8227 8.46776 3.31123	
5.62	12.822 8.48883 3.31328	
5.63	12.812 8.5091 3.31155	
5.64	12.8071 8.53695 3.30949	
5.65	12.8042 8.55292 3.30953	
5.66	12.7998 8.57845 3.30265	
5.67	12.7959 8.60036 3.30174	
5.68	12.7953 8.62143 3.30402	
5.69	12.7881 8.64419 3.30002	
5.7	12.7853 8.66015 3.3002	
5.71	12.7824 8.67612 3.3004	
5.72	12.7804 8.68801 3.29845	
5.73	12.7775 8.70398 3.29868	
5.74	12.7759 8.71355 3.29185	
5.75	12.7712 8.7225 3.28436	
5.76	12.7741 8.72444 3.27425	
5.77	12.7786 8.73285 3.26253	
5.78	12.7772 8.74056 3.25887	
5.79	12.7762 8.76256 3.24953	
5.8	12.7758 8.78279 3.24469	
5.81	12.7804 8.8073 3.22468	
5.82	12.7871 8.83651 3.20762	
5.83	12.7878 8.86598 3.1799	
5.84	12.7926 8.90628 3.1456	
5.85	12.7991 8.9362 3.10244	
5.86	12.8141 8.94988 3.06992	
5.87	12.8322 8.9647 3.03743	
5.88	12.8419 8.98946 3.00329	
5.89	12.8396 9.01608 2.97105	
5.9	12.8378 9.03929 2.95272	
5.91	12.8413 9.06897 2.94442	
5.92	12.8448 9.08169 2.93533	
5.93	12.8473 9.09511 2.91551	
5.94	12.852 9.09944 2.89465	
5.95	12.8551 9.11384 2.87491	
5.96	12.8578 9.13041 2.86017	
5.97	12.8632 9.14522 2.84855	
5.98	12.8669 9.17044 2.8375	
5.99	12.8754 9.20311 2.8352	
6	12.8915 9.23678 2.82356	
6.01	12.9102 9.27285 2.81824	
6.02	12.9302 9.31351 2.81482	
6.03	12.9561 9.35353 2.81402	
6.04	12.9844 9.39186 2.81637	
6.05	13.0208 9.43447 2.81572	
6.06	13.065 9.47671 2.81823	
6.07	13.1114 9.51494 2.8176	
6.08	13.1758 9.55141 2.81886	
6.09	13.2305 9.58589 2.81888	
6.1	13.267 9.62217 2.81898	
6.11	13.2803 9.65721 2.82172	
6.12	13.2725 9.68955 2.82147	
6.13	13.267 9.7167 2.82188	
6.14	13.267 9.74327 2.82544	
6.15	13.266 9.76555 2.82648	
6.16	13.2648 9.77755 2.82619	
6.17	13.2581 9.79014 2.82281	
6.18	13.2532 9.79478 2.81493	
6.19	13.2459 9.811 2.798	
6.2	13.2483 9.82342 2.77422	
6.21	13.2432 9.82946 2.74043	
6.22	13.2412 9.83656 2.70665	
6.23	13.2389 9.84385 2.68098	
6.24	13.2377 9.84752 2.66816	
6.25	13.2354 9.85514 2.65801	
6.26	13.2314 9.87056 2.64433	
6.27	13.2249 9.89783 2.63722	
6.28	13.2308 9.91802 2.63679	
6.29	13.2377 9.93623 2.63056	
6.3	13.2459 9.94655 2.62051	
6.31	13.2475 9.94859 2.59455	
6.32	13.2517 9.95358 2.56629	
6.33	13.2468 9.95825 2.52753	
6.34	13.2402 9.96891 2.49656	
6.35	13.2185 10.0381 2.47168	
6.36	13.2177 10.0968 2.56988	
6.37	13.2109 10.1652 2.56417	
6.38	13.2029 10.1859 2.57359	
6.39	13.2051 10.1782 2.57492	
6.4	13.2026 10.1675 2.53379	
6.41	13.2084 10.151 2.53873	
6.42	13.2082 10.1351 2.49533	
6.43	13.1965 10.1123 2.46709	
6.44	13.1971 10.103 2.47179	
6.45	13.1888 10.1082 2.4512	
6.46	13.1006 10.0759 2.40111	
6.47	13.0663 10.0307 2.387	
6.48	13.0268 9.9941 2.30472	
6.49	12.9857 9.91625 2.25977	
6.5	12.987 9.86368 2.11013	
6.51	12.9662 9.82478 2.02686	
6.52	12.9112 9.8068 1.99776	
6.53	12.8201 9.79201 1.97781	
6.54	12.7567 9.78829 1.95116	
6.55	12.6371 9.78792 1.92084	
6.56	12.4826 9.81341 1.89156	
6.57	12.2877 9.86577 1.83338	
6.58	11.9037 9.97655 1.65628	
6.59	11.5127 9.95047 1.65831	
6.6	11.128 9.92564 1.6558	
6.61	10.7874 9.91055 1.66444	
6.62	10.7642 9.92845 1.65553	
6.63	10.6788 9.91443 1.6634	
6.64	10.5795 9.9216 1.68043	
6.65	10.4304 9.9196 1.70289	
6.66	10.307 9.8838 1.70548	
6.67	10.3926 9.85975 1.65638	
6.68	10.2516 9.86116 1.61898	
6.69	10.3452 9.83602 1.60817	
6.7	10.2197 9.82048 1.57419	
6.71	10.2554 9.81722 1.56158	
6.72	9.88714 9.91196 1.62773	
6.73	8.9423 9.9999 1.89182	
6.74	8.66936 10.0068 1.93286	
6.75	7.5784 9.90391 2.00858	
6.76	7.21124 9.88437 2.33563	
6.77	7.21475 9.78865 2.02608	
6.78	7.57357 9.64887 2.22367	
6.79	7.40287 9.67915 2.1835	
6.8	7.38438 9.68999 2.15197	
6.81	7.32479 9.70087 2.30571	
6.82	7.27486 9.70541 2.46453	
6.83	7.23864 9.62647 2.74791	
6.84	7.18964 9.53662 2.96249	
6.85	7.22013 9.47335 3.31564	
6.86	7.52479 9.35603 3.51093	
6.87	7.76531 9.28107 3.59008	
6.88	8.05282 9.20498 3.67206	
6.89	8.45047 9.25351 3.71503	
6.9	8.81737 9.31049 3.73071	
6.91	8.85435 9.3465 3.686	
6.92	8.83812 9.33922 3.70871	
6.93	8.78909 9.33149 3.76208	
6.94	8.76381 9.30778 3.71925	
6.95	8.73535 9.29659 3.7188	
6.96	8.73931 9.28186 3.72244	
6.97	8.68794 9.25355 3.73034	
6.98	8.66101 9.19485 3.75076	
6.99	8.56353 9.13347 3.74202	
7	8.43852 9.0929 3.73761	
7.01	8.44617 9.03752 3.70966	
7.02	8.49064 9.0271 3.72695	
7.03	8.63519 9.01261 3.65993	
7.04	9.10462 8.98537 3.48653	
7.05	9.84195 8.96239 3.28102	
7.06	10.3558 9.01505 3.22705	
7.07	10.0727 8.98 3.18994	
7.08	10.0556 8.9139 3.15623	
7.09	10.0166 8.91823 3.0985	
7.1	9.93951 8.9046 3.09409	
7.11	9.80058 8.88668 3.09138	
7.12	9.51842 8.89772 3.13401	
7.13	9.13223 8.8788 3.1778	
7.14	9.00347 8.75831 3.03871	
7.15	8.91912 8.77176 3.04482	
7.16	8.82864 8.764 3.0397	
7.17	8.66129 8.76195 3.04338	
7.18	8.62461 8.75583 3.03776	
7.19	8.61519 8.78307 3.03693	
7.2	8.47508 8.80167 3.04331	
7.21	8.35526 8.76349 3.0367	
7.22	8.41128 8.71579 2.95574	
7.23	8.42128 8.72328 3.00285	
7.24	8.5534 8.72147 3.00982	
7.25	8.49874 8.74405 3.02427	
7.26	8.48427 8.74554 3.03402	
7.27	8.45566 8.74142 3.03453	
7.28	8.41781 8.74491 3.02596	
7.29	8.42942 8.73528 3.00373	
7.3	8.42828 8.7437 2.99421	
7.31	8.45792 8.71856 2.9107	
7.32	8.47059 8.69788 2.78965	
7.33	8.48729 8.7387 2.65585	
7.34	8.50067 8.82193 2.57269	
7.35	8.43214 8.85172 2.53148	
7.36	8.34828 8.84265 2.51685	
7.37	8.33845 8.95412 2.50141	
7.38	8.33539 9.21118 2.48932	
7.39	8.30262 9.28497 2.47935	
7.4	8.24416 9.28239 2.4816	
7.41	8.25613 9.26837 2.43332	
7.42	8.164 9.28474 2.37655	
7.43	8.04857 9.26073 2.34788	
7.44	7.76141 9.26723 2.34417	
7.45	7.72185 9.27264 2.34954	
7.46	7.67697 9.28828 2.38286	
7.47	7.58392 9.3165 2.58155	
7.48	7.51873 9.31816 2.80794	
7.49	7.48949 9.2713 3.03548	
7.5	7.46062 9.12611 3.24991	
7.51	7.44213 9.0463 3.53042	
7.52	7.45718 8.97856 3.77552	
7.53	7.47874 8.92175 3.9614	
7.54	7.50762 8.81831 4.177	
7.55	7.56536 8.73643 4.55367	
7.56	7.61748 8.66638 4.80043	
7.57	7.65449 8.67399 5.1341	
7.58	7.67177 8.66924 5.53191	
7.59	7.69233 8.69813 5.81155	
7.6	7.7101 8.63735 5.8631	
7.61	7.71243 8.61008 5.86153	
7.62	7.71713 8.58077 5.86101	
7.63	7.73727 8.54646 5.85912	
7.64	7.82184 8.4902 5.82897	
7.65	8.07528 8.43709 5.7844	
7.66	8.36037 8.42618 5.75675	
7.67	8.7018 8.41587 5.7308	
7.68	9.16526 8.38686 5.61955	
7.69	9.64178 8.40691 5.46607	
7.7	10.0218 8.42082 5.23574	
7.71	10.2076 8.45286 4.96851	
7.72	10.3295 8.49561 4.69542	
7.73	10.5762 8.50567 4.35184	
7.74	10.6518 8.56295 4.0485	
7.75	10.649 8.69231 3.78687	
7.76	10.7794 8.74141 3.55383	
7.77	10.7679 8.8995 3.281	
7.78	11.006 8.81039 2.90071	
7.79	11.1685 8.91997 2.62419	
7.8	11.2242 9.16413 2.38377	
7.81	11.4324 9.13082 2.19567	
7.82	11.6463 9.06931 2.11675	
7.83	11.5779 9.08986 2.12091	
7.84	11.6278 9.10868 2.10068	
7.85	11.5711 9.03091 2.02375	
7.86	11.3812 8.99848 1.8359	
7.87	11.2351 9.01525 1.76119	
7.88	10.9981 8.94372 1.48729	
7.89	10.699 8.81738 1.11862	
7.9	10.4935 8.87321 0.926449	
7.91	10.6652 9.16237 0.784374	
7.92	10.7182 9.29654 0.663983	
7.93	10.885 9.50132 0.405385	
7.94	10.9128 9.83402 0.0787317	
7.95	10.9302 9.83647 -0.0488519	
7.96	10.9215 9.90504 -0.163015	
7.97	10.9215 9.93972 -0.234709	
7.98	10.9179 9.9363 -0.314972	
7.99	10.8218 9.96306 -0.411963	
8	10.5325 10.0104 -0.450604	
8.01	10.3488 9.97325 -0.509263	
8.02	10.0576 9.94413 -0.664816	
8.03	9.66083 9.89361 -0.813005	
8.04	9.60357 9.89819 -0.91329	
8.05	9.54583 9.95938 -0.980806	
8.06	9.50278 10.004 -1.03486	
8.07	9.24042 10.0342 -1.03814	
8.08	9.26504 10.074 -1.03228	
8.09	9.25048 10.2092 -0.996636	
8.1	9.26296 10.4184 -0.896964	
8.11	9.2807 10.6067 -0.848293	
8.12	9.29776 10.7482 -0.819635	
8.13	9.31882 10.8112 -0.78488	
8.14	9.31714 10.7994 -0.777097	
8.15	9.32965 10.7897 -0.771919	
8.16	9.3415 10.7889 -0.768665	
8.17	9.34957 10.7846 -0.767162	
8.18	9.36342 10.7809 -0.767849	
8.19	9.35833 10.785 -0.684651	
8.2	9.34981 10.6079 -0.441805	
8.21	9.35216 10.4639 -0.298023	
8.22	9.31861 10.4398 -0.0677029	
8.23	9.50779 10.5004 -0.067078	
8.24	9.35895 10.5405 -0.316201	
8.25	8.65134 10.5687 -0.0553803	
8.26	9.35493 10.4587 -0.219179	
8.27	8.75359 10.4465 -0.0256441	
8.28	9.06435 10.1737 -0.0799172	
8.29	7.12326 9.18723 4.63622	
8.3	7.47337 9.06024 5.47903	
8.31	6.76486 8.32425 6.467	
8.32	6.26619 7.69018 6.9536	
8.33	6.30367 7.26954 6.96008	
8.34	6.24528 7.14429 6.96691	
8.35	6.22547 7.1043 6.97464	
8.36	6.20308 7.08725 6.97738	
8.37	6.16891 7.0738 6.97768	
8.38	6.12677 7.00166 7.05679	
8.39	6.08561 6.82928 7.38357	
8.4	6.10109 6.51069 7.85291	
8.41	6.33726 6.13858 8.08955	
8.42	7.03584 5.85894 8.01433	
8.43	7.7762 5.67103 7.85008	
8.44	8.5413 5.38756 7.62889	
8.45	8.56752 4.98179 7.5725	
8.46	8.49469 4.53494 7.5435	
8.47	8.43618 4.20853 7.52359	
8.48	8.41141 3.94964 7.50189	
8.49	8.33915 3.85883 7.48529	
8.5	8.33052 3.8283 7.42541	
8.51	8.2856 3.76921 7.40088	
8.52	8.2483 3.68661 7.37865	
8.53	8.25031 3.59161 7.32913	
8.54	8.21941 3.45038 7.25861	
8.55	8.30244 3.36655 7.1174	
8.56	8.3076 3.28938 6.98735	
8.57	8.32347 3.24105 6.8691	
8.58	8.38297 3.22665 6.75465	
8.59	8.53489 3.21333 6.65541	
8.6	8.67393 3.21012 6.56347	
8.61	8.87512 3.21406 6.4741	
8.62	9.08852 3.22001 6.40617	
8.63	9.34454 3.22884 6.33255	
8.64	9.53949 3.24886 6.27921	
8.65	9.63435 3.25307 6.2395	
8.66	9.73855 3.20311 6.23118	
8.67	9.95481 3.14221 6.19691	
8.68	10.0235 3.09844 6.13418	
8.69	10.0876 3.07098 6.03877	
8.7	10.1659 3.05374 5.9386	
8.71	10.2321 3.03184 5.85625	
8.72	10.3085 2.96762 5.81332	
8.73	10.3959 2.87371 5.80494	
8.74	10.6942 2.74917 5.77987	
8.75	11.1633 2.65247 5.66367	
8.76	11.35 2.63033 5.44781	
8.77	11.4752 2.51231 5.14322	
8.78	11.6336 2.40834 4.80319	
8.79	11.7772 2.42739 4.65081	
8.8	11.8736 2.46054 4.57739	
8.81	11.8971 2.50879 4.47109	
8.82	11.9608 2.5224 4.37445	
8.83	11.9877 2.62246 4.30636	
8.84	12.0578 2.69155 4.27507	
8.85	12.1057 2.7193 4.28758	
8.86	12.2259 2.75255 4.30588	
8.87	12.4088 2.82006 4.27808	
8.88	12.5985 2.93883 4.23313	
8.89	12.6879 3.1296 4.14722	
8.9	12.7711 3.4247 4.01602	
8.91	12.7549 3.71642 3.88604	
8.92	12.7311 4.00672 3.75825	
8.93	12.788 4.2565 3.67002	
8.94	13.0694 4.48294 3.55372	
8.95	13.1248 4.57457 3.30473	
8.96	13.1799 4.61178 3.10783	
8.97	13.305 4.71952 3.00015	
8.98	13.4687 4.96581 2.85838	
8.99	13.5579 5.19925 2.71648	
9	13.639 5.31216 2.67088	
9.01	13.6961 5.40975 2.62088	
9.02	13.88 5.53367 2.52259	
9.03	14.2041 5.61788 2.35441	
9.04	14.3939 5.68741 2.25426	
9.05	14.4001 5.66499 2.37827	
9.06	14.382 5.71657 2.36579	
9.07	14.4305 5.77395 2.41427	
9.08	14.5106 5.73509 2.27574	
9.09	14.4721 5.72588 2.26396	
9.1	14.444 5.68582 2.2709	
9.11	14.4663 5.6476 2.22754	
9.12	14.4864 5.38342 1.87191	
9.13	14.3304 5.4804 1.57858	
9.14	14.4458 5.42217 1.23332	
9.15	14.1023 5.38905 1.20594	
9.16	13.9899 5.39473 1.12149	
9.17	13.4155 5.27358 1.01237	
9.18	12.9136 5.15283 1.01654	
9.19	12.8739 5.12229 1.01874	
9.2	12.5063 5.08319 1.00929	
9.21	11.7036 5.08675 0.832809	
9.22	11.0641 5.07039 0.607478	
9.23	10.7854 5.06737 0.606135	
9.24	10.5862 5.03069 0.605929	
9.25	10.411 5.06581 0.528578	
9.26	10.0625 4.99642 0.578079	
9.27	10.2809 4.85131 0.639218	
9.28	8.5575 4.86128 0.399957	
9.29	9.07813 4.85481 4.65544	
9.3	8.66656 4.53045 4.62464	
9.31	8.60656 4.54233 4.71552	
9.32	7.3382 4.13202 4.97014	
9.33	6.68028 3.83541 5.08704	
9.34	6.44028 3.81295 5.08904	
9.35	6.30793 3.79283 5.1299	
9.36	6.19408 3.77522 5.2779	
9.37	5.85854 3.66537 5.56836	
9.38	5.73779 3.56812 5.99306	
9.39	5.87525 3.58793 6.64316	
9.4	6.03267 3.54023 7.12095	
9.41	6.08837 3.41186 7.54109	
9.42	6.24272 3.28641 7.75969	
9.43	6.27849 3.22302 7.85192	
9.44	6.25865 3.12306 8.11543	
9.45	6.25587 2.98015 8.68497	
9.46	6.28438 2.7876 9.0933	
9.47	6.32944 2.66347 9.09406	
9.48	6.39008 2.58575 9.17269	
9.49	6.36432 2.44813 9.53851	
9.5	6.38982 2.38125 9.86654	
9.51	6.34252 2.3875 9.93768	
9.52	6.30627 2.39334 9.94139	
9.53	6.28207 2.42249 9.97571	
9.54	6.253 2.43326 9.97878	
9.55	6.21405 2.47989 10.0293	
9.56	6.1285 2.58499 10.0307	
9.57	6.05737 2.75032 9.8938	
9.58	6.07385 2.95839 9.64873	
9.59	5.95698 3.36249 9.64147	
9.6	6.02399 3.9448 9.29135	
9.61	6.19727 4.68907 8.91855	
9.62	6.59254 5.63836 8.55133	
9.63	6.85865 6.88384 8.28846	
9.64	7.06327 8.20008 7.93181	
9.65	7.25446 9.50715 7.63372	
9.66	7.61921 10.7365 7.3423	
9.67	7.55691 11.2137 6.67219	
9.68	7.55422 11.0584 6.08675	
9.69	7.5965 11.1188 5.75207	
9.7	7.58747 11.508 5.05904	
9.71	7.76057 12.1415 4.95143	
9.72	7.90081 12.8159 4.41937	
9.73	7.5056 13.4231 4.13556	
9.74	7.50255 13.37 4.00379	
9.75	7.49989 13.3558 3.95143	
9.76	7.50359 13.3369 3.91317	
9.77	7.50618 13.313 3.84552	
9.78	7.50651 13.3084 3.82826	
9.79	7.50992 13.2965 3.80167	
9.8	7.50963 13.296 3.79522	
9.81	7.50904 13.2966 3.79176	
9.82	7.50745 13.3011 3.79718	
9.83	7.50216 13.3208 3.8381	
9.84	7.49385 13.3793 3.97452	
9.85	7.49187 13.4011 4.01975	
9.86	7.4882 13.4166 4.03954	
9.87	7.48872 13.4218 4.05267	
9.88	7.48794 13.4247 4.05518	
9.89	7.48717 13.4263 4.05474	
9.9	7.48899 13.3891 3.97127	
9.91	7.49831 13.3241 3.81411	
9.92	7.52679 13.2431 3.6259	
9.93	7.53585 13.2257 3.59409	
9.94	7.53303 13.2301 3.59039	
9.95	7.53315 13.2299 3.58722	
9.96	7.53379 13.2291 3.5867	
9.97	7.53283 13.2307 3.58381	
9.98	7.53351 13.23 3.58529	
9.99	7.53129 13.2338 3.58625	
10	7.53086 13.2347 3.58603	
10.01	7.53046 13.2356 3.58581	
10.02	7.53185 13.2335 3.58443	
10.03	7.52968 13.2372 3.58541	
10.04	7.52932 13.238 3.58522	
10.05	7.53075 13.2358 3.58386	
10.06	7.52862 13.2394 3.58486	
10.07	7.53008 13.2372 3.58351	
10.08	7.52863 13.2395 3.58162	
10.09	7.53011 13.2372 3.58029	
10.1	7.52803 13.2407 3.58131	
10.11	7.52889 13.2397 3.58289	
10.12	7.52748 13.2419 3.58102	
10.13	7.52657 13.2437 3.58378	
