# Gnuplot File : positions of 1 particle(s) Monitored
# 1st Column : time, others : particle(s) number 0 
0.01	9.83269 19.8903 2.83956	
0.02	9.82417 19.8952 2.85051	
0.03	9.8349 19.8888 2.83594	
0.04	9.83823 19.8861 2.83006	
0.05	9.83764 19.8864 2.83071	
0.06	9.8365 19.8863 2.83075	
0.07	9.83549 19.8869 2.832	
0.08	9.8339 19.8871 2.83268	
0.09	9.83141 19.8895 2.83758	
0.1	9.8277 19.8901 2.83969	
0.11	9.83006 19.8919 2.84228	
0.12	9.83433 19.8884 2.83483	
0.13	9.8352 19.8871 2.83225	
0.14	9.8365 19.8871 2.83194	
0.15	9.83723 19.8875 2.83237	
0.16	9.83652 19.8871 2.83192	
0.17	9.83752 19.8857 2.82923	
0.18	9.83752 19.8865 2.83061	
0.19	9.81876 19.8999 2.8601	
0.2	9.8012 19.9274 2.92086	
0.21	9.80051 19.9335 2.93431	
0.22	9.80073 19.931 2.92878	
0.23	9.80054 19.9326 2.93245	
0.24	9.80051 19.9344 2.93635	
0.25	9.80059 19.9318 2.9306	
0.26	9.80632 19.9145 2.89248	
0.27	9.79959 19.931 2.92939	
0.28	9.8032 19.9545 2.98214	
0.29	9.81197 19.9606 2.99375	
0.3	9.81631 19.9654 3.00442	
0.31	9.80294 19.9471 2.96438	
0.32	9.81654 19.9032 2.86699	
0.33	9.82584 19.8958 2.85057	
0.34	9.81813 19.9012 2.86276	
0.35	9.82044 19.8987 2.85752	
0.36	9.8155 19.9042 2.86936	
0.37	9.81077 19.911 2.88402	
0.38	9.80961 19.9121 2.88664	
0.39	9.80537 19.9184 2.90061	
0.4	9.80114 19.9408 2.95055	
0.41	9.82008 19.9698 3.01452	
0.42	9.84821 19.9876 3.05392	
0.43	9.83528 19.9801 3.03697	
0.44	9.82292 19.9721 3.01972	
0.45	9.80693 19.9521 2.97475	
0.46	9.79831 19.9317 2.93124	
0.47	9.80366 19.9172 2.89873	
0.48	9.80701 19.9134 2.89001	
0.49	9.80836 19.9114 2.88553	
0.5	9.82269 19.8765 2.85475	
0.51	9.79295 19.6443 2.90807	
0.52	9.79887 19.6012 2.92498	
0.53	9.7803 19.6343 2.92751	
0.54	9.81953 19.5587 2.72963	
0.55	9.86472 19.4949 2.6677	
0.56	9.80259 19.5262 2.73541	
0.57	9.80065 19.5058 2.73621	
0.58	9.83405 19.8886 2.8352	
0.59	9.83335 19.8882 2.83478	
0.6	9.83321 19.8891 2.83636	
0.61	9.83391 19.8887 2.83539	
0.62	9.86027 19.875 2.80544	
0.63	9.85355 19.8796 2.81403	
0.64	9.85631 19.8766 2.80902	
0.65	9.86307 19.8739 2.80302	
0.66	9.97741 19.8516 2.75423	
0.67	10.0072 19.8521 2.75453	
0.68	10.0141 19.7099 2.78045	
0.69	9.9927 19.3026 2.82496	
0.7	9.82468 18.7117 2.98561	
0.71	9.59681 18.0292 3.43185	
0.72	9.46658 17.6322 3.80039	
0.73	9.47646 17.3146 3.86524	
0.74	9.42776 17.2903 3.72247	
0.75	9.3338 17.1607 3.42024	
0.76	9.03969 17.0223 3.36351	
0.77	8.81067 16.8948 3.30759	
0.78	8.76444 16.8397 3.20621	
0.79	8.72619 16.8124 3.17287	
0.8	8.70675 16.8188 3.17911	
0.81	8.72869 16.8093 3.159	
0.82	8.756 16.8467 3.15505	
0.83	8.7708 16.873 3.17349	
0.84	8.83881 16.8852 3.16713	
0.85	8.85564 16.8837 3.18703	
0.86	8.83401 16.9156 3.20409	
0.87	8.80858 17.0078 3.24121	
0.88	8.79007 17.0911 3.27487	
0.89	8.66955 17.2387 3.36203	
0.9	8.53972 17.4083 3.56561	
0.91	8.43098 17.4812 3.72545	
0.92	8.40457 17.4855 3.79535	
0.93	8.40496 17.4577 3.80682	
0.94	8.40488 17.4623 3.83497	
0.95	8.41546 17.4597 3.83513	
0.96	8.42567 17.3984 3.76944	
0.97	8.41935 17.342 3.664	
0.98	8.42968 17.3186 3.56781	
0.99	8.42207 17.3327 3.51439	
1	8.39564 17.3408 3.47411	
1.01	8.39379 17.3437 3.45552	
1.02	8.38978 17.3452 3.44397	
1.03	8.3892 17.3453 3.43836	
1.04	8.38681 17.3288 3.42976	
1.05	8.37562 17.3306 3.42849	
1.06	8.36738 17.348 3.43347	
1.07	8.36569 17.3498 3.42729	
1.08	8.35969 17.3617 3.42716	
1.09	8.35851 17.3508 3.39928	
1.1	8.3595 17.3617 3.38127	
1.11	8.35581 17.3736 3.37898	
1.12	8.35239 17.3952 3.39109	
1.13	8.35479 17.4076 3.38435	
1.14	8.35705 17.4408 3.38843	
1.15	8.35049 17.4533 3.38689	
1.16	8.33215 17.4645 3.39831	
1.17	8.32366 17.4714 3.40631	
1.18	8.29717 17.4725 3.42224	
1.19	8.28669 17.4649 3.4206	
1.2	8.2755 17.4833 3.43658	
1.21	8.26291 17.4858 3.4504	
1.22	8.24928 17.4904 3.47466	
1.23	8.24523 17.4921 3.49113	
1.24	8.24406 17.5106 3.50914	
1.25	8.24845 17.524 3.50555	
1.26	8.25512 17.5298 3.50001	
1.27	8.25836 17.5424 3.49851	
1.28	8.26449 17.5434 3.49422	
1.29	8.27813 17.5463 3.47431	
1.3	8.28781 17.5593 3.44529	
1.31	8.30116 17.5646 3.41095	
1.32	8.30386 17.5626 3.39955	
1.33	8.29871 17.5681 3.39287	
1.34	8.29375 17.5731 3.38449	
1.35	8.29058 17.5682 3.37646	
1.36	8.29309 17.5536 3.33357	
1.37	8.29933 17.5516 3.29202	
1.38	8.29491 17.5639 3.28945	
1.39	8.28119 17.5783 3.29696	
1.4	8.2881 17.5826 3.29117	
1.41	8.30556 17.5898 3.25962	
1.42	8.31205 17.6066 3.23582	
1.43	8.31266 17.61 3.23072	
1.44	8.3048 17.6175 3.23597	
1.45	8.2993 17.6277 3.24028	
1.46	8.29363 17.626 3.23691	
1.47	8.28121 17.6197 3.22328	
1.48	8.2756 17.6109 3.20809	
1.49	8.26863 17.6176 3.209	
1.5	8.26675 17.6437 3.16494	
1.51	8.28413 17.6654 3.11383	
1.52	8.31852 17.6851 3.05419	
1.53	8.34051 17.6957 3.02347	
1.54	8.3424 17.7108 3.02174	
1.55	8.3561 17.7178 3.03046	
1.56	8.35781 17.7321 3.07801	
1.57	8.34505 17.736 3.14369	
1.58	8.34377 17.7338 3.15779	
1.59	8.35018 17.726 3.14462	
1.6	8.36304 17.7165 3.13353	
1.61	8.38321 17.7077 3.12928	
1.62	8.41318 17.7033 3.13818	
1.63	8.43066 17.7135 3.1489	
1.64	8.44341 17.717 3.14812	
1.65	8.45699 17.7197 3.14354	
1.66	8.4687 17.7227 3.15165	
1.67	8.48328 17.7249 3.14861	
1.68	8.49492 17.7297 3.14823	
1.69	8.50169 17.7354 3.16843	
1.7	8.51642 17.7362 3.16474	
1.71	8.53262 17.744 3.1757	
1.72	8.53925 17.7462 3.18093	
1.73	8.5475 17.7183 3.17695	
1.74	8.59996 17.6767 3.16328	
1.75	8.63683 17.6392 3.15938	
1.76	8.63892 17.6265 3.16458	
1.77	8.64448 17.6296 3.17114	
1.78	8.66251 17.6313 3.1778	
1.79	8.68721 17.6289 3.178	
1.8	8.70806 17.6386 3.16569	
1.81	8.71005 17.6466 3.16983	
1.82	8.70054 17.6517 3.1765	
1.83	8.69474 17.6542 3.18046	
1.84	8.67913 17.6506 3.1892	
1.85	8.67578 17.6467 3.18955	
1.86	8.66954 17.6437 3.1735	
1.87	8.66673 17.6473 3.18006	
1.88	8.67165 17.6471 3.18015	
1.89	8.67092 17.6469 3.18013	
1.9	8.65996 17.6478 3.17877	
1.91	8.656 17.6465 3.17367	
1.92	8.65448 17.6467 3.16095	
1.93	8.64905 17.6441 3.1518	
1.94	8.63773 17.6469 3.15049	
1.95	8.63766 17.6343 3.14272	
1.96	8.63378 17.6222 3.13497	
1.97	8.63275 17.6156 3.1298	
1.98	8.62193 17.6129 3.14618	
1.99	8.60543 17.6202 3.15888	
2	8.60577 17.613 3.14093	
2.01	8.59932 17.6073 3.12312	
2.02	8.59667 17.6091 3.11538	
2.03	8.58202 17.6179 3.11802	
2.04	8.5526 17.6283 3.11933	
2.05	8.51585 17.6293 3.12296	
2.06	8.47671 17.6332 3.12013	
2.07	8.45993 17.6342 3.11863	
2.08	8.43541 17.6213 3.11234	
2.09	8.3997 17.5981 3.12901	
2.1	8.38146 17.594 3.18908	
2.11	8.37167 17.6094 3.27717	
2.12	8.35169 17.6177 3.30719	
2.13	8.34505 17.6024 3.26711	
2.14	8.35939 17.5896 3.22819	
2.15	8.37251 17.5843 3.2184	
2.16	8.38443 17.5678 3.19	
2.17	8.39446 17.5637 3.1897	
2.18	8.35732 17.5654 3.16755	
2.19	8.32081 17.5798 3.17164	
2.2	8.32533 17.645 3.10027	
2.21	8.37177 17.6442 2.99579	
2.22	8.39096 17.6952 2.84895	
2.23	8.38223 17.7283 2.79948	
2.24	8.33975 17.7363 2.7982	
2.25	8.30456 17.7387 2.81259	
2.26	8.2524 17.7335 2.92688	
2.27	8.21363 17.7098 3.01939	
2.28	8.19337 17.6408 3.02751	
2.29	8.19897 17.6241 3.10621	
2.3	8.1591 17.6174 3.16539	
2.31	8.10781 17.6225 3.16473	
2.32	8.07146 17.6179 3.13889	
2.33	8.0096 17.6152 3.125	
2.34	7.95247 17.6054 3.06055	
2.35	7.93622 17.5997 2.95302	
2.36	7.88269 17.6082 2.93761	
2.37	7.81303 17.6162 2.94556	
2.38	7.79311 17.6082 2.87829	
2.39	7.79029 17.6261 2.84984	
2.4	7.79695 17.6376 2.84671	
2.41	7.81002 17.6421 2.82618	
2.42	7.80668 17.7511 2.78091	
2.43	7.85709 17.7463 2.68835	
2.44	7.98077 17.7818 2.60693	
2.45	8.11758 17.7656 2.55116	
2.46	8.20823 17.8005 2.50091	
2.47	8.12845 17.7881 2.59995	
2.48	8.00615 17.6681 2.80008	
2.49	7.88965 17.5623 2.99455	
2.5	7.85735 17.5743 3.3408	
2.51	7.86621 17.6803 3.64913	
2.52	7.89115 17.9169 3.91378	
2.53	7.88015 18.106 4.11678	
2.54	7.8553 18.127 4.16477	
2.55	7.88782 18.1319 4.18849	
2.56	7.98604 18.1252 4.19239	
2.57	8.15227 18.1375 4.19866	
2.58	8.34891 18.1356 4.23133	
2.59	8.53335 18.1441 4.3036	
2.6	8.62853 18.1715 4.37997	
2.61	8.63218 18.1729 4.39365	
2.62	8.63475 18.1663 4.36141	
2.63	8.68572 18.1621 4.29668	
2.64	8.67787 18.1549 4.28683	
2.65	8.67528 18.0907 4.25206	
2.66	8.71867 17.9517 4.13842	
2.67	8.79142 17.7588 4.00383	
2.68	8.88598 17.589 3.9014	
2.69	9.02368 17.5285 3.87095	
2.7	9.19807 17.53 3.85919	
2.71	9.36918 17.5398 3.82397	
2.72	9.52677 17.5995 3.81799	
2.73	9.63574 17.7437 3.8487	
2.74	9.6751 17.9039 3.84839	
2.75	9.6897 18.0517 3.78307	
2.76	9.70964 18.2196 3.66802	
2.77	9.72682 18.362 3.49059	
2.78	9.74478 18.5148 3.28676	
2.79	9.76153 18.7465 3.17428	
2.8	9.77248 19.0789 3.2285	
2.81	9.7892 19.378 3.25135	
2.82	9.80907 19.6842 3.2512	
2.83	9.81602 19.9172 3.17943	
2.84	9.75948 20.0146 3.15441	
2.85	9.7659 20.0729 3.14706	
2.86	9.77037 20.1051 3.13055	
2.87	9.76763 20.1322 3.11481	
2.88	9.76979 20.1481 3.11027	
2.89	9.89072 20.0026 3.08649	
2.9	9.89698 20.0047 3.0916	
2.91	9.90383 20.0063 3.09519	
2.92	9.90946 20.0075 3.0979	
2.93	9.91208 20.0073 3.09654	
2.94	9.91184 20.0071 3.09592	
2.95	9.91392 20.0084 3.09987	
2.96	9.92053 20.0097 3.10265	
2.97	9.92443 20.0109 3.10612	
2.98	9.93309 20.0122 3.1087	
2.99	9.93711 20.015 3.11803	
3	9.94051 20.0179 3.12829	
3.01	9.94119 20.0147 3.11643	
3.02	9.94474 20.0133 3.11057	
3.03	9.94597 20.0143 3.11397	
3.04	9.94646 20.0185 3.12956	
3.05	9.94515 20.0208 3.13884	
3.06	9.94539 20.022 3.14356	
3.07	9.9467 20.0225 3.14514	
3.08	9.94564 20.0228 3.14673	
3.09	9.94563 20.0232 3.14828	
3.1	9.94563 20.0232 3.14828	
3.11	9.94563 20.0236 3.14984	
3.12	9.94563 20.0236 3.14984	
3.13	9.94588 20.0236 3.1499	
3.14	9.94563 20.0236 3.14984	
3.15	9.94588 20.024 3.15146	
3.16	9.94588 20.0236 3.1499	
3.17	9.94588 20.0236 3.1499	
3.18	9.94588 20.0236 3.1499	
3.19	9.94612 20.0236 3.14996	
3.2	9.94588 20.0236 3.1499	
3.21	9.94588 20.0236 3.1499	
3.22	9.94588 20.0236 3.1499	
3.23	9.94588 20.0236 3.1499	
3.24	9.94612 20.0236 3.14996	
3.25	9.94481 20.0236 3.14994	
3.26	9.94588 20.0236 3.1499	
3.27	9.94588 20.0236 3.1499	
3.28	9.94588 20.0236 3.1499	
3.29	9.94612 20.0236 3.14996	
3.3	9.94481 20.0239 3.1515	
3.31	9.94612 20.0236 3.14996	
3.32	9.94588 20.0236 3.1499	
3.33	9.94612 20.0236 3.14996	
3.34	9.94612 20.0236 3.14996	
3.35	9.94612 20.0236 3.14996	
3.36	9.94612 20.0236 3.14996	
3.37	9.94612 20.0236 3.14996	
3.38	9.94612 20.0236 3.14996	
3.39	9.94506 20.0236 3.15	
3.4	9.94612 20.0236 3.14996	
3.41	9.94612 20.0236 3.14996	
3.42	9.94744 20.0237 3.14999	
3.43	9.94612 20.0236 3.14996	
3.44	9.94612 20.0236 3.14996	
3.45	9.94612 20.0236 3.14996	
3.46	9.94612 20.0236 3.14996	
3.47	9.94637 20.0236 3.15003	
3.48	9.94612 20.0236 3.14996	
3.49	9.94612 20.0236 3.14996	
3.5	9.94612 20.0236 3.14996	
3.51	9.94612 20.0236 3.14996	
3.52	9.94612 20.0236 3.14996	
3.53	9.94612 20.0236 3.14996	
3.54	9.94637 20.0236 3.15003	
3.55	9.94481 20.0236 3.14994	
3.56	9.94612 20.024 3.15152	
3.57	9.94612 20.0236 3.14996	
3.58	9.94612 20.0236 3.14996	
3.59	9.94612 20.0236 3.14996	
3.6	9.94481 20.0236 3.14994	
3.61	9.94481 20.0236 3.14994	
3.62	9.94612 20.0236 3.14996	
3.63	9.94612 20.0236 3.14996	
3.64	9.94612 20.0236 3.14996	
3.65	9.94612 20.0236 3.14996	
3.66	9.94506 20.0236 3.15	
3.67	9.94637 20.0236 3.15003	
3.68	9.94637 20.0236 3.15003	
3.69	9.94612 20.0236 3.14996	
3.7	9.94637 20.0236 3.15003	
3.71	9.94612 20.0236 3.14996	
3.72	9.94506 20.0236 3.15	
3.73	9.94637 20.0236 3.15003	
3.74	9.94612 20.0236 3.14996	
3.75	9.94506 20.0236 3.15	
3.76	9.94612 20.0236 3.14996	
3.77	9.94612 20.0236 3.14996	
3.78	9.94637 20.0236 3.15003	
3.79	9.94612 20.0236 3.14996	
3.8	9.94612 20.0236 3.14996	
3.81	9.94637 20.0236 3.15003	
3.82	9.94637 20.0236 3.15003	
3.83	9.94637 20.0236 3.15003	
3.84	9.94637 20.0236 3.15003	
3.85	9.94481 20.0236 3.14994	
3.86	9.94637 20.0236 3.15003	
3.87	9.94506 20.0236 3.15	
3.88	9.94637 20.0236 3.15003	
3.89	9.94612 20.0236 3.14996	
3.9	9.94637 20.0236 3.15003	
3.91	9.94637 20.0236 3.15003	
3.92	9.94637 20.0236 3.15003	
3.93	9.94612 20.0236 3.14996	
3.94	9.94637 20.0236 3.15003	
3.95	9.94637 20.0236 3.15003	
3.96	9.94637 20.0236 3.15003	
3.97	9.94612 20.0236 3.14996	
3.98	9.94637 20.0236 3.15003	
3.99	9.94637 20.0236 3.15003	
4	9.94637 20.0236 3.15003	
4.01	9.94612 20.0236 3.14996	
4.02	9.94637 20.0236 3.15003	
4.03	9.94637 20.0236 3.15003	
4.04	9.94637 20.0236 3.15003	
4.05	9.94637 20.0236 3.15003	
4.06	9.94637 20.0236 3.15003	
4.07	9.94637 20.0236 3.15003	
4.08	9.94506 20.0236 3.15	
4.09	9.94637 20.0236 3.15003	
4.1	9.94612 20.0236 3.14996	
4.11	9.94637 20.0236 3.15003	
4.12	9.94612 20.0236 3.14996	
4.13	9.94612 20.0236 3.14996	
4.14	9.94506 20.0236 3.15	
4.15	9.94637 20.0236 3.15003	
4.16	9.94637 20.0236 3.15003	
4.17	9.94637 20.0236 3.15003	
4.18	9.94481 20.0236 3.14994	
4.19	9.94612 20.0236 3.14996	
4.2	9.94637 20.0236 3.15003	
4.21	9.94612 20.0236 3.14996	
4.22	9.94637 20.0236 3.15003	
4.23	9.94612 20.0236 3.14996	
4.24	9.94612 20.0236 3.14996	
4.25	9.94481 20.0236 3.14994	
4.26	9.94612 20.0236 3.14996	
4.27	9.94506 20.0236 3.15	
4.28	9.94637 20.0236 3.15003	
4.29	9.94637 20.0236 3.15003	
4.3	9.94637 20.0236 3.15003	
4.31	9.94637 20.0236 3.15003	
4.32	9.94637 20.0236 3.15003	
4.33	9.94612 20.0236 3.14996	
4.34	9.94612 20.0236 3.14996	
4.35	9.94637 20.0236 3.15003	
4.36	9.94637 20.0236 3.15003	
4.37	9.94506 20.0236 3.15	
4.38	9.94637 20.0236 3.15003	
4.39	9.94506 20.0236 3.15	
4.4	9.94637 20.0236 3.15003	
4.41	9.94612 20.0236 3.14996	
4.42	9.94612 20.0236 3.14996	
4.43	9.94637 20.0236 3.15003	
4.44	9.94612 20.0236 3.14996	
4.45	9.94612 20.0236 3.14996	
4.46	9.94612 20.0236 3.14996	
4.47	9.94637 20.0236 3.15003	
4.48	9.94506 20.0236 3.15	
4.49	9.94637 20.0236 3.15003	
4.5	9.94637 20.024 3.15158	
4.51	9.94637 20.0236 3.15003	
4.52	9.94637 20.0236 3.15003	
4.53	9.94612 20.0236 3.14996	
4.54	9.94506 20.0236 3.15	
4.55	9.94506 20.0236 3.15	
4.56	9.94637 20.0236 3.15003	
4.57	9.94612 20.0236 3.14996	
4.58	9.94506 20.0236 3.15	
4.59	9.94506 20.0236 3.15	
4.6	9.94612 20.0236 3.14996	
4.61	9.94637 20.0236 3.15003	
4.62	9.94506 20.0236 3.15	
4.63	9.94637 20.0236 3.15003	
4.64	9.94637 20.0236 3.15003	
4.65	9.94637 20.0236 3.15003	
4.66	9.94637 20.0236 3.15003	
4.67	9.94768 20.0237 3.15005	
4.68	9.94637 20.0236 3.15003	
4.69	9.94481 20.0236 3.14994	
4.7	9.94637 20.0236 3.15003	
4.71	9.94612 20.0236 3.14996	
4.72	9.94744 20.0237 3.14999	
4.73	9.94637 20.0236 3.15003	
4.74	9.94506 20.0236 3.15	
4.75	9.94637 20.0236 3.15003	
4.76	9.94637 20.0236 3.15003	
4.77	9.94506 20.0236 3.15	
4.78	9.94637 20.0236 3.15003	
4.79	9.94637 20.0236 3.15003	
4.8	9.94637 20.0236 3.15003	
4.81	9.94637 20.0236 3.15003	
4.82	9.94612 20.0236 3.14996	
4.83	9.94637 20.0236 3.15003	
4.84	9.94506 20.0236 3.15	
4.85	9.94637 20.0236 3.15003	
4.86	9.94637 20.0236 3.15003	
4.87	9.94637 20.0236 3.15003	
4.88	9.94637 20.0236 3.15003	
4.89	9.94637 20.0236 3.15003	
4.9	9.94637 20.0236 3.15003	
4.91	9.94637 20.0236 3.15003	
4.92	9.94637 20.0236 3.15003	
4.93	9.94506 20.0236 3.15	
4.94	9.94612 20.0236 3.14996	
4.95	9.94506 20.0236 3.15	
4.96	9.94637 20.0236 3.15003	
4.97	9.94637 20.0236 3.15003	
4.98	9.94637 20.0236 3.15003	
4.99	9.94612 20.0236 3.14996	
5	9.94506 20.0236 3.15	
5.01	9.94637 20.0236 3.15003	
5.02	9.94637 20.0236 3.15003	
5.03	9.94637 20.0236 3.15003	
5.04	9.94637 20.024 3.15158	
5.05	9.94637 20.0236 3.15003	
5.06	9.94506 20.0236 3.15	
5.07	9.94637 20.0236 3.15003	
5.08	9.94637 20.0233 3.14847	
5.09	9.94612 20.0236 3.14996	
5.1	9.94637 20.0236 3.15003	
5.11	9.94637 20.0236 3.15003	
5.12	9.94637 20.0236 3.15003	
5.13	9.94637 20.0236 3.15003	
5.14	9.94637 20.024 3.15158	
5.15	9.94637 20.0236 3.15003	
5.16	9.94637 20.0236 3.15003	
5.17	9.94637 20.0236 3.15003	
5.18	9.94637 20.0236 3.15003	
5.19	9.94612 20.0236 3.14996	
5.2	9.94637 20.0236 3.15003	
5.21	9.94506 20.0236 3.15	
5.22	9.94637 20.0236 3.15003	
5.23	9.94637 20.0236 3.15003	
5.24	9.94637 20.0236 3.15003	
5.25	9.94637 20.0236 3.15003	
5.26	9.9453 20.0236 3.15006	
5.27	9.94637 20.0236 3.15003	
5.28	9.94637 20.0236 3.15003	
5.29	9.94637 20.0236 3.15003	
5.3	9.94506 20.0236 3.15	
5.31	9.94506 20.0236 3.15	
5.32	9.94506 20.0236 3.15	
5.33	9.94637 20.0236 3.15003	
5.34	9.94637 20.0236 3.15003	
5.35	9.94637 20.0236 3.15003	
5.36	9.94637 20.0236 3.15003	
5.37	9.94637 20.0236 3.15003	
5.38	9.94637 20.0236 3.15003	
5.39	9.9453 20.0236 3.15006	
5.4	9.94637 20.0236 3.15003	
5.41	9.94506 20.0236 3.15	
5.42	9.94506 20.0236 3.15	
5.43	9.94612 20.0236 3.14996	
5.44	9.94637 20.0236 3.15003	
5.45	9.94612 20.0236 3.14996	
5.46	9.94637 20.0236 3.15003	
5.47	9.94637 20.0236 3.15003	
5.48	9.94506 20.0236 3.15	
5.49	9.94637 20.0236 3.15003	
5.5	9.94637 20.0236 3.15003	
5.51	9.94637 20.0236 3.15003	
5.52	9.94506 20.0236 3.15	
5.53	9.94613 20.0232 3.14841	
5.54	9.94637 20.0236 3.15003	
5.55	9.94637 20.0236 3.15003	
5.56	9.94637 20.0236 3.15003	
5.57	9.94637 20.0236 3.15003	
5.58	9.94506 20.0236 3.15	
5.59	9.94506 20.0236 3.15	
5.6	9.94637 20.0236 3.15003	
5.61	9.94637 20.0236 3.15003	
5.62	9.94637 20.0236 3.15003	
5.63	9.94637 20.0236 3.15003	
5.64	9.94637 20.0236 3.15003	
5.65	9.94506 20.0236 3.15	
5.66	9.94637 20.0236 3.15003	
5.67	9.94637 20.0236 3.15003	
5.68	9.94506 20.0236 3.15	
5.69	9.94637 20.0236 3.15003	
5.7	9.94637 20.0236 3.15003	
5.71	9.94637 20.0236 3.15003	
5.72	9.94637 20.0236 3.15003	
5.73	9.94637 20.0236 3.15003	
5.74	9.94637 20.0236 3.15003	
5.75	9.94637 20.0236 3.15003	
5.76	9.94637 20.0236 3.15003	
5.77	9.94637 20.0236 3.15003	
5.78	9.94637 20.0236 3.15003	
5.79	9.94637 20.0236 3.15003	
5.8	9.94637 20.0236 3.15003	
5.81	9.94637 20.0236 3.15003	
5.82	9.94637 20.0236 3.15003	
5.83	9.94506 20.0236 3.15	
5.84	9.94506 20.0236 3.15	
5.85	9.94637 20.0236 3.15003	
5.86	9.94637 20.0236 3.15003	
5.87	9.94506 20.0236 3.15	
5.88	9.94637 20.0236 3.15003	
5.89	9.94637 20.0236 3.15003	
5.9	9.94506 20.0236 3.15	
5.91	9.94637 20.0236 3.15003	
5.92	9.94612 20.0236 3.14996	
5.93	9.94637 20.0236 3.15003	
5.94	9.94637 20.0236 3.15003	
5.95	9.94637 20.0236 3.15003	
5.96	9.94506 20.0236 3.15	
5.97	9.94506 20.0236 3.15	
5.98	9.94662 20.0237 3.15009	
5.99	9.94637 20.0236 3.15003	
6	9.94506 20.0236 3.15	
6.01	9.94637 20.0236 3.15003	
6.02	9.94637 20.0236 3.15003	
6.03	9.94637 20.0236 3.15003	
6.04	9.94637 20.0236 3.15003	
6.05	9.94481 20.0236 3.14994	
6.06	9.94637 20.0236 3.15003	
6.07	9.94637 20.0236 3.15003	
6.08	9.94506 20.0236 3.15	
6.09	9.94637 20.0236 3.15003	
6.1	9.94637 20.0236 3.15003	
6.11	9.94637 20.0236 3.15003	
6.12	9.94506 20.0236 3.15	
6.13	9.94637 20.0236 3.15003	
6.14	9.94637 20.0236 3.15003	
6.15	9.94637 20.0236 3.15003	
6.16	9.94637 20.0236 3.15003	
6.17	9.94637 20.0236 3.15003	
6.18	9.94637 20.0236 3.15003	
6.19	9.94637 20.0236 3.15003	
6.2	9.94612 20.0236 3.14996	
6.21	9.94637 20.0236 3.15003	
6.22	9.94506 20.0236 3.15	
6.23	9.94637 20.0236 3.15003	
6.24	9.94637 20.0236 3.15003	
6.25	9.94637 20.0236 3.15003	
6.26	9.94637 20.0236 3.15003	
6.27	9.94637 20.0233 3.14847	
6.28	9.94637 20.0236 3.15003	
6.29	9.94637 20.0236 3.15003	
6.3	9.94637 20.0236 3.15003	
6.31	9.94637 20.0236 3.15003	
6.32	9.94637 20.0236 3.15003	
6.33	9.94506 20.024 3.15156	
6.34	9.94637 20.0236 3.15003	
6.35	9.94481 20.0236 3.14994	
6.36	9.94637 20.0236 3.15003	
6.37	9.94637 20.0236 3.15003	
6.38	9.94637 20.0236 3.15003	
6.39	9.94637 20.0236 3.15003	
6.4	9.94637 20.0236 3.15003	
6.41	9.94637 20.0236 3.15003	
6.42	9.94637 20.0236 3.15003	
6.43	9.94637 20.0236 3.15003	
6.44	9.94637 20.0236 3.15003	
6.45	9.94637 20.0236 3.15003	
6.46	9.94637 20.0236 3.15003	
6.47	9.94637 20.0236 3.15003	
6.48	9.94637 20.0236 3.15003	
6.49	9.94612 20.0236 3.14996	
6.5	9.94637 20.0236 3.15003	
6.51	9.94637 20.0236 3.15003	
6.52	9.94637 20.0236 3.15003	
6.53	9.94637 20.0236 3.15003	
6.54	9.94506 20.0236 3.15	
6.55	9.94637 20.0236 3.15003	
6.56	9.94637 20.0236 3.15003	
6.57	9.94637 20.0236 3.15003	
6.58	9.94637 20.0236 3.15003	
6.59	9.94637 20.0236 3.15003	
6.6	9.94662 20.0237 3.15009	
6.61	9.94637 20.0236 3.15003	
6.62	9.94637 20.0236 3.15003	
6.63	9.94637 20.0236 3.15003	
6.64	9.94506 20.0236 3.15	
6.65	9.94637 20.0236 3.15003	
6.66	9.94637 20.0236 3.15003	
6.67	9.94637 20.0236 3.15003	
6.68	9.94637 20.0236 3.15003	
6.69	9.94637 20.0236 3.15003	
6.7	9.94637 20.0236 3.15003	
6.71	9.94637 20.0236 3.15003	
6.72	9.94506 20.0236 3.15	
6.73	9.94506 20.0236 3.15	
6.74	9.94637 20.0236 3.15003	
6.75	9.94637 20.0233 3.14847	
6.76	9.94637 20.0236 3.15003	
6.77	9.94637 20.0236 3.15003	
6.78	9.94637 20.0236 3.15003	
6.79	9.9453 20.0236 3.15006	
6.8	9.94637 20.0236 3.15003	
6.81	9.94637 20.0236 3.15003	
6.82	9.94637 20.0236 3.15003	
6.83	9.94637 20.0233 3.14847	
6.84	9.94637 20.0236 3.15003	
6.85	9.94637 20.0236 3.15003	
6.86	9.94637 20.0236 3.15003	
6.87	9.94637 20.0236 3.15003	
6.88	9.94637 20.0236 3.15003	
6.89	9.94637 20.0236 3.15003	
6.9	9.94637 20.0236 3.15003	
6.91	9.94637 20.0236 3.15003	
6.92	9.94637 20.0236 3.15003	
6.93	9.94637 20.0236 3.15003	
6.94	9.94637 20.0236 3.15003	
6.95	9.94661 20.0241 3.15164	
6.96	9.94637 20.0236 3.15003	
6.97	9.94637 20.0236 3.15003	
6.98	9.94506 20.0236 3.15	
6.99	9.94637 20.0236 3.15003	
7	9.94637 20.0236 3.15003	
7.01	9.94637 20.0236 3.15003	
7.02	9.94637 20.0236 3.15003	
7.03	9.94637 20.0236 3.15003	
7.04	9.94612 20.0236 3.14996	
7.05	9.94506 20.0236 3.15	
7.06	9.94637 20.0236 3.15003	
7.07	9.94637 20.0236 3.15003	
7.08	9.94637 20.0236 3.15003	
7.09	9.94637 20.0236 3.15003	
7.1	9.94637 20.0236 3.15003	
7.11	9.94637 20.0236 3.15003	
7.12	9.94637 20.0236 3.15003	
7.13	9.94662 20.0237 3.15009	
7.14	9.94506 20.0236 3.15	
7.15	9.94637 20.0236 3.15003	
7.16	9.94637 20.0233 3.14847	
7.17	9.94637 20.0236 3.15003	
7.18	9.94637 20.0236 3.15003	
7.19	9.94637 20.0236 3.15003	
7.2	9.94612 20.0236 3.14996	
7.21	9.94637 20.0236 3.15003	
7.22	9.94506 20.0236 3.15	
7.23	9.94613 20.0232 3.14841	
7.24	9.94506 20.0236 3.15	
7.25	9.94637 20.0236 3.15003	
7.26	9.94637 20.0236 3.15003	
7.27	9.94506 20.0236 3.15	
7.28	9.94506 20.0236 3.15	
7.29	9.94637 20.0236 3.15003	
7.3	9.94637 20.0236 3.15003	
7.31	9.94506 20.0236 3.15	
7.32	9.94637 20.0236 3.15003	
7.33	9.94637 20.0236 3.15003	
7.34	9.94637 20.0236 3.15003	
7.35	9.94637 20.0236 3.15003	
7.36	9.94637 20.0236 3.15003	
7.37	9.94637 20.0236 3.15003	
7.38	9.94637 20.0236 3.15003	
7.39	9.94637 20.0236 3.15003	
7.4	9.94768 20.0237 3.15005	
7.41	9.94637 20.0236 3.15003	
7.42	9.94637 20.0236 3.15003	
7.43	9.94637 20.0236 3.15003	
7.44	9.94637 20.0236 3.15003	
7.45	9.94662 20.0237 3.15009	
7.46	9.94637 20.0236 3.15003	
7.47	9.94637 20.0236 3.15003	
7.48	9.94637 20.0236 3.15003	
7.49	9.94612 20.0236 3.14996	
7.5	9.94637 20.0236 3.15003	
7.51	9.94506 20.0236 3.15	
7.52	9.94637 20.0236 3.15003	
7.53	9.94506 20.0236 3.15	
7.54	9.94637 20.0236 3.15003	
7.55	9.94637 20.0236 3.15003	
7.56	9.94637 20.0236 3.15003	
7.57	9.94637 20.0236 3.15003	
7.58	9.94506 20.0236 3.15	
7.59	9.94637 20.0236 3.15003	
7.6	9.94637 20.0236 3.15003	
7.61	9.94506 20.0236 3.15	
7.62	9.94637 20.0236 3.15003	
7.63	9.94637 20.0236 3.15003	
7.64	9.94637 20.0236 3.15003	
7.65	9.94637 20.0236 3.15003	
7.66	9.94612 20.0236 3.14996	
7.67	9.94637 20.0236 3.15003	
7.68	9.94768 20.0237 3.15005	
7.69	9.94637 20.0236 3.15003	
7.7	9.94506 20.0236 3.15	
7.71	9.94637 20.0236 3.15003	
7.72	9.94637 20.0236 3.15003	
7.73	9.94637 20.0236 3.15003	
7.74	9.94637 20.0236 3.15003	
7.75	9.94637 20.0236 3.15003	
7.76	9.94637 20.0236 3.15003	
7.77	9.94506 20.0236 3.15	
7.78	9.94637 20.0236 3.15003	
7.79	9.94769 20.0136 3.11132	
7.8	9.94769 20.0136 3.11132	
7.81	9.94769 20.0136 3.11132	
7.82	9.95153 20.0129 3.1083	
7.83	9.95025 20.0137 3.11137	
7.84	9.94976 20.0133 3.1097	
7.85	9.94474 20.0133 3.11057	
7.86	9.94358 20.013 3.10994	
7.87	9.94035 20.0127 3.10937	
7.88	9.93937 20.0122 3.10755	
7.89	9.93712 20.0124 3.10877	
7.9	9.93688 20.0124 3.1087	
7.91	9.93768 20.0119 3.10705	
7.92	9.93871 20.0124 3.10854	
7.93	9.93871 20.012 3.107	
7.94	9.93975 20.012 3.10696	
7.95	9.94103 20.0121 3.10699	
7.96	9.94206 20.0121 3.10694	
7.97	9.93671 20.0122 3.1083	
7.98	9.93671 20.0118 3.10675	
7.99	9.93671 20.0122 3.1083	
8	9.93647 20.0118 3.10668	
8.01	9.93623 20.0117 3.10661	
8.02	9.93654 20.0117 3.10634	
8.03	9.93406 20.0119 3.10747	
8.04	9.93285 20.0113 3.10554	
8.05	9.93317 20.0112 3.10526	
8.06	9.93269 20.0111 3.1051	
8.07	9.93094 20.0114 3.10645	
8.08	9.93198 20.0115 3.1064	
8.09	9.9315 20.0109 3.1047	
8.1	9.93022 20.0113 3.10621	
8.11	9.93022 20.0113 3.10621	
8.12	9.93126 20.0113 3.10616	
8.13	9.92998 20.0108 3.10459	
8.14	9.93102 20.0109 3.10454	
8.15	9.93126 20.0109 3.10462	
8.16	9.92974 20.0108 3.10451	
8.17	9.92974 20.0112 3.10604	
8.18	9.9295 20.0112 3.10596	
8.19	9.92632 20.0108 3.10526	
8.2	9.92594 20.0106 3.1047	
8.21	9.92452 20.0104 3.10418	
8.22	9.9223 20.0101 3.10379	
8.23	9.9216 20.01 3.10352	
8.24	9.92113 20.0099 3.10334	
8.25	9.92193 20.0095 3.10166	
8.26	9.9217 20.0099 3.10311	
8.27	9.92147 20.0103 3.10456	
8.28	9.92019 20.0106 3.10606	
8.29	9.92274 20.0099 3.10305	
8.3	9.92123 20.0098 3.10293	
8.31	9.92147 20.0099 3.10302	
8.32	9.92274 20.0104 3.10459	
8.33	9.91996 20.0097 3.10289	
8.34	9.91996 20.0097 3.10289	
8.35	9.91996 20.0097 3.10289	
8.36	9.91868 20.0096 3.10285	
8.37	9.91996 20.0097 3.10289	
8.38	9.91996 20.0097 3.10289	
8.39	9.91996 20.0097 3.10289	
8.4	9.91996 20.0097 3.10289	
8.41	9.91996 20.0097 3.10289	
8.42	9.91996 20.0097 3.10289	
8.43	9.92147 20.0099 3.10302	
8.44	9.92123 20.0098 3.10293	
8.45	9.91996 20.0097 3.10289	
8.46	9.92123 20.0098 3.10293	
8.47	9.9225 20.0095 3.10142	
8.48	9.91868 20.0096 3.10285	
8.49	9.91718 20.009 3.10118	
8.5	9.92123 20.0098 3.10293	
8.51	9.91822 20.0095 3.10267	
8.52	9.91751 20.0094 3.10239	
8.53	9.91832 20.0094 3.10224	
8.54	9.91843 20.0093 3.10181	
8.55	9.91312 20.0083 3.09955	
8.56	9.90801 20.0071 3.09666	
8.57	9.90205 20.0059 3.09429	
8.58	9.90104 20.0053 3.09252	
8.59	9.89651 20.0048 3.09221	
8.6	9.89517 20.0043 3.09078	
8.61	9.89241 20.0038 3.08985	
8.62	9.89282 20.0037 3.08939	
8.63	9.89218 20.0039 3.09054	
8.64	9.89197 20.0034 3.08888	
8.65	9.89176 20.0038 3.09028	
8.66	9.89133 20.0033 3.08849	
8.67	9.89133 20.0037 3.09002	
8.68	9.89133 20.0037 3.09002	
8.69	9.89112 20.0032 3.08837	
8.7	9.8886 20.0025 3.08673	
8.71	9.8886 20.0025 3.08673	
8.72	9.88839 20.0024 3.0866	
8.73	9.8886 20.002 3.08521	
8.74	9.88839 20.0024 3.0866	
8.75	9.88839 20.002 3.08508	
8.76	9.88839 20.0024 3.0866	
8.77	9.88609 19.8715 3.21764	
8.78	9.8588 19.7368 3.32665	
8.79	9.81942 19.6053 3.42711	
8.8	9.81647 19.4815 3.52282	
8.81	9.82221 19.3843 3.60154	
8.82	9.82476 19.3319 3.64922	
8.83	9.82487 19.2967 3.66781	
8.84	9.82429 19.2613 3.68624	
8.85	9.82707 19.2237 3.71286	
8.86	9.83718 19.1464 3.74665	
8.87	9.85001 19.037 3.80774	
8.88	9.86421 18.8831 3.88855	
8.89	9.87643 18.7287 4.00487	
8.9	9.87813 18.5762 4.13596	
8.91	9.87562 18.4363 4.27454	
8.92	9.88035 18.3178 4.40522	
8.93	9.88107 18.2349 4.52847	
8.94	9.89493 18.2195 4.58774	
8.95	9.90934 18.1989 4.64147	
8.96	9.9294 18.1372 4.7094	
8.97	9.95893 18.0707 4.7767	
8.98	9.98993 17.981 4.86469	
8.99	10.0222 17.8589 4.97688	
9	10.0528 17.86 5.22743	
9.01	10.0985 17.94 5.6203	
9.02	10.1513 17.9748 5.95786	
9.03	10.2128 17.9797 6.14607	
9.04	10.2659 17.9681 6.28214	
9.05	10.3102 17.9546 6.42035	
9.06	10.3405 17.9269 6.54093	
9.07	10.3511 17.8896 6.61877	
9.08	10.3508 17.8637 6.65556	
9.09	10.3501 17.8455 6.66333	
9.1	10.348 17.8263 6.66313	
9.11	10.355 17.8154 6.66324	
9.12	10.368 17.8159 6.66475	
9.13	10.37 17.8154 6.66345	
9.14	10.3627 17.8199 6.66377	
9.15	10.3564 17.8132 6.66039	
9.16	10.3529 17.8093 6.6545	
9.17	10.3561 17.8091 6.65196	
9.18	10.3775 17.8092 6.64549	
9.19	10.4073 17.8005 6.63042	
9.2	10.4322 17.7575 6.60249	
9.21	10.4597 17.683 6.57156	
9.22	10.4973 17.6082 6.54542	
9.23	10.5484 17.5738 6.53318	
9.24	10.602 17.5468 6.53697	
9.25	10.6443 17.5023 6.55656	
9.26	10.7039 17.4613 6.56775	
9.27	10.7707 17.4222 6.56053	
9.28	10.8262 17.371 6.53622	
9.29	10.8706 17.3169 6.54634	
9.3	10.9103 17.2594 6.5708	
9.31	10.9491 17.2127 6.58979	
9.32	10.9885 17.1994 6.61976	
9.33	11.027 17.2085 6.64445	
9.34	11.0673 17.2232 6.66268	
9.35	11.1113 17.2408 6.6771	
9.36	11.1669 17.2517 6.68815	
9.37	11.2309 17.2521 6.69701	
9.38	11.2911 17.2511 6.71807	
9.39	11.3396 17.2379 6.73995	
9.4	11.3811 17.2189 6.76306	
9.41	11.4082 17.1949 6.78877	
9.42	11.4318 17.1681 6.8186	
9.43	11.4525 17.1407 6.84222	
9.44	11.4685 17.1221 6.85716	
9.45	11.4762 17.1106 6.85465	
9.46	11.4881 17.0997 6.85229	
9.47	11.4953 17.0593 6.88828	
9.48	11.5109 16.9982 6.94582	
9.49	11.5245 16.9624 6.98116	
9.5	11.5353 16.9671 6.98605	
9.51	11.5362 17.0003 6.98604	
9.52	11.5307 17.0698 6.98932	
9.53	11.5207 17.1701 6.99131	
9.54	11.5035 17.28 6.99293	
9.55	11.4862 17.3981 6.99182	
9.56	11.4692 17.5233 6.98159	
9.57	11.4512 17.6447 6.95398	
9.58	11.4363 17.7431 6.91929	
9.59	11.4225 17.7998 6.88605	
9.6	11.4033 17.8541 6.85858	
9.61	11.3832 17.9503 6.8303	
9.62	11.3617 18.0668 6.80424	
9.63	11.3418 18.1738 6.77351	
9.64	11.3207 18.2993 6.73647	
9.65	11.299 18.4035 6.6867	
9.66	11.2809 18.4105 6.60764	
9.67	11.2641 18.3976 6.54056	
9.68	11.2465 18.3762 6.46792	
9.69	11.2329 18.3556 6.40941	
9.7	11.2244 18.3253 6.35032	
9.71	11.222 18.3028 6.29493	
9.72	11.2222 18.2728 6.23541	
9.73	11.2194 18.2441 6.18019	
9.74	11.2206 18.1968 6.11885	
9.75	11.2271 18.1109 6.0424	
9.76	11.2356 18.0085 5.96794	
9.77	11.2429 17.9238 5.91246	
9.78	11.2464 17.8588 5.87954	
9.79	11.2567 17.7918 5.84196	
9.8	11.2712 17.7214 5.77999	
9.81	11.2786 17.6584 5.72181	
9.82	11.2901 17.5926 5.65574	
9.83	11.3008 17.5324 5.59727	
9.84	11.3104 17.4639 5.52467	
9.85	11.3188 17.4039 5.42149	
9.86	11.3277 17.3392 5.29813	
9.87	11.3328 17.3017 5.20111	
9.88	11.3369 17.2887 5.14661	
9.89	11.3465 17.2763 5.11098	
9.9	11.3644 17.2627 5.08078	
9.91	11.3908 17.2482 5.04744	
9.92	11.42 17.2398 5.01461	
9.93	11.4484 17.2496 4.97873	
9.94	11.4703 17.2586 4.93251	
9.95	11.494 17.2733 4.89604	
9.96	11.5248 17.2917 4.87444	
9.97	11.556 17.3175 4.86596	
9.98	11.5933 17.3636 4.8754	
9.99	11.6229 17.4063 4.88168	
10	11.6401 17.427 4.88915	
10.01	11.6529 17.4414 4.8957	
10.02	11.6695 17.4561 4.9007	
10.03	11.6849 17.4683 4.8906	
10.04	11.7028 17.4838 4.88691	
10.05	11.7115 17.4884 4.88303	
10.06	11.7171 17.4894 4.88316	
10.07	11.7231 17.4853 4.87333	
10.08	11.7341 17.4701 4.84112	
10.09	11.7412 17.4514 4.80216	
10.1	11.7475 17.4249 4.74711	
10.11	11.7528 17.3964 4.68876	
10.12	11.7581 17.3655 4.62354	
10.13	11.7641 17.3315 4.56068	
10.14	11.7675 17.3127 4.51986	
10.15	11.7723 17.2858 4.48354	
10.16	11.7773 17.2577 4.45452	
10.17	11.7809 17.229 4.43597	
10.18	11.7855 17.205 4.42744	
10.19	11.7945 17.1847 4.4131	
10.2	11.8067 17.1768 4.40232	
10.21	11.826 17.1612 4.39464	
10.22	11.8449 17.1479 4.3919	
10.23	11.8664 17.1295 4.38828	
10.24	11.8847 17.116 4.38572	
10.25	11.9087 17.107 4.379	
10.26	11.9321 17.1012 4.36825	
10.27	11.9592 17.0839 4.36457	
10.28	11.9838 17.0608 4.3619	
10.29	12.0043 17.0366 4.35759	
10.3	12.0277 17.0186 4.35418	
10.31	12.0476 17.0117 4.35404	
10.32	12.0648 16.9958 4.34645	
10.33	12.0839 16.9804 4.33915	
10.34	12.11 16.9556 4.33152	
10.35	12.1383 16.9365 4.32332	
10.36	12.1718 16.9139 4.30528	
10.37	12.2044 16.8958 4.29716	
10.38	12.2383 16.8803 4.29414	
10.39	12.265 16.8575 4.29011	
10.4	12.2862 16.8221 4.28492	
10.41	12.2952 16.7961 4.28427	
10.42	12.3035 16.7582 4.27914	
10.43	12.3133 16.7208 4.27566	
10.44	12.3269 16.6788 4.27161	
10.45	12.341 16.6424 4.26837	
10.46	12.3518 16.5995 4.26444	
10.47	12.3598 16.5567 4.26234	
10.48	12.3681 16.5195 4.26101	
10.49	12.3795 16.4887 4.26039	
10.5	12.3884 16.4632 4.2606	
10.51	12.3956 16.437 4.25917	
10.52	12.4028 16.4052 4.25877	
10.53	12.4064 16.3749 4.26184	
10.54	12.4132 16.337 4.25951	
10.55	12.4207 16.3105 4.25835	
10.56	12.424 16.289 4.25777	
10.57	12.4281 16.2568 4.25773	
10.58	12.4337 16.2248 4.25778	
10.59	12.4417 16.1815 4.25539	
10.6	12.4441 16.1431 4.25516	
10.61	12.4521 16.1002 4.25458	
10.62	12.4605 16.063 4.25457	
10.63	12.4659 16.0309 4.25495	
10.64	12.4692 16.0103 4.25806	
10.65	12.4776 15.9731 4.25832	
10.66	12.4843 15.9356 4.25868	
10.67	12.4915 15.9035 4.25798	
10.68	12.4947 15.8819 4.25807	
10.69	12.5006 15.8556 4.25939	
10.7	12.5047 15.8233 4.26042	
10.71	12.513 15.7861 4.26122	
10.72	12.5186 15.7537 4.26089	
10.73	12.5245 15.7274 4.26247	
10.74	12.5277 15.7063 4.2644	
10.75	12.5312 15.6904 4.26509	
10.76	12.5371 15.6637 4.26527	
10.77	12.5323 15.6346 4.26549	
10.78	12.5384 15.6083 4.26746	
10.79	12.545 15.57 4.26565	
10.8	12.5518 15.5402 4.27094	
10.81	12.556 15.5131 4.27128	
10.82	12.5626 15.4832 4.27656	
10.83	12.5682 15.4592 4.28379	
10.84	12.573 15.4364 4.29264	
10.85	12.5764 15.4139 4.30323	
10.86	12.5778 15.4076 4.31278	
10.87	12.5774 15.4023 4.31416	
10.88	12.5785 15.3973 4.31555	
10.89	12.5792 15.3941 4.32033	
10.9	12.5794 15.3932 4.33005	
10.91	12.5724 15.3954 4.34961	
10.92	12.572 15.3972 4.36578	
10.93	12.5708 15.4031 4.39024	
10.94	12.5678 15.394 4.4192	
10.95	12.5548 15.3784 4.43987	
10.96	12.5476 15.3451 4.45702	
10.97	12.5317 15.312 4.47748	
10.98	12.5199 15.2904 4.50791	
10.99	12.5075 15.264 4.54138	
11	12.5055 15.2426 4.56857	
11.01	12.5055 15.228 4.59737	
11.02	12.5072 15.2203 4.60526	
11.03	12.502 15.214 4.60676	
11.04	12.5029 15.2029 4.60684	
11.05	12.5006 15.1916 4.60847	
11.06	12.4946 15.1645 4.61326	
11.07	12.4941 15.1353 4.62299	
11.08	12.4949 15.1174 4.64435	
11.09	12.4969 15.0915 4.67177	
11.1	12.4905 15.0613 4.70615	
11.11	12.4886 15.0207 4.72903	
11.12	12.4898 14.9844 4.76028	
11.13	12.4895 14.9541 4.78164	
11.14	12.485 14.9196 4.79531	
11.15	12.4768 14.8852 4.80067	
11.16	12.4752 14.835 4.805	
11.17	12.4646 14.7777 4.81122	
11.18	12.4623 14.7053 4.81839	
11.19	12.4588 14.6384 4.8257	
11.2	12.4501 14.5791 4.83961	
11.21	12.437 14.5241 4.85182	
11.22	12.4348 14.4744 4.87063	
11.23	12.4351 14.4308 4.88934	
11.24	12.4375 14.3926 4.91791	
11.25	12.4379 14.3562 4.96148	
11.26	12.435 14.3274 5.02109	
11.27	12.4292 14.3038 5.09213	
11.28	12.4243 14.2942 5.16565	
11.29	12.4145 14.3009 5.22771	
11.3	12.412 14.3147 5.27775	
11.31	12.4096 14.3281 5.3148	
11.32	12.406 14.3389 5.33695	
11.33	12.407 14.3423 5.35477	
11.34	12.3997 14.3439 5.37101	
11.35	12.3982 14.352 5.38683	
11.36	12.3905 14.356 5.39632	
11.37	12.3901 14.359 5.40276	
11.38	12.3901 14.359 5.40276	
11.39	12.3898 14.3617 5.40765	
11.4	12.3724 14.3415 5.41889	
11.41	12.3522 14.3074 5.42788	
11.42	12.3334 14.2847 5.436	
11.43	12.3193 14.2658 5.43895	
11.44	12.301 14.2411 5.44409	
11.45	12.2923 14.2121 5.44805	
11.46	12.2854 14.1728 5.45463	
11.47	12.2791 14.1392 5.46079	
11.48	12.2704 14.1103 5.4651	
11.49	12.2566 14.07 5.47237	
11.5	12.2456 14.0242 5.47862	
11.51	12.2285 13.9801 5.48961	
11.52	12.2157 13.9423 5.50015	
11.53	12.2076 13.9081 5.51553	
11.54	12.1939 13.8733 5.53243	
11.55	12.1865 13.8346 5.55175	
11.56	12.1728 13.7974 5.57568	
11.57	12.1686 13.7483 5.59662	
11.58	12.1554 13.6985 5.64107	
11.59	12.144 13.6569 5.68821	
11.6	12.1308 13.6161 5.74883	
11.61	12.1174 13.5754 5.80967	
11.62	12.1102 13.541 5.85819	
11.63	12.1114 13.5243 5.89438	
11.64	12.1104 13.5204 5.92178	
11.65	12.1091 13.5184 5.94057	
11.66	12.1061 13.5274 5.95927	
11.67	12.1026 13.5143 5.9797	
11.68	12.0991 13.501 6.00877	
11.69	12.098 13.4723 6.042	
11.7	12.097 13.4331 6.07866	
11.71	12.0924 13.3909 6.11241	
11.72	12.0813 13.3447 6.14031	
11.73	12.0619 13.2868 6.17172	
11.74	12.0467 13.2267 6.19881	
11.75	12.0305 13.1615 6.22877	
11.76	12.0164 13.1024 6.25803	
11.77	12.0143 13.0557 6.28552	
11.78	12.0134 13.0121 6.30907	
11.79	12.007 12.9675 6.33136	
11.8	11.9988 12.9222 6.35216	
11.81	11.9921 12.8773 6.3731	
11.82	11.9854 12.8317 6.39109	
11.83	11.9769 12.7889 6.41404	
11.84	11.9708 12.7379 6.43199	
11.85	11.96 12.6896 6.44743	
11.86	11.958 12.6524 6.45764	
11.87	11.958 12.6106 6.47058	
11.88	11.9623 12.5694 6.48369	
11.89	11.9689 12.5229 6.49662	
11.9	11.9687 12.4706 6.51259	
11.91	11.9657 12.4079 6.53307	
11.92	11.9621 12.3455 6.55515	
11.93	11.9459 12.2758 6.5775	
11.94	11.934 12.2076 6.60348	
11.95	11.9162 12.1443 6.62966	
11.96	11.9078 12.0928 6.65355	
11.97	11.8983 12.0463 6.67592	
11.98	11.8905 11.9997 6.69544	
11.99	11.875 11.9523 6.71673	
12	11.8611 11.9051 6.73673	
12.01	11.8398 11.8517 6.75833	
12.02	11.8239 11.8042 6.77859	
12.03	11.7955 11.7554 6.79903	
12.04	11.7779 11.7075 6.81811	
12.05	11.7547 11.6646 6.83728	
12.06	11.7381 11.6327 6.85172	
12.07	11.7227 11.616 6.86145	
12.08	11.7154 11.6106 6.86627	
12.09	11.7145 11.6055 6.86953	
12.1	11.7114 11.6051 6.87121	
12.11	11.7113 11.6054 6.87278	
12.12	11.7113 11.6057 6.87435	
12.13	11.7098 11.6051 6.87284	
12.14	11.7033 11.6046 6.87427	
12.15	11.6972 11.604 6.87441	
12.16	11.6859 11.5928 6.87924	
12.17	11.6859 11.5795 6.87796	
12.18	11.674 11.5578 6.88602	
12.19	11.6702 11.5237 6.89152	
12.2	11.6546 11.4917 6.90294	
12.21	11.6435 11.4522 6.91347	
12.22	11.6218 11.4038 6.92098	
12.23	11.6015 11.3562 6.93011	
12.24	11.579 11.313 6.93613	
12.25	11.5673 11.2734 6.93751	
12.26	11.5563 11.2413 6.93074	
12.27	11.5575 11.2159 6.9317	
12.28	11.5617 11.178 6.93151	
12.29	11.5588 11.1305 6.94925	
12.3	11.5592 11.0665 6.98054	
12.31	11.5471 10.9961 7.03792	
12.32	11.5258 10.9497 7.11679	
12.33	11.5086 10.9275 7.19788	
12.34	11.4879 10.9208 7.26035	
12.35	11.4834 10.9161 7.3228	
12.36	11.4799 10.8867 7.39501	
12.37	11.476 10.8454 7.47794	
12.38	11.4744 10.797 7.55851	
12.39	11.4795 10.7474 7.61715	
12.4	11.4835 10.7112 7.65735	
12.41	11.484 10.6926 7.67512	
12.42	11.4864 10.6839 7.68548	
12.43	11.4866 10.6678 7.7031	
12.44	11.488 10.6516 7.71736	
12.45	11.4903 10.6289 7.74207	
12.46	11.4851 10.5995 7.75782	
12.47	11.4758 10.5605 7.77948	
12.48	11.4527 10.5054 7.80599	
12.49	11.4302 10.443 7.83191	
12.5	11.4112 10.3984 7.85785	
12.51	11.3924 10.3508 7.87781	
12.52	11.3798 10.3086 7.89572	
12.53	11.3648 10.2755 7.90785	
12.54	11.3568 10.2413 7.92684	
12.55	11.351 10.2143 7.93829	
12.56	11.3401 10.184 7.94351	
12.57	11.3196 10.1497 7.94443	
12.58	11.3045 10.1157 7.94549	
12.59	11.2837 10.0843 7.94948	
12.6	11.2555 10.0401 7.95679	
12.61	11.2265 10.0033 7.96331	
12.62	11.1904 9.96797 7.9646	
12.63	11.1541 9.9328 7.96593	
12.64	11.1171 9.90532 7.96958	
12.65	11.0802 9.87784 7.97181	
12.66	11.0355 9.85471 7.97307	
12.67	10.9831 9.82158 7.97772	
12.68	10.933 9.79863 7.97756	
12.69	10.8943 9.78545 7.97259	
12.7	10.8475 9.76884 7.9633	
12.71	10.8018 9.75719 7.94991	
12.72	10.7546 9.74533 7.93668	
12.73	10.7072 9.73646 7.92807	
12.74	10.668 9.73117 7.92393	
12.75	10.6147 9.7253 7.91821	
12.76	10.574 9.72289 7.92046	
12.77	10.5374 9.72125 7.91905	
12.78	10.4978 9.72367 7.91561	
12.79	10.4599 9.72217 7.91754	
12.8	10.4134 9.71992 7.91648	
12.81	10.3756 9.71858 7.91842	
12.82	10.3278 9.71635 7.91914	
12.83	10.2955 9.71481 7.91969	
12.84	10.2782 9.72304 7.91376	
12.85	10.2539 9.73601 7.90708	
12.86	10.2314 9.73536 7.90727	
12.87	10.209 9.73474 7.90745	
12.88	10.1783 9.73379 7.90796	
12.89	10.1527 9.73231 7.90683	
12.9	10.1219 9.73154 7.90881	
12.91	10.0913 9.73072 7.90932	
12.92	10.0602 9.72982 7.9096	
12.93	10.0292 9.72422 7.91077	
12.94	10.0042 9.71863 7.91532	
12.95	9.98034 9.71792 7.91573	
12.96	9.96488 9.71758 7.91594	
12.97	9.94102 9.71692 7.91636	
12.98	9.92563 9.71195 7.91892	
12.99	9.90334 9.71177 7.91925	
13	9.87912 9.71095 7.91798	
13.01	9.85662 9.71075 7.91819	
13.02	9.82708 9.71065 7.91841	
13.03	9.78222 9.71057 7.92042	
13.04	9.74436 9.70558 7.92175	
13.05	9.7048 9.705 7.9223	
13.06	9.66821 9.70528 7.92252	
13.07	9.63161 9.70564 7.92274	
13.08	9.59932 9.70519 7.92342	
13.09	9.56826 9.70786 7.92691	
13.1	9.53722 9.71057 7.93041	
13.11	9.50785 9.71403 7.93684	
13.12	9.47687 9.72151 7.93798	
13.13	9.45301 9.72144 7.93844	
13.14	9.42904 9.72411 7.94195	
13.15	9.39839 9.73027 7.95323	
13.16	9.38292 9.73889 7.96573	
13.17	9.36758 9.74482 7.97518	
13.18	9.35932 9.75339 7.98924	
13.19	9.35103 9.75909 7.99869	
13.2	9.33687 9.76536 8.00777	
13.21	9.31424 9.7639 8.0134	
13.22	9.2934 9.76483 8.01351	
13.23	9.28364 9.76438 8.014	
13.24	9.27493 9.76697 8.01715	
13.25	9.26538 9.7666 8.01776	
13.26	9.24981 9.76666 8.01643	
13.27	9.22721 9.76705 8.0151	
13.28	9.20478 9.76765 8.01535	
13.29	9.18098 9.7679 8.01586	
13.3	9.1654 9.76802 8.01453	
13.31	9.14121 9.76806 8.01336	
13.32	9.11289 9.77204 8.0148	
13.33	9.08175 9.76792 8.01611	
13.34	9.05124 9.77169 8.02133	
13.35	9.02163 9.77271 8.02002	
13.36	8.99041 9.77333 8.01886	
13.37	8.95787 9.76903 8.02045	
13.38	8.92686 9.76535 8.02336	
13.39	8.90268 9.76107 8.0247	
13.4	8.87887 9.76168 8.02525	
13.41	8.85487 9.76211 8.02422	
13.42	8.83106 9.76277 8.02477	
13.43	8.81421 9.76567 8.02834	
13.44	8.7988 9.76627 8.02862	
13.45	8.78884 9.76578 8.02761	
13.46	8.78199 9.77365 8.02825	
13.47	8.77368 9.77938 8.03614	
13.48	8.76694 9.78572 8.04532	
13.49	8.76563 9.78652 8.05715	
13.5	8.75862 9.78703 8.05715	
13.51	8.75023 9.78715 8.05744	
13.52	8.74322 9.78766 8.05744	
13.53	8.73484 9.78779 8.05772	
13.54	8.72058 9.78418 8.0601	
13.55	8.70632 9.78058 8.06249	
13.56	8.69092 9.78126 8.06277	
13.57	8.68254 9.78141 8.06306	
13.58	8.66108 9.78276 8.06139	
13.59	8.64027 9.7845 8.06149	
13.6	8.59641 9.78723 8.0601	
13.61	8.56562 9.78879 8.06068	
13.62	8.53009 9.78691 8.0615	
13.63	8.5063 9.78797 8.06208	
13.64	8.47806 9.79023 8.06051	
13.65	8.45545 9.79152 8.05924	
13.66	8.43167 9.79267 8.05983	
13.67	8.40364 9.79798 8.06284	
13.68	8.36585 9.80053 8.06343	
13.69	8.33625 9.80264 8.06216	
13.7	8.31282 9.81129 8.06339	
13.71	8.29225 9.81923 8.07255	
13.72	8.26873 9.82622 8.08074	
13.73	8.24638 9.83355 8.08852	
13.74	8.22427 9.84098 8.09641	
13.75	8.201 9.84543 8.10169	
13.76	8.17844 9.8472 8.1019	
13.77	8.15649 9.85373 8.09981	
13.78	8.13479 9.86307 8.10084	
13.79	8.11926 9.86686 8.10405	
13.8	8.10464 9.87399 8.11359	
13.81	8.09816 9.88066 8.12272	
13.82	8.08831 9.88169 8.1333	
13.83	8.08207 9.88862 8.14398	
13.84	8.07517 9.89501 8.15144	
13.85	8.0759 9.90101 8.16065	
13.86	8.06085 9.90518 8.16551	
13.87	8.05277 9.90855 8.17038	
13.88	8.03215 9.91393 8.17493	
13.89	8.01106 9.9163 8.17483	
13.9	7.98769 9.92096 8.18001	
13.91	7.95696 9.92185 8.18758	
13.92	7.92688 9.92751 8.19287	
13.93	7.89655 9.9304 8.19507	
13.94	7.85858 9.93367 8.19405	
13.95	7.82108 9.93734 8.1947	
13.96	7.78359 9.94108 8.19535	
13.97	7.75327 9.94405 8.19611	
13.98	7.71557 9.94785 8.19666	
13.99	7.68454 9.94621 8.19973	
14	7.65401 9.94926 8.20039	
14.01	7.63181 9.95178 8.20073	
14.02	7.60961 9.95432 8.20106	
14.03	7.58719 9.95682 8.2013	
14.04	7.56477 9.95934 8.20154	
14.05	7.54211 9.96165 8.20022	
14.06	7.52733 9.96914 8.20955	
14.07	7.51492 9.98738 8.22367	
14.08	7.50729 10.0069 8.24307	
14.09	7.50931 10.0277 8.27458	
14.1	7.51019 10.0483 8.30647	
14.11	7.52072 10.0687 8.33762	
14.12	7.52991 10.0889 8.3705	
14.13	7.53697 10.1027 8.39322	
14.14	7.54575 10.1199 8.42006	
14.15	7.54891 10.1356 8.44212	
14.16	7.55047 10.1508 8.4644	
14.17	7.55911 10.1652 8.48675	
14.18	7.56043 10.1747 8.5017	
14.19	7.56013 10.1836 8.51543	
14.2	7.55563 10.1915 8.52556	
14.21	7.5561 10.1974 8.53291	
14.22	7.54249 10.1981 8.54132	
14.23	7.5351 10.1945 8.54372	
14.24	7.52062 10.1917 8.54457	
14.25	7.51211 10.1879 8.54887	
14.26	7.49594 10.1803 8.55404	
14.27	7.48031 10.1774 8.5568	
14.28	7.45842 10.1712 8.56153	
14.29	7.43377 10.1642 8.56696	
14.3	7.40322 10.1556 8.56761	
14.31	7.37225 10.1545 8.57064	
14.32	7.343 10.1582 8.57079	
14.33	7.31261 10.1618 8.5714	
14.34	7.28245 10.1654 8.57212	
14.35	7.25345 10.1694 8.57238	
14.36	7.2233 10.1732 8.5731	
14.37	7.19316 10.177 8.57382	
14.38	7.17103 10.18 8.57408	
14.39	7.14881 10.1904 8.57684	
14.4	7.13418 10.1969 8.57467	
14.41	7.11979 10.202 8.57959	
14.42	7.10496 10.207 8.58431	
14.43	7.09036 10.2121 8.58913	
14.44	7.08937 10.216 8.58552	
14.45	7.08167 10.2201 8.59179	
14.46	7.0755 10.2245 8.59633	
14.47	7.06934 10.2318 8.60512	
14.48	7.06109 10.2354 8.60829	
14.49	7.05385 10.241 8.60778	
14.5	7.04902 10.2561 8.60051	
14.51	7.04189 10.2658 8.5945	
14.52	7.03646 10.2852 8.58667	
14.53	7.03369 10.3141 8.57225	
14.54	7.03208 10.3611 8.54863	
14.55	7.04179 10.4275 8.50871	
14.56	7.05074 10.501 8.4686	
14.57	7.05509 10.5722 8.43053	
14.58	7.05927 10.6434 8.39134	
14.59	7.058 10.698 8.36502	
14.6	7.04917 10.7371 8.33946	
14.61	7.03153 10.7619 8.32877	
14.62	7.00778 10.782 8.32662	
14.63	6.98303 10.8021 8.32785	
14.64	6.95911 10.8316 8.32678	
14.65	6.94334 10.8765 8.30102	
14.66	6.92817 10.9219 8.27708	
14.67	6.91486 10.9768 8.24909	
14.68	6.91144 11.0467 8.20628	
14.69	6.90207 11.1272 8.16017	
14.7	6.90568 11.1952 8.10901	
14.71	6.90847 11.2659 8.06166	
14.72	6.9052 11.3325 8.00693	
14.73	6.90104 11.3941 7.95162	
14.74	6.89678 11.4532 7.89383	
14.75	6.89011 11.4982 7.8234	
14.76	6.88987 11.5423 7.75327	
14.77	6.88878 11.5832 7.67582	
14.78	6.88854 11.6276 7.60473	
14.79	6.89351 11.6643 7.54205	
14.8	6.89745 11.6934 7.47843	
14.81	6.90111 11.7208 7.42125	
14.82	6.9047 11.7466 7.37205	
14.83	6.9137 11.7663 7.32469	
14.84	6.91817 11.7974 7.274	
14.85	6.92288 11.8288 7.22503	
14.86	6.92797 11.8625 7.17	
14.87	6.93372 11.8918 7.1165	
14.88	6.93787 11.9206 7.06187	
14.89	6.94122 11.9445 7.00898	
14.9	6.94326 11.9595 6.97173	
14.91	6.94559 11.9679 6.942	
14.92	6.94665 11.9761 6.91414	
14.93	6.94838 11.9874 6.89247	
14.94	6.94977 12.0059 6.87258	
14.95	6.95541 12.0333 6.85525	
14.96	6.95977 12.0605 6.83984	
14.97	6.96544 12.0956 6.8276	
14.98	6.96927 12.1204 6.8169	
14.99	6.97478 12.1553 6.80326	
15	6.97963 12.1854 6.79277	
15.01	6.98764 12.2262 6.77916	
15.02	6.9965 12.272 6.76425	
15.03	7.0052 12.3178 6.74793	
15.04	7.01409 12.3638 6.73336	
15.05	7.0245 12.4198 6.71462	
15.06	7.02629 12.4617 6.70011	
15.07	7.02684 12.4937 6.68867	
15.08	7.019 12.5212 6.67879	
15.09	7.0051 12.5402 6.67138	
15.1	6.98311 12.5645 6.66157	
15.11	6.96237 12.5796 6.65541	
15.12	6.93985 12.5989 6.64709	
15.13	6.91217 12.6247 6.63881	
15.14	6.88459 12.6556 6.6313	
15.15	6.86195 12.6898 6.62256	
15.16	6.84246 12.7248 6.61196	
15.17	6.81766 12.7614 6.60312	
15.18	6.7911 12.7975 6.59435	
15.19	6.76061 12.8356 6.58553	
15.2	6.73553 12.877 6.57579	
15.21	6.71127 12.9141 6.56871	
15.22	6.69773 12.9504 6.55623	
15.23	6.68021 12.9912 6.548	
15.24	6.6639 13.0371 6.53724	
15.25	6.65095 13.0986 6.52474	
15.26	6.63542 13.1693 6.50385	
15.27	6.62757 13.233 6.46722	
15.28	6.62927 13.3008 6.4176	
15.29	6.62878 13.3653 6.36089	
15.3	6.6277 13.4199 6.30485	
15.31	6.62642 13.4724 6.25637	
15.32	6.62183 13.5144 6.20317	
15.33	6.62087 13.5599 6.14423	
15.34	6.61488 13.5943 6.08772	
15.35	6.61459 13.6226 6.02167	
15.36	6.61147 13.643 5.96244	
15.37	6.61331 13.6526 5.91658	
15.38	6.61581 13.6576 5.87149	
15.39	6.61209 13.6537 5.83474	
15.4	6.60957 13.6429 5.79353	
15.41	6.6077 13.6347 5.76586	
15.42	6.60553 13.6244 5.73656	
15.43	6.60271 13.6112 5.71122	
15.44	6.6046 13.599 5.68058	
15.45	6.60772 13.5873 5.65106	
15.46	6.60688 13.5824 5.6313	
15.47	6.61021 13.5708 5.6122	
15.48	6.61527 13.562 5.59598	
15.49	6.614 13.5618 5.58592	
15.5	6.62092 13.5684 5.56906	
15.51	6.62857 13.5776 5.55712	
15.52	6.6377 13.5944 5.54763	
15.53	6.64097 13.6103 5.53496	
15.54	6.64382 13.6235 5.51607	
15.55	6.64637 13.6368 5.49854	
15.56	6.65036 13.6556 5.46862	
15.57	6.65029 13.6634 5.44013	
15.58	6.65241 13.6666 5.42104	
15.59	6.65726 13.6628 5.40429	
15.6	6.65469 13.6575 5.3829	
15.61	6.65437 13.6503 5.36656	
15.62	6.65867 13.6438 5.35533	
15.63	6.66302 13.6372 5.35605	
15.64	6.66758 13.6307 5.35691	
15.65	6.66866 13.6359 5.35618	
15.66	6.67535 13.642 5.35858	
15.67	6.67631 13.647 5.35627	
15.68	6.67129 13.6507 5.35951	
15.69	6.6723 13.6556 5.36916	
15.7	6.67123 13.6504 5.36987	
15.71	6.67655 13.6488 5.36829	
15.72	6.68739 13.6461 5.3683	
15.73	6.69271 13.6445 5.36672	
15.74	6.69844 13.6435 5.36842	
15.75	6.69824 13.6434 5.3683	
15.76	6.69975 13.6439 5.36813	
15.77	6.69834 13.6433 5.36684	
15.78	6.69955 13.6435 5.36497	
15.79	6.70442 13.6467 5.36284	
15.8	6.70492 13.6492 5.36765	
15.81	6.70582 13.6539 5.37571	
15.82	6.70782 13.6638 5.39496	
15.83	6.71245 13.6868 5.41758	
15.84	6.71477 13.7194 5.4441	
15.85	6.70712 13.7445 5.47714	
15.86	6.70458 13.7809 5.50681	
15.87	6.69601 13.8214 5.53431	
15.88	6.69663 13.879 5.54252	
15.89	6.70585 13.9713 5.53988	
15.9	6.71179 14.0803 5.52602	
15.91	6.72227 14.1776 5.50924	
15.92	6.7363 14.2385 5.49469	
15.93	6.73856 14.2763 5.47466	
15.94	6.7414 14.3094 5.46834	
15.95	6.74045 14.3314 5.46162	
15.96	6.73981 14.3536 5.45666	
15.97	6.73169 14.3941 5.44993	
15.98	6.72662 14.4456 5.4444	
15.99	6.71361 14.5103 5.43808	
16	6.70093 14.5752 5.4336	
16.01	6.69136 14.6355 5.42315	
16.02	6.67789 14.6774 5.41914	
16.03	6.6572 14.71 5.41591	
16.04	6.63385 14.7368 5.4116	
16.05	6.60507 14.7625 5.40254	
16.06	6.57395 14.8004 5.39446	
16.07	6.53574 14.8296 5.37878	
16.08	6.50228 14.8622 5.36136	
16.09	6.46793 14.9004 5.33045	
16.1	6.44113 14.9326 5.29162	
16.11	6.4153 14.9453 5.24908	
16.12	6.38973 14.9451 5.21512	
16.13	6.35658 14.934 5.18025	
16.14	6.34074 14.9192 5.14484	
16.15	6.32616 14.9027 5.10313	
16.16	6.32034 14.8852 5.06776	
16.17	6.31555 14.8726 5.04191	
16.18	6.31455 14.8735 5.01071	
16.19	6.32377 14.8844 4.97855	
16.2	6.33002 14.8938 4.9567	
16.21	6.33171 14.9 4.93353	
16.22	6.33459 14.9116 4.91161	
16.23	6.33631 14.9185 4.87996	
16.24	6.33869 14.9133 4.83709	
16.25	6.33891 14.908 4.79934	
16.26	6.33798 14.9099 4.75634	
16.27	6.34208 14.9061 4.70009	
16.28	6.34594 14.9004 4.64059	
16.29	6.34646 14.8813 4.5864	
16.3	6.35181 14.8602 4.54375	
16.31	6.35746 14.8395 4.50276	
16.32	6.36767 14.817 4.45986	
16.33	6.36823 14.7976 4.41544	
16.34	6.37618 14.7866 4.38234	
16.35	6.38392 14.7746 4.3593	
16.36	6.40314 14.7602 4.33615	
16.37	6.41646 14.7492 4.31965	
16.38	6.4298 14.7382 4.30313	
16.39	6.45123 14.7269 4.28801	
16.4	6.46895 14.7225 4.27273	
16.41	6.48617 14.7158 4.25087	
16.42	6.49765 14.7133 4.22395	
16.43	6.50886 14.7157 4.19696	
16.44	6.52112 14.7165 4.16489	
16.45	6.52019 14.7124 4.12801	
16.46	6.52004 14.7117 4.08596	
16.47	6.52216 14.7145 4.03548	
16.48	6.52907 14.7213 3.98812	
16.49	6.52821 14.7172 3.94794	
16.5	6.52777 14.7144 3.92625	
16.51	6.52447 14.7008 3.90447	
16.52	6.52579 14.6827 3.88809	
16.53	6.52082 14.6618 3.86135	
16.54	6.52278 14.6472 3.84126	
16.55	6.52117 14.6395 3.82117	
16.56	6.52678 14.6344 3.8094	
16.57	6.5269 14.6355 3.79746	
16.58	6.53166 14.6322 3.79254	
16.59	6.52969 14.6298 3.78756	
16.6	6.5339 14.6194 3.77574	
16.61	6.53625 14.6115 3.75919	
16.62	6.5465 14.6033 3.74391	
16.63	6.55904 14.5878 3.72724	
16.64	6.57776 14.5694 3.70541	
16.65	6.58976 14.5518 3.68351	
16.66	6.60922 14.5358 3.66845	
16.67	6.62658 14.517 3.64668	
16.68	6.64047 14.5005 3.62638	
16.69	6.65962 14.4841 3.59564	
16.7	6.66976 14.4673 3.55329	
16.71	6.66769 14.4576 3.5108	
16.72	6.6664 14.4447 3.47184	
16.73	6.66553 14.434 3.43952	
16.74	6.66845 14.423 3.41066	
16.75	6.67499 14.4024 3.37509	
16.76	6.68667 14.3755 3.33926	
16.77	6.68989 14.3388 3.30244	
16.78	6.69907 14.2995 3.27726	
16.79	6.71184 14.2501 3.2577	
16.8	6.7207 14.2074 3.23806	
16.81	6.73581 14.1672 3.23048	
16.82	6.75178 14.1251 3.21432	
16.83	6.77529 14.0977 3.19954	
16.84	6.80033 14.0793 3.17893	
16.85	6.8281 14.0655 3.15469	
16.86	6.84827 14.0489 3.11851	
16.87	6.87035 14.0346 3.08736	
16.88	6.88033 14.0009 3.06239	
16.89	6.88649 13.9617 3.04633	
16.9	6.8897 13.9199 3.04295	
16.91	6.89479 13.8739 3.04117	
16.92	6.88578 13.8203 3.04209	
16.93	6.87901 13.7634 3.04154	
16.94	6.86941 13.7049 3.04506	
16.95	6.86894 13.6432 3.04882	
16.96	6.86414 13.5882 3.05248	
16.97	6.869 13.5236 3.05159	
16.98	6.86336 13.4635 3.0577	
16.99	6.85915 13.4046 3.06693	
17	6.8557 13.3561 3.07574	
17.01	6.86003 13.3167 3.08232	
17.02	6.865 13.2822 3.0867	
17.03	6.87144 13.2536 3.09246	
17.04	6.87475 13.2085 3.09815	
17.05	6.87846 13.1585 3.10427	
17.06	6.86976 13.1026 3.11867	
17.07	6.86226 13.0376 3.13047	
17.08	6.85247 12.9767 3.14746	
17.09	6.84149 12.917 3.17007	
17.1	6.83171 12.865 3.20048	
17.11	6.82442 12.8256 3.23504	
17.12	6.81724 12.7944 3.27954	
17.13	6.8131 12.7709 3.32855	
17.14	6.81054 12.7579 3.37591	
17.15	6.80616 12.7329 3.41989	
17.16	6.79961 12.6969 3.4638	
17.17	6.78862 12.6377 3.5204	
17.18	6.77405 12.5567 3.59516	
17.19	6.75773 12.4678 3.68036	
17.2	6.74245 12.3912 3.75374	
17.21	6.72783 12.3102 3.82853	
17.22	6.71481 12.2439 3.91565	
17.23	6.71072 12.1927 4.00166	
17.24	6.70913 12.1564 4.08003	
17.25	6.71544 12.1271 4.14848	
17.26	6.7248 12.1079 4.19667	
17.27	6.73319 12.0909 4.22268	
17.28	6.7431 12.0672 4.24119	
17.29	6.74165 12.0312 4.2558	
17.3	6.74681 11.9878 4.26949	
17.31	6.7492 11.9302 4.28858	
17.32	6.74455 11.8596 4.31437	
17.33	6.72822 11.7757 4.34963	
17.34	6.71343 11.6926 4.38527	
17.35	6.70028 11.6183 4.41543	
17.36	6.68863 11.5514 4.44992	
17.37	6.68223 11.478 4.48604	
17.38	6.67897 11.4222 4.52354	
17.39	6.68207 11.3704 4.56343	
17.4	6.68944 11.3346 4.59904	
17.41	6.69851 11.3087 4.63037	
17.42	6.70661 11.2774 4.66165	
17.43	6.70998 11.2558 4.68519	
17.44	6.71942 11.2325 4.70711	
17.45	6.72149 11.2036 4.72563	
17.46	6.71715 11.176 4.74422	
17.47	6.71123 11.1409 4.75767	
17.48	6.70887 11.1186 4.77295	
17.49	6.70248 11.0952 4.7908	
17.5	6.70189 11.0828 4.80168	
17.51	6.69997 11.0704 4.81587	
17.52	6.69791 11.0576 4.82707	
17.53	6.69359 11.0325 4.83623	
17.54	6.6884 11.0025 4.847	
17.55	6.6809 10.9669 4.8597	
17.56	6.68245 10.9358 4.8722	
17.57	6.69164 10.9085 4.88328	
17.58	6.69983 10.8761 4.89591	
17.59	6.70086 10.8401 4.91035	
17.6	6.70853 10.8029 4.9249	
17.61	6.72266 10.7642 4.93942	
17.62	6.73213 10.737 4.95083	
17.63	6.74043 10.7045 4.96229	
17.64	6.75 10.6774 4.97381	
17.65	6.76024 10.655 4.98213	
17.66	6.77152 10.638 4.99033	
17.67	6.79821 10.6235 4.99499	
17.68	6.81643 10.6052 5.00334	
17.69	6.83397 10.5846 5.00501	
17.7	6.85192 10.5499 5.01113	
17.71	6.86143 10.5115 5.02105	
17.72	6.86936 10.4614 5.03109	
17.73	6.87119 10.4173 5.03796	
17.74	6.86924 10.3562 5.04716	
17.75	6.86675 10.2913 5.04651	
17.76	6.86414 10.2263 5.04597	
17.77	6.86907 10.1645 5.05718	
17.78	6.89381 10.0912 5.07757	
17.79	6.9199 10.025 5.10143	
17.8	6.96008 9.95471 5.12207	
17.81	7.00283 9.88775 5.15082	
17.82	7.04656 9.81806 5.18344	
17.83	7.09838 9.7523 5.21437	
17.84	7.15212 9.69663 5.24163	
17.85	7.21409 9.64938 5.26333	
17.86	7.27152 9.60895 5.28286	
17.87	7.32977 9.57338 5.29899	
17.88	7.3787 9.5317 5.31243	
17.89	7.42095 9.49326 5.33101	
17.9	7.44909 9.45704 5.34968	
17.91	7.4703 9.42468 5.36116	
17.92	7.49029 9.40122 5.36936	
17.93	7.49736 9.38724 5.3646	
17.94	7.50487 9.37363 5.36151	
17.95	7.51108 9.36023 5.34507	
17.96	7.51012 9.34976 5.33357	
17.97	7.50925 9.3419 5.3133	
17.98	7.51485 9.32817 5.29503	
17.99	7.52205 9.32359 5.28656	
18	7.53559 9.31546 5.26978	
18.01	7.5582 9.30734 5.25577	
18.02	7.57339 9.30001 5.2402	
18.03	7.58859 9.29271 5.22462	
18.04	7.60899 9.28172 5.2026	
18.05	7.61673 9.27092 5.1907	
18.06	7.63175 9.26346 5.17354	
18.07	7.64022 9.2576 5.15961	
18.08	7.64685 9.25275 5.1493	
18.09	7.65459 9.24367 5.14091	
18.1	7.653 9.23003 5.13344	
18.11	7.65144 9.21478 5.12243	
18.12	7.64922 9.19111 5.10347	
18.13	7.64639 9.16545 5.07918	
18.14	7.6442 9.14208 5.06166	
18.15	7.65756 9.1152 5.03713	
18.16	7.66884 9.09391 5.01477	
18.17	7.6959 9.06864 5.00224	
18.18	7.72544 9.05224 4.99614	
18.19	7.77036 9.03138 4.99678	
18.2	7.82334 9.01019 4.99923	
18.21	7.88511 8.9949 5.0025	
18.22	7.96129 8.98289 5.00571	
18.23	8.0383 8.97122 5.0068	
18.24	8.11789 8.96739 5.0123	
18.25	8.20422 8.96251 5.01458	
18.26	8.29077 8.95849 5.01987	
18.27	8.37 8.95515 5.02229	
18.28	8.45094 8.95829 5.04122	
18.29	8.52366 8.96882 5.06496	
18.3	8.58843 8.97676 5.09287	
18.31	8.64635 8.9933 5.14275	
18.32	8.69706 9.01573 5.19183	
18.33	8.73145 9.05344 5.2367	
18.34	8.76374 9.08218 5.2737	
18.35	8.7823 9.10555 5.30591	
18.36	8.79933 9.13028 5.34189	
18.37	8.81624 9.15791 5.37048	
18.38	8.82634 9.18929 5.39353	
18.39	8.84369 9.22013 5.41515	
18.4	8.85317 9.24655 5.43865	
18.41	8.86293 9.27044 5.46957	
18.42	8.88531 9.28814 5.50274	
18.43	8.91637 9.31334 5.52474	
18.44	8.94767 9.33915 5.54987	
18.45	8.98615 9.37662 5.5605	
18.46	9.0186 9.40635 5.56454	
18.47	9.05535 9.43694 5.57418	
18.48	9.10162 9.47003 5.58664	
18.49	9.14668 9.49416 5.59326	
18.5	9.19426 9.52141 5.60426	
18.51	9.24166 9.5467 5.61029	
18.52	9.2959 9.57163 5.61479	
18.53	9.34437 9.5907 5.61766	
18.54	9.39131 9.6067 5.62785	
18.55	9.43091 9.61798 5.6385	
18.56	9.47063 9.63173 5.65571	
18.57	9.51028 9.64126 5.66294	
18.58	9.54849 9.65258 5.67541	
18.59	9.57393 9.65776 5.68467	
18.6	9.59782 9.66665 5.70256	
18.61	9.60784 9.67635 5.72359	
18.62	9.62335 9.69014 5.74126	
18.63	9.63308 9.70435 5.7571	
18.64	9.64022 9.72035 5.78151	
18.65	9.64863 9.74195 5.79016	
18.66	9.66261 9.76298 5.79905	
18.67	9.67782 9.79408 5.80216	
18.68	9.70019 9.83041 5.8065	
18.69	9.71561 9.85966 5.80646	
18.7	9.73743 9.88848 5.80463	
18.71	9.75235 9.91244 5.80335	
18.72	9.76888 9.92502 5.8024	
18.73	9.78967 9.93191 5.8054	
18.74	9.80485 9.93425 5.80856	
18.75	9.83528 9.94183 5.80955	
18.76	9.87137 9.94689 5.8074	
18.77	9.91556 9.95942 5.80647	
18.78	9.96674 9.97226 5.80713	
18.79	10.0108 9.98504 5.80622	
18.8	10.0686 10.0003 5.81027	
18.81	10.1281 10.0065 5.81954	
18.82	10.1809 10.0108 5.82544	
18.83	10.2334 10.0148 5.8282	
18.84	10.279 10.0217 5.82569	
18.85	10.33 10.0284 5.82338	
18.86	10.3672 10.035 5.82107	
18.87	10.4115 10.0369 5.82069	
18.88	10.4435 10.0389 5.82011	
18.89	10.4739 10.0406 5.81973	
18.9	10.503 10.0419 5.81954	
18.91	10.5337 10.0387 5.82108	
18.92	10.5725 10.0412 5.82052	
18.93	10.6097 10.0482 5.81825	
18.94	10.6628 10.0666 5.81181	
18.95	10.7002 10.0689 5.81145	
18.96	10.7304 10.0761 5.81078	
18.97	10.747 10.0774 5.80885	
18.98	10.7636 10.0789 5.80851	
18.99	10.7736 10.0802 5.80831	
19	10.7886 10.0812 5.808	
19.01	10.8038 10.0823 5.80783	
19.02	10.8201 10.0887 5.80559	
19.03	10.8285 10.0895 5.80543	
19.04	10.8368 10.0903 5.80526	
19.05	10.845 10.0961 5.80335	
19.06	10.8575 10.1115 5.79753	
19.07	10.879 10.123 5.79518	
19.08	10.9006 10.1293 5.79155	
19.09	10.9158 10.1305 5.79139	
19.1	10.9381 10.1323 5.79296	
19.11	10.9599 10.1336 5.79107	
19.12	10.9821 10.133 5.78597	
19.13	11.0126 10.1332 5.78071	
19.14	11.0484 10.1358 5.78056	
19.15	11.0773 10.138 5.7804	
19.16	11.1072 10.1456 5.77821	
19.17	11.1371 10.1532 5.77603	
19.18	11.1656 10.1606 5.77559	
19.19	11.1963 10.1613 5.77049	
19.2	11.2318 10.1669 5.76353	
19.21	11.2691 10.168 5.75829	
19.22	11.3077 10.1724 5.74609	
19.23	11.3471 10.1698 5.73097	
19.24	11.3795 10.1666 5.7157	
19.25	11.3965 10.1641 5.70552	
19.26	11.4134 10.1638 5.70029	
19.27	11.429 10.1635 5.69693	
19.28	11.4374 10.1644 5.69536	
19.29	11.4443 10.1625 5.68867	
19.3	11.4445 10.1627 5.6904	
19.31	11.4462 10.1609 5.68531	
19.32	11.4467 10.156 5.68718	
19.33	11.4467 10.156 5.68718	
19.34	11.4467 10.156 5.68718	
19.35	11.4466 10.1712 5.68145	
19.36	11.4439 10.1978 5.67554	
19.37	11.4403 10.2344 5.66613	
19.38	11.4358 10.2785 5.6465	
19.39	11.4234 10.3319 5.62342	
19.4	11.4111 10.386 5.5889	
19.41	11.4051 10.4438 5.53471	
19.42	11.3929 10.497 5.47095	
19.43	11.387 10.5558 5.40441	
19.44	11.3737 10.6169 5.32978	
19.45	11.3675 10.6766 5.24758	
19.46	11.3605 10.7438 5.16925	
19.47	11.3547 10.7983 5.10112	
19.48	11.3511 10.832 5.05105	
19.49	11.3473 10.8674 5.02085	
19.5	11.3449 10.8908 4.99037	
19.51	11.3421 10.9194 4.95861	
19.52	11.3445 10.9576 4.90873	
19.53	11.3396 10.9898 4.85916	
19.54	11.3382 11.0202 4.81771	
19.55	11.3369 11.0454 4.7775	
19.56	11.3406 11.073 4.74266	
19.57	11.3377 11.1001 4.70792	
19.58	11.348 11.1284 4.67341	
19.59	11.3594 11.1569 4.637	
19.6	11.3637 11.1765 4.61029	
19.61	11.3749 11.1937 4.5916	
19.62	11.3822 11.2006 4.57554	
19.63	11.3968 11.2136 4.55803	
19.64	11.4101 11.2245 4.53717	
19.65	11.4235 11.2353 4.51632	
19.66	11.445 11.2439 4.50019	
19.67	11.4711 11.256 4.47937	
19.68	11.5058 11.2631 4.4728	
19.69	11.5465 11.2739 4.45827	
19.7	11.5871 11.2848 4.44375	
19.71	11.6286 11.3014 4.42785	
19.72	11.6726 11.3117 4.40985	
19.73	11.7143 11.3266 4.38891	
19.74	11.7433 11.3382 4.36293	
19.75	11.7789 11.3507 4.3371	
19.76	11.8151 11.3568 4.32385	
19.77	11.8458 11.357 4.31202	
19.78	11.8812 11.3579 4.3017	
19.79	11.912 11.369 4.28727	
19.8	11.945 11.3868 4.26172	
19.81	11.9709 11.4209 4.21937	
19.82	11.9939 11.4645 4.1568	
19.83	12.0173 11.5028 4.07896	
19.84	12.0407 11.5408 3.99652	
19.85	12.0513 11.5666 3.91502	
19.86	12.0502 11.5847 3.8493	
19.87	12.051 11.5889 3.77542	
19.88	12.0519 11.5934 3.71665	
19.89	12.053 11.5856 3.67315	
19.9	12.0533 11.583 3.64509	
19.91	12.0536 11.5808 3.63678	
19.92	12.0537 11.5803 3.63363	
19.93	12.0542 11.5784 3.62705	
19.94	12.0542 11.5781 3.62548	
19.95	12.0542 11.5779 3.6239	
19.96	12.0543 11.5776 3.62233	
19.97	12.0545 11.5759 3.61717	
19.98	12.0548 11.574 3.61043	
19.99	12.0548 11.574 3.61043	
20	12.0548 11.5755 3.61417	
20.01	12.0478 11.5792 3.6265	
20.02	12.0396 11.5935 3.63675	
20.03	12.0371 11.6124 3.6423	
20.04	12.0348 11.6278 3.63741	
20.05	12.0315 11.643 3.63289	
20.06	12.0307 11.6482 3.6318	
20.07	12.031 11.6462 3.62507	
20.08	12.0249 11.6457 3.62679	
20.09	12.0194 11.6397 3.62789	
20.1	12.0215 11.6366 3.63408	
20.11	12.0134 11.6371 3.63929	
20.12	12.0132 11.637 3.63915	
20.13	12.0132 11.639 3.64602	
20.14	12.0122 11.6441 3.66133	
20.15	12.0122 11.646 3.66663	
20.16	12.0122 11.646 3.66663	
20.17	12.0119 11.648 3.67335	
20.18	12.0053 11.6496 3.68322	
20.19	12.0052 11.6488 3.68422	
20.2	12.0043 11.646 3.68042	
20.21	12.0002 11.6409 3.66806	
20.22	11.994 11.6403 3.66964	
20.23	11.9923 11.6099 3.68013	
20.24	11.9903 11.5905 3.70748	
20.25	11.9932 11.5796 3.72101	
20.26	11.9976 11.5682 3.71305	
20.27	11.9967 11.5508 3.70639	
20.28	12.0045 11.5278 3.73044	
20.29	12.0034 11.5106 3.7916	
20.3	11.993 11.5124 3.86091	
20.31	11.9933 11.5294 3.90337	
20.32	11.989 11.5417 3.89952	
20.33	11.9869 11.5727 3.88288	
20.34	11.9814 11.5946 3.89023	
20.35	11.9734 11.6193 3.89118	
20.36	11.9732 11.6456 3.86283	
20.37	11.9698 11.6971 3.80966	
20.38	11.9724 11.7478 3.76946	
20.39	11.9741 11.7703 3.74778	
20.4	11.9768 11.7872 3.72747	
20.41	11.969 11.8215 3.69633	
20.42	11.9651 11.8733 3.64889	
20.43	11.9752 11.9135 3.59727	
20.44	11.9856 11.9513 3.55502	
20.45	11.9901 11.9863 3.5086	
20.46	11.9908 12.0147 3.47756	
20.47	11.9892 12.0372 3.46327	
20.48	11.9904 12.0609 3.46669	
20.49	11.9749 12.083 3.47099	
20.5	11.9739 12.1018 3.47546	
20.51	11.9743 12.1117 3.47078	
20.52	11.9742 12.1109 3.46923	
20.53	11.9736 12.1052 3.47032	
20.54	11.9735 12.0948 3.47368	
20.55	11.9725 12.0905 3.47753	
20.56	11.9716 12.0839 3.4902	
20.57	11.9704 12.0834 3.53395	
20.58	11.9546 12.0976 3.62127	
20.59	11.9472 12.1284 3.73226	
20.6	11.9384 12.1582 3.85441	
20.61	11.935 12.1811 3.95789	
20.62	11.9355 12.1763 4.0503	
20.63	11.9279 12.1729 4.15104	
20.64	11.9197 12.1852 4.25007	
20.65	11.9131 12.187 4.32471	
20.66	11.9121 12.1804 4.39684	
20.67	11.9157 12.175 4.44148	
20.68	11.9278 12.1752 4.47214	
20.69	11.9435 12.1823 4.50862	
20.7	11.9534 12.1871 4.54052	
20.71	11.9779 12.1876 4.5719	
20.72	12.0007 12.179 4.59471	
20.73	12.0266 12.1814 4.61376	
20.74	12.0462 12.1857 4.62681	
20.75	12.0671 12.1932 4.63393	
20.76	12.0896 12.1996 4.65031	
20.77	12.114 12.2226 4.64951	
20.78	12.15 12.2588 4.63409	
20.79	12.1582 12.2763 4.60426	
20.8	12.1592 12.2718 4.57983	
20.81	12.1665 12.2663 4.54872	
20.82	12.1723 12.2604 4.51603	
20.83	12.1913 12.2579 4.47374	
20.84	12.2085 12.2578 4.4061	
20.85	12.2208 12.2585 4.30782	
20.86	12.2217 12.2439 4.19946	
20.87	12.2244 12.2279 4.11144	
20.88	12.2258 12.2106 4.03286	
20.89	12.2274 12.2009 3.94198	
20.9	12.2263 12.1983 3.87159	
20.91	12.2331 12.1942 3.82186	
20.92	12.2384 12.1911 3.78047	
20.93	12.2517 12.1847 3.73669	
20.94	12.2583 12.1841 3.70048	
20.95	12.2692 12.1825 3.65726	
20.96	12.275 12.1857 3.61336	
20.97	12.2933 12.1948 3.57789	
20.98	12.3121 12.2038 3.54585	
20.99	12.3379 12.2144 3.51203	
21	12.3692 12.2277 3.48169	
21.01	12.4006 12.2503 3.44616	
21.02	12.4355 12.2612 3.42347	
21.03	12.461 12.2733 3.41131	
21.04	12.4998 12.2896 3.40445	
21.05	12.5409 12.2999 3.39143	
21.06	12.5809 12.3152 3.37907	
21.07	12.6259 12.3298 3.36168	
21.08	12.6774 12.342 3.35032	
21.09	12.7359 12.358 3.32769	
21.1	12.7938 12.3688 3.30432	
21.11	12.8412 12.3722 3.28504	
21.12	12.8881 12.376 3.26231	
21.13	12.9236 12.3761 3.23448	
21.14	12.9518 12.3745 3.20827	
21.15	12.9792 12.3768 3.17444	
21.16	12.995 12.3753 3.13536	
21.17	13.0033 12.3725 3.0947	
21.18	13.0075 12.3602 3.04747	
21.19	13.0087 12.3545 3.00153	
21.2	13.0125 12.3441 2.95789	
21.21	13.015 12.3334 2.91438	
21.22	13.0149 12.3329 2.869	
21.23	13.0151 12.3329 2.82229	
21.24	13.0157 12.336 2.78578	
21.25	13.0148 12.3331 2.75023	
21.26	13.0137 12.3383 2.72601	
21.27	13.0136 12.3385 2.70255	
21.28	13.0142 12.3361 2.6904	
21.29	13.0163 12.3342 2.67836	
21.3	13.0229 12.3316 2.66237	
21.31	13.0342 12.33 2.64496	
21.32	13.0486 12.3281 2.6222	
21.33	13.0596 12.3348 2.59266	
21.34	13.0768 12.3415 2.55781	
21.35	13.0892 12.349 2.52664	
21.36	13.1029 12.3512 2.49793	
21.37	13.1102 12.3525 2.46575	
21.38	13.1183 12.3524 2.43172	
21.39	13.1258 12.3523 2.3974	
21.4	13.1271 12.3468 2.37517	
21.41	13.1357 12.3434 2.35912	
21.42	13.1378 12.3408 2.33332	
21.43	13.1501 12.3402 2.33615	
21.44	13.1577 12.3414 2.3189	
21.45	13.1662 12.3303 2.31107	
21.46	13.1877 12.3246 2.2878	
21.47	13.2019 12.2974 2.24547	
21.48	13.2139 12.2431 2.24608	
21.49	13.2321 12.1628 2.21696	
21.5	13.2477 12.0938 2.1926	
21.51	13.2624 12.0302 2.18124	
21.52	13.272 11.9891 2.17265	
21.53	13.2841 11.9632 2.17973	
21.54	13.2925 11.9279 2.15153	
21.55	13.2999 11.894 2.12701	
21.56	13.3042 11.8427 2.06608	
21.57	13.3207 11.7754 2.09329	
21.58	13.3363 11.6998 2.07426	
21.59	13.3478 11.6488 2.09844	
21.6	13.3642 11.5772 2.09391	
21.61	13.3737 11.5355 2.11841	
21.62	13.3859 11.4818 2.12833	
21.63	13.3988 11.4255 2.12852	
21.64	13.41 11.3692 2.14597	
21.65	13.4215 11.3193 2.14446	
21.66	13.4332 11.2664 2.17033	
21.67	13.4479 11.2005 2.1949	
21.68	13.4686 11.1412 2.19738	
21.69	13.4762 11.0741 2.21868	
21.7	13.4926 11.0024 2.24449	
21.71	13.5076 10.931 2.24364	
21.72	13.524 10.8577 2.28289	
21.73	13.5269 10.7847 2.30833	
21.74	13.5242 10.728 2.31402	
21.75	13.532 10.6808 2.34112	
21.76	13.5233 10.596 2.36811	
21.77	13.5144 10.4967 2.3923	
21.78	13.5067 10.3892 2.44706	
21.79	13.5155 10.3104 2.50824	
21.8	13.5282 10.254 2.60276	
21.81	13.5337 10.1966 2.69588	
21.82	13.5326 10.1299 2.80448	
21.83	13.5326 10.0638 2.93725	
21.84	13.5212 10.0099 3.0789	
21.85	13.5058 9.97414 3.18081	
21.86	13.4992 9.93079 3.2621	
21.87	13.4714 9.87042 3.34007	
21.88	13.4456 9.81357 3.40602	
21.89	13.4301 9.76876 3.44411	
21.9	13.4284 9.73578 3.47212	
21.91	13.4198 9.70014 3.49488	
21.92	13.4247 9.66994 3.52677	
21.93	13.4229 9.64349 3.55845	
21.94	13.4179 9.62498 3.57967	
21.95	13.4219 9.6059 3.58871	
21.96	13.4094 9.58833 3.59599	
21.97	13.4049 9.56743 3.60518	
21.98	13.3945 9.54567 3.61275	
21.99	13.3717 9.51161 3.62403	
22	13.3402 9.46427 3.63606	
22.01	13.3022 9.41722 3.6549	
22.02	13.278 9.36793 3.67431	
22.03	13.2515 9.32288 3.6952	
22.04	13.2317 9.2953 3.68904	
22.05	13.2177 9.27603 3.66836	
22.06	13.217 9.2654 3.65097	
22.07	13.2118 9.24581 3.64117	
22.08	13.2144 9.22532 3.64398	
22.09	13.2194 9.19929 3.64504	
22.1	13.2095 9.16551 3.64828	
22.11	13.2086 9.1311 3.64089	
22.12	13.2013 9.09069 3.63721	
22.13	13.2017 9.0419 3.63785	
22.14	13.2021 8.99316 3.64024	
22.15	13.1959 8.93856 3.64489	
22.16	13.1987 8.88462 3.64591	
22.17	13.1827 8.83326 3.6473	
22.18	13.1815 8.79073 3.65335	
22.19	13.1729 8.742 3.66365	
22.2	13.1709 8.70654 3.68184	
22.21	13.175 8.67706 3.69447	
22.22	13.1773 8.65801 3.70819	
22.23	13.1891 8.63627 3.72086	
22.24	13.1922 8.61275 3.73529	
22.25	13.1964 8.58474 3.75213	
22.26	13.2031 8.548 3.77159	
22.27	13.21 8.51132 3.79289	
22.28	13.2173 8.46518 3.81901	
22.29	13.2278 8.41049 3.85155	
22.3	13.235 8.36568 3.88499	
22.31	13.2354 8.31392 3.91554	
22.32	13.2431 8.27313 3.94158	
22.33	13.241 8.23524 3.96391	
22.34	13.2468 8.19881 3.98649	
22.35	13.2536 8.16276 4.01054	
22.36	13.2575 8.13536 4.02838	
22.37	13.2638 8.10886 4.04603	
22.38	13.266 8.09053 4.05751	
22.39	13.27 8.07631 4.06261	
22.4	13.272 8.05795 4.07402	
22.41	13.2752 8.04015 4.08386	
22.42	13.279 8.02123 4.09015	
22.43	13.2752 7.99762 4.10241	
22.44	13.2714 7.96805 4.11375	
22.45	13.2692 7.94379 4.12238	
22.46	13.2737 7.91934 4.12588	
22.47	13.2703 7.88763 4.12676	
22.48	13.2756 7.85886 4.13289	
22.49	13.2814 7.82787 4.13004	
22.5	13.286 7.79551 4.11887	
22.51	13.2938 7.75373 4.11062	
22.52	13.3029 7.70442 4.11297	
22.53	13.3125 7.64612 4.12244	
22.54	13.3251 7.58561 4.13985	
22.55	13.338 7.51722 4.17313	
22.56	13.3523 7.44158 4.21752	
22.57	13.3678 7.36103 4.26153	
22.58	13.3749 7.27056 4.30834	
22.59	13.3848 7.1736 4.36994	
22.6	13.4011 7.08152 4.42449	
22.61	13.4161 7.00074 4.48276	
22.62	13.4298 6.92876 4.53758	
22.63	13.4386 6.87752 4.57696	
22.64	13.4399 6.82645 4.62006	
22.65	13.4476 6.77968 4.65526	
22.66	13.4451 6.74192 4.66948	
22.67	13.4425 6.70431 4.6822	
22.68	13.4401 6.6702 4.68642	
22.69	13.4448 6.64135 4.6897	
22.7	13.4435 6.60247 4.69185	
22.71	13.4319 6.56603 4.68963	
22.72	13.4118 6.5229 4.68692	
22.73	13.4021 6.48123 4.67705	
22.74	13.381 6.44149 4.66599	
22.75	13.3606 6.40645 4.65199	
22.76	13.3472 6.37257 4.63648	
22.77	13.3345 6.34012 4.62622	
22.78	13.3226 6.30303 4.61216	
22.79	13.2941 6.25342 4.59385	
22.8	13.2594 6.18927 4.57592	
22.81	13.2074 6.10888 4.5573	
22.82	13.1551 6.02195 4.52245	
22.83	13.1038 5.92621 4.47823	
22.84	13.0668 5.8543 4.45191	
22.85	13.0378 5.78968 4.43521	
22.86	13.0168 5.73967 4.44776	
22.87	12.9924 5.70679 4.46539	
22.88	12.9405 5.67131 4.49253	
22.89	12.8617 5.63629 4.51644	
22.9	12.7442 5.59976 4.53775	
22.91	12.599 5.56032 4.55779	
22.92	12.4528 5.52557 4.57447	
22.93	12.3036 5.50279 4.57986	
22.94	12.1819 5.48794 4.58352	
22.95	12.068 5.47444 4.58387	
22.96	11.9604 5.47385 4.57981	
22.97	11.8527 5.48486 4.56015	
22.98	11.7795 5.51167 4.53406	
22.99	11.7331 5.55323 4.49303	
23	11.7058 5.58986 4.46247	
23.01	11.6972 5.62977 4.44415	
23.02	11.6908 5.67281 4.44326	
23.03	11.6845 5.70251 4.44167	
23.04	11.6802 5.73249 4.43269	
23.05	11.6761 5.75719 4.41465	
23.06	11.6724 5.77727 4.3945	
23.07	11.6697 5.79097 4.39317	
23.08	11.667 5.80723 4.37943	
23.09	11.6568 5.81167 4.38219	
23.1	11.6558 5.81623 4.37975	
23.11	11.6552 5.81608 4.37661	
23.12	11.6547 5.81593 4.37347	
23.13	11.6542 5.81577 4.37033	
23.14	11.6537 5.8156 4.36865	
23.15	11.6534 5.81552 4.36708	
23.16	11.6536 5.8156 4.36718	
23.17	11.6521 5.815 4.36581	
23.18	11.6528 5.81939 4.36231	
23.19	11.6528 5.81939 4.36231	
23.2	11.6528 5.81939 4.36231	
23.21	11.6525 5.8193 4.36073	
23.22	11.6525 5.8193 4.36073	
23.23	11.6439 5.81862 4.36073	
23.24	11.6352 5.81795 4.36073	
23.25	11.6266 5.81728 4.36073	
23.26	11.6169 5.81618 4.36104	
23.27	11.6079 5.81543 4.35947	
23.28	11.5982 5.81434 4.35977	
23.29	11.5798 5.8126 4.36008	
23.3	11.5601 5.81368 4.3521	
23.31	11.5242 5.81062 4.35084	
23.32	11.4874 5.80728 4.35146	
23.33	11.4515 5.80434 4.3502	
23.34	11.4234 5.80171 4.35083	
23.35	11.3946 5.80297 4.34668	
23.36	11.3659 5.80427 4.34255	
23.37	11.3388 5.80216 4.3414	
23.38	11.3098 5.80751 4.33554	
23.39	11.2819 5.81332 4.3279	
23.4	11.2447 5.82663 4.31389	
23.41	11.2162 5.84052 4.2999	
23.42	11.1878 5.84627 4.28916	
23.43	11.1426 5.84722 4.28317	
23.44	11.1062 5.85282 4.27558	
23.45	11.0694 5.85427 4.26804	
23.46	11.0313 5.86346 4.25605	
23.47	10.9943 5.87315 4.24375	
23.48	10.9657 5.8832 4.2299	
23.49	10.9288 5.89302 4.21763	
23.5	10.9088 5.90354 4.20381	
23.51	10.8902 5.9112 4.19821	
23.52	10.8793 5.91476 4.1961	
23.53	10.8781 5.92059 4.20443	
23.54	10.8774 5.92104 4.20669	
23.55	10.8756 5.92253 4.22007	
23.56	10.8752 5.92464 4.23467	
23.57	10.8834 5.92636 4.24388	
23.58	10.883 5.92773 4.25309	
23.59	10.8822 5.93222 4.2522	
23.6	10.883 5.93826 4.25949	
23.61	10.8806 5.94369 4.26815	
23.62	10.8709 5.95097 4.2888	
23.63	10.8702 5.95882 4.311	
23.64	10.8603 5.96611 4.33154	
23.65	10.851 5.97372 4.35374	
23.66	10.8319 5.97968 4.36942	
23.67	10.8151 5.98244 4.38745	
23.68	10.7974 5.98403 4.40192	
23.69	10.7702 5.98591 4.42229	
23.7	10.7524 5.98758 4.43675	
23.71	10.7326 5.98751 4.44515	
23.72	10.7051 5.99178 4.45155	
23.73	10.6859 5.99862 4.44398	
23.74	10.6666 6.0147 4.43573	
23.75	10.6476 6.02983 4.41848	
23.76	10.6285 6.04511 4.40491	
23.77	10.6085 6.05576 4.39116	
23.78	10.5825 6.06742 4.38195	
23.79	10.5549 6.07839 4.37145	
23.8	10.5358 6.09049 4.36633	
23.81	10.5093 6.102 4.3555	
23.82	10.4813 6.1128 4.3434	
23.83	10.4541 6.11991 4.33612	
23.84	10.4269 6.12284 4.33184	
23.85	10.3999 6.12167 4.33064	
23.86	10.3724 6.12533 4.33018	
23.87	10.3534 6.13853 4.33049	
23.88	10.3245 6.14919 4.31889	
23.89	10.298 6.16082 4.30659	
23.9	10.278 6.16862 4.305	
23.91	10.2503 6.18075 4.29845	
23.92	10.2299 6.19433 4.30302	
23.93	10.2108 6.20336 4.30491	
23.94	10.1837 6.20929 4.31677	
23.95	10.155 6.21875 4.3244	
23.96	10.1264 6.22501 4.34044	
23.97	10.0992 6.23297 4.36303	
23.98	10.0717 6.24402 4.37565	
23.99	10.0431 6.25143 4.39705	
24	10.0248 6.26084 4.42652	
24.01	9.9989 6.27058 4.45405	
24.02	9.97068 6.27752 4.47163	
24.03	9.94365 6.28599 4.49417	
24.04	9.92484 6.30709 4.50763	
24.05	9.89734 6.32808 4.51956	
24.06	9.8795 6.35063 4.53646	
24.07	9.86167 6.37434 4.55871	
24.08	9.84272 6.39563 4.59502	
24.09	9.82387 6.41183 4.62897	
24.1	9.80653 6.43 4.66939	
24.11	9.77968 6.44375 4.71316	
24.12	9.74448 6.45782 4.75689	
24.13	9.70816 6.46625 4.79865	
24.14	9.67305 6.47959 4.837	
24.15	9.63768 6.49288 4.87378	
24.16	9.60124 6.50301 4.92067	
24.17	9.55812 6.51424 4.96731	
24.18	9.52196 6.53091 4.99765	
24.19	9.47873 6.54971 5.03288	
24.2	9.435 6.58095 5.05606	
24.21	9.39855 6.61987 5.09253	
24.22	9.36418 6.66402 5.12361	
24.23	9.32919 6.71119 5.14708	
24.24	9.27729 6.7478 5.16575	
24.25	9.22491 6.77182 5.19532	
24.26	9.17351 6.78802 5.21154	
24.27	9.11159 6.80948 5.2309	
24.28	9.04267 6.83628 5.24687	
24.29	8.98266 6.86337 5.26446	
24.3	8.92245 6.88899 5.27528	
24.31	8.85174 6.9158 5.29219	
24.32	8.80012 6.93868 5.31125	
24.33	8.74718 6.96837 5.33815	
24.34	8.71227 6.99233 5.36388	
24.35	8.67887 7.01422 5.38028	
24.36	8.64409 7.03272 5.40373	
24.37	8.61741 7.04664 5.43149	
24.38	8.59249 7.05535 5.45441	
24.39	8.56554 7.06201 5.47458	
24.4	8.54792 7.06707 5.48911	
24.41	8.5303 7.07215 5.50363	
24.42	8.51309 7.07916 5.52489	
24.43	8.49518 7.084 5.53787	
24.44	8.47807 7.08665 5.54504	
24.45	8.46041 7.09027 5.55435	
24.46	8.44366 7.10142 5.55432	
24.47	8.41797 7.11113 5.54742	
24.48	8.38418 7.11729 5.54346	
24.49	8.35017 7.11916 5.54236	
24.5	8.31468 7.12047 5.54163	
24.51	8.27962 7.12205 5.54106	
24.52	8.24446 7.1238 5.54187	
24.53	8.21002 7.12568 5.54063	
24.54	8.16687 7.12851 5.5429	
24.55	8.12297 7.1309 5.54348	
24.56	8.07874 7.13305 5.54254	
24.57	8.03467 7.13149 5.54744	
24.58	7.98941 7.13341 5.54704	
24.59	7.94574 7.13625 5.54772	
24.6	7.91166 7.13894 5.54801	
24.61	7.8681 7.14182 5.54734	
24.62	7.83277 7.14413 5.5481	
24.63	7.80632 7.14613 5.55056	
24.64	7.7881 7.14689 5.54934	
24.65	7.77853 7.14718 5.54973	
24.66	7.76088 7.14839 5.55012	
24.67	7.75145 7.15028 5.55571	
24.68	7.73575 7.15406 5.56243	
24.69	7.71824 7.15691 5.56802	
24.7	7.70993 7.15774 5.56794	
24.71	7.69234 7.16209 5.57864	
24.72	7.6841 7.16603 5.58887	
24.73	7.67475 7.16969 5.601	
24.74	7.66578 7.17229 5.61088	
24.75	7.65943 7.18711 5.608	
24.76	7.65173 7.20521 5.59978	
24.77	7.64367 7.21897 5.59445	
24.78	7.63732 7.22509 5.59389	
24.79	7.62066 7.23125 5.59437	
24.8	7.60548 7.24208 5.5901	
24.81	7.5913 7.26585 5.57721	
24.82	7.57858 7.30282 5.55596	
24.83	7.57275 7.34242 5.53097	
24.84	7.57659 7.38601 5.50285	
24.85	7.57982 7.42522 5.47759	
24.86	7.58328 7.45198 5.46039	
24.87	7.58552 7.47825 5.44373	
24.88	7.58776 7.50456 5.42713	
24.89	7.59041 7.53533 5.40786	
24.9	7.59292 7.56454 5.38348	
24.91	7.59682 7.60871 5.35628	
24.92	7.60208 7.65475 5.31572	
24.93	7.60616 7.70464 5.27164	
24.94	7.61359 7.77186 5.21328	
24.95	7.62095 7.84061 5.14228	
24.96	7.62563 7.89829 5.0692	
24.97	7.62266 7.93265 4.99795	
24.98	7.61717 7.95592 4.9256	
24.99	7.60878 7.96075 4.86386	
25	7.59229 7.95943 4.7957	
25.01	7.58434 7.95612 4.7385	
25.02	7.57541 7.94831 4.6873	
25.03	7.56639 7.94624 4.63569	
25.04	7.55697 7.93553 4.59206	
25.05	7.5565 7.92858 4.56591	
25.06	7.55514 7.92114 4.53655	
25.07	7.56238 7.91457 4.51552	
25.08	7.56151 7.90882 4.49295	
25.09	7.55985 7.90416 4.47759	
25.1	7.56059 7.89923 4.45611	
25.11	7.56713 7.89063 4.44645	
25.12	7.57362 7.87598 4.45402	
25.13	7.57977 7.85552 4.45897	
25.14	7.58582 7.83808 4.45593	
25.15	7.58383 7.8277 4.43794	
25.16	7.58345 7.82368 4.42213	
25.17	7.5832 7.81981 4.40775	
25.18	7.58347 7.82046 4.3895	
25.19	7.57518 7.81991 4.38268	
25.2	7.57493 7.81727 4.37213	
25.21	7.56678 7.81685 4.36675	
25.22	7.55883 7.81654 4.36147	
25.23	7.5511 7.81633 4.3563	
25.24	7.5426 7.8157 4.34938	
25.25	7.52683 7.81759 4.34794	
25.26	7.51085 7.81822 4.34256	
25.27	7.50172 7.81619 4.33254	
25.28	7.48401 7.81594 4.32462	
25.29	7.46663 7.81594 4.31823	
25.3	7.45073 7.81544 4.30767	
25.31	7.43343 7.81313 4.29226	
25.32	7.40783 7.81039 4.27002	
25.33	7.38056 7.80338 4.23235	
25.34	7.34772 7.79619 4.18319	
25.35	7.31172 7.78238 4.13212	
25.36	7.28357 7.77003 4.09151	
25.37	7.27297 7.75982 4.06644	
25.38	7.26159 7.75365 4.03927	
25.39	7.25109 7.74161 4.0289	
25.4	7.25033 7.73473 4.02083	
25.41	7.24846 7.73158 4.00913	
25.42	7.24807 7.72809 3.99319	
25.43	7.24858 7.72178 3.98467	
25.44	7.24609 7.71298 3.97021	
25.45	7.24534 7.70615 3.96213	
25.46	7.24508 7.70386 3.9515	
25.47	7.24427 7.70121 3.93923	
25.48	7.24368 7.69868 3.92706	
25.49	7.24361 7.69338 3.92594	
25.5	7.24243 7.68735 3.92155	
25.51	7.24097 7.68038 3.91556	
25.52	7.24161 7.67527 3.91236	
25.53	7.24106 7.6749 3.91072	
25.54	7.24118 7.67603 3.91604	
25.55	7.22639 7.68519 3.92422	
25.56	7.20323 7.69732 3.94129	
25.57	7.16952 7.7063 3.96725	
25.58	7.13663 7.7145 3.9859	
25.59	7.10356 7.71841 3.98482	
25.6	7.06102 7.72276 3.98268	
25.61	7.02776 7.72669 3.98151	
25.62	7.00887 7.72545 3.97027	
25.63	6.98339 7.72603 3.95858	
25.64	6.95918 7.72623 3.94253	
25.65	6.94849 7.7241 3.93283	
25.66	6.93908 7.72254 3.92266	
25.67	6.9383 7.71887 3.90517	
25.68	6.93781 7.71652 3.89443	
25.69	6.93774 7.71439 3.88389	
25.7	6.94547 7.71201 3.87857	
25.71	6.9522 7.7017 3.88371	
25.72	6.96724 7.69356 3.88096	
25.73	6.99016 7.6842 3.87822	
25.74	7.00573 7.67759 3.85845	
25.75	7.01295 7.67088 3.83182	
25.76	7.01203 7.66329 3.79452	
25.77	7.01104 7.6452 3.75122	
25.78	7.00803 7.62295 3.71475	
25.79	7.00532 7.59794 3.68926	
25.8	7.00291 7.56971 3.66963	
25.81	7.00678 7.54485 3.65381	
25.82	7.00617 7.52721 3.63596	
25.83	7.00395 7.50878 3.61708	
25.84	7.0014 7.48934 3.59274	
25.85	6.99883 7.47529 3.57324	
25.86	6.99805 7.47044 3.54636	
25.87	6.99851 7.46693 3.52294	
25.88	6.9966 7.45846 3.50614	
25.89	7.00424 7.45446 3.49006	
25.9	7.01188 7.45047 3.47398	
25.91	7.0199 7.44227 3.45853	
25.92	7.01802 7.43391 3.44171	
25.93	7.01736 7.42002 3.41422	
25.94	7.01523 7.40215 3.39531	
25.95	7.01364 7.38883 3.37377	
25.96	7.01333 7.37612 3.35174	
25.97	7.01048 7.36237 3.33066	
25.98	7.01659 7.33511 3.31662	
25.99	7.01111 7.29912 3.30892	
26	7.00584 7.25487 3.30621	
26.01	7.00188 7.21726 3.3133	
26.02	6.98916 7.18122 3.32417	
26.03	6.98598 7.1546 3.34055	
26.04	6.98271 7.12722 3.3516	
26.05	6.97945 7.09988 3.36273	
26.06	6.98346 7.07591 3.37693	
26.07	6.98188 7.06267 3.38524	
26.08	6.98824 7.04809 3.39346	
26.09	6.98716 7.03793 3.38967	
26.1	6.99443 7.02666 3.38598	
26.11	6.99174 7.01564 3.38119	
26.12	6.99929 7.00085 3.38358	
26.13	6.99889 6.99199 3.38681	
26.14	7.00467 6.98066 3.38753	
26.15	7.00481 6.97164 3.38724	
26.16	7.00231 6.96222 3.39326	
26.17	7.00297 6.95759 3.39018	
26.18	7.00877 6.94629 3.39092	
26.19	7.00885 6.93403 3.40037	
26.2	7.00825 6.92888 3.3978	
26.21	7.00786 6.92725 3.38694	
26.22	7.00617 6.92293 3.36051	
26.23	7.00551 6.91567 3.34188	
26.24	6.99612 6.90089 3.32669	
26.25	6.98415 6.87585 3.31061	
26.26	6.98182 6.84591 3.2948	
26.27	6.97627 6.81056 3.28282	
26.28	6.97314 6.784 3.25937	
26.29	6.97129 6.75811 3.23544	
26.3	6.95992 6.74583 3.20781	
26.31	6.95867 6.7342 3.18798	
26.32	6.95735 6.72298 3.17214	
26.33	6.95624 6.71639 3.15732	
26.34	6.95538 6.69896 3.16297	
26.35	6.952 6.68051 3.16969	
26.36	6.94924 6.65435 3.18323	
26.37	6.94582 6.62713 3.18985	
26.38	6.94432 6.6016 3.203	
26.39	6.94134 6.58366 3.21137	
26.4	6.94865 6.57382 3.21726	
26.41	6.94801 6.56563 3.22465	
26.42	6.95402 6.55467 3.22567	
26.43	6.95281 6.5416 3.23063	
26.44	6.95059 6.52266 3.22626	
26.45	6.94832 6.50049 3.23179	
26.46	6.94604 6.48105 3.22207	
26.47	6.94314 6.45354 3.21984	
26.48	6.93198 6.43122 3.21318	
26.49	6.92784 6.40337 3.2116	
26.5	6.92372 6.37559 3.21008	
26.51	6.91997 6.34377 3.20961	
26.52	6.91668 6.313 3.21614	
26.53	6.91334 6.28179 3.21733	
26.54	6.90883 6.25069 3.22456	
26.55	6.90473 6.22011 3.23335	
26.56	6.90118 6.18583 3.24469	
26.57	6.90602 6.15057 3.26015	
26.58	6.9082 6.11107 3.28675	
26.59	6.91202 6.06353 3.30792	
26.6	6.91439 6.01187 3.3344	
26.61	6.91672 5.9523 3.36544	
26.62	6.9266 5.88409 3.40682	
26.63	6.92735 5.81339 3.45178	
26.64	6.92726 5.73483 3.49961	
26.65	6.92989 5.66936 3.53754	
26.66	6.93999 5.59914 3.58529	
26.67	6.9517 5.53865 3.63909	
26.68	6.96298 5.47817 3.69583	
26.69	6.96736 5.42802 3.74906	
26.7	6.973 5.38206 3.79708	
26.71	6.96887 5.34483 3.84111	
26.72	6.97657 5.31484 3.87586	
26.73	6.98299 5.28384 3.9076	
26.74	6.98935 5.26027 3.93321	
26.75	6.99555 5.23304 3.96243	
26.76	7.00402 5.21432 3.98554	
26.77	7.01117 5.19095 4.00924	
26.78	7.02685 5.16262 4.0365	
26.79	7.04348 5.13481 4.06132	
26.8	7.04933 5.10021 4.09567	
26.81	7.06392 5.06828 4.12866	
26.82	7.08092 5.03405 4.16554	
26.83	7.08647 4.9995 4.19695	
26.84	7.09422 4.9733 4.22211	
26.85	7.10217 4.95099 4.24781	
26.86	7.11037 4.93529 4.25953	
26.87	7.11864 4.92005 4.27668	
26.88	7.1156 4.90462 4.29148	
26.89	7.12505 4.89282 4.29768	
26.9	7.13238 4.87647 4.30475	
26.91	7.13081 4.86093 4.30833	
26.92	7.12932 4.84177 4.31158	
26.93	7.12652 4.81412 4.30981	
26.94	7.12178 4.76723 4.31003	
26.95	7.11748 4.72469 4.31223	
26.96	7.10279 4.6727 4.32555	
26.97	7.09678 4.61358 4.35751	
26.98	7.09171 4.55274 4.40194	
26.99	7.08574 4.49539 4.44358	
27	7.0787 4.42491 4.50204	
27.01	7.08156 4.35751 4.55733	
27.02	7.07379 4.28116 4.61903	
27.03	7.07531 4.21096 4.67022	
27.04	7.07862 4.15564 4.71733	
27.05	7.11197 4.11136 4.756	
27.06	7.13855 4.08252 4.78397	
27.07	7.18469 4.05152 4.81002	
27.08	7.21252 4.02631 4.83222	
27.09	7.25014 3.9905 4.8603	
27.1	7.2763 3.9453 4.89008	
27.11	7.30195 3.89092 4.93209	
27.12	7.32814 3.83099 4.97749	
27.13	7.34208 3.75596 5.03725	
27.14	7.35579 3.68213 5.09972	
27.15	7.37134 3.6106 5.17443	
27.16	7.37571 3.53728 5.25316	
27.17	7.39044 3.48178 5.3138	
27.18	7.4074 3.43119 5.38233	
27.19	7.4338 3.39099 5.44249	
27.2	7.45068 3.3522 5.50284	
27.21	7.47802 3.31861 5.55505	
27.22	7.49677 3.28927 5.59698	
27.23	7.52499 3.26201 5.64107	
27.24	7.55425 3.23787 5.67481	
27.25	7.59374 3.21597 5.7099	
27.26	7.62184 3.1914 5.74314	
27.27	7.66046 3.16342 5.7746	
27.28	7.70986 3.13504 5.80546	
27.29	7.75942 3.09638 5.84954	
27.3	7.81832 3.0596 5.89892	
27.31	7.89781 3.02226 5.95534	
27.32	7.99845 2.97894 6.01913	
27.33	8.10976 2.93092 6.09326	
27.34	8.25163 2.88223 6.16903	
27.35	8.4034 2.83624 6.23931	
27.36	8.58672 2.78812 6.31494	
27.37	8.77183 2.74204 6.39361	
27.38	8.94859 2.70344 6.45768	
27.39	9.14615 2.6589 6.54209	
27.4	9.31532 2.61988 6.61634	
27.41	9.48427 2.58534 6.69047	
27.42	9.63552 2.55807 6.75486	
27.43	9.78616 2.53842 6.80462	
27.44	9.91528 2.52365 6.8447	
27.45	10.0331 2.5163 6.87281	
27.46	10.1289 2.50999 6.89207	
27.47	10.2157 2.50669 6.90645	
27.48	10.2817 2.50559 6.91705	
27.49	10.3351 2.50792 6.91818	
27.5	10.3883 2.50995 6.91266	
27.51	10.4319 2.51406 6.89106	
27.52	10.4747 2.52254 6.85029	
27.53	10.5188 2.53341 6.78636	
27.54	10.593 2.54994 6.70739	
27.55	10.6978 2.57242 6.6015	
27.56	10.823 2.60433 6.49955	
27.57	10.9888 2.65095 6.34949	
27.58	11.155 2.69696 6.22414	
27.59	11.342 2.75047 6.10735	
27.6	11.5077 2.80446 6.0196	
27.61	11.6619 2.85088 5.94487	
27.62	11.7866 2.89121 5.879	
27.63	11.9018 2.92209 5.83541	
27.64	11.9862 2.95099 5.79353	
27.65	12.0591 2.97381 5.7625	
27.66	12.1426 3.01206 5.71071	
27.67	12.215 3.05546 5.65256	
27.68	12.2962 3.10528 5.58459	
27.69	12.3848 3.17311 5.4914	
27.7	12.4905 3.27486 5.35551	
27.71	12.5934 3.39287 5.20406	
27.72	12.6956 3.53452 5.01481	
27.73	12.7735 3.70036 4.80425	
27.74	12.8442 3.91478 4.56031	
27.75	12.9163 4.17331 4.27392	
27.76	12.9823 4.46957 3.95649	
27.77	13.048 4.80214 3.58016	
27.78	13.103 5.10171 3.25133	
27.79	13.1745 5.41014 2.92851	
27.8	13.2151 5.67633 2.65628	
27.81	13.2542 5.93711 2.40252	
27.82	13.2888 6.17305 2.22905	
27.83	13.3006 6.36264 2.07373	
27.84	13.2976 6.43806 2.0244	
27.85	13.2513 6.51682 1.98257	
27.86	13.2874 6.54666 2.00847	
27.87	13.3097 6.54487 2.09341	
27.88	13.3052 6.5229 2.28772	
27.89	13.2972 6.53221 2.4923	
27.9	13.2554 6.60221 2.64948	
27.91	13.0637 6.84326 2.7921	
27.92	12.8268 7.2646 2.83653	
27.93	12.6339 7.71747 2.76897	
27.94	12.4775 7.94894 2.67693	
27.95	12.4396 8.26578 2.43992	
27.96	12.5329 8.39215 2.12821	
27.97	12.5452 8.59509 1.77286	
27.98	12.5902 8.41059 1.49737	
27.99	12.6103 8.5558 1.42866	
28	12.7268 8.48461 1.21757	
28.01	12.8583 8.39584 0.807361	
28.02	12.9451 8.32469 0.771865	
28.03	13.0486 8.37229 0.641829	
28.04	13.0256 8.32728 0.706631	
28.05	13.0045 8.34544 0.693292	
28.06	12.9694 8.36072 0.684389	
28.07	12.946 8.38227 0.672516	
28.08	12.9043 8.38066 0.669604	
28.09	12.8154 8.36166 0.686224	
28.1	12.7203 8.36178 0.785983	
28.11	12.5285 8.46628 0.978739	
28.12	12.3966 8.61761 0.920003	
28.13	12.1545 8.8861 0.987661	
28.14	12.1237 8.93832 0.90671	
28.15	11.881 9.0185 0.981479	
28.16	11.9821 9.01143 1.04645	
28.17	11.8621 9.06302 1.15562	
28.18	11.7273 9.08452 1.35805	
28.19	11.3612 9.20388 1.45346	
28.2	11.5864 9.2171 1.60125	
28.21	11.1093 9.24174 1.8988	
28.22	11.0167 9.67676 2.40643	
28.23	10.5823 9.99586 3.07186	
28.24	10.1082 11.0873 3.67997	
28.25	9.92078 12.2177 3.96571	
28.26	9.96364 13.3009 3.94209	
28.27	10.138 14.0219 3.80905	
28.28	10.2117 14.5204 3.6822	
28.29	10.2727 15.0163 3.59744	
28.3	10.2846 15.6386 3.57303	
28.31	10.2096 16.3016 3.5589	
28.32	10.1556 16.8438 3.57116	
28.33	10.1058 17.049 3.54122	
28.34	9.92513 17.6984 3.43266	
28.35	9.73904 18.0851 3.14703	
28.36	9.69774 18.4455 3.20662	
28.37	9.7259 18.8349 3.25545	
28.38	9.79617 19.2444 3.23614	
28.39	9.90079 20.0064 3.09574	
28.4	9.90206 20.0065 3.09581	
28.41	9.90399 20.0068 3.09635	
28.42	9.91314 20.0085 3.10021	
28.43	9.92033 20.0098 3.10297	
28.44	9.92365 20.0103 3.10412	
28.45	9.926 20.0101 3.10293	
28.46	9.9108 20.0079 3.09871	
28.47	9.89494 20.0042 3.09065	
28.48	9.89077 20.0031 3.08819	
28.49	9.90564 20.0069 3.09653	
28.5	9.91834 20.0089 3.10032	
28.51	9.92558 20.0099 3.10233	
28.52	9.929 20.0104 3.10319	
28.53	9.93031 20.0105 3.10323	
28.54	9.90904 20.0081 3.09979	
28.55	9.9009 20.0074 3.09983	
28.56	9.89695 20.0051 3.09311	
28.57	9.89544 20.0052 3.0938	
28.58	9.89479 20.0046 3.0919	
28.59	9.89688 20.0047 3.09175	
28.6	9.893 20.0042 3.09112	
28.61	9.87669 19.9986 3.07799	
28.62	9.86096 19.9936 3.06733	
28.63	9.84533 19.9861 3.05055	
28.64	9.84024 19.983 3.04334	
28.65	9.83827 19.9824 3.04241	
28.66	9.83978 19.9833 3.04428	
28.67	9.84116 19.984 3.04595	
28.68	9.84178 19.9838 3.04519	
28.69	9.84209 19.9845 3.04706	
28.7	9.84085 19.9838 3.04558	
28.71	9.83635 19.9828 3.04446	
28.72	9.8342 19.9805 3.03857	
28.73	9.83363 19.9796 3.0363	
28.74	9.83705 19.9827 3.04376	
28.75	9.85025 19.9882 3.05486	
28.76	9.8582 19.9916 3.0623	
28.77	9.86499 19.9948 3.06978	
28.78	9.86994 19.9966 3.07378	
28.79	9.87724 19.9991 3.07923	
28.8	9.88275 19.9996 3.07918	
28.81	9.88356 20.001 3.08354	
28.82	9.88502 20.0019 3.08601	
28.83	9.88418 20.0014 3.08469	
28.84	9.88564 20.0016 3.08488	
28.85	9.88564 20.0016 3.08488	
28.86	9.89092 20.0059 3.09746	
28.87	9.89351 20.0096 3.10983	
28.88	9.89481 20.011 3.1145	
28.89	9.89482 20.0115 3.11603	
28.9	9.88711 20.0023 3.08659	
28.91	9.88585 20.0022 3.08654	
28.92	9.88585 20.0022 3.08654	
28.93	9.88585 20.0022 3.08654	
28.94	9.88585 20.0022 3.08654	
28.95	9.88585 20.0022 3.08654	
28.96	9.88585 20.0022 3.08654	
28.97	9.88459 20.0025 3.08802	
28.98	9.88585 20.0022 3.08654	
28.99	9.88585 20.0022 3.08654	
29	9.88606 20.0022 3.08667	
29.01	9.88459 20.002 3.08649	
29.02	9.88585 20.0022 3.08654	
29.03	9.88585 20.0022 3.08654	
29.04	9.88585 20.0022 3.08654	
29.05	9.88585 20.0026 3.08807	
29.06	9.88459 20.002 3.08649	
29.07	9.88606 20.0022 3.08667	
29.08	9.88606 20.0022 3.08667	
29.09	9.88585 20.0022 3.08654	
29.1	9.88585 20.0022 3.08654	
29.11	9.88585 20.0022 3.08654	
29.12	9.88585 20.0022 3.08654	
29.13	9.88585 20.0022 3.08654	
29.14	9.88585 20.0022 3.08654	
29.15	9.8848 20.0021 3.08662	
29.16	9.88585 20.0017 3.08501	
29.17	9.88606 20.0022 3.08667	
29.18	9.88585 20.0017 3.08501	
29.19	9.88585 20.0017 3.08501	
29.2	9.88585 20.0017 3.08501	
29.21	9.88585 20.0017 3.08501	
29.22	9.88585 20.0017 3.08501	
29.23	9.88585 20.0017 3.08501	
29.24	9.88585 20.0017 3.08501	
29.25	9.88585 20.0017 3.08501	
29.26	9.88585 20.0017 3.08501	
29.27	9.88585 20.0017 3.08501	
29.28	9.88585 20.0017 3.08501	
29.29	9.88585 20.0017 3.08501	
