# Gnuplot File : velocities of 1 particle(s) Monitored
# 1st Column : time, others : particle(s) number 0 
0.01	0 0 -0.0365586	
0.02	2.28526e-16 0 -0.0632893	
0.03	1.71115e-16 0 -0.082834	
0.04	1.26289e-16 0 -0.0971245	
0.05	9.22254e-17 0 -0.107573	
0.06	6.74201e-17 0 -0.115213	
0.07	4.91914e-17 0 -0.120799	
0.08	3.59252e-17 0 -0.124884	
0.09	1.6888e-16 0 -0.12787	
0.1	2.8739e-16 0 -0.130054	
0.11	2.91046e-16 0 -0.13165	
0.12	2.15423e-16 0 -0.132818	
0.13	1.58173e-16 0 -0.133671	
0.14	3.01779e-16 0 -0.134295	
0.15	2.20497e-16 0 -0.134752	
0.16	2.2066e-16 0 -0.134752	
0.17	2.21624e-16 0 -0.134752	
0.18	2.21129e-16 0 -0.134752	
0.19	2.10549e-16 0 -0.134752	
0.2	1.88746e-16 0 -0.134752	
0.21	1.83921e-16 0 -0.134752	
0.22	1.85903e-16 0 -0.134752	
0.23	1.84587e-16 0 -0.134752	
0.24	1.83189e-16 0 -0.134752	
0.25	1.85253e-16 0 -0.134752	
0.26	1.98929e-16 0 -0.134752	
0.27	1.85687e-16 0 -0.134752	
0.28	1.66759e-16 0 -0.134752	
0.29	1.62593e-16 0 -0.134752	
0.3	1.58766e-16 0 -0.134752	
0.31	1.73133e-16 0 -0.134752	
0.32	2.08075e-16 0 -0.134752	
0.33	2.13966e-16 0 -0.134752	
0.34	2.09592e-16 0 -0.134752	
0.35	2.11473e-16 0 -0.134752	
0.36	2.07225e-16 0 -0.134752	
0.37	2.01966e-16 0 -0.134752	
0.38	2.01025e-16 0 -0.134752	
0.39	1.96011e-16 0 -0.134752	
0.4	1.78095e-16 0 -0.134752	
0.41	1.5514e-16 0 -0.134752	
0.42	1.41003e-16 0 -0.134752	
0.43	1.47084e-16 0 -0.134752	
0.44	1.53276e-16 0 -0.134752	
0.45	1.69411e-16 0 -0.134752	
0.46	1.8502e-16 0 -0.134752	
0.47	1.96688e-16 0 -0.134752	
0.48	1.99817e-16 0 -0.134752	
0.49	2.01423e-16 0 -0.134752	
0.5	2.17173e-16 0 -0.134752	
0.51	2.21903e-16 0 -0.134752	
0.52	2.0793e-16 0 -0.134752	
0.53	2.37398e-16 0 -0.134752	
0.54	2.35716e-16 0 -0.134752	
0.55	1.99846e-16 0 -0.134752	
0.56	1.75552e-16 0 -0.134752	
0.57	1.7203e-16 0 -0.134752	
0.58	2.19483e-16 0 -0.134752	
0.59	2.19632e-16 0 -0.134752	
0.6	2.19066e-16 0 -0.134752	
0.61	2.19414e-16 0 -0.134752	
0.62	2.30159e-16 0 -0.134752	
0.63	2.2708e-16 0 -0.134752	
0.64	2.28877e-16 0 -0.134752	
0.65	2.31028e-16 0 -0.134752	
0.66	2.48536e-16 0 -0.134752	
0.67	2.48428e-16 0 -0.134752	
0.68	2.48195e-16 0 -0.134752	
0.69	2.50125e-16 0 -0.134752	
0.7	2.56103e-16 0 -0.134752	
0.71	2.62977e-16 0 -0.134752	
0.72	2.56079e-16 0 -0.134752	
0.73	2.49229e-16 0 -0.134752	
0.74	2.36542e-16 0 -0.134752	
0.75	2.32204e-16 0 -0.134752	
0.76	2.2781e-16 0 -0.134752	
0.77	2.17444e-16 0 -0.134752	
0.78	2.06649e-16 0 -0.134752	
0.79	1.95067e-16 0 -0.134752	
0.8	1.91222e-16 0 -0.134752	
0.81	1.996e-16 0 -0.134752	
0.82	2.12436e-16 0 -0.134752	
0.83	2.17459e-16 0 -0.134752	
0.84	2.16765e-16 0 -0.134752	
0.85	2.12826e-16 0 -0.134752	
0.86	2.08306e-16 0 -0.134752	
0.87	2.0111e-16 0 -0.134752	
0.88	1.9489e-16 0 -0.134752	
0.89	1.72705e-16 0 -0.134752	
0.9	1.35179e-16 0 -0.134752	
0.91	9.54008e-17 0 -0.134752	
0.92	6.24456e-17 0 -0.134752	
0.93	4.07513e-17 0 -0.134752	
0.94	2.88274e-17 0 -0.134752	
0.95	2.87712e-17 0 -0.134752	
0.96	4.97127e-17 0 -0.134752	
0.97	8.19004e-17 0 -0.134752	
0.98	1.15571e-16 0 -0.134752	
0.99	1.36841e-16 0 -0.134752	
1	1.51295e-16 0 -0.134752	
1.01	1.59787e-16 0 -0.134752	
1.02	1.63931e-16 0 -0.134752	
1.03	1.65942e-16 0 -0.134752	
1.04	1.68191e-16 0 -0.134752	
1.05	1.68644e-16 0 -0.134752	
1.06	1.67699e-16 0 -0.134752	
1.07	1.66552e-16 0 -0.134752	
1.08	1.61977e-16 0 -0.134752	
1.09	1.57661e-16 0 -0.134752	
1.1	1.54308e-16 0 -0.134752	
1.11	1.50512e-16 0 -0.134752	
1.12	1.47334e-16 0 -0.134752	
1.13	1.43615e-16 0 -0.134752	
1.14	1.40591e-16 0 -0.134752	
1.15	1.40223e-16 0 -0.134752	
1.16	1.38564e-16 0 -0.134752	
1.17	1.34479e-16 0 -0.134752	
1.18	1.28763e-16 0 -0.134752	
1.19	1.22027e-16 0 -0.134752	
1.2	1.17217e-16 0 -0.134752	
1.21	1.12259e-16 0 -0.134752	
1.22	1.03554e-16 0 -0.134752	
1.23	9.76453e-17 0 -0.134752	
1.24	9.39486e-17 0 -0.134752	
1.25	9.28287e-17 0 -0.134752	
1.26	9.54497e-17 0 -0.134752	
1.27	9.69462e-17 0 -0.134752	
1.28	9.88038e-17 0 -0.134752	
1.29	1.04759e-16 0 -0.134752	
1.3	1.128e-16 0 -0.134752	
1.31	1.18766e-16 0 -0.134752	
1.32	1.22856e-16 0 -0.134752	
1.33	1.25579e-16 0 -0.134752	
1.34	1.27082e-16 0 -0.134752	
1.35	1.26291e-16 0 -0.134752	
1.36	1.23648e-16 0 -0.134752	
1.37	1.21158e-16 0 -0.134752	
1.38	1.19066e-16 0 -0.134752	
1.39	1.20384e-16 0 -0.134752	
1.4	1.20957e-16 0 -0.134752	
1.41	1.20734e-16 0 -0.134752	
1.42	1.19918e-16 0 -0.134752	
1.43	1.20244e-16 0 -0.134752	
1.44	1.20547e-16 0 -0.134752	
1.45	1.1969e-16 0 -0.134752	
1.46	1.19057e-16 0 -0.134752	
1.47	1.14722e-16 0 -0.134752	
1.48	1.09096e-16 0 -0.134752	
1.49	1.07266e-16 0 -0.134752	
1.5	1.19623e-16 0 -0.134752	
1.51	1.39373e-16 0 -0.134752	
1.52	1.63685e-16 0 -0.134752	
1.53	1.78759e-16 0 -0.134752	
1.54	1.87125e-16 0 -0.134752	
1.55	1.93225e-16 0 -0.134752	
1.56	1.97926e-16 0 -0.134752	
1.57	2.03862e-16 0 -0.134752	
1.58	2.0728e-16 0 -0.134752	
1.59	2.11304e-16 0 -0.134752	
1.6	2.16073e-16 0 -0.134752	
1.61	2.20228e-16 0 -0.134752	
1.62	2.2334e-16 0 -0.134752	
1.63	2.24994e-16 0 -0.134752	
1.64	2.2711e-16 0 -0.134752	
1.65	2.28753e-16 0 -0.134752	
1.66	2.30998e-16 0 -0.134752	
1.67	2.33921e-16 0 -0.134752	
1.68	2.37721e-16 0 -0.134752	
1.69	2.41115e-16 0 -0.134752	
1.7	2.44266e-16 0 -0.134752	
1.71	2.47649e-16 0 -0.134752	
1.72	2.51256e-16 0 -0.134752	
1.73	2.54645e-16 0 -0.134752	
1.74	2.57538e-16 0 -0.134752	
1.75	2.58779e-16 0 -0.134752	
1.76	2.57759e-16 0 -0.134752	
1.77	2.55407e-16 0 -0.134752	
1.78	2.53015e-16 0 -0.134752	
1.79	2.51118e-16 0 -0.134752	
1.8	2.49206e-16 0 -0.134752	
1.81	2.48049e-16 0 -0.134752	
1.82	2.45656e-16 0 -0.134752	
1.83	2.42408e-16 0 -0.134752	
1.84	2.38945e-16 0 -0.134752	
1.85	2.36663e-16 0 -0.134752	
1.86	2.35104e-16 0 -0.134752	
1.87	2.34582e-16 0 -0.134752	
1.88	2.3455e-16 0 -0.134752	
1.89	2.34556e-16 0 -0.134752	
1.9	2.35045e-16 0 -0.134752	
1.91	2.35045e-16 0 -0.134752	
1.92	2.34444e-16 0 -0.134752	
1.93	2.359e-16 0 -0.134752	
1.94	2.38198e-16 0 -0.134752	
1.95	2.40333e-16 0 -0.134752	
1.96	2.42462e-16 0 -0.134752	
1.97	2.43991e-16 0 -0.134752	
1.98	2.46614e-16 0 -0.134752	
1.99	2.47542e-16 0 -0.134752	
2	2.48496e-16 0 -0.134752	
2.01	2.47569e-16 0 -0.134752	
2.02	2.47011e-16 0 -0.134752	
2.03	2.46386e-16 0 -0.134752	
2.04	2.46241e-16 0 -0.134752	
2.05	2.46443e-16 0 -0.134752	
2.06	2.47459e-16 0 -0.134752	
2.07	2.47995e-16 0 -0.134752	
2.08	2.49285e-16 0 -0.134752	
2.09	2.50215e-16 0 -0.134752	
2.1	2.50528e-16 0 -0.134752	
2.11	2.46849e-16 0 -0.134752	
2.12	2.41542e-16 0 -0.134752	
2.13	2.37709e-16 0 -0.134752	
2.14	2.33739e-16 0 -0.134752	
2.15	2.31775e-16 0 -0.134752	
2.16	2.28864e-16 0 -0.134752	
2.17	2.26833e-16 0 -0.134752	
2.18	2.25636e-16 0 -0.134752	
2.19	2.24473e-16 0 -0.134752	
2.2	2.20943e-16 0 -0.134752	
2.21	2.20269e-16 0 -0.134752	
2.22	2.20626e-16 0 -0.134752	
2.23	2.25199e-16 0 -0.134752	
2.24	2.31565e-16 0 -0.134752	
2.25	2.37152e-16 0 -0.134752	
2.26	2.42506e-16 0 -0.134752	
2.27	2.45713e-16 0 -0.134752	
2.28	2.47373e-16 0 -0.134752	
2.29	2.47729e-16 0 -0.134752	
2.3	2.46553e-16 0 -0.134752	
2.31	2.44964e-16 0 -0.134752	
2.32	2.45094e-16 0 -0.134752	
2.33	2.43964e-16 0 -0.134752	
2.34	2.39609e-16 0 -0.134752	
2.35	2.34141e-16 0 -0.134752	
2.36	2.30777e-16 0 -0.134752	
2.37	2.27608e-16 0 -0.134752	
2.38	2.23191e-16 0 -0.134752	
2.39	2.20221e-16 0 -0.134752	
2.4	2.1677e-16 0 -0.134752	
2.41	2.12161e-16 0 -0.134752	
2.42	2.06484e-16 0 -0.134752	
2.43	2.05333e-16 0 -0.134752	
2.44	2.03752e-16 0 -0.134752	
2.45	2.07312e-16 0 -0.134752	
2.46	2.13408e-16 0 -0.134752	
2.47	2.25975e-16 0 -0.134752	
2.48	2.36788e-16 0 -0.134752	
2.49	2.41887e-16 0 -0.134752	
2.5	2.36776e-16 0 -0.134752	
2.51	2.24806e-16 0 -0.134752	
2.52	2.05631e-16 0 -0.134752	
2.53	1.87062e-16 0 -0.134752	
2.54	1.76638e-16 0 -0.134752	
2.55	1.70231e-16 0 -0.134752	
2.56	1.63026e-16 0 -0.134752	
2.57	1.5309e-16 0 -0.134752	
2.58	1.42387e-16 0 -0.134752	
2.59	1.28587e-16 0 -0.134752	
2.6	1.1508e-16 0 -0.134752	
2.61	1.02386e-16 0 -0.134752	
2.62	8.93526e-17 0 -0.134752	
2.63	7.88785e-17 0 -0.134752	
2.64	7.27743e-17 0 -0.134752	
2.65	6.90115e-17 0 -0.134752	
2.66	7.30903e-17 0 -0.134752	
2.67	8.22011e-17 0 -0.134752	
2.68	8.83562e-17 0 -0.134752	
2.69	9.32242e-17 0 -0.134752	
2.7	9.61732e-17 0 -0.134752	
2.71	9.74962e-17 0 -0.134752	
2.72	9.75427e-17 0 -0.134752	
2.73	9.41433e-17 0 -0.134752	
2.74	8.80352e-17 0 -0.134752	
2.75	8.16273e-17 0 -0.134752	
2.76	7.68288e-17 0 -0.134752	
2.77	7.48563e-17 0 -0.134752	
2.78	7.71392e-17 0 -0.134752	
2.79	7.86826e-17 0 -0.134752	
2.8	7.70425e-17 0 -0.134752	
2.81	7.63517e-17 0 -0.134752	
2.82	7.62321e-17 0 -0.134752	
2.83	8.04381e-17 0 -0.134752	
2.84	9.15415e-17 0 -0.134752	
2.85	1.03388e-16 0 -0.134752	
2.86	1.15041e-16 0 -0.134752	
2.87	1.25739e-16 0 -0.134752	
2.88	1.34035e-16 0 -0.134752	
2.89	1.29318e-16 0 -0.134752	
2.9	1.27484e-16 0 -0.134752	
2.91	1.26196e-16 0 -0.134752	
2.92	1.25222e-16 0 -0.134752	
2.93	1.2571e-16 0 -0.134752	
2.94	1.25933e-16 0 -0.134752	
2.95	1.24517e-16 0 -0.134752	
2.96	1.23519e-16 0 -0.134752	
2.97	1.22274e-16 0 -0.134752	
2.98	1.21348e-16 0 -0.134752	
2.99	1.18e-16 0 -0.134752	
3	1.14319e-16 0 -0.134752	
3.01	1.18575e-16 0 -0.134752	
3.02	1.20678e-16 0 -0.134752	
3.03	1.19456e-16 0 -0.134752	
3.04	1.13863e-16 0 -0.134752	
3.05	1.10534e-16 0 -0.134752	
3.06	1.0884e-16 0 -0.134752	
3.07	1.08274e-16 0 -0.134752	
3.08	1.07703e-16 0 -0.134752	
3.09	1.07145e-16 0 -0.134752	
3.1	1.07145e-16 0 -0.134752	
3.11	1.06587e-16 0 -0.134752	
3.12	1.06587e-16 0 -0.134752	
3.13	1.06564e-16 0 -0.134752	
3.14	1.06587e-16 0 -0.134752	
3.15	1.06006e-16 0 -0.134752	
3.16	1.06564e-16 0 -0.134752	
3.17	1.06564e-16 0 -0.134752	
3.18	1.06564e-16 0 -0.134752	
3.19	1.06542e-16 0 -0.134752	
3.2	1.06564e-16 0 -0.134752	
3.21	1.06564e-16 0 -0.134752	
3.22	1.06564e-16 0 -0.134752	
3.23	1.06564e-16 0 -0.134752	
3.24	1.06542e-16 0 -0.134752	
3.25	1.06551e-16 0 -0.134752	
3.26	1.06564e-16 0 -0.134752	
3.27	1.06564e-16 0 -0.134752	
3.28	1.06564e-16 0 -0.134752	
3.29	1.06542e-16 0 -0.134752	
3.3	1.05993e-16 0 -0.134752	
3.31	1.06542e-16 0 -0.134752	
3.32	1.06564e-16 0 -0.134752	
3.33	1.06542e-16 0 -0.134752	
3.34	1.06542e-16 0 -0.134752	
3.35	1.06542e-16 0 -0.134752	
3.36	1.06542e-16 0 -0.134752	
3.37	1.06542e-16 0 -0.134752	
3.38	1.06542e-16 0 -0.134752	
3.39	1.06529e-16 0 -0.134752	
3.4	1.06542e-16 0 -0.134752	
3.41	1.06542e-16 0 -0.134752	
3.42	1.06533e-16 0 -0.134752	
3.43	1.06542e-16 0 -0.134752	
3.44	1.06542e-16 0 -0.134752	
3.45	1.06542e-16 0 -0.134752	
3.46	1.06542e-16 0 -0.134752	
3.47	1.0652e-16 0 -0.134752	
3.48	1.06542e-16 0 -0.134752	
3.49	1.06542e-16 0 -0.134752	
3.5	1.06542e-16 0 -0.134752	
3.51	1.06542e-16 0 -0.134752	
3.52	1.06542e-16 0 -0.134752	
3.53	1.06542e-16 0 -0.134752	
3.54	1.0652e-16 0 -0.134752	
3.55	1.06551e-16 0 -0.134752	
3.56	1.05984e-16 0 -0.134752	
3.57	1.06542e-16 0 -0.134752	
3.58	1.06542e-16 0 -0.134752	
3.59	1.06542e-16 0 -0.134752	
3.6	1.06551e-16 0 -0.134752	
3.61	1.06551e-16 0 -0.134752	
3.62	1.06542e-16 0 -0.134752	
3.63	1.06542e-16 0 -0.134752	
3.64	1.06542e-16 0 -0.134752	
3.65	1.06542e-16 0 -0.134752	
3.66	1.06529e-16 0 -0.134752	
3.67	1.0652e-16 0 -0.134752	
3.68	1.0652e-16 0 -0.134752	
3.69	1.06542e-16 0 -0.134752	
3.7	1.0652e-16 0 -0.134752	
3.71	1.06542e-16 0 -0.134752	
3.72	1.06529e-16 0 -0.134752	
3.73	1.0652e-16 0 -0.134752	
3.74	1.06542e-16 0 -0.134752	
3.75	1.06529e-16 0 -0.134752	
3.76	1.06542e-16 0 -0.134752	
3.77	1.06542e-16 0 -0.134752	
3.78	1.0652e-16 0 -0.134752	
3.79	1.06542e-16 0 -0.134752	
3.8	1.06542e-16 0 -0.134752	
3.81	1.0652e-16 0 -0.134752	
3.82	1.0652e-16 0 -0.134752	
3.83	1.0652e-16 0 -0.134752	
3.84	1.0652e-16 0 -0.134752	
3.85	1.06551e-16 0 -0.134752	
3.86	1.0652e-16 0 -0.134752	
3.87	1.06529e-16 0 -0.134752	
3.88	1.0652e-16 0 -0.134752	
3.89	1.06542e-16 0 -0.134752	
3.9	1.0652e-16 0 -0.134752	
3.91	1.0652e-16 0 -0.134752	
3.92	1.0652e-16 0 -0.134752	
3.93	1.06542e-16 0 -0.134752	
3.94	1.0652e-16 0 -0.134752	
3.95	1.0652e-16 0 -0.134752	
3.96	1.0652e-16 0 -0.134752	
3.97	1.06542e-16 0 -0.134752	
3.98	1.0652e-16 0 -0.134752	
3.99	1.0652e-16 0 -0.134752	
4	1.0652e-16 0 -0.134752	
4.01	1.06542e-16 0 -0.134752	
4.02	1.0652e-16 0 -0.134752	
4.03	1.0652e-16 0 -0.134752	
4.04	1.0652e-16 0 -0.134752	
4.05	1.0652e-16 0 -0.134752	
4.06	1.0652e-16 0 -0.134752	
4.07	1.0652e-16 0 -0.134752	
4.08	1.06529e-16 0 -0.134752	
4.09	1.0652e-16 0 -0.134752	
4.1	1.06542e-16 0 -0.134752	
4.11	1.0652e-16 0 -0.134752	
4.12	1.06542e-16 0 -0.134752	
4.13	1.06542e-16 0 -0.134752	
4.14	1.06529e-16 0 -0.134752	
4.15	1.0652e-16 0 -0.134752	
4.16	1.0652e-16 0 -0.134752	
4.17	1.0652e-16 0 -0.134752	
4.18	1.06551e-16 0 -0.134752	
4.19	1.06542e-16 0 -0.134752	
4.2	1.0652e-16 0 -0.134752	
4.21	1.06542e-16 0 -0.134752	
4.22	1.0652e-16 0 -0.134752	
4.23	1.06542e-16 0 -0.134752	
4.24	1.06542e-16 0 -0.134752	
4.25	1.06551e-16 0 -0.134752	
4.26	1.06542e-16 0 -0.134752	
4.27	1.06529e-16 0 -0.134752	
4.28	1.0652e-16 0 -0.134752	
4.29	1.0652e-16 0 -0.134752	
4.3	1.0652e-16 0 -0.134752	
4.31	1.0652e-16 0 -0.134752	
4.32	1.0652e-16 0 -0.134752	
4.33	1.06542e-16 0 -0.134752	
4.34	1.06542e-16 0 -0.134752	
4.35	1.0652e-16 0 -0.134752	
4.36	1.0652e-16 0 -0.134752	
4.37	1.06529e-16 0 -0.134752	
4.38	1.0652e-16 0 -0.134752	
4.39	1.06529e-16 0 -0.134752	
4.4	1.0652e-16 0 -0.134752	
4.41	1.06542e-16 0 -0.134752	
4.42	1.06542e-16 0 -0.134752	
4.43	1.0652e-16 0 -0.134752	
4.44	1.06542e-16 0 -0.134752	
4.45	1.06542e-16 0 -0.134752	
4.46	1.06542e-16 0 -0.134752	
4.47	1.0652e-16 0 -0.134752	
4.48	1.06529e-16 0 -0.134752	
4.49	1.0652e-16 0 -0.134752	
4.5	1.05962e-16 0 -0.134752	
4.51	1.0652e-16 0 -0.134752	
4.52	1.0652e-16 0 -0.134752	
4.53	1.06542e-16 0 -0.134752	
4.54	1.06529e-16 0 -0.134752	
4.55	1.06529e-16 0 -0.134752	
4.56	1.0652e-16 0 -0.134752	
4.57	1.06542e-16 0 -0.134752	
4.58	1.06529e-16 0 -0.134752	
4.59	1.06529e-16 0 -0.134752	
4.6	1.06542e-16 0 -0.134752	
4.61	1.0652e-16 0 -0.134752	
4.62	1.06529e-16 0 -0.134752	
4.63	1.0652e-16 0 -0.134752	
4.64	1.0652e-16 0 -0.134752	
4.65	1.0652e-16 0 -0.134752	
4.66	1.0652e-16 0 -0.134752	
4.67	1.06511e-16 0 -0.134752	
4.68	1.0652e-16 0 -0.134752	
4.69	1.06551e-16 0 -0.134752	
4.7	1.0652e-16 0 -0.134752	
4.71	1.06542e-16 0 -0.134752	
4.72	1.06533e-16 0 -0.134752	
4.73	1.0652e-16 0 -0.134752	
4.74	1.06529e-16 0 -0.134752	
4.75	1.0652e-16 0 -0.134752	
4.76	1.0652e-16 0 -0.134752	
4.77	1.06529e-16 0 -0.134752	
4.78	1.0652e-16 0 -0.134752	
4.79	1.0652e-16 0 -0.134752	
4.8	1.0652e-16 0 -0.134752	
4.81	1.0652e-16 0 -0.134752	
4.82	1.06542e-16 0 -0.134752	
4.83	1.0652e-16 0 -0.134752	
4.84	1.06529e-16 0 -0.134752	
4.85	1.0652e-16 0 -0.134752	
4.86	1.0652e-16 0 -0.134752	
4.87	1.0652e-16 0 -0.134752	
4.88	1.0652e-16 0 -0.134752	
4.89	1.0652e-16 0 -0.134752	
4.9	1.0652e-16 0 -0.134752	
4.91	1.0652e-16 0 -0.134752	
4.92	1.0652e-16 0 -0.134752	
4.93	1.06529e-16 0 -0.134752	
4.94	1.06542e-16 0 -0.134752	
4.95	1.06529e-16 0 -0.134752	
4.96	1.0652e-16 0 -0.134752	
4.97	1.0652e-16 0 -0.134752	
4.98	1.0652e-16 0 -0.134752	
4.99	1.06542e-16 0 -0.134752	
5	1.06529e-16 0 -0.134752	
5.01	1.0652e-16 0 -0.134752	
5.02	1.0652e-16 0 -0.134752	
5.03	1.0652e-16 0 -0.134752	
5.04	1.05962e-16 0 -0.134752	
5.05	1.0652e-16 0 -0.134752	
5.06	1.06529e-16 0 -0.134752	
5.07	1.0652e-16 0 -0.134752	
5.08	1.07078e-16 0 -0.134752	
5.09	1.06542e-16 0 -0.134752	
5.1	1.0652e-16 0 -0.134752	
5.11	1.0652e-16 0 -0.134752	
5.12	1.0652e-16 0 -0.134752	
5.13	1.0652e-16 0 -0.134752	
5.14	1.05962e-16 0 -0.134752	
5.15	1.0652e-16 0 -0.134752	
5.16	1.0652e-16 0 -0.134752	
5.17	1.0652e-16 0 -0.134752	
5.18	1.0652e-16 0 -0.134752	
5.19	1.06542e-16 0 -0.134752	
5.2	1.0652e-16 0 -0.134752	
5.21	1.06529e-16 0 -0.134752	
5.22	1.0652e-16 0 -0.134752	
5.23	1.0652e-16 0 -0.134752	
5.24	1.0652e-16 0 -0.134752	
5.25	1.0652e-16 0 -0.134752	
5.26	1.06507e-16 0 -0.134752	
5.27	1.0652e-16 0 -0.134752	
5.28	1.0652e-16 0 -0.134752	
5.29	1.0652e-16 0 -0.134752	
5.3	1.06529e-16 0 -0.134752	
5.31	1.06529e-16 0 -0.134752	
5.32	1.06529e-16 0 -0.134752	
5.33	1.0652e-16 0 -0.134752	
5.34	1.0652e-16 0 -0.134752	
5.35	1.0652e-16 0 -0.134752	
5.36	1.0652e-16 0 -0.134752	
5.37	1.0652e-16 0 -0.134752	
5.38	1.0652e-16 0 -0.134752	
5.39	1.06507e-16 0 -0.134752	
5.4	1.0652e-16 0 -0.134752	
5.41	1.06529e-16 0 -0.134752	
5.42	1.06529e-16 0 -0.134752	
5.43	1.06542e-16 0 -0.134752	
5.44	1.0652e-16 0 -0.134752	
5.45	1.06542e-16 0 -0.134752	
5.46	1.0652e-16 0 -0.134752	
5.47	1.0652e-16 0 -0.134752	
5.48	1.06529e-16 0 -0.134752	
5.49	1.0652e-16 0 -0.134752	
5.5	1.0652e-16 0 -0.134752	
5.51	1.0652e-16 0 -0.134752	
5.52	1.06529e-16 0 -0.134752	
5.53	1.071e-16 0 -0.134752	
5.54	1.0652e-16 0 -0.134752	
5.55	1.0652e-16 0 -0.134752	
5.56	1.0652e-16 0 -0.134752	
5.57	1.0652e-16 0 -0.134752	
5.58	1.06529e-16 0 -0.134752	
5.59	1.06529e-16 0 -0.134752	
5.6	1.0652e-16 0 -0.134752	
5.61	1.0652e-16 0 -0.134752	
5.62	1.0652e-16 0 -0.134752	
5.63	1.0652e-16 0 -0.134752	
5.64	1.0652e-16 0 -0.134752	
5.65	1.06529e-16 0 -0.134752	
5.66	1.0652e-16 0 -0.134752	
5.67	1.0652e-16 0 -0.134752	
5.68	1.06529e-16 0 -0.134752	
5.69	1.0652e-16 0 -0.134752	
5.7	1.0652e-16 0 -0.134752	
5.71	1.0652e-16 0 -0.134752	
5.72	1.0652e-16 0 -0.134752	
5.73	1.0652e-16 0 -0.134752	
5.74	1.0652e-16 0 -0.134752	
5.75	1.0652e-16 0 -0.134752	
5.76	1.0652e-16 0 -0.134752	
5.77	1.0652e-16 0 -0.134752	
5.78	1.0652e-16 0 -0.134752	
5.79	1.0652e-16 0 -0.134752	
5.8	1.0652e-16 0 -0.134752	
5.81	1.0652e-16 0 -0.134752	
5.82	1.0652e-16 0 -0.134752	
5.83	1.06529e-16 0 -0.134752	
5.84	1.06529e-16 0 -0.134752	
5.85	1.0652e-16 0 -0.134752	
5.86	1.0652e-16 0 -0.134752	
5.87	1.06529e-16 0 -0.134752	
5.88	1.0652e-16 0 -0.134752	
5.89	1.0652e-16 0 -0.134752	
5.9	1.06529e-16 0 -0.134752	
5.91	1.0652e-16 0 -0.134752	
5.92	1.06542e-16 0 -0.134752	
5.93	1.0652e-16 0 -0.134752	
5.94	1.0652e-16 0 -0.134752	
5.95	1.0652e-16 0 -0.134752	
5.96	1.06529e-16 0 -0.134752	
5.97	1.06529e-16 0 -0.134752	
5.98	1.06498e-16 0 -0.134752	
5.99	1.0652e-16 0 -0.134752	
6	1.06529e-16 0 -0.134752	
6.01	1.0652e-16 0 -0.134752	
6.02	1.0652e-16 0 -0.134752	
6.03	1.0652e-16 0 -0.134752	
6.04	1.0652e-16 0 -0.134752	
6.05	1.06551e-16 0 -0.134752	
6.06	1.0652e-16 0 -0.134752	
6.07	1.0652e-16 0 -0.134752	
6.08	1.06529e-16 0 -0.134752	
6.09	1.0652e-16 0 -0.134752	
6.1	1.0652e-16 0 -0.134752	
6.11	1.0652e-16 0 -0.134752	
6.12	1.06529e-16 0 -0.134752	
6.13	1.0652e-16 0 -0.134752	
6.14	1.0652e-16 0 -0.134752	
6.15	1.0652e-16 0 -0.134752	
6.16	1.0652e-16 0 -0.134752	
6.17	1.0652e-16 0 -0.134752	
6.18	1.0652e-16 0 -0.134752	
6.19	1.0652e-16 0 -0.134752	
6.2	1.06542e-16 0 -0.134752	
6.21	1.0652e-16 0 -0.134752	
6.22	1.06529e-16 0 -0.134752	
6.23	1.0652e-16 0 -0.134752	
6.24	1.0652e-16 0 -0.134752	
6.25	1.0652e-16 0 -0.134752	
6.26	1.0652e-16 0 -0.134752	
6.27	1.07078e-16 0 -0.134752	
6.28	1.0652e-16 0 -0.134752	
6.29	1.0652e-16 0 -0.134752	
6.3	1.0652e-16 0 -0.134752	
6.31	1.0652e-16 0 -0.134752	
6.32	1.0652e-16 0 -0.134752	
6.33	1.05971e-16 0 -0.134752	
6.34	1.0652e-16 0 -0.134752	
6.35	1.06551e-16 0 -0.134752	
6.36	1.0652e-16 0 -0.134752	
6.37	1.0652e-16 0 -0.134752	
6.38	1.0652e-16 0 -0.134752	
6.39	1.0652e-16 0 -0.134752	
6.4	1.0652e-16 0 -0.134752	
6.41	1.0652e-16 0 -0.134752	
6.42	1.0652e-16 0 -0.134752	
6.43	1.0652e-16 0 -0.134752	
6.44	1.0652e-16 0 -0.134752	
6.45	1.0652e-16 0 -0.134752	
6.46	1.0652e-16 0 -0.134752	
6.47	1.0652e-16 0 -0.134752	
6.48	1.0652e-16 0 -0.134752	
6.49	1.06542e-16 0 -0.134752	
6.5	1.0652e-16 0 -0.134752	
6.51	1.0652e-16 0 -0.134752	
6.52	1.0652e-16 0 -0.134752	
6.53	1.0652e-16 0 -0.134752	
6.54	1.06529e-16 0 -0.134752	
6.55	1.0652e-16 0 -0.134752	
6.56	1.0652e-16 0 -0.134752	
6.57	1.0652e-16 0 -0.134752	
6.58	1.0652e-16 0 -0.134752	
6.59	1.0652e-16 0 -0.134752	
6.6	1.06498e-16 0 -0.134752	
6.61	1.0652e-16 0 -0.134752	
6.62	1.0652e-16 0 -0.134752	
6.63	1.0652e-16 0 -0.134752	
6.64	1.06529e-16 0 -0.134752	
6.65	1.0652e-16 0 -0.134752	
6.66	1.0652e-16 0 -0.134752	
6.67	1.0652e-16 0 -0.134752	
6.68	1.0652e-16 0 -0.134752	
6.69	1.0652e-16 0 -0.134752	
6.7	1.0652e-16 0 -0.134752	
6.71	1.0652e-16 0 -0.134752	
6.72	1.06529e-16 0 -0.134752	
6.73	1.06529e-16 0 -0.134752	
6.74	1.0652e-16 0 -0.134752	
6.75	1.07078e-16 0 -0.134752	
6.76	1.0652e-16 0 -0.134752	
6.77	1.0652e-16 0 -0.134752	
6.78	1.0652e-16 0 -0.134752	
6.79	1.06507e-16 0 -0.134752	
6.8	1.0652e-16 0 -0.134752	
6.81	1.0652e-16 0 -0.134752	
6.82	1.0652e-16 0 -0.134752	
6.83	1.07078e-16 0 -0.134752	
6.84	1.0652e-16 0 -0.134752	
6.85	1.0652e-16 0 -0.134752	
6.86	1.0652e-16 0 -0.134752	
6.87	1.0652e-16 0 -0.134752	
6.88	1.0652e-16 0 -0.134752	
6.89	1.0652e-16 0 -0.134752	
6.9	1.0652e-16 0 -0.134752	
6.91	1.0652e-16 0 -0.134752	
6.92	1.0652e-16 0 -0.134752	
6.93	1.0652e-16 0 -0.134752	
6.94	1.0652e-16 0 -0.134752	
6.95	1.05939e-16 0 -0.134752	
6.96	1.0652e-16 0 -0.134752	
6.97	1.0652e-16 0 -0.134752	
6.98	1.06529e-16 0 -0.134752	
6.99	1.0652e-16 0 -0.134752	
7	1.0652e-16 0 -0.134752	
7.01	1.0652e-16 0 -0.134752	
7.02	1.0652e-16 0 -0.134752	
7.03	1.0652e-16 0 -0.134752	
7.04	1.06542e-16 0 -0.134752	
7.05	1.06529e-16 0 -0.134752	
7.06	1.0652e-16 0 -0.134752	
7.07	1.0652e-16 0 -0.134752	
7.08	1.0652e-16 0 -0.134752	
7.09	1.0652e-16 0 -0.134752	
7.1	1.0652e-16 0 -0.134752	
7.11	1.0652e-16 0 -0.134752	
7.12	1.0652e-16 0 -0.134752	
7.13	1.06498e-16 0 -0.134752	
7.14	1.06529e-16 0 -0.134752	
7.15	1.0652e-16 0 -0.134752	
7.16	1.07078e-16 0 -0.134752	
7.17	1.0652e-16 0 -0.134752	
7.18	1.0652e-16 0 -0.134752	
7.19	1.0652e-16 0 -0.134752	
7.2	1.06542e-16 0 -0.134752	
7.21	1.0652e-16 0 -0.134752	
7.22	1.06529e-16 0 -0.134752	
7.23	1.071e-16 0 -0.134752	
7.24	1.06529e-16 0 -0.134752	
7.25	1.0652e-16 0 -0.134752	
7.26	1.0652e-16 0 -0.134752	
7.27	1.06529e-16 0 -0.134752	
7.28	1.06529e-16 0 -0.134752	
7.29	1.0652e-16 0 -0.134752	
7.3	1.0652e-16 0 -0.134752	
7.31	1.06529e-16 0 -0.134752	
7.32	1.0652e-16 0 -0.134752	
7.33	1.0652e-16 0 -0.134752	
7.34	1.0652e-16 0 -0.134752	
7.35	1.0652e-16 0 -0.134752	
7.36	1.0652e-16 0 -0.134752	
7.37	1.0652e-16 0 -0.134752	
7.38	1.0652e-16 0 -0.134752	
7.39	1.0652e-16 0 -0.134752	
7.4	1.06511e-16 0 -0.134752	
7.41	1.0652e-16 0 -0.134752	
7.42	1.0652e-16 0 -0.134752	
7.43	1.0652e-16 0 -0.134752	
7.44	1.0652e-16 0 -0.134752	
7.45	1.06498e-16 0 -0.134752	
7.46	1.0652e-16 0 -0.134752	
7.47	1.0652e-16 0 -0.134752	
7.48	1.0652e-16 0 -0.134752	
7.49	1.06542e-16 0 -0.134752	
7.5	1.0652e-16 0 -0.134752	
7.51	1.06529e-16 0 -0.134752	
7.52	1.0652e-16 0 -0.134752	
7.53	1.06529e-16 0 -0.134752	
7.54	1.0652e-16 0 -0.134752	
7.55	1.0652e-16 0 -0.134752	
7.56	1.0652e-16 0 -0.134752	
7.57	1.0652e-16 0 -0.134752	
7.58	1.06529e-16 0 -0.134752	
7.59	1.0652e-16 0 -0.134752	
7.6	1.0652e-16 0 -0.134752	
7.61	1.06529e-16 0 -0.134752	
7.62	1.0652e-16 0 -0.134752	
7.63	1.0652e-16 0 -0.134752	
7.64	1.0652e-16 0 -0.134752	
7.65	1.0652e-16 0 -0.134752	
7.66	1.06542e-16 0 -0.134752	
7.67	1.0652e-16 0 -0.134752	
7.68	1.06511e-16 0 -0.134752	
7.69	1.0652e-16 0 -0.134752	
7.7	1.06529e-16 0 -0.134752	
7.71	1.0652e-16 0 -0.134752	
7.72	1.0652e-16 0 -0.134752	
7.73	1.0652e-16 0 -0.134752	
7.74	1.0652e-16 0 -0.134752	
7.75	1.0652e-16 0 -0.134752	
7.76	1.0652e-16 0 -0.134752	
7.77	1.06529e-16 0 -0.134752	
7.78	1.0652e-16 0 -0.134752	
7.79	1.20409e-16 0 -0.134752	
7.8	1.20409e-16 0 -0.134752	
7.81	1.20409e-16 0 -0.134752	
7.82	1.2149e-16 0 -0.134752	
7.83	1.20392e-16 0 -0.134752	
7.84	1.20989e-16 0 -0.134752	
7.85	1.20678e-16 0 -0.134752	
7.86	1.20904e-16 0 -0.134752	
7.87	1.21109e-16 0 -0.134752	
7.88	1.21762e-16 0 -0.134752	
7.89	1.21321e-16 0 -0.134752	
7.9	1.21347e-16 0 -0.134752	
7.91	1.21941e-16 0 -0.134752	
7.92	1.21404e-16 0 -0.134752	
7.93	1.21957e-16 0 -0.134752	
7.94	1.21973e-16 0 -0.134752	
7.95	1.21963e-16 0 -0.134752	
7.96	1.2198e-16 0 -0.134752	
7.97	1.21493e-16 0 -0.134752	
7.98	1.22046e-16 0 -0.134752	
7.99	1.21493e-16 0 -0.134752	
8	1.22073e-16 0 -0.134752	
8.01	1.22099e-16 0 -0.134752	
8.02	1.22196e-16 0 -0.134752	
8.03	1.2179e-16 0 -0.134752	
8.04	1.22481e-16 0 -0.134752	
8.05	1.22583e-16 0 -0.134752	
8.06	1.22639e-16 0 -0.134752	
8.07	1.22156e-16 0 -0.134752	
8.08	1.22173e-16 0 -0.134752	
8.09	1.22783e-16 0 -0.134752	
8.1	1.22243e-16 0 -0.134752	
8.11	1.22243e-16 0 -0.134752	
8.12	1.2226e-16 0 -0.134752	
8.13	1.22824e-16 0 -0.134752	
8.14	1.22842e-16 0 -0.134752	
8.15	1.22813e-16 0 -0.134752	
8.16	1.22853e-16 0 -0.134752	
8.17	1.22301e-16 0 -0.134752	
8.18	1.2233e-16 0 -0.134752	
8.19	1.22581e-16 0 -0.134752	
8.2	1.22782e-16 0 -0.134752	
8.21	1.2297e-16 0 -0.134752	
8.22	1.23109e-16 0 -0.134752	
8.23	1.23205e-16 0 -0.134752	
8.24	1.2327e-16 0 -0.134752	
8.25	1.23874e-16 0 -0.134752	
8.26	1.23355e-16 0 -0.134752	
8.27	1.22835e-16 0 -0.134752	
8.28	1.22296e-16 0 -0.134752	
8.29	1.23374e-16 0 -0.134752	
8.3	1.2342e-16 0 -0.134752	
8.31	1.23387e-16 0 -0.134752	
8.32	1.22822e-16 0 -0.134752	
8.33	1.23433e-16 0 -0.134752	
8.34	1.23433e-16 0 -0.134752	
8.35	1.23433e-16 0 -0.134752	
8.36	1.23447e-16 0 -0.134752	
8.37	1.23433e-16 0 -0.134752	
8.38	1.23433e-16 0 -0.134752	
8.39	1.23433e-16 0 -0.134752	
8.4	1.23433e-16 0 -0.134752	
8.41	1.23433e-16 0 -0.134752	
8.42	1.23433e-16 0 -0.134752	
8.43	1.23387e-16 0 -0.134752	
8.44	1.2342e-16 0 -0.134752	
8.45	1.23433e-16 0 -0.134752	
8.46	1.2342e-16 0 -0.134752	
8.47	1.23959e-16 0 -0.134752	
8.48	1.23447e-16 0 -0.134752	
8.49	1.24045e-16 0 -0.134752	
8.5	1.2342e-16 0 -0.134752	
8.51	1.23513e-16 0 -0.134752	
8.52	1.23612e-16 0 -0.134752	
8.53	1.23666e-16 0 -0.134752	
8.54	1.23821e-16 0 -0.134752	
8.55	1.2463e-16 0 -0.134752	
8.56	1.25667e-16 0 -0.134752	
8.57	1.2652e-16 0 -0.134752	
8.58	1.27152e-16 0 -0.134752	
8.59	1.27264e-16 0 -0.134752	
8.6	1.27778e-16 0 -0.134752	
8.61	1.28111e-16 0 -0.134752	
8.62	1.28276e-16 0 -0.134752	
8.63	1.27864e-16 0 -0.134752	
8.64	1.28459e-16 0 -0.134752	
8.65	1.27957e-16 0 -0.134752	
8.66	1.28598e-16 0 -0.134752	
8.67	1.28049e-16 0 -0.134752	
8.68	1.28049e-16 0 -0.134752	
8.69	1.28644e-16 0 -0.134752	
8.7	1.2923e-16 0 -0.134752	
8.71	1.2923e-16 0 -0.134752	
8.72	1.29276e-16 0 -0.134752	
8.73	1.29778e-16 0 -0.134752	
8.74	1.29276e-16 0 -0.134752	
8.75	1.29824e-16 0 -0.134752	
8.76	1.29276e-16 0 -0.134752	
8.77	1.37355e-16 0 -0.134752	
8.78	1.40898e-16 0 -0.134752	
8.79	1.43287e-16 0 -0.134752	
8.8	1.45585e-16 0 -0.134752	
8.81	1.45747e-16 0 -0.134752	
8.82	1.43979e-16 0 -0.134752	
8.83	1.41432e-16 0 -0.134752	
8.84	1.38999e-16 0 -0.134752	
8.85	1.36802e-16 0 -0.134752	
8.86	1.34619e-16 0 -0.134752	
8.87	1.32879e-16 0 -0.134752	
8.88	1.31985e-16 0 -0.134752	
8.89	1.28834e-16 0 -0.134752	
8.9	1.26424e-16 0 -0.134752	
8.91	1.23143e-16 0 -0.134752	
8.92	1.20042e-16 0 -0.134752	
8.93	1.15843e-16 0 -0.134752	
8.94	1.09606e-16 0 -0.134752	
8.95	1.0681e-16 0 -0.134752	
8.96	1.06403e-16 0 -0.134752	
8.97	1.06116e-16 0 -0.134752	
8.98	1.07179e-16 0 -0.134752	
8.99	1.08151e-16 0 -0.134752	
9	1.05162e-16 0 -0.134752	
9.01	9.57429e-17 0 -0.134752	
9.02	8.19837e-17 0 -0.134752	
9.03	7.02426e-17 0 -0.134752	
9.04	6.26749e-17 0 -0.134752	
9.05	5.88395e-17 0 -0.134752	
9.06	5.63509e-17 0 -0.134752	
9.07	5.37355e-17 0 -0.134752	
9.08	5.08092e-17 0 -0.134752	
9.09	4.92551e-17 0 -0.134752	
9.1	4.7492e-17 0 -0.134752	
9.11	4.72896e-17 0 -0.134752	
9.12	4.67484e-17 0 -0.134752	
9.13	4.72154e-17 0 -0.134752	
9.14	4.71815e-17 0 -0.134752	
9.15	4.83109e-17 0 -0.134752	
9.16	4.88419e-17 0 -0.134752	
9.17	4.97507e-17 0 -0.134752	
9.18	5.20721e-17 0 -0.134752	
9.19	5.58141e-17 0 -0.134752	
9.2	6.37067e-17 0 -0.134752	
9.21	7.38999e-17 0 -0.134752	
9.22	8.56218e-17 0 -0.134752	
9.23	9.59478e-17 0 -0.134752	
9.24	1.06841e-16 0 -0.134752	
9.25	1.16673e-16 0 -0.134752	
9.26	1.24944e-16 0 -0.134752	
9.27	1.32101e-16 0 -0.134752	
9.28	1.40746e-16 0 -0.134752	
9.29	1.49657e-16 0 -0.134752	
9.3	1.56705e-16 0 -0.134752	
9.31	1.62668e-16 0 -0.134752	
9.32	1.66159e-16 0 -0.134752	
9.33	1.68264e-16 0 -0.134752	
9.34	1.69495e-16 0 -0.134752	
9.35	1.70504e-16 0 -0.134752	
9.36	1.71206e-16 0 -0.134752	
9.37	1.72773e-16 0 -0.134752	
9.38	1.74676e-16 0 -0.134752	
9.39	1.76385e-16 0 -0.134752	
9.4	1.77734e-16 0 -0.134752	
9.41	1.79773e-16 0 -0.134752	
9.42	1.81975e-16 0 -0.134752	
9.43	1.83328e-16 0 -0.134752	
9.44	1.84546e-16 0 -0.134752	
9.45	1.85618e-16 0 -0.134752	
9.46	1.8664e-16 0 -0.134752	
9.47	1.90112e-16 0 -0.134752	
9.48	1.94257e-16 0 -0.134752	
9.49	1.96549e-16 0 -0.134752	
9.5	1.96297e-16 0 -0.134752	
9.51	1.95574e-16 0 -0.134752	
9.52	1.94528e-16 0 -0.134752	
9.53	1.91975e-16 0 -0.134752	
9.54	1.89654e-16 0 -0.134752	
9.55	1.86998e-16 0 -0.134752	
9.56	1.83359e-16 0 -0.134752	
9.57	1.80373e-16 0 -0.134752	
9.58	1.7745e-16 0 -0.134752	
9.59	1.75815e-16 0 -0.134752	
9.6	1.73771e-16 0 -0.134752	
9.61	1.70945e-16 0 -0.134752	
9.62	1.66415e-16 0 -0.134752	
9.63	1.62472e-16 0 -0.134752	
9.64	1.57171e-16 0 -0.134752	
9.65	1.52186e-16 0 -0.134752	
9.66	1.49769e-16 0 -0.134752	
9.67	1.48381e-16 0 -0.134752	
9.68	1.47166e-16 0 -0.134752	
9.69	1.45209e-16 0 -0.134752	
9.7	1.43055e-16 0 -0.134752	
9.71	1.39636e-16 0 -0.134752	
9.72	1.35841e-16 0 -0.134752	
9.73	1.3039e-16 0 -0.134752	
9.74	1.24899e-16 0 -0.134752	
9.75	1.20447e-16 0 -0.134752	
9.76	1.17797e-16 0 -0.134752	
9.77	1.15016e-16 0 -0.134752	
9.78	1.12508e-16 0 -0.134752	
9.79	1.10047e-16 0 -0.134752	
9.8	1.08338e-16 0 -0.134752	
9.81	1.07005e-16 0 -0.134752	
9.82	1.06783e-16 0 -0.134752	
9.83	1.07117e-16 0 -0.134752	
9.84	1.07452e-16 0 -0.134752	
9.85	1.07452e-16 0 -0.134752	
9.86	1.07829e-16 0 -0.134752	
9.87	1.08962e-16 0 -0.134752	
9.88	1.10093e-16 0 -0.134752	
9.89	1.11024e-16 0 -0.134752	
9.9	1.11579e-16 0 -0.134752	
9.91	1.11529e-16 0 -0.134752	
9.92	1.11401e-16 0 -0.134752	
9.93	1.09404e-16 0 -0.134752	
9.94	1.07782e-16 0 -0.134752	
9.95	1.06108e-16 0 -0.134752	
9.96	1.04155e-16 0 -0.134752	
9.97	1.02707e-16 0 -0.134752	
9.98	1.00345e-16 0 -0.134752	
9.99	9.74214e-17 0 -0.134752	
10	9.52109e-17 0 -0.134752	
10.01	9.31765e-17 0 -0.134752	
10.02	9.17008e-17 0 -0.134752	
10.03	9.06037e-17 0 -0.134752	
10.04	8.89487e-17 0 -0.134752	
10.05	8.87709e-17 0 -0.134752	
10.06	8.8722e-17 0 -0.134752	
10.07	8.87746e-17 0 -0.134752	
10.08	8.81628e-17 0 -0.134752	
10.09	8.82136e-17 0 -0.134752	
10.1	8.87765e-17 0 -0.134752	
10.11	8.87258e-17 0 -0.134752	
10.12	8.93373e-17 0 -0.134752	
10.13	9.06379e-17 0 -0.134752	
10.14	9.11983e-17 0 -0.134752	
10.15	9.15569e-17 0 -0.134752	
10.16	9.26547e-17 0 -0.134752	
10.17	9.33696e-17 0 -0.134752	
10.18	9.40356e-17 0 -0.134752	
10.19	9.51845e-17 0 -0.134752	
10.2	9.53617e-17 0 -0.134752	
10.21	9.58986e-17 0 -0.134752	
10.22	9.64353e-17 0 -0.134752	
10.23	9.71525e-17 0 -0.134752	
10.24	9.76418e-17 0 -0.134752	
10.25	9.80011e-17 0 -0.134752	
10.26	9.81816e-17 0 -0.134752	
10.27	9.89503e-17 0 -0.134752	
10.28	9.92385e-17 0 -0.134752	
10.29	1.00135e-16 0 -0.134752	
10.3	1.00852e-16 0 -0.134752	
10.31	1.00654e-16 0 -0.134752	
10.32	1.01241e-16 0 -0.134752	
10.33	1.01729e-16 0 -0.134752	
10.34	1.02113e-16 0 -0.134752	
10.35	1.0283e-16 0 -0.134752	
10.36	1.03546e-16 0 -0.134752	
10.37	1.04262e-16 0 -0.134752	
10.38	1.0493e-16 0 -0.134752	
10.39	1.05875e-16 0 -0.134752	
10.4	1.07074e-16 0 -0.134752	
10.41	1.06854e-16 0 -0.134752	
10.42	1.08095e-16 0 -0.134752	
10.43	1.08783e-16 0 -0.134752	
10.44	1.09645e-16 0 -0.134752	
10.45	1.10332e-16 0 -0.134752	
10.46	1.11245e-16 0 -0.134752	
10.47	1.1155e-16 0 -0.134752	
10.48	1.1168e-16 0 -0.134752	
10.49	1.11633e-16 0 -0.134752	
10.5	1.11357e-16 0 -0.134752	
10.51	1.11686e-16 0 -0.134752	
10.52	1.11639e-16 0 -0.134752	
10.53	1.12145e-16 0 -0.134752	
10.54	1.12829e-16 0 -0.134752	
10.55	1.1316e-16 0 -0.134752	
10.56	1.13313e-16 0 -0.134752	
10.57	1.13266e-16 0 -0.134752	
10.58	1.13219e-16 0 -0.134752	
10.59	1.1408e-16 0 -0.134752	
10.6	1.14211e-16 0 -0.134752	
10.61	1.14519e-16 0 -0.134752	
10.62	1.1465e-16 0 -0.134752	
10.63	1.14655e-16 0 -0.134752	
10.64	1.13651e-16 0 -0.134752	
10.65	1.13782e-16 0 -0.134752	
10.66	1.13914e-16 0 -0.134752	
10.67	1.14421e-16 0 -0.134752	
10.68	1.14576e-16 0 -0.134752	
10.69	1.14353e-16 0 -0.134752	
10.7	1.1431e-16 0 -0.134752	
10.71	1.14441e-16 0 -0.134752	
10.72	1.1495e-16 0 -0.134752	
10.73	1.14727e-16 0 -0.134752	
10.74	1.14329e-16 0 -0.134752	
10.75	1.14307e-16 0 -0.134752	
10.76	1.14638e-16 0 -0.134752	
10.77	1.1497e-16 0 -0.134752	
10.78	1.14697e-16 0 -0.134752	
10.79	1.15987e-16 0 -0.134752	
10.8	1.16444e-16 0 -0.134752	
10.81	1.16827e-16 0 -0.134752	
10.82	1.17334e-16 0 -0.134752	
10.83	1.17062e-16 0 -0.134752	
10.84	1.17996e-16 0 -0.134752	
10.85	1.18328e-16 0 -0.134752	
10.86	1.18681e-16 0 -0.134752	
10.87	1.18307e-16 0 -0.134752	
10.88	1.17932e-16 0 -0.134752	
10.89	1.18108e-16 0 -0.134752	
10.9	1.18285e-16 0 -0.134752	
10.91	1.18463e-16 0 -0.134752	
10.92	1.18088e-16 0 -0.134752	
10.93	1.18264e-16 0 -0.134752	
10.94	1.1897e-16 0 -0.134752	
10.95	1.19126e-16 0 -0.134752	
10.96	1.19207e-16 0 -0.134752	
10.97	1.19895e-16 0 -0.134752	
10.98	1.20404e-16 0 -0.134752	
10.99	1.19988e-16 0 -0.134752	
11	1.19945e-16 0 -0.134752	
11.01	1.19177e-16 0 -0.134752	
11.02	1.18426e-16 0 -0.134752	
11.03	1.18052e-16 0 -0.134752	
11.04	1.18357e-16 0 -0.134752	
11.05	1.18107e-16 0 -0.134752	
11.06	1.18992e-16 0 -0.134752	
11.07	1.20054e-16 0 -0.134752	
11.08	1.20281e-16 0 -0.134752	
11.09	1.20468e-16 0 -0.134752	
11.1	1.20128e-16 0 -0.134752	
11.11	1.20664e-16 0 -0.134752	
11.12	1.19997e-16 0 -0.134752	
11.13	1.19028e-16 0 -0.134752	
11.14	1.19112e-16 0 -0.134752	
11.15	1.18515e-16 0 -0.134752	
11.16	1.19004e-16 0 -0.134752	
11.17	1.19116e-16 0 -0.134752	
11.18	1.19708e-16 0 -0.134752	
11.19	1.20123e-16 0 -0.134752	
11.2	1.19757e-16 0 -0.134752	
11.21	1.19822e-16 0 -0.134752	
11.22	1.19332e-16 0 -0.134752	
11.23	1.18668e-16 0 -0.134752	
11.24	1.17999e-16 0 -0.134752	
11.25	1.17509e-16 0 -0.134752	
11.26	1.16518e-16 0 -0.134752	
11.27	1.14918e-16 0 -0.134752	
11.28	1.13519e-16 0 -0.134752	
11.29	1.1146e-16 0 -0.134752	
11.3	1.09595e-16 0 -0.134752	
11.31	1.08611e-16 0 -0.134752	
11.32	1.07501e-16 0 -0.134752	
11.33	1.06565e-16 0 -0.134752	
11.34	1.06188e-16 0 -0.134752	
11.35	1.05632e-16 0 -0.134752	
11.36	1.05633e-16 0 -0.134752	
11.37	1.05026e-16 0 -0.134752	
11.38	1.05026e-16 0 -0.134752	
11.39	1.04976e-16 0 -0.134752	
11.4	1.05688e-16 0 -0.134752	
11.41	1.06201e-16 0 -0.134752	
11.42	1.06358e-16 0 -0.134752	
11.43	1.06337e-16 0 -0.134752	
11.44	1.05887e-16 0 -0.134752	
11.45	1.06224e-16 0 -0.134752	
11.46	1.06359e-16 0 -0.134752	
11.47	1.06315e-16 0 -0.134752	
11.48	1.066e-16 0 -0.134752	
11.49	1.06584e-16 0 -0.134752	
11.5	1.07353e-16 0 -0.134752	
11.51	1.08171e-16 0 -0.134752	
11.52	1.0881e-16 0 -0.134752	
11.53	1.09449e-16 0 -0.134752	
11.54	1.0958e-16 0 -0.134752	
11.55	1.09284e-16 0 -0.134752	
11.56	1.09086e-16 0 -0.134752	
11.57	1.09146e-16 0 -0.134752	
11.58	1.08495e-16 0 -0.134752	
11.59	1.08225e-16 0 -0.134752	
11.6	1.07018e-16 0 -0.134752	
11.61	1.05809e-16 0 -0.134752	
11.62	1.04803e-16 0 -0.134752	
11.63	1.03033e-16 0 -0.134752	
11.64	1.01334e-16 0 -0.134752	
11.65	1.0057e-16 0 -0.134752	
11.66	9.88905e-17 0 -0.134752	
11.67	9.84879e-17 0 -0.134752	
11.68	9.88228e-17 0 -0.134752	
11.69	9.91351e-17 0 -0.134752	
11.7	9.92413e-17 0 -0.134752	
11.71	9.87935e-17 0 -0.134752	
11.72	9.88501e-17 0 -0.134752	
11.73	9.87596e-17 0 -0.134752	
11.74	9.86636e-17 0 -0.134752	
11.75	9.81811e-17 0 -0.134752	
11.76	9.75311e-17 0 -0.134752	
11.77	9.65103e-17 0 -0.134752	
11.78	9.47561e-17 0 -0.134752	
11.79	9.35111e-17 0 -0.134752	
11.8	9.28669e-17 0 -0.134752	
11.81	9.22295e-17 0 -0.134752	
11.82	9.27127e-17 0 -0.134752	
11.83	9.31375e-17 0 -0.134752	
11.84	9.43584e-17 0 -0.134752	
11.85	9.42891e-17 0 -0.134752	
11.86	9.49233e-17 0 -0.134752	
11.87	9.52348e-17 0 -0.134752	
11.88	9.55362e-17 0 -0.134752	
11.89	9.65857e-17 0 -0.134752	
11.9	9.72438e-17 0 -0.134752	
11.91	9.76616e-17 0 -0.134752	
11.92	9.76173e-17 0 -0.134752	
11.93	9.8251e-17 0 -0.134752	
11.94	9.77057e-17 0 -0.134752	
11.95	9.65302e-17 0 -0.134752	
11.96	9.48858e-17 0 -0.134752	
11.97	9.31568e-17 0 -0.134752	
11.98	9.25117e-17 0 -0.134752	
11.99	9.12905e-17 0 -0.134752	
12	9.05947e-17 0 -0.134752	
12.01	9.01102e-17 0 -0.134752	
12.02	8.94448e-17 0 -0.134752	
12.03	8.87774e-17 0 -0.134752	
12.04	8.86517e-17 0 -0.134752	
12.05	8.78009e-17 0 -0.134752	
12.06	8.71712e-17 0 -0.134752	
12.07	8.59635e-17 0 -0.134752	
12.08	8.49978e-17 0 -0.134752	
12.09	8.4594e-17 0 -0.134752	
12.1	8.39893e-17 0 -0.134752	
12.11	8.34267e-17 0 -0.134752	
12.12	8.28639e-17 0 -0.134752	
12.13	8.34052e-17 0 -0.134752	
12.14	8.28905e-17 0 -0.134752	
12.15	8.28424e-17 0 -0.134752	
12.16	8.26381e-17 0 -0.134752	
12.17	8.29749e-17 0 -0.134752	
12.18	8.31549e-17 0 -0.134752	
12.19	8.41594e-17 0 -0.134752	
12.2	8.47195e-17 0 -0.134752	
12.21	8.47537e-17 0 -0.134752	
12.22	8.50373e-17 0 -0.134752	
12.23	8.47823e-17 0 -0.134752	
12.24	8.48861e-17 0 -0.134752	
12.25	8.42227e-17 0 -0.134752	
12.26	8.32253e-17 0 -0.134752	
12.27	8.279e-17 0 -0.134752	
12.28	8.27386e-17 0 -0.134752	
12.29	8.2072e-17 0 -0.134752	
12.3	8.1585e-17 0 -0.134752	
12.31	7.93821e-17 0 -0.134752	
12.32	7.6254e-17 0 -0.134752	
12.33	7.06594e-17 0 -0.134752	
12.34	6.66661e-17 0 -0.134752	
12.35	6.2676e-17 0 -0.134752	
12.36	5.95553e-17 0 -0.134752	
12.37	5.69449e-17 0 -0.134752	
12.38	5.4542e-17 0 -0.134752	
12.39	5.17756e-17 0 -0.134752	
12.4	4.88039e-17 0 -0.134752	
12.41	4.60817e-17 0 -0.134752	
12.42	4.41952e-17 0 -0.134752	
12.43	4.31803e-17 0 -0.134752	
12.44	4.3384e-17 0 -0.134752	
12.45	4.33317e-17 0 -0.134752	
12.46	4.32486e-17 0 -0.134752	
12.47	4.29403e-17 0 -0.134752	
12.48	4.37626e-17 0 -0.134752	
12.49	4.41953e-17 0 -0.134752	
12.5	4.34808e-17 0 -0.134752	
12.51	4.3334e-17 0 -0.134752	
12.52	4.30042e-17 0 -0.134752	
12.53	4.28442e-17 0 -0.134752	
12.54	4.28614e-17 0 -0.134752	
12.55	4.20188e-17 0 -0.134752	
12.56	4.17835e-17 0 -0.134752	
12.57	4.14718e-17 0 -0.134752	
12.58	4.11189e-17 0 -0.134752	
12.59	4.13728e-17 0 -0.134752	
12.6	4.08049e-17 0 -0.134752	
12.61	4.11922e-17 0 -0.134752	
12.62	4.08251e-17 0 -0.134752	
12.63	4.04543e-17 0 -0.134752	
12.64	3.98992e-17 0 -0.134752	
12.65	3.98641e-17 0 -0.134752	
12.66	3.91678e-17 0 -0.134752	
12.67	3.9302e-17 0 -0.134752	
12.68	3.9126e-17 0 -0.134752	
12.69	3.86284e-17 0 -0.134752	
12.7	3.8029e-17 0 -0.134752	
12.71	3.78682e-17 0 -0.134752	
12.72	3.76491e-17 0 -0.134752	
12.73	3.74246e-17 0 -0.134752	
12.74	3.72526e-17 0 -0.134752	
12.75	3.7647e-17 0 -0.134752	
12.76	3.68395e-17 0 -0.134752	
12.77	3.73484e-17 0 -0.134752	
12.78	3.75556e-17 0 -0.134752	
12.79	3.68627e-17 0 -0.134752	
12.8	3.72436e-17 0 -0.134752	
12.81	3.65475e-17 0 -0.134752	
12.82	3.62893e-17 0 -0.134752	
12.83	3.6092e-17 0 -0.134752	
12.84	3.61715e-17 0 -0.134752	
12.85	3.5503e-17 0 -0.134752	
12.86	3.54354e-17 0 -0.134752	
12.87	3.53675e-17 0 -0.134752	
12.88	3.51878e-17 0 -0.134752	
12.89	3.55917e-17 0 -0.134752	
12.9	3.4883e-17 0 -0.134752	
12.91	3.46989e-17 0 -0.134752	
12.92	3.45988e-17 0 -0.134752	
12.93	3.52003e-17 0 -0.134752	
12.94	3.45904e-17 0 -0.134752	
12.95	3.44428e-17 0 -0.134752	
12.96	3.43685e-17 0 -0.134752	
12.97	3.42189e-17 0 -0.134752	
12.98	3.43204e-17 0 -0.134752	
12.99	3.42029e-17 0 -0.134752	
13	3.46603e-17 0 -0.134752	
13.01	3.45836e-17 0 -0.134752	
13.02	3.45065e-17 0 -0.134752	
13.03	3.37836e-17 0 -0.134752	
13.04	3.433e-17 0 -0.134752	
13.05	3.41341e-17 0 -0.134752	
13.06	3.40544e-17 0 -0.134752	
13.07	3.39743e-17 0 -0.134752	
13.08	3.3732e-17 0 -0.134752	
13.09	3.41361e-17 0 -0.134752	
13.1	3.45387e-17 0 -0.134752	
13.11	3.38888e-17 0 -0.134752	
13.12	3.41138e-17 0 -0.134752	
13.13	3.39459e-17 0 -0.134752	
13.14	3.43437e-17 0 -0.134752	
13.15	3.36064e-17 0 -0.134752	
13.16	3.40874e-17 0 -0.134752	
13.17	3.40013e-17 0 -0.134752	
13.18	3.39149e-17 0 -0.134752	
13.19	3.38281e-17 0 -0.134752	
13.2	3.38684e-17 0 -0.134752	
13.21	3.45226e-17 0 -0.134752	
13.22	3.44825e-17 0 -0.134752	
13.23	3.43072e-17 0 -0.134752	
13.24	3.48253e-17 0 -0.134752	
13.25	3.4608e-17 0 -0.134752	
13.26	3.5085e-17 0 -0.134752	
13.27	3.55615e-17 0 -0.134752	
13.28	3.54715e-17 0 -0.134752	
13.29	3.52907e-17 0 -0.134752	
13.3	3.57657e-17 0 -0.134752	
13.31	3.61879e-17 0 -0.134752	
13.32	3.73189e-17 0 -0.134752	
13.33	3.78736e-17 0 -0.134752	
13.34	3.76484e-17 0 -0.134752	
13.35	3.81201e-17 0 -0.134752	
13.36	3.85361e-17 0 -0.134752	
13.37	3.89893e-17 0 -0.134752	
13.38	3.89707e-17 0 -0.134752	
13.39	3.9515e-17 0 -0.134752	
13.4	3.93204e-17 0 -0.134752	
13.41	3.96887e-17 0 -0.134752	
13.42	3.94914e-17 0 -0.134752	
13.43	3.98567e-17 0 -0.134752	
13.44	3.97569e-17 0 -0.134752	
13.45	4.01199e-17 0 -0.134752	
13.46	4.05115e-17 0 -0.134752	
13.47	4.09743e-17 0 -0.134752	
13.48	4.09743e-17 0 -0.134752	
13.49	4.1045e-17 0 -0.134752	
13.5	4.1045e-17 0 -0.134752	
13.51	4.09433e-17 0 -0.134752	
13.52	4.09433e-17 0 -0.134752	
13.53	4.08414e-17 0 -0.134752	
13.54	4.10131e-17 0 -0.134752	
13.55	4.11848e-17 0 -0.134752	
13.56	4.10824e-17 0 -0.134752	
13.57	4.09797e-17 0 -0.134752	
13.58	4.15805e-17 0 -0.134752	
13.59	4.15429e-17 0 -0.134752	
13.6	4.20404e-17 0 -0.134752	
13.61	4.1833e-17 0 -0.134752	
13.62	4.25672e-17 0 -0.134752	
13.63	4.23583e-17 0 -0.134752	
13.64	4.2921e-17 0 -0.134752	
13.65	4.33786e-17 0 -0.134752	
13.66	4.31675e-17 0 -0.134752	
13.67	4.37299e-17 0 -0.134752	
13.68	4.35174e-17 0 -0.134752	
13.69	4.39728e-17 0 -0.134752	
13.7	4.41499e-17 0 -0.134752	
13.71	4.41499e-17 0 -0.134752	
13.72	4.44959e-17 0 -0.134752	
13.73	4.4986e-17 0 -0.134752	
13.74	4.54387e-17 0 -0.134752	
13.75	4.51834e-17 0 -0.134752	
13.76	4.511e-17 0 -0.134752	
13.77	4.48301e-17 0 -0.134752	
13.78	4.50749e-17 0 -0.134752	
13.79	4.55618e-17 0 -0.134752	
13.8	4.54143e-17 0 -0.134752	
13.81	4.54143e-17 0 -0.134752	
13.82	4.59214e-17 0 -0.134752	
13.83	4.53605e-17 0 -0.134752	
13.84	4.59576e-17 0 -0.134752	
13.85	4.59215e-17 0 -0.134752	
13.86	4.58093e-17 0 -0.134752	
13.87	4.56968e-17 0 -0.134752	
13.88	4.56968e-17 0 -0.134752	
13.89	4.57328e-17 0 -0.134752	
13.9	4.55068e-17 0 -0.134752	
13.91	4.54482e-17 0 -0.134752	
13.92	4.51836e-17 0 -0.134752	
13.93	4.43932e-17 0 -0.134752	
13.94	4.47579e-17 0 -0.134752	
13.95	4.45251e-17 0 -0.134752	
13.96	4.42911e-17 0 -0.134752	
13.97	4.40206e-17 0 -0.134752	
13.98	4.38193e-17 0 -0.134752	
13.99	4.3749e-17 0 -0.134752	
14	4.35097e-17 0 -0.134752	
14.01	4.33896e-17 0 -0.134752	
14.02	4.32692e-17 0 -0.134752	
14.03	4.31833e-17 0 -0.134752	
14.04	4.30971e-17 0 -0.134752	
14.05	4.35698e-17 0 -0.134752	
14.06	4.34828e-17 0 -0.134752	
14.07	4.39102e-17 0 -0.134752	
14.08	4.40575e-17 0 -0.134752	
14.09	4.41279e-17 0 -0.134752	
14.1	4.40401e-17 0 -0.134752	
14.11	4.41986e-17 0 -0.134752	
14.12	4.37109e-17 0 -0.134752	
14.13	4.36235e-17 0 -0.134752	
14.14	4.36592e-17 0 -0.134752	
14.15	4.37825e-17 0 -0.134752	
14.16	4.38185e-17 0 -0.134752	
14.17	4.38185e-17 0 -0.134752	
14.18	4.32596e-17 0 -0.134752	
14.19	4.31363e-17 0 -0.134752	
14.2	4.27006e-17 0 -0.134752	
14.21	4.32596e-17 0 -0.134752	
14.22	4.28672e-17 0 -0.134752	
14.23	4.30337e-17 0 -0.134752	
14.24	4.37592e-17 0 -0.134752	
14.25	4.32433e-17 0 -0.134752	
14.26	4.34522e-17 0 -0.134752	
14.27	4.34941e-17 0 -0.134752	
14.28	4.38625e-17 0 -0.134752	
14.29	4.39802e-17 0 -0.134752	
14.3	4.42221e-17 0 -0.134752	
14.31	4.41706e-17 0 -0.134752	
14.32	4.41152e-17 0 -0.134752	
14.33	4.38958e-17 0 -0.134752	
14.34	4.3639e-17 0 -0.134752	
14.35	4.35459e-17 0 -0.134752	
14.36	4.32871e-17 0 -0.134752	
14.37	4.3027e-17 0 -0.134752	
14.38	4.29322e-17 0 -0.134752	
14.39	4.25055e-17 0 -0.134752	
14.4	4.22453e-17 0 -0.134752	
14.41	4.20779e-17 0 -0.134752	
14.42	4.19815e-17 0 -0.134752	
14.43	4.18492e-17 0 -0.134752	
14.44	4.21092e-17 0 -0.134752	
14.45	4.14551e-17 0 -0.134752	
14.46	4.14194e-17 0 -0.134752	
14.47	4.1455e-17 0 -0.134752	
14.48	4.19142e-17 0 -0.134752	
14.49	4.10599e-17 0 -0.134752	
14.5	4.05682e-17 0 -0.134752	
14.51	4.06639e-17 0 -0.134752	
14.52	3.9354e-17 0 -0.134752	
14.53	3.83714e-17 0 -0.134752	
14.54	3.66369e-17 0 -0.134752	
14.55	3.41799e-17 0 -0.134752	
14.56	3.2545e-17 0 -0.134752	
14.57	3.13348e-17 0 -0.134752	
14.58	3.0682e-17 0 -0.134752	
14.59	3.10277e-17 0 -0.134752	
14.6	3.24781e-17 0 -0.134752	
14.61	3.40613e-17 0 -0.134752	
14.62	3.60972e-17 0 -0.134752	
14.63	3.69258e-17 0 -0.134752	
14.64	3.66685e-17 0 -0.134752	
14.65	3.73479e-17 0 -0.134752	
14.66	3.74329e-17 0 -0.134752	
14.67	3.71568e-17 0 -0.134752	
14.68	3.69905e-17 0 -0.134752	
14.69	3.63413e-17 0 -0.134752	
14.7	3.542e-17 0 -0.134752	
14.71	3.49028e-17 0 -0.134752	
14.72	3.40242e-17 0 -0.134752	
14.73	3.43933e-17 0 -0.134752	
14.74	3.42035e-17 0 -0.134752	
14.75	3.47392e-17 0 -0.134752	
14.76	3.52769e-17 0 -0.134752	
14.77	3.694e-17 0 -0.134752	
14.78	3.80438e-17 0 -0.134752	
14.79	3.94731e-17 0 -0.134752	
14.8	4.05039e-17 0 -0.134752	
14.81	4.16974e-17 0 -0.134752	
14.82	4.24917e-17 0 -0.134752	
14.83	4.3448e-17 0 -0.134752	
14.84	4.40827e-17 0 -0.134752	
14.85	4.41566e-17 0 -0.134752	
14.86	4.40704e-17 0 -0.134752	
14.87	4.42492e-17 0 -0.134752	
14.88	4.48869e-17 0 -0.134752	
14.89	4.56865e-17 0 -0.134752	
14.9	4.64074e-17 0 -0.134752	
14.91	4.75507e-17 0 -0.134752	
14.92	4.80313e-17 0 -0.134752	
14.93	4.79499e-17 0 -0.134752	
14.94	4.81707e-17 0 -0.134752	
14.95	4.84294e-17 0 -0.134752	
14.96	4.80269e-17 0 -0.134752	
14.97	4.74635e-17 0 -0.134752	
14.98	4.77846e-17 0 -0.134752	
14.99	4.77843e-17 0 -0.134752	
15	4.73823e-17 0 -0.134752	
15.01	4.67536e-17 0 -0.134752	
15.02	4.59619e-17 0 -0.134752	
15.03	4.57317e-17 0 -0.134752	
15.04	4.49362e-17 0 -0.134752	
15.05	4.43799e-17 0 -0.134752	
15.06	4.43483e-17 0 -0.134752	
15.07	4.45537e-17 0 -0.134752	
15.08	4.48745e-17 0 -0.134752	
15.09	4.56056e-17 0 -0.134752	
15.1	4.65649e-17 0 -0.134752	
15.11	4.74995e-17 0 -0.134752	
15.12	4.85779e-17 0 -0.134752	
15.13	4.90168e-17 0 -0.134752	
15.14	4.85603e-17 0 -0.134752	
15.15	4.79431e-17 0 -0.134752	
15.16	4.80216e-17 0 -0.134752	
15.17	4.74947e-17 0 -0.134752	
15.18	4.6969e-17 0 -0.134752	
15.19	4.64874e-17 0 -0.134752	
15.2	4.57624e-17 0 -0.134752	
15.21	4.4719e-17 0 -0.134752	
15.22	4.33901e-17 0 -0.134752	
15.23	4.22322e-17 0 -0.134752	
15.24	4.14381e-17 0 -0.134752	
15.25	3.96017e-17 0 -0.134752	
15.26	3.8094e-17 0 -0.134752	
15.27	3.6835e-17 0 -0.134752	
15.28	3.59847e-17 0 -0.134752	
15.29	3.61926e-17 0 -0.134752	
15.3	3.73644e-17 0 -0.134752	
15.31	3.813e-17 0 -0.134752	
15.32	3.78505e-17 0 -0.134752	
15.33	3.7556e-17 0 -0.134752	
15.34	3.74393e-17 0 -0.134752	
15.35	3.74386e-17 0 -0.134752	
15.36	3.76439e-17 0 -0.134752	
15.37	3.78265e-17 0 -0.134752	
15.38	3.81884e-17 0 -0.134752	
15.39	3.81483e-17 0 -0.134752	
15.4	3.84439e-17 0 -0.134752	
15.41	3.94199e-17 0 -0.134752	
15.42	3.92615e-17 0 -0.134752	
15.43	3.98286e-17 0 -0.134752	
15.44	4.01267e-17 0 -0.134752	
15.45	4.00137e-17 0 -0.134752	
15.46	3.98102e-17 0 -0.134752	
15.47	3.98102e-17 0 -0.134752	
15.48	4.04876e-17 0 -0.134752	
15.49	4.0219e-17 0 -0.134752	
15.5	3.97895e-17 0 -0.134752	
15.51	3.93147e-17 0 -0.134752	
15.52	3.92488e-17 0 -0.134752	
15.53	3.86155e-17 0 -0.134752	
15.54	3.85041e-17 0 -0.134752	
15.55	3.79164e-17 0 -0.134752	
15.56	3.74882e-17 0 -0.134752	
15.57	3.74067e-17 0 -0.134752	
15.58	3.82411e-17 0 -0.134752	
15.59	3.86505e-17 0 -0.134752	
15.6	3.89988e-17 0 -0.134752	
15.61	3.96732e-17 0 -0.134752	
15.62	4.02407e-17 0 -0.134752	
15.63	4.03989e-17 0 -0.134752	
15.64	4.05113e-17 0 -0.134752	
15.65	4.03531e-17 0 -0.134752	
15.66	4.08081e-17 0 -0.134752	
15.67	4.12173e-17 0 -0.134752	
15.68	4.17846e-17 0 -0.134752	
15.69	4.17846e-17 0 -0.134752	
15.7	4.19427e-17 0 -0.134752	
15.71	4.25099e-17 0 -0.134752	
15.72	4.25098e-17 0 -0.134752	
15.73	4.30769e-17 0 -0.134752	
15.74	4.24641e-17 0 -0.134752	
15.75	4.25098e-17 0 -0.134752	
15.76	4.25708e-17 0 -0.134752	
15.77	4.30312e-17 0 -0.134752	
15.78	4.3705e-17 0 -0.134752	
15.79	4.40529e-17 0 -0.134752	
15.8	4.40529e-17 0 -0.134752	
15.81	4.46198e-17 0 -0.134752	
15.82	4.46198e-17 0 -0.134752	
15.83	4.43039e-17 0 -0.134752	
15.84	4.38902e-17 0 -0.134752	
15.85	4.36719e-17 0 -0.134752	
15.86	4.38248e-17 0 -0.134752	
15.87	4.26251e-17 0 -0.134752	
15.88	4.12012e-17 0 -0.134752	
15.89	3.9293e-17 0 -0.134752	
15.9	3.66916e-17 0 -0.134752	
15.91	3.61642e-17 0 -0.134752	
15.92	3.54483e-17 0 -0.134752	
15.93	3.64534e-17 0 -0.134752	
15.94	3.66875e-17 0 -0.134752	
15.95	3.77585e-17 0 -0.134752	
15.96	3.82134e-17 0 -0.134752	
15.97	3.83347e-17 0 -0.134752	
15.98	3.74271e-17 0 -0.134752	
15.99	3.62494e-17 0 -0.134752	
16	3.45021e-17 0 -0.134752	
16.01	3.32814e-17 0 -0.134752	
16.02	3.26977e-17 0 -0.134752	
16.03	3.24327e-17 0 -0.134752	
16.04	3.2856e-17 0 -0.134752	
16.05	3.32808e-17 0 -0.134752	
16.06	3.28218e-17 0 -0.134752	
16.07	3.19531e-17 0 -0.134752	
16.08	3.14595e-17 0 -0.134752	
16.09	3.01625e-17 0 -0.134752	
16.1	3.00185e-17 0 -0.134752	
16.11	3.02506e-17 0 -0.134752	
16.12	3.15848e-17 0 -0.134752	
16.13	3.19938e-17 0 -0.134752	
16.14	3.2575e-17 0 -0.134752	
16.15	3.36659e-17 0 -0.134752	
16.16	3.4198e-17 0 -0.134752	
16.17	3.47786e-17 0 -0.134752	
16.18	3.47958e-17 0 -0.134752	
16.19	3.46743e-17 0 -0.134752	
16.2	3.45859e-17 0 -0.134752	
16.21	3.52105e-17 0 -0.134752	
16.22	3.51589e-17 0 -0.134752	
16.23	3.51074e-17 0 -0.134752	
16.24	3.57952e-17 0 -0.134752	
16.25	3.66096e-17 0 -0.134752	
16.26	3.70938e-17 0 -0.134752	
16.27	3.88005e-17 0 -0.134752	
16.28	3.98885e-17 0 -0.134752	
16.29	4.14411e-17 0 -0.134752	
16.3	4.25791e-17 0 -0.134752	
16.31	4.3099e-17 0 -0.134752	
16.32	4.42856e-17 0 -0.134752	
16.33	4.59914e-17 0 -0.134752	
16.34	4.69736e-17 0 -0.134752	
16.35	4.81102e-17 0 -0.134752	
16.36	4.92791e-17 0 -0.134752	
16.37	4.98471e-17 0 -0.134752	
16.38	5.04151e-17 0 -0.134752	
16.39	5.04802e-17 0 -0.134752	
16.4	5.03902e-17 0 -0.134752	
16.41	5.08671e-17 0 -0.134752	
16.42	5.11561e-17 0 -0.134752	
16.43	5.12576e-17 0 -0.134752	
16.44	5.13901e-17 0 -0.134752	
16.45	5.16469e-17 0 -0.134752	
16.46	5.17481e-17 0 -0.134752	
16.47	5.2859e-17 0 -0.134752	
16.48	5.26487e-17 0 -0.134752	
16.49	5.40404e-17 0 -0.134752	
16.5	5.44032e-17 0 -0.134752	
16.51	5.51752e-17 0 -0.134752	
16.52	5.60042e-17 0 -0.134752	
16.53	5.69312e-17 0 -0.134752	
16.54	5.70865e-17 0 -0.134752	
16.55	5.70375e-17 0 -0.134752	
16.56	5.76339e-17 0 -0.134752	
16.57	5.80943e-17 0 -0.134752	
16.58	5.80453e-17 0 -0.134752	
16.59	5.8016e-17 0 -0.134752	
16.6	5.88164e-17 0 -0.134752	
16.61	5.93046e-17 0 -0.134752	
16.62	5.93341e-17 0 -0.134752	
16.63	6.00559e-17 0 -0.134752	
16.64	6.08073e-17 0 -0.134752	
16.65	6.15777e-17 0 -0.134752	
16.66	6.17141e-17 0 -0.134752	
16.67	6.24356e-17 0 -0.134752	
16.68	6.2621e-17 0 -0.134752	
16.69	6.26997e-17 0 -0.134752	
16.7	6.32765e-17 0 -0.134752	
16.71	6.36866e-17 0 -0.134752	
16.72	6.48475e-17 0 -0.134752	
16.73	6.54426e-17 0 -0.134752	
16.74	6.66219e-17 0 -0.134752	
16.75	6.67292e-17 0 -0.134752	
16.76	6.71193e-17 0 -0.134752	
16.77	6.82594e-17 0 -0.134752	
16.78	6.91179e-17 0 -0.134752	
16.79	7.02407e-17 0 -0.134752	
16.8	7.12084e-17 0 -0.134752	
16.81	7.1565e-17 0 -0.134752	
16.82	7.31801e-17 0 -0.134752	
16.83	7.36344e-17 0 -0.134752	
16.84	7.38723e-17 0 -0.134752	
16.85	7.33279e-17 0 -0.134752	
16.86	7.33614e-17 0 -0.134752	
16.87	7.34282e-17 0 -0.134752	
16.88	7.40561e-17 0 -0.134752	
16.89	7.56775e-17 0 -0.134752	
16.9	7.67289e-17 0 -0.134752	
16.91	7.74938e-17 0 -0.134752	
16.92	7.97112e-17 0 -0.134752	
16.93	8.06817e-17 0 -0.134752	
16.94	8.23988e-17 0 -0.134752	
16.95	8.41235e-17 0 -0.134752	
16.96	8.569e-17 0 -0.134752	
16.97	8.74114e-17 0 -0.134752	
16.98	8.85719e-17 0 -0.134752	
16.99	8.87047e-17 0 -0.134752	
17	8.84347e-17 0 -0.134752	
17.01	8.83653e-17 0 -0.134752	
17.02	8.87904e-17 0 -0.134752	
17.03	8.84085e-17 0 -0.134752	
17.04	8.91005e-17 0 -0.134752	
17.05	9.00441e-17 0 -0.134752	
17.06	9.06527e-17 0 -0.134752	
17.07	9.08026e-17 0 -0.134752	
17.08	9.10576e-17 0 -0.134752	
17.09	9.12604e-17 0 -0.134752	
17.1	9.02363e-17 0 -0.134752	
17.11	8.88543e-17 0 -0.134752	
17.12	8.72571e-17 0 -0.134752	
17.13	8.55153e-17 0 -0.134752	
17.14	8.35483e-17 0 -0.134752	
17.15	8.18046e-17 0 -0.134752	
17.16	8.09793e-17 0 -0.134752	
17.17	8.15443e-17 0 -0.134752	
17.18	8.16873e-17 0 -0.134752	
17.19	8.11155e-17 0 -0.134752	
17.2	7.99603e-17 0 -0.134752	
17.21	7.90312e-17 0 -0.134752	
17.22	7.65531e-17 0 -0.134752	
17.23	7.30823e-17 0 -0.134752	
17.24	7.08593e-17 0 -0.134752	
17.25	6.93538e-17 0 -0.134752	
17.26	6.80559e-17 0 -0.134752	
17.27	6.63634e-17 0 -0.134752	
17.28	6.61088e-17 0 -0.134752	
17.29	6.6573e-17 0 -0.134752	
17.3	6.61518e-17 0 -0.134752	
17.31	6.73694e-17 0 -0.134752	
17.32	6.80218e-17 0 -0.134752	
17.33	6.90228e-17 0 -0.134752	
17.34	7.01071e-17 0 -0.134752	
17.35	7.03171e-17 0 -0.134752	
17.36	7.0328e-17 0 -0.134752	
17.37	7.05395e-17 0 -0.134752	
17.38	7.02794e-17 0 -0.134752	
17.39	6.8608e-17 0 -0.134752	
17.4	6.65574e-17 0 -0.134752	
17.41	6.47501e-17 0 -0.134752	
17.42	6.36602e-17 0 -0.134752	
17.43	6.22116e-17 0 -0.134752	
17.44	6.13655e-17 0 -0.134752	
17.45	6.06351e-17 0 -0.134752	
17.46	5.99049e-17 0 -0.134752	
17.47	5.99359e-17 0 -0.134752	
17.48	5.97507e-17 0 -0.134752	
17.49	5.86619e-17 0 -0.134752	
17.5	5.86782e-17 0 -0.134752	
17.51	5.75162e-17 0 -0.134752	
17.52	5.74318e-17 0 -0.134752	
17.53	5.77072e-17 0 -0.134752	
17.54	5.81412e-17 0 -0.134752	
17.55	5.863e-17 0 -0.134752	
17.56	5.85039e-17 0 -0.134752	
17.57	5.8177e-17 0 -0.134752	
17.58	5.80515e-17 0 -0.134752	
17.59	5.8042e-17 0 -0.134752	
17.6	5.80329e-17 0 -0.134752	
17.61	5.80666e-17 0 -0.134752	
17.62	5.77411e-17 0 -0.134752	
17.63	5.81758e-17 0 -0.134752	
17.64	5.78507e-17 0 -0.134752	
17.65	5.79261e-17 0 -0.134752	
17.66	5.72844e-17 0 -0.134752	
17.67	5.71528e-17 0 -0.134752	
17.68	5.64691e-17 0 -0.134752	
17.69	5.63867e-17 0 -0.134752	
17.7	5.70443e-17 0 -0.134752	
17.71	5.71511e-17 0 -0.134752	
17.72	5.70192e-17 0 -0.134752	
17.73	5.72887e-17 0 -0.134752	
17.74	5.73672e-17 0 -0.134752	
17.75	5.74467e-17 0 -0.134752	
17.76	5.75688e-17 0 -0.134752	
17.77	5.71757e-17 0 -0.134752	
17.78	5.70611e-17 0 -0.134752	
17.79	5.67882e-17 0 -0.134752	
17.8	5.59591e-17 0 -0.134752	
17.81	5.41371e-17 0 -0.134752	
17.82	5.37146e-17 0 -0.134752	
17.83	5.31365e-17 0 -0.134752	
17.84	5.21991e-17 0 -0.134752	
17.85	5.1542e-17 0 -0.134752	
17.86	5.08049e-17 0 -0.134752	
17.87	5.04227e-17 0 -0.134752	
17.88	5.01249e-17 0 -0.134752	
17.89	4.98286e-17 0 -0.134752	
17.9	4.95338e-17 0 -0.134752	
17.91	4.91195e-17 0 -0.134752	
17.92	4.80542e-17 0 -0.134752	
17.93	4.7985e-17 0 -0.134752	
17.94	4.73149e-17 0 -0.134752	
17.95	4.68772e-17 0 -0.134752	
17.96	4.64819e-17 0 -0.134752	
17.97	4.64819e-17 0 -0.134752	
17.98	4.66876e-17 0 -0.134752	
17.99	4.60865e-17 0 -0.134752	
18	4.66454e-17 0 -0.134752	
18.01	4.6207e-17 0 -0.134752	
18.02	4.63271e-17 0 -0.134752	
18.03	4.6447e-17 0 -0.134752	
18.04	4.70483e-17 0 -0.134752	
18.05	4.67728e-17 0 -0.134752	
18.06	4.74512e-17 0 -0.134752	
18.07	4.69688e-17 0 -0.134752	
18.08	4.70113e-17 0 -0.134752	
18.09	4.72942e-17 0 -0.134752	
18.1	4.81814e-17 0 -0.134752	
18.11	4.85095e-17 0 -0.134752	
18.12	4.89592e-17 0 -0.134752	
18.13	4.94936e-17 0 -0.134752	
18.14	4.9427e-17 0 -0.134752	
18.15	5.0039e-17 0 -0.134752	
18.16	5.0763e-17 0 -0.134752	
18.17	5.07388e-17 0 -0.134752	
18.18	5.11451e-17 0 -0.134752	
18.19	5.19203e-17 0 -0.134752	
18.2	5.20525e-17 0 -0.134752	
18.21	5.2782e-17 0 -0.134752	
18.22	5.25835e-17 0 -0.134752	
18.23	5.31452e-17 0 -0.134752	
18.24	5.30119e-17 0 -0.134752	
18.25	5.40338e-17 0 -0.134752	
18.26	5.39764e-17 0 -0.134752	
18.27	5.49457e-17 0 -0.134752	
18.28	5.55056e-17 0 -0.134752	
18.29	5.52213e-17 0 -0.134752	
18.3	5.6218e-17 0 -0.134752	
18.31	5.66503e-17 0 -0.134752	
18.32	5.63938e-17 0 -0.134752	
18.33	5.47668e-17 0 -0.134752	
18.34	5.32446e-17 0 -0.134752	
18.35	5.25543e-17 0 -0.134752	
18.36	5.23201e-17 0 -0.134752	
18.37	5.19611e-17 0 -0.134752	
18.38	5.08257e-17 0 -0.134752	
18.39	5.02056e-17 0 -0.134752	
18.4	4.9844e-17 0 -0.134752	
18.41	4.95607e-17 0 -0.134752	
18.42	4.93912e-17 0 -0.134752	
18.43	4.95451e-17 0 -0.134752	
18.44	4.85736e-17 0 -0.134752	
18.45	4.82169e-17 0 -0.134752	
18.46	4.75639e-17 0 -0.134752	
18.47	4.67142e-17 0 -0.134752	
18.48	4.66665e-17 0 -0.134752	
18.49	4.60359e-17 0 -0.134752	
18.5	4.56399e-17 0 -0.134752	
18.51	4.52393e-17 0 -0.134752	
18.52	4.53982e-17 0 -0.134752	
18.53	4.52509e-17 0 -0.134752	
18.54	4.5179e-17 0 -0.134752	
18.55	4.58397e-17 0 -0.134752	
18.56	4.5933e-17 0 -0.134752	
18.57	4.60232e-17 0 -0.134752	
18.58	4.60242e-17 0 -0.134752	
18.59	4.62816e-17 0 -0.134752	
18.6	4.70165e-17 0 -0.134752	
18.61	4.66206e-17 0 -0.134752	
18.62	4.65319e-17 0 -0.134752	
18.63	4.70909e-17 0 -0.134752	
18.64	4.6353e-17 0 -0.134752	
18.65	4.59169e-17 0 -0.134752	
18.66	4.53978e-17 0 -0.134752	
18.67	4.51799e-17 0 -0.134752	
18.68	4.36567e-17 0 -0.134752	
18.69	4.28227e-17 0 -0.134752	
18.7	4.26501e-17 0 -0.134752	
18.71	4.31677e-17 0 -0.134752	
18.72	4.35447e-17 0 -0.134752	
18.73	4.33711e-17 0 -0.134752	
18.74	4.40156e-17 0 -0.134752	
18.75	4.45639e-17 0 -0.134752	
18.76	4.44677e-17 0 -0.134752	
18.77	4.484e-17 0 -0.134752	
18.78	4.46447e-17 0 -0.134752	
18.79	4.50138e-17 0 -0.134752	
18.8	4.53815e-17 0 -0.134752	
18.81	4.56039e-17 0 -0.134752	
18.82	4.52574e-17 0 -0.134752	
18.83	4.60409e-17 0 -0.134752	
18.84	4.60804e-17 0 -0.134752	
18.85	4.60467e-17 0 -0.134752	
18.86	4.60117e-17 0 -0.134752	
18.87	4.61505e-17 0 -0.134752	
18.88	4.63566e-17 0 -0.134752	
18.89	4.64925e-17 0 -0.134752	
18.9	4.65601e-17 0 -0.134752	
18.91	4.687e-17 0 -0.134752	
18.92	4.70692e-17 0 -0.134752	
18.93	4.70245e-17 0 -0.134752	
18.94	4.67545e-17 0 -0.134752	
18.95	4.68819e-17 0 -0.134752	
18.96	4.62643e-17 0 -0.134752	
18.97	4.69564e-17 0 -0.134752	
18.98	4.70802e-17 0 -0.134752	
18.99	4.71518e-17 0 -0.134752	
19	4.72636e-17 0 -0.134752	
19.01	4.73241e-17 0 -0.134752	
19.02	4.72672e-17 0 -0.134752	
19.03	4.73269e-17 0 -0.134752	
19.04	4.73862e-17 0 -0.134752	
19.05	4.72167e-17 0 -0.134752	
19.06	4.67363e-17 0 -0.134752	
19.07	4.58726e-17 0 -0.134752	
19.08	4.6321e-17 0 -0.134752	
19.09	4.63788e-17 0 -0.134752	
19.1	4.58172e-17 0 -0.134752	
19.11	4.64935e-17 0 -0.134752	
19.12	4.65504e-17 0 -0.134752	
19.13	4.66633e-17 0 -0.134752	
19.14	4.67193e-17 0 -0.134752	
19.15	4.67751e-17 0 -0.134752	
19.16	4.67078e-17 0 -0.134752	
19.17	4.66391e-17 0 -0.134752	
19.18	4.59475e-17 0 -0.134752	
19.19	4.60028e-17 0 -0.134752	
19.2	4.58778e-17 0 -0.134752	
19.21	4.59832e-17 0 -0.134752	
19.22	4.59606e-17 0 -0.134752	
19.23	4.60615e-17 0 -0.134752	
19.24	4.62117e-17 0 -0.134752	
19.25	4.63105e-17 0 -0.134752	
19.26	4.6408e-17 0 -0.134752	
19.27	4.58355e-17 0 -0.134752	
19.28	4.63994e-17 0 -0.134752	
19.29	4.70201e-17 0 -0.134752	
19.3	4.63994e-17 0 -0.134752	
19.31	4.6447e-17 0 -0.134752	
19.32	4.6626e-17 0 -0.134752	
19.33	4.6626e-17 0 -0.134752	
19.34	4.6626e-17 0 -0.134752	
19.35	4.61364e-17 0 -0.134752	
19.36	4.58097e-17 0 -0.134752	
19.37	4.50724e-17 0 -0.134752	
19.38	4.45979e-17 0 -0.134752	
19.39	4.37653e-17 0 -0.134752	
19.4	4.27534e-17 0 -0.134752	
19.41	4.1952e-17 0 -0.134752	
19.42	4.11505e-17 0 -0.134752	
19.43	4.06863e-17 0 -0.134752	
19.44	4.07177e-17 0 -0.134752	
19.45	4.18348e-17 0 -0.134752	
19.46	4.27727e-17 0 -0.134752	
19.47	4.42479e-17 0 -0.134752	
19.48	4.66175e-17 0 -0.134752	
19.49	4.80283e-17 0 -0.134752	
19.5	4.92281e-17 0 -0.134752	
19.51	5.01961e-17 0 -0.134752	
19.52	5.01653e-17 0 -0.134752	
19.53	5.07888e-17 0 -0.134752	
19.54	5.10498e-17 0 -0.134752	
19.55	5.15941e-17 0 -0.134752	
19.56	5.20465e-17 0 -0.134752	
19.57	5.2499e-17 0 -0.134752	
19.58	5.28985e-17 0 -0.134752	
19.59	5.40088e-17 0 -0.134752	
19.6	5.4818e-17 0 -0.134752	
19.61	5.52384e-17 0 -0.134752	
19.62	5.60526e-17 0 -0.134752	
19.63	5.67239e-17 0 -0.134752	
19.64	5.6791e-17 0 -0.134752	
19.65	5.68577e-17 0 -0.134752	
19.66	5.77047e-17 0 -0.134752	
19.67	5.77701e-17 0 -0.134752	
19.68	5.76598e-17 0 -0.134752	
19.69	5.79365e-17 0 -0.134752	
19.7	5.82119e-17 0 -0.134752	
19.71	5.83393e-17 0 -0.134752	
19.72	5.80538e-17 0 -0.134752	
19.73	5.81749e-17 0 -0.134752	
19.74	5.82932e-17 0 -0.134752	
19.75	5.83552e-17 0 -0.134752	
19.76	5.88274e-17 0 -0.134752	
19.77	5.94233e-17 0 -0.134752	
19.78	5.94772e-17 0 -0.134752	
19.79	5.97354e-17 0 -0.134752	
19.8	5.90663e-17 0 -0.134752	
19.81	5.82667e-17 0 -0.134752	
19.82	5.74126e-17 0 -0.134752	
19.83	5.66101e-17 0 -0.134752	
19.84	5.7508e-17 0 -0.134752	
19.85	5.93102e-17 0 -0.134752	
19.86	6.03374e-17 0 -0.134752	
19.87	6.17784e-17 0 -0.134752	
19.88	6.39107e-17 0 -0.134752	
19.89	6.59951e-17 0 -0.134752	
19.9	6.8078e-17 0 -0.134752	
19.91	6.92088e-17 0 -0.134752	
19.92	7.03392e-17 0 -0.134752	
19.93	7.08503e-17 0 -0.134752	
19.94	7.14152e-17 0 -0.134752	
19.95	7.198e-17 0 -0.134752	
19.96	7.25447e-17 0 -0.134752	
19.97	7.25447e-17 0 -0.134752	
19.98	7.31092e-17 0 -0.134752	
19.99	7.31092e-17 0 -0.134752	
20	7.362e-17 0 -0.134752	
20.01	7.47486e-17 0 -0.134752	
20.02	7.54644e-17 0 -0.134752	
20.03	7.54368e-17 0 -0.134752	
20.04	7.54626e-17 0 -0.134752	
20.05	7.53619e-17 0 -0.134752	
20.06	7.51826e-17 0 -0.134752	
20.07	7.57466e-17 0 -0.134752	
20.08	7.51294e-17 0 -0.134752	
20.09	7.53088e-17 0 -0.134752	
20.1	7.55082e-17 0 -0.134752	
20.11	7.54882e-17 0 -0.134752	
20.12	7.55413e-17 0 -0.134752	
20.13	7.49241e-17 0 -0.134752	
20.14	7.49772e-17 0 -0.134752	
20.15	7.49241e-17 0 -0.134752	
20.16	7.49241e-17 0 -0.134752	
20.17	7.43599e-17 0 -0.134752	
20.18	7.26666e-17 0 -0.134752	
20.19	7.04604e-17 0 -0.134752	
20.2	6.81256e-17 0 -0.134752	
20.21	6.70144e-17 0 -0.134752	
20.22	6.64486e-17 0 -0.134752	
20.23	6.79874e-17 0 -0.134752	
20.24	6.84647e-17 0 -0.134752	
20.25	7.09014e-17 0 -0.134752	
20.26	7.49259e-17 0 -0.134752	
20.27	7.9077e-17 0 -0.134752	
20.28	8.32196e-17 0 -0.134752	
20.29	8.75684e-17 0 -0.134752	
20.3	9.08648e-17 0 -0.134752	
20.31	9.40056e-17 0 -0.134752	
20.32	9.96937e-17 0 -0.134752	
20.33	1.05752e-16 0 -0.134752	
20.34	1.12338e-16 0 -0.134752	
20.35	1.18798e-16 0 -0.134752	
20.36	1.25446e-16 0 -0.134752	
20.37	1.32066e-16 0 -0.134752	
20.38	1.38373e-16 0 -0.134752	
20.39	1.45156e-16 0 -0.134752	
20.4	1.52028e-16 0 -0.134752	
20.41	1.58742e-16 0 -0.134752	
20.42	1.63669e-16 0 -0.134752	
20.43	1.69441e-16 0 -0.134752	
20.44	1.74292e-16 0 -0.134752	
20.45	1.80693e-16 0 -0.134752	
20.46	1.86349e-16 0 -0.134752	
20.47	1.90727e-16 0 -0.134752	
20.48	1.9479e-16 0 -0.134752	
20.49	1.96709e-16 0 -0.134752	
20.5	1.97253e-16 0 -0.134752	
20.51	1.97919e-16 0 -0.134752	
20.52	1.98475e-16 0 -0.134752	
20.53	1.9859e-16 0 -0.134752	
20.54	1.98396e-16 0 -0.134752	
20.55	1.97524e-16 0 -0.134752	
20.56	1.95826e-16 0 -0.134752	
20.57	1.92655e-16 0 -0.134752	
20.58	1.88475e-16 0 -0.134752	
20.59	1.82529e-16 0 -0.134752	
20.6	1.7301e-16 0 -0.134752	
20.61	1.62851e-16 0 -0.134752	
20.62	1.53281e-16 0 -0.134752	
20.63	1.42528e-16 0 -0.134752	
20.64	1.28976e-16 0 -0.134752	
20.65	1.16951e-16 0 -0.134752	
20.66	1.02765e-16 0 -0.134752	
20.67	9.19714e-17 0 -0.134752	
20.68	7.97122e-17 0 -0.134752	
20.69	6.66231e-17 0 -0.134752	
20.7	5.51772e-17 0 -0.134752	
20.71	4.44618e-17 0 -0.134752	
20.72	3.55686e-17 0 -0.134752	
20.73	2.69318e-17 0 -0.134752	
20.74	1.81021e-17 0 -0.134752	
20.75	9.05851e-18 0 -0.134752	
20.76	8.35616e-19 0 -0.134752	
20.77	-6.99086e-18 0 -0.134752	
20.78	-1.47627e-17 0 -0.134752	
20.79	-1.98792e-17 0 -0.134752	
20.8	-2.48179e-17 0 -0.134752	
20.81	-2.91821e-17 0 -0.134752	
20.82	-3.29955e-17 0 -0.134752	
20.83	-3.75347e-17 0 -0.134752	
20.84	-4.13132e-17 0 -0.134752	
20.85	-4.42862e-17 0 -0.134752	
20.86	-4.63499e-17 0 -0.134752	
20.87	-4.746e-17 0 -0.134752	
20.88	-4.78429e-17 0 -0.134752	
20.89	-4.8563e-17 0 -0.134752	
20.9	-4.93057e-17 0 -0.134752	
20.91	-4.90963e-17 0 -0.134752	
20.92	-5.00481e-17 0 -0.134752	
20.93	-4.96587e-17 0 -0.134752	
20.94	-5.06356e-17 0 -0.134752	
20.95	-5.09701e-17 0 -0.134752	
20.96	-5.15573e-17 0 -0.134752	
20.97	-5.14574e-17 0 -0.134752	
20.98	-5.25914e-17 0 -0.134752	
20.99	-5.30872e-17 0 -0.134752	
21	-5.29672e-17 0 -0.134752	
21.01	-5.38043e-17 0 -0.134752	
21.02	-5.40837e-17 0 -0.134752	
21.03	-5.44046e-17 0 -0.134752	
21.04	-5.47558e-17 0 -0.134752	
21.05	-5.42934e-17 0 -0.134752	
21.06	-5.45345e-17 0 -0.134752	
21.07	-5.48439e-17 0 -0.134752	
21.08	-5.49745e-17 0 -0.134752	
21.09	-5.52715e-17 0 -0.134752	
21.1	-5.48374e-17 0 -0.134752	
21.11	-5.54099e-17 0 -0.134752	
21.12	-5.47492e-17 0 -0.134752	
21.13	-5.41386e-17 0 -0.134752	
21.14	-5.41115e-17 0 -0.134752	
21.15	-5.36974e-17 0 -0.134752	
21.16	-5.3284e-17 0 -0.134752	
21.17	-5.23149e-17 0 -0.134752	
21.18	-5.23024e-17 0 -0.134752	
21.19	-5.13457e-17 0 -0.134752	
21.2	-5.07643e-17 0 -0.134752	
21.21	-5.02444e-17 0 -0.134752	
21.22	-4.99886e-17 0 -0.134752	
21.23	-4.9262e-17 0 -0.134752	
21.24	-4.84248e-17 0 -0.134752	
21.25	-4.74792e-17 0 -0.134752	
21.26	-4.72726e-17 0 -0.134752	
21.27	-4.68844e-17 0 -0.134752	
21.28	-4.63146e-17 0 -0.134752	
21.29	-4.57822e-17 0 -0.134752	
21.3	-4.57329e-17 0 -0.134752	
21.31	-4.51749e-17 0 -0.134752	
21.32	-4.4593e-17 0 -0.134752	
21.33	-4.43863e-17 0 -0.134752	
21.34	-4.41796e-17 0 -0.134752	
21.35	-4.33911e-17 0 -0.134752	
21.36	-4.30405e-17 0 -0.134752	
21.37	-4.14508e-17 0 -0.134752	
21.38	-4.11005e-17 0 -0.134752	
21.39	-4.06516e-17 0 -0.134752	
21.4	0.0632382 -0.286308 1.74872	
21.41	0.152464 -0.660019 3.72304	
21.42	0.196715 -0.873362 5.04259	
21.43	0.193622 -1.00465 6.70467	
21.44	0.155862 -0.8353 6.20662	
21.45	0.13444 -0.851536 6.65949	
21.46	0.113383 -0.80384 7.08105	
21.47	0.0797949 -0.566378 5.14328	
21.48	0.0437773 -0.562392 6.04373	
21.49	0.0383834 -0.552343 5.97857	
21.5	0.0150499 -0.47221 6.83382	
21.51	0.0163833 -0.375183 6.13611	
21.52	0.00819383 -0.303341 5.11084	
21.53	0.0190895 -0.369389 5.77067	
21.54	0.0485559 -0.314716 5.08843	
21.55	0.030334 -0.34949 6.45856	
21.56	0.0355324 -0.21205 4.80413	
21.57	0.0185683 -0.168285 6.92102	
21.58	0.0125558 -0.147914 5.49153	
21.59	0.0145259 -0.174606 6.6049	
21.6	0.00901598 -0.111353 4.79371	
21.61	0.02175 -0.235186 6.08263	
21.62	0.0191415 -0.240877 7.14773	
21.63	0.0267347 -0.204199 6.35943	
21.64	0.0488897 -0.211786 6.42777	
21.65	0.0339234 -0.147806 4.6636	
21.66	0.0425792 -0.316858 6.1643	
21.67	0.0448325 -0.359384 6.64031	
21.68	0.0555965 -0.296179 5.50053	
21.69	-0.00491573 -0.328681 5.5818	
21.7	0.0230501 -0.392859 6.47287	
21.71	0.0165413 -0.28287 4.69603	
21.72	0.045421 -0.544578 6.52997	
21.73	0.0684269 -0.559483 6.24766	
21.74	0.0492086 -0.402887 4.5317	
21.75	0.0788314 -0.550773 5.01789	
21.76	0.0894416 -0.517514 4.66755	
21.77	0.0641248 -0.371287 3.37646	
21.78	0.0654288 -0.363804 2.85529	
21.79	0.0476589 -0.265021 2.05111	
21.8	0.0353524 -0.19652 1.46303	
21.81	0.0260111 -0.144572 1.03315	
21.82	0.0191131 -0.106219 0.718809	
21.83	0.0140367 -0.0780003 0.489027	
21.84	0.0102013 -0.0566955 0.321026	
21.85	0.00747681 -0.0415513 0.198163	
21.86	0.00544733 -0.0302752 0.108335	
21.87	0.00399837 -0.02222 0.0426344	
21.88	0.00293887 -0.0163302 -0.00538292	
21.89	0.00215963 -0.0119987 -0.0405043	
21.9	0.00158537 -0.00880737 -0.0661784	
21.91	0.00116343 -0.00646278 -0.0849486	
21.92	0.000849771 -0.0047205 -0.0986728	
21.93	0.000624493 -0.00346868 -0.108706	
21.94	0.000458257 -0.00254512 -0.116043	
21.95	0.000334604 -0.00185842 -0.121406	
21.96	0.000244748 -0.00135934 -0.125327	
21.97	0.000178755 -0.000992834 -0.128195	
21.98	0.000129902 -0.000721598 -0.13029	
21.99	9.4067e-05 -0.00052266 -0.131823	
22	6.83408e-05 -0.000379773 -0.132944	
22.01	4.986e-05 -0.000277089 -0.133763	
22.02	3.61526e-05 -0.00020095 -0.134363	
22.03	3.62743e-05 -0.000201606 -0.134363	
22.04	3.62464e-05 -0.000201454 -0.134363	
22.05	3.63325e-05 -0.000201919 -0.134363	
22.06	3.64761e-05 -0.000202696 -0.134364	
22.07	3.63171e-05 -0.000201832 -0.134364	
22.08	3.61019e-05 -0.000200663 -0.134364	
22.09	3.59972e-05 -0.000200094 -0.134364	
22.1	3.58469e-05 -0.000199278 -0.134364	
22.11	3.56854e-05 -0.000198402 -0.134364	
22.12	3.56455e-05 -0.000198187 -0.134363	
22.13	3.55043e-05 -0.000197419 -0.134363	
22.14	3.55416e-05 -0.000197621 -0.134364	
22.15	3.55223e-05 -0.000197516 -0.134364	
22.16	3.56697e-05 -0.000198317 -0.134364	
22.17	3.5541e-05 -0.000197617 -0.134364	
22.18	3.56212e-05 -0.000198052 -0.134364	
22.19	3.5865e-05 -0.000199374 -0.134364	
22.2	3.63878e-05 -0.000202211 -0.134364	
22.21	3.65821e-05 -0.000203264 -0.134364	
22.22	3.6904e-05 -0.00020501 -0.134364	
22.23	3.68e-05 -0.000204445 -0.134364	
22.24	3.68873e-05 -0.000204917 -0.134365	
22.25	3.69326e-05 -0.000205162 -0.134365	
22.26	3.66446e-05 -0.000203599 -0.134365	
22.27	3.65493e-05 -0.000203082 -0.134365	
22.28	3.63546e-05 -0.000202024 -0.134365	
22.29	3.62259e-05 -0.000201326 -0.134364	
22.3	3.62098e-05 -0.000201237 -0.134365	
22.31	3.61229e-05 -0.000200764 -0.134365	
22.32	3.61494e-05 -0.000200908 -0.134365	
22.33	3.60683e-05 -0.000200467 -0.134365	
22.34	3.60018e-05 -0.000200105 -0.134365	
22.35	3.60848e-05 -0.000200556 -0.134365	
22.36	3.61173e-05 -0.000200731 -0.134365	
22.37	3.61203e-05 -0.000200749 -0.134365	
22.38	3.60874e-05 -0.000200569 -0.134365	
22.39	3.62597e-05 -0.000201506 -0.134365	
22.4	3.62128e-05 -0.00020125 -0.134365	
22.41	3.59869e-05 -0.000200024 -0.134365	
22.42	3.59535e-05 -0.000199843 -0.134365	
22.43	3.56568e-05 -0.000198233 -0.134365	
22.44	3.55111e-05 -0.000197441 -0.134365	
22.45	3.53917e-05 -0.000196795 -0.134364	
22.46	3.52876e-05 -0.00019623 -0.134364	
22.47	3.5142e-05 -0.000195439 -0.134364	
22.48	3.49815e-05 -0.000194568 -0.134364	
22.49	3.49992e-05 -0.000194664 -0.134364	
22.5	3.46759e-05 -0.000192908 -0.134364	
22.51	3.45807e-05 -0.000192391 -0.134364	
22.52	3.43726e-05 -0.000191261 -0.134364	
22.53	3.42456e-05 -0.000190571 -0.134364	
22.54	3.40304e-05 -0.000189405 -0.134364	
22.55	3.4253e-05 -0.000190613 -0.134364	
22.56	3.43625e-05 -0.000191208 -0.134364	
22.57	3.46078e-05 -0.000192541 -0.134364	
22.58	3.43715e-05 -0.000191257 -0.134364	
22.59	3.43765e-05 -0.000191286 -0.134364	
22.6	3.44687e-05 -0.000191786 -0.134364	
22.61	3.44511e-05 -0.000191691 -0.134364	
22.62	3.47386e-05 -0.000193252 -0.134364	
22.63	3.51611e-05 -0.000195545 -0.134364	
22.64	3.53741e-05 -0.000196702 -0.134364	
22.65	3.56611e-05 -0.000198259 -0.134364	
22.66	3.59392e-05 -0.000199768 -0.134365	
22.67	3.60393e-05 -0.000200311 -0.134365	
22.68	3.61645e-05 -0.000200991 -0.134365	
22.69	3.65698e-05 -0.00020319 -0.134365	
22.7	3.66524e-05 -0.000203639 -0.134365	
22.71	3.66309e-05 -0.000203523 -0.134365	
22.72	3.67491e-05 -0.000204164 -0.134365	
22.73	3.66535e-05 -0.000203646 -0.134365	
22.74	3.6815e-05 -0.000204522 -0.134365	
22.75	3.70422e-05 -0.000205756 -0.134365	
22.76	3.70968e-05 -0.000206052 -0.134365	
22.77	3.7133e-05 -0.000206248 -0.134365	
22.78	3.6935e-05 -0.000205173 -0.134365	
22.79	3.66433e-05 -0.00020359 -0.134365	
22.8	3.63609e-05 -0.000202058 -0.134365	
22.81	3.59499e-05 -0.000199827 -0.134364	
22.82	3.56838e-05 -0.00019838 -0.134365	
22.83	3.53087e-05 -0.000196343 -0.134365	
22.84	3.49498e-05 -0.000194393 -0.134365	
22.85	3.48535e-05 -0.000193868 -0.134365	
22.86	3.46226e-05 -0.000192614 -0.134365	
22.87	3.48306e-05 -0.000193742 -0.134365	
22.88	3.48851e-05 -0.000194036 -0.134365	
22.89	3.49968e-05 -0.000194643 -0.134365	
22.9	3.52397e-05 -0.000195961 -0.134365	
22.91	3.53357e-05 -0.000196482 -0.134365	
22.92	3.54829e-05 -0.000197281 -0.134365	
22.93	3.56557e-05 -0.000198216 -0.134365	
22.94	3.60654e-05 -0.000200438 -0.134366	
22.95	3.61056e-05 -0.000200653 -0.134366	
22.96	3.63388e-05 -0.000201913 -0.134367	
22.97	3.67159e-05 -0.000203955 -0.134367	
22.98	3.70472e-05 -0.000205747 -0.134368	
22.99	3.69687e-05 -0.000205314 -0.134368	
23	3.65855e-05 -0.000203227 -0.134369	
23.01	3.63467e-05 -0.000201924 -0.134369	
23.02	3.62283e-05 -0.000201278 -0.134369	
23.03	3.59672e-05 -0.000199856 -0.13437	
23.04	3.54744e-05 -0.000197179 -0.13437	
23.05	3.47509e-05 -0.000193249 -0.13437	
23.06	3.39722e-05 -0.00018902 -0.13437	
23.07	3.32591e-05 -0.000185146 -0.13437	
23.08	3.27764e-05 -0.000182523 -0.13437	
23.09	3.2293e-05 -0.000179898 -0.13437	
23.1	3.18322e-05 -0.000177395 -0.13437	
23.11	3.1481e-05 -0.000175487 -0.13437	
23.12	3.11298e-05 -0.000173579 -0.13437	
23.13	3.07786e-05 -0.000171671 -0.13437	
23.14	3.05918e-05 -0.000170657 -0.13437	
23.15	3.04162e-05 -0.000169703 -0.13437	
23.16	3.04274e-05 -0.000169763 -0.13437	
23.17	3.02751e-05 -0.000168934 -0.13437	
23.18	3.02955e-05 -0.000169047 -0.13437	
23.19	3.02955e-05 -0.000169047 -0.13437	
23.2	3.02955e-05 -0.000169047 -0.13437	
23.21	3.01199e-05 -0.000168093 -0.13437	
23.22	3.01199e-05 -0.000168093 -0.13437	
23.23	3.01197e-05 -0.000168092 -0.13437	
23.24	3.01194e-05 -0.000168091 -0.13437	
23.25	3.01191e-05 -0.000168091 -0.13437	
23.26	3.01533e-05 -0.000168275 -0.13437	
23.27	2.99775e-05 -0.000167321 -0.13437	
23.28	3.00119e-05 -0.000167507 -0.13437	
23.29	3.00461e-05 -0.000167692 -0.13437	
23.3	3.01702e-05 -0.000168364 -0.13437	
23.31	3.00287e-05 -0.000167597 -0.13437	
23.32	3.00982e-05 -0.000167973 -0.13437	
23.33	2.99572e-05 -0.000167209 -0.13437	
23.34	3.00275e-05 -0.00016759 -0.13437	
23.35	2.99778e-05 -0.000167318 -0.13437	
23.36	2.99286e-05 -0.000167049 -0.13437	
23.37	2.97996e-05 -0.000166349 -0.13437	
23.38	2.997e-05 -0.000167273 -0.13437	
23.39	2.99398e-05 -0.000167109 -0.13437	
23.4	3.00185e-05 -0.000167537 -0.13437	
23.41	3.00975e-05 -0.000167966 -0.13437	
23.42	2.97175e-05 -0.000165902 -0.13437	
23.43	2.94576e-05 -0.000164492 -0.13437	
23.44	2.94276e-05 -0.000164329 -0.13437	
23.45	2.89934e-05 -0.000161971 -0.13437	
23.46	2.88807e-05 -0.000161358 -0.13437	
23.47	2.87307e-05 -0.000160543 -0.13437	
23.48	2.84062e-05 -0.00015878 -0.13437	
23.49	2.82564e-05 -0.000157966 -0.13437	
23.5	2.79324e-05 -0.000156205 -0.134371	
23.51	2.75162e-05 -0.000153945 -0.134371	
23.52	2.70844e-05 -0.000151596 -0.134371	
23.53	2.66146e-05 -0.000149043 -0.134371	
23.54	2.62654e-05 -0.000147145 -0.134371	
23.55	2.59548e-05 -0.000145454 -0.134371	
23.56	2.57802e-05 -0.000144506 -0.134371	
23.57	2.56059e-05 -0.000143557 -0.134371	
23.58	2.54314e-05 -0.000142609 -0.134372	
23.59	2.51365e-05 -0.000141005 -0.134372	
23.6	2.51519e-05 -0.000141091 -0.134371	
23.61	2.47212e-05 -0.000138747 -0.134372	
23.62	2.4426e-05 -0.000137144 -0.134372	
23.63	2.43056e-05 -0.000136489 -0.134372	
23.64	2.40001e-05 -0.000134828 -0.134372	
23.65	2.38795e-05 -0.000134173 -0.134372	
23.66	2.36335e-05 -0.000132836 -0.134372	
23.67	2.32452e-05 -0.000130728 -0.134372	
23.68	2.30599e-05 -0.000129722 -0.134372	
23.69	2.29342e-05 -0.000129039 -0.134372	
23.7	2.2749e-05 -0.000128033 -0.134372	
23.71	2.24889e-05 -0.000126617 -0.134372	
23.72	2.24073e-05 -0.000126174 -0.134372	
23.73	2.23698e-05 -0.000125968 -0.134372	
23.74	2.24604e-05 -0.000126461 -0.134372	
23.75	2.21426e-05 -0.000124733 -0.134373	
23.76	2.22332e-05 -0.000125225 -0.134373	
23.77	2.19014e-05 -0.00012342 -0.134373	
23.78	2.20721e-05 -0.00012435 -0.134373	
23.79	2.20984e-05 -0.000124493 -0.134373	
23.8	2.2125e-05 -0.000124637 -0.134373	
23.81	2.21112e-05 -0.000124564 -0.134372	
23.82	2.19533e-05 -0.000123705 -0.134373	
23.83	2.19362e-05 -0.000123612 -0.134373	
23.84	2.18554e-05 -0.000123173 -0.134373	
23.85	2.17211e-05 -0.000122443 -0.134373	
23.86	2.14667e-05 -0.00012106 -0.134373	
23.87	2.14936e-05 -0.000121205 -0.134373	
23.88	2.13875e-05 -0.000120626 -0.134373	
23.89	2.11995e-05 -0.000119605 -0.134373	
23.9	2.12143e-05 -0.000119683 -0.134373	
23.91	2.10675e-05 -0.000118885 -0.134373	
23.92	2.09626e-05 -0.000118311 -0.134374	
23.93	2.07631e-05 -0.000117225 -0.134374	
23.94	2.06837e-05 -0.000116793 -0.134374	
23.95	2.05261e-05 -0.000115934 -0.134374	
23.96	2.03159e-05 -0.000114789 -0.134374	
23.97	2.02372e-05 -0.000114361 -0.134374	
23.98	2.00384e-05 -0.000113279 -0.134375	
23.99	1.98294e-05 -0.000112141 -0.134375	
24	1.99247e-05 -0.000112658 -0.134375	
24.01	1.98037e-05 -0.000112002 -0.134375	
24.02	1.97687e-05 -0.00011181 -0.134375	
24.03	1.96908e-05 -0.000111386 -0.134375	
24.04	1.97721e-05 -0.000111827 -0.134375	
24.05	1.968e-05 -0.000111326 -0.134375	
24.06	1.95448e-05 -0.000110591 -0.134375	
24.07	1.94095e-05 -0.000109856 -0.134375	
24.08	1.92646e-05 -0.000109068 -0.134375	
24.09	1.90671e-05 -0.000107992 -0.134376	
24.1	1.89991e-05 -0.000107624 -0.134375	
24.11	1.89217e-05 -0.000107202 -0.134375	
24.12	1.8844e-05 -0.000106781 -0.134375	
24.13	1.87578e-05 -0.000106311 -0.134376	
24.14	1.86806e-05 -0.000105892 -0.134376	
24.15	1.84308e-05 -0.000104534 -0.134376	
24.16	1.83363e-05 -0.000104018 -0.134376	
24.17	1.82164e-05 -0.000103368 -0.134376	
24.18	1.82371e-05 -0.000103479 -0.134376	
24.19	1.82129e-05 -0.000103349 -0.134376	
24.2	1.80009e-05 -0.000102197 -0.134376	
24.21	1.78865e-05 -0.000101572 -0.134376	
24.22	1.75522e-05 -9.97552e-05 -0.134376	
24.23	1.73337e-05 -9.85666e-05 -0.134376	
24.24	1.69914e-05 -9.67057e-05 -0.134376	
24.25	1.67293e-05 -9.52799e-05 -0.134377	
24.26	1.63607e-05 -9.32767e-05 -0.134377	
24.27	1.61357e-05 -9.20511e-05 -0.134377	
24.28	1.59079e-05 -9.08123e-05 -0.134377	
24.29	1.58617e-05 -9.05617e-05 -0.134377	
24.3	1.5644e-05 -8.93774e-05 -0.134377	
24.31	1.55201e-05 -8.86997e-05 -0.134378	
24.32	1.52613e-05 -8.72915e-05 -0.134378	
24.33	1.50837e-05 -8.63221e-05 -0.134378	
24.34	1.49889e-05 -8.58041e-05 -0.134379	
24.35	1.50179e-05 -8.59622e-05 -0.134378	
24.36	1.48812e-05 -8.5217e-05 -0.134379	
24.37	1.48565e-05 -8.50797e-05 -0.134379	
24.38	1.45044e-05 -8.31659e-05 -0.134379	
24.39	1.44293e-05 -8.27546e-05 -0.134379	
24.4	1.43063e-05 -8.20844e-05 -0.134379	
24.41	1.41835e-05 -8.14152e-05 -0.13438	
24.42	1.42318e-05 -8.16773e-05 -0.13438	
24.43	1.39385e-05 -8.008e-05 -0.13438	
24.44	1.41579e-05 -8.12733e-05 -0.13438	
24.45	1.40357e-05 -8.06078e-05 -0.13438	
24.46	1.41947e-05 -8.14721e-05 -0.13438	
24.47	1.41652e-05 -8.13111e-05 -0.13438	
24.48	1.40935e-05 -8.09217e-05 -0.13438	
24.49	1.39713e-05 -8.02575e-05 -0.13438	
24.5	1.38905e-05 -7.98159e-05 -0.13438	
24.51	1.38275e-05 -7.94718e-05 -0.13438	
24.52	1.39184e-05 -7.99644e-05 -0.134381	
24.53	1.37802e-05 -7.92125e-05 -0.134381	
24.54	1.40333e-05 -8.05884e-05 -0.134381	
24.55	1.4099e-05 -8.09441e-05 -0.134381	
24.56	1.39948e-05 -8.03746e-05 -0.134381	
24.57	1.41721e-05 -8.13369e-05 -0.134381	
24.58	1.41295e-05 -8.11003e-05 -0.134381	
24.59	1.42055e-05 -8.1512e-05 -0.134381	
24.6	1.42386e-05 -8.16927e-05 -0.134381	
24.61	1.41636e-05 -8.12831e-05 -0.134382	
24.62	1.425e-05 -8.1751e-05 -0.134382	
24.63	1.45251e-05 -8.32454e-05 -0.134382	
24.64	1.43899e-05 -8.25083e-05 -0.134382	
24.65	1.4434e-05 -8.27457e-05 -0.134382	
24.66	1.44778e-05 -8.2983e-05 -0.134382	
24.67	1.4522e-05 -8.32216e-05 -0.134382	
24.68	1.46909e-05 -8.41428e-05 -0.134382	
24.69	1.4735e-05 -8.43812e-05 -0.134382	
24.7	1.47254e-05 -8.43299e-05 -0.134382	
24.71	1.47603e-05 -8.4518e-05 -0.134382	
24.72	1.47414e-05 -8.44153e-05 -0.134382	
24.73	1.49365e-05 -8.54742e-05 -0.134382	
24.74	1.54608e-05 -8.83243e-05 -0.134382	
24.75	1.62484e-05 -9.26098e-05 -0.134381	
24.76	1.68101e-05 -9.56631e-05 -0.134381	
24.77	1.73221e-05 -9.8446e-05 -0.134381	
24.78	1.76268e-05 -0.000100106 -0.134381	
24.79	1.80492e-05 -0.000102403 -0.13438	
24.8	1.83073e-05 -0.000103809 -0.13438	
24.81	1.87039e-05 -0.000105967 -0.13438	
24.82	1.92596e-05 -0.00010899 -0.134379	
24.83	1.97485e-05 -0.000111646 -0.134379	
24.84	2.02337e-05 -0.000114283 -0.134379	
24.85	2.06587e-05 -0.000116593 -0.134379	
24.86	2.08927e-05 -0.000117867 -0.134379	
24.87	2.11796e-05 -0.000119426 -0.134379	
24.88	2.14664e-05 -0.000120984 -0.134379	
24.89	2.18029e-05 -0.000122813 -0.134379	
24.9	2.21393e-05 -0.00012464 -0.134378	
24.91	2.26245e-05 -0.000127277 -0.134378	
24.92	2.31079e-05 -0.000129906 -0.134378	
24.93	2.35214e-05 -0.000132152 -0.134378	
24.94	2.42656e-05 -0.000136199 -0.134378	
24.95	2.50494e-05 -0.00014046 -0.134377	
24.96	2.54517e-05 -0.000142644 -0.134377	
24.97	2.55063e-05 -0.000142945 -0.134377	
24.98	2.53389e-05 -0.000142037 -0.134377	
24.99	2.50211e-05 -0.000140309 -0.134377	
25	2.48253e-05 -0.000139246 -0.134377	
25.01	2.43591e-05 -0.000136714 -0.134377	
25.02	2.42363e-05 -0.000136047 -0.134377	
25.03	2.38189e-05 -0.000133778 -0.134377	
25.04	2.36346e-05 -0.000132776 -0.134377	
25.05	2.36464e-05 -0.000132841 -0.134377	
25.06	2.33021e-05 -0.000130969 -0.134378	
25.07	2.33024e-05 -0.000130969 -0.134378	
25.08	2.31303e-05 -0.000130033 -0.134378	
25.09	2.31791e-05 -0.000130296 -0.134378	
25.1	2.31303e-05 -0.000130033 -0.134378	
25.11	2.28971e-05 -0.000128764 -0.134378	
25.12	2.27485e-05 -0.000127956 -0.134378	
25.13	2.25621e-05 -0.000126942 -0.134378	
25.14	2.24018e-05 -0.000126069 -0.134378	
25.15	2.24132e-05 -0.000126129 -0.134378	
25.16	2.24132e-05 -0.000126129 -0.134378	
25.17	2.25734e-05 -0.000127 -0.134378	
25.18	2.26347e-05 -0.000127333 -0.134378	
25.19	2.24624e-05 -0.000126398 -0.134378	
25.2	2.24624e-05 -0.000126398 -0.134378	
25.21	2.24505e-05 -0.000126333 -0.134378	
25.22	2.24502e-05 -0.000126332 -0.134378	
25.23	2.24616e-05 -0.000126396 -0.134378	
25.24	2.22777e-05 -0.000125396 -0.134378	
25.25	2.21168e-05 -0.000124524 -0.134378	
25.26	2.21046e-05 -0.000124458 -0.134378	
25.27	2.21653e-05 -0.000124787 -0.134378	
25.28	2.18705e-05 -0.000123183 -0.134378	
25.29	2.17477e-05 -0.000122514 -0.134378	
25.3	2.17471e-05 -0.000122513 -0.134378	
25.31	2.17962e-05 -0.000122779 -0.134378	
25.32	2.16734e-05 -0.000122112 -0.134378	
25.33	2.16008e-05 -0.000121714 -0.134379	
25.34	2.14281e-05 -0.000120778 -0.134378	
25.35	2.13065e-05 -0.000120115 -0.134379	
25.36	2.11745e-05 -0.000119394 -0.134379	
25.37	2.10044e-05 -0.000118467 -0.134379	
25.38	2.09345e-05 -0.000118083 -0.13438	
25.39	2.08874e-05 -0.000117825 -0.13438	
25.4	2.08384e-05 -0.000117558 -0.13438	
25.41	2.07184e-05 -0.000116903 -0.13438	
25.42	2.07184e-05 -0.000116903 -0.13438	
25.43	2.06183e-05 -0.000116361 -0.13438	
25.44	2.04495e-05 -0.00011544 -0.13438	
25.45	2.04006e-05 -0.000115174 -0.13438	
25.46	2.04006e-05 -0.000115174 -0.13438	
25.47	2.02181e-05 -0.000114181 -0.13438	
25.48	2.00471e-05 -0.000113251 -0.134381	
25.49	2.01806e-05 -0.000113978 -0.13438	
25.5	1.99494e-05 -0.00011272 -0.134381	
25.51	2.01345e-05 -0.000113724 -0.134381	
25.52	2.0034e-05 -0.000113181 -0.13438	
25.53	1.98517e-05 -0.000112189 -0.134381	
25.54	1.98517e-05 -0.000112189 -0.134381	
25.55	1.99112e-05 -0.000112515 -0.13438	
25.56	1.97768e-05 -0.000111786 -0.13438	
25.57	1.9708e-05 -0.00011141 -0.134381	
25.58	1.94168e-05 -0.000109827 -0.134381	
25.59	1.92967e-05 -0.000109174 -0.134381	
25.6	1.9058e-05 -0.000107874 -0.134381	
25.61	1.89273e-05 -0.000107164 -0.134381	
25.62	1.88611e-05 -0.0001068 -0.134381	
25.63	1.87423e-05 -0.000106153 -0.134381	
25.64	1.87302e-05 -0.00010609 -0.134381	
25.65	1.88356e-05 -0.000106659 -0.134382	
25.66	1.88883e-05 -0.000106944 -0.134382	
25.67	1.87178e-05 -0.000106016 -0.134382	
25.68	1.87067e-05 -0.000105955 -0.134382	
25.69	1.87178e-05 -0.000106016 -0.134382	
25.7	1.87182e-05 -0.000106017 -0.134382	
25.71	1.86219e-05 -0.000105493 -0.134382	
25.72	1.85743e-05 -0.000105232 -0.134382	
25.73	1.8527e-05 -0.000104971 -0.134382	
25.74	1.86979e-05 -0.0001059 -0.134382	
25.75	1.86983e-05 -0.0001059 -0.134383	
25.76	1.86983e-05 -0.0001059 -0.134383	
25.77	1.85485e-05 -0.000105089 -0.134382	
25.78	1.82333e-05 -0.000103374 -0.134383	
25.79	1.82105e-05 -0.000103251 -0.134383	
25.8	1.79045e-05 -0.00010159 -0.134382	
25.81	1.77653e-05 -0.000100829 -0.134383	
25.82	1.77369e-05 -0.000100678 -0.134383	
25.83	1.7592e-05 -9.989e-05 -0.134383	
25.84	1.74361e-05 -9.90417e-05 -0.134383	
25.85	1.75634e-05 -9.97323e-05 -0.134383	
25.86	1.75524e-05 -9.96717e-05 -0.134383	
25.87	1.73284e-05 -9.84559e-05 -0.134383	
25.88	1.75041e-05 -9.94093e-05 -0.134383	
25.89	1.75044e-05 -9.941e-05 -0.134383	
25.9	1.75047e-05 -9.94106e-05 -0.134383	
25.91	1.72328e-05 -9.79329e-05 -0.134383	
25.92	1.74085e-05 -9.88865e-05 -0.134383	
25.93	1.72468e-05 -9.80096e-05 -0.134383	
25.94	1.7102e-05 -9.72221e-05 -0.134383	
25.95	1.70055e-05 -9.66972e-05 -0.134383	
25.96	1.68547e-05 -9.58801e-05 -0.134383	
25.97	1.68125e-05 -9.56476e-05 -0.134383	
25.98	1.65171e-05 -9.40429e-05 -0.134383	
25.99	1.62339e-05 -9.25003e-05 -0.134384	
26	1.58e-05 -9.01404e-05 -0.134384	
26.01	1.55946e-05 -8.90245e-05 -0.134384	
26.02	1.51979e-05 -8.68675e-05 -0.134384	
26.03	1.49089e-05 -8.52953e-05 -0.134384	
26.04	1.46199e-05 -8.37236e-05 -0.134385	
26.05	1.43311e-05 -8.21525e-05 -0.134385	
26.06	1.41363e-05 -8.10888e-05 -0.134385	
26.07	1.39921e-05 -8.03042e-05 -0.134385	
26.08	1.38375e-05 -7.94617e-05 -0.134386	
26.09	1.38992e-05 -7.97979e-05 -0.134386	
26.1	1.3972e-05 -8.01934e-05 -0.134385	
26.11	1.39218e-05 -7.99174e-05 -0.134386	
26.12	1.37105e-05 -7.87689e-05 -0.134386	
26.13	1.39513e-05 -8.00805e-05 -0.134386	
26.14	1.39124e-05 -7.98648e-05 -0.134386	
26.15	1.37593e-05 -7.90349e-05 -0.134386	
26.16	1.37095e-05 -7.87606e-05 -0.134386	
26.17	1.36043e-05 -7.81916e-05 -0.134386	
26.18	1.35657e-05 -7.79774e-05 -0.134386	
26.19	1.35327e-05 -7.78013e-05 -0.134386	
26.2	1.34846e-05 -7.75399e-05 -0.134386	
26.21	1.34739e-05 -7.74811e-05 -0.134386	
26.22	1.35311e-05 -7.77898e-05 -0.134386	
26.23	1.34938e-05 -7.75872e-05 -0.134386	
26.24	1.31132e-05 -7.55191e-05 -0.134386	
26.25	1.3109e-05 -7.5496e-05 -0.134386	
26.26	1.27633e-05 -7.36181e-05 -0.134386	
26.27	1.24746e-05 -7.2044e-05 -0.134387	
26.28	1.22348e-05 -7.07394e-05 -0.134387	
26.29	1.19369e-05 -6.91212e-05 -0.134387	
26.3	1.17313e-05 -6.80004e-05 -0.134387	
26.31	1.17926e-05 -6.83337e-05 -0.134387	
26.32	1.16967e-05 -6.78124e-05 -0.134387	
26.33	1.14813e-05 -6.66396e-05 -0.134388	
26.34	1.12312e-05 -6.52815e-05 -0.134388	
26.35	1.10984e-05 -6.45558e-05 -0.134388	
26.36	1.09784e-05 -6.39039e-05 -0.134388	
26.37	1.06809e-05 -6.22844e-05 -0.134388	
26.38	1.05017e-05 -6.13128e-05 -0.134388	
26.39	1.05365e-05 -6.15002e-05 -0.134388	
26.4	1.04411e-05 -6.09802e-05 -0.134388	
26.41	1.05123e-05 -6.13685e-05 -0.134388	
26.42	1.04765e-05 -6.11697e-05 -0.134389	
26.43	1.04999e-05 -6.12976e-05 -0.134388	
26.44	1.03086e-05 -6.02566e-05 -0.134389	
26.45	1.02362e-05 -5.98635e-05 -0.134389	
26.46	1.0045e-05 -5.88227e-05 -0.134389	
26.47	9.92465e-06 -5.81688e-05 -0.134389	
26.48	9.68536e-06 -5.68676e-05 -0.134389	
26.49	9.62551e-06 -5.65399e-05 -0.134389	
26.5	9.56596e-06 -5.62137e-05 -0.134389	
26.51	9.23194e-06 -5.43958e-05 -0.13439	
26.52	9.06393e-06 -5.34823e-05 -0.13439	
26.53	8.89584e-06 -5.25682e-05 -0.13439	
26.54	8.7893e-06 -5.19863e-05 -0.13439	
26.55	8.84862e-06 -5.2308e-05 -0.13439	
26.56	8.78842e-06 -5.19815e-05 -0.13439	
26.57	8.57277e-06 -5.08075e-05 -0.13439	
26.58	8.59009e-06 -5.08963e-05 -0.134391	
26.59	8.39671e-06 -4.98443e-05 -0.134391	
26.6	8.37381e-06 -4.97179e-05 -0.134391	
26.61	8.02739e-06 -4.78325e-05 -0.134391	
26.62	7.98815e-06 -4.76174e-05 -0.134392	
26.63	7.89101e-06 -4.70878e-05 -0.134392	
26.64	7.84319e-06 -4.68266e-05 -0.134392	
26.65	7.87176e-06 -4.69841e-05 -0.134392	
26.66	7.92681e-06 -4.72825e-05 -0.134392	
26.67	8.23953e-06 -4.89844e-05 -0.134391	
26.68	8.2344e-06 -4.89548e-05 -0.134392	
26.69	8.6496e-06 -5.12161e-05 -0.134391	
26.7	8.88159e-06 -5.2482e-05 -0.134391	
26.71	9.50526e-06 -5.58763e-05 -0.13439	
26.72	9.93638e-06 -5.82263e-05 -0.134389	
26.73	1.00226e-05 -5.86967e-05 -0.134389	
26.74	1.02814e-05 -6.01037e-05 -0.134389	
26.75	1.05014e-05 -6.13e-05 -0.134389	
26.76	1.09027e-05 -6.34862e-05 -0.134388	
26.77	1.09303e-05 -6.36371e-05 -0.134388	
26.78	1.09099e-05 -6.35253e-05 -0.134388	
26.79	1.12141e-05 -6.51822e-05 -0.134388	
26.8	1.10868e-05 -6.44897e-05 -0.134388	
26.81	1.12384e-05 -6.53118e-05 -0.134388	
26.82	1.13666e-05 -6.60129e-05 -0.134388	
26.83	1.1478e-05 -6.66184e-05 -0.134388	
26.84	1.17696e-05 -6.82073e-05 -0.134387	
26.85	1.19565e-05 -6.92258e-05 -0.134387	
26.86	1.20779e-05 -6.98867e-05 -0.134387	
26.87	1.21991e-05 -7.05465e-05 -0.134387	
26.88	1.20552e-05 -6.97604e-05 -0.134387	
26.89	1.20032e-05 -6.948e-05 -0.134387	
26.9	1.22026e-05 -7.05634e-05 -0.134387	
26.91	1.20089e-05 -6.95096e-05 -0.134387	
26.92	1.19285e-05 -6.90733e-05 -0.134387	
26.93	1.15896e-05 -6.72294e-05 -0.134387	
26.94	1.1009e-05 -6.40702e-05 -0.134388	
26.95	1.04772e-05 -6.11764e-05 -0.134388	
26.96	9.79138e-06 -5.74447e-05 -0.134389	
26.97	9.01944e-06 -5.32435e-05 -0.13439	
26.98	8.5291e-06 -5.05774e-05 -0.13439	
26.99	8.14874e-06 -4.85068e-05 -0.13439	
27	7.72633e-06 -4.62078e-05 -0.134391	
27.01	7.361e-06 -4.4219e-05 -0.134391	
27.02	6.83336e-06 -4.13466e-05 -0.134391	
27.03	6.62481e-06 -4.02083e-05 -0.134392	
27.04	6.6171e-06 -4.01639e-05 -0.134392	
27.05	6.95954e-06 -4.20238e-05 -0.134392	
27.06	7.41918e-06 -4.45252e-05 -0.134392	
27.07	7.65599e-06 -4.58132e-05 -0.134392	
27.08	7.93979e-06 -4.73591e-05 -0.134391	
27.09	8.01309e-06 -4.7761e-05 -0.134391	
27.1	8.00529e-06 -4.77197e-05 -0.134391	
27.11	7.85953e-06 -4.69279e-05 -0.134391	
27.12	7.67214e-06 -4.59116e-05 -0.134391	
27.13	7.1574e-06 -4.3111e-05 -0.134391	
27.14	6.87164e-06 -4.15556e-05 -0.134391	
27.15	6.66443e-06 -4.04313e-05 -0.134391	
27.16	6.32528e-06 -3.85864e-05 -0.134391	
27.17	6.35147e-06 -3.87271e-05 -0.134392	
27.18	6.51197e-06 -3.96031e-05 -0.134391	
27.19	6.54822e-06 -3.97987e-05 -0.134391	
27.2	6.58305e-06 -3.99877e-05 -0.134391	
27.21	6.72302e-06 -4.07485e-05 -0.134391	
27.22	6.82559e-06 -4.13085e-05 -0.134391	
27.23	7.0697e-06 -4.26368e-05 -0.134391	
27.24	7.27696e-06 -4.37661e-05 -0.134391	
27.25	7.54143e-06 -4.52063e-05 -0.13439	
27.26	7.67862e-06 -4.59513e-05 -0.13439	
27.27	7.69048e-06 -4.60152e-05 -0.13439	
27.28	7.62602e-06 -4.56648e-05 -0.13439	
27.29	7.52657e-06 -4.51256e-05 -0.13439	
27.3	7.31372e-06 -4.39663e-05 -0.134391	
27.31	7.26244e-06 -4.36863e-05 -0.134391	
27.32	6.95311e-06 -4.20032e-05 -0.134391	
27.33	6.70699e-06 -4.06647e-05 -0.134391	
27.34	6.61466e-06 -4.01616e-05 -0.134391	
27.35	6.41894e-06 -3.90934e-05 -0.134392	
27.36	6.25461e-06 -3.8196e-05 -0.134392	
27.37	5.79307e-06 -3.56833e-05 -0.134392	
27.38	5.36389e-06 -3.33496e-05 -0.134393	
27.39	4.94502e-06 -3.10709e-05 -0.134393	
27.4	4.51255e-06 -2.87229e-05 -0.134393	
27.41	4.58696e-06 -2.91331e-05 -0.134392	
27.42	4.64536e-06 -2.9462e-05 -0.134391	
27.43	4.70359e-06 -2.9788e-05 -0.134391	
27.44	4.7734e-06 -3.01752e-05 -0.13439	
27.45	5.15525e-06 -3.22593e-05 -0.134389	
27.46	5.09882e-06 -3.1955e-05 -0.134389	
27.47	5.04651e-06 -3.16761e-05 -0.134389	
27.48	5.12391e-06 -3.21039e-05 -0.134388	
27.49	5.24994e-06 -3.2792e-05 -0.134388	
27.5	5.24009e-06 -3.27402e-05 -0.134388	
27.51	5.20122e-06 -3.25322e-05 -0.134387	
27.52	5.33995e-06 -3.32897e-05 -0.134387	
27.53	5.26522e-06 -3.28879e-05 -0.134387	
27.54	5.21809e-06 -3.26344e-05 -0.134387	
27.55	5.08565e-06 -3.19154e-05 -0.134387	
27.56	5.2118e-06 -3.26046e-05 -0.134386	
27.57	5.11968e-06 -3.21053e-05 -0.134386	
27.58	4.7843e-06 -3.02831e-05 -0.134386	
27.59	4.03773e-06 -2.62238e-05 -0.134387	
27.6	3.46599e-06 -2.31166e-05 -0.134387	
27.61	2.69602e-06 -1.89275e-05 -0.134387	
27.62	1.81584e-06 -1.41405e-05 -0.134388	
27.63	1.25494e-06 -1.10925e-05 -0.134388	
27.64	8.77483e-07 -9.04384e-06 -0.134388	
27.65	6.3238e-07 -7.71326e-06 -0.134388	
27.66	7.40736e-07 -8.31071e-06 -0.134387	
27.67	1.19152e-06 -1.07729e-05 -0.134386	
27.68	1.59091e-06 -1.29537e-05 -0.134385	
27.69	2.3241e-06 -1.69513e-05 -0.134384	
27.7	3.41643e-06 -2.29052e-05 -0.134382	
27.71	4.64231e-06 -2.95853e-05 -0.13438	
27.72	5.68897e-06 -3.52936e-05 -0.134378	
27.73	6.35224e-06 -3.89147e-05 -0.134377	
27.74	7.49378e-06 -4.51388e-05 -0.134375	
27.75	8.66289e-06 -5.15106e-05 -0.134373	
27.76	9.91009e-06 -5.83077e-05 -0.134372	
27.77	1.0346e-05 -6.06873e-05 -0.134371	
27.78	9.97536e-06 -5.86743e-05 -0.134371	
27.79	8.77289e-06 -5.21364e-05 -0.134371	
27.8	7.08371e-06 -4.29519e-05 -0.134372	
27.81	5.42877e-06 -3.39513e-05 -0.134373	
27.82	0.0999587 -0.65356 4.23552	
27.83	0.0768201 -0.537736 5.9718	
27.84	-0.0162706 -0.0683478 7.25037	
27.85	-0.00371721 0.0241638 6.06429	
27.86	-0.026329 0.102885 5.77943	
27.87	-0.00815497 0.0156939 6.26287	
27.88	-0.00142056 -0.0287349 4.78714	
27.89	0.00153152 -0.0589417 3.64055	
27.9	0.00164292 -0.0477102 2.6274	
27.91	0.00294633 -0.0502149 1.8894	
27.92	0.00337543 -0.047429 1.34783	
27.93	0.00252165 -0.0351532 0.949202	
27.94	-0.0631501 -1.68864 -0.247475	
27.95	-0.0755014 -2.76286 -0.240113	
27.96	-0.160508 -1.37777 3.73377	
27.97	0.428998 -0.172623 4.92824	
27.98	-0.373641 0.847847 6.66889	
27.99	-0.352423 0.716511 4.77423	
28	-0.30269 0.578741 3.41696	
28.01	-0.243758 0.312309 2.04072	
28.02	-0.187559 0.237733 1.44863	
28.03	-0.270201 -0.0123041 0.84882	
28.04	-0.19784 -0.00874349 0.583418	
28.05	-0.143928 -0.00710107 0.390772	
28.06	-0.104889 -0.00553652 0.249371	
28.07	-0.076501 -0.00422403 0.146188	
28.08	-0.0559267 -0.00309485 0.0703861	
28.09	-0.0410052 -0.0021481 0.0148936	
28.1	1.20146 -0.193585 -0.669915	
28.11	0.880613 -0.150527 -0.59317	
28.12	0.673964 -0.0610798 -0.627021	
28.13	0.52076 0.00137126 -0.638634	
28.14	2.04895 0.0757701 1.49685	
28.15	-3.12735 -1.65436 1.04302	
28.16	-1.06259 -0.306713 1.47608	
28.17	-0.951419 -0.344409 1.07061	
28.18	-0.869867 -0.420844 0.74355	
28.19	-0.806913 0.0846393 1.24546	
28.2	-0.770135 0.0730849 1.02365	
28.21	-0.675028 0.0884793 0.822381	
28.22	-5.37686 -1.02387 5.52838	
28.23	-3.99721 -0.493973 1.4605	
28.24	-2.9378 -0.379475 1.0363	
28.25	-2.14161 -0.305575 0.71929	
28.26	-1.55833 -0.247423 0.487112	
28.27	-1.14142 -0.177419 0.320225	
28.28	-0.837881 -0.116841 0.198551	
28.29	-0.613274 -0.0793999 0.108779	
28.3	-0.449131 -0.0541809 0.0431822	
28.31	-4.75235 -1.48039 -0.982809	
28.32	-5.7596 -0.868164 -1.10921	
28.33	-4.21983 -0.609053 -0.850059	
28.34	-3.09024 -0.421168 -0.659678	
28.35	-2.26034 -0.306049 -0.519127	
28.36	-1.65055 -0.234473 -0.415428	
28.37	-1.20699 -0.170833 -0.340355	
28.38	-0.882754 -0.123853 -0.285492	
28.39	-0.641233 -0.0631084 -0.244866	
28.4	-0.468855 -0.0460791 -0.2156	
28.41	-0.342844 -0.0335085 -0.19421	
28.42	-0.250841 -0.0235709 -0.178615	
28.43	-0.183493 -0.0167023 -0.167187	
28.44	-0.134191 -0.0120394 -0.158811	
28.45	-0.0981096 -0.00873135 -0.152676	
28.46	-0.0716745 -0.006839 -0.148168	
28.47	-0.0523351 -0.00536369 -0.144872	
28.48	-0.0382501 -0.00399346 -0.14248	
28.49	-0.0280061 -0.00273758 -0.140748	
28.5	-0.0204929 -0.00189385 -0.139476	
28.51	-0.0149896 -0.00134002 -0.138542	
28.52	-0.0109619 -0.000964444 -0.137857	
28.53	-0.00801528 -0.000701135 -0.137356	
28.54	-0.00585522 -0.000562901 -0.136987	
28.55	-0.00428012 -0.00042514 -0.136719	
28.56	-0.00312687 -0.000317545 -0.136523	
28.57	-0.00228633 -0.000233392 -0.136381	
28.58	-0.00167133 -0.000171356 -0.136276	
28.59	-0.00167142 -0.000170016 -0.136276	
28.6	-0.00167108 -0.000172642 -0.136276	
28.61	-0.00166764 -0.000185226 -0.136275	
28.62	-0.00166446 -0.00019706 -0.136274	
28.63	-0.00165984 -0.000209748 -0.136273	
28.64	-0.00165789 -0.000214145 -0.136272	
28.65	-0.00165752 -0.000215561 -0.136272	
28.66	-0.00165805 -0.0002143 -0.136272	
28.67	-0.00165852 -0.000213153 -0.136273	
28.68	-0.00165842 -0.000212865 -0.136273	
28.69	-0.00165883 -0.000212382 -0.136273	
28.7	-0.00165842 -0.000213409 -0.136273	
28.71	-0.00165778 -0.000216503 -0.136272	
28.72	-0.00165634 -0.000218789 -0.136272	
28.73	-0.0016558 -0.000219498 -0.136272	
28.74	-0.0016577 -0.000216157 -0.136272	
28.75	-0.00166113 -0.000205901 -0.136273	
28.76	-0.00166326 -0.000199612 -0.136274	
28.77	-0.00166524 -0.000194071 -0.136274	
28.78	-0.00166637 -0.000190246 -0.136275	
28.79	-0.00166791 -0.000184682 -0.136275	
28.8	-0.00166826 -0.0001811 -0.136275	
28.81	-0.00166912 -0.000179919 -0.136276	
28.82	-0.00166967 -0.000178602 -0.136276	
28.83	-0.00166937 -0.000179345 -0.136276	
28.84	-0.0016695 -0.000178364 -0.136276	
28.85	-0.0016695 -0.000178364 -0.136276	
28.86	-0.00167209 -0.000173045 -0.136276	
28.87	-0.00167439 -0.000169501 -0.136277	
28.88	-0.00167524 -0.000167954 -0.136277	
28.89	-0.0016755 -0.000167718 -0.136277	
28.9	-0.00166991 -0.000177153 -0.136276	
28.91	-0.00166982 -0.000177979 -0.136276	
28.92	-0.00166982 -0.000177979 -0.136276	
28.93	-0.00166982 -0.000177979 -0.136276	
28.94	-0.00166982 -0.000177979 -0.136276	
28.95	-0.00166982 -0.000177979 -0.136276	
28.96	-0.00166982 -0.000177979 -0.136276	
28.97	-0.00167001 -0.000178577 -0.136276	
28.98	-0.00166982 -0.000177979 -0.136276	
28.99	-0.00166982 -0.000177979 -0.136276	
29	-0.00166986 -0.000177823 -0.136276	
29.01	-0.00166973 -0.000178805 -0.136276	
29.02	-0.00166982 -0.000177979 -0.136276	
29.03	-0.00166982 -0.000177979 -0.136276	
29.04	-0.00166982 -0.000177979 -0.136276	
29.05	-0.0016701 -0.00017775 -0.136276	
29.06	-0.00166973 -0.000178805 -0.136276	
29.07	-0.00166986 -0.000177823 -0.136276	
29.08	-0.00166986 -0.000177823 -0.136276	
29.09	-0.00166982 -0.000177979 -0.136276	
29.1	-0.00166982 -0.000177979 -0.136276	
29.11	-0.00166982 -0.000177979 -0.136276	
29.12	-0.00166982 -0.000177979 -0.136276	
29.13	-0.00166982 -0.000177979 -0.136276	
29.14	-0.00166982 -0.000177979 -0.136276	
29.15	-0.00166977 -0.000178649 -0.136276	
29.16	-0.00166954 -0.000178208 -0.136276	
29.17	-0.00166986 -0.000177823 -0.136276	
29.18	-0.00166954 -0.000178208 -0.136276	
29.19	-0.00166954 -0.000178208 -0.136276	
29.2	-0.00166954 -0.000178208 -0.136276	
29.21	-0.00166954 -0.000178208 -0.136276	
29.22	-0.00166954 -0.000178208 -0.136276	
29.23	-0.00166954 -0.000178208 -0.136276	
29.24	-0.00166954 -0.000178208 -0.136276	
29.25	-0.00166954 -0.000178208 -0.136276	
29.26	-0.00166954 -0.000178208 -0.136276	
29.27	-0.00166954 -0.000178208 -0.136276	
29.28	-0.00166954 -0.000178208 -0.136276	
29.29	-0.00166954 -0.000178208 -0.136276	
