# Gnuplot File : positions of 1 particle(s) Monitored
# 1st Column : time, others : particle(s) number 0 
0.01	9.98684 20.0167 3.11979	
0.02	9.98787 20.0167 3.11951	
0.03	9.98787 20.0167 3.11932	
0.04	9.98633 20.0163 3.11761	
0.05	9.98659 20.0167 3.11906	
0.06	9.98659 20.0167 3.11899	
0.07	9.98787 20.0167 3.11894	
0.08	9.98787 20.0167 3.1189	
0.09	9.98659 20.0167 3.11886	
0.1	9.98787 20.0167 3.11885	
0.11	9.98787 20.0167 3.11883	
0.12	9.98787 20.0167 3.11882	
0.13	9.98659 20.0167 3.1188	
0.14	9.98787 20.0163 3.11726	
0.15	9.98787 20.0167 3.1188	
0.16	9.98659 20.0163 3.11725	
0.17	9.98787 20.0163 3.11725	
0.18	9.98659 20.0167 3.11879	
0.19	9.98787 20.0167 3.1188	
0.2	9.98762 20.0167 3.11878	
0.21	9.98787 20.0167 3.1188	
0.22	9.97542 20.0159 3.11628	
0.23	9.94621 20.013 3.10941	
0.24	9.93937 20.0126 3.10909	
0.25	9.93695 20.0123 3.10837	
0.26	9.93622 20.0122 3.10815	
0.27	9.92958 20.0126 3.111	
0.28	9.93574 20.0121 3.108	
0.29	9.9355 20.0116 3.10638	
0.3	9.91962 19.6561 3.43682	
0.31	9.89907 18.9179 4.01735	
0.32	9.85275 18.5461 4.47592	
0.33	9.83267 18.0944 4.88641	
0.34	10.0043 17.6927 5.11339	
0.35	10.0281 17.5035 5.21394	
0.36	10.0829 17.471 5.26252	
0.37	10.1091 17.3949 5.29868	
0.38	10.1024 17.0714 5.33796	
0.39	10.0287 16.8729 5.27858	
0.4	10.0415 16.7289 5.0362	
0.41	10.0476 16.7994 4.98371	
0.42	10.0397 16.8262 4.98592	
0.43	10.0282 16.7219 4.95665	
0.44	10.0187 16.6285 4.7934	
0.45	10.0539 16.629 4.58878	
0.46	10.0672 16.8537 4.54659	
0.47	10.0347 16.8753 4.54181	
0.48	10.1072 16.879 4.5642	
0.49	10.2624 16.9642 4.75793	
0.5	10.6698 17.1074 5.11278	
0.51	10.9828 17.1048 5.46399	
0.52	11.2653 17.1571 5.60753	
0.53	11.406 17.145 5.68464	
0.54	11.545 17.1604 5.80827	
0.55	11.6291 17.1779 5.86944	
0.56	11.6783 17.1061 5.86114	
0.57	11.7906 17.0324 5.7494	
0.58	11.956 17.0185 5.66937	
0.59	12.0367 17.0302 5.66234	
0.6	12.041 17.0484 5.64408	
0.61	12.0461 17.0386 5.63877	
0.62	12.05 17.0271 5.56852	
0.63	12.043 17.1156 5.43255	
0.64	12.0371 17.1581 5.32679	
0.65	12.0155 17.2757 5.25079	
0.66	11.9959 17.3618 5.22868	
0.67	11.9802 17.3722 5.23508	
0.68	11.9807 17.3674 5.2394	
0.69	11.9841 17.3478 5.24042	
0.7	11.9961 17.3275 5.23688	
0.71	11.9888 17.3411 5.29292	
0.72	11.9769 17.3917 5.44856	
0.73	11.949 17.5291 5.69976	
0.74	11.9204 17.7271 5.94259	
0.75	11.8542 18.0187 6.0073	
0.76	11.742 18.1274 6.00001	
0.77	11.6784 18.1459 6.02384	
0.78	11.6727 18.1363 6.02306	
0.79	11.6894 18.057 5.97022	
0.8	11.6862 18.0329 5.9332	
0.81	11.6764 18.0253 5.92554	
0.82	11.7027 17.9182 5.89169	
0.83	11.7478 17.7524 5.78121	
0.84	11.7952 17.6467 5.59221	
0.85	11.8256 17.6324 5.46153	
0.86	11.8414 17.6129 5.37531	
0.87	11.851 17.6242 5.28241	
0.88	11.8643 17.6552 5.14271	
0.89	11.8744 17.6825 4.9899	
0.9	11.8819 17.6831 4.87972	
0.91	11.8971 17.6828 4.81103	
0.92	11.9266 17.6808 4.7756	
0.93	11.9565 17.6878 4.76529	
0.94	11.9867 17.7006 4.75912	
0.95	12.0066 17.7254 4.71881	
0.96	12.0341 17.7939 4.59818	
0.97	12.0864 17.8654 4.4015	
0.98	12.1496 17.857 4.22042	
0.99	12.1801 17.8265 4.12454	
1	12.2003 17.7974 4.05265	
1.01	12.2154 17.7541 3.99921	
1.02	12.2347 17.683 3.96251	
1.03	12.2546 17.6039 3.94453	
1.04	12.2717 17.5297 3.92821	
1.05	12.2904 17.467 3.91467	
1.06	12.3117 17.4273 3.90569	
1.07	12.324 17.3834 3.89364	
1.08	12.34 17.3144 3.88125	
1.09	12.359 17.2347 3.86587	
1.1	12.3788 17.1493 3.84817	
1.11	12.4002 17.0589 3.83339	
1.12	12.4281 16.9591 3.82061	
1.13	12.4539 16.8497 3.81342	
1.14	12.4854 16.6992 3.85031	
1.15	12.5138 16.5744 3.92616	
1.16	12.5424 16.4616 4.00808	
1.17	12.5647 16.3685 4.06351	
1.18	12.5821 16.2765 4.09788	
1.19	12.6062 16.1751 4.13365	
1.2	12.6384 16.0393 4.16113	
1.21	12.6706 15.8898 4.17315	
1.22	12.704 15.7346 4.18513	
1.23	12.7356 15.587 4.20432	
1.24	12.7638 15.4127 4.22953	
1.25	12.774 15.2626 4.2577	
1.26	12.7843 15.1238 4.2877	
1.27	12.7932 14.9832 4.31774	
1.28	12.8031 14.8357 4.34909	
1.29	12.8154 14.6908 4.38237	
1.3	12.8207 14.5514 4.43223	
1.31	12.8121 14.4076 4.50723	
1.32	12.7818 14.2771 4.57141	
1.33	12.7299 14.1592 4.63591	
1.34	12.6608 14.0589 4.68327	
1.35	12.6085 13.97 4.71177	
1.36	12.5818 13.9054 4.72783	
1.37	12.5713 13.8485 4.75056	
1.38	12.5666 13.7912 4.79451	
1.39	12.5728 13.7437 4.84001	
1.4	12.5719 13.6839 4.88531	
1.41	12.5603 13.6199 4.92767	
1.42	12.5558 13.5393 4.95699	
1.43	12.5455 13.4581 4.97481	
1.44	12.5456 13.388 4.9899	
1.45	12.5489 13.3238 5.00318	
1.46	12.5477 13.2588 5.01651	
1.47	12.5423 13.1961 5.02475	
1.48	12.5197 13.1205 5.02729	
1.49	12.4906 13.0377 5.03998	
1.5	12.459 12.9571 5.05799	
1.51	12.4214 12.8654 5.08295	
1.52	12.3687 12.7446 5.11308	
1.53	12.3086 12.6281 5.14016	
1.54	12.2246 12.5034 5.17071	
1.55	12.1251 12.3508 5.20754	
1.56	12.0134 12.203 5.24474	
1.57	11.8805 12.0249 5.29868	
1.58	11.7718 11.9035 5.34994	
1.59	11.7143 11.8247 5.41368	
1.6	11.6682 11.7657 5.50596	
1.61	11.6285 11.7156 5.58777	
1.62	11.5857 11.6632 5.68868	
1.63	11.5273 11.6231 5.78267	
1.64	11.4628 11.5909 5.85634	
1.65	11.3693 11.5611 5.91445	
1.66	11.2797 11.5425 5.98114	
1.67	11.2023 11.5411 6.03211	
1.68	11.1189 11.5419 6.06282	
1.69	11.03 11.5298 6.11044	
1.7	10.9265 11.5018 6.1548	
1.71	10.8088 11.4681 6.18809	
1.72	10.6896 11.4351 6.21239	
1.73	10.5696 11.4026 6.22393	
1.74	10.462 11.3736 6.2373	
1.75	10.3824 11.3519 6.25219	
1.76	10.3216 11.3359 6.2656	
1.77	10.2762 11.3285 6.26936	
1.78	10.2292 11.3208 6.27326	
1.79	10.1936 11.2965 6.2767	
1.8	10.1331 11.2443 6.29441	
1.81	10.0708 11.1924 6.31565	
1.82	9.98569 11.1449 6.3342	
1.83	9.92209 11.134 6.3428	
1.84	9.86962 11.1326 6.34514	
1.85	9.8235 11.1337 6.35069	
1.86	9.7869 11.1331 6.35274	
1.87	9.76303 11.1347 6.35641	
1.88	9.73402 11.1419 6.35976	
1.89	9.71332 11.1418 6.35845	
1.9	9.68965 11.1462 6.35889	
1.91	9.66874 11.1539 6.37178	
1.92	9.65282 11.1663 6.39435	
1.93	9.6385 11.182 6.42307	
1.94	9.63062 11.1924 6.44226	
1.95	9.60999 11.2032 6.46301	
1.96	9.59559 11.2086 6.4822	
1.97	9.58922 11.2194 6.50116	
1.98	9.58128 11.2297 6.51869	
1.99	9.56703 11.2377 6.53306	
2	9.53497 11.239 6.54415	
2.01	9.50646 11.2368 6.55245	
2.02	9.46652 11.2377 6.55262	
2.03	9.43135 11.2328 6.55302	
2.04	9.39764 11.2235 6.55647	
2.05	9.35096 11.2098 6.56158	
2.06	9.31412 11.195 6.56707	
2.07	9.27069 11.1903 6.56758	
2.08	9.21663 11.1922 6.56964	
2.09	9.15435 11.194 6.57019	
2.1	9.09049 11.1956 6.56936	
2.11	9.03201 11.2044 6.57338	
2.12	8.97696 11.2221 6.58168	
2.13	8.92853 11.2444 6.58676	
2.14	8.86044 11.2584 6.60465	
2.15	8.79271 11.2756 6.62882	
2.16	8.73613 11.2862 6.64376	
2.17	8.67291 11.2921 6.64929	
2.18	8.61743 11.2958 6.66098	
2.19	8.56689 11.3039 6.6806	
2.2	8.51887 11.3193 6.73328	
2.21	8.48492 11.3543 6.79012	
2.22	8.44719 11.402 6.86681	
2.23	8.40347 11.4536 6.94627	
2.24	8.36928 11.5068 7.03734	
2.25	8.31912 11.5505 7.11943	
2.26	8.2555 11.6151 7.22282	
2.27	8.19385 11.6804 7.31466	
2.28	8.13266 11.7438 7.40307	
2.29	8.07108 11.799 7.47902	
2.3	7.99792 11.8446 7.53501	
2.31	7.9171 11.8853 7.58368	
2.32	7.83618 11.9143 7.61087	
2.33	7.73854 11.9414 7.63428	
2.34	7.62861 11.959 7.63949	
2.35	7.52395 11.9779 7.63893	
2.36	7.43709 11.9942 7.63808	
2.37	7.35105 12.0254 7.63247	
2.38	7.25197 12.0618 7.63005	
2.39	7.14662 12.0921 7.62372	
2.4	7.05388 12.1125 7.63411	
2.41	6.96836 12.1324 7.64258	
2.42	6.88481 12.1609 7.65552	
2.43	6.79716 12.2028 7.65883	
2.44	6.72318 12.2494 7.65444	
2.45	6.6676 12.2874 7.6498	
2.46	6.64838 12.3157 7.65307	
2.47	6.63818 12.3511 7.6589	
2.48	6.64815 12.3789 7.64939	
2.49	6.66193 12.3954 7.64304	
2.5	6.70364 12.4207 7.62132	
2.51	6.74573 12.4405 7.59067	
2.52	6.79902 12.4749 7.55484	
2.53	6.85978 12.5183 7.51623	
2.54	6.92079 12.5586 7.4895	
2.55	6.95776 12.5828 7.45311	
2.56	6.97334 12.5868 7.40804	
2.57	6.97529 12.5834 7.36575	
2.58	6.97301 12.5645 7.32644	
2.59	6.97374 12.5619 7.26789	
2.6	6.96821 12.573 7.21156	
2.61	6.96451 12.5888 7.13996	
2.62	6.96947 12.6216 7.06565	
2.63	6.96877 12.6588 6.9944	
2.64	6.97327 12.6907 6.9337	
2.65	6.97021 12.7193 6.88687	
2.66	6.96704 12.7336 6.84332	
2.67	6.96914 12.7493 6.80633	
2.68	6.97068 12.7677 6.77592	
2.69	6.96993 12.7927 6.73474	
2.7	6.96992 12.8292 6.67219	
2.71	6.96969 12.8653 6.59929	
2.72	6.96247 12.9044 6.51043	
2.73	6.95761 12.9394 6.41218	
2.74	6.95439 12.9657 6.33189	
2.75	6.94738 12.9967 6.2546	
2.76	6.93462 13.0188 6.19377	
2.77	6.92768 13.0347 6.16958	
2.78	6.91134 13.0486 6.14651	
2.79	6.89382 13.0646 6.1201	
2.8	6.88518 13.0873 6.10069	
2.81	6.87741 13.1238 6.06528	
2.82	6.86681 13.1648 6.02992	
2.83	6.86552 13.1956 5.98756	
2.84	6.86118 13.2381 5.91789	
2.85	6.85785 13.2824 5.85697	
2.86	6.86056 13.3356 5.77156	
2.87	6.8612 13.382 5.70742	
2.88	6.86353 13.4053 5.64849	
2.89	6.86461 13.4136 5.62784	
2.9	6.86146 13.4055 5.62333	
2.91	6.85917 13.3889 5.66842	
2.92	6.85365 13.3637 5.76928	
2.93	6.85177 13.3446 5.84482	
2.94	6.84921 13.338 5.85983	
2.95	6.85415 13.3313 5.86618	
2.96	6.85581 13.3316 5.86711	
2.97	6.86161 13.3303 5.86954	
2.98	6.86165 13.3302 5.86988	
2.99	6.85811 13.342 5.88917	
3	6.86319 13.3684 5.94042	
3.01	6.87095 13.4097 6.01498	
3.02	6.87871 13.4729 6.09528	
3.03	6.87568 13.5467 6.14928	
3.04	6.86524 13.6116 6.19216	
3.05	6.84215 13.6894 6.23203	
3.06	6.82969 13.741 6.23368	
3.07	6.81318 13.7791 6.23129	
3.08	6.79692 13.8103 6.23683	
3.09	6.77763 13.826 6.24497	
3.1	6.75638 13.839 6.25882	
3.11	6.74058 13.858 6.26663	
3.12	6.72366 13.8916 6.26727	
3.13	6.71362 13.9314 6.26018	
3.14	6.70331 13.9888 6.25233	
3.15	6.7033 14.0754 6.23727	
3.16	6.71382 14.1594 6.22118	
3.17	6.73191 14.2476 6.20311	
3.18	6.74919 14.3305 6.17506	
3.19	6.76075 14.3938 6.12502	
3.2	6.77414 14.4527 6.06429	
3.21	6.78349 14.4983 6.00373	
3.22	6.7911 14.536 5.92784	
3.23	6.79732 14.5664 5.85114	
3.24	6.80139 14.5866 5.7656	
3.25	6.80503 14.6047 5.67536	
3.26	6.80987 14.6214 5.58183	
3.27	6.8139 14.641 5.48325	
3.28	6.82425 14.6657 5.3629	
3.29	6.8357 14.6958 5.27206	
3.3	6.84045 14.7198 5.17199	
3.31	6.84629 14.7421 5.07697	
3.32	6.85561 14.7627 4.99202	
3.33	6.86638 14.7835 4.91538	
3.34	6.88256 14.8047 4.86838	
3.35	6.89856 14.8182 4.8266	
3.36	6.91547 14.8499 4.78113	
3.37	6.93256 14.9009 4.71395	
3.38	6.95845 14.97 4.60405	
3.39	6.98018 15.0441 4.46513	
3.4	6.99747 15.1216 4.28589	
3.41	7.01105 15.1744 4.12832	
3.42	7.01506 15.1934 3.99028	
3.43	7.01387 15.1868 3.89605	
3.44	7.00415 15.1633 3.82433	
3.45	6.999 15.1379 3.76883	
3.46	6.9943 15.1148 3.71991	
3.47	6.99066 15.0968 3.65597	
3.48	6.98406 15.0714 3.58673	
3.49	6.98731 15.0551 3.52762	
3.5	6.98242 15.0313 3.47645	
3.51	6.98283 14.9903 3.42836	
3.52	6.97314 14.9258 3.40147	
3.53	6.96153 14.8356 3.38984	
3.54	6.94145 14.7371 3.38372	
3.55	6.92547 14.6338 3.38332	
3.56	6.90824 14.5302 3.38551	
3.57	6.90306 14.425 3.39015	
3.58	6.8999 14.3303 3.39506	
3.59	6.90061 14.2521 3.40196	
3.6	6.92091 14.1636 3.41079	
3.61	6.93045 14.073 3.42363	
3.62	6.93833 13.9716 3.43757	
3.63	6.94773 13.8608 3.4542	
3.64	6.93459 13.7547 3.47179	
3.65	6.91498 13.6213 3.4908	
3.66	6.89718 13.489 3.51421	
3.67	6.88359 13.3553 3.53909	
3.68	6.87237 13.2326 3.56576	
3.69	6.87311 13.1175 3.59091	
3.7	6.86785 12.9837 3.62096	
3.71	6.84849 12.8519 3.65266	
3.72	6.83062 12.7121 3.68891	
3.73	6.80172 12.5592 3.73482	
3.74	6.77747 12.408 3.77501	
3.75	6.76609 12.2745 3.81912	
3.76	6.7552 12.1527 3.86612	
3.77	6.74744 12.0442 3.92072	
3.78	6.74857 11.9408 3.97804	
3.79	6.75321 11.8564 4.02648	
3.8	6.7497 11.7666 4.08853	
3.81	6.75978 11.6746 4.15075	
3.82	6.75583 11.5857 4.19766	
3.83	6.7597 11.4933 4.2531	
3.84	6.77233 11.4068 4.31097	
3.85	6.78377 11.3168 4.36137	
3.86	6.79499 11.2327 4.39813	
3.87	6.8043 11.1588 4.42394	
3.88	6.81833 11.0788 4.455	
3.89	6.82048 11.0066 4.48503	
3.9	6.82977 10.938 4.51225	
3.91	6.83252 10.8706 4.53825	
3.92	6.83661 10.8087 4.5647	
3.93	6.84227 10.7567 4.58669	
3.94	6.84215 10.7204 4.60276	
3.95	6.84469 10.6993 4.61419	
3.96	6.85624 10.6851 4.61536	
3.97	6.87292 10.6674 4.61185	
3.98	6.89581 10.6453 4.61507	
3.99	6.9127 10.6105 4.62265	
4	6.91808 10.563 4.64094	
4.01	6.9254 10.5164 4.66224	
4.02	6.93102 10.4581 4.68202	
4.03	6.95082 10.4089 4.70555	
4.04	6.97925 10.362 4.722	
4.05	7.02256 10.3147 4.74012	
4.06	7.07637 10.2865 4.75312	
4.07	7.13775 10.257 4.76103	
4.08	7.2091 10.2373 4.76669	
4.09	7.287 10.2135 4.77778	
4.1	7.38056 10.1915 4.78172	
4.11	7.47227 10.1645 4.78776	
4.12	7.56725 10.1392 4.7948	
4.13	7.66082 10.1137 4.8006	
4.14	7.75694 10.0847 4.80764	
4.15	7.84615 10.0668 4.81298	
4.16	7.92196 10.0557 4.81496	
4.17	7.99766 10.0447 4.81539	
4.18	8.06427 10.039 4.81615	
4.19	8.12523 10.0346 4.81507	
4.2	8.18479 10.03 4.81428	
4.21	8.23762 10.0264 4.81506	
4.22	8.29542 10.0167 4.81633	
4.23	8.34829 10.0135 4.81712	
4.24	8.39281 10.0106 4.81818	
4.25	8.44553 10.0075 4.81741	
4.26	8.48864 10.0043 4.81873	
4.27	8.5428 10.0019 4.81772	
4.28	8.6012 9.99837 4.81879	
4.29	8.65267 9.99555 4.81987	
4.3	8.69021 9.99203 4.81586	
4.31	8.73486 9.99476 4.81357	
4.32	8.78747 9.99241 4.81126	
4.33	8.83896 9.99012 4.81235	
4.34	8.89192 9.99323 4.80984	
4.35	8.95305 10.0012 4.80361	
4.36	9.01325 10.0093 4.79946	
4.37	9.076 10.0282 4.7895	
4.38	9.13645 10.0468 4.78345	
4.39	9.20463 10.0654 4.77394	
4.4	9.27414 10.0799 4.76759	
4.41	9.34208 10.091 4.76833	
4.42	9.40284 10.0956 4.76415	
4.43	9.46375 10.1056 4.75984	
4.44	9.51775 10.1209 4.75382	
4.45	9.57842 10.1411 4.74454	
4.46	9.62548 10.164 4.74356	
4.47	9.67089 10.1846 4.73615	
4.48	9.7078 10.2047 4.72739	
4.49	9.75985 10.2254 4.72006	
4.5	9.81308 10.2515 4.70934	
4.51	9.87302 10.2881 4.69853	
4.52	9.93753 10.3442 4.6783	
4.53	9.99913 10.4019 4.65622	
4.54	10.0589 10.4595 4.63461	
4.55	10.1037 10.5065 4.61499	
4.56	10.1497 10.5541 4.5954	
4.57	10.1872 10.6065 4.57463	
4.58	10.2298 10.6534 4.55415	
4.59	10.2671 10.7008 4.53371	
4.6	10.298 10.7382 4.51799	
4.61	10.3294 10.7603 4.50679	
4.62	10.3514 10.7766 4.49895	
4.63	10.3732 10.8031 4.48837	
4.64	10.4011 10.835 4.47626	
4.65	10.4432 10.8726 4.4611	
4.66	10.4824 10.9078 4.4428	
4.67	10.531 10.9409 4.43084	
4.68	10.5862 10.9693 4.42035	
4.69	10.6551 11.0124 4.40059	
4.7	10.7227 11.0693 4.37186	
4.71	10.7983 11.1201 4.33793	
4.72	10.8668 11.1726 4.30773	
4.73	10.9495 11.227 4.2794	
4.74	11.0392 11.2891 4.23851	
4.75	11.1272 11.3476 4.1864	
4.76	11.2243 11.4062 4.12947	
4.77	11.3077 11.4518 4.07003	
4.78	11.3819 11.4915 4.02704	
4.79	11.4512 11.5316 3.98586	
4.8	11.5117 11.562 3.93727	
4.81	11.5718 11.5942 3.87579	
4.82	11.6257 11.6263 3.81613	
4.83	11.6743 11.6459 3.75343	
4.84	11.7273 11.6661 3.69066	
4.85	11.7802 11.6904 3.62197	
4.86	11.8272 11.7179 3.54504	
4.87	11.8731 11.7436 3.47828	
4.88	11.9152 11.7638 3.43082	
4.89	11.9487 11.7756 3.39731	
4.9	11.9763 11.7956 3.37314	
4.91	11.9962 11.8125 3.36186	
4.92	12.0159 11.8311 3.35579	
4.93	12.0263 11.8589 3.34782	
4.94	12.0308 11.8967 3.33652	
4.95	12.0387 11.9401 3.32413	
4.96	12.0462 11.987 3.30431	
4.97	12.0527 12.0281 3.28389	
4.98	12.0645 12.0542 3.26622	
4.99	12.0752 12.0765 3.25629	
5	12.0799 12.0979 3.2464	
5.01	12.0839 12.1249 3.2374	
5.02	12.0816 12.162 3.22817	
5.03	12.083 12.1941 3.21993	
5.04	12.092 12.2273 3.21174	
5.05	12.1009 12.2607 3.20363	
5.06	12.1097 12.294 3.1956	
5.07	12.125 12.3051 3.18739	
5.08	12.1379 12.3106 3.17979	
5.09	12.1517 12.3109 3.17299	
5.1	12.1657 12.3009 3.15157	
5.11	12.1924 12.2967 3.12397	
5.12	12.2252 12.2959 3.08702	
5.13	12.256 12.3063 3.03032	
5.14	12.2942 12.3197 2.97734	
5.15	12.3318 12.3351 2.9326	
5.16	12.3709 12.3525 2.89161	
5.17	12.4033 12.372 2.86096	
5.18	12.4286 12.3886 2.82367	
5.19	12.4638 12.4166 2.78113	
5.2	12.5053 12.4525 2.74	
5.21	12.5458 12.5006 2.70108	
5.22	12.6015 12.565 2.64838	
5.23	12.6645 12.6293 2.58754	
5.24	12.7214 12.6903 2.538	
5.25	12.7783 12.7492 2.5014	
5.26	12.8397 12.8149 2.46458	
5.27	12.8885 12.872 2.44045	
5.28	12.9253 12.9275 2.43597	
5.29	12.975 13.029 2.3943	
5.3	12.998 13.1185 2.35778	
5.31	12.9974 13.1791 2.31968	
5.32	12.9939 13.2114 2.26458	
5.33	13.0016 13.2096 2.15058	
5.34	13.0065 13.1954 2.10369	
5.35	13.0196 13.1815 2.06843	
5.36	13.0367 13.1853 2.05533	
5.37	13.0495 13.1809 2.02786	
5.38	13.0512 13.1816 2.02549	
5.39	13.0649 13.1891 1.9716	
5.4	13.0662 13.1979 1.96287	
5.41	13.073 13.2014 1.95182	
5.42	13.0876 13.2039 1.94394	
5.43	13.0905 13.205 1.9461	
5.44	13.1049 13.2193 1.93222	
5.45	13.1024 13.2301 1.93628	
5.46	13.098 13.254 2.04071	
5.47	13.0914 13.2572 2.08664	
5.48	13.0845 13.2628 2.07789	
5.49	13.08 13.2656 2.11906	
5.5	13.0777 13.268 2.15607	
5.51	13.082 13.2758 2.19916	
5.52	13.0897 13.2628 2.25612	
5.53	13.0948 13.228 2.32951	
5.54	13.107 13.2603 2.36991	
5.55	13.1219 13.282 2.39789	
5.56	13.1318 13.2853 2.44282	
5.57	13.1455 13.2998 2.4641	
5.58	13.169 13.3034 2.48191	
5.59	13.2067 13.3106 2.50547	
5.6	13.2427 13.317 2.52864	
5.61	13.2904 13.3844 2.52015	
5.62	13.4048 13.4924 2.39313	
5.63	13.5377 13.5825 2.31169	
5.64	13.6751 13.6837 2.17505	
5.65	13.7038 13.6561 2.16603	
5.66	13.7333 13.6751 2.08917	
5.67	13.7387 13.6827 2.05281	
5.68	13.7575 13.705 2.01145	
5.69	13.7585 13.7216 1.92545	
5.7	13.7723 13.7396 1.88327	
5.71	13.772 13.7635 1.79216	
5.72	13.7918 13.8511 1.58407	
5.73	13.7863 13.8819 1.36568	
5.74	13.7922 13.9269 1.09919	
5.75	13.7956 13.8801 1.02543	
5.76	13.8053 13.8585 1.04165	
5.77	13.8012 13.8266 1.10877	
5.78	13.7897 13.7532 1.30171	
5.79	13.7832 13.7223 1.38521	
5.8	13.8001 13.6484 1.58821	
5.81	13.8055 13.5935 1.72696	
5.82	13.8034 13.4842 2.02121	
5.83	13.8094 13.4059 2.32921	
5.84	13.7836 13.3919 2.3564	
5.85	13.794 13.3883 2.37988	
5.86	13.7936 13.2855 2.5683	
5.87	13.7426 13.1536 2.88527	
5.88	13.7079 13.0796 3.14414	
5.89	13.7174 13.0741 3.26096	
5.9	13.7425 13.0878 3.26539	
5.91	13.7495 13.0837 3.28056	
5.92	13.7426 13.0629 3.34852	
5.93	13.7387 13.0764 3.39579	
5.94	13.7322 13.1016 3.39259	
5.95	13.7373 13.1053 3.3802	
5.96	13.7467 13.0695 3.34578	
5.97	13.7609 13.0385 3.30739	
5.98	13.7686 13.0094 3.27806	
5.99	13.7752 12.9615 3.26188	
6	13.791 12.9013 3.25473	
6.01	13.8012 12.8385 3.22789	
6.02	13.809 12.7556 3.20777	
6.03	13.8285 12.6379 3.21988	
6.04	13.8492 12.5509 3.24098	
6.05	13.8672 12.48 3.24372	
6.06	13.8856 12.4078 3.2416	
6.07	13.9035 12.3375 3.20506	
6.08	13.9126 12.3013 3.15563	
6.09	13.9208 12.2696 3.09686	
6.1	13.9182 12.2489 3.04672	
6.11	13.9236 12.2283 3.00642	
6.12	13.9246 12.2243 2.99061	
6.13	13.9219 12.229 2.98968	
6.14	13.9181 12.2441 2.98713	
6.15	13.9125 12.2604 2.98811	
6.16	13.8992 12.2624 2.98565	
6.17	13.8764 12.2458 2.9874	
6.18	13.8677 12.2181 2.97512	
6.19	13.8727 12.1992 2.93846	
6.2	13.8672 12.1586 2.89706	
6.21	13.8601 12.1165 2.87095	
6.22	13.8593 12.088 2.84982	
6.23	13.8643 12.063 2.83083	
6.24	13.8713 12.0353 2.82658	
6.25	13.8741 11.9985 2.83489	
6.26	13.8753 11.9612 2.84485	
6.27	13.878 11.9242 2.85494	
6.28	13.8806 11.8872 2.86513	
6.29	13.8758 11.8539 2.87283	
6.3	13.866 11.8068 2.8821	
6.31	13.8462 11.7536 2.89473	
6.32	13.8168 11.6929 2.91009	
6.33	13.7898 11.649 2.92079	
6.34	13.7712 11.6018 2.93418	
6.35	13.7454 11.5534 2.9448	
6.36	13.7137 11.4982 2.95801	
6.37	13.686 11.4546 2.96919	
6.38	13.6521 11.4099 2.97905	
6.39	13.6177 11.3649 2.99046	
6.4	13.5909 11.3221 3.00041	
6.41	13.5584 11.2674 3.01447	
6.42	13.5319 11.2207 3.03263	
6.43	13.5025 11.1566 3.04956	
6.44	13.4809 11.1047 3.06588	
6.45	13.4626 11.0481 3.08499	
6.46	13.4525 10.9936 3.10303	
6.47	13.4505 10.9306 3.12369	
6.48	13.4537 10.8687 3.14637	
6.49	13.4604 10.7974 3.17216	
6.5	13.4704 10.7423 3.19407	
6.51	13.4754 10.6862 3.21637	
6.52	13.4861 10.6277 3.24554	
6.53	13.4975 10.5734 3.26664	
6.54	13.5039 10.5091 3.2979	
6.55	13.5099 10.4395 3.33264	
6.56	13.5241 10.3721 3.36635	
6.57	13.5302 10.3018 3.39502	
6.58	13.5355 10.2429 3.42625	
6.59	13.5345 10.1726 3.46268	
6.6	13.5259 10.1019 3.50622	
6.61	13.5184 10.0269 3.55043	
6.62	13.5151 9.95939 3.59863	
6.63	13.5135 9.88903 3.65255	
6.64	13.519 9.81994 3.71036	
6.65	13.5133 9.72735 3.78509	
6.66	13.5059 9.64214 3.87254	
6.67	13.4915 9.55302 3.96442	
6.68	13.4795 9.45708 4.05009	
6.69	13.4568 9.36138 4.12567	
6.7	13.4417 9.27129 4.19314	
6.71	13.4239 9.18574 4.26083	
6.72	13.3891 9.10188 4.32863	
6.73	13.3695 9.0232 4.38434	
6.74	13.3348 8.93579 4.43751	
6.75	13.3084 8.8506 4.48964	
6.76	13.2749 8.75363 4.54161	
6.77	13.245 8.64863 4.5988	
6.78	13.2049 8.53302 4.6616	
6.79	13.1511 8.41128 4.72776	
6.8	13.1049 8.287 4.79916	
6.81	13.0553 8.17674 4.86407	
6.82	13.0143 8.05944 4.93663	
6.83	12.9853 7.96305 4.99849	
6.84	12.9701 7.83644 5.07709	
6.85	12.959 7.73972 5.14478	
6.86	12.9513 7.6131 5.23368	
6.87	12.9436 7.49955 5.30883	
6.88	12.9268 7.36795 5.39642	
6.89	12.9272 7.23739 5.49352	
6.9	12.9182 7.10679 5.59084	
6.91	12.9264 6.97571 5.6939	
6.92	12.9256 6.85721 5.7897	
6.93	12.9352 6.73287 5.89598	
6.94	12.9465 6.59756 6.01635	
6.95	12.9596 6.44874 6.14623	
6.96	12.9465 6.30619 6.27171	
6.97	12.9375 6.18129 6.38817	
6.98	12.9145 6.03666 6.52408	
6.99	12.8798 5.89466 6.65363	
7	12.8437 5.75933 6.79008	
7.01	12.7947 5.6415 6.90266	
7.02	12.7528 5.53358 7.00792	
7.03	12.7074 5.45578 7.08265	
7.04	12.6601 5.38937 7.14564	
7.05	12.6199 5.33521 7.1967	
7.06	12.5924 5.31474 7.21421	
7.07	12.5655 5.30928 7.21383	
7.08	12.5377 5.30385 7.21201	
7.09	12.5095 5.29357 7.20708	
7.1	12.4655 5.28012 7.1982	
7.11	12.4191 5.26379 7.17607	
7.12	12.3637 5.24735 7.13983	
7.13	12.3156 5.22916 7.09176	
7.14	12.2588 5.20874 7.03998	
7.15	12.2121 5.18911 6.97932	
7.16	12.1545 5.16549 6.91021	
7.17	12.0897 5.14354 6.82312	
7.18	12.0252 5.11129 6.70798	
7.19	11.9509 5.07233 6.55926	
7.2	11.8651 5.03221 6.39521	
7.21	11.8051 4.99872 6.26785	
7.22	11.7462 4.9702 6.18179	
7.23	11.7057 4.94372 6.0968	
7.24	11.6661 4.91716 6.03343	
7.25	11.6366 4.88441 5.99357	
7.26	11.6174 4.8456 5.98945	
7.27	11.5823 4.80262 5.9902	
7.28	11.536 4.75835 5.99505	
7.29	11.4802 4.70511 5.99472	
7.3	11.423 4.65364 6.00706	
7.31	11.3484 4.60253 6.02631	
7.32	11.2704 4.56483 6.05495	
7.33	11.2099 4.54625 6.07228	
7.34	11.1501 4.53149 6.08566	
7.35	11.0989 4.52765 6.08511	
7.36	11.0582 4.52465 6.08599	
7.37	11.0083 4.52137 6.08543	
7.38	10.9862 4.51936 6.08646	
7.39	10.9652 4.51085 6.09457	
7.4	10.9532 4.50954 6.09533	
7.41	10.9512 4.50891 6.09581	
7.42	10.931 4.50839 6.10178	
7.43	10.902 4.5086 6.11114	
7.44	10.864 4.50856 6.12063	
7.45	10.8254 4.50914 6.13735	
7.46	10.7863 4.51318 6.14878	
7.47	10.7651 4.5202 6.15308	
7.48	10.7351 4.52375 6.15903	
7.49	10.7049 4.5231 6.16179	
7.5	10.6842 4.52356 6.17293	
7.51	10.6627 4.52207 6.1722	
7.52	10.6522 4.52138 6.17229	
7.53	10.6409 4.52384 6.16909	
7.54	10.6384 4.52312 6.16794	
7.55	10.6187 4.52218 6.16804	
7.56	10.5997 4.52149 6.1677	
7.57	10.5708 4.52035 6.16779	
7.58	10.5404 4.52558 6.16053	
7.59	10.5188 4.5379 6.14438	
7.6	10.4882 4.54678 6.13065	
7.61	10.4392 4.55275 6.12591	
7.62	10.381 4.55618 6.12883	
7.63	10.3033 4.55814 6.12793	
7.64	10.2237 4.55889 6.12094	
7.65	10.145 4.56106 6.119	
7.66	10.0663 4.56095 6.12617	
7.67	10.0079 4.5642 6.12498	
7.68	9.94898 4.56578 6.13884	
7.69	9.88109 4.56845 6.15951	
7.7	9.82218 4.5722 6.18411	
7.71	9.77322 4.57523 6.20645	
7.72	9.72295 4.58332 6.23463	
7.73	9.6917 4.59006 6.27674	
7.74	9.68025 4.60692 6.32873	
7.75	9.67903 4.63461 6.36928	
7.76	9.68561 4.66552 6.40497	
7.77	9.68531 4.68754 6.43279	
7.78	9.68525 4.70421 6.45374	
7.79	9.68499 4.71745 6.47825	
7.8	9.67546 4.72401 6.5087	
7.81	9.66726 4.73103 6.54028	
7.82	9.66721 4.74569 6.57019	
7.83	9.65831 4.75834 6.6092	
7.84	9.64858 4.77673 6.63374	
7.85	9.63907 4.79532 6.65839	
7.86	9.62998 4.81525 6.68987	
7.87	9.602 4.83666 6.70398	
7.88	9.56543 4.85134 6.70738	
7.89	9.51853 4.86004 6.70268	
7.9	9.4707 4.86152 6.70569	
7.91	9.41339 4.862 6.70317	
7.92	9.36263 4.86276 6.70509	
7.93	9.32244 4.86257 6.70299	
7.94	9.29241 4.86248 6.70191	
7.95	9.26151 4.86565 6.6963	
7.96	9.23219 4.86595 6.69341	
7.97	9.20258 4.86609 6.69258	
7.98	9.18158 4.86578 6.69153	
7.99	9.16099 4.86563 6.69072	
8	9.15064 4.87949 6.67487	
8.01	9.13965 4.89327 6.6561	
8.02	9.1206 4.89724 6.64928	
8.03	9.10046 4.90437 6.63782	
8.04	9.09037 4.91501 6.62231	
8.05	9.08046 4.93274 6.59954	
8.06	9.07844 4.94268 6.58449	
8.07	9.06933 4.95714 6.56846	
8.08	9.05974 4.96916 6.55985	
8.09	9.0498 4.98809 6.54598	
8.1	9.02209 5.00211 6.54258	
8.11	8.98464 5.01396 6.54864	
8.12	8.94658 5.02208 6.56027	
8.13	8.90962 5.02713 6.57519	
8.14	8.86213 5.0405 6.58687	
8.15	8.8249 5.05867 6.60342	
8.16	8.7882 5.082 6.6183	
8.17	8.75965 5.10717 6.64549	
8.18	8.73293 5.14898 6.68273	
8.19	8.71711 5.19752 6.72815	
8.2	8.69861 5.24697 6.77794	
8.21	8.68269 5.30013 6.81826	
8.22	8.64751 5.36873 6.87491	
8.23	8.61383 5.41707 6.91863	
8.24	8.57874 5.46384 6.95949	
8.25	8.53446 5.50856 6.98834	
8.26	8.48184 5.55439 7.01731	
8.27	8.42886 5.60571 7.04625	
8.28	8.37573 5.65633 7.05823	
8.29	8.31304 5.71346 7.05711	
8.3	8.24337 5.77066 7.05202	
8.31	8.16397 5.82544 7.03575	
8.32	8.07502 5.86836 7.02442	
8.33	7.99368 5.90678 7.01573	
8.34	7.90533 5.95061 7.00457	
8.35	7.79884 5.99837 6.98392	
8.36	7.69303 6.05221 6.9651	
8.37	7.58631 6.10508 6.92795	
8.38	7.48173 6.16507 6.88	
8.39	7.3867 6.23245 6.82434	
8.4	7.30029 6.303 6.76764	
8.41	7.234 6.36926 6.71186	
8.42	7.17568 6.43454 6.65702	
8.43	7.13373 6.48627 6.61014	
8.44	7.08497 6.5361 6.56781	
8.45	7.04405 6.57705 6.53212	
8.46	7.01195 6.62471 6.49227	
8.47	6.98825 6.66751 6.45361	
8.48	6.9647 6.71041 6.41876	
8.49	6.95809 6.74341 6.38627	
8.5	6.94353 6.77782 6.35527	
8.51	6.93558 6.8026 6.33127	
8.52	6.93741 6.82288 6.3093	
8.53	6.93796 6.84656 6.28681	
8.54	6.93894 6.86654 6.26682	
8.55	6.94713 6.87548 6.24792	
8.56	6.95576 6.88459 6.23055	
8.57	6.96361 6.88398 6.21563	
8.58	6.96429 6.89132 6.18956	
8.59	6.96535 6.90515 6.152	
8.6	6.96715 6.92328 6.11158	
8.61	6.96844 6.93734 6.07421	
8.62	6.97812 6.94636 6.03788	
8.63	6.98636 6.95242 6.01024	
8.64	6.99682 6.95544 5.98616	
8.65	6.99736 6.95996 5.95119	
8.66	6.99953 6.97561 5.89853	
8.67	7.00227 6.99261 5.83404	
8.68	7.00516 7.0084 5.76086	
8.69	7.00649 7.0227 5.7051	
8.7	7.00965 7.03385 5.65136	
8.71	7.00273 7.04845 5.60904	
8.72	7.00434 7.06349 5.5721	
8.73	7.00507 7.07279 5.53275	
8.74	7.00755 7.08567 5.50481	
8.75	7.00964 7.09703 5.47025	
8.76	7.00099 7.10459 5.43968	
8.77	7.00053 7.10568 5.42465	
8.78	7.00053 7.10568 5.42465	
8.79	7.00826 7.10291 5.41802	
8.8	7.00943 7.10338 5.41755	
8.81	7.00826 7.10291 5.41802	
8.82	7.00808 7.10146 5.41278	
8.83	7.0089 7.09902 5.40183	
8.84	7.00865 7.10022 5.38692	
8.85	7.00804 7.09997 5.38527	
8.86	7.00824 7.10006 5.38539	
8.87	7.00804 7.09997 5.38527	
8.88	7.00804 7.09997 5.38527	
8.89	7.00763 7.09981 5.38374	
8.9	7.00036 7.10001 5.38168	
8.91	6.99066 7.10055 5.362	
8.92	6.9736 7.10265 5.34032	
8.93	6.96596 7.09866 5.31886	
8.94	6.96462 7.09408 5.30006	
8.95	6.96389 7.08974 5.30282	
8.96	6.96348 7.08957 5.30129	
8.97	6.96369 7.08965 5.30142	
8.98	6.96348 7.08957 5.30129	
8.99	6.95557 7.0909 5.30142	
9	6.94008 7.09503 5.30454	
9.01	6.9172 7.1075 5.30029	
9.02	6.9024 7.12273 5.29023	
9.03	6.8801 7.14356 5.28363	
9.04	6.86285 7.18119 5.26108	
9.05	6.86237 7.24218 5.22739	
9.06	6.87112 7.30654 5.19036	
9.07	6.88863 7.37693 5.14277	
9.08	6.90467 7.43466 5.10408	
9.09	6.91369 7.48019 5.07311	
9.1	6.92007 7.50829 5.05171	
9.11	6.925 7.52867 5.04318	
9.12	6.92865 7.5374 5.04821	
9.13	6.9242 7.54723 5.0531	
9.14	6.92951 7.57305 5.04565	
9.15	6.93801 7.61526 5.02185	
9.16	6.938 7.66342 4.95537	
9.17	6.94528 7.70447 4.85812	
9.18	6.9449 7.74045 4.76995	
9.19	6.94734 7.7507 4.69652	
9.2	6.94729 7.73855 4.61264	
9.21	6.95162 7.71816 4.52975	
9.22	6.94887 7.70858 4.46241	
9.23	6.94548 7.69961 4.40209	
9.24	6.94337 7.69222 4.34522	
9.25	6.94083 7.68897 4.30994	
9.26	6.93923 7.68813 4.28174	
9.27	6.92982 7.68591 4.23786	
9.28	6.9267 7.68459 4.21087	
9.29	6.92446 7.68089 4.19515	
9.3	6.92485 7.68398 4.1872	
9.31	6.90324 7.69225 4.18811	
9.32	6.87942 7.70263 4.20423	
9.33	6.84863 7.71479 4.22483	
9.34	6.82587 7.73147 4.25161	
9.35	6.80273 7.74384 4.28237	
9.36	6.78807 7.75923 4.33158	
9.37	6.78035 7.76849 4.38335	
9.38	6.77292 7.77775 4.41429	
9.39	6.77369 7.77837 4.41457	
9.4	6.76532 7.77891 4.41153	
9.41	6.75871 7.78403 4.40395	
9.42	6.75062 7.78496 4.40243	
9.43	6.74981 7.77841 4.39552	
9.44	6.74252 7.77985 4.39431	
9.45	6.73634 7.78903 4.38262	
9.46	6.73085 7.81514 4.35793	
9.47	6.73621 7.84903 4.32547	
9.48	6.73457 7.88018 4.29528	
9.49	6.73104 7.91097 4.26635	
9.5	6.72825 7.94638 4.23497	
9.51	6.72533 7.98048 4.19845	
9.52	6.72156 8.01985 4.14389	
9.53	6.71883 8.04451 4.08867	
9.54	6.7144 8.06445 4.05775	
9.55	6.70819 8.07295 4.04474	
9.56	6.70001 8.07291 4.0404	
9.57	6.69187 8.07325 4.03742	
9.58	6.68441 8.07825 4.03194	
9.59	6.68653 8.08334 4.02905	
9.6	6.68604 8.09041 4.01772	
9.61	6.68561 8.08938 4.01474	
9.62	6.68568 8.0917 4.004	
9.63	6.68615 8.09585 4.00003	
9.64	6.68856 8.10379 3.98791	
9.65	6.68746 8.10852 3.96834	
9.66	6.68986 8.11725 3.96002	
9.67	6.69111 8.11715 3.95814	
9.68	6.69072 8.1165 3.95651	
9.69	6.69158 8.1213 3.95418	
9.7	6.70075 8.13879 3.9462	
9.71	6.70554 8.15955 3.94044	
9.72	6.71776 8.1937 3.93266	
9.73	6.74105 8.23772 3.92428	
9.74	6.75321 8.26542 3.93203	
9.75	6.75429 8.27552 3.95173	
9.76	6.76713 8.31771 3.96111	
9.77	6.79895 8.37661 3.96747	
9.78	6.83709 8.41075 3.98873	
9.79	6.86992 8.415 4.02311	
9.8	6.90846 8.4634 4.03255	
9.81	6.96829 8.55434 4.01792	
9.82	7.01868 8.66519 3.98578	
9.83	7.06499 8.74957 3.9754	
9.84	7.10252 8.83178 3.95045	
9.85	7.15042 8.93461 3.88208	
9.86	7.18486 9.0429 3.77213	
9.87	7.20852 9.1353 3.64881	
9.88	7.22444 9.18112 3.56535	
9.89	7.22943 9.20869 3.51471	
9.9	7.23027 9.25109 3.45287	
9.91	7.23941 9.31506 3.37351	
9.92	7.24984 9.38014 3.27114	
9.93	7.25294 9.45737 3.15923	
9.94	7.26307 9.5174 3.06743	
9.95	7.26969 9.56851 2.9751	
9.96	7.27657 9.61885 2.87924	
9.97	7.28101 9.64338 2.77448	
9.98	7.28094 9.64801 2.67876	
9.99	7.27945 9.64671 2.59943	
10	7.28592 9.63674 2.53705	
10.01	7.28339 9.63117 2.46808	
10.02	7.28255 9.62038 2.38948	
10.03	7.28315 9.59921 2.37988	
10.04	7.28007 9.59481 2.33154	
10.05	7.28533 9.59045 2.29039	
10.06	7.29247 9.58717 2.25542	
10.07	7.29093 9.58534 2.23347	
10.08	7.28977 9.58205 2.1899	
10.09	7.30094 9.56327 2.16128	
10.1	7.30258 9.52226 2.12318	
10.11	7.31402 9.49084 2.11178	
10.12	7.31737 9.46688 2.03446	
10.13	7.32624 9.42486 2.02538	
10.14	7.3374 9.39598 1.96518	
10.15	7.33495 9.38553 1.93827	
10.16	7.34084 9.3761 1.89193	
10.17	7.33856 9.36986 1.83263	
10.18	7.33773 9.36576 1.77688	
10.19	7.33581 9.3657 1.76419	
10.2	7.32894 9.36825 1.75555	
10.21	7.3227 9.37381 1.75612	
10.22	7.32283 9.3789 1.78365	
10.23	7.31928 9.37219 1.8211	
10.24	7.31862 9.37722 1.82074	
10.25	7.31751 9.37699 1.81699	
10.26	7.30437 9.33234 1.8616	
10.27	7.25955 9.23918 2.03405	
10.28	7.23741 9.20372 2.22046	
10.29	7.22745 9.19778 2.38439	
10.3	7.20432 9.03398 2.67475	
10.31	7.17238 8.86866 2.99283	
10.32	7.15586 8.75 3.23643	
10.33	7.16429 8.7087 3.32001	
10.34	7.17144 8.70334 3.32932	
10.35	7.18548 8.70066 3.32776	
10.36	7.1945 8.70008 3.32644	
10.37	7.17837 8.70202 3.32494	
10.38	7.1562 8.70566 3.32375	
10.39	7.15597 8.7025 3.30814	
10.4	7.16608 8.66932 3.28125	
10.41	7.15907 8.60246 3.30137	
10.42	7.14999 8.53585 3.3282	
10.43	7.13954 8.45084 3.3677	
10.44	7.12773 8.35787 3.4175	
10.45	7.11519 8.26494 3.46878	
10.46	7.10826 8.16612 3.52331	
10.47	7.10369 8.05964 3.58599	
10.48	7.09662 7.94371 3.65844	
10.49	7.08456 7.82613 3.73687	
10.5	7.07781 7.71569 3.81112	
10.51	7.07626 7.6334 3.86851	
10.52	7.0779 7.57803 3.90951	
10.53	7.09055 7.54417 3.93425	
10.54	7.1028 7.51873 3.95272	
10.55	7.12487 7.49314 3.96888	
10.56	7.13783 7.46388 3.98967	
10.57	7.15091 7.42984 4.00589	
10.58	7.14787 7.3928 4.02103	
10.59	7.14225 7.34287 4.04112	
10.6	7.13608 7.28117 4.07671	
10.61	7.12043 7.21695 4.12239	
10.62	7.11177 7.15139 4.1689	
10.63	7.10531 7.09943 4.2055	
10.64	7.0984 7.05053 4.23479	
10.65	7.09226 7.00326 4.26768	
10.66	7.0752 6.92999 4.30869	
10.67	7.05529 6.84181 4.37289	
10.68	7.03586 6.75422 4.43939	
10.69	7.02249 6.65722 4.5129	
10.7	7.01173 6.55732 4.59596	
10.71	6.99615 6.43309 4.69808	
10.72	6.982 6.31427 4.80027	
10.73	6.96441 6.17533 4.91465	
10.74	6.948 6.05044 5.02851	
10.75	6.9313 5.92659 5.14582	
10.76	6.92542 5.81967 5.24547	
10.77	6.92426 5.70552 5.31878	
10.78	6.93651 5.66565 5.34372	
10.79	6.93645 5.58655 5.3971	
10.8	6.95873 5.53756 5.44453	
10.81	6.98016 5.47964 5.4825	
10.82	6.98747 5.42746 5.50459	
10.83	7.0148 5.41491 5.56458	
10.84	7.00983 5.37834 5.64478	
10.85	7.00535 5.33025 5.62435	
10.86	6.93728 5.25549 5.65784	
10.87	6.84238 5.09311 5.64299	
10.88	7.06006 5.28432 5.64253	
10.89	7.22211 5.53164 5.58814	
10.9	7.13012 5.5682 5.7804	
10.91	6.9868 5.66302 5.61046	
10.92	6.76455 5.50348 5.66032	
10.93	6.75392 5.5621 5.65535	
10.94	6.76217 5.29221 5.73919	
10.95	6.68634 5.59241 5.5401	
10.96	6.67544 5.30389 5.40622	
10.97	6.45379 5.57379 5.68903	
10.98	6.47441 5.59963 5.47028	
10.99	6.24918 5.78802 5.28649	
11	6.25371 5.94735 5.22696	
11.01	6.23199 6.09035 5.10469	
11.02	6.15423 6.25385 4.85231	
11.03	6.05145 6.54784 4.47976	
11.04	6.03436 6.70804 4.09086	
11.05	6.05398 6.75547 3.87109	
11.06	6.06864 6.74952 3.76088	
11.07	6.09213 6.74274 3.73194	
11.08	6.13464 6.7366 3.73327	
11.09	6.16065 6.73721 3.73252	
11.1	6.18663 6.73374 3.7318	
11.11	6.22857 6.72536 3.72196	
11.12	6.27324 6.71351 3.70775	
11.13	6.298 6.6889 3.68105	
11.14	6.33382 6.62766 3.67992	
11.15	6.37653 6.56061 3.68237	
11.16	6.41075 6.48884 3.66791	
11.17	6.40718 6.38878 3.62247	
11.18	6.39921 6.2648 3.59127	
11.19	6.38844 6.12161 3.61606	
11.2	6.36653 5.9691 3.65085	
11.21	6.35064 5.86171 3.64839	
11.22	6.35923 5.79479 3.58359	
11.23	6.37306 5.69132 3.51344	
11.24	6.37139 5.54826 3.46861	
11.25	6.37451 5.37017 3.46904	
11.26	6.38621 5.18519 3.51699	
11.27	6.4479 5.01789 3.63471	
11.28	6.5373 4.88893 3.76591	
11.29	6.63018 4.77636 3.88479	
11.3	6.74184 4.67238 3.98603	
11.31	6.8751 4.565 4.09212	
11.32	7.02675 4.42082 4.23764	
11.33	7.15238 4.2642 4.42332	
11.34	7.3097 4.13369 4.5809	
11.35	7.46788 4.01531 4.72053	
11.36	7.60844 3.90773 4.8486	
11.37	7.75101 3.81484 4.96383	
11.38	7.86951 3.74577 5.05813	
11.39	7.96759 3.68773 5.13701	
11.4	8.06064 3.66234 5.17611	
11.41	8.14448 3.65877 5.17665	
11.42	8.25347 3.65162 5.1446	
11.43	8.37261 3.64435 5.08911	
11.44	8.53196 3.63662 5.06438	
11.45	8.71179 3.62946 5.05369	
11.46	8.91151 3.62293 5.03168	
11.47	9.14149 3.61776 4.99785	
11.48	9.37382 3.62775 4.94312	
11.49	9.64331 3.65752 4.88347	
11.5	9.89596 3.71964 4.79713	
11.51	10.1259 3.77448 4.71514	
11.52	10.3574 3.79784 4.68169	
11.53	10.5598 3.80973 4.67874	
11.54	10.7335 3.8353 4.69957	
11.55	10.8667 3.89605 4.72144	
11.56	10.9988 3.96496 4.73872	
11.57	11.1689 4.03014 4.71515	
11.58	11.3393 4.11407 4.66917	
11.59	11.4856 4.23483 4.58159	
11.6	11.5666 4.43423 4.36334	
11.61	11.5998 4.74945 4.01112	
11.62	11.6059 5.16533 3.56851	
11.63	11.5972 5.71351 3.0193	
11.64	11.5874 6.2423 2.51246	
11.65	11.5792 6.53278 2.22474	
11.66	11.568 6.6263 2.21084	
11.67	11.5725 6.69837 2.19722	
11.68	11.6582 6.71986 2.15381	
11.69	11.9796 6.8001 2.09722	
11.7	12.4038 6.91541 2.01868	
11.71	12.452 6.9346 1.95597	
11.72	12.6236 6.99928 1.83057	
11.73	12.6715 6.97396 1.77025	
11.74	12.8473 7.07569 1.57212	
11.75	12.7466 7.04709 1.56063	
11.76	12.9311 7.23244 1.28676	
11.77	12.8758 7.23044 1.20504	
11.78	13.0023 7.40374 0.959772	
11.79	13.1379 8.1978 0.198598	
11.8	13.2714 8.54084 -0.0591362	
11.81	13.0775 8.54483 0.184625	
11.82	12.9791 8.7933 0.310328	
11.83	12.7836 8.79031 0.338953	
11.84	12.7181 9.19022 0.385843	
11.85	12.355 10.4852 0.710074	
11.86	12.1901 10.0546 1.06174	
11.87	12.2373 10.5602 1.3273	
11.88	12.0888 10.8575 1.85086	
11.89	11.6109 11.5538 3.42564	
11.9	11.4021 12.1477 3.55823	
11.91	11.4845 13.9954 3.69576	
11.92	11.5502 15.3567 3.63724	
11.93	11.3167 16.3625 4.05445	
11.94	11.0163 17.2491 4.17708	
11.95	10.9778 17.3658 4.11761	
11.96	10.884 17.8174 4.0446	
11.97	10.6383 17.8753 3.90204	
11.98	10.6083 18.1603 3.55488	
11.99	10.5112 18.4297 3.40814	
12	10.3134 18.8303 3.5109	
12.01	10.0708 19.3353 3.31329	
12.02	9.89728 19.5781 3.10005	
12.03	9.87148 19.9968 3.07389	
12.04	9.87034 19.9965 3.07328	
12.05	9.86993 19.9964 3.07317	
12.06	9.86829 19.9959 3.07202	
12.07	9.86854 19.9943 3.06685	
12.08	9.86838 19.9952 3.06984	
12.09	9.86702 19.9955 3.07127	
12.1	9.86486 19.9947 3.06953	
12.11	9.86387 19.9948 3.07024	
12.12	9.86258 19.9946 3.07016	
12.13	9.86794 19.9964 3.07365	
12.14	9.87413 19.9985 3.07846	
12.15	9.8769 19.9994 3.08048	
12.16	9.87769 19.9997 3.08105	
12.17	9.87768 19.9987 3.078	
12.18	9.87788 19.9988 3.07814	
12.19	9.87788 19.9988 3.07814	
12.2	9.87663 19.9991 3.0796	
12.21	9.87788 19.9988 3.07814	
12.22	9.87768 19.9987 3.078	
12.23	9.87788 19.9988 3.07814	
12.24	9.87808 19.9989 3.07828	
12.25	9.87788 19.9988 3.07814	
12.26	9.87788 19.9988 3.07814	
12.27	9.87788 19.9993 3.07966	
