# Gnuplot File : positions of 1 particle(s) Monitored
# 1st Column : time, others : particle(s) number 0 
0.01	9.87372 19.9999 3.0841	
0.02	9.87372 19.9999 3.08383	
0.03	9.87372 19.9999 3.08363	
0.04	9.87497 20.0001 3.08355	
0.05	9.87497 20.0001 3.08344	
0.06	9.87372 19.9999 3.08331	
0.07	9.87372 19.9999 3.08325	
0.08	9.87497 20.0001 3.08327	
0.09	9.87372 19.9999 3.08318	
0.1	9.87372 19.9999 3.08316	
0.11	9.87497 20.0001 3.0832	
0.12	9.87372 19.9999 3.08313	
0.13	9.87497 20.0001 3.08318	
0.14	9.87497 20.0001 3.08318	
0.15	9.87496 19.9996 3.08165	
0.16	9.87372 19.9999 3.08311	
0.17	9.87497 20.0001 3.08317	
0.18	9.87391 20 3.08327	
0.19	9.87497 20.0001 3.08317	
0.2	9.87497 20.0001 3.08317	
0.21	9.87372 19.9999 3.08311	
0.22	9.87372 19.9999 3.08311	
0.23	9.87497 20.0001 3.08317	
0.24	9.87497 20.0001 3.08317	
0.25	9.87497 20.0001 3.08317	
0.26	9.86819 19.9979 3.07863	
0.27	9.81261 19.9609 2.99441	
0.28	9.80609 19.9399 2.94645	
0.29	9.80196 19.9295 2.92512	
0.3	9.80126 19.9271 2.92017	
0.31	9.80263 19.8947 2.92793	
0.32	9.84664 19.3306 3.26318	
0.33	9.85853 18.7319 3.80293	
0.34	9.67599 17.9382 4.17841	
0.35	9.47076 17.4025 4.45513	
0.36	9.38595 16.872 4.69143	
0.37	9.30257 16.3913 5.05103	
0.38	9.17052 16.2449 5.49701	
0.39	9.06098 16.3246 5.76082	
0.4	9.03307 16.4463 5.89959	
0.41	9.00056 16.5922 6.10944	
0.42	8.96998 16.721 6.29211	
0.43	8.92432 16.7926 6.36509	
0.44	8.91884 16.7935 6.36809	
0.45	8.96783 16.781 6.36809	
0.46	9.02432 16.7713 6.35774	
0.47	9.02797 16.7881 6.34299	
0.48	9.03125 16.8433 6.31352	
0.49	9.04802 16.9142 6.26855	
0.5	9.12528 17.0777 6.23711	
0.51	9.22974 17.2854 6.12203	
0.52	9.43026 17.4981 6.02756	
0.53	9.70906 17.6725 5.871	
0.54	9.9615 17.7849 5.6709	
0.55	10.1455 17.8225 5.38482	
0.56	10.1748 17.8208 5.08232	
0.57	10.2314 17.8957 4.72952	
0.58	10.3507 18.0993 4.49766	
0.59	10.3956 18.264 4.32791	
0.6	10.3611 18.3473 4.21545	
0.61	10.3413 18.3655 4.17357	
0.62	10.3494 18.3503 4.13958	
0.63	10.383 18.3228 4.06172	
0.64	10.4391 18.3008 4.01195	
0.65	10.4873 18.0646 3.98321	
0.66	10.5074 17.6631 4.07856	
0.67	10.522 17.3059 4.05365	
0.68	10.5867 17.0934 4.04195	
0.69	10.7386 17.0794 4.05975	
0.7	10.7957 17.1501 4.10136	
0.71	10.8203 17.2165 4.1963	
0.72	10.8277 17.2536 4.26161	
0.73	10.8231 17.2593 4.27961	
0.74	10.842 17.257 4.28017	
0.75	10.8507 17.2647 4.28367	
0.76	10.8473 17.2762 4.2915	
0.77	10.838 17.2914 4.29884	
0.78	10.8346 17.2891 4.29853	
0.79	10.8343 17.2888 4.29876	
0.8	10.8408 17.2875 4.30758	
0.81	10.9584 17.2672 4.30676	
0.82	11.2623 17.227 4.28576	
0.83	11.5474 17.1949 4.25991	
0.84	11.7833 17.133 4.2393	
0.85	11.9252 16.8577 4.1966	
0.86	12.0458 16.5327 4.15651	
0.87	12.2109 16.2031 4.12881	
0.88	12.3426 15.8439 4.11717	
0.89	12.4368 15.512 4.12788	
0.9	12.4487 15.2121 4.14141	
0.91	12.4897 14.9169 4.21607	
0.92	12.5496 14.6149 4.36643	
0.93	12.5992 14.3751 4.54232	
0.94	12.611 14.1327 4.71846	
0.95	12.5711 13.8393 4.83362	
0.96	12.5335 13.5329 4.92671	
0.97	12.5079 13.2169 5.02429	
0.98	12.4423 12.9302 5.1033	
0.99	12.4267 12.7102 5.16747	
1	12.4121 12.5478 5.23439	
1.01	12.409 12.506 5.2601	
1.02	12.4099 12.4665 5.26626	
1.03	12.3723 12.4029 5.28522	
1.04	12.3257 12.2809 5.33627	
1.05	12.2247 12.1074 5.47662	
1.06	11.9703 11.8948 5.54132	
1.07	11.7345 11.7105 5.59302	
1.08	11.6628 11.6538 5.62146	
1.09	11.6519 11.6527 5.62308	
1.1	11.6302 11.5968 5.63936	
1.11	11.6436 11.5125 5.66495	
1.12	11.6533 11.4327 5.69737	
1.13	11.6629 11.394 5.71533	
1.14	11.664 11.3842 5.73091	
1.15	11.6645 11.368 5.73575	
1.16	11.6679 11.327 5.75126	
1.17	11.6795 11.2719 5.77311	
1.18	11.676 11.1951 5.79534	
1.19	11.6652 11.1795 5.80627	
1.2	11.7054 11.0953 5.83117	
1.21	11.7168 10.9642 5.83026	
1.22	11.7009 10.8125 5.86659	
1.23	11.6142 10.6155 5.92452	
1.24	11.6058 10.4283 5.84701	
1.25	11.7502 10.4378 5.84984	
1.26	11.7939 10.4369 5.86849	
1.27	11.7937 10.4319 5.99397	
1.28	11.7798 10.4414 6.00943	
1.29	11.7642 10.4421 6.01101	
1.3	11.7645 10.4073 6.00894	
1.31	11.7458 10.3724 6.00926	
1.32	11.7339 10.3141 6.03788	
1.33	11.7029 10.2192 6.15534	
1.34	11.6945 10.1882 6.18837	
1.35	11.6504 10.076 6.23745	
1.36	11.5173 10.0224 6.26227	
1.37	11.468 10.0195 6.24685	
1.38	11.5596 9.92679 6.29273	
1.39	11.5882 9.76366 6.37979	
1.4	11.5013 9.64859 6.4396	
1.41	11.4326 9.55343 6.56588	
1.42	11.4345 9.60357 6.614	
1.43	11.4268 9.59838 6.62288	
1.44	11.4148 9.49805 6.71977	
1.45	11.3188 9.45227 6.73985	
1.46	11.1934 9.43566 6.71793	
1.47	10.9126 9.45052 6.68508	
1.48	10.5752 9.51098 6.6735	
1.49	10.243 9.55387 6.67454	
1.5	9.91796 9.55737 6.69763	
1.51	9.7579 9.58782 6.76587	
1.52	9.71367 9.59355 6.78345	
1.53	9.72998 9.6404 6.86227	
1.54	9.72569 9.74133 7.02934	
1.55	9.73486 9.88612 7.26481	
1.56	9.72616 10.0073 7.45788	
1.57	9.72905 10.109 7.59133	
1.58	9.69395 10.1662 7.65746	
1.59	9.62233 10.187 7.70779	
1.6	9.49335 10.1742 7.72729	
1.61	9.30753 10.1646 7.73532	
1.62	9.09313 10.164 7.74631	
1.63	8.90514 10.1814 7.78327	
1.64	8.76711 10.2046 7.82999	
1.65	8.61487 10.2109 7.86744	
1.66	8.47943 10.2251 7.92085	
1.67	8.38269 10.2621 7.97958	
1.68	8.36343 10.3485 8.10219	
1.69	8.32056 10.4426 8.22774	
1.7	8.19832 10.4974 8.3065	
1.71	8.00921 10.5216 8.39781	
1.72	7.79805 10.5402 8.45831	
1.73	7.55139 10.5468 8.5249	
1.74	7.28078 10.5085 8.6344	
1.75	7.03124 10.5259 8.67377	
1.76	6.86355 10.5701 8.72386	
1.77	6.74472 10.6184 8.73903	
1.78	6.59066 10.6667 8.7282	
1.79	6.44856 10.743 8.70256	
1.8	6.29307 10.8377 8.66458	
1.81	6.17176 10.919 8.63274	
1.82	6.05756 11.011 8.60095	
1.83	5.97227 11.1596 8.52199	
1.84	5.92427 11.3425 8.41549	
1.85	5.91415 11.4946 8.31241	
1.86	5.94353 11.6598 8.18598	
1.87	5.9831 11.8349 8.03226	
1.88	6.03273 12.009 7.85314	
1.89	6.07092 12.1577 7.62607	
1.9	6.09425 12.2462 7.3946	
1.91	6.10384 12.3069 7.16661	
1.92	6.11995 12.4035 6.97195	
1.93	6.13483 12.4921 6.77245	
1.94	6.14175 12.5724 6.61343	
1.95	6.16094 12.6526 6.49709	
1.96	6.17538 12.7149 6.44956	
1.97	6.18557 12.7583 6.43036	
1.98	6.19241 12.7866 6.4166	
1.99	6.1976 12.8361 6.40473	
2	6.21134 12.8971 6.38471	
2.01	6.21178 12.9739 6.36186	
2.02	6.21641 13.0692 6.33004	
2.03	6.22067 13.1451 6.30155	
2.04	6.21866 13.239 6.24769	
2.05	6.22005 13.2987 6.18446	
2.06	6.22803 13.3744 6.1153	
2.07	6.2343 13.446 6.04091	
2.08	6.24171 13.5033 5.96674	
2.09	6.25231 13.5461 5.90949	
2.1	6.25978 13.5773 5.8726	
2.11	6.27062 13.6209 5.83626	
2.12	6.28337 13.6735 5.80498	
2.13	6.28662 13.7094 5.78301	
2.14	6.29211 13.7352 5.76785	
2.15	6.31117 13.7858 5.74457	
2.16	6.32585 13.8211 5.70715	
2.17	6.32885 13.8369 5.68527	
2.18	6.33235 13.8373 5.65389	
2.19	6.32689 13.8447 5.59645	
2.2	6.33326 13.8643 5.51801	
2.21	6.33735 13.8808 5.39504	
2.22	6.33993 13.882 5.28208	
2.23	6.33756 13.8671 5.18177	
2.24	6.33146 13.8287 5.10766	
2.25	6.33878 13.7882 5.05352	
2.26	6.35498 13.7371 5.01721	
2.27	6.37269 13.6869 4.98091	
2.28	6.37271 13.6343 4.93109	
2.29	6.37864 13.5827 4.89683	
2.3	6.38602 13.5313 4.87258	
2.31	6.40367 13.4944 4.86662	
2.32	6.4136 13.4709 4.84493	
2.33	6.41248 13.4596 4.80995	
2.34	6.40915 13.4659 4.7834	
2.35	6.40628 13.4809 4.75173	
2.36	6.40404 13.4974 4.72358	
2.37	6.40296 13.498 4.70283	
2.38	6.40084 13.4869 4.69258	
2.39	6.39842 13.4701 4.66892	
2.4	6.39297 13.4448 4.64136	
2.41	6.391 13.4129 4.62881	
2.42	6.39048 13.3776 4.61806	
2.43	6.39336 13.3421 4.6126	
2.44	6.38926 13.2953 4.6038	
2.45	6.37733 13.2337 4.60809	
2.46	6.36007 13.1528 4.61064	
2.47	6.35131 13.0837 4.61666	
2.48	6.34636 13.0111 4.61965	
2.49	6.34927 12.9313 4.6052	
2.5	6.3611 12.8928 4.59503	
2.51	6.37256 12.8277 4.59168	
2.52	6.40325 12.7894 4.5891	
2.53	6.421 12.7513 4.58836	
2.54	6.44177 12.721 4.57676	
2.55	6.4432 12.7 4.58113	
2.56	6.44541 12.6741 4.55549	
2.57	6.43977 12.6522 4.5583	
2.58	6.43648 12.634 4.55904	
2.59	6.43169 12.6119 4.5652	
2.6	6.42741 12.5785 4.55661	
2.61	6.42427 12.5723 4.56263	
2.62	6.42595 12.5572 4.56798	
2.63	6.4388 12.5539 4.56909	
2.64	6.43859 12.5536 4.57036	
2.65	6.43281 12.5546 4.56987	
2.66	6.4344 12.562 4.57344	
2.67	6.43057 12.5618 4.56821	
2.68	6.42422 12.5646 4.57183	
2.69	6.42459 12.5639 4.56971	
2.7	6.42438 12.5633 4.57008	
2.71	6.41819 12.5639 4.5552	
2.72	6.40828 12.557 4.50274	
2.73	6.40489 12.5453 4.43985	
2.74	6.39878 12.5321 4.38837	
2.75	6.4121 12.5136 4.35997	
2.76	6.42386 12.4863 4.33802	
2.77	6.42138 12.4428 4.29775	
2.78	6.40177 12.3752 4.26264	
2.79	6.3679 12.3039 4.25459	
2.8	6.34066 12.2315 4.27121	
2.81	6.31619 12.1405 4.29048	
2.82	6.29626 12.0494 4.31311	
2.83	6.27697 11.948 4.3371	
2.84	6.26056 11.8695 4.35931	
2.85	6.24635 11.8018 4.37927	
2.86	6.22927 11.7508 4.39419	
2.87	6.22055 11.7091 4.40653	
2.88	6.21839 11.6609 4.41991	
2.89	6.22348 11.6236 4.44864	
2.9	6.24092 11.6014 4.49901	
2.91	6.25895 11.5844 4.54551	
2.92	6.28839 11.5621 4.59724	
2.93	6.30909 11.5205 4.68103	
2.94	6.32912 11.4809 4.77023	
2.95	6.33954 11.4261 4.86057	
2.96	6.34665 11.3659 4.94191	
2.97	6.36294 11.3054 5.03485	
2.98	6.37645 11.2369 5.11114	
2.99	6.37804 11.1405 5.18813	
3	6.38104 11.0191 5.24427	
3.01	6.37901 10.8986 5.29741	
3.02	6.39071 10.8122 5.33722	
3.03	6.41218 10.7392 5.37078	
3.04	6.43853 10.6894 5.39179	
3.05	6.46637 10.6456 5.41361	
3.06	6.50764 10.5987 5.44741	
3.07	6.52996 10.5605 5.47817	
3.08	6.55879 10.5122 5.51381	
3.09	6.57382 10.47 5.55824	
3.1	6.59385 10.419 5.63436	
3.11	6.61134 10.3495 5.69862	
3.12	6.62484 10.2642 5.75604	
3.13	6.63428 10.1513 5.81953	
3.14	6.63303 10.0514 5.90043	
3.15	6.63733 9.94839 5.97874	
3.16	6.64319 9.85458 6.05024	
3.17	6.6417 9.75848 6.14971	
3.18	6.65058 9.68072 6.23993	
3.19	6.64911 9.59019 6.32745	
3.2	6.65172 9.50673 6.3911	
3.21	6.65878 9.42017 6.44327	
3.22	6.65974 9.33186 6.4991	
3.23	6.67555 9.24313 6.55813	
3.24	6.70175 9.16178 6.60979	
3.25	6.73806 9.05363 6.67548	
3.26	6.77632 8.95486 6.7358	
3.27	6.81032 8.86521 6.78729	
3.28	6.84525 8.7795 6.84544	
3.29	6.86535 8.69319 6.89788	
3.3	6.88584 8.60838 6.95239	
3.31	6.91326 8.52602 7.00417	
3.32	6.94416 8.46769 7.05468	
3.33	7.00443 8.43485 7.0874	
3.34	7.07719 8.42983 7.1033	
3.35	7.16802 8.43526 7.10757	
3.36	7.28793 8.48426 7.08254	
3.37	7.39892 8.5399 7.03544	
3.38	7.5155 8.61804 6.97782	
3.39	7.62803 8.69234 6.92587	
3.4	7.74016 8.75593 6.87557	
3.41	7.85127 8.81661 6.82972	
3.42	7.94995 8.85864 6.79556	
3.43	8.04068 8.88272 6.77065	
3.44	8.13756 8.89398 6.75633	
3.45	8.22779 8.89724 6.74655	
3.46	8.32609 8.88945 6.738	
3.47	8.42501 8.89115 6.73387	
3.48	8.50715 8.88317 6.72209	
3.49	8.58906 8.86799 6.70788	
3.5	8.67411 8.85198 6.69636	
3.51	8.78474 8.84408 6.68855	
3.52	8.90132 8.83445 6.68978	
3.53	9.00918 8.83129 6.69035	
3.54	9.11829 8.8289 6.69013	
3.55	9.22881 8.82784 6.68977	
3.56	9.32314 8.82728 6.68958	
3.57	9.40875 8.83148 6.6868	
3.58	9.48692 8.83142 6.68657	
3.59	9.56652 8.83712 6.68345	
3.6	9.64012 8.85818 6.67197	
3.61	9.71045 8.8939 6.655	
3.62	9.77476 8.92391 6.63771	
3.63	9.83717 8.96516 6.61848	
3.64	9.89171 9.01806 6.58612	
3.65	9.95435 9.08932 6.52909	
3.66	9.99919 9.15346 6.47235	
3.67	10.0593 9.23331 6.40842	
3.68	10.1044 9.31275 6.34384	
3.69	10.1477 9.39199 6.25633	
3.7	10.1936 9.4746 6.14845	
3.71	10.2219 9.55688 6.03225	
3.72	10.25 9.63753 5.9242	
3.73	10.2725 9.71854 5.80314	
3.74	10.3031 9.80221 5.67337	
3.75	10.3389 9.88888 5.55	
3.76	10.3935 9.98019 5.43643	
3.77	10.4395 10.0674 5.34146	
3.78	10.5002 10.1543 5.25534	
3.79	10.5565 10.2376 5.19516	
3.8	10.6162 10.317 5.14032	
3.81	10.6692 10.4099 5.08721	
3.82	10.7286 10.5209 5.03054	
3.83	10.797 10.6589 4.96668	
3.84	10.8466 10.788 4.91083	
3.85	10.902 10.9179 4.84336	
3.86	10.9454 11.0242 4.77869	
3.87	10.9825 11.1233 4.71371	
3.88	11.0044 11.2075 4.64582	
3.89	11.0145 11.2773 4.58783	
3.9	11.0178 11.334 4.52941	
3.91	11.0165 11.3846 4.46912	
3.92	11.0197 11.4259 4.40432	
3.93	11.0263 11.4442 4.3401	
3.94	11.0392 11.4483 4.28479	
3.95	11.0532 11.4405 4.24339	
3.96	11.0682 11.4196 4.19736	
3.97	11.0957 11.4008 4.13769	
3.98	11.1316 11.3769 4.06253	
3.99	11.1811 11.3479 3.98707	
4	11.2319 11.3201 3.90896	
4.01	11.2976 11.3026 3.83414	
4.02	11.3812 11.2989 3.77326	
4.03	11.4704 11.304 3.73218	
4.04	11.5804 11.3216 3.71234	
4.05	11.6861 11.3482 3.70184	
4.06	11.7939 11.3804 3.68498	
4.07	11.8876 11.4179 3.66796	
4.08	11.9635 11.444 3.65776	
4.09	12.0141 11.4659 3.64357	
4.1	12.0388 11.479 3.61792	
4.11	12.0624 11.4802 3.59499	
4.12	12.0861 11.4709 3.57847	
4.13	12.102 11.4709 3.57193	
4.14	12.1125 11.4643 3.55012	
4.15	12.1159 11.4517 3.51438	
4.16	12.1186 11.4348 3.4685	
4.17	12.1204 11.433 3.39991	
4.18	12.1196 11.4381 3.31848	
4.19	12.1254 11.4434 3.23555	
4.2	12.1267 11.4359 3.15019	
4.21	12.131 11.4189 3.08735	
4.22	12.1253 11.4044 3.05016	
4.23	12.1293 11.389 3.02302	
4.24	12.1319 11.3724 2.99203	
4.25	12.1424 11.3468 2.96465	
4.26	12.1509 11.3339 2.94002	
4.27	12.1625 11.3112 2.90095	
4.28	12.1782 11.303 2.86582	
4.29	12.2009 11.2926 2.84102	
4.3	12.23 11.2925 2.82526	
4.31	12.2575 11.2929 2.81082	
4.32	12.2902 11.302 2.80432	
4.33	12.306 11.3033 2.79893	
4.34	12.3188 11.3052 2.79893	
4.35	12.3195 11.3096 2.79243	
4.36	12.3257 11.3205 2.78492	
4.37	12.3226 11.3305 2.76461	
4.38	12.3302 11.3327 2.74774	
4.39	12.3298 11.3356 2.74012	
4.4	12.33 11.334 2.73492	
4.41	12.336 11.3378 2.72731	
4.42	12.3427 11.3454 2.70924	
4.43	12.3487 11.3576 2.68876	
4.44	12.354 11.3562 2.66564	
4.45	12.3604 11.3569 2.64762	
4.46	12.3785 11.3744 2.6168	
4.47	12.4078 11.394 2.57225	
4.48	12.4396 11.4154 2.51034	
4.49	12.4714 11.4289 2.46146	
4.5	12.5 11.4392 2.42296	
4.51	12.5194 11.4489 2.41956	
4.52	12.5346 11.4453 2.40244	
4.53	12.5617 11.4477 2.40086	
4.54	12.5817 11.4615 2.39482	
4.55	12.5958 11.4716 2.3853	
4.56	12.6274 11.4854 2.38076	
4.57	12.6622 11.4888 2.37082	
4.58	12.6844 11.4893 2.35108	
4.59	12.6948 11.4766 2.34539	
4.6	12.7164 11.4406 2.3467	
4.61	12.7306 11.366 2.36473	
4.62	12.7485 11.2807 2.38006	
4.63	12.7641 11.1971 2.39892	
4.64	12.7784 11.1229 2.42881	
4.65	12.7932 11.0456 2.44096	
4.66	12.8143 10.9704 2.45765	
4.67	12.8235 10.922 2.47136	
4.68	12.8315 10.8877 2.47616	
4.69	12.8355 10.8588 2.4639	
4.7	12.8404 10.8254 2.46196	
4.71	12.8547 10.7941 2.43832	
4.72	12.8601 10.766 2.43885	
4.73	12.8689 10.7206 2.4453	
4.74	12.8805 10.6603 2.44705	
4.75	12.8927 10.6044 2.46134	
4.76	12.9007 10.547 2.47585	
4.77	12.9147 10.4817 2.49591	
4.78	12.9228 10.4312 2.51256	
4.79	12.9277 10.3695 2.53306	
4.8	12.9366 10.3148 2.55403	
4.81	12.9465 10.2708 2.57097	
4.82	12.9542 10.2306 2.58561	
4.83	12.9601 10.1999 2.59609	
4.84	12.9657 10.1703 2.60797	
4.85	12.9716 10.1393 2.61476	
4.86	12.9773 10.1094 2.62289	
4.87	12.983 10.0797 2.63133	
4.88	12.9803 10.0561 2.64425	
4.89	12.9848 10.0249 2.65181	
4.9	12.9822 9.99262 2.66334	
4.91	12.9881 9.96202 2.67466	
4.92	12.9943 9.92161 2.69105	
4.93	12.9939 9.88579 2.7057	
4.94	13.0012 9.8472 2.72362	
4.95	13.0011 9.80151 2.74339	
4.96	13.0087 9.76134 2.75595	
4.97	13.0172 9.71654 2.77473	
4.98	13.0237 9.68219 2.78999	
4.99	13.0292 9.65309 2.80348	
5	13.0337 9.62919 2.81518	
5.01	13.0388 9.60257 2.81641	
5.02	13.0455 9.567 2.82673	
5.03	13.0537 9.52373 2.82874	
5.04	13.0622 9.47886 2.82522	
5.05	13.0621 9.44043 2.80373	
5.06	13.0543 9.40322 2.7696	
5.07	13.0355 9.3848 2.73057	
5.08	13.0102 9.36145 2.69873	
5.09	12.9972 9.34325 2.68574	
5.1	12.978 9.31816 2.68963	
5.11	12.9702 9.27971 2.70343	
5.12	12.9611 9.23097 2.72279	
5.13	12.9661 9.1708 2.74915	
5.14	12.9656 9.11528 2.77535	
5.15	12.9686 9.05689 2.80476	
5.16	12.9763 9.00543 2.8337	
5.17	12.9826 8.96988 2.85641	
5.18	12.9928 8.95489 2.8696	
5.19	13.0005 8.95411 2.87529	
5.2	13.024 8.94971 2.88191	
5.21	13.0476 8.94535 2.88853	
5.22	13.0704 8.94507 2.89185	
5.23	13.0727 8.94055 2.89383	
5.24	13.0697 8.92465 2.90007	
5.25	13.0594 8.89785 2.91194	
5.26	13.0511 8.85968 2.94226	
5.27	13.0378 8.80721 2.98531	
5.28	13.0333 8.74763 3.01925	
5.29	13.0263 8.69256 3.0475	
5.3	13.019 8.64785 3.07096	
5.31	13.0183 8.60841 3.10672	
5.32	13.0238 8.57745 3.14664	
5.33	13.0257 8.55765 3.17231	
5.34	13.028 8.54471 3.20086	
5.35	13.0279 8.53656 3.23137	
5.36	13.029 8.53033 3.26701	
5.37	13.0274 8.52993 3.30576	
5.38	13.0275 8.5384 3.35241	
5.39	13.0275 8.547 3.39903	
5.4	13.0177 8.54945 3.44944	
5.41	13.017 8.5531 3.47639	
5.42	13.0024 8.54836 3.50443	
5.43	12.9952 8.54489 3.53246	
5.44	12.9946 8.54809 3.5622	
5.45	12.9886 8.53831 3.58732	
5.46	12.9756 8.52443 3.60198	
5.47	12.968 8.51416 3.62728	
5.48	12.9556 8.49668 3.64935	
5.49	12.9357 8.47688 3.66661	
5.5	12.9222 8.45616 3.67862	
5.51	12.9154 8.44159 3.68831	
5.52	12.9027 8.41585 3.70256	
5.53	12.8892 8.39437 3.71365	
5.54	12.8861 8.36696 3.73543	
5.55	12.8811 8.34082 3.76309	
5.56	12.8711 8.30756 3.78763	
5.57	12.868 8.27011 3.81485	
5.58	12.8644 8.2352 3.84866	
5.59	12.865 8.1848 3.88458	
5.6	12.8654 8.14479 3.91558	
5.61	12.8617 8.10081 3.9408	
5.62	12.8621 8.05028 3.97331	
5.63	12.8592 8.01049 4.00638	
5.64	12.8568 7.97665 4.04087	
5.65	12.8544 7.94304 4.07568	
5.66	12.8409 7.91824 4.10666	
5.67	12.8376 7.89992 4.13731	
5.68	12.8228 7.88303 4.17627	
5.69	12.8083 7.86387 4.20901	
5.7	12.7936 7.846 4.24661	
5.71	12.7724 7.82869 4.28551	
5.72	12.7481 7.81042 4.32483	
5.73	12.7242 7.79975 4.35229	
5.74	12.6995 7.78386 4.38259	
5.75	12.6844 7.76757 4.42204	
5.76	12.6691 7.74232 4.45626	
5.77	12.6549 7.70954 4.48324	
5.78	12.6414 7.67276 4.51384	
5.79	12.6278 7.63542 4.54372	
5.8	12.6022 7.58071 4.57627	
5.81	12.5739 7.5324 4.61546	
5.82	12.5571 7.48136 4.65363	
5.83	12.5371 7.43073 4.69724	
5.84	12.5162 7.38507 4.73849	
5.85	12.4873 7.33694 4.77473	
5.86	12.4732 7.29931 4.80424	
5.87	12.4572 7.27501 4.82138	
5.88	12.4478 7.261 4.83288	
5.89	12.4468 7.24606 4.84191	
5.9	12.4458 7.24188 4.84625	
5.91	12.4469 7.22288 4.85794	
5.92	12.4495 7.20444 4.86941	
5.93	12.451 7.1721 4.89128	
5.94	12.4561 7.13535 4.91442	
5.95	12.453 7.08796 4.94377	
5.96	12.4583 7.0391 4.9787	
5.97	12.4657 6.9864 5.01655	
5.98	12.4715 6.93434 5.05614	
5.99	12.4784 6.87443 5.10322	
6	12.485 6.81579 5.15187	
6.01	12.4916 6.7578 5.19812	
6.02	12.4974 6.70598 5.24663	
6.03	12.501 6.65858 5.29303	
6.04	12.5072 6.61415 5.32939	
6.05	12.5114 6.5734 5.36583	
6.06	12.5166 6.53709 5.39506	
6.07	12.5198 6.50342 5.42303	
6.08	12.5222 6.47518 5.44917	
6.09	12.5241 6.44017 5.47639	
6.1	12.5245 6.41491 5.49857	
6.11	12.5273 6.3845 5.50371	
6.12	12.5325 6.34722 5.50141	
6.13	12.5285 6.30415 5.50271	
6.14	12.5333 6.25853 5.51132	
6.15	12.5398 6.20115 5.53109	
6.16	12.5441 6.13732 5.53485	
6.17	12.5496 6.07606 5.5288	
6.18	12.5653 6.01545 5.5364	
6.19	12.5722 5.95554 5.54947	
6.2	12.583 5.87808 5.57074	
6.21	12.5824 5.79845 5.58906	
6.22	12.5797 5.69954 5.61731	
6.23	12.5843 5.62232 5.64252	
6.24	12.5916 5.53768 5.68998	
6.25	12.5985 5.4552 5.72813	
6.26	12.6061 5.36835 5.77742	
6.27	12.6055 5.28676 5.82454	
6.28	12.604 5.2 5.85566	
6.29	12.5935 5.11262 5.88322	
6.3	12.5909 5.04361 5.90031	
6.31	12.5965 4.98134 5.89978	
6.32	12.5956 4.91126 5.88694	
6.33	12.5996 4.84866 5.87063	
6.34	12.6046 4.80177 5.853	
6.35	12.6275 4.74715 5.81748	
6.36	12.6513 4.69829 5.7786	
6.37	12.6746 4.65293 5.7392	
6.38	12.6969 4.62608 5.69063	
6.39	12.7267 4.61231 5.63498	
6.4	12.7637 4.60288 5.57552	
6.41	12.8029 4.59956 5.53266	
6.42	12.8707 4.60281 5.48829	
6.43	12.9255 4.62938 5.43105	
6.44	12.9865 4.67612 5.36305	
6.45	13.0552 4.75104 5.28704	
6.46	13.1314 4.82406 5.2086	
6.47	13.1902 4.88869 5.13936	
6.48	13.2228 4.94239 5.07076	
6.49	13.2608 5.00898 4.99177	
6.5	13.2834 5.07489 4.90851	
6.51	13.3 5.13066 4.81347	
6.52	13.3035 5.15592 4.71478	
6.53	13.2951 5.17936 4.60838	
6.54	13.2657 5.20075 4.504	
6.55	13.2285 5.22375 4.38925	
6.56	13.1976 5.24549 4.26887	
6.57	13.1742 5.25884 4.16925	
6.58	13.1517 5.26722 4.07225	
6.59	13.1238 5.27295 3.96295	
6.6	13.0835 5.26997 3.83778	
6.61	13.059 5.24528 3.67634	
6.62	13.0463 5.20346 3.52169	
6.63	13.0491 5.17839 3.41956	
6.64	13.054 5.15918 3.34485	
6.65	13.0551 5.14404 3.27467	
6.66	13.057 5.13283 3.21143	
6.67	13.0299 5.13203 3.13856	
6.68	12.9831 5.13123 3.07148	
6.69	12.8865 5.13835 3.02793	
6.7	12.772 5.15475 2.99877	
6.71	12.6101 5.17714 2.9651	
6.72	12.4383 5.1885 2.93799	
6.73	12.2574 5.20483 2.90771	
6.74	12.1067 5.22386 2.88665	
6.75	11.9613 5.25291 2.86501	
6.76	11.8642 5.28292 2.82901	
6.77	11.7743 5.31709 2.80115	
6.78	11.7141 5.34084 2.7829	
6.79	11.6646 5.36215 2.78318	
6.8	11.6084 5.37653 2.79623	
6.81	11.5527 5.37189 2.81226	
6.82	11.4951 5.36937 2.83058	
6.83	11.4318 5.36571 2.84178	
6.84	11.3655 5.36185 2.84928	
6.85	11.3171 5.35746 2.85044	
6.86	11.2965 5.35635 2.85201	
6.87	11.2771 5.3571 2.86418	
6.88	11.274 5.35882 2.89201	
6.89	11.2719 5.36679 2.91704	
6.9	11.2615 5.36688 2.92825	
6.91	11.2419 5.37095 2.92625	
6.92	11.2243 5.36994 2.92625	
6.93	11.1948 5.36917 2.93341	
6.94	11.1592 5.36966 2.94519	
6.95	11.1121 5.36861 2.96762	
6.96	11.0847 5.37779 2.99862	
6.97	11.0551 5.39723 3.03954	
6.98	11.0177 5.42372 3.07851	
6.99	10.9548 5.43651 3.10161	
7	10.8724 5.43601 3.11045	
7.01	10.7975 5.43505 3.12411	
7.02	10.6974 5.4364 3.149	
7.03	10.6047 5.43726 3.16892	
7.04	10.5209 5.44031 3.20943	
7.05	10.4455 5.44959 3.26896	
7.06	10.3787 5.46652 3.31563	
7.07	10.3122 5.48108 3.35051	
7.08	10.2561 5.49323 3.36798	
7.09	10.1883 5.51205 3.37868	
7.1	10.1308 5.52723 3.39699	
7.11	10.0761 5.55154 3.42813	
7.12	10.0395 5.56149 3.46795	
7.13	10.02 5.58426 3.51832	
7.14	10.0088 5.62173 3.5853	
7.15	10.0015 5.68279 3.65933	
7.16	10.0017 5.7314 3.7234	
7.17	9.995 5.76793 3.79247	
7.18	9.9773 5.78527 3.85408	
7.19	9.94221 5.80102 3.92118	
7.2	9.88856 5.81642 3.99275	
7.21	9.82631 5.83009 4.06944	
7.22	9.75408 5.85024 4.15355	
7.23	9.68197 5.86861 4.21829	
7.24	9.58285 5.87829 4.25383	
7.25	9.48235 5.88369 4.29322	
7.26	9.36623 5.89619 4.33828	
7.27	9.23167 5.91087 4.39327	
7.28	9.09726 5.92537 4.44294	
7.29	8.9659 5.94162 4.48727	
7.3	8.82478 5.95607 4.52528	
7.31	8.69087 5.97057 4.55974	
7.32	8.5757 5.98415 4.59262	
7.33	8.45762 5.99648 4.62154	
7.34	8.34799 6.00324 4.65262	
7.35	8.25716 6.0139 4.67581	
7.36	8.16475 6.0219 4.71257	
7.37	8.06564 6.03706 4.7465	
7.38	7.96505 6.0499 4.77477	
7.39	7.86595 6.06466 4.79946	
7.4	7.76524 6.07399 4.80761	
7.41	7.65882 6.08677 4.81187	
7.42	7.54315 6.10311 4.81135	
7.43	7.44454 6.11829 4.81124	
7.44	7.33996 6.15942 4.7897	
7.45	7.24567 6.2148 4.76404	
7.46	7.14733 6.30941 4.72282	
7.47	7.06808 6.41327 4.66611	
7.48	6.98103 6.50441 4.60937	
7.49	6.90298 6.58183 4.56172	
7.5	6.83013 6.64005 4.52746	
7.51	6.78014 6.67625 4.50151	
7.52	6.74014 6.71329 4.48058	
7.53	6.71602 6.74239 4.46203	
7.54	6.68387 6.7751 4.44584	
7.55	6.65275 6.81267 4.41908	
7.56	6.63964 6.8393 4.39348	
7.57	6.63224 6.85461 4.35863	
7.58	6.63563 6.87734 4.33179	
7.59	6.64593 6.89917 4.29109	
7.6	6.66727 6.93026 4.2294	
7.61	6.68305 6.97112 4.14046	
7.62	6.70752 7.01544 4.04474	
7.63	6.72133 7.08414 3.94624	
7.64	6.74347 7.1522 3.85247	
7.65	6.75792 7.24234 3.72417	
7.66	6.78296 7.33985 3.60425	
7.67	6.80033 7.45115 3.4911	
7.68	6.81798 7.55408 3.40364	
7.69	6.83343 7.65253 3.31656	
7.7	6.8483 7.74538 3.22756	
7.71	6.86562 7.86658 3.1431	
7.72	6.87479 7.97558 3.06705	
7.73	6.88641 8.05348 3.00303	
7.74	6.89623 8.11812 2.95241	
7.75	6.90394 8.15707 2.90417	
7.76	6.90556 8.17377 2.87682	
7.77	6.90673 8.17682 2.85704	
7.78	6.90783 8.17166 2.84296	
7.79	6.91412 8.15686 2.8403	
7.8	6.92146 8.10131 2.85851	
7.81	6.93716 8.04011 2.87476	
7.82	6.95567 7.98956 2.88589	
7.83	6.97327 7.95301 2.88631	
7.84	6.97905 7.93597 2.86472	
7.85	6.98717 7.9272 2.82711	
7.86	6.98031 7.9349 2.7578	
7.87	6.96984 7.97028 2.6701	
7.88	6.96046 8.0153 2.5727	
7.89	6.95299 8.07127 2.45082	
7.9	6.95307 8.12402 2.35894	
7.91	6.94505 8.17044 2.26451	
7.92	6.90746 8.16384 2.21987	
7.93	6.84094 8.2108 2.20244	
7.94	6.73706 8.24223 2.1847	
7.95	6.70576 8.21228 2.18776	
7.96	6.71467 8.06957 2.26132	
7.97	6.78193 7.8738 2.29449	
7.98	6.81858 7.66023 2.3134	
7.99	6.80233 7.46138 2.28598	
8	6.77934 7.32776 2.23148	
8.01	6.77706 7.30728 2.22329	
8.02	6.7854 7.30092 2.20234	
8.03	6.77671 7.30031 2.20838	
8.04	6.73334 7.30311 2.19977	
8.05	6.70125 7.29344 2.20254	
8.06	6.69207 7.28657 2.17844	
8.07	6.69549 7.25553 2.18219	
8.08	6.70848 7.24119 2.16028	
8.09	6.71053 7.20176 2.12588	
8.1	6.71566 7.17269 2.09599	
8.11	6.72095 7.15315 2.06759	
8.12	6.72603 7.14347 2.04923	
8.13	6.72575 7.13975 2.01353	
8.14	6.73926 7.12682 1.98484	
8.15	6.75859 7.10683 1.9372	
8.16	6.78987 7.07184 1.9283	
8.17	6.85612 7.03705 1.91719	
8.18	6.87478 6.96535 1.91458	
8.19	6.88663 6.90843 1.90495	
8.2	6.8949 6.90456 1.88697	
8.21	6.88411 6.878 1.87981	
8.22	6.87387 6.86489 1.89287	
8.23	6.86106 6.82742 1.89191	
8.24	6.8553 6.77467 1.90613	
8.25	6.84741 6.71441 1.93789	
8.26	6.83863 6.58441 1.96888	
8.27	6.83208 6.46739 2.01918	
8.28	6.82144 6.38048 2.08311	
8.29	6.81604 6.34677 2.09829	
8.3	6.83211 6.33953 2.11683	
8.31	6.83885 6.30383 2.13954	
8.32	6.83944 6.23293 2.19526	
8.33	6.8401 6.16 2.23092	
8.34	6.84157 6.09502 2.2404	
8.35	6.86604 6.06105 2.2365	
8.36	6.87641 6.06331 2.20731	
8.37	6.8838 6.0575 2.19437	
8.38	6.87674 6.06298 2.16239	
8.39	6.86809 6.06764 2.14293	
8.4	6.86912 6.06935 2.09491	
8.41	6.86718 6.05422 2.03812	
8.42	6.87348 6.03622 2.00841	
8.43	6.89311 5.98247 1.98914	
8.44	6.92556 5.92776 1.94536	
8.45	6.97161 5.86655 1.9566	
8.46	7.03238 5.80997 1.96908	
8.47	7.05413 5.74615 1.99886	
8.48	7.05873 5.68231 2.05319	
8.49	7.05605 5.64303 2.0494	
8.5	7.06468 5.62868 2.03963	
8.51	7.05956 5.56843 2.01941	
8.52	7.05129 5.50589 2.05932	
8.53	7.03608 5.43823 2.07891	
8.54	7.00764 5.35938 2.06764	
8.55	6.99879 5.35136 2.02705	
8.56	7.00597 5.33613 1.96768	
8.57	7.00486 5.3278 1.9311	
8.58	6.99202 5.29929 1.95399	
8.59	6.96896 5.25429 1.96628	
8.6	6.96438 5.21386 1.97545	
8.61	6.9696 5.18054 2.02173	
8.62	6.98564 5.16309 2.02443	
8.63	6.98502 5.14885 2.04876	
8.64	6.98251 5.10794 2.09553	
8.65	6.97905 5.07674 2.13082	
8.66	6.97411 5.04908 2.20983	
8.67	6.97482 5.0585 2.35316	
8.68	6.95529 5.04705 2.43707	
8.69	6.93275 5.01443 2.52336	
8.7	6.9278 4.99253 2.55704	
8.71	6.9246 4.9693 2.57012	
8.72	6.92116 4.94149 2.58909	
8.73	6.91589 4.91041 2.61518	
8.74	6.91024 4.863 2.65652	
8.75	6.90375 4.80742 2.70629	
8.76	6.89786 4.74551 2.76472	
8.77	6.88985 4.67819 2.83925	
8.78	6.89003 4.61314 2.92163	
8.79	6.88382 4.56187 2.99905	
8.8	6.86862 4.52434 3.05604	
8.81	6.85599 4.5097 3.08466	
8.82	6.85376 4.4925 3.12224	
8.83	6.86044 4.48324 3.14757	
8.84	6.85945 4.47552 3.1722	
8.85	6.86725 4.46283 3.2061	
8.86	6.86501 4.44458 3.26408	
8.87	6.86246 4.42266 3.33119	
8.88	6.8498 4.39399 3.40055	
8.89	6.8366 4.37302 3.46301	
8.9	6.83532 4.36093 3.5015	
8.91	6.83372 4.34722 3.52857	
8.92	6.84234 4.33991 3.54783	
8.93	6.84021 4.33425 3.55798	
8.94	6.84788 4.31843 3.57408	
8.95	6.84413 4.28444 3.60945	
8.96	6.83864 4.2476 3.65036	
8.97	6.8351 4.21501 3.68674	
8.98	6.83157 4.18256 3.72324	
8.99	6.82709 4.15515 3.75768	
9	6.83243 4.118 3.7985	
9.01	6.82705 4.08195 3.84008	
9.02	6.83031 4.03704 3.88955	
9.03	6.82558 3.99421 3.93876	
9.04	6.82012 3.95795 3.99209	
9.05	6.81463 3.92009 4.03906	
9.06	6.8083 3.88853 4.08485	
9.07	6.79502 3.86876 4.12393	
9.08	6.79059 3.84155 4.16529	
9.09	6.78667 3.81797 4.20255	
9.1	6.78209 3.7899 4.24339	
9.11	6.77601 3.76035 4.28408	
9.12	6.76726 3.73151 4.32717	
9.13	6.7626 3.70117 4.36631	
9.14	6.75782 3.66996 4.41153	
9.15	6.75254 3.63411 4.46007	
9.16	6.74626 3.58917 4.52211	
9.17	6.74652 3.52764 4.60083	
9.18	6.7362 3.47131 4.67668	
9.19	6.72604 3.41535 4.75275	
9.2	6.72575 3.35988 4.83013	
9.21	6.74752 3.31256 4.89424	
9.22	6.77133 3.27155 4.94861	
9.23	6.80446 3.23714 4.99624	
9.24	6.85075 3.20771 5.03304	
9.25	6.89727 3.18066 5.0649	
9.26	6.95397 3.15583 5.09251	
9.27	7.02378 3.13597 5.10916	
9.28	7.08454 3.12411 5.11722	
9.29	7.146 3.10488 5.13228	
9.3	7.21547 3.07907 5.15763	
9.31	7.276 3.04716 5.19007	
9.32	7.33281 3.00182 5.24141	
9.33	7.3896 2.95363 5.29731	
9.34	7.46379 2.9063 5.3505	
9.35	7.54092 2.85882 5.40156	
9.36	7.59573 2.81128 5.45955	
9.37	7.65227 2.76633 5.51174	
9.38	7.69965 2.73027 5.55609	
9.39	7.7345 2.69473 5.60205	
9.4	7.7675 2.64984 5.66231	
9.41	7.80058 2.60396 5.72198	
9.42	7.8255 2.56407 5.77746	
9.43	7.86917 2.52237 5.8339	
9.44	7.91472 2.48736 5.8807	
9.45	7.9835 2.45723 5.91157	
9.46	8.05238 2.42796 5.94812	
9.47	8.153 2.39688 5.98379	
9.48	8.26441 2.37737 6.00127	
9.49	8.43882 2.35379 6.01134	
9.5	8.62218 2.33244 6.0286	
9.51	8.81876 2.31397 6.03864	
9.52	8.99397 2.3047 6.03601	
9.53	9.20044 2.28852 6.04631	
9.54	9.42873 2.2812 6.0412	
9.55	9.65708 2.27463 6.04164	
9.56	9.8957 2.26975 6.0304	
9.57	10.1573 2.26832 6.0179	
9.58	10.4461 2.26916 6.01237	
9.59	10.7552 2.26881 6.00415	
9.6	11.1136 2.27083 5.99528	
9.61	11.5076 2.27025 5.99619	
9.62	11.9246 2.28015 6.01278	
9.63	12.3507 2.30856 6.04976	
9.64	12.7834 2.35661 6.09156	
9.65	13.2021 2.41373 6.13419	
9.66	13.5939 2.50183 6.15704	
9.67	13.976 2.64738 6.16969	
9.68	14.4064 2.86766 6.19909	
9.69	14.7665 3.02127 6.2361	
9.7	15.0387 3.0913 6.25915	
9.71	15.2397 3.13923 6.28281	
9.72	15.3519 3.1669 6.29121	
9.73	15.3853 3.174 6.29476	
9.74	15.3681 3.1725 6.28932	
9.75	15.2992 3.15921 6.27001	
9.76	15.2016 3.13776 6.21428	
9.77	15.1125 3.11676 6.13799	
9.78	15.024 3.09389 6.02883	
9.79	14.97 3.09897 5.9184	
9.8	14.9411 3.1355 5.81328	
9.81	14.9273 3.16401 5.7306	
9.82	14.9287 3.18378 5.66999	
9.83	14.9279 3.20039 5.64134	
9.84	14.9416 3.20438 5.63971	
9.85	14.9524 3.20821 5.63978	
9.86	14.9604 3.21075 5.64701	
9.87	14.9722 3.21638 5.65325	
9.88	14.9725 3.22111 5.6549	
9.89	14.9698 3.2259 5.65838	
9.9	14.9621 3.22787 5.65879	
9.91	14.932 3.22584 5.66103	
9.92	14.8928 3.22563 5.65833	
9.93	14.8571 3.23505 5.64402	
9.94	14.8274 3.26944 5.59846	
9.95	14.8064 3.3621 5.47759	
9.96	14.8081 3.5141 5.29122	
9.97	14.8504 3.7579 4.98318	
9.98	14.874 4.0242 4.57337	
9.99	14.8662 4.25189 4.06593	
10	14.8316 4.41022 3.49483	
10.01	14.7951 4.55936 2.82561	
10.02	14.7639 4.77143 2.30277	
10.03	14.6949 5.30139 1.8421	
10.04	14.666 5.63347 1.502	
10.05	14.6744 5.54804 1.48603	
10.06	14.5343 5.95361 1.15575	
10.07	14.468 5.86618 1.24339	
10.08	14.2476 6.55792 0.886482	
10.09	14.2904 6.50862 1.08763	
10.1	14.3933 6.9786 0.95671	
10.11	14.3259 6.95688 0.724416	
10.12	14.3809 7.06507 0.661881	
10.13	14.3423 7.10402 0.362895	
10.14	14.268 7.23516 0.108832	
10.15	14.2635 7.22517 0.076861	
10.16	14.1777 7.78654 -0.160192	
10.17	14.1359 7.93329 -0.147287	
10.18	13.9785 8.80389 -0.371599	
10.19	13.8359 9.70197 -0.301872	
10.2	13.8131 9.40973 -0.244876	
10.21	13.5177 10.515 -0.292401	
10.22	13.3758 11.0751 -0.593116	
10.23	13.1071 11.1899 -1.12124	
10.24	13.1812 11.2115 -0.958377	
10.25	13.0433 11.5799 -1.19822	
10.26	12.9635 11.9247 -1.27036	
10.27	12.8232 12.2206 -1.56374	
10.28	12.6595 12.7096 -1.65217	
10.29	12.5257 13.2234 -1.49365	
10.3	12.3608 13.8207 -0.851323	
10.31	12.1501 14.4019 0.011425	
10.32	11.8845 14.8722 0.816993	
10.33	11.4834 15.2342 1.62535	
10.34	11.3975 15.4067 1.35143	
10.35	11.0974 16.4377 1.42954	
10.36	11.1999 15.9827 1.39102	
10.37	11.0503 16.7001 1.99962	
10.38	10.9913 16.9978 2.50102	
10.39	10.7552 17.1374 2.44113	
10.4	10.5749 17.3913 2.45805	
10.41	10.4531 17.5005 2.47969	
10.42	10.3202 17.502 2.46096	
10.43	10.1509 17.4914 2.44247	
10.44	9.94077 17.4594 2.40571	
10.45	9.70705 17.2574 2.87682	
10.46	9.59609 16.9128 3.23585	
10.47	9.62245 16.9546 3.36635	
10.48	9.8385 17.5791 3.36082	
10.49	10.2095 18.3753 3.09831	
10.5	9.99643 18.8875 3.04491	
10.51	9.80672 19.4427 2.95299	
10.52	9.7787 19.5475 2.95309	
10.53	9.80134 19.9251 2.91508	
10.54	9.80021 19.9326 2.93181	
10.55	9.80055 19.9388 2.94578	
10.56	9.80096 19.9409 2.95045	
10.57	9.80232 19.9395 2.94685	
10.58	9.80261 19.9459 2.96148	
10.59	9.80837 19.9573 2.98675	
10.6	9.8165 19.9664 3.0068	
10.61	9.8294 19.9763 3.02849	
10.62	9.83547 19.9808 3.03879	
10.63	9.84373 19.984 3.04487	
10.64	9.843 19.9851 3.04827	
10.65	9.8595 19.9935 3.06756	
10.66	9.93045 20.0113 3.10627	
10.67	9.98836 20.0168 3.11888	
10.68	10.0164 20.0163 3.11724	
10.69	10.0276 20.0158 3.11642	
10.7	10.0314 20.0156 3.11598	
10.71	10.028 20.0157 3.11581	
10.72	10.0288 20.0156 3.11571	
10.73	10.028 20.0156 3.11566	
10.74	10.0282 20.0156 3.11562	
10.75	10.0298 20.0156 3.11557	
10.76	10.0298 20.0156 3.11557	
10.77	10.0298 20.0156 3.11557	
10.78	10.0298 20.0156 3.11557	
10.79	10.03 20.0155 3.11554	
10.8	10.0298 20.0156 3.11557	
10.81	10.0298 20.0156 3.11557	
10.82	10.0298 20.0156 3.11557	
10.83	10.03 20.0155 3.11554	
10.84	10.03 20.0155 3.11554	
10.85	10.03 20.0155 3.11554	
10.86	10.03 20.0155 3.11554	
10.87	10.03 20.0155 3.11554	
10.88	10.03 20.0155 3.11554	
10.89	10.03 20.0155 3.11554	
10.9	10.03 20.0155 3.11554	
10.91	10.03 20.0155 3.11554	
10.92	10.03 20.0155 3.11554	
10.93	10.03 20.0155 3.11554	
10.94	10.0303 20.0155 3.1155	
