# Gnuplot File : velocities of 1 particle(s) Monitored
# 1st Column : time, others : particle(s) number 0 
0.01	0 0 -0.019274	
0.02	0 0 -0.0378484	
0.03	0 0 -0.0557485	
0.04	0 0 -0.0729989	
0.05	0 0 -0.0896231	
0.06	0 0 -0.105644	
0.07	0 0 -0.121083	
0.08	0 0 -0.135962	
0.09	0 0 -0.150301	
0.1	0 0 -0.164119	
0.11	0 0 -0.177435	
0.12	0 0 -0.190269	
0.13	0 0 -0.202636	
0.14	0 0 -0.214554	
0.15	0 0 -0.22604	
0.16	0 0 -0.237109	
0.17	0 0 -0.247776	
0.18	0 0 -0.258056	
0.19	-2.92192e-18 0 -0.267963	
0.2	-2.82075e-18 0 -0.27751	
0.21	-2.71278e-18 0 -0.28671	
0.22	-2.61968e-18 0 -0.295577	
0.23	-1.10353e-17 0 -0.304122	
0.24	-1.05762e-17 0 -0.312356	
0.25	-1.09349e-17 0 -0.320292	
0.26	-2.06813e-17 0 -0.32794	
0.27	-2.97354e-17 0 -0.33531	
0.28	-2.86104e-17 0 -0.342412	
0.29	-2.85871e-17 0 -0.349257	
0.3	-2.88848e-17 0 -0.355853	
0.31	-3.02315e-17 0 -0.36221	
0.32	-3.05183e-17 0 -0.368336	
0.33	-3.01667e-17 0 -0.374239	
0.34	0.0341059 0.11835 -0.294165	
0.35	0.148104 0.533923 0.0076739	
0.36	0.142832 0.514916 -0.011585	
0.37	0.137638 0.496191 -0.030609	
0.38	0.133099 0.479828 -0.0481552	
0.39	0.184714 0.667206 0.0775778	
0.4	0.178162 0.643538 0.0559239	
0.41	0.200783 0.712027 0.0930818	
0.42	0.211061 0.742037 0.106021	
0.43	0.207796 0.729047 0.0918484	
0.44	0.200202 0.702404 0.0690029	
0.45	0.193046 0.677295 0.0475714	
0.46	0.199727 0.696303 0.0542846	
0.47	0.198162 0.688995 0.0444518	
0.48	0.191079 0.664367 0.0239057	
0.49	0.202815 0.699421 0.0413759	
0.5	0.198713 0.68424 0.0270097	
0.51	0.19173 0.660193 0.00737142	
0.52	0.20581 0.702966 0.0302799	
0.53	0.199118 0.679908 0.011447	
0.54	0.200692 0.682665 0.00782948	
0.55	0.1948 0.662609 -0.00871292	
0.56	0.187811 0.638833 -0.0275183	
0.57	0.180561 0.614177 -0.046892	
0.58	0.174372 0.593123 -0.0635292	
0.59	0.167836 0.570891 -0.0810185	
0.6	0.161313 0.548705 -0.0984412	
0.61	0.155721 0.529683 -0.113485	
0.62	0.151538 0.515447 -0.124802	
0.63	0.149647 0.509013 -0.128984	
0.64	0.14848 0.505075 -0.128375	
0.65	0.146275 0.497628 -0.129528	
0.66	0.14292 0.486275 -0.133876	
0.67	0.139242 0.473837 -0.138125	
0.68	0.13503 0.459604 -0.142394	
0.69	0.130341 0.443761 -0.147162	
0.7	0.125981 0.429084 -0.147832	
0.71	0.121297 0.413273 -0.151718	
0.72	0.116379 0.396653 -0.157142	
0.73	0.111531 0.380247 -0.164269	
0.74	0.10653 0.363341 -0.170453	
0.75	0.101585 0.34664 -0.175319	
0.76	0.096855 0.330642 -0.181877	
0.77	0.0927545 0.316736 -0.190026	
0.78	0.0893232 0.305061 -0.19961	
0.79	0.0861465 0.294226 -0.210316	
0.8	0.0830731 0.283738 -0.221074	
0.81	0.0799434 0.27308 -0.230472	
0.82	0.0774702 0.264653 -0.238137	
0.83	0.0749375 0.25601 -0.246922	
0.84	0.0722027 0.246665 -0.257433	
0.85	0.0688444 0.23525 -0.266173	
0.86	0.064791 0.221529 -0.272653	
0.87	0.0612584 0.209574 -0.278079	
0.88	0.0584294 0.199958 -0.285326	
0.89	0.0555669 0.190239 -0.292	
0.9	0.0524131 0.179554 -0.297646	
0.91	0.0484512 0.166156 -0.303149	
0.92	0.0458374 0.157268 -0.310191	
0.93	0.0441715 0.151557 -0.317894	
0.94	0.0425913 0.146134 -0.325585	
0.95	0.0410193 0.140742 -0.333042	
0.96	0.0395644 0.135752 -0.339948	
0.97	0.0379702 0.130298 -0.346519	
0.98	0.0364128 0.124977 -0.352416	
0.99	0.0349678 0.12003 -0.358594	
1	0.0335794 0.115277 -0.364607	
1.01	0.0322654 0.110775 -0.370427	
1.02	0.0310578 0.106635 -0.37602	
1.03	0.0297777 0.102254 -0.381462	
1.04	0.0284314 0.0976484 -0.387017	
1.05	0.0272537 0.0936138 -0.392275	
1.06	0.0259636 0.0892028 -0.397463	
1.07	0.0245817 0.0844883 -0.402286	
1.08	0.0234114 0.0804916 -0.406622	
1.09	0.022497 0.0773586 -0.410721	
1.1	0.0216605 0.0744843 -0.415032	
1.11	0.0207905 0.0714989 -0.419255	
1.12	0.0197682 0.0680042 -0.42333	
1.13	0.0189077 0.0650559 -0.427183	
1.14	0.018162 0.0624964 -0.430842	
1.15	0.0174365 0.0600019 -0.434717	
1.16	0.0167136 0.0575184 -0.438455	
1.17	0.0160536 0.0552505 -0.44186	
1.18	0.0154172 0.0530658 -0.445027	
1.19	0.0147584 0.050808 -0.448005	
1.2	0.0140922 0.0485154 -0.451739	
1.21	0.0134813 0.0464097 -0.4554	
1.22	0.0129612 0.0446192 -0.458339	
1.23	0.0124677 0.0429218 -0.461004	
1.24	0.0119974 0.0413035 -0.463586	
1.25	0.011571 0.039835 -0.466013	
1.26	0.0111469 0.0383751 -0.468395	
1.27	0.0107487 0.0370035 -0.470684	
1.28	0.0103547 0.0356473 -0.472863	
1.29	0.00996479 0.0343065 -0.474957	
1.3	0.00959791 0.0330427 -0.477072	
1.31	0.00923227 0.0317829 -0.479205	
1.32	0.00887595 0.0305566 -0.481185	
1.33	0.00854063 0.0294028 -0.483031	
1.34	0.0082164 0.0282882 -0.484738	
1.35	0.00790062 0.0272027 -0.486399	
1.36	0.00760521 0.0261869 -0.487972	
1.37	0.00733163 0.0252455 -0.489472	
1.38	0.00706811 0.0243386 -0.49093	
1.39	0.00680636 0.0234373 -0.492409	
1.4	0.00655671 0.022578 -0.493796	
1.41	0.00631555 0.0217465 -0.495249	
1.42	0.00608182 0.0209393 -0.496748	
1.43	0.00585592 0.0201605 -0.498097	
1.44	0.00563308 0.0193929 -0.499378	
1.45	0.00542385 0.0186727 -0.50055	
1.46	0.00522479 0.0179873 -0.501674	
1.47	0.00503339 0.0173282 -0.502756	
1.48	0.00484609 0.0166835 -0.503803	
1.49	0.00466236 0.0160512 -0.504817	
1.5	0.00448735 0.0154489 -0.50579	
1.51	0.00432379 0.0148856 -0.50672	
1.52	0.00416767 0.0143481 -0.507599	
1.53	0.00401863 0.0138348 -0.508444	
1.54	0.00387492 0.01334 -0.509258	
1.55	0.00373523 0.012859 -0.510045	
1.56	0.00359387 0.0123727 -0.510814	
1.57	0.00345754 0.0119035 -0.511566	
1.58	0.00332825 0.0114588 -0.512266	
1.59	0.00320487 0.011034 -0.512959	
1.6	0.00308662 0.0106272 -0.513606	
1.61	0.00297602 0.0102461 -0.514244	
1.62	0.00286579 0.0098669 -0.514845	
1.63	0.00276048 0.0095045 -0.515427	
1.64	0.00266068 0.00916105 -0.515976	
1.65	0.00256225 0.00882227 -0.516522	
1.66	0.00246504 0.00848784 -0.517051	
1.67	0.00237511 0.00817816 -0.517562	
1.68	0.00229044 0.00788642 -0.518053	
1.69	0.00220932 0.00760691 -0.518525	
1.7	0.00212945 0.00733158 -0.518998	
1.71	0.00205318 0.00706898 -0.519428	
1.72	0.00197959 0.00681561 -0.519841	
1.73	0.00198184 0.00682317 -0.519841	
1.74	0.00198346 0.00682825 -0.519869	
1.75	0.00198501 0.00683317 -0.519889	
1.76	0.0019846 0.00683162 -0.519901	
1.77	0.00198421 0.00683011 -0.519916	
1.78	0.0019843 0.00683025 -0.51993	
1.79	0.00198307 0.0068259 -0.519945	
1.8	0.00198212 0.00682269 -0.519947	
1.81	-0.121149 0.0577128 -0.413993	
1.82	-1.77596 0.756547 1.03247	
1.83	-2.27502 0.968739 1.43122	
1.84	-3.16379 1.35239 2.1266	
1.85	-3.62691 1.55906 2.46448	
1.86	-4.16127 1.80443 2.83379	
1.87	-4.76728 2.08938 3.19899	
1.88	-6.3599 2.88556 4.39864	
1.89	-6.43256 2.9315 4.36499	
1.9	-6.33258 2.88674 4.21013	
1.91	-6.23219 2.84172 4.06372	
1.92	2.12915 -2.28072 -4.44628	
1.93	-0.492658 -0.30861 -0.427211	
1.94	0.102775 -0.933991 -1.13884	
1.95	-1.8781 1.22566 2.97912	
1.96	-1.17654 -0.40172 1.09121	
1.97	-1.16382 -0.457774 1.08106	
1.98	-1.55552 -0.25103 1.2076	
1.99	-1.68534 -0.914414 0.0124138	
2	-0.703974 -5.0004 -6.7766	
2.01	-4.01115 -2.09602 -2.15065	
2.02	-4.78922 -1.35939 -1.14101	
2.03	-4.95188 -1.5759 -0.0640591	
2.04	-4.88912 -1.7609 0.818589	
2.05	-1.95152 -1.86616 2.73455	
2.06	-1.21418 -1.76425 4.05507	
2.07	-0.439846 -1.45636 5.52243	
2.08	0.388548 -0.792922 5.83926	
2.09	2.4596 0.923915 6.47484	
2.1	2.4815 0.54346 5.75017	
2.11	2.07117 0.637119 5.62271	
2.12	1.99652 0.622724 5.39942	
2.13	-3.95957 0.169709 1.46169	
2.14	-3.01976 -0.485474 4.54191	
2.15	-8.44113 -0.270981 9.64566	
2.16	-8.01909 0.35833 9.69235	
2.17	-13.6779 1.19903 5.63026	
2.18	-14.0892 0.215957 4.89884	
2.19	-11.5398 1.80016 4.63	
2.2	-9.87075 2.93533 4.29337	
2.21	-8.72724 3.32074 4.01527	
2.22	-5.18059 5.98673 3.76582	
2.23	-0.657048 9.98676 2.1669	
2.24	-1.18095 8.28955 -2.44362	
2.25	-0.857335 7.88491 -2.49221	
2.26	21.5329 -3.03144 -39.2651	
2.27	15.4793 -4.47104 -35.3999	
2.28	14.5599 -4.3882 -34.1456	
2.29	10.5491 -6.73901 -31.7855	
2.3	10.6158 -6.34687 -30.0762	
2.31	5.76005 -9.21057 -27.6573	
2.32	6.54385 -8.59951 -25.8944	
2.33	6.21947 -8.90985 -23.6955	
2.34	6.99771 -8.84391 -20.3409	
2.35	6.54039 -8.56056 -19.4827	
2.36	6.34472 -8.63036 -16.0939	
2.37	6.37608 -8.16079 -15.1998	
2.38	5.97323 -7.8603 -14.6293	
2.39	5.68522 -7.57924 -14.1105	
2.4	5.47382 -7.30946 -13.6244	
2.41	5.55597 -7.07565 -13.2468	
2.42	4.96798 -7.3138 -12.6319	
2.43	7.47509 -6.06611 -11.0177	
2.44	7.52738 -5.76195 -10.6384	
2.45	8.59371 -4.99954 -9.61731	
2.46	8.54558 -4.73414 -9.26547	
2.47	7.76812 -4.70413 -9.05136	
2.48	24.2758 -16.0332 -29.0326	
2.49	16.2984 -9.7729 -15.4357	
2.5	15.2853 -10.7853 -14.5419	
2.51	10.3657 -13.5358 -14.3639	
2.52	10.0305 -12.9618 -13.7585	
2.53	9.707 -12.3983 -13.1757	
2.54	9.39807 -11.8359 -12.6061	
2.55	9.09297 -11.2941 -12.0748	
2.56	0.734044 -18.4553 -13.9037	
2.57	12.1368 -5.99897 -13.8312	
2.58	3.77756 -7.46564 -11.106	
2.59	22.9167 -2.04233 -4.60044	
2.6	-9.12212 -5.55843 -9.59239	
2.61	-1.84321 1.66472 -11.2747	
2.62	14.3996 2.67317 -2.72242	
2.63	16.1143 2.81259 -2.36947	
2.64	10.6752 1.47686 -6.07355	
2.65	18.2395 2.61907 -3.78304	
2.66	2.59812 0.635267 -4.56566	
2.67	25.9493 1.691 -8.09777	
2.68	4.79987 3.37383 -4.02174	
2.69	36.0611 -0.572811 -8.631	
2.7	22.626 -5.20969 -10.4964	
2.71	30.0102 -1.07539 -10.6074	
2.72	0.422557 2.58951 3.48696	
2.73	1.56706 1.09545 1.28712	
2.74	-12.5085 2.25924 34.2634	
2.75	2.28211 -25.1948 20.867	
2.76	-1.21067 -21.2038 24.583	
2.77	0.831907 -1.91747 -3.04342	
2.78	1.60912 -2.44714 0.0352351	
2.79	0.405181 -1.91007 -3.25722	
2.8	28.9943 5.14582 3.8082	
2.81	3.20373 2.6593 5.99283	
2.82	-2.43786 2.50757 -4.46267	
2.83	-9.08966 -4.37142 -0.888233	
2.84	-3.00425 -6.3162 4.75569	
2.85	-6.65389 -0.0564173 29.5997	
2.86	-0.893433 -3.0539 23.9917	
2.87	-0.672029 -2.69252 23.0396	
2.88	-30.1173 -1.17529 -36.8826	
2.89	-30.4637 -0.89305 -35.328	
2.9	-29.2017 -0.871413 -33.9489	
2.91	-27.3884 -0.99331 -33.1208	
2.92	-26.6068 -0.933374 -32.01	
2.93	-26.0455 -0.833758 -30.816	
2.94	-24.9064 -0.836816 -29.7585	
2.95	-24.5005 -0.720886 -28.5916	
2.96	-23.7479 -0.670003 -27.5325	
2.97	-22.9051 -0.642141 -26.546	
2.98	-22.0543 -0.622311 -25.6072	
2.99	-21.2408 -0.602033 -24.7005	
3	-20.486 -0.577267 -23.8185	
3.01	-19.725 -0.559566 -22.9795	
3.02	-18.6422 -0.603507 -22.2543	
3.03	-17.7824 -0.610737 -21.4833	
3.04	-17.0696 -0.598005 -20.7174	
3.05	-16.4029 -0.58303 -19.9821	
3.06	-15.7998 -0.562595 -19.2721	
3.07	-15.2283 -0.541581 -18.5891	
3.08	-14.6841 -0.520413 -17.9315	
3.09	-14.1576 -0.500274 -17.2972	
3.1	-13.651 -0.480745 -16.6861	
3.11	-13.1649 -0.461475 -16.0958	
3.12	-12.7058 -0.44167 -15.5284	
3.13	-12.2595 -0.42326 -14.9824	
3.14	-11.8249 -0.406168 -14.4562	
3.15	-11.4017 -0.390373 -13.9494	
3.16	-10.9975 -0.374559 -13.4604	
3.17	-10.5987 -0.36082 -12.9903	
3.18	-10.2123 -0.347911 -12.5375	
3.19	-9.84514 -0.33468 -12.1009	
3.2	-9.49483 -0.321413 -11.6803	
3.21	-9.15565 -0.308962 -11.2759	
3.22	-8.82909 -0.296843 -10.8855	
3.23	-8.51605 -0.284909 -10.5091	
3.24	-8.20274 -0.275141 -10.1465	
3.25	-7.91092 -0.264094 -9.79582	
3.26	-7.62173 -0.254716 -9.45864	
3.27	-7.34518 -0.245379 -9.13387	
3.28	-7.07894 -0.236366 -8.82114	
3.29	-6.82364 -0.227507 -8.51993	
3.3	-6.57613 -0.219206 -8.22979	
3.31	-6.33372 -0.211899 -7.95125	
3.32	-6.09541 -0.205484 -7.68213	
3.33	-5.87165 -0.198287 -7.42154	
3.34	-5.65604 -0.1914 -7.17088	
3.35	-5.4479 -0.184851 -6.92964	
3.36	-5.25222 -0.177845 -6.6975	
3.37	-5.06207 -0.171345 -6.47394	
3.38	-4.88499 -0.163974 -6.25675	
3.39	-4.71225 -0.157183 -6.04744	
3.4	-4.54228 -0.151245 -5.84653	
3.41	-4.37991 -0.145383 -5.6536	
3.42	-4.22119 -0.140061 -5.4676	
3.43	-4.06743 -0.135071 -5.28856	
3.44	-3.92006 -0.13011 -5.11569	
3.45	-3.77762 -0.125383 -4.94903	
3.46	-3.64241 -0.120507 -4.7883	
3.47	-3.5121 -0.115774 -4.63305	
3.48	-3.38583 -0.111354 -4.48382	
3.49	-3.26466 -0.107007 -4.3399	
3.5	-3.147 -0.102997 -4.20163	
3.51	-3.03509 -0.0988821 -4.06811	
3.52	-2.92556 -0.0951842 -3.9396	
3.53	-2.8205 -0.0915392 -3.81567	
3.54	-2.71833 -0.0881773 -3.69638	
3.55	-2.62028 -0.0848746 -3.58138	
3.56	-2.52516 -0.0817896 -3.4706	
3.57	-2.43395 -0.0787501 -3.36387	
3.58	-2.34904 -0.0753478 -3.26075	
3.59	-2.26784 -0.0719969 -3.16156	
3.6	-2.18657 -0.0690898 -3.0648	
3.61	-2.10885 -0.0662044 -2.97159	
3.62	-2.03223 -0.0637855 -2.88276	
3.63	-1.95729 -0.0616322 -2.79727	
3.64	-1.88514 -0.0595495 -2.71492	
3.65	-1.81772 -0.0572323 -2.63559	
3.66	-1.75266 -0.0550061 -2.55909	
3.67	-1.69047 -0.0527725 -2.48526	
3.68	-1.6301 -0.0506945 -2.41418	
3.69	-1.57146 -0.0487555 -2.34564	
3.7	-1.51461 -0.0469297 -2.27951	
3.71	-1.45967 -0.0451913 -2.21577	
3.72	-1.4073 -0.0434357 -2.1544	
3.73	-6.35773 2.1174 3.07667	
3.74	-6.62571 2.25489 3.38452	
3.75	-7.59423 2.69384 4.27939	
3.76	-7.7939 2.79855 4.48655	
3.77	-8.27151 3.02309 4.91817	
3.78	-8.3168 3.05974 4.98886	
3.79	-8.56151 3.18261 5.21441	
3.8	-8.35126 3.11023 5.07552	
3.81	-8.05934 3.00154 4.87452	
3.82	-7.77447 2.89554 4.68104	
3.83	-7.6036 2.83165 4.50945	
3.84	3.93092 -3.32515 -6.93283	
3.85	0.504185 -1.44452 -1.74586	
3.86	0.896865 -1.50649 -2.41405	
3.87	-0.474856 -0.724169 0.207892	
3.88	-0.176989 -0.900172 -0.027462	
3.89	-0.636914 -1.03347 0.424041	
3.9	-0.312092 -2.75159 3.50453	
3.91	1.02489 -3.76862 2.1936	
3.92	1.00485 -3.73017 2.11597	
3.93	0.979812 -3.62199 2.04586	
3.94	-1.89198 -4.99168 -1.97477	
3.95	-3.18294 -6.88144 0.908906	
3.96	-1.98061 -7.19303 -0.925358	
3.97	-6.87444 -4.89931 1.23385	
3.98	11.1559 -3.75068 -6.81412	
3.99	-13.7951 -0.85173 2.03074	
4	32.4937 -4.13917 -7.91172	
4.01	-30.1135 -1.17215 -2.25043	
4.02	-19.0153 -2.21758 -3.52748	
4.03	-17.8974 -1.49245 -2.9225	
4.04	-0.58177 -1.41463 1.21931	
4.05	4.64196 3.10656 -0.652441	
4.06	10.551 -19.7128 -26.8453	
4.07	-9.573 2.88292 -17.1683	
4.08	18.6091 -2.17057 -14.2438	
4.09	16.694 -2.74729 -12.8176	
4.1	6.07375 -1.45299 -23.7632	
4.11	5.32831 -1.52154 -22.5211	
4.12	4.29963 -2.87002 -21.0579	
4.13	3.12821 -3.0182 -19.1449	
4.14	4.13847 -2.3444 -19.0437	
4.15	-0.769662 -6.96008 -11.6564	
4.16	-2.10348 -7.24574 -8.2804	
4.17	-0.647809 -6.0389 -9.41851	
4.18	7.3047 -1.00883 -17.7655	
4.19	6.78689 -1.20667 -16.7542	
4.2	6.66571 -0.847631 -16.1601	
4.21	5.71565 -1.44508 -14.8394	
4.22	5.71748 -1.25705 -14.4114	
4.23	5.49622 -1.25722 -13.8747	
4.24	3.80612 -1.52862 -12.8018	
4.25	1.34176 -3.68616 -9.5673	
4.26	1.25557 -3.60215 -9.19515	
4.27	1.177 -3.52824 -8.6936	
4.28	1.1331 -3.39756 -8.3888	
4.29	1.14802 -3.2303 -8.09224	
4.3	1.12907 -3.01082 -7.83169	
4.31	7.50233 5.25667 36.8414	
4.32	1.775 -3.11515 -12.1992	
4.33	1.93032 -3.39844 -11.4962	
4.34	1.78741 -3.15006 -10.8175	
4.35	1.40452 -2.46854 -10.4728	
4.36	0.759827 -1.31888 -10.2337	
4.37	0.12513 -0.185478 -10.0953	
4.38	-0.27109 0.521101 -9.85832	
4.39	-0.620967 1.14498 -9.62388	
4.4	-3.35092 -1.7815 -15.9634	
4.41	-5.75123 -3.66441 -23.029	
4.42	-2.90252 -1.3256 -23.1111	
4.43	-1.04587 -0.627178 -23.186	
4.44	-1.52246 -0.6192 -22.6605	
4.45	-2.37336 -0.884103 -21.0477	
4.46	-3.47906 -0.207789 -20.7778	
4.47	-7.88813 -4.35736 -21.3805	
4.48	-7.3628 -2.37289 -20.1862	
4.49	-1.8109 -0.587687 -33.5753	
4.5	-3.26207 4.05889 -9.92018	
4.51	11.0049 -4.76153 1.86388	
4.52	6.29621 -5.49862 0.519231	
4.53	7.39795 -6.31745 -2.11607	
4.54	6.00188 -7.4973 -4.28668	
4.55	1.60013 1.32848 -7.3889	
4.56	-0.914394 1.15016 -5.83087	
4.57	12.1231 9.15057 1.50054	
4.58	-1.05416 16.5908 4.82947	
4.59	-7.96777 -0.045486 1.53693	
4.6	2.13787 -2.57837 -2.49351	
4.61	2.04822 -2.24284 -2.54047	
4.62	-2.86294 -13.0144 -9.54422	
4.63	3.31498 -0.121705 -3.83088	
4.64	5.54068 -5.29738 -16.6544	
4.65	5.24978 -5.30883 -15.8319	
4.66	4.99784 -5.30712 -14.9478	
4.67	4.73739 -5.2902 -14.2273	
4.68	4.56234 -5.18828 -13.4544	
4.69	4.38612 -5.07892 -12.7805	
4.7	4.22936 -4.94874 -12.1499	
4.71	4.08698 -4.80638 -11.5561	
4.72	3.95085 -4.6538 -11.0284	
4.73	3.82611 -4.49757 -10.5193	
4.74	3.72725 -4.33155 -9.97884	
4.75	3.64116 -4.16118 -9.44862	
4.76	8.84292 -3.89337 -8.60158	
4.77	8.56336 -3.75669 -8.24284	
4.78	10.0005 -3.80426 -8.08519	
4.79	9.66673 -3.66967 -7.77449	
4.8	8.57598 -4.87587 -7.27267	
4.81	8.34506 -4.61973 -6.90704	
4.82	3.18652 -13.0824 -7.39418	
4.83	2.94554 -12.8461 -7.22713	
4.84	2.05199 -12.5511 -6.91228	
4.85	-9.52565 -10.0912 -5.03755	
4.86	11.246 -9.80172 -3.33195	
4.87	-10.2555 -4.59639 -11.7537	
4.88	7.70596 -5.35651 -2.99849	
4.89	-10.9748 -1.92698 -7.62831	
4.9	-2.42308 -0.142978 -5.4808	
4.91	0.627588 4.24972 -4.78782	
4.92	-0.760797 3.75457 -0.129047	
4.93	-0.724292 3.52671 -0.163365	
4.94	-0.835868 4.2198 -0.226505	
4.95	-0.897129 4.44901 -0.367512	
4.96	-0.922361 4.8482 -0.265825	
4.97	-0.987289 5.62026 -0.0961344	
4.98	-1.07877 6.41343 -0.0161017	
4.99	-1.13875 6.72722 -0.0966043	
5	-1.07051 6.54425 0.0287888	
5.01	-0.980289 6.16757 0.126038	
5.02	-1.00528 5.72772 -0.262081	
5.03	-1.01204 5.31111 -0.564279	
5.04	-0.978237 4.98198 -0.655426	
5.05	-0.965443 4.66744 -0.818789	
5.06	-0.979653 4.28782 -1.12506	
5.07	-0.958449 4.045 -1.21119	
5.08	-0.929287 3.84774 -1.23837	
5.09	-0.900096 3.6667 -1.25495	
5.1	-0.871303 3.50686 -1.25966	
5.11	-0.847766 3.30842 -1.30697	
5.12	-0.819686 3.14858 -1.3129	
5.13	-0.774951 3.0966 -1.18915	
5.14	-0.737287 3.10726 -1.05504	
5.15	1.56753 7.54092 2.16123	
5.16	0.420171 3.39038 0.123074	
5.17	0.406999 3.26089 0.103334	
5.18	0.392085 3.14103 0.0802271	
5.19	0.376572 3.05571 0.0531577	
5.2	0.345109 3.14005 -0.0159948	
5.21	2.274 7.53179 0.997069	
5.22	2.18864 7.2842 0.814359	
5.23	2.11645 7.03775 0.77311	
5.24	2.04452 6.79471 0.729691	
5.25	1.97526 6.55943 0.69244	
5.26	1.90627 6.32711 0.654382	
5.27	1.84304 6.11152 0.620201	
