# Gnuplot File : positions of 1 particle(s) Monitored
# 1st Column : time, others : particle(s) number 0 
0.01	9.82721 19.9748 3.02633	
0.02	9.82841 19.975 3.02614	
0.03	9.82734 19.9749 3.02607	
0.04	9.82734 19.9749 3.02593	
0.05	9.82734 19.9744 3.02433	
0.06	9.82734 19.9754 3.02724	
0.07	9.82721 19.9748 3.02549	
0.08	9.82721 19.9748 3.02545	
0.09	9.82721 19.9748 3.02542	
0.1	9.82721 19.9748 3.0254	
0.11	9.82734 19.9749 3.02558	
0.12	9.82734 19.9749 3.02557	
0.13	9.82734 19.9749 3.02556	
0.14	9.82721 19.9748 3.02535	
0.15	9.82734 19.9754 3.02704	
0.16	9.82721 19.9748 3.02535	
0.17	9.82734 19.9749 3.02555	
0.18	9.82734 19.9749 3.02555	
0.19	9.82734 19.9749 3.02555	
0.2	9.82734 19.9749 3.02555	
0.21	9.82614 19.9752 3.02696	
0.22	9.82734 19.9749 3.02555	
0.23	9.82734 19.9749 3.02555	
0.24	9.82734 19.9749 3.02555	
0.25	9.82721 19.9748 3.02535	
0.26	9.82841 19.9756 3.02692	
0.27	9.82854 19.9757 3.02712	
0.28	9.82721 19.9754 3.02684	
0.29	9.82721 19.9754 3.02684	
0.3	9.82363 19.9727 3.02095	
0.31	9.80728 19.9555 2.98299	
0.32	9.80136 19.7735 3.12278	
0.33	9.73847 19.3921 3.42658	
0.34	9.71719 18.9923 3.69819	
0.35	9.72259 18.8032 3.90738	
0.36	9.78913 18.5799 4.19164	
0.37	9.80545 18.2225 4.62871	
0.38	9.79583 17.8906 5.04871	
0.39	9.79549 17.8322 5.73528	
0.4	9.80495 17.8256 6.20362	
0.41	9.78917 17.8757 6.68642	
0.42	9.82326 17.9168 7.17008	
0.43	9.96556 17.9628 7.61914	
0.44	10.1783 18.0428 7.97509	
0.45	10.2922 18.151 8.08028	
0.46	10.3023 18.2738 8.09734	
0.47	10.3044 18.3522 8.08911	
0.48	10.3051 18.3733 8.0477	
0.49	10.3076 18.3349 7.90156	
0.5	10.3076 18.3445 7.55024	
0.51	10.3025 18.4313 7.10205	
0.52	10.3097 18.4751 6.64253	
0.53	10.3026 18.4812 6.28347	
0.54	10.2983 18.4938 6.0538	
0.55	10.3338 18.4757 6.0232	
0.56	10.4243 18.4825 6.02175	
0.57	10.6303 18.4918 6.00501	
0.58	10.8889 18.4839 5.97487	
0.59	11.0689 18.4663 5.92981	
0.6	11.1446 18.4683 5.90583	
0.61	11.1925 18.4698 5.87858	
0.62	11.2301 18.4813 5.77708	
0.63	11.2867 18.5049 5.62475	
0.64	11.2995 18.5264 5.57292	
0.65	11.3036 18.53 5.56751	
0.66	11.3053 18.5299 5.56637	
0.67	11.3117 18.5218 5.55117	
0.68	11.318 18.5168 5.53364	
0.69	11.3486 18.5127 5.48593	
0.7	11.4129 18.4985 5.40243	
0.71	11.4852 18.498 5.31155	
0.72	11.5591 18.4752 5.22207	
0.73	11.6332 18.4487 5.15018	
0.74	11.7084 18.4138 5.06192	
0.75	11.7744 18.3673 4.95418	
0.76	11.8269 18.363 4.88933	
0.77	11.8439 18.3536 4.86535	
0.78	11.8491 18.342 4.8232	
0.79	11.8593 18.3177 4.78343	
0.8	11.8691 18.273 4.70497	
0.81	11.8822 18.22 4.63717	
0.82	11.8909 18.1902 4.59573	
0.83	11.9057 18.1795 4.58839	
0.84	11.9057 18.1795 4.58839	
0.85	11.9166 18.182 4.58853	
0.86	11.926 18.1947 4.58945	
0.87	11.9485 18.2005 4.59087	
0.88	11.9943 18.1969 4.57362	
0.89	12.0326 18.1636 4.5214	
0.9	12.0605 18.1099 4.44333	
0.91	12.0876 18.0588 4.37984	
0.92	12.1411 17.9952 4.3407	
0.93	12.1897 17.9402 4.31085	
0.94	12.2354 17.8853 4.29311	
0.95	12.2869 17.8533 4.28686	
0.96	12.319 17.8222 4.282	
0.97	12.3401 17.7761 4.27352	
0.98	12.3594 17.7076 4.26379	
0.99	12.3794 17.6317 4.26011	
1	12.3998 17.57 4.2536	
1.01	12.4357 17.5584 4.25385	
1.02	12.4628 17.5488 4.25229	
1.03	12.4753 17.5229 4.24753	
1.04	12.4796 17.5015 4.24507	
1.05	12.4896 17.453 4.23916	
1.06	12.5097 17.378 4.22913	
1.07	12.5386 17.2809 4.22413	
1.08	12.5646 17.2221 4.22228	
1.09	12.5771 17.1876 4.22207	
1.1	12.5872 17.1516 4.22068	
1.11	12.5944 17.1242 4.21664	
1.12	12.6073 17.0757 4.21092	
1.13	12.6205 17.0205 4.21367	
1.14	12.632 16.9717 4.20836	
1.15	12.6381 16.9414 4.20987	
1.16	12.6427 16.9193 4.20713	
1.17	12.6488 16.8934 4.20667	
1.18	12.6714 16.8533 4.20221	
1.19	12.6899 16.7891 4.19636	
1.2	12.7117 16.7102 4.1926	
1.21	12.7377 16.6103 4.18967	
1.22	12.7705 16.524 4.18862	
1.23	12.7965 16.4578 4.18745	
1.24	12.8166 16.4194 4.18913	
1.25	12.8281 16.3771 4.18801	
1.26	12.8435 16.3155 4.1915	
1.27	12.8632 16.2439 4.20663	
1.28	12.8856 16.1755 4.23808	
1.29	12.9033 16.1063 4.28203	
1.3	12.9212 16.0433 4.32714	
1.31	12.9311 16.0044 4.4011	
1.32	12.9333 15.959 4.48788	
1.33	12.9426 15.8918 4.54041	
1.34	12.9527 15.7904 4.57193	
1.35	12.9672 15.6731 4.65822	
1.36	12.9906 15.5678 4.79433	
1.37	12.9871 15.4861 4.80717	
1.38	12.9978 15.422 4.81314	
1.39	13.0018 15.373 4.81813	
1.4	13.0052 15.3279 4.83015	
1.41	12.9826 15.2656 4.84488	
1.42	12.9772 15.1578 4.88603	
1.43	12.9689 15.023 5.0179	
1.44	12.9477 14.9026 5.14972	
1.45	12.9586 14.8046 5.31524	
1.46	12.9726 14.7174 5.4468	
1.47	12.9899 14.623 5.61309	
1.48	12.9928 14.5078 5.7419	
1.49	12.9508 14.4007 5.77554	
1.5	12.9071 14.3163 5.81627	
1.51	12.8058 14.2296 5.83517	
1.52	12.7448 14.1455 5.87132	
1.53	12.695 14.0612 5.95175	
1.54	12.6073 13.966 6.01786	
1.55	12.5428 13.8714 6.07992	
1.56	12.5432 13.7746 6.13644	
1.57	12.5551 13.6316 6.18452	
1.58	12.5697 13.4351 6.24685	
1.59	12.5874 13.2143 6.31434	
1.6	12.6249 13.0111 6.39315	
1.61	12.658 12.837 6.46852	
1.62	12.6851 12.6908 6.5888	
1.63	12.697 12.5662 6.67228	
1.64	12.7057 12.4704 6.71471	
1.65	12.7138 12.3722 6.75168	
1.66	12.7298 12.2496 6.79668	
1.67	12.732 12.0876 6.85579	
1.68	12.7445 11.9496 6.92824	
1.69	12.7482 11.814 6.98866	
1.7	12.7398 11.6808 7.04705	
1.71	12.7376 11.5637 7.10028	
1.72	12.7352 11.4456 7.15172	
1.73	12.7479 11.3253 7.20455	
1.74	12.75 11.1661 7.26207	
1.75	12.7297 11.0056 7.31569	
1.76	12.6722 10.8524 7.36411	
1.77	12.5273 10.7351 7.38384	
1.78	12.3002 10.6048 7.38406	
1.79	12.0904 10.5331 7.38229	
1.8	11.9047 10.4788 7.35524	
1.81	11.7541 10.4354 7.32413	
1.82	11.6173 10.399 7.29874	
1.83	11.5195 10.3769 7.2884	
1.84	11.4418 10.3236 7.28431	
1.85	11.3695 10.2323 7.28917	
1.86	11.2804 10.1099 7.28622	
1.87	11.1672 9.99167 7.30285	
1.88	11.0546 9.9251 7.32808	
1.89	10.952 9.91237 7.33311	
1.9	10.8253 9.90183 7.33519	
1.91	10.6736 9.88917 7.33837	
1.92	10.5231 9.87846 7.34126	
1.93	10.3797 9.86826 7.34287	
1.94	10.2585 9.86021 7.34416	
1.95	10.154 9.85656 7.34798	
1.96	10.0566 9.85165 7.34861	
1.97	9.9672 9.84969 7.35204	
1.98	9.88481 9.85006 7.35819	
1.99	9.80243 9.85081 7.36435	
2	9.74227 9.8693 7.39624	
2.01	9.68857 9.89533 7.43979	
2.02	9.66006 9.92744 7.48795	
2.03	9.64423 9.95788 7.53506	
2.04	9.62298 9.98335 7.5726	
2.05	9.5865 9.99714 7.59372	
2.06	9.53674 10.004 7.62275	
2.07	9.48545 10.0121 7.64529	
2.08	9.43424 10.0142 7.6588	
2.09	9.38323 10.0167 7.67235	
2.1	9.33192 10.0123 7.68553	
2.11	9.29459 10.0104 7.69322	
2.12	9.25584 9.99982 7.69921	
2.13	9.22671 9.99629 7.70333	
2.14	9.19765 9.99106 7.70479	
2.15	9.17408 9.98569 7.70802	
2.16	9.14493 9.98349 7.72352	
2.17	9.11562 9.96753 7.73798	
2.18	9.07793 9.96222 7.75946	
2.19	9.0405 9.96209 7.77858	
2.2	9.01146 9.96943 7.80756	
2.21	8.96741 9.98412 7.83769	
2.22	8.92314 9.99661 7.86461	
2.23	8.87355 10.0079 7.89664	
2.24	8.80856 10.0125 7.92838	
2.25	8.72411 10.0166 7.95521	
2.26	8.63661 10.0108 7.97961	
2.27	8.5352 10.0075 8.00536	
2.28	8.44591 10.0088 8.0404	
2.29	8.35936 10.011 8.0732	
2.3	8.27895 10.0236 8.12239	
2.31	8.21505 10.0514 8.17362	
2.32	8.17275 10.0978 8.25363	
2.33	8.1442 10.137 8.34267	
2.34	8.13383 10.1971 8.43979	
2.35	8.11471 10.2449 8.51966	
2.36	8.09719 10.2969 8.59353	
2.37	8.07996 10.3465 8.67229	
2.38	8.04837 10.3919 8.75177	
2.39	8.00007 10.4121 8.81528	
2.4	7.95135 10.4258 8.87024	
2.41	7.9016 10.4398 8.91758	
2.42	7.83828 10.4387 8.96779	
2.43	7.75993 10.4395 8.99409	
2.44	7.67939 10.4395 9.01208	
2.45	7.60008 10.4413 9.03092	
2.46	7.51308 10.4374 9.04137	
2.47	7.4179 10.4359 9.05384	
2.48	7.31333 10.4266 9.07334	
2.49	7.22205 10.4152 9.10105	
2.5	7.13075 10.4036 9.144	
2.51	7.05395 10.3988 9.19809	
2.52	6.97189 10.3977 9.24492	
2.53	6.89895 10.3948 9.27976	
2.54	6.82084 10.3831 9.31619	
2.55	6.75171 10.3668 9.3449	
2.56	6.66765 10.3549 9.36873	
2.57	6.59264 10.3493 9.38383	
2.58	6.51212 10.354 9.39221	
2.59	6.43986 10.3592 9.40134	
2.6	6.38279 10.365 9.40449	
2.61	6.31164 10.3781 9.4055	
2.62	6.26041 10.3835 9.40242	
2.63	6.21533 10.3841 9.39519	
2.64	6.16158 10.3759 9.37551	
2.65	6.10545 10.3537 9.33791	
2.66	6.0562 10.3313 9.29329	
2.67	6.01814 10.2929 9.24029	
2.68	5.98084 10.2538 9.18487	
2.69	5.95077 10.2157 9.13214	
2.7	5.93223 10.1693 9.07397	
2.71	5.91944 10.1401 9.03435	
2.72	5.91328 10.1152 9.00373	
2.73	5.90803 10.0879 8.9682	
2.74	5.8954 10.0605 8.92993	
2.75	5.8911 10.0388 8.90149	
2.76	5.88587 10.0126 8.86699	
2.77	5.88257 9.99544 8.8441	
2.78	5.88159 9.99034 8.8284	
2.79	5.87424 9.99052 8.8086	
2.8	5.86045 9.99475 8.79183	
2.81	5.83568 10.0157 8.78368	
2.82	5.81769 10.0347 8.77551	
2.83	5.7765 10.0583 8.76021	
2.84	5.7367 10.0829 8.73594	
2.85	5.6985 10.1136 8.71041	
2.86	5.66042 10.1454 8.68657	
2.87	5.62385 10.1828 8.66983	
2.88	5.59256 10.2174 8.65366	
2.89	5.56826 10.2435 8.63536	
2.9	5.54383 10.2698 8.60872	
2.91	5.5228 10.3162 8.58356	
2.92	5.50039 10.3776 8.54652	
2.93	5.48052 10.4597 8.4954	
2.94	5.47142 10.551 8.43094	
2.95	5.47432 10.6575 8.37036	
2.96	5.47431 10.7509 8.31932	
2.97	5.4708 10.8321 8.26196	
2.98	5.47114 10.8925 8.21293	
2.99	5.46907 10.9431 8.1689	
3	5.46817 10.9731 8.13647	
3.01	5.46582 10.9918 8.10528	
3.02	5.46049 10.9971 8.05533	
3.03	5.45673 11.0091 7.99637	
3.04	5.45427 11.027 7.93646	
3.05	5.45788 11.0417 7.86548	
3.06	5.46342 11.0585 7.78608	
3.07	5.46851 11.0789 7.71304	
3.08	5.47632 11.1059 7.6196	
3.09	5.48419 11.1325 7.52501	
3.1	5.49157 11.1574 7.42744	
3.11	5.49785 11.1719 7.35024	
3.12	5.49741 11.1926 7.29056	
3.13	5.49773 11.2165 7.23549	
3.14	5.49656 11.2396 7.20008	
3.15	5.49105 11.2726 7.17698	
3.16	5.48118 11.3128 7.16064	
3.17	5.4702 11.3515 7.14359	
3.18	5.45167 11.3924 7.12844	
3.19	5.43834 11.4438 7.10709	
3.2	5.4324 11.5028 7.07268	
3.21	5.43045 11.577 7.04235	
3.22	5.42982 11.6607 7.00899	
3.23	5.44454 11.7413 6.97392	
3.24	5.44551 11.8016 6.94636	
3.25	5.43805 11.8486 6.92284	
3.26	5.42566 11.8814 6.90813	
3.27	5.406 11.9119 6.89667	
3.28	5.38779 11.9431 6.88483	
3.29	5.36828 11.9789 6.87342	
3.3	5.35954 12.0215 6.85312	
3.31	5.34592 12.0696 6.81899	
3.32	5.33968 12.121 6.77384	
3.33	5.33736 12.1855 6.71028	
3.34	5.34448 12.2373 6.64249	
3.35	5.34333 12.2866 6.54931	
3.36	5.35469 12.327 6.42583	
3.37	5.36628 12.3434 6.31515	
3.38	5.37801 12.355 6.19348	
3.39	5.38729 12.3625 6.07501	
3.4	5.40197 12.3736 5.96746	
3.41	5.41107 12.3919 5.87807	
3.42	5.42754 12.3972 5.84026	
3.43	5.45142 12.4132 5.79881	
3.44	5.47867 12.4369 5.77919	
3.45	5.48547 12.4477 5.74888	
3.46	5.48229 12.4572 5.73998	
3.47	5.49216 12.4864 5.72381	
3.48	5.5045 12.5211 5.73219	
3.49	5.49817 12.5364 5.72142	
3.5	5.51055 12.536 5.70014	
3.51	5.52405 12.5626 5.69387	
3.52	5.52487 12.5543 5.6755	
3.53	5.52073 12.5583 5.65394	
3.54	5.51895 12.5561 5.66557	
3.55	5.52425 12.5662 5.65476	
3.56	5.53123 12.5709 5.66691	
3.57	5.53422 12.579 5.6618	
3.58	5.53189 12.5747 5.66354	
3.59	5.53464 12.5823 5.66565	
3.6	5.53617 12.5758 5.66508	
3.61	5.53592 12.5758 5.66195	
3.62	5.53979 12.562 5.66418	
3.63	5.53603 12.5572 5.66229	
3.64	5.53174 12.5441 5.66456	
3.65	5.52397 12.5324 5.66246	
3.66	5.5218 12.5305 5.6604	
3.67	5.52298 12.5295 5.66064	
3.68	5.52215 12.5296 5.66183	
3.69	5.52283 12.5305 5.66293	
3.7	5.5272 12.5204 5.66726	
3.71	5.53132 12.4836 5.67522	
3.72	5.54415 12.4571 5.70384	
3.73	5.56446 12.4073 5.71157	
3.74	5.58129 12.316 5.73336	
3.75	5.63581 12.2318 5.73891	
3.76	5.693 12.1133 5.7659	
3.77	5.77667 12.0039 5.78691	
3.78	5.93906 11.7604 5.73807	
3.79	6.05232 11.6505 5.69868	
3.8	6.1405 11.5196 5.69678	
3.81	6.22695 11.4723 5.66863	
3.82	6.3155 11.4445 5.63113	
3.83	6.38156 11.4252 5.60804	
3.84	6.42339 11.4164 5.61149	
3.85	6.46488 11.4192 5.59919	
3.86	6.47461 11.417 5.5844	
3.87	6.47002 11.4239 5.56236	
3.88	6.46129 11.4497 5.53104	
3.89	6.44107 11.4865 5.47231	
3.9	6.42268 11.5308 5.38354	
3.91	6.42224 11.5832 5.26242	
3.92	6.41003 11.6432 5.14359	
3.93	6.39803 11.7111 4.99569	
3.94	6.38518 11.7611 4.84466	
3.95	6.37879 11.801 4.72268	
3.96	6.36839 11.823 4.62699	
3.97	6.35835 11.8415 4.56043	
3.98	6.36079 11.857 4.50617	
3.99	6.36294 11.8713 4.47546	
4	6.37046 11.8809 4.46342	
4.01	6.37735 11.888 4.45883	
4.02	6.37955 11.8982 4.45528	
4.03	6.38641 11.9069 4.44056	
4.04	6.39296 11.898 4.42296	
4.05	6.40461 11.8928 4.41804	
4.06	6.41655 11.8869 4.41183	
4.07	6.43912 11.8704 4.41449	
4.08	6.46725 11.8424 4.41948	
4.09	6.49523 11.7997 4.42787	
4.1	6.52153 11.7475 4.44044	
4.11	6.55198 11.6887 4.44344	
4.12	6.59774 11.6284 4.44594	
4.13	6.65222 11.5916 4.45368	
4.14	6.70839 11.5507 4.46213	
4.15	6.75737 11.5108 4.47102	
4.16	6.8134 11.465 4.48109	
4.17	6.87619 11.4173 4.48995	
4.18	6.93876 11.3765 4.50045	
4.19	6.99493 11.3369 4.51085	
4.2	7.05639 11.2857 4.52436	
4.21	7.1156 11.2529 4.53329	
4.22	7.167 11.2215 4.5438	
4.23	7.21941 11.1947 4.55153	
4.24	7.27171 11.1688 4.56054	
4.25	7.31845 11.1458 4.57338	
4.26	7.36439 11.1184 4.58902	
4.27	7.40431 11.0942 4.5968	
4.28	7.44454 11.0703 4.60469	
4.29	7.47865 11.0497 4.61758	
4.3	7.51321 11.0323 4.62398	
4.31	7.54186 11.0175 4.63411	
4.32	7.56277 11.0069 4.63928	
4.33	7.58306 11.0022 4.64676	
4.34	7.59663 10.9935 4.65595	
4.35	7.6163 10.9796 4.67029	
4.36	7.63721 10.9683 4.68698	
4.37	7.65669 10.9552 4.70258	
4.38	7.69092 10.9422 4.71938	
4.39	7.73869 10.9346 4.7394	
4.4	7.78794 10.9267 4.75566	
4.41	7.85719 10.9196 4.76752	
4.42	7.93556 10.9236 4.78887	
4.43	8.02557 10.9278 4.81538	
4.44	8.12282 10.9245 4.82535	
4.45	8.22218 10.9281 4.83362	
4.46	8.34547 10.922 4.8401	
4.47	8.47258 10.9333 4.83995	
4.48	8.60755 10.9486 4.83309	
4.49	8.73476 10.9756 4.82348	
4.5	8.85485 10.9986 4.81553	
4.51	8.96294 11.0178 4.80759	
4.52	9.04697 11.0315 4.80201	
4.53	9.11167 11.0523 4.79505	
4.54	9.16281 11.0683 4.78946	
4.55	9.20118 11.08 4.78557	
4.56	9.22998 11.0854 4.7836	
4.57	9.25087 11.0861 4.78479	
4.58	9.281 11.0911 4.78114	
4.59	9.32542 11.1013 4.77364	
4.6	9.36991 11.1075 4.77122	
4.61	9.4259 11.1128 4.76904	
4.62	9.48973 11.111 4.76319	
4.63	9.56505 11.1162 4.76103	
4.64	9.66911 11.1124 4.75003	
4.65	9.76529 11.1118 4.73285	
4.66	9.86774 11.1157 4.71062	
4.67	9.96254 11.1143 4.67736	
4.68	10.0588 11.1142 4.64387	
4.69	10.1481 11.1254 4.60749	
4.7	10.223 11.1363 4.57133	
4.71	10.296 11.1555 4.52757	
4.72	10.3759 11.191 4.46311	
4.73	10.4486 11.2333 4.38608	
4.74	10.5278 11.2903 4.28369	
4.75	10.6007 11.3448 4.1612	
4.76	10.6653 11.4094 4.03428	
4.77	10.7172 11.4741 3.90667	
4.78	10.7544 11.5426 3.78986	
4.79	10.7935 11.6134 3.68947	
4.8	10.8168 11.6904 3.58003	
4.81	10.8337 11.7612 3.48477	
4.82	10.8512 11.8225 3.39577	
4.83	10.8614 11.8928 3.33044	
4.84	10.877 11.9549 3.27655	
4.85	10.9045 12.0158 3.24584	
4.86	10.9384 12.0841 3.21798	
4.87	10.9931 12.1533 3.18522	
4.88	11.0479 12.2143 3.16094	
4.89	11.1015 12.2705 3.12542	
4.9	11.1655 12.3362 3.07967	
4.91	11.2242 12.4045 3.02313	
4.92	11.2936 12.4676 2.95028	
4.93	11.3614 12.5276 2.86445	
4.94	11.4089 12.5799 2.77749	
4.95	11.4561 12.6234 2.68361	
4.96	11.5089 12.6673 2.56852	
4.97	11.5499 12.7144 2.47967	
4.98	11.5755 12.7627 2.38036	
4.99	11.6054 12.7609 2.31815	
5	11.6318 12.8077 2.24892	
5.01	11.6614 12.8707 2.23368	
5.02	11.7142 12.952 2.19869	
5.03	11.8019 12.9796 2.16305	
5.04	11.8964 12.9982 2.09635	
5.05	12.0057 13.0057 2.02932	
5.06	12.1252 13.0218 1.95541	
5.07	12.2223 13.032 1.91294	
5.08	12.313 13.0483 1.84023	
5.09	12.3983 13.0706 1.7241	
5.1	12.4641 13.0752 1.69256	
5.11	12.4822 13.1162 1.64528	
5.12	12.5227 13.1085 1.57835	
5.13	12.5483 13.1253 1.51808	
5.14	12.5805 13.1346 1.47608	
5.15	12.6156 13.1443 1.42104	
5.16	12.635 13.1507 1.37638	
5.17	12.669 13.1424 1.30779	
5.18	12.6918 13.1325 1.26567	
5.19	12.7426 13.1004 1.12368	
5.2	12.7955 13.0738 1.02639	
5.21	12.8675 13.0174 0.975475	
5.22	12.9054 13.0042 0.98857	
5.23	12.9235 12.9983 1.02101	
5.24	12.875 13.0001 1.15574	
5.25	12.8276 13.0312 1.34352	
5.26	12.7476 13.0508 1.49044	
5.27	12.6662 13.0222 1.7267	
5.28	12.6051 12.9172 2.00119	
5.29	12.5747 12.8368 2.20815	
5.3	12.5773 12.7188 2.42728	
5.31	12.5509 12.7835 2.46634	
5.32	12.5743 12.6609 2.53503	
5.33	12.5841 12.613 2.54414	
5.34	12.5955 12.5722 2.57501	
5.35	12.6012 12.5415 2.57189	
5.36	12.6039 12.5324 2.56785	
5.37	12.6122 12.502 2.57862	
5.38	12.626 12.4643 2.57302	
5.39	12.6495 12.4331 2.57465	
5.4	12.6785 12.3893 2.58395	
5.41	12.7034 12.3283 2.59121	
5.42	12.7251 12.2504 2.60386	
5.43	12.7417 12.176 2.61197	
5.44	12.7604 12.1215 2.62511	
5.45	12.7813 12.0881 2.63264	
5.46	12.7936 12.066 2.64403	
5.47	12.8002 12.0345 2.65029	
5.48	12.8056 12.0142 2.6726	
5.49	12.8142 11.9794 2.70329	
5.5	12.8139 11.9424 2.71406	
5.51	12.8226 11.907 2.74136	
5.52	12.8317 11.8613 2.80826	
5.53	12.8413 11.8129 2.88552	
5.54	12.8507 11.766 3.01945	
5.55	12.8578 11.722 3.15783	
5.56	12.852 11.6858 3.25683	
5.57	12.8512 11.6644 3.34216	
5.58	12.8528 11.6481 3.37547	
5.59	12.8558 11.6403 3.38186	
5.6	12.86 11.6198 3.38794	
5.61	12.8668 11.5858 3.40414	
5.62	12.8707 11.5348 3.44079	
5.63	12.8814 11.4803 3.46349	
5.64	12.879 11.4603 3.47272	
5.65	12.8802 11.4453 3.47923	
5.66	12.8849 11.4308 3.4844	
5.67	12.891 11.3996 3.4933	
5.68	12.898 11.3567 3.50365	
5.69	12.909 11.3115 3.52051	
5.7	12.9148 11.2814 3.53344	
5.71	12.9215 11.273 3.53894	
5.72	12.9238 11.2617 3.54023	
5.73	12.9296 11.2411 3.54549	
5.74	12.9333 11.2149 3.55369	
5.75	12.9375 11.1609 3.56733	
5.76	12.9477 11.1023 3.58268	
5.77	12.9602 11.0322 3.59499	
5.78	12.9746 10.9526 3.61433	
5.79	12.991 10.8711 3.64203	
5.8	12.998 10.794 3.6702	
5.81	13.0119 10.7242 3.69718	
5.82	13.03 10.6677 3.72413	
5.83	13.0456 10.6246 3.7425	
5.84	13.0467 10.6109 3.75149	
5.85	13.0495 10.5969 3.75903	
5.86	13.0458 10.5884 3.76864	
5.87	13.0436 10.557 3.78118	
5.88	13.0423 10.5205 3.79544	
5.89	13.041 10.485 3.81126	
5.9	13.0449 10.4292 3.83356	
5.91	13.0504 10.3583 3.86278	
5.92	13.056 10.2868 3.89104	
5.93	13.0506 10.2182 3.9182	
5.94	13.054 10.1572 3.94367	
5.95	13.0478 10.0997 3.96776	
5.96	13.0397 10.0681 3.98136	
5.97	13.0431 10.0428 3.99197	
5.98	13.0434 10.0328 3.99712	
5.99	13.0326 10.0159 4.00409	
6	13.0305 9.98905 4.01322	
6.01	13.0262 9.96697 4.02086	
6.02	13.0228 9.93967 4.03031	
6.03	13.0116 9.90532 4.04175	
6.04	13.0011 9.86039 4.05729	
6.05	12.9879 9.82083 4.07256	
6.06	12.9912 9.78849 4.08312	
6.07	12.9948 9.76821 4.10564	
6.08	12.9846 9.73736 4.12393	
6.09	12.9604 9.70317 4.13851	
6.1	12.9318 9.65366 4.16053	
6.11	12.8856 9.60041 4.18285	
6.12	12.8385 9.5517 4.20207	
6.13	12.798 9.515 4.21721	
6.14	12.7549 9.47398 4.23993	
6.15	12.7345 9.44628 4.27062	
6.16	12.7259 9.43512 4.29385	
6.17	12.7193 9.42181 4.30803	
6.18	12.7084 9.40048 4.31774	
6.19	12.6865 9.35674 4.33573	
6.2	12.6458 9.31542 4.35336	
6.21	12.6005 9.2681 4.36944	
6.22	12.5405 9.20825 4.39244	
6.23	12.4827 9.15752 4.41028	
6.24	12.4271 9.11433 4.42724	
6.25	12.3823 9.0727 4.44585	
6.26	12.3645 9.03192 4.46761	
6.27	12.3637 8.9774 4.49482	
6.28	12.3584 8.91373 4.52797	
6.29	12.3592 8.84725 4.56652	
6.3	12.3621 8.78301 4.594	
6.31	12.3723 8.7481 4.60122	
6.32	12.3763 8.71976 4.60525	
6.33	12.3783 8.69106 4.60419	
6.34	12.37 8.6811 4.62129	
6.35	12.368 8.6637 4.62102	
6.36	12.3533 8.63518 4.63209	
6.37	12.3398 8.61859 4.63183	
6.38	12.3349 8.59575 4.65206	
6.39	12.3361 8.57879 4.65487	
6.4	12.3383 8.57091 4.66376	
6.41	12.3446 8.58171 4.65833	
6.42	12.3397 8.60071 4.65188	
6.43	12.3347 8.63324 4.64849	
6.44	12.3287 8.67694 4.62739	
6.45	12.3195 8.69276 4.62604	
6.46	12.3065 8.67983 4.62819	
6.47	12.2945 8.65807 4.63699	
6.48	12.2903 8.62581 4.63111	
6.49	12.2783 8.58344 4.6325	
6.5	12.2797 8.56763 4.65124	
6.51	12.2858 8.56476 4.64261	
6.52	12.2835 8.57564 4.62584	
6.53	12.2541 8.56303 4.58335	
6.54	12.2457 8.49892 4.57023	
6.55	12.211 8.39418 4.582	
6.56	12.1629 8.2579 4.60828	
6.57	12.1151 8.12563 4.65913	
6.58	12.0819 7.99518 4.72483	
6.59	12.0633 7.88264 4.7885	
6.6	12.0677 7.8116 4.84133	
6.61	12.0722 7.74974 4.88743	
6.62	12.0786 7.70075 4.93059	
6.63	12.081 7.65813 4.96633	
6.64	12.0852 7.62522 4.99487	
6.65	12.089 7.59614 5.01941	
6.66	12.0933 7.56243 5.04675	
6.67	12.0981 7.52498 5.08076	
6.68	12.1026 7.49053 5.10696	
6.69	12.1069 7.45705 5.13457	
6.7	12.1118 7.41903 5.1651	
6.71	12.1251 7.39088 5.18851	
6.72	12.1387 7.34933 5.22211	
6.73	12.1463 7.30303 5.25845	
6.74	12.1522 7.26969 5.28506	
6.75	12.1553 7.24585 5.30763	
6.76	12.1581 7.22485 5.32471	
6.77	12.171 7.2008 5.34444	
6.78	12.1836 7.16717 5.37034	
6.79	12.2054 7.12638 5.40354	
6.8	12.2292 7.0827 5.4409	
6.81	12.2516 7.03952 5.48008	
6.82	12.2641 7.00813 5.5092	
6.83	12.2771 6.98544 5.53082	
6.84	12.2889 6.97084 5.54517	
6.85	12.2905 6.94991 5.56321	
6.86	12.294 6.9334 5.57622	
6.87	12.2949 6.91508 5.58857	
6.88	12.2993 6.89433 5.60473	
6.89	12.2939 6.87211 5.62122	
6.9	12.2816 6.83927 5.64252	
6.91	12.2697 6.80298 5.6683	
6.92	12.2588 6.76081 5.69219	
6.93	12.2463 6.71434 5.7233	
6.94	12.233 6.66414 5.75941	
6.95	12.2112 6.6132 5.79574	
6.96	12.197 6.55871 5.81851	
6.97	12.1856 6.47634 5.84302	
6.98	12.1905 6.40153 5.881	
6.99	12.187 6.31356 5.93338	
7	12.1922 6.22265 5.97481	
7.01	12.194 6.16207 6.00874	
7.02	12.1965 6.10355 6.03274	
7.03	12.2025 6.04415 6.04728	
7.04	12.2077 5.9786 6.06062	
7.05	12.2081 5.90614 6.06652	
7.06	12.1986 5.83009 6.0817	
7.07	12.1832 5.74382 6.09467	
7.08	12.1665 5.65059 6.10537	
7.09	12.1544 5.56988 6.11808	
7.1	12.1492 5.50042 6.11801	
7.11	12.1538 5.45237 6.10977	
7.12	12.1488 5.40589 6.09275	
7.13	12.1443 5.36889 6.0723	
7.14	12.1457 5.34444 6.04155	
7.15	12.1487 5.32027 6.00637	
7.16	12.1429 5.29306 5.9494	
7.17	12.1283 5.25235 5.8648	
7.18	12.1054 5.21738 5.78132	
7.19	12.0671 5.16139 5.67279	
7.2	12.0365 5.11145 5.56438	
7.21	12.0033 5.07287 5.4596	
7.22	11.9804 5.03483 5.36841	
7.23	11.9461 5.00121 5.27912	
7.24	11.9024 4.97106 5.20984	
7.25	11.8558 4.9545 5.17698	
7.26	11.8251 4.94346 5.17412	
7.27	11.7866 4.93439 5.17738	
7.28	11.7302 4.92392 5.17651	
7.29	11.6246 4.90772 5.17578	
7.3	11.5099 4.88676 5.14953	
7.31	11.3965 4.86898 5.11689	
7.32	11.2664 4.85031 5.07433	
7.33	11.1374 4.8351 5.042	
7.34	10.999 4.8234 5.02152	
7.35	10.8577 4.8126 5.0073	
7.36	10.7147 4.80213 4.99772	
7.37	10.5743 4.8007 4.99131	
7.38	10.4382 4.79324 4.99283	
7.39	10.3291 4.7868 4.99437	
7.4	10.2319 4.78193 4.99499	
7.41	10.1443 4.77799 4.99575	
7.42	10.0745 4.77411 4.99646	
7.43	10.0151 4.77193 5.00203	
7.44	9.96654 4.77062 5.00297	
7.45	9.93588 4.76919 5.00389	
7.46	9.90546 4.77112 5.01254	
7.47	9.8962 4.771 5.0125	
7.48	9.88534 4.77129 5.01412	
7.49	9.87469 4.77175 5.01578	
7.5	9.86384 4.77204 5.01741	
7.51	9.85452 4.77497 5.0334	
7.52	9.82538 4.78451 5.05809	
7.53	9.80469 4.7944 5.06715	
7.54	9.7864 4.81005 5.07679	
7.55	9.76187 4.8259 5.09666	
7.56	9.71651 4.83197 5.12365	
7.57	9.68989 4.83841 5.1466	
7.58	9.6526 4.84225 5.16349	
7.59	9.59336 4.84425 5.17671	
7.6	9.53716 4.84756 5.18894	
7.61	9.47815 4.84894 5.19689	
7.62	9.40366 4.84671 5.20618	
7.63	9.34607 4.84492 5.21725	
7.64	9.2704 4.84718 5.24431	
7.65	9.21282 4.85311 5.27186	
7.66	9.14634 4.86404 5.31656	
7.67	9.08006 4.87555 5.36542	
7.68	9.01225 4.88677 5.41474	
7.69	8.95523 4.90085 5.47002	
7.7	8.89819 4.91876 5.54112	
7.71	8.85044 4.94422 5.64389	
7.72	8.81193 4.97886 5.75981	
7.73	8.78307 5.02824 5.8864	
7.74	8.74773 5.07178 6.01464	
7.75	8.7034 5.10686 6.1212	
7.76	8.64903 5.13805 6.20849	
7.77	8.59339 5.15757 6.25459	
7.78	8.52829 5.1673 6.2709	
7.79	8.45242 5.17132 6.27367	
7.8	8.37768 5.17407 6.27341	
7.81	8.30153 5.17742 6.2749	
7.82	8.21799 5.1829 6.27988	
7.83	8.12525 5.18683 6.29366	
7.84	8.0319 5.19886 6.31614	
7.85	7.93807 5.20793 6.32805	
7.86	7.84588 5.21719 6.33828	
7.87	7.74195 5.22614 6.34566	
7.88	7.63942 5.23655 6.35645	
7.89	7.51909 5.25104 6.35425	
7.9	7.38825 5.26282 6.35633	
7.91	7.2665 5.27493 6.3625	
7.92	7.11758 5.29004 6.3644	
7.93	6.96938 5.3116 6.36788	
7.94	6.82958 5.32737 6.3698	
7.95	6.69729 5.34995 6.36592	
7.96	6.57523 5.37216 6.36133	
7.97	6.4721 5.39796 6.34331	
7.98	6.38813 5.42221 6.32867	
7.99	6.28853 5.45254 6.30752	
8	6.21664 5.48607 6.27516	
8.01	6.14514 5.52267 6.23799	
8.02	6.09452 5.56829 6.18542	
8.03	6.0526 5.60974 6.12266	
8.04	6.02983 5.64753 6.06952	
8.05	6.02177 5.67268 6.0231	
8.06	6.02746 5.71101 5.9853	
8.07	6.03182 5.74901 5.94834	
8.08	6.04675 5.78094 5.90844	
8.09	6.05876 5.81045 5.87994	
8.1	6.06104 5.8272 5.85479	
8.11	6.07212 5.84255 5.82976	
8.12	6.08539 5.86357 5.80184	
8.13	6.09857 5.87543 5.775	
8.14	6.12902 5.89354 5.73206	
8.15	6.15979 5.90567 5.68554	
8.16	6.20123 5.93956 5.63308	
8.17	6.23481 5.97204 5.5876	
8.18	6.26811 6.00285 5.53303	
8.19	6.29922 6.02845 5.46636	
8.2	6.32433 6.06443 5.40754	
8.21	6.34866 6.09538 5.35106	
8.22	6.36306 6.11853 5.29323	
8.23	6.36539 6.13495 5.23256	
8.24	6.3697 6.15753 5.18528	
8.25	6.37479 6.18384 5.13376	
8.26	6.37783 6.20666 5.07226	
8.27	6.37213 6.22718 5.01429	
8.28	6.37429 6.24362 4.94972	
8.29	6.36892 6.25779 4.88387	
8.3	6.36464 6.27951 4.8063	
8.31	6.36573 6.2964 4.71945	
8.32	6.36801 6.30296 4.60699	
8.33	6.36986 6.30612 4.50589	
8.34	6.37339 6.32092 4.409	
8.35	6.3853 6.32409 4.31144	
8.36	6.38871 6.33753 4.22843	
8.37	6.39375 6.36237 4.1498	
8.38	6.40785 6.3904 4.08843	
8.39	6.42316 6.42747 4.04121	
8.4	6.43827 6.46353 4.00908	
8.41	6.44469 6.49895 3.96646	
8.42	6.45008 6.52763 3.93248	
8.43	6.45382 6.55369 3.89265	
8.44	6.44957 6.58349 3.86355	
8.45	6.44651 6.61171 3.84361	
8.46	6.44445 6.64868 3.8175	
8.47	6.44034 6.68835 3.78851	
8.48	6.44792 6.73123 3.75437	
8.49	6.44381 6.77007 3.72449	
8.5	6.45089 6.80967 3.69483	
8.51	6.44828 6.84926 3.66468	
8.52	6.45466 6.89316 3.63293	
8.53	6.46034 6.93151 3.60308	
8.54	6.46581 6.95905 3.56798	
8.55	6.46064 6.98046 3.5458	
8.56	6.46425 7.00403 3.5196	
8.57	6.46757 7.02548 3.4828	
8.58	6.46999 7.04124 3.43945	
8.59	6.47371 7.05549 3.39325	
8.6	6.46798 7.07181 3.34879	
8.61	6.47146 7.085 3.29724	
8.62	6.479 7.08578 3.24311	
8.63	6.49028 7.08654 3.20202	
8.64	6.50873 7.08842 3.17748	
8.65	6.52091 7.08695 3.14931	
8.66	6.53129 7.08262 3.1269	
8.67	6.54023 7.07593 3.09858	
8.68	6.55003 7.06752 3.05886	
8.69	6.56896 7.0727 3.0167	
8.7	6.58699 7.08198 2.97214	
8.71	6.60627 7.09173 2.927	
8.72	6.62711 7.10231 2.88147	
8.73	6.65336 7.11146 2.84233	
8.74	6.6721 7.11592 2.79896	
8.75	6.68008 7.12274 2.76311	
8.76	6.68746 7.11508 2.72974	
8.77	6.68815 7.1094 2.69586	
8.78	6.69723 7.10345 2.66744	
8.79	6.70446 7.09633 2.66475	
8.8	6.71399 7.09378 2.65782	
8.81	6.71931 7.08223 2.66379	
8.82	6.7351 7.06587 2.67166	
8.83	6.7409 7.04578 2.68294	
8.84	6.75397 7.01928 2.69687	
8.85	6.76795 6.98908 2.70904	
8.86	6.78804 6.95154 2.71923	
8.87	6.80072 6.9093 2.72533	
8.88	6.82172 6.86696 2.73269	
8.89	6.84313 6.82717 2.75629	
8.9	6.8657 6.79602 2.76886	
8.91	6.8878 6.76138 2.78552	
8.92	6.90864 6.72568 2.79748	
8.93	6.92308 6.69522 2.80486	
8.94	6.94573 6.66337 2.81222	
8.95	6.96108 6.63867 2.82226	
8.96	6.97682 6.61906 2.83458	
8.97	6.98346 6.60423 2.8392	
8.98	6.99931 6.58407 2.84628	
8.99	7.00542 6.56354 2.85276	
9	7.01175 6.54545 2.86163	
9.01	7.01911 6.52563 2.86332	
9.02	7.02576 6.49837 2.88187	
9.03	7.02953 6.46935 2.89613	
9.04	7.04428 6.43769 2.91904	
9.05	7.04951 6.41101 2.93935	
9.06	7.05339 6.37085 2.96893	
9.07	7.0682 6.34034 2.99313	
9.08	7.07273 6.30605 3.02101	
9.09	7.0769 6.26638 3.05105	
9.1	7.08837 6.21731 3.08837	
9.11	7.09173 6.16999 3.12608	
9.12	7.09735 6.13103 3.15597	
9.13	7.10117 6.08831 3.1908	
9.14	7.09551 6.04977 3.22205	
9.15	7.10111 6.01097 3.25228	
9.16	7.09661 5.98174 3.27749	
9.17	7.10385 5.95664 3.2984	
9.18	7.10012 5.93509 3.31613	
9.19	7.09693 5.91913 3.3318	
9.2	7.09551 5.90586 3.34147	
9.21	7.09504 5.90144 3.3447	
9.22	7.09368 5.90207 3.34637	
9.23	7.0918 5.89715 3.35016	
9.24	7.09274 5.89323 3.35284	
9.25	7.099 5.8827 3.35986	
9.26	7.09759 5.86947 3.36959	
9.27	7.09665 5.86065 3.37608	
9.28	7.09483 5.84416 3.39019	
9.29	7.09149 5.82492 3.40267	
9.3	7.0892 5.80409 3.42011	
9.31	7.08452 5.77289 3.44361	
9.32	7.06983 5.74361 3.46887	
9.33	7.06235 5.71155 3.4937	
9.34	7.0651 5.68115 3.52026	
9.35	7.06059 5.65252 3.54633	
9.36	7.05416 5.61799 3.57531	
9.37	7.05153 5.59435 3.59762	
9.38	7.04704 5.56595 3.62394	
9.39	7.03607 5.5468 3.64191	
9.4	7.03437 5.5319 3.65762	
9.41	7.02282 5.52186 3.67049	
9.42	7.02227 5.51481 3.67852	
9.43	7.02128 5.5072 3.68633	
9.44	7.02222 5.50341 3.68913	
9.45	7.02176 5.49913 3.69252	
9.46	7.02092 5.49172 3.70042	
9.47	7.01954 5.4789 3.71063	
9.48	7.01855 5.46921 3.71635	
9.49	7.01679 5.45329 3.73109	
9.5	7.01496 5.43624 3.74477	
9.51	7.01313 5.41922 3.75848	
9.52	7.01131 5.40222 3.77221	
9.53	7.01141 5.39113 3.78302	
9.54	7.00873 5.37907 3.79504	
9.55	7.00907 5.3709 3.80126	
9.56	7.00831 5.36262 3.80823	
9.57	7.00671 5.34895 3.81314	
9.58	7.00766 5.34521 3.816	
9.59	6.99828 5.34144 3.81408	
9.6	6.9982 5.34066 3.8087	
9.61	6.98857 5.33459 3.79062	
9.62	6.98034 5.32944 3.76764	
9.63	6.97062 5.321 3.73778	
9.64	6.96138 5.32026 3.71723	
9.65	6.95213 5.31787 3.69028	
9.66	6.95159 5.31331 3.64824	
9.67	6.94214 5.30946 3.60077	
9.68	6.9226 5.30677 3.55397	
9.69	6.91288 5.3018 3.49559	
9.7	6.89317 5.29925 3.43895	
9.71	6.88323 5.29084 3.39377	
9.72	6.87376 5.28627 3.36165	
9.73	6.87309 5.28032 3.34889	
9.74	6.87201 5.27228 3.35144	
9.75	6.86049 5.26125 3.35823	
9.76	6.85852 5.24541 3.37316	
9.77	6.8476 5.22823 3.39286	
9.78	6.83684 5.21337 3.40251	
9.79	6.83318 5.19374 3.4174	
9.8	6.82963 5.16442 3.42245	
9.81	6.8268 5.1401 3.42952	
9.82	6.8246 5.1202 3.43319	
9.83	6.83011 5.10234 3.43383	
9.84	6.82919 5.08282 3.43687	
9.85	6.83497 5.05536 3.45952	
9.86	6.83216 5.03076 3.47115	
9.87	6.82931 5.00719 3.48386	
9.88	6.82669 4.98439 3.50211	
9.89	6.82329 4.95583 3.50769	
9.9	6.82002 4.92854 3.51443	
9.91	6.80877 4.91033 3.51841	
9.92	6.80731 4.89879 3.51512	
9.93	6.80394 4.88229 3.51067	
9.94	6.80305 4.87459 3.49844	
9.95	6.81106 4.86425 3.49486	
9.96	6.81065 4.86184 3.49518	
9.97	6.80156 4.86269 3.48976	
9.98	6.80151 4.86223 3.48434	
9.99	6.80048 4.85324 3.48077	
10	6.79115 4.84136 3.4747	
10.01	6.78773 4.82442 3.47465	
10.02	6.77802 4.80947 3.48311	
10.03	6.77486 4.79366 3.49403	
10.04	6.77284 4.77839 3.50961	
10.05	6.77052 4.75934 3.52896	
10.06	6.7679 4.73994 3.5482	
10.07	6.76573 4.72212 3.56871	
10.08	6.76343 4.70319 3.58817	
10.09	6.76312 4.68986 3.60441	
10.1	6.75989 4.67452 3.62088	
10.11	6.76823 4.66738 3.63039	
10.12	6.76731 4.66043 3.63882	
10.13	6.77551 4.65215 3.64726	
10.14	6.77615 4.64584 3.65512	
10.15	6.78328 4.63994 3.65942	
10.16	6.78342 4.64109 3.66051	
10.17	6.78422 4.6374 3.66349	
10.18	6.78377 4.63345 3.66721	
10.19	6.77459 4.63434 3.66179	
10.2	6.77284 4.63067 3.66183	
10.21	6.77264 4.63005 3.65633	
10.22	6.77219 4.62611 3.66006	
10.23	6.76445 4.62788 3.6594	
10.24	6.76261 4.6235 3.66378	
10.25	6.76355 4.62 3.66685	
10.26	6.76166 4.61519 3.66581	
10.27	6.76075 4.60733 3.67327	
10.28	6.7617 4.60383 3.67635	
10.29	6.75941 4.59554 3.68448	
10.3	6.75985 4.5877 3.68588	
10.31	6.76666 4.57766 3.68859	
10.32	6.76716 4.57122 3.69643	
10.33	6.76651 4.5643 3.69966	
10.34	6.76591 4.5602 3.70334	
10.35	6.76363 4.55194 3.7115	
10.36	6.76502 4.55237 3.71084	
10.37	6.76458 4.54847 3.71459	
10.38	6.76428 4.54571 3.71943	
10.39	6.76383 4.54181 3.72319	
10.4	6.76274 4.53339 3.72521	
10.41	6.76166 4.52261 3.73223	
10.42	6.76043 4.51167 3.73919	
10.43	6.75792 4.4908 3.74171	
10.44	6.75651 4.47696 3.74822	
10.45	6.75449 4.46047 3.75244	
10.46	6.75343 4.45078 3.76055	
10.47	6.75221 4.43995 3.76759	
10.48	6.7512 4.43069 3.78114	
10.49	6.76717 4.40607 3.80506	
10.5	6.76444 4.38151 3.83392	
10.51	6.77122 4.34581 3.87476	
10.52	6.77571 4.31421 3.91423	
10.53	6.77279 4.28732 3.94828	
10.54	6.77208 4.2681 3.96858	
10.55	6.77052 4.25473 3.98072	
10.56	6.77018 4.25065 3.9917	
10.57	6.76796 4.24367 4.00113	
10.58	6.76952 4.24523 4.00154	
10.59	6.76885 4.23886 4.01038	
10.6	6.76743 4.2274 4.02194	
10.61	6.76634 4.2173 4.03467	
10.62	6.7655 4.2098 4.04245	
10.63	6.76483 4.20347 4.05131	
10.64	6.76441 4.19972 4.0552	
10.65	6.7622 4.1928 4.06468	
10.66	6.75205 4.18666 4.07247	
10.67	6.75319 4.18449 4.07678	
10.68	6.75178 4.17311 4.08841	
10.69	6.75863 4.16135 4.10189	
10.7	6.75696 4.14647 4.11754	
10.71	6.75589 4.13649 4.13037	
10.72	6.75455 4.123 4.14721	
10.73	6.75341 4.11522 4.15491	
10.74	6.74243 4.10274 4.17164	
10.75	6.7396 4.08912 4.19457	
10.76	6.72594 4.07766 4.21206	
10.77	6.71405 4.07976 4.21994	
10.78	6.7111 4.07779 4.22026	
10.79	6.70991 4.07854 4.22203	
10.8	6.69842 4.07446 4.22553	
10.81	6.69796 4.06885 4.24	
10.82	6.68708 4.0681 4.25657	
10.83	6.676 4.06676 4.26765	
10.84	6.6645 4.06176 4.28269	
10.85	6.65433 4.05677 4.2916	
10.86	6.653 4.0455 4.32579	
10.87	6.64015 4.03868 4.35752	
10.88	6.63879 4.02707 4.38632	
10.89	6.63555 4.0106 4.40899	
10.9	6.63349 3.99343 4.42991	
10.91	6.63064 3.9797 4.44766	
10.92	6.63863 3.96729 4.45957	
10.93	6.63675 3.95041 4.48064	
10.94	6.63491 3.93455 4.50274	
10.95	6.63309 3.91872 4.52488	
10.96	6.64009 3.89557 4.55616	
10.97	6.64666 3.86798 4.59055	
10.98	6.64371 3.84212 4.63037	
10.99	6.63957 3.81671 4.66665	
11	6.63841 3.80371 4.69123	
11.01	6.63717 3.79152 4.71678	
11.02	6.63541 3.77394 4.74443	
11.03	6.63337 3.75605 4.77198	
11.04	6.63031 3.73013 4.80668	
11.05	6.6275 3.70547 4.84254	
11.06	6.62526 3.68455 4.87444	
11.07	6.6225 3.66221 4.90517	
11.08	6.61919 3.64433 4.93373	
11.09	6.617 3.62575 4.96052	
11.1	6.61521 3.61063 4.9832	
11.11	6.61289 3.59199 5.00999	
11.12	6.60037 3.57818 5.03357	
11.13	6.60073 3.57033 5.04728	
11.14	6.59831 3.5608 5.06151	
11.15	6.59653 3.5558 5.07265	
11.16	6.59734 3.55058 5.08131	
11.17	6.59666 3.54482 5.09064	
11.18	6.59535 3.53456 5.10308	
11.19	6.5931 3.52529 5.11743	
11.2	6.593 3.51324 5.13439	
11.21	6.59075 3.50401 5.14877	
11.22	6.5901 3.4963 5.16348	
11.23	6.58906 3.48728 5.17705	
11.24	6.58644 3.47478 5.19567	
11.25	6.58597 3.45954 5.21691	
11.26	6.58458 3.44532 5.24009	
11.27	6.58305 3.43096 5.26322	
11.28	6.58034 3.41647 5.28722	
11.29	6.57696 3.39839 5.31532	
11.3	6.57471 3.37767 5.34702	
11.31	6.57247 3.35703 5.37878	
11.32	6.56955 3.34051 5.40818	
11.33	6.56746 3.321 5.44103	
11.34	6.56563 3.30384 5.46868	
11.35	6.56243 3.28826 5.49172	
11.36	6.55967 3.27406 5.51594	
11.37	6.55815 3.25822 5.54477	
11.38	6.5555 3.24614 5.56369	
11.39	6.55417 3.23445 5.58186	
11.4	6.5632 3.22566 5.5968	
11.41	6.57204 3.21776 5.60533	
11.42	6.58956 3.20926 5.6157	
11.43	6.59995 3.20392 5.61816	
11.44	6.61868 3.19484 5.62678	
11.45	6.62833 3.19146 5.63215	
11.46	6.63902 3.18728 5.63568	
11.47	6.64842 3.18433 5.6292	
11.48	6.65905 3.17816 5.6381	
11.49	6.67588 3.16453 5.65077	
11.5	6.68333 3.15542 5.65914	
11.51	6.69169 3.15174 5.66531	
11.52	6.69944 3.14379 5.67474	
11.53	6.70823 3.13504 5.68234	
11.54	6.70722 3.12569 5.69533	
11.55	6.70517 3.11717 5.71018	
11.56	6.7045 3.11096 5.71885	
11.57	6.70377 3.10281 5.73293	
11.58	6.70174 3.09434 5.7478	
11.59	6.71111 3.08796 5.75755	
11.6	6.72049 3.08159 5.76729	
11.61	6.7283 3.07374 5.77679	
11.62	6.73704 3.06124 5.79526	
11.63	6.73475 3.05169 5.80913	
11.64	6.73149 3.04487 5.81946	
11.65	6.73932 3.03706 5.82899	
11.66	6.74776 3.03348 5.83521	
11.67	6.75532 3.02452 5.84371	
11.68	6.76318 3.01674 5.85326	
11.69	6.7717 3.00322 5.87076	
11.7	6.78038 2.98993 5.88836	
11.71	6.78878 2.97628 5.90583	
11.72	6.79672 2.95682 5.93218	
11.73	6.79421 2.9309 5.97282	
11.74	6.78912 2.90444 6.01519	
11.75	6.78605 2.87468 6.05942	
11.76	6.77967 2.8478 6.0974	
11.77	6.78492 2.81381 6.14714	
11.78	6.78922 2.77918 6.20436	
11.79	6.78398 2.75074 6.25177	
11.8	6.79025 2.72269 6.29947	
11.81	6.79531 2.69453 6.34812	
11.82	6.81249 2.67244 6.38801	
11.83	6.82942 2.65091 6.42145	
11.84	6.85664 2.6294 6.45594	
11.85	6.8839 2.60961 6.48496	
11.86	6.90323 2.59571 6.50968	
11.87	6.931 2.57989 6.53515	
11.88	6.96034 2.56643 6.55438	
11.89	7.00912 2.54743 6.57805	
11.9	7.04673 2.52864 6.60174	
11.91	7.08609 2.51251 6.62651	
11.92	7.11487 2.49202 6.66037	
11.93	7.15435 2.47611 6.6852	
11.94	7.17376 2.46413 6.70448	
11.95	7.19225 2.45308 6.72563	
11.96	7.2117 2.4412 6.74495	
11.97	7.22034 2.43556 6.75597	
11.98	7.22921 2.43261 6.76241	
11.99	7.23925 2.43147 6.76241	
12	7.23809 2.42966 6.76885	
12.01	7.23787 2.42698 6.77344	
12.02	7.23743 2.42162 6.78262	
12.03	7.22402 2.41142 6.80273	
12.04	7.20128 2.39885 6.8256	
12.05	7.17512 2.3866 6.85213	
12.06	7.14928 2.36657 6.8644	
12.07	7.12081 2.34403 6.8514	
12.08	7.10237 2.31985 6.82765	
12.09	7.09451 2.28637 6.80073	
12.1	7.08881 2.24771 6.78702	
12.11	7.08016 2.21118 6.7794	
12.12	7.07257 2.18598 6.78503	
12.13	7.06715 2.17117 6.80381	
12.14	7.05816 2.14444 6.84241	
12.15	7.05051 2.11691 6.88585	
12.16	7.04143 2.08447 6.93991	
12.17	7.04383 2.05359 6.98844	
12.18	7.04539 2.02722 7.0286	
12.19	7.05997 2.00432 7.05664	
12.2	7.08357 1.98194 7.08094	
12.21	7.10963 1.96154 7.09778	
12.22	7.12485 1.94573 7.11175	
12.23	7.13973 1.92514 7.13535	
12.24	7.14376 1.89968 7.16782	
12.25	7.1465 1.87158 7.20625	
12.26	7.14985 1.84627 7.24645	
12.27	7.15405 1.82102 7.27936	
12.28	7.15884 1.79855 7.31395	
12.29	7.16412 1.77146 7.35093	
12.3	7.16988 1.74812 7.38395	
12.31	7.17587 1.72712 7.41221	
12.32	7.18313 1.70963 7.42905	
12.33	7.20055 1.6896 7.44523	
12.34	7.21858 1.66512 7.46935	
12.35	7.22516 1.64199 7.48367	
12.36	7.24125 1.61958 7.49433	
12.37	7.26966 1.60447 7.49002	
12.38	7.2982 1.58853 7.49137	
12.39	7.32669 1.56954 7.50329	
12.4	7.36743 1.55465 7.52156	
12.41	7.40823 1.54234 7.52394	
12.42	7.45923 1.52764 7.53116	
12.43	7.48956 1.51457 7.52681	
12.44	7.51833 1.49501 7.53289	
12.45	7.54824 1.47431 7.53742	
12.46	7.58872 1.45259 7.5421	
12.47	7.61787 1.431 7.55351	
12.48	7.65769 1.41194 7.56065	
12.49	7.70715 1.39456 7.55848	
12.5	7.74537 1.37829 7.55747	
12.51	7.79547 1.36044 7.5549	
12.52	7.84584 1.34411 7.54748	
12.53	7.88705 1.33074 7.52317	
12.54	7.94854 1.32458 7.47514	
12.55	8.011 1.31779 7.42611	
12.56	8.05362 1.31244 7.39231	
12.57	8.09605 1.30384 7.34179	
12.58	8.14903 1.30384 7.27187	
12.59	8.20447 1.31227 7.2011	
12.6	8.27134 1.31815 7.15604	
12.61	8.34648 1.32093 7.12355	
12.62	8.42145 1.32161 7.10153	
12.63	8.49762 1.32299 7.07296	
12.64	8.57246 1.32392 7.05098	
12.65	8.63798 1.32778 7.0284	
12.66	8.70447 1.33257 6.99937	
12.67	8.77091 1.33879 6.95998	
12.68	8.84897 1.34646 6.90325	
12.69	8.93636 1.35911 6.8382	
12.7	9.04694 1.37076 6.7706	
12.71	9.15631 1.38034 6.7145	
12.72	9.2657 1.38431 6.67325	
12.73	9.38668 1.39316 6.632	
12.74	9.51588 1.39942 6.59773	
12.75	9.65689 1.40478 6.57278	
12.76	9.80715 1.41036 6.54342	
12.77	9.96652 1.42382 6.49487	
12.78	10.1382 1.4465 6.40787	
12.79	10.3325 1.47822 6.29887	
12.8	10.5185 1.50838 6.19793	
12.81	10.7377 1.54093 6.12792	
12.82	10.9446 1.58231 6.06625	
12.83	11.1607 1.60337 6.04497	
12.84	11.3449 1.61818 6.04523	
12.85	11.5253 1.63474 6.04336	
12.86	11.6951 1.65142 6.04156	
12.87	11.8623 1.68326 6.01701	
12.88	12.039 1.73289 5.96268	
12.89	12.2167 1.78221 5.90703	
12.9	12.3543 1.81453 5.8865	
12.91	12.4494 1.83022 5.88645	
12.92	12.5429 1.8486 5.88856	
12.93	12.6163 1.86081 5.88879	
12.94	12.6688 1.87361 5.88424	
12.95	12.6887 1.88473 5.87584	
12.96	12.6891 1.8854 5.87575	
12.97	12.6581 1.88709 5.87762	
12.98	12.6375 1.8866 5.87281	
12.99	12.6068 1.88358 5.87278	
13	12.5647 1.879 5.87362	
13.01	12.5332 1.87128 5.87861	
13.02	12.5025 1.8684 5.87858	
13.03	12.4912 1.86538 5.8788	
13.04	12.4823 1.86347 5.87727	
13.05	12.4845 1.85709 5.88468	
13.06	12.4903 1.84234 5.89262	
13.07	12.5075 1.82167 5.90359	
13.08	12.5143 1.80101 5.91479	
13.09	12.5144 1.77268 5.93355	
13.1	12.5139 1.74979 5.94891	
13.11	12.5049 1.72363 5.96253	
13.12	12.4949 1.6939 5.98221	
13.13	12.4567 1.6413 6.04656	
13.14	12.3533 1.59006 6.15249	
13.15	12.2356 1.55682 6.22055	
13.16	12.1691 1.54446 6.23167	
13.17	12.1043 1.53967 6.22644	
13.18	11.9945 1.53722 6.19717	
13.19	11.8814 1.54187 6.13847	
13.2	11.7984 1.56098 6.04984	
13.21	11.6713 1.57785 5.9847	
13.22	11.393 1.61248 5.90067	
13.23	11.0859 1.64545 5.86015	
13.24	10.8453 1.75152 5.6582	
13.25	10.7596 1.93034 5.34059	
13.26	10.7391 2.15285 4.98299	
13.27	10.7211 2.36274 4.64578	
13.28	10.6671 2.53776 4.36726	
13.29	10.6414 2.71952 4.12212	
13.3	10.6536 2.92204 3.86573	
13.31	10.742 3.15091 3.58845	
13.32	10.8748 3.39739 3.30492	
13.33	11.0661 3.66244 3.02345	
13.34	11.2913 3.95191 2.73186	
13.35	11.5035 4.24522 2.44396	
13.36	11.7128 4.54501 2.2077	
13.37	11.8645 4.85616 1.92304	
13.38	12.0089 5.06869 1.9491	
13.39	12.2936 5.75465 1.77949	
13.4	12.4762 6.23365 1.67245	
13.41	12.5785 6.29531 1.6328	
13.42	12.5874 6.4608 1.59657	
13.43	12.5615 6.43952 1.6355	
13.44	12.5049 6.41714 1.86978	
13.45	12.4968 6.44386 2.35733	
13.46	12.4956 6.57717 2.79316	
13.47	12.4181 6.97746 3.26719	
13.48	12.3365 7.44988 3.41811	
13.49	12.2204 7.99437 3.43844	
13.5	12.1316 8.83969 3.50706	
13.51	12.107 8.97653 3.49756	
13.52	12.0107 9.53517 3.45356	
13.53	11.7666 10.439 3.52443	
13.54	11.6205 11.3368 3.76517	
13.55	11.5816 12.2791 3.81667	
13.56	11.4302 13.2453 3.89786	
13.57	11.1802 14.0937 3.99894	
13.58	10.9882 14.925 3.92443	
13.59	10.779 15.6697 3.82321	
13.6	10.5666 16.3267 3.83694	
13.61	10.4398 16.4657 3.76263	
13.62	10.2374 17.0854 3.80392	
13.63	10.1093 17.496 3.64654	
13.64	10.0149 18.0753 3.59466	
13.65	9.98907 19.2573 3.2696	
13.66	9.79906 19.962 2.99478	
13.67	9.79953 19.9575 2.98533	
13.68	9.801 19.9559 2.98243	
13.69	9.80262 19.9551 2.98098	
13.7	9.80642 19.9536 2.97647	
13.71	9.81196 19.9525 2.97213	
13.72	9.81153 19.9636 3.0006	
13.73	9.82277 19.9729 3.02084	
13.74	9.8304 19.978 3.03212	
13.75	9.82804 19.9766 3.02958	
13.76	9.82437 19.9725 3.01987	
13.77	9.82186 19.9722 3.02015	
13.78	9.82243 19.9729 3.02186	
13.79	9.81897 19.969 3.01283	
13.8	9.80983 19.9593 2.99138	
13.81	9.80778 19.9561 2.9841	
13.82	9.8103 19.9575 2.98659	
13.83	9.81103 19.9581 2.98778	
13.84	9.81204 19.9586 2.98864	
13.85	9.812 19.959 2.98987	
13.86	9.81311 19.9592 2.98972	
13.87	9.81195 19.9589 2.98963	
13.88	9.81311 19.9586 2.98824	
13.89	9.81195 19.9583 2.98815	
13.9	9.8119 19.9588 2.98939	
13.91	9.81306 19.9591 2.98948	
13.92	9.81306 19.9591 2.98948	
13.93	9.8119 19.9588 2.98939	
13.94	9.81306 19.9591 2.98948	
13.95	9.81305 19.9585 2.988	
13.96	9.8119 19.9582 2.98792	
13.97	9.8119 19.9588 2.98939	
13.98	9.81306 19.9591 2.98948	
13.99	9.8119 19.9588 2.98939	
14	9.8119 19.9588 2.98939	
14.01	9.8119 19.9588 2.98939	
14.02	9.8119 19.9588 2.98939	
14.03	9.8119 19.9588 2.98939	
14.04	9.81306 19.9591 2.98948	
14.05	9.81306 19.9591 2.98948	
14.06	9.8119 19.9588 2.98939	
14.07	9.813 19.9584 2.98778	
14.08	9.81306 19.9591 2.98948	
14.09	9.8119 19.9588 2.98939	
