$MeshFormat
2.2 0 8
$EndMeshFormat
$Nodes
88
1 0 0 100
2 0 0 0
3 0 1 100
4 0 1 0
5 1 0 100
6 1 0 0
7 1 1 100
8 1 1 0
9 0 0 4.999999999999998
10 0 0 9.999999999999998
11 0 0 14.99999999999999
12 0 0 19.99999999999999
13 0 0 24.99999999999998
14 0 0 29.99999999999998
15 0 0 34.99999999999997
16 0 0 39.99999999999996
17 0 0 44.99999999999999
18 0 0 50.00000000000001
19 0 0 55.00000000000004
20 0 0 60.00000000000006
21 0 0 65.00000000000007
22 0 0 70.0000000000001
23 0 0 75.00000000000013
24 0 0 80.00000000000014
25 0 0 85.0000000000001
26 0 0 90.00000000000006
27 0 0 95.00000000000004
28 0 1 4.999999999999998
29 0 1 9.999999999999998
30 0 1 14.99999999999999
31 0 1 19.99999999999999
32 0 1 24.99999999999998
33 0 1 29.99999999999998
34 0 1 34.99999999999997
35 0 1 39.99999999999996
36 0 1 44.99999999999999
37 0 1 50.00000000000001
38 0 1 55.00000000000004
39 0 1 60.00000000000006
40 0 1 65.00000000000007
41 0 1 70.0000000000001
42 0 1 75.00000000000013
43 0 1 80.00000000000014
44 0 1 85.0000000000001
45 0 1 90.00000000000006
46 0 1 95.00000000000004
47 1 0 4.999999999999998
48 1 0 9.999999999999998
49 1 0 14.99999999999999
50 1 0 19.99999999999999
51 1 0 24.99999999999998
52 1 0 29.99999999999998
53 1 0 34.99999999999997
54 1 0 39.99999999999996
55 1 0 44.99999999999999
56 1 0 50.00000000000001
57 1 0 55.00000000000004
58 1 0 60.00000000000006
59 1 0 65.00000000000007
60 1 0 70.0000000000001
61 1 0 75.00000000000013
62 1 0 80.00000000000014
63 1 0 85.0000000000001
64 1 0 90.00000000000006
65 1 0 95.00000000000004
66 1 1 4.999999999999998
67 1 1 9.999999999999998
68 1 1 14.99999999999999
69 1 1 19.99999999999999
70 1 1 24.99999999999998
71 1 1 29.99999999999998
72 1 1 34.99999999999997
73 1 1 39.99999999999996
74 1 1 44.99999999999999
75 1 1 50.00000000000001
76 1 1 55.00000000000004
77 1 1 60.00000000000006
78 1 1 65.00000000000007
79 1 1 70.0000000000001
80 1 1 75.00000000000013
81 1 1 80.00000000000014
82 1 1 85.0000000000001
83 1 1 90.00000000000006
84 1 1 95.00000000000004
85 0.5 0.5 0
86 0.5 0.5 100
87 0.5 0.5 67.50000000000009
88 0.5355121470675254 0.5701773231208774 14.65368191215137
$EndNodes
$Elements
400
1 15 2 0 1 1
2 15 2 0 2 2
3 15 2 0 3 3
4 15 2 0 4 4
5 15 2 0 5 5
6 15 2 0 6 6
7 15 2 0 7 7
8 15 2 0 8 8
9 1 2 0 1 2 9
10 1 2 0 1 9 10
11 1 2 0 1 10 11
12 1 2 0 1 11 12
13 1 2 0 1 12 13
14 1 2 0 1 13 14
15 1 2 0 1 14 15
16 1 2 0 1 15 16
17 1 2 0 1 16 17
18 1 2 0 1 17 18
19 1 2 0 1 18 19
20 1 2 0 1 19 20
21 1 2 0 1 20 21
22 1 2 0 1 21 22
23 1 2 0 1 22 23
24 1 2 0 1 23 24
25 1 2 0 1 24 25
26 1 2 0 1 25 26
27 1 2 0 1 26 27
28 1 2 0 1 27 1
29 1 2 0 2 1 3
30 1 2 0 3 4 28
31 1 2 0 3 28 29
32 1 2 0 3 29 30
33 1 2 0 3 30 31
34 1 2 0 3 31 32
35 1 2 0 3 32 33
36 1 2 0 3 33 34
37 1 2 0 3 34 35
38 1 2 0 3 35 36
39 1 2 0 3 36 37
40 1 2 0 3 37 38
41 1 2 0 3 38 39
42 1 2 0 3 39 40
43 1 2 0 3 40 41
44 1 2 0 3 41 42
45 1 2 0 3 42 43
46 1 2 0 3 43 44
47 1 2 0 3 44 45
48 1 2 0 3 45 46
49 1 2 0 3 46 3
50 1 2 0 4 2 4
51 1 2 0 5 6 47
52 1 2 0 5 47 48
53 1 2 0 5 48 49
54 1 2 0 5 49 50
55 1 2 0 5 50 51
56 1 2 0 5 51 52
57 1 2 0 5 52 53
58 1 2 0 5 53 54
59 1 2 0 5 54 55
60 1 2 0 5 55 56
61 1 2 0 5 56 57
62 1 2 0 5 57 58
63 1 2 0 5 58 59
64 1 2 0 5 59 60
65 1 2 0 5 60 61
66 1 2 0 5 61 62
67 1 2 0 5 62 63
68 1 2 0 5 63 64
69 1 2 0 5 64 65
70 1 2 0 5 65 5
71 1 2 0 6 5 7
72 1 2 0 7 8 66
73 1 2 0 7 66 67
74 1 2 0 7 67 68
75 1 2 0 7 68 69
76 1 2 0 7 69 70
77 1 2 0 7 70 71
78 1 2 0 7 71 72
79 1 2 0 7 72 73
80 1 2 0 7 73 74
81 1 2 0 7 74 75
82 1 2 0 7 75 76
83 1 2 0 7 76 77
84 1 2 0 7 77 78
85 1 2 0 7 78 79
86 1 2 0 7 79 80
87 1 2 0 7 80 81
88 1 2 0 7 81 82
89 1 2 0 7 82 83
90 1 2 0 7 83 84
91 1 2 0 7 84 7
92 1 2 0 8 6 8
93 1 2 0 9 2 6
94 1 2 0 10 1 5
95 1 2 0 11 4 8
96 1 2 0 12 3 7
97 2 2 0 1 46 1 3
98 2 2 0 1 27 1 46
99 2 2 0 1 2 28 4
100 2 2 0 1 2 9 28
101 2 2 0 1 28 9 10
102 2 2 0 1 10 11 29
103 2 2 0 1 28 10 29
104 2 2 0 1 11 12 30
105 2 2 0 1 29 11 30
106 2 2 0 1 12 13 31
107 2 2 0 1 30 12 31
108 2 2 0 1 13 14 32
109 2 2 0 1 31 13 32
110 2 2 0 1 14 15 34
111 2 2 0 1 32 14 33
112 2 2 0 1 14 34 33
113 2 2 0 1 34 15 16
114 2 2 0 1 16 17 35
115 2 2 0 1 34 16 35
116 2 2 0 1 17 18 37
117 2 2 0 1 35 17 36
118 2 2 0 1 17 37 36
119 2 2 0 1 18 19 38
120 2 2 0 1 37 18 38
121 2 2 0 1 38 19 20
122 2 2 0 1 20 21 39
123 2 2 0 1 38 20 39
124 2 2 0 1 21 22 40
125 2 2 0 1 39 21 40
126 2 2 0 1 22 23 41
127 2 2 0 1 40 22 41
128 2 2 0 1 23 24 43
129 2 2 0 1 41 23 42
130 2 2 0 1 42 23 43
131 2 2 0 1 24 25 44
132 2 2 0 1 43 24 44
133 2 2 0 1 25 26 45
134 2 2 0 1 44 25 45
135 2 2 0 1 26 27 46
136 2 2 0 1 45 26 46
137 2 2 0 2 84 7 5
138 2 2 0 2 65 84 5
139 2 2 0 2 6 8 47
140 2 2 0 2 8 66 47
141 2 2 0 2 47 66 48
142 2 2 0 2 48 67 49
143 2 2 0 2 66 67 48
144 2 2 0 2 49 69 50
145 2 2 0 2 67 68 49
146 2 2 0 2 68 69 49
147 2 2 0 2 50 69 51
148 2 2 0 2 51 70 52
149 2 2 0 2 69 70 51
150 2 2 0 2 52 71 53
151 2 2 0 2 70 71 52
152 2 2 0 2 53 72 54
153 2 2 0 2 71 72 53
154 2 2 0 2 54 74 55
155 2 2 0 2 72 73 54
156 2 2 0 2 54 73 74
157 2 2 0 2 55 74 56
158 2 2 0 2 56 76 57
159 2 2 0 2 74 75 56
160 2 2 0 2 56 75 76
161 2 2 0 2 76 58 57
162 2 2 0 2 58 77 59
163 2 2 0 2 76 77 58
164 2 2 0 2 59 79 60
165 2 2 0 2 77 78 59
166 2 2 0 2 78 79 59
167 2 2 0 2 60 80 61
168 2 2 0 2 79 80 60
169 2 2 0 2 80 62 61
170 2 2 0 2 62 81 63
171 2 2 0 2 80 81 62
172 2 2 0 2 63 82 64
173 2 2 0 2 81 82 63
174 2 2 0 2 83 65 64
175 2 2 0 2 82 83 64
176 2 2 0 2 83 84 65
177 2 2 0 3 65 5 1
178 2 2 0 3 27 65 1
179 2 2 0 3 6 47 2
180 2 2 0 3 2 47 9
181 2 2 0 3 9 48 10
182 2 2 0 3 47 48 9
183 2 2 0 3 10 49 11
184 2 2 0 3 48 49 10
185 2 2 0 3 49 12 11
186 2 2 0 3 12 50 13
187 2 2 0 3 49 50 12
188 2 2 0 3 13 51 14
189 2 2 0 3 50 51 13
190 2 2 0 3 14 53 15
191 2 2 0 3 51 52 14
192 2 2 0 3 14 52 53
193 2 2 0 3 53 16 15
194 2 2 0 3 16 54 17
195 2 2 0 3 53 54 16
196 2 2 0 3 17 56 18
197 2 2 0 3 54 55 17
198 2 2 0 3 55 56 17
199 2 2 0 3 18 56 19
200 2 2 0 3 19 57 20
201 2 2 0 3 56 57 19
202 2 2 0 3 20 59 21
203 2 2 0 3 57 58 20
204 2 2 0 3 58 59 20
205 2 2 0 3 21 60 22
206 2 2 0 3 21 59 60
207 2 2 0 3 22 61 23
208 2 2 0 3 60 61 22
209 2 2 0 3 23 62 24
210 2 2 0 3 61 62 23
211 2 2 0 3 24 63 25
212 2 2 0 3 62 63 24
213 2 2 0 3 63 26 25
214 2 2 0 3 26 64 27
215 2 2 0 3 63 64 26
216 2 2 0 3 64 65 27
217 2 2 0 4 84 3 7
218 2 2 0 4 46 3 84
219 2 2 0 4 8 4 66
220 2 2 0 4 4 28 66
221 2 2 0 4 28 29 67
222 2 2 0 4 66 28 67
223 2 2 0 4 29 30 68
224 2 2 0 4 67 29 68
225 2 2 0 4 30 31 69
226 2 2 0 4 68 30 69
227 2 2 0 4 31 32 69
228 2 2 0 4 70 32 33
229 2 2 0 4 69 32 70
230 2 2 0 4 33 34 71
231 2 2 0 4 70 33 71
232 2 2 0 4 34 35 72
233 2 2 0 4 71 34 72
234 2 2 0 4 35 36 73
235 2 2 0 4 72 35 73
236 2 2 0 4 36 37 74
237 2 2 0 4 73 36 74
238 2 2 0 4 37 38 76
239 2 2 0 4 74 37 75
240 2 2 0 4 75 37 76
241 2 2 0 4 76 38 39
242 2 2 0 4 39 40 77
243 2 2 0 4 76 39 77
244 2 2 0 4 40 41 78
245 2 2 0 4 77 40 78
246 2 2 0 4 41 42 80
247 2 2 0 4 78 41 79
248 2 2 0 4 79 41 80
249 2 2 0 4 42 43 81
250 2 2 0 4 80 42 81
251 2 2 0 4 43 44 82
252 2 2 0 4 43 82 81
253 2 2 0 4 82 44 45
254 2 2 0 4 45 46 83
255 2 2 0 4 82 45 83
256 2 2 0 4 83 46 84
257 2 2 0 5 2 4 85
258 2 2 0 5 6 2 85
259 2 2 0 5 4 8 85
260 2 2 0 5 8 6 85
261 2 2 0 6 1 86 3
262 2 2 0 6 5 86 1
263 2 2 0 6 3 86 7
264 2 2 0 6 7 86 5
265 4 2 0 1 30 29 68 88
266 4 2 0 1 68 29 67 88
267 4 2 0 1 68 67 49 88
268 4 2 0 1 29 30 11 88
269 4 2 0 1 84 3 86 7
270 4 2 0 1 6 8 85 47
271 4 2 0 1 2 47 6 85
272 4 2 0 1 5 84 86 7
273 4 2 0 1 85 66 9 47
274 4 2 0 1 9 28 66 85
275 4 2 0 1 46 86 65 84
276 4 2 0 1 84 3 46 86
277 4 2 0 1 46 3 1 86
278 4 2 0 1 85 8 66 47
279 4 2 0 1 2 28 85 4
280 4 2 0 1 28 2 85 9
281 4 2 0 1 66 28 4 85
282 4 2 0 1 4 8 66 85
283 4 2 0 1 2 47 85 9
284 4 2 0 1 5 84 65 86
285 4 2 0 1 86 5 1 65
286 4 2 0 1 34 16 15 53
287 4 2 0 1 17 74 56 55
288 4 2 0 1 34 14 53 15
289 4 2 0 1 18 75 76 56
290 4 2 0 1 37 76 18 75
291 4 2 0 1 54 74 17 55
292 4 2 0 1 75 17 37 74
293 4 2 0 1 75 17 74 56
294 4 2 0 1 75 18 17 56
295 4 2 0 1 18 75 17 37
296 4 2 0 1 26 45 46 83
297 4 2 0 1 63 24 25 82
298 4 2 0 1 44 25 24 82
299 4 2 0 1 44 45 25 82
300 4 2 0 1 64 27 83 26
301 4 2 0 1 23 42 43 81
302 4 2 0 1 80 62 81 23
303 4 2 0 1 58 76 20 77
304 4 2 0 1 23 42 81 80
305 4 2 0 1 72 16 34 53
306 4 2 0 1 74 54 17 73
307 4 2 0 1 49 69 12 50
308 4 2 0 1 17 37 74 36
309 4 2 0 1 30 12 11 49
310 4 2 0 1 58 76 57 20
311 4 2 0 1 67 28 10 29
312 4 2 0 1 41 23 80 42
313 4 2 0 1 80 62 23 61
314 4 2 0 1 39 76 20 38
315 4 2 0 1 82 64 26 63
316 4 2 0 1 82 43 24 44
317 4 2 0 1 19 56 76 57
318 4 2 0 1 48 9 66 47
319 4 2 0 1 16 73 17 54
320 4 2 0 1 50 13 69 12
321 4 2 0 1 14 70 71 52
322 4 2 0 1 70 33 14 71
323 4 2 0 1 71 34 53 72
324 4 2 0 1 32 70 14 13
325 4 2 0 1 51 14 70 13
326 4 2 0 1 73 16 17 35
327 4 2 0 1 60 41 80 79
328 4 2 0 1 33 70 14 32
329 4 2 0 1 76 18 19 38
330 4 2 0 1 13 69 31 32
331 4 2 0 1 56 19 76 18
332 4 2 0 1 70 13 69 51
333 4 2 0 1 13 70 69 32
334 4 2 0 1 14 51 70 52
335 4 2 0 1 76 37 18 38
336 4 2 0 1 13 50 69 51
337 4 2 0 1 69 12 13 31
338 4 2 0 1 14 71 53 52
339 4 2 0 1 72 54 16 53
340 4 2 0 1 12 30 31 69
341 4 2 0 1 24 81 23 43
342 4 2 0 1 81 24 23 62
343 4 2 0 1 49 10 67 48
344 4 2 0 1 65 83 46 84
345 4 2 0 1 72 35 16 73
346 4 2 0 1 59 20 77 58
347 4 2 0 1 35 36 17 73
348 4 2 0 1 73 36 17 74
349 4 2 0 1 21 77 20 39
350 4 2 0 1 76 39 20 77
351 4 2 0 1 20 59 77 21
352 4 2 0 1 40 77 21 39
353 4 2 0 1 82 43 81 24
354 4 2 0 1 40 59 77 78
355 4 2 0 1 27 83 26 46
356 4 2 0 1 59 40 77 21
357 4 2 0 1 19 76 20 57
358 4 2 0 1 27 64 83 65
359 4 2 0 1 27 83 46 65
360 4 2 0 1 19 76 38 20
361 4 2 0 1 35 72 16 34
362 4 2 0 1 26 82 63 25
363 4 2 0 1 26 82 25 45
364 4 2 0 1 54 72 16 73
365 4 2 0 1 81 63 82 24
366 4 2 0 1 26 83 82 45
367 4 2 0 1 83 26 82 64
368 4 2 0 1 81 63 24 62
369 4 2 0 1 41 60 22 87
370 4 2 0 1 59 40 21 87
371 4 2 0 1 30 68 49 88
372 4 2 0 1 11 30 49 88
373 4 2 0 1 59 21 60 87
374 4 2 0 1 40 41 22 87
375 4 2 0 1 22 21 40 87
376 4 2 0 1 21 22 60 87
377 4 2 0 1 88 29 10 11
378 4 2 0 1 10 29 88 67
379 4 2 0 1 10 49 88 11
380 4 2 0 1 88 49 10 67
381 4 2 0 1 1 46 65 27
382 4 2 0 1 1 65 46 86
383 4 2 0 1 34 14 71 53
384 4 2 0 1 34 71 14 33
385 4 2 0 1 69 49 30 68
386 4 2 0 1 69 30 49 12
387 4 2 0 1 67 28 48 10
388 4 2 0 1 67 48 28 66
389 4 2 0 1 9 48 28 10
390 4 2 0 1 9 28 48 66
391 4 2 0 1 87 79 60 59
392 4 2 0 1 87 60 79 41
393 4 2 0 1 40 78 87 59
394 4 2 0 1 40 87 78 41
395 4 2 0 1 78 79 87 59
396 4 2 0 1 78 87 79 41
397 4 2 0 1 23 41 61 22
398 4 2 0 1 23 61 41 80
399 4 2 0 1 60 61 41 22
400 4 2 0 1 60 41 61 80
$EndElements
