# Gnuplot File : velocities of 1 particle(s) Monitored
# 1st Column : time, others : particle(s) number 0 
0.01	0 0 -0.019274	
0.02	0 0 -0.0378484	
0.03	0 0 -0.0557485	
0.04	0 0 -0.0729989	
0.05	0 0 -0.0896231	
0.06	0 0 -0.105644	
0.07	0 0 -0.121083	
0.08	0 0 -0.135962	
0.09	0 0 -0.150301	
0.1	0 0 -0.164119	
0.11	0 0 -0.177435	
0.12	0 0 -0.190269	
0.13	0 0 -0.202636	
0.14	0 0 -0.214554	
0.15	0 0 -0.22604	
0.16	0 0 -0.237109	
0.17	0 0 -0.247776	
0.18	0 0 -0.258056	
0.19	0 0 -0.267963	
0.2	0 0 -0.27751	
0.21	0 0 -0.28671	
0.22	0 0 -0.295577	
0.23	0 0 -0.304122	
0.24	2.06311 -3.52351 -1.35347	
0.25	-0.490115 -11.4838 7.2051	
0.26	-0.509165 -11.1226 6.92483	
0.27	-0.476406 -10.6763 6.63932	
0.28	-0.25486 -9.68012 6.16598	
0.29	-0.00514081 -8.39147 5.51754	
0.3	0.198117 -7.08895 4.81117	
0.31	0.446697 -5.25608 3.78101	
0.32	0.493159 -4.69098 3.42781	
0.33	0.517186 -4.21355 3.11281	
0.34	0.634905 -3.04405 2.41122	
0.35	0.644869 -2.59609 2.10259	
0.36	0.62809 -2.46556 1.9885	
0.37	0.609924 -2.20775 1.78404	
0.38	0.621892 -1.80923 1.51268	
0.39	0.59994 -1.72831 1.42848	
0.4	0.577772 -1.69435 1.37709	
0.41	0.519455 -1.62746 1.2651	
0.42	0.292686 -1.51908 0.948469	
0.43	0.221658 -1.18089 0.633584	
0.44	0.281968 -1.07686 0.619803	
0.45	0.253217 -1.01123 0.540129	
0.46	0.2193 -1.01668 0.504968	
0.47	0.372154 -1.32987 0.880248	
0.48	0.612761 -1.4583 1.21784	
0.49	0.845265 -1.64369 1.58699	
0.5	1.07031 -1.90348 2.00056	
0.51	1.24468 -2.04015 2.27517	
0.52	1.28474 -2.10617 2.36031	
0.53	1.2161 -2.12403 2.29843	
0.54	1.17823 -2.06627 2.21582	
0.55	1.02688 -2.10941 2.08554	
0.56	0.775106 -2.2972 1.95188	
0.57	0.679585 -2.30321 1.85404	
0.58	0.722324 -2.18642 1.81456	
0.59	0.742783 -2.07285 1.75416	
0.6	0.706306 -2.02056 1.67735	
0.61	0.611294 -2.07326 1.61307	
0.62	0.3704 -2.31314 1.52771	
0.63	0.0750969 -2.57695 1.40243	
0.64	-0.0968486 -2.64767 1.2707	
0.65	-0.190719 -2.64594 1.16979	
0.66	-0.30046 -2.62726 1.04051	
0.67	-0.377128 -2.58669 0.930461	
0.68	-0.409854 -2.51624 0.845405	
0.69	-0.458205 -2.44451 0.743207	
0.7	-0.536515 -2.36976 0.607698	
0.71	-0.611824 -2.28067 0.465331	
0.72	-0.682117 -2.17302 0.315258	
0.73	-0.727065 -2.05996 0.187884	
0.74	-0.764498 -1.93643 0.0610698	
0.75	-0.782209 -1.8209 -0.0395204	
0.76	-0.797749 -1.70487 -0.138154	
0.77	-0.808168 -1.59112 -0.229807	
0.78	-0.814342 -1.48344 -0.312738	
0.79	-0.812432 -1.37565 -0.387274	
0.8	-0.807316 -1.26792 -0.458382	
0.81	-0.797552 -1.15596 -0.527569	
0.82	-0.786286 -1.03732 -0.599822	
0.83	-0.764498 -0.91873 -0.661037	
0.84	-0.736676 -0.805841 -0.711929	
0.85	-0.710883 -0.707969 -0.754393	
0.86	-0.681945 -0.646054 -0.76837	
0.87	-0.644346 -0.601466 -0.76115	
0.88	-0.610165 -0.567539 -0.750003	
0.89	-0.581524 -0.54164 -0.738989	
0.9	0.476134 0.238993 6.65549	
0.91	0.0161 0.0269609 7.60014	
0.92	-0.232756 -0.081416 7.40213	
0.93	-0.262807 -0.093887 7.22595	
0.94	0.154043 0.0657872 8.08947	
0.95	0.262737 0.115603 9.78298	
0.96	-0.0398989 -0.0189296 10.8739	
0.97	-0.115275 -0.0506547 11.6322	
0.98	0.270213 0.117968 13.8865	
0.99	0.306222 0.129805 16.9103	
1	0.0454472 0.0118868 19.468	
1.01	-0.219921 -0.0866123 20.8737	
1.02	-0.171349 -0.0817205 21.3866	
1.03	0.102294 0.0322945 22.5654	
1.04	-0.00771659 -0.0135466 23.2856	
1.05	-0.0447537 -0.028133 23.7159	
1.06	-0.0359423 -0.0232447 23.856	
1.07	0.00834507 0.00161266 24.0176	
1.08	0.0295136 0.0123954 24.2638	
1.09	0.037033 0.0155018 24.6032	
1.1	0.0323299 0.0160316 25.1712	
1.11	-0.0355399 -0.0116595 25.4172	
1.12	-0.0326655 -0.0137545 25.4453	
1.13	-0.234142 -0.803158 29.3721	
1.14	0.279604 -0.992289 38.2473	
1.15	2.07491 -0.741433 38.5868	
1.16	1.99545 -0.715965 37.1784	
1.17	1.9218 -0.690401 35.8126	
1.18	1.85483 -0.664357 34.485	
1.19	1.78766 -0.640203 33.2154	
1.2	1.4737 -1.63085 31.6476	
1.21	10.2357 -6.76089 32.5199	
1.22	8.07999 -8.16442 22.0293	
1.23	7.95562 -7.73557 20.458	
1.24	7.80077 -7.18794 18.4025	
1.25	3.08385 -0.00234192 14.867	
1.26	0.630747 -13.4904 12.583	
1.27	-2.10026 -7.17165 8.41636	
1.28	-1.19271 -6.74091 8.86507	
1.29	5.49617 -3.15875 -0.326828	
1.3	-2.75139 4.16256 0.531694	
1.31	-1.28687 1.85485 -5.79231	
1.32	-3.19769 0.799135 -5.80009	
1.33	-4.34361 0.0739725 -5.54139	
1.34	-6.75775 2.22032 -1.62197	
1.35	-7.15118 0.948695 -1.08302	
1.36	-8.75377 2.1029 0.0887241	
1.37	-8.6323 1.15361 0.330215	
1.38	-8.41419 0.751757 0.398417	
1.39	-8.19564 0.476285 0.419316	
1.4	-7.96917 0.344171 0.389838	
1.41	-7.73581 0.362047 0.306002	
1.42	-7.51163 0.79441 0.0378697	
1.43	-7.2965 1.24462 -0.236224	
1.44	-7.12948 1.4993 -0.44619	
1.45	-6.93753 1.79148 -0.649214	
1.46	-6.71172 1.97179 -0.77246	
1.47	-6.46554 2.08638 -0.845819	
1.48	-6.22998 2.12327 -0.884514	
1.49	-6.02245 2.06709 -0.893326	
1.5	-5.839 2.00703 -0.910013	
1.51	-5.65192 1.99723 -0.940979	
1.52	-5.40843 2.1003 -0.979943	
1.53	-5.09022 2.3369 -1.02438	
1.54	-4.66576 2.66852 -1.03644	
1.55	-4.17249 2.97106 -0.985057	
1.56	-3.66495 3.15678 -0.866748	
1.57	-3.11042 3.24451 -0.668675	
1.58	-2.4867 3.23038 -0.374688	
1.59	-1.94365 3.09106 -0.0729208	
1.6	-1.48599 2.72036 0.24487	
1.61	3.81472 -0.670623 5.12	
1.62	-2.40579 -1.3432 28.1127	
1.63	-1.19218 -1.01305 30.8424	
1.64	-3.13352 -1.34624 31.4059	
1.65	-3.10466 -1.40933 29.7204	
1.66	-5.3705 -1.6493 28.7501	
1.67	-5.38136 -1.77543 26.5283	
1.68	-0.370478 -0.128903 27.1419	
1.69	-0.378576 -0.216277 25.6306	
1.7	-0.00491063 -0.0361123 25.3485	
1.71	-0.0135892 -0.0577317 24.2965	
1.72	-0.0207217 -0.024007 24.6368	
1.73	-0.010848 -0.0166343 24.6153	
1.74	-0.00260856 -0.00956829 25.1809	
1.75	-0.00482067 -0.0155261 24.6939	
1.76	-0.00348348 -0.012001 24.8565	
1.77	-0.0015201 -0.00521935 25.0409	
1.78	-0.0102432 0.000189802 29.7939	
1.79	-0.0177501 8.31744e-05 28.7053	
1.8	-0.00138268 0.00302569 28.936	
1.81	0.000110421 0.00421992 28.3766	
1.82	-0.00448536 0.00275561 28.8423	
1.83	-0.00161929 0.000658997 28.1268	
1.84	0.00223719 -0.0024703 28.7642	
1.85	0.015618 -0.003685 27.9834	
1.86	0.0367555 -0.0101916 28.4646	
1.87	0.0304932 0.00433495 29.8062	
1.88	0.0384993 -0.00534885 30.8125	
1.89	0.0494677 -0.0281796 30.3857	
1.9	0.106329 -0.0453936 29.1078	
1.91	0.135005 0.0804113 31.7014	
1.92	0.172414 0.0518508 30.3981	
1.93	0.187702 0.0396857 29.2233	
1.94	0.198775 0.0285411 28.0934	
1.95	5.45162 1.49275 -6.71809	
1.96	-7.24607 -2.81138 -5.59507	
1.97	-4.08635 -2.54764 -2.52361	
1.98	1.15912 -1.97125 -0.494108	
1.99	-5.34425 -15.4472 -3.86518	
2	3.55013 -3.15095 -3.11299	
2.01	0.81662 7.03546 0.309964	
2.02	0.604455 3.41785 -0.643347	
2.03	1.21867 3.52635 -0.0759054	
2.04	7.97175 -0.0796361 0.541578	
2.05	8.2133 -0.15712 0.606326	
2.06	8.21234 0.0310532 -0.516426	
2.07	14.2016 0.767648 -6.92169	
2.08	12.3398 1.58933 2.19271	
2.09	11.356 1.91982 1.68451	
2.1	-0.736541 2.84254 -2.39481	
2.11	-0.806606 3.10159 -0.177886	
2.12	-0.796459 3.12476 -0.178941	
2.13	-0.0258331 2.50527 -3.19355	
2.14	0.222547 2.70868 -0.0358306	
2.15	0.543922 1.84232 -2.45813	
2.16	1.12659 0.49782 0.0810942	
2.17	12.6102 2.56872 -22.5146	
2.18	9.76296 3.39929 -6.72392	
2.19	11.4141 2.67663 -15.6247	
2.2	9.75339 2.4014 -14.9767	
2.21	0.393852 1.66131 -6.08579	
2.22	1.02786 1.92864 -1.47021	
2.23	-0.642755 -2.96713 -8.38317	
2.24	-0.845108 -1.78189 -8.68035	
2.25	-13.3965 0.53717 -7.76498	
2.26	-1.45559 11.0235 -4.31548	
2.27	8.51068 -2.23063 8.54444	
2.28	8.56781 -2.44971 7.76659	
2.29	7.86257 -1.18816 7.47822	
2.3	7.15681 0.250948 6.84885	
2.31	6.62832 0.966628 6.9402	
2.32	6.33241 1.01232 6.33412	
2.33	6.08389 1.00163 5.96485	
2.34	5.81728 1.06479 5.64705	
2.35	5.58787 1.04416 5.26081	
2.36	5.37987 1.01043 4.99916	
2.37	5.21429 0.90321 4.81595	
2.38	5.08637 0.718342 4.62001	
2.39	5.10302 0.201983 4.47869	
2.4	5.19684 -0.476172 4.41324	
2.41	5.43188 -1.46966 4.45655	
2.42	5.71382 -2.55304 4.565	
2.43	5.93816 -3.48972 4.61093	
2.44	6.05869 -4.1731 4.55162	
2.45	5.96103 -4.30965 4.45332	
2.46	5.81227 -4.30144 4.38613	
2.47	5.62943 -4.20083 4.29199	
2.48	5.44167 -4.08153 4.16375	
2.49	5.25609 -3.9553 4.03894	
2.5	5.07957 -3.84385 3.89203	
2.51	4.90617 -3.72855 3.74906	
2.52	4.73601 -3.61034 3.60848	
2.53	4.57547 -3.49783 3.51559	
2.54	4.41813 -3.38428 3.41789	
2.55	4.26515 -3.27659 3.29331	
2.56	4.11712 -3.17412 3.15646	
2.57	3.96988 -3.06642 3.01036	
2.58	3.82648 -2.95862 2.87113	
2.59	3.68784 -2.85348 2.73802	
2.6	3.55411 -2.74971 2.62246	
2.61	3.42524 -2.6514 2.50111	
2.62	3.30102 -2.55756 2.37842	
2.63	0.0465494 0.013311 6.73007	
2.64	2.60298 0.816784 38.2323	
2.65	2.5091 0.793526 36.858	
2.66	2.41867 0.771705 35.535	
2.67	2.33116 0.746705 34.2403	
2.68	2.24655 0.7198 32.9785	
2.69	2.16509 0.694552 31.7658	
2.7	4.10794 -2.06446 30.7363	
2.71	3.93904 -1.82899 29.8052	
2.72	-0.867988 4.23049 13.0776	
2.73	-16.0746 6.95039 23.9802	
2.74	-12.2443 7.30378 24.9352	
2.75	-8.76542 7.20305 24.8493	
2.76	-6.49565 6.85423 24.0417	
2.77	-4.77782 6.46312 23.0686	
2.78	-3.02586 6.06571 22.1007	
2.79	-1.75167 5.65003 21.0309	
2.8	-0.597492 5.23311 19.9524	
2.81	0.129442 4.78543 18.7514	
2.82	0.562837 4.38049 17.6104	
2.83	0.556061 4.11858 16.7272	
2.84	-1.18052 4.28371 16.525	
2.85	-3.60402 4.42952 16.1831	
2.86	-5.50883 4.4056 15.5587	
2.87	-7.23892 4.23452 14.6472	
2.88	-8.67195 3.93478 13.5082	
2.89	-9.39489 3.57729 12.3625	
2.9	-9.55183 3.27576 11.4379	
2.91	-9.46539 3.03777 10.7001	
2.92	-9.38218 2.79137 9.9514	
2.93	-9.22075 2.58281 9.30639	
2.94	-9.03495 2.3865 8.69984	
2.95	-8.80508 2.22067 8.17478	
2.96	-8.55651 2.07569 7.70571	
2.97	-5.34204 1.04849 6.88789	
2.98	-5.17091 0.959955 6.54792	
2.99	-7.78447 1.23127 7.00635	
3	-7.53396 1.14565 6.64725	
3.01	-8.3377 -0.953624 8.35602	
3.02	-21.7689 -5.08852 17.5806	
3.03	-19.419 -6.30438 17.5746	
3.04	-5.64833 -4.80587 22.9602	
3.05	1.21723 1.12532 30.1537	
3.06	2.22416 0.795932 29.8344	
3.07	3.84456 0.668595 30.6088	
3.08	6.19081 1.15208 31.3909	
3.09	8.39025 2.25402 31.2714	
3.1	9.79457 3.41059 30.2993	
3.11	10.765 4.59906 28.8742	
3.12	11.1941 5.50989 27.2784	
3.13	11.3345 6.22277 25.6693	
3.14	11.3344 6.684 24.2668	
3.15	11.1689 6.74319 23.2355	
3.16	10.9171 6.80425 22.1415	
3.17	10.6516 6.83799 21.0956	
3.18	10.4169 7.1076 19.8076	
3.19	10.1257 7.38573 18.4761	
3.2	9.75702 7.16409 17.7259	
3.21	9.38982 6.81532 17.1628	
3.22	9.00507 6.48593 16.5797	
3.23	8.66545 6.3096 15.8702	
3.24	8.24086 6.00707 15.2552	
3.25	7.92344 5.95306 14.4544	
3.26	7.49015 6.16331 13.2176	
3.27	6.88621 6.14051 12.1208	
3.28	6.35047 5.88213 11.4126	
3.29	5.97322 5.56836 10.9557	
3.3	5.72014 5.31033 10.5725	
3.31	5.3342 5.12327 9.97869	
3.32	4.99329 4.92939 9.45563	
3.33	4.72162 4.73547 9.01912	
3.34	4.58094 4.56896 8.69722	
3.35	4.52357 4.24341 8.67772	
3.36	4.34233 3.58882 8.96331	
3.37	3.41967 3.40267 7.90225	
3.38	3.27079 3.18741 7.68747	
3.39	3.10394 2.90671 7.54972	
3.4	2.94753 2.66316 7.38713	
3.41	2.76058 2.33656 7.31019	
3.42	2.5467 1.96193 7.27759	
3.43	2.32898 1.6184 7.21193	
3.44	2.12481 1.31478 7.11952	
3.45	1.93503 1.05997 6.98954	
3.46	1.7036 0.757689 6.88653	
3.47	1.3823 0.382629 6.79275	
3.48	0.991784 0.0508451 6.58133	
3.49	0.750617 -0.0459879 6.2329	
3.5	0.590921 -0.0453397 5.85232	
3.51	11.0567 11.3913 -1.65693	
3.52	5.14745 -4.59752 6.43755	
3.53	4.8878 -4.62544 6.16478	
3.54	5.16963 -4.74956 5.46154	
3.55	4.86263 -4.84725 5.201	
3.56	6.66499 -2.07119 1.7157	
3.57	6.41893 -1.99933 1.63237	
3.58	6.17871 -1.93525 1.5495	
3.59	5.71375 -2.20393 1.88865	
3.6	5.73231 -1.72811 1.37594	
3.61	5.27769 -1.87812 1.68245	
3.62	5.33715 -1.38278 1.14878	
3.63	4.8466 -1.70215 1.56491	
3.64	4.88951 -1.17617 1.04125	
