# Gnuplot File : positions of 1 particle(s) Monitored
# 1st Column : time, others : particle(s) number 0 
0.01	8.66979 15.9858 5.77311	
0.02	8.66646 15.9851 5.77137	
0.03	8.67227 15.9874 5.77336	
0.04	8.66979 15.9858 5.77257	
0.05	8.66894 15.9867 5.77147	
0.06	8.67227 15.9874 5.77286	
0.07	8.66894 15.9867 5.77116	
0.08	8.66979 15.9858 5.77194	
0.09	8.66979 15.9858 5.7718	
0.1	8.66894 15.9896 5.76921	
0.11	8.66646 15.9851 5.76998	
0.12	8.66894 15.9867 5.77047	
0.13	8.67227 15.9874 5.77189	
0.14	8.66979 15.9858 5.77115	
0.15	8.67227 15.9874 5.77165	
0.16	8.66646 15.9851 5.76938	
0.17	8.66979 15.9858 5.77082	
0.18	8.66979 15.9858 5.77072	
0.19	8.67227 15.9874 5.77123	
0.2	8.66645 15.988 5.76746	
0.21	8.66979 15.9858 5.77043	
0.22	8.66894 15.9867 5.76941	
0.23	8.57904 15.9679 5.72513	
0.24	8.45341 15.9374 5.65768	
0.25	8.44074 15.9342 5.65037	
0.26	8.43838 15.9323 5.64957	
0.27	8.05919 15.8145 5.39019	
0.28	7.7065 15.664 5.04862	
0.29	7.58516 15.5942 4.89937	
0.3	7.51226 15.546 4.79829	
0.31	7.41169 15.4753 4.63684	
0.32	7.35976 15.286 4.63314	
0.33	7.31988 14.6545 4.96461	
0.34	6.99216 14.1263 5.21976	
0.35	6.59008 13.6061 5.5571	
0.36	6.15981 12.8613 5.7963	
0.37	5.94129 12.0409 6.14733	
0.38	5.92622 11.3623 6.91031	
0.39	5.9488 10.5059 7.73025	
0.4	6.4156 9.65464 8.48573	
0.41	7.34976 9.12228 9.04104	
0.42	8.27574 9.0678 9.33005	
0.43	8.95838 9.01114 9.50131	
0.44	9.04776 8.82703 9.31282	
0.45	9.24526 8.60969 8.54644	
0.46	9.57015 8.43344 8.0006	
0.47	9.93044 8.25312 7.6313	
0.48	10.3458 8.22237 7.32473	
0.49	10.7822 8.30144 7.01824	
0.5	11.1991 8.45153 6.90087	
0.51	11.7229 8.41328 6.86455	
0.52	12.2112 8.34323 6.96713	
0.53	12.7231 8.19066 7.14227	
0.54	13.362 8.00374 7.37808	
0.55	14.2924 7.82352 7.34806	
0.56	14.7312 7.64455 7.17096	
0.57	14.7625 7.57206 7.15585	
0.58	14.8245 7.48666 7.05673	
0.59	14.8953 7.23734 6.80667	
0.6	14.862 7.00885 6.59048	
0.61	14.7721 6.87599 6.48399	
0.62	14.7043 6.71873 6.36923	
0.63	14.5895 6.5924 6.28235	
0.64	14.5178 6.43648 6.17354	
0.65	14.3053 6.22523 6.12429	
0.66	13.8552 6.00218 6.06111	
0.67	13.4074 5.75679 5.95986	
0.68	13.1032 5.57092 5.87472	
0.69	12.8076 5.47069 5.86174	
0.7	12.5639 5.35025 5.87092	
0.71	12.3843 5.2202 5.90676	
0.72	12.3452 5.20705 5.89143	
0.73	12.328 5.21615 5.8812	
0.74	12.3241 5.20215 5.85759	
0.75	12.3242 5.18477 5.83419	
0.76	12.3345 5.17306 5.79519	
0.77	12.3723 5.22586 5.78537	
0.78	12.3807 5.28451 5.80842	
0.79	12.2688 5.26338 5.85389	
0.8	12.1594 5.22734 5.96552	
0.81	11.9972 5.21951 6.04206	
0.82	11.8043 5.2612 6.08988	
0.83	11.7189 5.3073 6.13161	
0.84	11.7701 5.33541 6.16572	
0.85	11.8212 5.31852 6.17822	
0.86	11.8516 5.30882 6.18101	
0.87	11.8816 5.30131 6.1953	
0.88	11.9649 5.30708 6.21441	
0.89	12.2475 5.33947 6.24483	
0.9	12.4271 5.32923 6.27325	
0.91	12.4955 5.3187 6.28849	
0.92	12.5148 5.3418 6.28381	
0.93	12.5569 5.36675 6.30539	
0.94	12.6085 5.35109 6.29754	
0.95	12.6535 5.29285 6.2411	
0.96	12.6437 5.24738 6.19101	
0.97	12.573 5.20829 6.12827	
0.98	12.5718 5.19996 6.10459	
0.99	12.5783 5.18919 6.08806	
1	12.5803 5.18495 6.07314	
1.01	12.576 5.19946 6.0407	
1.02	12.5792 5.22967 6.00073	
1.03	12.5852 5.23037 5.95124	
1.04	12.5921 5.21872 5.89499	
1.05	12.6045 5.19731 5.86142	
1.06	12.6084 5.15232 5.79249	
1.07	12.6162 5.08093 5.63913	
1.08	12.6142 5.01589 5.44293	
1.09	12.6261 5.00068 5.24627	
1.1	12.6276 4.98419 5.10682	
1.11	12.6372 4.96604 4.98325	
1.12	12.6405 4.93774 4.88639	
1.13	12.6412 4.90485 4.76766	
1.14	12.6054 4.86952 4.58744	
1.15	12.5901 4.85187 4.48013	
1.16	12.5774 4.86144 4.43177	
1.17	12.5573 4.88347 4.38876	
1.18	12.545 4.89154 4.35795	
1.19	12.5431 4.90902 4.33752	
1.2	12.5406 4.90944 4.33102	
1.21	12.5437 4.90762 4.32565	
1.22	12.5583 4.91385 4.31502	
1.23	12.5655 4.9358 4.29361	
1.24	12.5436 4.95458 4.25381	
1.25	12.5341 5.03288 4.21383	
1.26	12.5377 5.14617 4.1877	
1.27	12.5707 5.30398 4.18169	
1.28	12.6477 5.4514 4.15551	
1.29	12.7476 5.55657 4.11929	
1.3	12.7884 5.61366 4.08056	
1.31	12.7509 5.64506 4.03136	
1.32	12.7373 5.68824 4.00618	
1.33	12.7347 5.76526 3.96902	
1.34	12.7296 5.85501 3.9425	
1.35	12.7247 5.94034 3.90668	
1.36	12.7412 6.02694 3.87498	
1.37	12.7406 6.08283 3.85271	
1.38	12.7389 6.14672 3.82866	
1.39	12.7347 6.22698 3.80497	
1.4	12.7334 6.3099 3.77761	
1.41	12.7288 6.39982 3.74621	
1.42	12.733 6.48828 3.73681	
1.43	12.7494 6.58969 3.75897	
1.44	12.774 6.6735 3.77124	
1.45	12.8051 6.74671 3.76625	
1.46	12.8375 6.79929 3.75541	
1.47	12.8545 6.84517 3.74117	
1.48	12.8474 6.88909 3.72345	
1.49	12.8422 6.95417 3.71675	
1.5	12.8312 7.03724 3.71571	
1.51	12.8559 7.1524 3.74142	
1.52	12.9311 7.26643 3.78973	
1.53	13.138 7.38793 3.85266	
1.54	13.3579 7.47215 3.84319	
1.55	13.5632 7.5389 3.81699	
1.56	13.7072 7.61466 3.77986	
1.57	13.7567 7.69515 3.76302	
1.58	13.7653 7.75917 3.77082	
1.59	13.7596 7.78938 3.76598	
1.6	13.7436 7.79859 3.75705	
1.61	13.7324 7.81334 3.75938	
1.62	13.7044 7.83905 3.74786	
1.63	13.69 7.90272 3.71751	
1.64	13.6856 7.94927 3.69845	
1.65	13.6736 7.99139 3.67307	
1.66	13.6399 8.03411 3.63098	
1.67	13.6195 8.07676 3.60339	
1.68	13.6116 8.11871 3.58342	
1.69	13.6255 8.16368 3.5621	
1.7	13.648 8.21437 3.54201	
1.71	13.6871 8.26468 3.51647	
1.72	13.6894 8.29801 3.4796	
1.73	13.6918 8.31464 3.43746	
1.74	13.6923 8.3419 3.40778	
1.75	13.6887 8.39367 3.3945	
1.76	13.6793 8.47272 3.373	
1.77	13.682 8.574 3.35108	
1.78	13.7008 8.67876 3.33055	
1.79	13.7461 8.76261 3.31488	
1.8	13.7788 8.81957 3.29969	
1.81	13.7839 8.86639 3.28997	
1.82	13.7837 8.89511 3.28238	
1.83	13.7814 8.93528 3.27407	
1.84	13.7781 8.96977 3.26383	
1.85	13.7758 8.9961 3.25774	
1.86	13.7725 9.03159 3.25136	
1.87	13.7733 9.07012 3.24564	
1.88	13.783 9.13762 3.23579	
1.89	13.8105 9.21619 3.22176	
1.9	13.8608 9.28338 3.21319	
1.91	13.9429 9.31934 3.20463	
1.92	13.9822 9.31935 3.20011	
1.93	13.9966 9.31193 3.19787	
1.94	14.0034 9.31939 3.19603	
1.95	14.0088 9.32836 3.1947	
1.96	14.0192 9.33057 3.19124	
1.97	14.042 9.33453 3.19122	
1.98	14.0765 9.33991 3.18202	
1.99	14.1172 9.33631 3.17112	
2	14.1815 9.34579 3.16277	
2.01	14.2599 9.35132 3.16489	
2.02	14.3393 9.3549 3.16745	
2.03	14.4198 9.37335 3.16526	
2.04	14.5296 9.39672 3.16938	
2.05	14.6292 9.42393 3.16965	
2.06	14.712 9.44622 3.17029	
2.07	14.7656 9.46111 3.17009	
2.08	14.7971 9.46849 3.17026	
2.09	14.7944 9.49044 3.16694	
2.1	14.7929 9.5035 3.15931	
2.11	14.7885 9.52748 3.15002	
2.12	14.7867 9.53775 3.13202	
2.13	14.78 9.54363 3.1092	
2.14	14.7722 9.54038 3.07988	
2.15	14.7452 9.54326 3.04853	
2.16	14.6866 9.51875 2.99167	
2.17	14.66 9.4928 2.93916	
2.18	14.6487 9.46002 2.87003	
2.19	14.6227 9.4287 2.80388	
2.2	14.603 9.4221 2.77662	
2.21	14.5845 9.4091 2.75025	
2.22	14.5702 9.40398 2.71763	
2.23	14.5523 9.3883 2.67138	
2.24	14.5356 9.38111 2.61608	
2.25	14.5078 9.38444 2.53706	
2.26	14.4799 9.40085 2.4634	
2.27	14.4579 9.41502 2.39444	
2.28	14.4394 9.43019 2.33891	
2.29	14.3916 9.45166 2.38136	
2.3	14.3643 9.48206 2.3891	
2.31	14.3242 9.52258 2.33247	
2.32	14.2785 9.55275 2.31634	
2.33	14.261 9.57781 2.32814	
2.34	14.2191 9.59946 2.27539	
2.35	14.1615 9.61654 2.18981	
2.36	14.0647 9.61721 2.11176	
2.37	14.0766 9.60886 1.98535	
2.38	13.9908 9.57442 1.38231	
2.39	13.6478 9.12548 1.06246	
2.4	13.0006 8.8585 0.613182	
2.41	12.7935 8.94357 0.209192	
2.42	12.4906 8.89261 0.0503885	
2.43	12.1925 8.72884 -0.036701	
2.44	11.8466 8.85613 -0.0824361	
2.45	11.5167 8.80952 -0.0416452	
2.46	11.277 8.80641 -0.0757164	
2.47	10.6562 8.84069 0.204895	
2.48	10.4758 8.90144 0.314522	
2.49	10.3879 8.88982 0.414748	
2.5	10.2185 8.94672 0.547231	
2.51	10.1441 9.03244 0.653246	
2.52	10.1484 9.09293 0.976764	
2.53	9.82321 9.29345 1.51183	
2.54	9.55971 9.34155 2.08744	
2.55	9.45089 9.6765 2.28231	
2.56	9.26144 9.81991 2.45298	
2.57	9.28881 9.81544 2.67036	
2.58	9.23405 9.92791 2.85802	
2.59	9.17292 10.2334 2.94605	
2.6	9.14855 10.2718 2.74125	
2.61	9.09366 10.2501 2.5969	
2.62	9.13903 10.1667 2.23368	
2.63	9.21288 10.1387 1.89213	
2.64	9.30856 10.1392 1.59124	
2.65	9.35992 10.199 1.44736	
2.66	9.35833 10.2895 1.33994	
2.67	9.37617 10.4379 1.22452	
2.68	9.40752 10.5262 1.14794	
2.69	9.44096 10.6287 1.05296	
2.7	9.38345 10.8194 1.06696	
2.71	9.42076 10.8433 0.952598	
2.72	9.33907 10.9424 0.9625	
2.73	9.2471 10.9878 0.890357	
2.74	8.90638 10.9183 1.00583	
2.75	8.84449 11.0659 1.06345	
2.76	8.41917 10.9869 1.1328	
2.77	8.15374 10.7925 1.27893	
2.78	7.85719 10.7121 1.40163	
2.79	7.74713 10.5531 1.5348	
2.8	7.58683 10.5265 1.64968	
2.81	7.48486 10.4768 1.79871	
2.82	7.40665 10.4722 2.02394	
2.83	7.43874 10.4528 2.68074	
2.84	7.47859 10.3454 2.92683	
2.85	7.54495 10.3205 3.13721	
2.86	7.57339 10.2506 3.29224	
2.87	7.58259 10.1152 3.37553	
2.88	7.60988 10.0842 3.49636	
2.89	7.69157 10.076 3.73269	
2.9	7.79899 9.94424 3.97699	
2.91	7.88224 9.84274 4.13549	
2.92	8.01192 9.79313 4.32787	
2.93	8.0762 9.74124 4.41917	
2.94	8.08309 9.74352 4.48229	
2.95	8.12556 9.73775 4.53301	
2.96	8.15576 9.73561 4.55662	
2.97	8.12337 9.68792 4.49306	
2.98	8.03296 9.70611 4.21926	
2.99	8.12139 9.8811 3.88949	
3	8.36842 10.2117 3.43639	
3.01	8.68801 10.4869 2.94598	
3.02	8.75465 10.6901 2.51262	
3.03	8.86592 10.668 1.92553	
3.04	9.09622 10.6579 1.38481	
3.05	9.30257 10.6874 0.974425	
3.06	9.58634 10.8848 0.661748	
3.07	9.6923 11.054 0.526323	
3.08	9.89641 11.344 0.348435	
3.09	9.96366 11.4559 0.28347	
3.1	10.0054 11.5708 0.256707	
3.11	10.3882 11.7202 0.172534	
3.12	10.5085 12.4256 -0.0229752	
3.13	10.2172 12.2729 0.0907932	
3.14	9.02808 12.1357 0.515129	
3.15	8.37051 11.9636 0.957625	
3.16	8.43999 11.8795 0.87065	
3.17	8.53384 11.8626 0.778082	
3.18	8.61603 11.8964 0.743446	
3.19	8.63094 11.8879 0.703613	
3.2	8.64183 11.9077 0.693587	
3.21	8.63167 11.9236 0.671936	
3.22	8.41029 11.9663 0.892326	
3.23	8.06447 11.8926 1.32321	
3.24	7.8576 11.8621 1.69928	
3.25	7.76322 11.759 2.06844	
3.26	7.74087 11.7683 2.68294	
3.27	7.72069 11.7235 3.01735	
3.28	7.80903 11.682 3.33295	
3.29	7.87736 11.5778 3.5623	
3.3	7.93031 11.5147 3.68757	
3.31	8.01383 11.4667 3.85453	
3.32	8.1448 11.319 4.09298	
3.33	8.22076 11.122 4.18444	
3.34	8.26169 10.9718 4.21155	
3.35	8.35335 10.7678 4.12337	
3.36	8.39588 10.5772 3.94222	
3.37	8.30062 10.5131 3.62327	
3.38	8.23705 10.4469 3.33932	
3.39	8.22073 10.3519 3.06148	
3.4	8.22901 10.2944 2.9061	
3.41	8.25384 10.3015 2.642	
3.42	8.30995 10.4517 2.31748	
3.43	8.44345 10.6718 1.94278	
3.44	8.6403 10.8836 1.55659	
3.45	8.89617 11.0431 1.19194	
3.46	9.52034 11.2381 0.706146	
3.47	10.097 10.887 0.541655	
3.48	10.7141 10.759 0.803644	
3.49	10.6831 11.1109 1.14835	
3.5	10.7665 11.123 1.66241	
3.51	10.7589 11.2173 3.01437	
3.52	11.0223 11.5585 2.68284	
3.53	10.884 11.3638 3.00755	
3.54	10.8559 11.2184 3.36396	
3.55	10.838 11.2266 3.43035	
3.56	10.8404 11.1764 3.45388	
3.57	10.8417 11.0616 3.46729	
3.58	10.8507 10.9486 3.47716	
3.59	10.8539 10.8749 3.48697	
3.6	10.8687 10.6722 3.60673	
3.61	10.8908 10.4027 3.99821	
3.62	10.8422 10.3414 4.23903	
3.63	10.6299 10.3604 4.25521	
3.64	10.6428 10.3769 4.23877	
3.65	10.6716 10.3795 4.226	
3.66	10.683 10.3144 4.17443	
3.67	10.6623 10.1541 4.14626	
3.68	10.6044 9.95482 4.12637	
3.69	10.481 9.78476 4.02846	
3.7	10.3604 9.6344 3.83613	
3.71	10.3715 9.54541 3.68872	
3.72	10.4343 9.52866 3.66225	
3.73	10.487 9.54336 3.66782	
3.74	10.5284 9.53792 3.64429	
3.75	10.4708 9.54412 3.62356	
3.76	10.3538 9.56188 3.61348	
3.77	10.2409 9.57286 3.59894	
3.78	10.1096 9.53566 3.5492	
3.79	10.0015 9.50158 3.52875	
3.8	9.93426 9.48314 3.52176	
3.81	9.90477 9.48677 3.51339	
3.82	9.90224 9.49044 3.48686	
3.83	9.90546 9.46478 3.45741	
3.84	9.90224 9.42434 3.39253	
3.85	9.90969 9.35869 3.31054	
3.86	9.9162 9.318 3.20587	
3.87	9.91334 9.26116 2.99793	
3.88	9.87514 9.15716 2.76519	
3.89	9.80947 9.10783 2.67847	
3.9	9.79869 9.13562 2.64564	
3.91	9.80245 9.19138 2.59637	
3.92	9.77031 9.23191 2.48728	
3.93	9.7461 9.27301 2.40677	
3.94	9.72628 9.3268 2.34254	
3.95	9.70763 9.38737 2.30792	
3.96	9.63655 9.45269 2.29478	
3.97	9.504 9.46809 2.28308	
3.98	9.35594 9.4596 2.26168	
3.99	9.24064 9.47722 2.2559	
4	9.1828 9.49691 2.24194	
4.01	9.12421 9.48605 2.23264	
4.02	9.07834 9.46356 2.20758	
4.03	9.01047 9.45999 2.20755	
4.04	9.00222 9.44609 2.16177	
4.05	9.01055 9.42915 2.16519	
4.06	9.06348 9.40463 2.17362	
4.07	9.0917 9.39705 2.16951	
4.08	9.11375 9.40655 2.17282	
4.09	9.19336 9.43485 2.19004	
4.1	9.27792 9.44824 2.19303	
4.11	9.30355 9.43623 2.18975	
4.12	9.16557 9.43672 2.1501	
4.13	9.06112 9.45847 2.1625	
4.14	9.06454 9.45211 2.15891	
4.15	9.08207 9.44405 2.16369	
4.16	9.06232 9.48051 2.16029	
4.17	9.03974 9.51094 2.15478	
4.18	9.04252 9.52479 2.156	
4.19	9.09398 9.50255 2.16506	
4.2	9.18072 9.46205 2.15222	
4.21	9.20507 9.44799 2.15419	
4.22	9.19251 9.44204 2.15175	
4.23	9.20587 9.4186 2.15477	
4.24	9.24701 9.41154 2.16105	
4.25	9.26988 9.41343 2.16179	
4.26	9.28198 9.44338 2.15754	
4.27	9.24244 9.48206 2.14194	
4.28	9.17329 9.51615 2.11384	
4.29	9.07912 9.52398 2.0461	
4.3	8.91043 9.51167 2.05963	
4.31	8.78087 9.4618 1.94037	
4.32	8.59368 9.40568 1.82514	
4.33	8.50221 9.38655 1.71052	
4.34	8.15141 9.46095 1.26632	
4.35	7.76088 8.94716 0.886528	
4.36	7.38484 8.74376 0.654324	
4.37	6.70023 8.54013 0.68416	
4.38	5.64561 8.76585 1.2203	
4.39	5.15884 8.6598 1.89829	
4.4	5.01955 8.66769 2.27728	
4.41	5.34012 8.73835 2.5911	
4.42	5.50309 8.86037 2.69522	
4.43	6.1862 8.91534 2.78753	
4.44	6.53163 9.15961 2.79792	
4.45	7.18655 9.44565 2.73371	
4.46	8.16848 9.9914 2.84342	
4.47	8.60565 10.4636 2.53215	
4.48	8.90929 10.7935 2.02752	
4.49	9.21837 10.9743 1.92023	
4.5	9.65168 11.1134 1.61446	
4.51	10.1613 11.4056 1.3805	
4.52	10.7179 11.6858 1.24842	
4.53	10.8632 11.8585 1.19252	
4.54	10.7663 11.8825 1.17648	
4.55	10.6936 11.8129 1.09841	
4.56	10.6951 11.749 1.0558	
4.57	10.6718 11.6814 0.951562	
4.58	10.6112 11.621 0.878488	
4.59	10.5631 11.5852 0.84255	
4.6	10.5416 11.5954 0.810431	
4.61	10.48 11.5892 0.712669	
4.62	10.3813 11.5836 0.623778	
4.63	10.3058 11.6123 0.51705	
4.64	10.1648 11.5519 0.401825	
4.65	10.0836 11.4773 0.273865	
4.66	9.75646 11.4632 0.188775	
4.67	8.19234 11.439 0.402751	
4.68	7.45917 11.3245 0.855141	
4.69	7.14448 11.3353 1.19885	
4.7	7.01679 11.3078 1.41228	
4.71	6.97221 11.3205 1.63452	
4.72	6.95049 11.2828 1.72239	
4.73	6.9978 11.1924 1.76981	
4.74	6.94712 11.1712 1.93374	
4.75	6.88315 11.0411 2.19287	
4.76	6.79073 10.9062 2.80107	
4.77	6.7963 10.7139 3.11953	
4.78	6.89858 10.5967 3.38324	
4.79	6.96578 10.4846 3.61613	
4.8	7.00647 10.3702 3.7706	
4.81	7.03389 10.2906 3.85321	
4.82	7.06794 10.1969 3.91852	
4.83	7.12817 10.1005 3.99905	
4.84	7.37633 10.02 4.07073	
4.85	7.9254 10.1053 4.20897	
4.86	8.12528 10.3182 4.20036	
4.87	8.10841 10.3876 4.17109	
4.88	8.07769 10.4052 4.16515	
4.89	8.03148 10.4004 4.17261	
4.9	8.03823 10.3766 4.18359	
4.91	8.04908 10.3526 4.19958	
4.92	8.06162 10.3033 4.22027	
4.93	8.05961 10.2229 4.1834	
4.94	7.95121 10.0639 3.73913	
4.95	8.00404 9.89081 2.98227	
4.96	8.25968 10.0191 2.05814	
4.97	8.68636 10.1425 1.5597	
4.98	9.26066 10.3556 0.93664	
4.99	9.70216 10.4751 0.656481	
5	10.372 10.82 0.392246	
5.01	10.601 11.1764 0.347772	
5.02	10.6971 11.9985 0.408463	
5.03	10.7186 11.9384 0.40159	
5.04	10.7532 11.9452 0.39698	
5.05	10.8019 12.1712 0.42458	
5.06	10.9709 12.626 0.517136	
5.07	11.0346 12.6773 0.534896	
5.08	11.149 12.5598 0.526305	
5.09	11.2391 12.3549 0.510084	
5.1	11.273 12.2591 0.478433	
5.11	11.378 12.3016 0.501162	
5.12	11.3593 12.364 0.509202	
5.13	11.316 12.3031 0.488726	
5.14	10.7753 11.9785 0.260792	
5.15	10.4734 11.7213 0.183399	
5.16	10.1227 11.5422 0.183765	
5.17	9.98195 11.3347 0.00303844	
5.18	8.82109 11.0037 0.283523	
5.19	8.49428 10.9428 0.39443	
5.2	8.05909 10.8542 0.762129	
5.21	7.7513 10.7326 0.986556	
5.22	7.59226 10.7315 1.24355	
5.23	7.44787 10.7126 1.48371	
5.24	7.32647 10.6841 1.75899	
5.25	7.21479 10.6336 2.14262	
5.26	7.14432 10.6142 2.80183	
5.27	7.15157 10.5157 3.15142	
5.28	7.33057 10.4308 3.4131	
5.29	7.3676 10.2571 3.55182	
5.3	7.41138 10.1139 3.71666	
5.31	7.4785 9.98772 3.91829	
5.32	7.56106 9.9763 4.1095	
5.33	7.60134 9.99877 4.1841	
5.34	7.62547 9.99813 4.22896	
5.35	7.68631 10.0324 4.33702	
5.36	7.76965 10.0622 4.47329	
5.37	7.85969 10.074 4.66407	
5.38	7.9859 10.1295 4.89901	
5.39	8.23347 10.2063 5.11776	
5.4	8.38801 10.2812 5.23764	
5.41	8.46119 10.313 5.31076	
5.42	8.48898 10.3069 5.38491	
5.43	8.50198 10.2726 5.46852	
5.44	8.45648 10.1401 5.5875	
5.45	8.43501 9.94885 5.74759	
5.46	8.27539 9.60666 6.08435	
5.47	8.02155 9.1692 6.64885	
5.48	7.76009 8.72948 7.22851	
5.49	7.6134 8.38365 7.45282	
5.5	7.5774 8.22081 7.41619	
5.51	7.66956 8.20272 7.42525	
5.52	7.87209 8.25466 7.64012	
5.53	8.01854 8.21946 7.95375	
5.54	8.07721 8.07869 8.32794	
5.55	8.09873 7.90049 8.57719	
5.56	8.0917 7.73011 8.7675	
5.57	8.14372 7.65291 8.76148	
5.58	8.31629 7.6998 8.63096	
5.59	8.49072 7.79625 8.55188	
5.6	8.60393 7.91038 8.62402	
5.61	8.73507 7.94393 8.90588	
5.62	8.89546 7.90209 9.33993	
5.63	8.98821 7.85938 9.61965	
5.64	9.10073 7.78786 9.88324	
5.65	9.18572 7.6886 10.0721	
5.66	9.15188 7.63081 10.1554	
5.67	8.91973 7.59276 9.75852	
5.68	8.8389 7.57737 9.06781	
5.69	8.89941 7.62786 8.66883	
5.7	9.02509 7.68631 8.37296	
5.71	9.08946 7.74335 8.15045	
5.72	9.15229 7.80988 7.96629	
5.73	9.1959 7.86337 7.85016	
5.74	9.20289 7.89347 7.81627	
5.75	9.19048 7.88796 7.84668	
5.76	9.14698 7.8482 7.94803	
5.77	9.12948 7.82364 7.99677	
5.78	9.12434 7.80173 8.0143	
5.79	9.12382 7.80336 8.0138	
5.8	9.18552 7.88352 7.85625	
5.81	9.33637 8.04998 7.60143	
5.82	9.56979 8.24178 7.33317	
5.83	9.76623 8.34057 7.22165	
5.84	9.92701 8.45518 7.13573	
5.85	10.0923 8.61708 7.05515	
5.86	10.2306 8.75351 7.02659	
5.87	10.3435 8.86219 7.00298	
5.88	10.4013 8.92586 7.00132	
5.89	10.4617 8.96339 7.00315	
5.9	10.5032 8.98435 7.00953	
5.91	10.5675 9.01122 7.01797	
5.92	10.6135 9.01751 7.02445	
5.93	10.6441 9.02349 7.0227	
5.94	10.655 9.02126 7.01573	
5.95	10.6653 9.01791 7.00838	
5.96	10.6889 9.02148 7.0026	
5.97	10.7245 9.00442 6.97286	
5.98	10.7633 8.94865 6.91799	
5.99	10.7962 8.8462 6.86273	
6	10.7902 8.68998 6.80999	
6.01	10.7664 8.54527 6.74214	
6.02	10.7353 8.4227 6.65132	
6.03	10.612 8.2699 6.51256	
6.04	10.4371 8.10663 6.431	
6.05	10.268 7.96119 6.42526	
6.06	10.1164 7.848 6.42258	
6.07	9.95579 7.72679 6.38684	
6.08	9.79763 7.60604 6.29491	
6.09	9.65305 7.50294 6.18263	
6.1	9.56859 7.41807 6.09077	
6.11	9.51459 7.34162 6.00773	
6.12	9.50081 7.28077 5.94254	
6.13	9.49508 7.22255 5.87812	
6.14	9.47625 7.16289 5.81272	
6.15	9.43836 7.11255 5.74592	
6.16	9.36757 7.06978 5.68317	
6.17	9.29462 7.04565 5.59702	
6.18	9.20019 7.00752 5.49538	
6.19	9.0908 6.94496 5.38631	
6.2	8.9498 6.87439 5.26749	
6.21	8.82244 6.81984 5.14142	
6.22	8.76081 6.81783 5.00037	
6.23	8.75419 6.83364 4.86333	
6.24	8.76099 6.85861 4.75736	
6.25	8.69884 6.8339 4.7071	
6.26	8.59393 6.83802 4.70656	
6.27	8.50264 6.86706 4.72394	
6.28	8.44953 6.90578 4.74337	
6.29	8.45633 6.96124 4.76627	
6.3	8.52391 6.99806 4.7912	
6.31	8.61915 7.00025 4.80523	
6.32	8.70519 6.98689 4.81178	
6.33	8.75573 6.95586 4.77381	
6.34	8.78618 6.93302 4.68971	
6.35	8.84059 6.91999 4.66457	
6.36	8.87861 6.88084 4.63468	
6.37	8.87476 6.84801 4.59241	
6.38	8.79775 6.81062 4.51355	
6.39	8.77476 6.82882 4.39029	
6.4	8.81025 6.87597 4.23506	
6.41	8.85706 6.87971 4.10658	
6.42	8.87707 6.8392 4.04505	
6.43	8.87704 6.8098 4.01028	
6.44	8.88491 6.81086 4.00393	
6.45	8.90221 6.81998 3.98692	
6.46	8.9186 6.82908 3.96591	
6.47	8.93328 6.83221 3.94261	
6.48	8.94896 6.82512 3.91687	
6.49	8.95075 6.8261 3.86203	
6.5	8.94139 6.84274 3.76975	
6.51	8.96108 6.8895 3.67269	
6.52	8.97895 6.92376 3.59054	
6.53	8.98967 6.9364 3.56467	
6.54	9.00074 6.94517 3.55438	
6.55	9.00972 6.94351 3.5362	
6.56	9.0151 6.91135 3.44322	
6.57	9.02625 6.89502 3.30726	
6.58	9.03517 6.88264 3.18522	
6.59	9.03644 6.89176 3.08888	
6.6	9.0361 6.90693 3.02959	
6.61	9.04224 6.93371 2.98971	
6.62	9.04592 6.94886 2.96867	
6.63	9.0647 6.97118 2.95224	
6.64	9.10488 6.97623 2.91494	
6.65	9.14791 6.95971 2.90371	
6.66	9.16008 6.96325 2.8763	
6.67	9.1728 7.01427 2.82987	
6.68	9.19453 7.06839 2.74807	
6.69	9.20591 7.11647 2.61502	
6.7	9.16615 7.11504 2.43477	
6.71	9.12466 7.16075 2.29912	
6.72	9.11806 7.22609 2.28129	
6.73	9.11799 7.2445 2.29495	
6.74	9.09626 7.24038 2.2993	
6.75	9.07777 7.26405 2.27901	
6.76	9.07564 7.34872 2.26333	
6.77	9.07045 7.37587 2.23284	
6.78	9.02872 7.40311 2.23718	
6.79	9.00305 7.51783 2.21227	
6.8	9.02883 7.63426 2.22477	
6.81	9.04529 7.65661 2.19908	
6.82	9.07959 7.81712 2.17091	
6.83	9.17195 8.12127 2.12546	
6.84	9.22189 8.28785 2.11366	
6.85	9.24574 8.35126 1.90892	
6.86	9.08165 8.3007 1.73129	
6.87	8.86982 8.25374 1.33256	
6.88	8.63115 8.32967 1.00068	
6.89	8.57487 8.23044 0.682216	
6.9	8.75224 8.26236 0.704066	
6.91	8.7662 8.32621 0.700953	
6.92	8.98771 8.41428 0.690645	
6.93	9.15799 8.24918 0.689194	
6.94	9.45586 8.28679 0.73368	
6.95	9.57568 8.35923 0.936526	
6.96	9.8965 8.83804 0.903602	
6.97	9.84776 9.03953 0.76909	
6.98	9.76079 9.28897 0.640255	
6.99	9.65058 9.38532 0.557238	
7	9.63289 9.65492 0.52708	
7.01	9.62201 9.83124 0.493607	
7.02	9.63705 9.95024 0.476608	
7.03	9.68363 10.1207 0.462057	
7.04	9.66263 10.2019 0.416422	
7.05	9.62096 10.2563 0.327537	
7.06	9.55767 10.2648 0.256309	
7.07	9.59319 10.403 0.215506	
7.08	9.5842 10.4528 0.171734	
7.09	9.63068 10.599 0.118116	
7.1	9.60121 10.6294 0.0112836	
7.11	9.64111 10.6211 -0.0210502	
7.12	9.50641 10.5231 -0.379465	
7.13	9.46109 10.3878 -0.494578	
7.14	9.48595 10.5167 -0.543502	
7.15	9.48895 10.6822 -0.530041	
7.16	9.33894 10.9099 -0.606689	
7.17	9.10412 10.8582 -0.694786	
7.18	8.76471 10.763 -0.810263	
7.19	8.33905 10.6941 -0.872369	
7.2	7.90053 10.5652 -0.888617	
7.21	7.46476 10.4204 -0.798061	
7.22	7.25494 10.3056 -0.678425	
7.23	7.14616 10.1686 -0.614953	
7.24	7.19141 10.0299 -0.501951	
7.25	7.63285 9.8839 -0.468687	
7.26	7.73958 9.61954 -0.477984	
7.27	7.91427 9.3665 -0.335757	
7.28	7.57024 9.15575 0.0152543	
7.29	7.40859 8.73687 0.487342	
7.3	7.18531 8.38038 1.03719	
7.31	7.06769 7.70363 1.75233	
7.32	7.05312 7.44178 2.08481	
7.33	7.13143 7.277 2.67324	
7.34	7.10074 6.89949 2.82347	
7.35	7.22076 6.59746 3.16088	
7.36	7.29659 6.42284 3.40436	
7.37	7.33899 6.31506 3.77031	
7.38	7.35844 6.25152 4.10853	
7.39	7.42779 6.18473 4.35914	
7.4	7.44326 6.08054 4.96705	
7.41	7.49923 5.96359 5.55873	
7.42	7.62236 5.81113 6.0301	
7.43	7.90171 5.71511 6.3421	
7.44	8.31635 5.6921 6.5677	
7.45	8.65495 5.64611 6.7127	
7.46	9.39556 5.5569 6.97753	
7.47	10.3076 5.42541 7.33771	
7.48	11.2437 5.22271 7.5136	
7.49	12.0933 5.0158 7.52991	
7.5	12.7775 4.9071 7.31361	
7.51	13.2926 4.72697 7.18537	
7.52	13.6252 4.60217 6.90682	
7.53	14.0509 4.45113 6.32889	
7.54	14.5247 4.20322 5.69668	
7.55	14.9605 3.94116 5.34516	
7.56	15.2817 3.85962 5.08134	
7.57	15.6319 3.89932 4.96171	
7.58	15.9387 3.87772 4.89573	
7.59	16.1639 3.89827 4.84125	
7.6	16.3232 3.91544 4.78489	
7.61	16.4121 3.89876 4.7119	
7.62	16.5128 3.8714 4.57816	
7.63	16.5035 3.82265 4.40874	
7.64	16.3925 3.7794 4.26407	
7.65	16.2028 3.72588 4.17572	
7.66	15.8609 3.57864 4.08252	
7.67	15.5512 3.45162 3.97407	
7.68	15.3502 3.41512 3.93663	
7.69	15.2438 3.37906 3.88454	
7.7	15.2159 3.36472 3.74528	
7.71	15.1681 3.32566 3.60446	
7.72	15.126 3.30752 3.44324	
7.73	15.1265 3.31321 3.34152	
7.74	15.1383 3.33063 3.31543	
7.75	15.1353 3.36265 3.29399	
7.76	15.1495 3.43286 3.23844	
7.77	15.1493 3.46819 3.19931	
7.78	15.1489 3.47681 3.17425	
7.79	15.1598 3.47682 3.16848	
7.8	15.1577 3.47308 3.16135	
7.81	15.1562 3.47543 3.16098	
7.82	15.1568 3.47374 3.15538	
7.83	15.16 3.47154 3.15057	
7.84	15.1734 3.47633 3.14938	
7.85	15.1723 3.47956 3.14462	
7.86	15.165 3.48962 3.13154	
7.87	15.188 3.49164 3.1296	
7.88	15.2111 3.49959 3.11973	
7.89	15.2022 3.52921 3.07192	
7.9	15.18 3.64763 2.97641	
7.91	15.1723 3.78864 2.89207	
7.92	15.1738 3.96994 2.79241	
7.93	15.1057 4.07734 2.72665	
7.94	14.9844 4.13374 2.6677	
7.95	14.8946 4.26515 2.57459	
7.96	14.8953 4.48717 2.45288	
7.97	14.8622 4.66931 2.30918	
7.98	14.8018 4.72227 2.22733	
7.99	14.7918 4.68683 2.34551	
8	14.8032 4.65292 2.32149	
8.01	14.6921 4.60892 2.39075	
8.02	14.6499 4.5696 2.37966	
8.03	14.5431 4.47694 2.44082	
8.04	14.4291 4.39883 2.41014	
8.05	14.2594 4.36609 2.39672	
8.06	14.1806 4.35722 2.36758	
8.07	13.9151 4.25229 2.26138	
8.08	13.6539 4.11075 2.03076	
8.09	13.2877 3.94659 1.89787	
8.1	12.8745 3.68227 1.74241	
8.11	12.5645 3.56102 1.67118	
8.12	12.3072 3.45016 1.64327	
8.13	11.9492 3.3313 1.71519	
8.14	11.6191 3.25159 1.81518	
8.15	11.3289 3.18814 1.9961	
8.16	10.9697 3.14473 2.19996	
8.17	10.6971 3.1124 2.45762	
8.18	10.4712 3.05295 2.74106	
8.19	10.27 3.01685 3.00146	
8.2	10.1277 2.95254 3.1996	
8.21	10.0904 2.85641 3.37122	
8.22	10.0759 2.80824 3.43394	
8.23	10.0663 2.83684 3.07077	
8.24	10.515 3.01398 2.27166	
8.25	10.9637 3.08791 1.85332	
8.26	11.1867 3.13546 1.65988	
8.27	11.2462 3.17201 1.56203	
8.28	11.1436 3.2054 1.46621	
8.29	11.037 3.18047 1.38419	
8.3	10.9201 3.12827 1.34938	
8.31	10.7868 3.03223 1.34691	
8.32	10.5687 2.96013 1.37398	
8.33	10.2648 2.80148 1.45148	
8.34	10.1939 2.66941 1.48091	
8.35	10.0739 2.52985 1.56358	
8.36	9.87247 2.70412 1.34028	
8.37	9.4779 2.90616 1.22101	
8.38	9.55754 2.69519 1.18213	
8.39	9.43406 2.75745 1.08892	
8.4	9.28214 2.78081 1.12647	
8.41	9.07222 2.69186 1.14023	
8.42	8.81959 2.77517 1.39205	
8.43	8.64147 2.6941 1.6556	
8.44	8.41392 2.7663 2.0699	
8.45	8.2211 2.82623 2.76092	
8.46	8.19103 2.87332 3.06152	
8.47	8.31343 2.83947 3.3482	
8.48	8.32561 2.74789 3.8414	
8.49	8.42309 2.6261 4.36839	
8.5	8.53 2.43931 4.91595	
8.51	8.46712 2.06561 5.49121	
8.52	8.45847 1.67242 5.96621	
8.53	8.49385 1.1404 6.44302	
8.54	8.31575 0.392188 7.2547	
8.55	8.24347 -0.477662 8.32048	
8.56	8.40991 -1.19491 9.18879	
8.57	8.77481 -1.71173 9.74394	
8.58	9.38031 -1.96726 10.66	
8.59	10.0673 -2.09305 12.0408	
8.6	10.6421 -2.16766 13.2327	
8.61	10.8658 -2.12923 13.8807	
8.62	10.9139 -2.03496 14.5424	
8.63	11.2848 -1.50593 15.4725	
8.64	11.7858 -0.804778 16.2811	
8.65	11.6561 -0.198296 16.3172	
8.66	11.5257 0.814218 15.4762	
8.67	11.542 2.077 14.2719	
8.68	11.4707 3.16161 13.7583	
8.69	11.3345 4.23458 13.1219	
8.7	11.2301 5.43622 12.4213	
8.71	11.2382 6.71813 11.8324	
8.72	11.2919 8.00282 11.3132	
8.73	11.3484 9.20288 10.7227	
8.74	11.2515 10.1394 10.0733	
8.75	10.9913 10.7905 9.54419	
8.76	10.8473 11.3027 9.28286	
8.77	10.7013 11.7302 8.81041	
8.78	10.5306 12.0631 8.4207	
8.79	10.3702 12.446 8.03252	
8.8	10.2154 12.7226 7.53309	
8.81	9.92852 12.9427 7.1705	
8.82	9.52182 13.14 6.8205	
8.83	9.25026 13.3981 6.71754	
8.84	9.22251 13.6937 6.58075	
8.85	9.16867 13.9441 6.46349	
8.86	9.06031 14.1794 6.34599	
8.87	8.99888 14.5766 6.11033	
8.88	8.92022 15.985 5.90194	
8.89	8.61868 15.9287 5.77144	
8.9	8.44405 15.8886 5.67678	
8.91	8.34997 15.8649 5.61896	
8.92	8.22857 15.8305 5.53731	
8.93	8.1304 15.808 5.46039	
8.94	8.08589 15.7859 5.42892	
8.95	7.94008 15.7287 5.3052	
8.96	7.81246 15.6777 5.17863	
8.97	7.59434 15.5648 4.92155	
8.98	7.41915 15.4425 4.65787	
8.99	7.22539 15.254 4.23842	
9	7.11594 15.0738 3.80931	
9.01	7.08326 14.91 3.43223	
9.02	7.08554 14.867 3.30174	
9.03	7.08636 14.8635 3.2799	
9.04	7.08611 14.8605 3.27788	
9.05	7.08619 14.8611 3.27177	
9.06	7.08618 14.8345 3.26034	
9.07	7.08616 14.8334 3.25637	
9.08	7.08572 14.8353 3.25923	
9.09	7.08571 14.8339 3.25524	
9.1	7.0855 14.8345 3.25478	
9.11	7.08509 14.8364 3.2577	
9.12	7.0851 14.8352 3.25382	
9.13	7.08491 14.8355 3.25336	
9.14	7.08473 14.8358 3.25292	
9.15	7.08456 14.8361 3.2525	
9.16	7.08439 14.8364 3.25209	
9.17	7.08422 14.8367 3.2517	
9.18	7.08402 14.8404 3.25268	
9.19	7.08392 14.8372 3.25095	
9.2	7.08377 14.8375 3.2506	
9.21	7.08358 14.8412 3.25163	
9.22	7.0835 14.838 3.24994	
9.23	7.08337 14.8382 3.24962	
9.24	7.08319 14.8416 3.25063	
9.25	7.08312 14.8386 3.24902	
9.26	7.08322 14.8373 3.24534	
9.27	7.08289 14.839 3.24847	
9.28	7.08278 14.8392 3.24821	
9.29	7.08268 14.8391 3.24791	
9.3	7.08258 14.8393 3.24766	
9.31	7.08248 14.8395 3.24743	
9.32	7.08239 14.8399 3.24725	
9.33	7.08246 14.8417 3.24495	
9.34	7.08221 14.8402 3.24683	
9.35	7.08213 14.8403 3.24662	
9.36	7.08205 14.8405 3.24643	
9.37	7.08197 14.8406 3.24624	
9.38	7.08189 14.8405 3.24601	
9.39	7.08182 14.8406 3.24584	
9.4	7.08175 14.841 3.24572	
9.41	7.08169 14.8411 3.24556	
9.42	7.08162 14.8409 3.24535	
9.43	7.08151 14.8448 3.24661	
9.44	7.08129 14.8429 3.24851	
9.45	7.08144 14.8412 3.24492	
9.46	7.08155 14.8433 3.24274	
9.47	7.08133 14.8414 3.24465	
9.48	7.0815 14.8402 3.24117	
9.49	7.08145 14.8403 3.24105	
9.5	7.08118 14.842 3.24434	
9.51	7.08135 14.8402 3.24078	
9.52	7.08109 14.8421 3.24412	
9.53	7.08105 14.8422 3.24402	
9.54	7.08101 14.8423 3.24392	
9.55	7.08097 14.8423 3.24382	
9.56	7.08093 14.8421 3.24368	
9.57	7.08085 14.8457 3.24494	
9.58	7.08107 14.8407 3.2401	
9.59	7.08082 14.8423 3.24342	
9.6	7.08074 14.8458 3.24469	
9.61	7.08076 14.8424 3.24326	
9.62	7.08073 14.8427 3.24324	
9.63	7.08086 14.8445 3.24107	
9.64	7.08067 14.8428 3.24309	
9.65	7.08059 14.8461 3.24433	
9.66	7.08061 14.8427 3.24291	
9.67	7.08081 14.8412 3.23945	
9.68	7.08052 14.8462 3.24415	
9.69	7.08054 14.8428 3.24274	
9.7	7.08073 14.8416 3.23933	
9.71	7.0805 14.8429 3.24263	
9.72	7.08069 14.8414 3.23918	
9.73	7.08045 14.843 3.24253	
9.74	7.08043 14.843 3.24248	
9.75	7.08037 14.8465 3.24379	
9.76	7.0804 14.8433 3.24244	
9.77	7.08038 14.8431 3.24234	
9.78	7.08036 14.8431 3.2423	
9.79	7.0803 14.8466 3.24362	
9.8	7.08028 14.8466 3.24358	
9.81	7.08031 14.8432 3.24219	
9.82	7.08025 14.8467 3.24351	
9.83	7.08029 14.8432 3.24212	
9.84	7.08049 14.8417 3.23869	
9.85	7.08026 14.8433 3.24205	
9.86	7.08025 14.8433 3.24202	
9.87	7.08023 14.8433 3.24199	
9.88	7.08022 14.8433 3.24196	
9.89	7.08021 14.8434 3.24194	
9.9	7.0802 14.8434 3.24191	
9.91	7.08019 14.8434 3.24189	
9.92	7.08035 14.8454 3.23982	
9.93	7.07932 14.8536 3.2569	
9.94	7.07947 14.8553 3.25477	
9.95	7.10287 14.7457 3.03032	
9.96	7.11937 14.7045 2.93414	
9.97	7.12095 14.7034 2.92539	
9.98	7.12227 14.701 2.91853	
9.99	7.14039 14.6618 2.83532	
10	7.14327 14.6554 2.83488	
10.01	7.14373 14.6512 2.83341	
10.02	7.14419 14.6478 2.83167	
10.03	7.145 14.6462 2.82879	
10.04	7.14502 14.6454 2.83034	
10.05	7.14501 14.6454 2.82987	
10.06	7.145 14.6454 2.82943	
10.07	7.14485 14.6515 2.82811	
10.08	7.29952 14.4429 2.38307	
10.09	7.11824 15.0825 3.82136	
10.1	8.03633 15.8318 5.38016	
10.11	8.29524 15.9229 5.56976	
10.12	8.51683 15.9802 5.70306	
10.13	8.49347 15.976 5.68851	
10.14	8.49341 15.9737 5.68872	
10.15	8.58871 15.9977 5.73772	
10.16	8.46707 15.9636 5.67404	
10.17	8.00668 15.8131 5.35355	
10.18	8.03823 15.8264 5.37881	
10.19	7.97303 15.0543 5.59048	
10.2	7.67322 14.6595 5.84369	
10.21	7.73957 14.5172 5.8983	
10.22	7.70872 13.8352 5.83275	
10.23	7.54757 12.8532 5.83329	
10.24	7.37829 12.3605 6.37087	
10.25	7.22242 11.9472 7.35268	
10.26	6.98751 11.2879 8.72485	
10.27	6.92007 10.6791 9.70101	
10.28	7.4881 10.1905 9.74275	
10.29	8.69079 10.1191 9.74359	
10.3	10.1232 10.2569 9.65305	
10.31	11.1717 10.2846 9.47958	
10.32	11.417 10.14 9.3655	
10.33	11.5125 9.70504 9.48426	
10.34	11.7376 9.30981 9.33307	
10.35	12.0563 8.88915 9.10611	
10.36	12.4711 8.35766 8.8125	
10.37	12.3316 7.57525 8.13085	
10.38	12.1009 6.70744 6.93269	
10.39	12.4507 6.21381 6.02273	
10.4	12.8859 6.03507 5.72839	
10.41	13.3272 5.89255 5.64998	
10.42	13.6896 5.35907 5.41312	
10.43	14.1094 5.09124 5.46036	
10.44	14.5595 5.26193 5.53704	
10.45	14.5904 5.43389 5.57774	
10.46	14.4344 5.51017 5.62976	
10.47	14.0848 5.56918 5.64073	
10.48	13.6899 5.527 5.62332	
10.49	13.3412 5.52801 5.59054	
10.5	13.1979 5.82673 5.4416	
10.51	13.1968 6.12885 5.2769	
10.52	13.1973 6.30276 5.14781	
10.53	13.1209 6.35914 5.04463	
10.54	12.9931 6.41997 4.99182	
10.55	12.9045 6.57237 4.88827	
10.56	12.8209 6.71415 4.8924	
10.57	13.0763 6.97557 5.30134	
10.58	13.3795 7.24101 5.5963	
10.59	13.363 7.25896 5.5736	
10.6	13.374 7.325 5.53764	
10.61	13.3603 7.42485 5.45929	
10.62	13.4045 7.41714 5.36978	
10.63	13.4513 7.33035 5.23814	
10.64	13.4874 7.32403 5.08777	
10.65	13.5138 7.33508 5.06596	
10.66	13.4748 7.30296 5.03755	
10.67	13.4358 7.2598 5.00658	
10.68	13.4235 7.24133 4.99931	
10.69	13.3881 7.21673 4.9871	
10.7	13.3315 7.21817 4.96795	
10.71	13.3132 7.23707 4.95666	
10.72	13.3185 7.23359 4.95566	
10.73	13.3275 7.22387 4.94732	
10.74	13.3484 7.19329 4.82134	
10.75	13.4098 7.06435 4.63137	
10.76	13.4833 7.05216 4.42361	
10.77	13.6653 7.16676 4.16175	
10.78	13.7735 7.32406 3.98527	
10.79	13.8567 7.52918 3.75916	
10.8	13.8687 7.71568 3.66748	
10.81	13.8327 8.03611 3.52608	
10.82	13.7993 8.39516 3.31955	
10.83	13.783 8.62259 3.15634	
10.84	13.7587 8.80315 2.9559	
10.85	13.7522 8.93278 2.48385	
10.86	13.7783 8.99917 1.93577	
10.87	13.8389 8.93393 1.72515	
10.88	14.1194 8.97808 1.72291	
10.89	14.8847 9.47999 1.67519	
10.9	15.2281 9.79717 1.82783	
10.91	15.2663 10.2148 1.7619	
10.92	15.6373 10.7039 1.71294	
10.93	15.731 11.0007 1.6855	
10.94	15.5892 11.2266 1.64641	
10.95	15.4801 11.4594 1.62197	
10.96	15.4132 11.7167 1.587	
10.97	15.3066 11.9962 1.58729	
10.98	15.2536 12.1125 1.56179	
10.99	15.2638 12.089 1.48168	
11	15.2434 12.1064 1.48448	
11.01	15.2848 12.2082 1.42572	
11.02	15.3264 12.285 1.42481	
11.03	15.3599 12.3154 1.34651	
11.04	15.4195 12.3092 1.28322	
11.05	15.3289 12.2055 1.13683	
11.06	14.9587 11.9697 1.04385	
11.07	14.7577 11.8115 0.977692	
11.08	13.9539 11.5061 0.971778	
11.09	13.6948 11.3864 0.975949	
11.1	13.488 11.2736 1.0502	
11.11	13.328 11.3052 1.09549	
11.12	13.152 11.2582 1.13516	
11.13	12.8848 11.2385 1.29023	
11.14	12.6475 11.2232 1.40538	
11.15	12.2832 11.1584 1.55141	
11.16	12.0763 11.1929 1.78921	
11.17	11.913 11.2003 1.90933	
11.18	11.7177 11.1588 2.46581	
11.19	11.6653 11.1372 2.70483	
11.2	11.6372 11.1505 2.87145	
11.21	11.6486 11.1227 2.91979	
11.22	11.6623 11.1034 2.94032	
11.23	11.6861 11.0731 2.99273	
11.24	11.7486 11.0038 3.02528	
11.25	11.8518 10.8424 2.97859	
11.26	12.0574 10.4943 2.73742	
11.27	12.1349 10.3609 2.67286	
11.28	12.2128 10.3408 2.64515	
11.29	12.3426 10.3251 2.5557	
11.3	12.3478 10.3394 2.53454	
11.31	12.3427 10.3697 2.52097	
11.32	12.3261 10.4018 2.52446	
11.33	12.2031 10.5261 2.73593	
11.34	12.1122 10.5642 2.96514	
11.35	12.0315 10.6097 3.22945	
11.36	11.9499 10.6624 3.59677	
11.37	11.9396 10.696 3.85116	
11.38	11.9153 10.7584 4.15695	
11.39	12.0221 10.8552 4.56682	
11.4	12.1924 11.0054 4.99082	
11.41	12.2291 11.0238 5.38856	
11.42	11.8766 10.8519 5.65306	
11.43	11.9419 10.7906 5.92088	
11.44	12.441 10.9433 6.14706	
11.45	12.9758 11.0542 6.25522	
11.46	13.2562 11.0145 6.25623	
11.47	13.5938 11.006 6.22491	
11.48	13.8109 10.9227 6.16386	
11.49	13.4602 10.5703 6.1779	
11.5	12.8396 10.0445 6.20932	
11.51	12.736 9.90907 6.25181	
11.52	12.2792 9.65564 6.40532	
11.53	11.5399 9.25772 6.45177	
11.54	10.7013 8.76811 6.22978	
11.55	10.06 8.33482 5.86083	
11.56	9.49992 7.84339 5.69637	
11.57	9.17859 7.39871 5.52448	
11.58	9.05131 7.12046 5.31496	
11.59	8.86945 6.93842 4.9477	
11.6	8.59363 6.77517 4.46807	
11.61	8.29143 6.60613 3.97091	
11.62	7.93945 6.36793 3.59504	
11.63	7.93722 6.32025 3.2928	
11.64	7.97568 6.30895 2.98671	
11.65	8.10844 6.39731 2.54725	
11.66	8.44532 6.73085 2.03069	
11.67	8.70628 7.12281 1.78681	
11.68	8.88876 7.47308 1.57443	
11.69	9.01032 7.80423 1.46661	
11.7	8.99554 8.08852 1.41361	
11.71	9.14789 8.13572 1.27457	
11.72	9.06199 8.30812 1.27256	
11.73	8.97815 9.01858 1.15641	
11.74	8.85492 9.25965 1.13012	
11.75	8.76558 9.47381 1.11045	
11.76	8.80754 9.8239 1.08068	
11.77	8.8585 9.89579 1.04876	
11.78	8.90259 9.85221 1.00932	
11.79	8.9171 9.85161 0.941885	
11.8	9.05523 9.92196 0.880787	
11.81	9.10438 9.89376 0.858043	
11.82	9.09402 9.90154 0.856799	
11.83	9.22427 9.93941 0.791088	
11.84	9.29157 10.0596 0.747295	
11.85	9.33552 10.071 0.691736	
11.86	9.28917 10.0645 0.642556	
11.87	8.91638 9.89448 0.261452	
11.88	8.73439 9.67895 0.225312	
11.89	8.19777 9.4611 0.200566	
11.9	7.62196 9.15084 0.43819	
11.91	7.27728 8.98454 0.698973	
11.92	6.88621 8.76466 1.09446	
11.93	6.71123 8.42352 1.58669	
11.94	6.37371 8.73169 1.95904	
11.95	6.3876 8.68102 2.28431	
11.96	6.32826 8.67554 3.02431	
11.97	6.43805 8.6991 3.4369	
11.98	6.57685 8.77212 3.83486	
11.99	6.74816 8.87382 4.29614	
12	6.97121 8.97243 4.70729	
12.01	7.16361 8.95262 4.96907	
12.02	7.4078 8.93634 5.23905	
12.03	7.66041 8.96072 5.44436	
12.04	7.771 8.85428 5.53427	
12.05	7.62977 8.60168 5.51323	
12.06	7.5099 8.3217 5.71959	
12.07	7.46121 7.96837 6.31034	
12.08	7.86667 7.70468 7.15949	
12.09	9.3248 8.088 8.10941	
12.1	10.921 8.97284 9.231	
12.11	12.1154 9.84034 10.0314	
12.12	12.8267 10.4626 10.3034	
12.13	13.1636 11.0398 10.315	
12.14	13.1182 11.5841 10.2472	
12.15	13.0644 12.0141 10.2524	
12.16	13.0265 12.4038 10.2647	
12.17	12.91 12.7751 10.208	
12.18	12.6909 13.2261 10.0806	
12.19	12.5026 13.8003 10.0853	
12.2	12.3584 14.2117 10.1119	
12.21	12.2855 14.3264 10.1904	
12.22	12.3196 14.1607 10.025	
12.23	12.1731 13.6715 9.74267	
12.24	11.6951 13.0592 9.56441	
12.25	11.1166 12.6811 9.22592	
12.26	10.5229 12.6079 8.90694	
12.27	9.96938 12.65 8.59166	
12.28	9.68915 12.7965 8.14671	
12.29	9.66078 13.0989 7.70299	
12.3	9.68075 13.374 7.3982	
12.31	9.66904 13.7219 7.12	
12.32	9.64184 14.0636 6.99719	
12.33	9.61897 14.404 6.82226	
12.34	9.62515 14.7844 6.63736	
12.35	9.60282 15.1795 6.41302	
12.36	9.32874 16.104 5.99654	
12.37	8.71075 16.0129 5.79615	
12.38	8.40866 15.9418 5.64082	
12.39	8.16949 15.87 5.48406	
12.4	8.06116 15.8318 5.40101	
12.41	7.97081 15.7968 5.32509	
12.42	7.93864 15.8031 5.28552	
12.43	7.87415 15.7578 5.2347	
12.44	7.80692 15.7207 5.17098	
12.45	7.81918 15.7299 5.18096	
12.46	7.93493 15.7838 5.2891	
12.47	7.96071 15.7947 5.31129	
12.48	7.96379 15.7955 5.31365	
12.49	7.96147 15.7942 5.31127	
12.5	7.95575 15.7843 5.3097	
12.51	7.95811 15.7865 5.31063	
12.52	7.95643 15.7838 5.30968	
12.53	7.95943 15.7847 5.31204	
12.54	7.95974 15.7845 5.31203	
12.55	7.95735 15.7832 5.30965	
12.56	7.95764 15.783 5.30965	
12.57	7.9606 15.7863 5.31076	
12.58	7.96087 15.7837 5.312	
12.59	7.95844 15.7824 5.30962	
12.6	7.96138 15.7833 5.31199	
