# Gnuplot File : velocities of 1 particle(s) Monitored
# 1st Column : time, others : particle(s) number 0 
0.01	0 0 -0.0365586	
0.02	0 0 -0.0632893	
0.03	0 0 -0.082834	
0.04	0 0 -0.0971245	
0.05	0 0 -0.107573	
0.06	0 0 -0.115213	
0.07	0 0 -0.120799	
0.08	7.15638e-17 0 -0.124884	
0.09	1.23889e-16 0 -0.12787	
0.1	9.06112e-17 0 -0.130054	
0.11	6.62524e-17 0 -0.13165	
0.12	4.84182e-17 0 -0.132818	
0.13	3.54194e-17 0 -0.133671	
0.14	2.5885e-17 0 -0.134295	
0.15	1.89357e-17 0 -0.134752	
0.16	1.89357e-17 0 -0.134752	
0.17	1.89357e-17 0 -0.134752	
0.18	1.89393e-17 0 -0.134752	
0.19	1.89357e-17 0 -0.134752	
0.2	1.89264e-17 0 -0.134752	
0.21	1.89357e-17 0 -0.134752	
0.22	1.89264e-17 0 -0.134752	
0.23	1.89357e-17 0 -0.134752	
0.24	1.89301e-17 0 -0.134752	
0.25	1.89264e-17 0 -0.134752	
0.26	1.89357e-17 0 -0.134752	
0.27	1.89393e-17 0 -0.134752	
0.28	1.88252e-17 0 -0.134752	
0.29	1.88216e-17 0 -0.134752	
0.3	1.89264e-17 0 -0.134752	
0.31	1.89264e-17 0 -0.134752	
0.32	1.89357e-17 0 -0.134752	
0.33	1.88216e-17 0 -0.134752	
0.34	1.89264e-17 0 -0.134752	
0.35	1.89264e-17 0 -0.134752	
0.36	1.89301e-17 0 -0.134752	
0.37	1.93347e-17 0 -0.134752	
0.38	1.94526e-17 0 -0.134752	
0.39	1.99954e-17 0 -0.134752	
0.4	2.28225e-17 0 -0.134752	
0.41	2.7301e-17 0 -0.134752	
0.42	2.78508e-17 0 -0.134752	
0.43	2.62481e-17 0 -0.134752	
0.44	2.60113e-17 0 -0.134752	
0.45	2.62138e-17 0 -0.134752	
0.46	2.55785e-17 0 -0.134752	
0.47	2.31518e-17 0 -0.134752	
0.48	2.17912e-17 0 -0.134752	
0.49	2.25222e-17 0 -0.134752	
0.5	2.28041e-17 0 -0.134752	
0.51	2.2091e-17 0 -0.134752	
0.52	2.11219e-17 0 -0.134752	
0.53	2.11477e-17 0 -0.134752	
0.54	2.09002e-17 0 -0.134752	
0.55	2.10787e-17 0 -0.134752	
0.56	2.08781e-17 0 -0.134752	
0.57	2.05781e-17 0 -0.134752	
0.58	1.87708e-17 0 -0.134752	
0.59	1.73659e-17 0 -0.134752	
0.6	1.71284e-17 0 -0.134752	
0.61	1.6647e-17 0 -0.134752	
0.62	1.64559e-17 0 -0.134752	
0.63	1.65623e-17 0 -0.134752	
0.64	1.66112e-17 0 -0.134752	
0.65	1.64147e-17 0 -0.134752	
0.66	1.64208e-17 0 -0.134752	
0.67	1.59863e-17 0 -0.134752	
0.68	1.57483e-17 0 -0.134752	
0.69	1.53419e-17 0 -0.134752	
0.7	1.49615e-17 0 -0.134752	
0.71	1.47614e-17 0 -0.134752	
0.72	1.41784e-17 0 -0.134752	
0.73	1.38229e-17 0 -0.134752	
0.74	1.36888e-17 0 -0.134752	
0.75	1.42155e-17 0 -0.134752	
0.76	1.44272e-17 0 -0.134752	
0.77	1.58638e-17 0 -0.134752	
0.78	1.61773e-17 0 -0.134752	
0.79	1.7016e-17 0 -0.134752	
0.8	1.99885e-17 0 -0.134752	
0.81	2.26165e-17 0 -0.134752	
0.82	2.37322e-17 0 -0.134752	
0.83	2.45173e-17 0 -0.134752	
0.84	2.50796e-17 0 -0.134752	
0.85	2.54241e-17 0 -0.134752	
0.86	2.57879e-17 0 -0.134752	
0.87	2.60239e-17 0 -0.134752	
0.88	2.63052e-17 0 -0.134752	
0.89	2.69428e-17 0 -0.134752	
0.9	2.78056e-17 0 -0.134752	
0.91	2.88592e-17 0 -0.134752	
0.92	2.9808e-17 0 -0.134752	
0.93	3.02258e-17 0 -0.134752	
0.94	3.06177e-17 0 -0.134752	
0.95	3.0714e-17 0 -0.134752	
0.96	3.08422e-17 0 -0.134752	
0.97	3.10024e-17 0 -0.134752	
0.98	3.09728e-17 0 -0.134752	
0.99	3.06903e-17 0 -0.134752	
1	3.07955e-17 0 -0.134752	
1.01	3.10676e-17 0 -0.134752	
1.02	3.146e-17 0 -0.134752	
1.03	3.17277e-17 0 -0.134752	
1.04	3.22178e-17 0 -0.134752	
1.05	3.24053e-17 0 -0.134752	
1.06	3.21949e-17 0 -0.134752	
1.07	3.19687e-17 0 -0.134752	
1.08	3.17425e-17 0 -0.134752	
1.09	3.17547e-17 0 -0.134752	
1.1	3.1691e-17 0 -0.134752	
1.11	3.1519e-17 0 -0.134752	
1.12	3.13399e-17 0 -0.134752	
1.13	3.12793e-17 0 -0.134752	
1.14	3.1052e-17 0 -0.134752	
1.15	3.09878e-17 0 -0.134752	
1.16	3.10546e-17 0 -0.134752	
1.17	3.08586e-17 0 -0.134752	
1.18	3.08297e-17 0 -0.134752	
1.19	3.09965e-17 0 -0.134752	
1.2	3.10959e-17 0 -0.134752	
1.21	3.11946e-17 0 -0.134752	
1.22	3.11941e-17 0 -0.134752	
1.23	3.1226e-17 0 -0.134752	
1.24	3.12577e-17 0 -0.134752	
1.25	3.12221e-17 0 -0.134752	
1.26	3.12857e-17 0 -0.134752	
1.27	3.11508e-17 0 -0.134752	
1.28	3.09838e-17 0 -0.134752	
1.29	3.10161e-17 0 -0.134752	
1.3	3.09486e-17 0 -0.134752	
1.31	3.09805e-17 0 -0.134752	
1.32	3.10128e-17 0 -0.134752	
1.33	3.10447e-17 0 -0.134752	
1.34	3.10773e-17 0 -0.134752	
1.35	3.11218e-17 0 -0.134752	
1.36	3.11412e-17 0 -0.134752	
1.37	3.11057e-17 0 -0.134752	
1.38	3.11373e-17 0 -0.134752	
1.39	3.11363e-17 0 -0.134752	
1.4	3.10362e-17 0 -0.134752	
1.41	3.10358e-17 0 -0.134752	
1.42	3.10358e-17 0 -0.134752	
1.43	3.10355e-17 0 -0.134752	
1.44	3.11353e-17 0 -0.134752	
1.45	3.10358e-17 0 -0.134752	
1.46	3.11665e-17 0 -0.134752	
1.47	3.10667e-17 0 -0.134752	
1.48	3.12105e-17 0 -0.134752	
1.49	3.12295e-17 0 -0.134752	
1.5	3.1217e-17 0 -0.134752	
1.51	3.12295e-17 0 -0.134752	
1.52	3.1261e-17 0 -0.134752	
1.53	3.12735e-17 0 -0.134752	
1.54	3.12925e-17 0 -0.134752	
1.55	3.12376e-17 0 -0.134752	
1.56	3.11256e-17 0 -0.134752	
1.57	3.10779e-17 0 -0.134752	
1.58	3.10908e-17 0 -0.134752	
1.59	3.10908e-17 0 -0.134752	
1.6	3.09914e-17 0 -0.134752	
1.61	3.08919e-17 0 -0.134752	
1.62	3.07927e-17 0 -0.134752	
1.63	3.07385e-17 0 -0.134752	
1.64	3.07542e-17 0 -0.134752	
1.65	3.10233e-17 0 -0.134752	
1.66	3.14067e-17 0 -0.134752	
1.67	3.18535e-17 0 -0.134752	
1.68	3.2073e-17 0 -0.134752	
1.69	3.19668e-17 0 -0.134752	
1.7	3.17886e-17 0 -0.134752	
1.71	3.16347e-17 0 -0.134752	
1.72	3.16625e-17 0 -0.134752	
1.73	3.18823e-17 0 -0.134752	
1.74	3.23589e-17 0 -0.134752	
1.75	3.27394e-17 0 -0.134752	
1.76	3.28625e-17 0 -0.134752	
1.77	3.29933e-17 0 -0.134752	
1.78	3.28948e-17 0 -0.134752	
1.79	3.27851e-17 0 -0.134752	
1.8	3.27312e-17 0 -0.134752	
1.81	3.28586e-17 0 -0.134752	
1.82	3.2839e-17 0 -0.134752	
1.83	3.30098e-17 0 -0.134752	
1.84	3.30571e-17 0 -0.134752	
1.85	3.31168e-17 0 -0.134752	
1.86	3.30555e-17 0 -0.134752	
1.87	3.31117e-17 0 -0.134752	
1.88	3.30055e-17 0 -0.134752	
1.89	3.29544e-17 0 -0.134752	
1.9	3.27662e-17 0 -0.134752	
1.91	3.27275e-17 0 -0.134752	
1.92	3.27838e-17 0 -0.134752	
1.93	3.27732e-17 0 -0.134752	
1.94	3.25336e-17 0 -0.134752	
1.95	3.21939e-17 0 -0.134752	
1.96	3.18746e-17 0 -0.134752	
1.97	3.15661e-17 0 -0.134752	
1.98	3.13023e-17 0 -0.134752	
1.99	3.1121e-17 0 -0.134752	
2	3.0754e-17 0 -0.134752	
2.01	3.04045e-17 0 -0.134752	
2.02	2.97851e-17 0 -0.134752	
2.03	2.93447e-17 0 -0.134752	
2.04	2.91073e-17 0 -0.134752	
2.05	2.89928e-17 0 -0.134752	
2.06	2.88802e-17 0 -0.134752	
2.07	2.88188e-17 0 -0.134752	
2.08	2.89198e-17 0 -0.134752	
2.09	2.90188e-17 0 -0.134752	
2.1	2.91518e-17 0 -0.134752	
2.11	2.92464e-17 0 -0.134752	
2.12	2.9394e-17 0 -0.134752	
2.13	2.93083e-17 0 -0.134752	
2.14	2.90805e-17 0 -0.134752	
2.15	2.87346e-17 0 -0.134752	
2.16	2.845e-17 0 -0.134752	
2.17	2.814e-17 0 -0.134752	
2.18	2.77899e-17 0 -0.134752	
2.19	2.75334e-17 0 -0.134752	
2.2	2.72138e-17 0 -0.134752	
2.21	2.68905e-17 0 -0.134752	
2.22	2.66674e-17 0 -0.134752	
2.23	2.64719e-17 0 -0.134752	
2.24	2.64325e-17 0 -0.134752	
2.25	2.6299e-17 0 -0.134752	
2.26	2.63297e-17 0 -0.134752	
2.27	2.61119e-17 0 -0.134752	
2.28	2.56434e-17 0 -0.134752	
2.29	2.49751e-17 0 -0.134752	
2.3	2.45187e-17 0 -0.134752	
2.31	2.37918e-17 0 -0.134752	
2.32	2.2989e-17 0 -0.134752	
2.33	2.21081e-17 0 -0.134752	
2.34	2.11558e-17 0 -0.134752	
2.35	2.05651e-17 0 -0.134752	
2.36	2.01618e-17 0 -0.134752	
2.37	1.97994e-17 0 -0.134752	
2.38	1.94255e-17 0 -0.134752	
2.39	1.9118e-17 0 -0.134752	
2.4	1.88668e-17 0 -0.134752	
2.41	1.87901e-17 0 -0.134752	
2.42	1.86873e-17 0 -0.134752	
2.43	1.85775e-17 0 -0.134752	
2.44	1.83046e-17 0 -0.134752	
2.45	1.80072e-17 0 -0.134752	
2.46	1.75118e-17 0 -0.134752	
2.47	1.71678e-17 0 -0.134752	
2.48	1.70289e-17 0 -0.134752	
2.49	1.69803e-17 0 -0.134752	
2.5	1.69445e-17 0 -0.134752	
2.51	1.67381e-17 0 -0.134752	
2.52	1.66408e-17 0 -0.134752	
2.53	1.65214e-17 0 -0.134752	
2.54	1.64003e-17 0 -0.134752	
2.55	1.61382e-17 0 -0.134752	
2.56	1.60365e-17 0 -0.134752	
2.57	1.58984e-17 0 -0.134752	
2.58	1.56875e-17 0 -0.134752	
2.59	1.52699e-17 0 -0.134752	
2.6	1.48534e-17 0 -0.134752	
2.61	1.45601e-17 0 -0.134752	
2.62	1.4153e-17 0 -0.134752	
2.63	1.39349e-17 0 -0.134752	
2.64	1.3737e-17 0 -0.134752	
2.65	1.35508e-17 0 -0.134752	
2.66	1.34588e-17 0 -0.134752	
2.67	1.32655e-17 0 -0.134752	
2.68	1.32448e-17 0 -0.134752	
2.69	1.31703e-17 0 -0.134752	
2.7	1.2994e-17 0 -0.134752	
2.71	1.28303e-17 0 -0.134752	
2.72	1.27598e-17 0 -0.134752	
2.73	1.26633e-17 0 -0.134752	
2.74	1.26323e-17 0 -0.134752	
2.75	1.24022e-17 0 -0.134752	
2.76	1.23579e-17 0 -0.134752	
2.77	1.22819e-17 0 -0.134752	
2.78	1.21622e-17 0 -0.134752	
2.79	1.19628e-17 0 -0.134752	
2.8	1.1761e-17 0 -0.134752	
2.81	1.14727e-17 0 -0.134752	
2.82	1.11585e-17 0 -0.134752	
2.83	1.08776e-17 0 -0.134752	
2.84	1.06949e-17 0 -0.134752	
2.85	1.06322e-17 0 -0.134752	
2.86	1.06179e-17 0 -0.134752	
2.87	1.06644e-17 0 -0.134752	
2.88	1.07646e-17 0 -0.134752	
2.89	1.0929e-17 0 -0.134752	
2.9	1.09907e-17 0 -0.134752	
2.91	1.11728e-17 0 -0.134752	
2.92	1.12463e-17 0 -0.134752	
2.93	1.12561e-17 0 -0.134752	
2.94	1.11427e-17 0 -0.134752	
2.95	1.1185e-17 0 -0.134752	
2.96	1.1316e-17 0 -0.134752	
2.97	1.16297e-17 0 -0.134752	
2.98	1.18607e-17 0 -0.134752	
2.99	1.20262e-17 0 -0.134752	
3	1.21113e-17 0 -0.134752	
3.01	1.22238e-17 0 -0.134752	
3.02	1.226e-17 0 -0.134752	
3.03	1.23333e-17 0 -0.134752	
3.04	1.24511e-17 0 -0.134752	
3.05	1.23737e-17 0 -0.134752	
3.06	1.25551e-17 0 -0.134752	
3.07	1.24514e-17 0 -0.134752	
3.08	1.25298e-17 0 -0.134752	
3.09	1.23762e-17 0 -0.134752	
3.1	1.23149e-17 0 -0.134752	
3.11	1.23324e-17 0 -0.134752	
3.12	1.23786e-17 0 -0.134752	
3.13	1.26328e-17 0 -0.134752	
3.14	1.31073e-17 0 -0.134752	
3.15	1.39369e-17 0 -0.134752	
3.16	1.46996e-17 0 -0.134752	
3.17	1.52877e-17 0 -0.134752	
3.18	1.59307e-17 0 -0.134752	
3.19	1.64958e-17 0 -0.134752	
3.2	1.68575e-17 0 -0.134752	
3.21	1.70242e-17 0 -0.134752	
3.22	1.72224e-17 0 -0.134752	
3.23	1.73393e-17 0 -0.134752	
3.24	1.73814e-17 0 -0.134752	
3.25	1.74761e-17 0 -0.134752	
3.26	1.76287e-17 0 -0.134752	
3.27	1.75859e-17 0 -0.134752	
3.28	1.77825e-17 0 -0.134752	
3.29	1.80689e-17 0 -0.134752	
3.3	1.83709e-17 0 -0.134752	
3.31	1.85017e-17 0 -0.134752	
3.32	1.86692e-17 0 -0.134752	
3.33	1.88405e-17 0 -0.134752	
3.34	1.89783e-17 0 -0.134752	
3.35	1.91495e-17 0 -0.134752	
3.36	1.91939e-17 0 -0.134752	
3.37	1.93374e-17 0 -0.134752	
3.38	1.9414e-17 0 -0.134752	
3.39	1.94876e-17 0 -0.134752	
3.4	1.9469e-17 0 -0.134752	
3.41	1.96264e-17 0 -0.134752	
3.42	1.97478e-17 0 -0.134752	
3.43	2.01492e-17 0 -0.134752	
3.44	2.06514e-17 0 -0.134752	
3.45	2.12225e-17 0 -0.134752	
3.46	2.17234e-17 0 -0.134752	
3.47	2.22785e-17 0 -0.134752	
3.48	2.27619e-17 0 -0.134752	
3.49	2.34137e-17 0 -0.134752	
3.5	2.37237e-17 0 -0.134752	
3.51	2.41168e-17 0 -0.134752	
3.52	2.44574e-17 0 -0.134752	
3.53	2.48711e-17 0 -0.134752	
3.54	2.52314e-17 0 -0.134752	
3.55	2.56063e-17 0 -0.134752	
3.56	2.59944e-17 0 -0.134752	
3.57	2.61419e-17 0 -0.134752	
3.58	2.64028e-17 0 -0.134752	
3.59	2.67018e-17 0 -0.134752	
3.6	2.68978e-17 0 -0.134752	
3.61	2.71231e-17 0 -0.134752	
3.62	2.74442e-17 0 -0.134752	
3.63	2.77474e-17 0 -0.134752	
3.64	2.79305e-17 0 -0.134752	
3.65	2.82536e-17 0 -0.134752	
3.66	2.83663e-17 0 -0.134752	
3.67	2.85926e-17 0 -0.134752	
3.68	2.88418e-17 0 -0.134752	
3.69	2.89866e-17 0 -0.134752	
3.7	2.91197e-17 0 -0.134752	
3.71	2.92413e-17 0 -0.134752	
3.72	2.93686e-17 0 -0.134752	
3.73	2.94148e-17 0 -0.134752	
3.74	2.95303e-17 0 -0.134752	
3.75	2.97727e-17 0 -0.134752	
3.76	2.99628e-17 0 -0.134752	
3.77	3.01757e-17 0 -0.134752	
3.78	3.04111e-17 0 -0.134752	
3.79	3.06461e-17 0 -0.134752	
3.8	3.08148e-17 0 -0.134752	
3.81	3.10263e-17 0 -0.134752	
3.82	3.11718e-17 0 -0.134752	
3.83	3.13697e-17 0 -0.134752	
3.84	3.14861e-17 0 -0.134752	
3.85	3.17267e-17 0 -0.134752	
3.86	3.18656e-17 0 -0.134752	
3.87	3.21314e-17 0 -0.134752	
3.88	3.23352e-17 0 -0.134752	
3.89	3.25554e-17 0 -0.134752	
3.9	3.28253e-17 0 -0.134752	
3.91	3.29627e-17 0 -0.134752	
3.92	3.32093e-17 0 -0.134752	
3.93	3.32634e-17 0 -0.134752	
3.94	3.3331e-17 0 -0.134752	
3.95	3.34524e-17 0 -0.134752	
3.96	3.34589e-17 0 -0.134752	
3.97	3.35908e-17 0 -0.134752	
3.98	3.37651e-17 0 -0.134752	
3.99	3.38503e-17 0 -0.134752	
4	3.41378e-17 0 -0.134752	
4.01	3.43868e-17 0 -0.134752	
4.02	3.45611e-17 0 -0.134752	
4.03	3.48192e-17 0 -0.134752	
4.04	3.50442e-17 0 -0.134752	
4.05	3.51786e-17 0 -0.134752	
4.06	3.52203e-17 0 -0.134752	
4.07	3.53253e-17 0 -0.134752	
4.08	3.53645e-17 0 -0.134752	
4.09	3.54107e-17 0 -0.134752	
4.1	3.54766e-17 0 -0.134752	
4.11	3.55756e-17 0 -0.134752	
4.12	3.57459e-17 0 -0.134752	
4.13	3.57035e-17 0 -0.134752	
4.14	3.57555e-17 0 -0.134752	
4.15	3.55788e-17 0 -0.134752	
4.16	3.54493e-17 0 -0.134752	
4.17	3.53235e-17 0 -0.134752	
4.18	3.51559e-17 0 -0.134752	
4.19	3.50528e-17 0 -0.134752	
4.2	3.49762e-17 0 -0.134752	
4.21	3.48474e-17 0 -0.134752	
4.22	3.47936e-17 0 -0.134752	
4.23	3.46195e-17 0 -0.134752	
4.24	3.43284e-17 0 -0.134752	
4.25	3.4004e-17 0 -0.134752	
4.26	3.36865e-17 0 -0.134752	
4.27	3.31513e-17 0 -0.134752	
4.28	3.26317e-17 0 -0.134752	
4.29	3.21827e-17 0 -0.134752	
4.3	3.1869e-17 0 -0.134752	
4.31	3.15742e-17 0 -0.134752	
4.32	3.12419e-17 0 -0.134752	
4.33	3.10188e-17 0 -0.134752	
4.34	3.08191e-17 0 -0.134752	
4.35	3.0631e-17 0 -0.134752	
4.36	3.04872e-17 0 -0.134752	
4.37	3.04112e-17 0 -0.134752	
4.38	3.0264e-17 0 -0.134752	
4.39	3.01405e-17 0 -0.134752	
4.4	3.01369e-17 0 -0.134752	
4.41	3.00655e-17 0 -0.134752	
4.42	3.01755e-17 0 -0.134752	
4.43	3.01508e-17 0 -0.134752	
4.44	3.01696e-17 0 -0.134752	
4.45	2.99757e-17 0 -0.134752	
4.46	2.98492e-17 0 -0.134752	
4.47	2.96005e-17 0 -0.134752	
4.48	2.9237e-17 0 -0.134752	
4.49	2.89415e-17 0 -0.134752	
4.5	2.86732e-17 0 -0.134752	
4.51	2.83082e-17 0 -0.134752	
4.52	2.78485e-17 0 -0.134752	
4.53	2.7482e-17 0 -0.134752	
4.54	2.71864e-17 0 -0.134752	
4.55	2.69406e-17 0 -0.134752	
4.56	2.67981e-17 0 -0.134752	
4.57	2.66509e-17 0 -0.134752	
4.58	2.65038e-17 0 -0.134752	
4.59	2.65026e-17 0 -0.134752	
4.6	2.64766e-17 0 -0.134752	
4.61	2.63776e-17 0 -0.134752	
4.62	2.64441e-17 0 -0.134752	
4.63	2.6277e-17 0 -0.134752	
4.64	2.60568e-17 0 -0.134752	
4.65	2.58858e-17 0 -0.134752	
4.66	2.58833e-17 0 -0.134752	
4.67	2.57618e-17 0 -0.134752	
4.68	2.53671e-17 0 -0.134752	
4.69	2.48736e-17 0 -0.134752	
4.7	2.4012e-17 0 -0.134752	
4.71	2.31809e-17 0 -0.134752	
4.72	2.24699e-17 0 -0.134752	
4.73	2.19074e-17 0 -0.134752	
4.74	2.17239e-17 0 -0.134752	
4.75	2.14077e-17 0 -0.134752	
4.76	2.13889e-17 0 -0.134752	
4.77	2.1347e-17 0 -0.134752	
4.78	2.14451e-17 0 -0.134752	
4.79	2.14055e-17 0 -0.134752	
4.8	2.13123e-17 0 -0.134752	
4.81	2.13429e-17 0 -0.134752	
4.82	2.13257e-17 0 -0.134752	
4.83	2.13764e-17 0 -0.134752	
4.84	2.13115e-17 0 -0.134752	
4.85	2.13267e-17 0 -0.134752	
4.86	2.12415e-17 0 -0.134752	
4.87	2.11032e-17 0 -0.134752	
4.88	2.09797e-17 0 -0.134752	
4.89	2.06436e-17 0 -0.134752	
4.9	2.03802e-17 0 -0.134752	
4.91	2.00081e-17 0 -0.134752	
4.92	1.98322e-17 0 -0.134752	
4.93	1.96705e-17 0 -0.134752	
4.94	1.968e-17 0 -0.134752	
4.95	1.97558e-17 0 -0.134752	
4.96	1.98172e-17 0 -0.134752	
4.97	1.99256e-17 0 -0.134752	
4.98	1.99828e-17 0 -0.134752	
4.99	1.99823e-17 0 -0.134752	
5	1.98898e-17 0 -0.134752	
5.01	1.98565e-17 0 -0.134752	
5.02	1.99084e-17 0 -0.134752	
5.03	1.95916e-17 0 -0.134752	
5.04	1.9522e-17 0 -0.134752	
5.05	1.94118e-17 0 -0.134752	
5.06	1.9452e-17 0 -0.134752	
5.07	1.92964e-17 0 -0.134752	
5.08	1.93735e-17 0 -0.134752	
5.09	1.92917e-17 0 -0.134752	
5.1	1.92783e-17 0 -0.134752	
5.11	1.92308e-17 0 -0.134752	
5.12	1.91489e-17 0 -0.134752	
5.13	1.91368e-17 0 -0.134752	
5.14	1.8933e-17 0 -0.134752	
5.15	1.88007e-17 0 -0.134752	
5.16	1.86395e-17 0 -0.134752	
5.17	1.8569e-17 0 -0.134752	
5.18	1.83588e-17 0 -0.134752	
5.19	1.82858e-17 0 -0.134752	
5.2	1.83121e-17 0 -0.134752	
5.21	1.83558e-17 0 -0.134752	
5.22	1.82785e-17 0 -0.134752	
5.23	1.82528e-17 0 -0.134752	
5.24	1.80612e-17 0 -0.134752	
5.25	1.79294e-17 0 -0.134752	
5.26	1.78652e-17 0 -0.134752	
5.27	1.79593e-17 0 -0.134752	
5.28	1.79104e-17 0 -0.134752	
5.29	1.79471e-17 0 -0.134752	
5.3	1.7827e-17 0 -0.134752	
5.31	1.77822e-17 0 -0.134752	
5.32	1.77045e-17 0 -0.134752	
5.33	1.76795e-17 0 -0.134752	
5.34	1.76332e-17 0 -0.134752	
5.35	1.75444e-17 0 -0.134752	
5.36	1.76137e-17 0 -0.134752	
5.37	1.7711e-17 0 -0.134752	
5.38	1.79718e-17 0 -0.134752	
5.39	1.81754e-17 0 -0.134752	
5.4	1.84518e-17 0 -0.134752	
5.41	1.88237e-17 0 -0.134752	
5.42	1.91434e-17 0 -0.134752	
5.43	1.93351e-17 0 -0.134752	
5.44	1.94752e-17 0 -0.134752	
5.45	1.96992e-17 0 -0.134752	
5.46	1.99747e-17 0 -0.134752	
5.47	2.01734e-17 0 -0.134752	
5.48	2.04558e-17 0 -0.134752	
5.49	2.08049e-17 0 -0.134752	
5.5	2.10652e-17 0 -0.134752	
5.51	2.14925e-17 0 -0.134752	
5.52	2.19892e-17 0 -0.134752	
5.53	2.24285e-17 0 -0.134752	
5.54	2.29595e-17 0 -0.134752	
5.55	2.34443e-17 0 -0.134752	
5.56	2.39228e-17 0 -0.134752	
5.57	2.47625e-17 0 -0.134752	
5.58	2.54322e-17 0 -0.134752	
5.59	2.57258e-17 0 -0.134752	
5.6	2.60332e-17 0 -0.134752	
5.61	2.61562e-17 0 -0.134752	
5.62	2.62799e-17 0 -0.134752	
5.63	2.65987e-17 0 -0.134752	
5.64	2.69763e-17 0 -0.134752	
5.65	2.75688e-17 0 -0.134752	
5.66	2.81641e-17 0 -0.134752	
5.67	2.8552e-17 0 -0.134752	
5.68	2.88528e-17 0 -0.134752	
5.69	2.93314e-17 0 -0.134752	
5.7	2.98986e-17 0 -0.134752	
5.71	3.05144e-17 0 -0.134752	
5.72	3.1176e-17 0 -0.134752	
5.73	3.18206e-17 0 -0.134752	
5.74	3.22698e-17 0 -0.134752	
5.75	3.2657e-17 0 -0.134752	
5.76	3.30025e-17 0 -0.134752	
5.77	3.31821e-17 0 -0.134752	
5.78	3.32904e-17 0 -0.134752	
5.79	3.34503e-17 0 -0.134752	
5.8	3.35034e-17 0 -0.134752	
5.81	3.35409e-17 0 -0.134752	
5.82	3.35201e-17 0 -0.134752	
5.83	3.3314e-17 0 -0.134752	
5.84	3.30821e-17 0 -0.134752	
5.85	3.30407e-17 0 -0.134752	
5.86	3.30496e-17 0 -0.134752	
5.87	3.31034e-17 0 -0.134752	
5.88	3.31546e-17 0 -0.134752	
5.89	3.32889e-17 0 -0.134752	
5.9	3.34799e-17 0 -0.134752	
5.91	3.37392e-17 0 -0.134752	
5.92	3.39583e-17 0 -0.134752	
5.93	3.42202e-17 0 -0.134752	
5.94	3.43022e-17 0 -0.134752	
5.95	3.44929e-17 0 -0.134752	
5.96	3.44745e-17 0 -0.134752	
5.97	3.44385e-17 0 -0.134752	
5.98	3.45755e-17 0 -0.134752	
5.99	3.46974e-17 0 -0.134752	
6	3.48045e-17 0 -0.134752	
6.01	3.49458e-17 0 -0.134752	
6.02	3.51108e-17 0 -0.134752	
6.03	3.54374e-17 0 -0.134752	
6.04	3.58493e-17 0 -0.134752	
6.05	3.63523e-17 0 -0.134752	
6.06	3.67831e-17 0 -0.134752	
6.07	3.76217e-17 0 -0.134752	
6.08	3.8169e-17 0 -0.134752	
6.09	3.88749e-17 0 -0.134752	
6.1	3.95955e-17 0 -0.134752	
6.11	4.00321e-17 0 -0.134752	
6.12	4.02959e-17 0 -0.134752	
6.13	4.05595e-17 0 -0.134752	
6.14	4.11899e-17 0 -0.134752	
6.15	4.16299e-17 0 -0.134752	
6.16	4.21288e-17 0 -0.134752	
6.17	4.24691e-17 0 -0.134752	
6.18	4.28522e-17 0 -0.134752	
6.19	4.3159e-17 0 -0.134752	
6.2	4.33157e-17 0 -0.134752	
6.21	4.34274e-17 0 -0.134752	
6.22	4.34786e-17 0 -0.134752	
6.23	4.34875e-17 0 -0.134752	
6.24	4.34964e-17 0 -0.134752	
6.25	4.35802e-17 0 -0.134752	
6.26	4.37831e-17 0 -0.134752	
6.27	4.40613e-17 0 -0.134752	
6.28	4.44558e-17 0 -0.134752	
6.29	4.49697e-17 0 -0.134752	
6.3	4.54796e-17 0 -0.134752	
6.31	4.60175e-17 0 -0.134752	
6.32	4.65074e-17 0 -0.134752	
6.33	4.71105e-17 0 -0.134752	
6.34	4.74472e-17 0 -0.134752	
6.35	4.7813e-17 0 -0.134752	
6.36	4.80465e-17 0 -0.134752	
6.37	4.83075e-17 0 -0.134752	
6.38	4.84525e-17 0 -0.134752	
6.39	4.85953e-17 0 -0.134752	
6.4	4.85945e-17 0 -0.134752	
6.41	4.85656e-17 0 -0.134752	
6.42	4.85065e-17 0 -0.134752	
6.43	4.84318e-17 0 -0.134752	
6.44	4.84966e-17 0 -0.134752	
6.45	4.85755e-17 0 -0.134752	
6.46	4.87451e-17 0 -0.134752	
6.47	4.90012e-17 0 -0.134752	
6.48	4.91698e-17 0 -0.134752	
6.49	4.93406e-17 0 -0.134752	
6.5	4.95136e-17 0 -0.134752	
6.51	4.96277e-17 0 -0.134752	
6.52	4.9714e-17 0 -0.134752	
6.53	4.98002e-17 0 -0.134752	
6.54	4.97976e-17 0 -0.134752	
6.55	4.98838e-17 0 -0.134752	
6.56	4.98562e-17 0 -0.134752	
6.57	4.98562e-17 0 -0.134752	
6.58	4.99291e-17 0 -0.134752	
6.59	4.99422e-17 0 -0.134752	
6.6	4.99422e-17 0 -0.134752	
6.61	4.99422e-17 0 -0.134752	
6.62	4.99291e-17 0 -0.134752	
6.63	4.99422e-17 0 -0.134752	
6.64	4.99422e-17 0 -0.134752	
6.65	4.99422e-17 0 -0.134752	
6.66	4.99422e-17 0 -0.134752	
6.67	5.00282e-17 0 -0.134752	
6.68	5.00282e-17 0 -0.134752	
6.69	5.01142e-17 0 -0.134752	
6.7	5.02e-17 0 -0.134752	
6.71	5.02858e-17 0 -0.134752	
6.72	5.04571e-17 0 -0.134752	
6.73	5.0628e-17 0 -0.134752	
6.74	5.07961e-17 0 -0.134752	
6.75	5.08813e-17 0 -0.134752	
6.76	5.09664e-17 0 -0.134752	
6.77	5.11364e-17 0 -0.134752	
6.78	5.13061e-17 0 -0.134752	
6.79	5.14729e-17 0 -0.134752	
6.8	5.16419e-17 0 -0.134752	
6.81	5.1808e-17 0 -0.134752	
6.82	-0.00567428 -0.0432409 0.346672	
6.83	-0.0391906 -0.351106 3.04509	
6.84	-0.0559936 -0.441422 3.44416	
6.85	-0.0822857 -0.48981 4.39244	
6.86	-0.0952866 -0.524675 4.64051	
6.87	-0.0736968 -0.417027 4.6678	
6.88	-0.0493253 -0.364229 4.38828	
6.89	-0.0819709 -0.444803 4.68152	
6.9	-0.0644276 -0.331081 4.18456	
6.91	-0.0389692 -0.31122 4.54326	
6.92	-0.0297844 -0.353619 4.81883	
6.93	-0.0374048 -0.221337 4.39412	
6.94	-0.0308112 -0.166226 3.91579	
6.95	-0.0476496 -0.282005 4.93558	
6.96	-0.0387791 -0.307633 5.58353	
6.97	-0.0271452 -0.215992 4.03767	
6.98	-0.0364516 -0.157755 4.5449	
6.99	-0.0390001 -0.16502 4.73148	
7	-0.0210866 -0.116783 4.56312	
7.01	-0.0195058 -0.00838863 4.83727	
7.02	-0.0133704 0.00784808 3.48721	
7.03	0.0196345 0.0746473 4.45906	
7.04	0.116401 0.451908 6.20667	
7.05	-0.0746562 0.519387 6.90782	
7.06	-0.0581283 0.465582 6.32407	
7.07	0.00920181 0.465649 6.79146	
7.08	0.0105481 0.419919 5.45344	
7.09	0.0104976 0.405357 5.61981	
7.1	0.00681659 0.314768 5.92509	
7.11	0.0172541 0.287619 5.36942	
7.12	0.015993 0.28072 5.0905	
7.13	0.0269441 0.213126 4.8612	
7.14	0.0117235 0.195043 5.74489	
7.15	0.062387 0.130306 5.39622	
7.16	-0.0248107 0.138696 5.11907	
7.17	0.0415988 0.127289 5.50119	
7.18	0.0139104 0.0910003 4.68447	
7.19	0.0140268 0.0591788 3.87241	
7.2	0.0262771 0.100743 4.2693	
7.21	0.0338662 0.0840344 4.87189	
7.22	0.0122915 0.0421034 4.04525	
7.23	0.0004276 0.0125261 5.1848	
7.24	0.00141612 0.0318213 4.01837	
7.25	-0.00319159 -0.0800929 5.17264	
7.26	-0.0460986 -0.170809 5.31937	
7.27	-0.0339052 -0.125623 3.85146	
7.28	-0.0181051 -0.165376 4.79737	
7.29	-0.0130794 -0.120176 3.46944	
7.3	-0.00681501 -0.124687 4.26159	
7.31	-0.0554466 -0.249279 5.14105	
7.32	-0.0358049 -0.214817 3.86272	
7.33	-0.0317421 -0.121203 4.00335	
7.34	-0.0793851 -0.28912 4.89406	
7.35	-0.0672844 -0.237199 4.15736	
7.36	-0.0521724 -0.24312 3.58158	
7.37	-0.055293 -0.254937 4.29005	
7.38	-0.0794585 -0.396275 5.21325	
7.39	-0.0577186 -0.28786 3.77292	
7.4	-0.0663371 -0.291201 4.26463	
7.41	-0.103584 -0.463757 5.00867	
7.42	-0.0750547 -0.336104 3.62112	
7.43	-0.0549497 -0.246099 2.60951	
7.44	-0.0404052 -0.180947 1.87214	
7.45	-0.0297814 -0.133355 1.33323	
7.46	-0.0218706 -0.0979254 0.938624	
7.47	-0.0160539 -0.0718762 0.650029	
7.48	-0.0117574 -0.0526393 0.438768	
7.49	-0.0086267 -0.0386225 0.284273	
7.5	-0.00632787 -0.0283286 0.171398	
7.51	-0.00464573 -0.0207974 0.0888003	
7.52	-0.00342515 -0.015332 0.028443	
7.53	-0.00252921 -0.0113205 -0.015701	
7.54	-0.0170707 0.107168 0.114381	
7.55	-0.0125116 0.0781686 0.047263	
7.56	-0.00915324 0.0571104 -0.00197821	
7.57	-0.00670017 0.0417188 -0.0379503	
7.58	-0.00490296 0.0304744 -0.0642848	
7.59	-0.00358932 0.0222544 -0.0835339	
7.6	-0.00262962 0.0162414 -0.0976015	
7.61	-0.00192757 0.0118435 -0.107892	
7.62	-0.00140919 0.008659 -0.115449	
7.63	-0.00103164 0.0063228 -0.120964	
7.64	-0.000754297 0.00462312 -0.125004	
7.65	-0.000551316 0.00338143 -0.12796	
7.66	-0.000403387 0.00247096 -0.130117	
7.67	-0.00029521 0.00180476 -0.131695	
7.68	-0.000215804 0.0013197 -0.132851	
7.69	-0.000157808 0.000964737 -0.133695	
7.7	-0.000115382 0.000705369 -0.134313	
7.71	-0.000115421 0.000705117 -0.134313	
7.72	-0.00011566 0.000703521 -0.134311	
7.73	-0.000115928 0.000701633 -0.13431	
7.74	-0.000116062 0.000700962 -0.134309	
7.75	-0.000116115 0.000700714 -0.134308	
7.76	-0.000116098 0.000700938 -0.134308	
7.77	-0.000116481 0.000698527 -0.134306	
7.78	-0.000116926 0.000695604 -0.134303	
7.79	-0.000117367 0.000692686 -0.134301	
7.8	-0.000117669 0.000690331 -0.134299	
7.81	-0.000117928 0.000688589 -0.134298	
7.82	-0.000117977 0.000688286 -0.134297	
7.83	-0.000118098 0.000687042 -0.134297	
7.84	-0.000118211 0.000686181 -0.134296	
7.85	-0.000118342 0.000684946 -0.134296	
7.86	-0.000118601 0.000683076 -0.134294	
7.87	-0.000118675 0.000681921 -0.134294	
7.88	-0.000118634 0.000681447 -0.134295	
7.89	-0.000118648 0.000680346 -0.134296	
7.9	-0.000118931 0.000677889 -0.134294	
7.91	-0.000119331 0.000674473 -0.134293	
7.92	-0.000119671 0.000671596 -0.134291	
7.93	-0.000120127 0.00066794 -0.134289	
7.94	-0.000120421 0.000665369 -0.134287	
7.95	-0.000121006 0.00066054 -0.134285	
7.96	-0.000121527 0.000656232 -0.134282	
7.97	-0.000122288 0.000650278 -0.134278	
7.98	-0.000123223 0.000642645 -0.134273	
7.99	-0.000123733 0.000638506 -0.134271	
8	-0.000124357 0.000633661 -0.134268	
8.01	-0.000124857 0.000629631 -0.134265	
8.02	-0.000125275 0.000625909 -0.134263	
8.03	-0.000125665 0.000621797 -0.134262	
8.04	-0.000126237 0.000616003 -0.13426	
8.05	-0.000126847 0.000609942 -0.134258	
8.06	-0.000127589 0.000603295 -0.134255	
8.07	-0.000128104 0.000598072 -0.134253	
8.08	-0.000128666 0.000592887 -0.134251	
8.09	-0.000128988 0.000589434 -0.13425	
8.1	-0.00012937 0.000585728 -0.134248	
8.11	-0.000129557 0.000583507 -0.134248	
8.12	-0.000129816 0.000580644 -0.134247	
8.13	-0.000129749 0.000580203 -0.134248	
8.14	-0.000129677 0.000579054 -0.13425	
8.15	-0.000129521 0.000578059 -0.134252	
8.16	-0.000129577 0.000576016 -0.134253	
8.17	-0.000129599 0.000572635 -0.134255	
8.18	-0.000129548 0.000568773 -0.134259	
8.19	-0.000129611 0.000562958 -0.134262	
8.2	-0.000129543 0.000558396 -0.134267	
8.21	-0.000129413 0.000554065 -0.134271	
8.22	-0.000129379 0.000549516 -0.134275	
8.23	-0.000129079 0.000546752 -0.13428	
8.24	-0.000128795 0.000544706 -0.134285	
8.25	-0.000128494 0.000541792 -0.134291	
8.26	-0.000128254 0.000537892 -0.134296	
8.27	-0.000127868 0.000535445 -0.134302	
8.28	-0.000127398 0.000534463 -0.134308	
8.29	-0.00012714 0.000532055 -0.134313	
8.3	-0.000126693 0.00053168 -0.134318	
8.31	-0.000126236 0.000531627 -0.134323	
8.32	-0.000125649 0.000532389 -0.134329	
8.33	-0.000125067 0.000532776 -0.134335	
8.34	-0.000124471 0.000533044 -0.134342	
8.35	-0.000123885 0.000533718 -0.134348	
8.36	-0.000123386 0.000534511 -0.134352	
8.37	-0.000122787 0.000534493 -0.134359	
8.38	-0.000122308 0.000534479 -0.134364	
8.39	-0.000121858 0.000532481 -0.134371	
8.4	-0.000121519 0.000530639 -0.134376	
8.41	-0.000121182 0.000528469 -0.134381	
8.42	-0.000120942 0.000526822 -0.134385	
8.43	-0.000120817 0.000524248 -0.134388	
8.44	-0.000120682 0.000522967 -0.134391	
8.45	-0.000120399 0.000522225 -0.134395	
8.46	-0.000120419 0.000519587 -0.134396	
8.47	-0.000120376 0.000518317 -0.134398	
8.48	-0.0001203 0.000516999 -0.1344	
8.49	-0.000120355 0.000514795 -0.134401	
8.5	-0.000120336 0.000513016 -0.134402	
8.51	-0.000120405 0.000511642 -0.134402	
8.52	-0.00012038 0.000510374 -0.134404	
8.53	-0.000120317 0.000509564 -0.134405	
8.54	-0.000120378 0.000507268 -0.134406	
8.55	-0.000120357 0.00050638 -0.134407	
8.56	-0.000120227 0.000504246 -0.13441	
8.57	-0.000120096 0.000502414 -0.134413	
8.58	-0.000120139 0.0004997 -0.134414	
8.59	-0.000120442 0.000496263 -0.134413	
8.6	-0.000120753 0.000493318 -0.134412	
8.61	-0.000120871 0.000492427 -0.134412	
8.62	-0.000120884 0.000493234 -0.134411	
8.63	-0.000120603 0.000496845 -0.134411	
8.64	-0.000120072 0.00050112 -0.134414	
8.65	-0.00011958 0.000505369 -0.134416	
8.66	-0.000119147 0.000508583 -0.134419	
8.67	-0.000118862 0.000510934 -0.13442	
8.68	-0.00011853 0.000513041 -0.134422	
8.69	-0.000118227 0.000515386 -0.134424	
8.7	-0.000117695 0.000520641 -0.134426	
8.71	-0.00011722 0.000524429 -0.134428	
8.72	-0.000116515 0.000530087 -0.134432	
8.73	-0.000115933 0.000534617 -0.134435	
8.74	-0.000115324 0.000538772 -0.134438	
8.75	-0.000115005 0.000541488 -0.13444	
8.76	-0.000114767 0.000543619 -0.134441	
8.77	-0.000114359 0.000547103 -0.134443	
8.78	-0.000113918 0.000549991 -0.134445	
8.79	-0.000113623 0.000553101 -0.134446	
8.8	-0.000113224 0.000556398 -0.134448	
8.81	-0.000112783 0.000559294 -0.134451	
8.82	-0.000112124 0.000564214 -0.134454	
8.83	-0.000111532 0.000568385 -0.134458	
8.84	-0.000111307 0.000571165 -0.134458	
8.85	-0.000111118 0.000572577 -0.134459	
8.86	-0.000110872 0.000574832 -0.13446	
8.87	-0.000110735 0.000576352 -0.134461	
8.88	-0.000110627 0.000577082 -0.134461	
8.89	-0.000110567 0.000578062 -0.134461	
8.9	-0.000110568 0.000578554 -0.134461	
8.91	-0.000110576 0.000578908 -0.134461	
8.92	-0.0001105 0.000580361 -0.13446	
8.93	-0.000110374 0.000581071 -0.134461	
8.94	-0.000110396 0.00058213 -0.13446	
8.95	-0.000110317 0.000583774 -0.13446	
8.96	-0.000110162 0.000585326 -0.13446	
8.97	-0.000109992 0.000588187 -0.13446	
8.98	-0.000109898 0.000589606 -0.13446	
8.99	-0.000109839 0.000591055 -0.13446	
9	-0.000109754 0.000592138 -0.13446	
9.01	-0.00010967 0.00059322 -0.13446	
9.02	-0.000109609 0.000594182 -0.13446	
9.03	-0.000109416 0.000595979 -0.134461	
9.04	-0.000109119 0.000598446 -0.134462	
9.05	-0.00010897 0.000599614 -0.134463	
9.06	-0.000108677 0.000601553 -0.134465	
9.07	-0.00010849 0.0006029 -0.134466	
9.08	-0.00010817 0.000605196 -0.134467	
9.09	0.203713 -0.291655 2.94106	
9.1	0.328757 -0.445171 4.57123	
9.11	0.303026 -0.437347 4.75888	
9.12	0.261654 -0.416549 4.4664	
9.13	0.227717 -0.360692 3.77963	
9.14	0.229046 -0.399729 4.58563	
9.15	0.190601 -0.346043 4.54911	
9.16	0.170142 -0.327592 4.60632	
9.17	0.196471 -0.395216 5.09861	
9.18	0.135437 -0.287423 4.51306	
9.19	0.166704 -0.274493 4.62819	
9.2	0.141522 -0.204415 4.47788	
9.21	0.0389429 -0.0996007 4.34846	
9.22	0.140858 -0.170799 5.19926	
9.23	0.0612696 -0.0579486 4.59755	
9.24	0.066812 -0.0774031 5.53973	
9.25	0.0593488 -0.0872283 5.27569	
9.26	0.0751365 -0.0657003 5.15716	
9.27	0.0407039 -0.102452 4.56747	
9.28	0.0871644 -0.0850168 5.22415	
9.29	0.0854117 -0.0824812 5.41488	
9.3	0.0786595 -0.108682 4.25063	
9.31	0.054772 -0.0936067 4.57313	
9.32	0.0708539 -0.0996244 4.74038	
9.33	0.0372208 -0.0315825 4.57165	
9.34	0.0104183 -0.0673603 5.22706	
9.35	0.0124922 -0.0352993 3.96575	
9.36	-0.0550607 0.023261 5.35198	
9.37	-0.0146015 0.0340781 5.40755	
9.38	-0.0599968 0.107934 4.83519	
9.39	-0.11057 0.200845 4.29513	
9.4	-0.182488 0.34943 5.02444	
9.41	-0.2491 0.370529 5.73764	
9.42	-0.0411991 0.0447236 4.91617	
9.43	-0.0297327 0.0334067 3.55706	
9.44	-0.0919397 0.333787 5.32982	
9.45	-0.375798 0.0023407 5.10007	
9.46	-0.602004 0.211494 0.808708	
9.47	1.11378 -4.78301 -3.48618	
9.48	1.44452 -2.16153 -3.32364	
9.49	1.04022 -1.53612 -2.4273	
9.5	0.762908 -1.10259 -1.79882	
9.51	-0.440346 0.863484 -1.81611	
9.52	-0.32326 0.633525 -1.362	
9.53	0.445762 -4.35085 -1.44201	
9.54	-0.1616 -2.7212 -0.729332	
9.55	-1.1113 -0.494833 0.866773	
9.56	-0.812647 -0.359828 0.597002	
9.57	-0.593079 -0.26135 0.39906	
9.58	-0.30635 0.012748 0.313464	
9.59	1.3659 0.32288 2.0396	
9.6	0.708077 0.838745 1.7194	
9.61	-0.113094 -1.74877 1.04402	
9.62	0.00387599 -1.20187 0.752361	
9.63	-0.215349 1.96957 0.827458	
9.64	0.29534 0.857077 -2.18505	
9.65	0.09091 0.61824 -1.63488	
9.66	0.689578 0.423101 4.82566	
9.67	0.440543 0.385092 4.44898	
9.68	-0.115703 -0.13322 4.66398	
9.69	-0.289836 -0.00441509 5.5154	
9.7	-0.0844639 -0.192088 4.82041	
9.71	-0.128456 -0.19588 5.25631	
9.72	-0.0763366 -0.170708 3.94186	
9.73	-0.0804731 -0.103617 5.36734	
9.74	-0.0323904 -0.103369 4.18057	
9.75	-0.0310876 -0.104471 5.25349	
9.76	-0.0229142 -0.0741485 3.8021	
9.77	-0.00933005 -0.09149 5.40188	
9.78	-0.00743116 -0.0632662 3.90814	
9.79	0.000211461 -0.091 5.3086	
9.8	-0.000388925 -0.063438 3.84038	
9.81	0.013619 -0.0771279 4.72483	
9.82	0.0810242 -0.17418 4.98415	
9.83	0.0603325 -0.129945 3.61102	
9.84	0.0726006 -0.174762 5.04024	
9.85	0.101649 -0.195819 4.59471	
9.86	0.052486 -0.158221 3.77515	
9.87	0.0908688 -0.222185 5.05955	
9.88	0.0648275 -0.159605 3.66003	
9.89	0.160438 -0.281135 4.94318	
9.9	0.186871 -0.340239 5.22344	
9.91	0.130248 -0.237285 3.76646	
9.92	0.195861 -0.390271 4.87181	
9.93	0.147798 -0.29484 3.55124	
9.94	0.106928 -0.213283 2.55469	
9.95	0.0773851 -0.154347 1.82809	
9.96	0.0556947 -0.111102 1.29754	
9.97	0.0403112 -0.0804156 0.910701	
9.98	0.0294108 -0.0586699 0.62905	
9.99	0.0214775 -0.0428423 0.423209	
10	0.0155897 -0.0310996 0.272548	
10.01	0.0112767 -0.0224992 0.162421	
10.02	0.00820176 -0.0163665 0.082136	
10.03	0.00605146 -0.0120764 0.0237356	
10.04	0.00443029 -0.00884233 -0.0191344	
10.05	0.00325197 -0.00649038 -0.0505087	
10.06	0.00235723 -0.00470544 -0.0735316	
10.07	0.00171052 -0.00341482 -0.0903579	
10.08	0.00124155 -0.00247875 -0.102653	
10.09	0.000894991 -0.00178728 -0.111645	
10.1	0.000659325 -0.00131638 -0.118184	
10.11	0.000486022 -0.00097028 -0.12296	
10.12	0.000360952 -0.00072036 -0.126453	
10.13	0.000267074 -0.000532906 -0.12901	
10.14	0.000196668 -0.000392398 -0.130883	
10.15	0.000145861 -0.000290975 -0.132251	
10.16	0.000107935 -0.000215275 -0.133254	
10.17	7.93108e-05 -0.000158189 -0.133989	
10.18	5.81061e-05 -0.000115914 -0.134526	
10.19	5.81179e-05 -0.000115965 -0.134525	
10.2	5.79561e-05 -0.00011568 -0.134524	
10.21	5.8368e-05 -0.000116509 -0.134522	
10.22	5.85798e-05 -0.000116945 -0.134521	
10.23	5.86219e-05 -0.000117049 -0.13452	
10.24	5.90737e-05 -0.000117945 -0.134518	
10.25	5.9459e-05 -0.000118707 -0.134517	
10.26	6.01047e-05 -0.000119971 -0.134516	
10.27	6.10357e-05 -0.000121793 -0.134514	
10.28	6.15706e-05 -0.000122838 -0.134513	
10.29	6.18056e-05 -0.000123293 -0.134513	
10.3	6.20859e-05 -0.000123832 -0.134512	
10.31	6.21479e-05 -0.000123953 -0.134512	
10.32	6.20164e-05 -0.000123689 -0.134513	
10.33	6.21712e-05 -0.000123988 -0.134513	
10.34	6.27241e-05 -0.000125057 -0.134512	
10.35	6.31573e-05 -0.000125894 -0.134512	
10.36	6.33271e-05 -0.000126213 -0.134512	
10.37	6.35106e-05 -0.000126564 -0.134512	
10.38	6.36459e-05 -0.000126821 -0.134512	
10.39	6.37658e-05 -0.00012705 -0.134512	
10.4	6.4042e-05 -0.000127584 -0.134512	
10.41	6.41427e-05 -0.000127777 -0.134512	
10.42	6.4684e-05 -0.000128821 -0.134511	
10.43	6.50215e-05 -0.00012947 -0.134511	
10.44	6.54423e-05 -0.000130282 -0.13451	
10.45	6.61982e-05 -0.000131747 -0.134509	
10.46	6.64595e-05 -0.000132247 -0.134509	
10.47	6.66768e-05 -0.000132668 -0.134509	
10.48	6.70087e-05 -0.000133312 -0.134509	
10.49	6.69425e-05 -0.000133181 -0.134509	
10.5	6.69078e-05 -0.000133104 -0.134509	
10.51	6.74212e-05 -0.000134097 -0.134509	
10.52	6.74236e-05 -0.000134091 -0.134509	
10.53	6.74347e-05 -0.000134107 -0.134509	
10.54	6.73379e-05 -0.000133906 -0.13451	
10.55	6.72643e-05 -0.000133755 -0.134511	
10.56	6.69475e-05 -0.000133126 -0.134512	
10.57	6.68307e-05 -0.000132888 -0.134512	
10.58	6.68669e-05 -0.000132937 -0.134513	
10.59	6.74889e-05 -0.000134122 -0.134513	
10.6	6.77324e-05 -0.000134576 -0.134514	
10.61	6.86735e-05 -0.000136404 -0.134512	
10.62	6.95726e-05 -0.000138155 -0.134511	
10.63	7.0292e-05 -0.000139556 -0.13451	
10.64	7.08085e-05 -0.000140567 -0.134508	
10.65	7.12114e-05 -0.000141358 -0.134507	
10.66	7.16924e-05 -0.000142292 -0.134507	
10.67	7.1935e-05 -0.000142774 -0.134506	
10.68	7.2034e-05 -0.000142967 -0.134506	
10.69	7.2367e-05 -0.000143619 -0.134505	
10.7	7.22171e-05 -0.000143332 -0.134505	
10.71	7.23768e-05 -0.000143644 -0.134505	
10.72	7.24064e-05 -0.000143703 -0.134505	
10.73	7.25506e-05 -0.000143985 -0.134504	
10.74	7.24758e-05 -0.000143838 -0.134505	
10.75	7.26044e-05 -0.00014409 -0.134504	
10.76	7.27181e-05 -0.000144305 -0.134504	
10.77	7.24022e-05 -0.000143687 -0.134505	
10.78	7.23292e-05 -0.000143543 -0.134505	
10.79	7.23123e-05 -0.000143496 -0.134506	
10.8	7.25156e-05 -0.00014388 -0.134506	
10.81	7.27874e-05 -0.000144392 -0.134506	
10.82	7.2551e-05 -0.000143916 -0.134507	
10.83	7.28719e-05 -0.00014451 -0.134508	
10.84	7.30676e-05 -0.000144865 -0.134509	
10.85	7.3297e-05 -0.000145293 -0.134509	
10.86	7.35328e-05 -0.000145729 -0.13451	
10.87	7.41543e-05 -0.000146919 -0.13451	
10.88	7.414e-05 -0.00014687 -0.134511	
10.89	7.44785e-05 -0.000147515 -0.134511	
10.9	7.45842e-05 -0.000147701 -0.134511	
10.91	7.47015e-05 -0.000147915 -0.134512	
10.92	7.4599e-05 -0.000147696 -0.134513	
10.93	7.42442e-05 -0.000146998 -0.134514	
10.94	7.40527e-05 -0.000146612 -0.134515	
10.95	7.38587e-05 -0.000146231 -0.134515	
10.96	7.38433e-05 -0.000146192 -0.134515	
10.97	7.37072e-05 -0.000145924 -0.134516	
10.98	7.37617e-05 -0.000146022 -0.134516	
10.99	7.35144e-05 -0.000145544 -0.134516	
11	7.34464e-05 -0.00014541 -0.134516	
11.01	7.34464e-05 -0.00014541 -0.134516	
11.02	7.3445e-05 -0.000145409 -0.134516	
11.03	7.3607e-05 -0.000145718 -0.134516	
11.04	7.36056e-05 -0.000145717 -0.134516	
11.05	7.36451e-05 -0.000145794 -0.134516	
11.06	7.36846e-05 -0.000145872 -0.134516	
11.07	7.37637e-05 -0.000146028 -0.134516	
11.08	7.38033e-05 -0.000146105 -0.134516	
11.09	7.38033e-05 -0.000146105 -0.134516	
11.1	7.38033e-05 -0.000146105 -0.134516	
11.11	7.38048e-05 -0.000146106 -0.134516	
11.12	7.38048e-05 -0.000146106 -0.134516	
11.13	7.42149e-05 -0.000146901 -0.134515	
11.14	7.45963e-05 -0.000147633 -0.134515	
11.15	7.46477e-05 -0.000147726 -0.134515	
11.16	7.47282e-05 -0.000147882 -0.134515	
11.17	7.47822e-05 -0.000147977 -0.134516	
11.18	7.49365e-05 -0.000148268 -0.134516	
11.19	7.49394e-05 -0.00014827 -0.134516	
11.2	7.50967e-05 -0.000148563 -0.134516	
11.21	7.49208e-05 -0.000148221 -0.134517	
11.22	7.49525e-05 -0.00014828 -0.134517	
11.23	7.54393e-05 -0.000149213 -0.134516	
11.24	7.55957e-05 -0.000149506 -0.134517	
11.25	7.59061e-05 -0.00015009 -0.134517	
11.26	7.62411e-05 -0.000150735 -0.134517	
11.27	7.63297e-05 -0.00015089 -0.134517	
11.28	7.66233e-05 -0.000151457 -0.134517	
11.29	7.68378e-05 -0.000151871 -0.134517	
11.3	7.65647e-05 -0.000151325 -0.134518	
11.31	7.63101e-05 -0.000150827 -0.134518	
11.32	7.6541e-05 -0.000151252 -0.134519	
11.33	7.70761e-05 -0.000152274 -0.134519	
11.34	7.79294e-05 -0.000153903 -0.134519	
11.35	7.89128e-05 -0.000155792 -0.134518	
11.36	7.97518e-05 -0.000157408 -0.134518	
11.37	8.04816e-05 -0.000158809 -0.134517	
11.38	8.11008e-05 -0.000160003 -0.134517	
11.39	8.16497e-05 -0.000161049 -0.134517	
11.4	8.2411e-05 -0.000162501 -0.134517	
11.41	8.28703e-05 -0.000163368 -0.134517	
11.42	8.34464e-05 -0.000164456 -0.134518	
11.43	8.39362e-05 -0.000165384 -0.134518	
11.44	8.48086e-05 -0.000167055 -0.134518	
11.45	8.54846e-05 -0.000168347 -0.134518	
11.46	8.59446e-05 -0.000169238 -0.134517	
11.47	8.62423e-05 -0.000169818 -0.134517	
11.48	8.69154e-05 -0.000171128 -0.134516	
11.49	8.73071e-05 -0.000171892 -0.134515	
11.5	8.82598e-05 -0.000173736 -0.134514	
11.51	8.93714e-05 -0.000175904 -0.134512	
11.52	9.05303e-05 -0.000178165 -0.13451	
11.53	9.1657e-05 -0.000180357 -0.134508	
11.54	9.23407e-05 -0.000181693 -0.134507	
11.55	9.32179e-05 -0.000183396 -0.134505	
11.56	9.38101e-05 -0.000184527 -0.134505	
11.57	9.45472e-05 -0.000185942 -0.134505	
11.58	9.53805e-05 -0.000187542 -0.134504	
11.59	9.66447e-05 -0.000189977 -0.134503	
11.6	9.83622e-05 -0.000193307 -0.134501	
11.61	0.000100696 -0.000197846 -0.134498	
11.62	0.000102407 -0.000201173 -0.134495	
11.63	0.000103804 -0.000203896 -0.134492	
11.64	0.000105325 -0.000206857 -0.13449	
11.65	0.000106862 -0.000209853 -0.134487	
11.66	0.000108494 -0.000213034 -0.134484	
11.67	0.00011024 -0.000216431 -0.134482	
11.68	0.000112535 -0.000220888 -0.134478	
11.69	0.00011436 -0.000224447 -0.134475	
11.7	0.000115821 -0.000227307 -0.134472	
11.71	0.00011739 -0.000230384 -0.134468	
11.72	0.00011855 -0.000232661 -0.134466	
11.73	0.00011979 -0.000235083 -0.134463	
11.74	0.000120855 -0.000237166 -0.134461	
11.75	0.000122806 -0.000240947 -0.134459	
11.76	0.00012484 -0.000244886 -0.134456	
11.77	0.00012672 -0.000248517 -0.134454	
11.78	0.00012824 -0.000251454 -0.134453	
11.79	0.000130115 -0.000255094 -0.13445	
11.8	0.000132389 -0.00025952 -0.134446	
11.81	0.000133903 -0.000262487 -0.134443	
11.82	0.000134784 -0.000264231 -0.13444	
11.83	0.000135452 -0.000265565 -0.134438	
11.84	0.000135677 -0.000266042 -0.134436	
11.85	0.000135837 -0.000266395 -0.134434	
11.86	0.000135842 -0.000266457 -0.134432	
11.87	0.000135859 -0.00026653 -0.13443	
11.88	0.000136152 -0.000267124 -0.134428	
11.89	0.000136482 -0.000267787 -0.134427	
11.9	0.000137205 -0.000269196 -0.134426	
11.91	0.000138026 -0.000270792 -0.134424	
11.92	0.000138682 -0.000272068 -0.134423	
11.93	0.000139072 -0.000272833 -0.134422	
11.94	0.000139331 -0.000273346 -0.134422	
11.95	0.000139748 -0.000274167 -0.134421	
11.96	0.000140309 -0.000275265 -0.134419	
11.97	0.000140552 -0.000275752 -0.134418	
11.98	0.000140999 -0.000276626 -0.134418	
11.99	0.000141646 -0.000277877 -0.134417	
12	0.000141973 -0.000278512 -0.134416	
12.01	0.00014269 -0.000279895 -0.134416	
12.02	0.000142853 -0.000280209 -0.134416	
12.03	0.000143361 -0.000281187 -0.134415	
12.04	0.0001439 -0.000282224 -0.134415	
12.05	0.00014401 -0.000282436 -0.134415	
12.06	0.000143945 -0.000282312 -0.134415	
12.07	0.000143849 -0.000282125 -0.134415	
12.08	0.000143847 -0.000282124 -0.134415	
12.09	0.000143958 -0.000282336 -0.134415	
12.1	0.000143992 -0.000282403 -0.134415	
12.11	0.000143721 -0.00028188 -0.134415	
12.12	0.000144209 -0.000282817 -0.134415	
12.13	0.000144407 -0.000283194 -0.134415	
12.14	0.000144851 -0.000284046 -0.134415	
12.15	0.000145295 -0.000284898 -0.134414	
12.16	0.000145806 -0.000285876 -0.134414	
12.17	0.000146318 -0.000286857 -0.134414	
12.18	0.00014652 -0.00028724 -0.134414	
12.19	0.000146597 -0.000287386 -0.134414	
12.2	0.000146775 -0.000287727 -0.134414	
12.21	0.000146288 -0.00028679 -0.134414	
12.22	0.000146275 -0.000286768 -0.134414	
12.23	0.000145848 -0.000285954 -0.134414	
12.24	0.000145565 -0.000285413 -0.134414	
12.25	0.000145142 -0.000284604 -0.134414	
12.26	0.000145142 -0.000284604 -0.134414	
12.27	0.000145001 -0.000284335 -0.134414	
12.28	0.000144936 -0.000284212 -0.134414	
12.29	0.000145077 -0.00028448 -0.134414	
12.3	0.000145056 -0.000284437 -0.134414	
12.31	0.000145369 -0.00028504 -0.134414	
12.32	0.000145585 -0.000285455 -0.134414	
12.33	0.000145737 -0.000285746 -0.134414	
12.34	0.000145596 -0.000285477 -0.134414	
12.35	0.000145456 -0.000285209 -0.134414	
12.36	0.000145314 -0.000284939 -0.134414	
12.37	0.000145349 -0.000285006 -0.134414	
12.38	0.000145174 -0.000284671 -0.134414	
12.39	0.000145174 -0.000284671 -0.134414	
12.4	0.000145034 -0.000284403 -0.134414	
12.41	0.000144894 -0.000284136 -0.134414	
12.42	0.000145132 -0.000284595 -0.134414	
12.43	0.000144993 -0.000284329 -0.134414	
12.44	0.000145132 -0.000284595 -0.134414	
12.45	0.000144993 -0.000284329 -0.134414	
12.46	0.000144993 -0.000284329 -0.134414	
12.47	0.000144853 -0.000284062 -0.134414	
12.48	0.000144853 -0.000284062 -0.134414	
12.49	0.000144575 -0.000283531 -0.134414	
12.5	0.000144437 -0.000283266 -0.134414	
12.51	0.000144437 -0.000283266 -0.134414	
12.52	0.000144437 -0.000283266 -0.134414	
12.53	0.000144814 -0.000283991 -0.134414	
12.54	0.000144915 -0.000284186 -0.134414	
12.55	0.000144991 -0.000284333 -0.134414	
12.56	0.000145446 -0.000285206 -0.134413	
12.57	0.000145788 -0.000285866 -0.134413	
12.58	0.000146107 -0.000286478 -0.134413	
12.59	0.000146268 -0.000286793 -0.134413	
12.6	0.000146119 -0.000286515 -0.134412	
12.61	0.000146391 -0.000287047 -0.134412	
12.62	0.000146278 -0.000286837 -0.134412	
12.63	0.000146473 -0.000287218 -0.134411	
12.64	0.000146542 -0.000287355 -0.134411	
12.65	0.000146729 -0.000287719 -0.134411	
12.66	0.00014677 -0.000287803 -0.13441	
12.67	0.000147212 -0.000288659 -0.13441	
12.68	0.000147567 -0.000289347 -0.134409	
12.69	0.000147987 -0.000290163 -0.134409	
12.7	0.000149702 -0.000293468 -0.134407	
12.71	0.000151571 -0.000297066 -0.134406	
12.72	0.000153113 -0.000300037 -0.134405	
12.73	0.000154029 -0.000301803 -0.134404	
12.74	0.000154492 -0.000302699 -0.134404	
12.75	0.000154521 -0.000302758 -0.134403	
12.76	0.000155026 -0.000303729 -0.134403	
12.77	0.000155239 -0.000304139 -0.134403	
12.78	0.000156442 -0.000306448 -0.134402	
12.79	0.000157621 -0.000308711 -0.134402	
12.8	0.000159296 -0.000311924 -0.134401	
12.81	0.00015993 -0.00031314 -0.134401	
12.82	0.000159919 -0.000313119 -0.134401	
12.83	0.000159638 -0.00031258 -0.134401	
12.84	0.000159065 -0.000311482 -0.134401	
12.85	0.000158458 -0.000310318 -0.134401	
12.86	0.000157819 -0.000309093 -0.134402	
12.87	0.00015724 -0.000307982 -0.134402	
12.88	0.000156317 -0.00030621 -0.134402	
12.89	0.000155523 -0.000304689 -0.134403	
12.9	0.000154949 -0.000303587 -0.134403	
12.91	0.000154828 -0.000303354 -0.134403	
12.92	0.000154663 -0.000303036 -0.134403	
12.93	0.000154575 -0.000302865 -0.134403	
12.94	0.000154683 -0.000303072 -0.134403	
12.95	0.000154284 -0.000302304 -0.134403	
12.96	0.000153906 -0.000301576 -0.134404	
12.97	0.000153658 -0.0003011 -0.134404	
12.98	0.000153617 -0.00030102 -0.134404	
12.99	0.000153497 -0.00030079 -0.134404	
13	0.000153143 -0.000300111 -0.134404	
13.01	0.000153063 -0.000299957 -0.134404	
13.02	0.000152744 -0.000299344 -0.134404	
13.03	0.000153103 -0.000300033 -0.134404	
13.04	0.000153103 -0.000300033 -0.134404	
13.05	0.00015275 -0.000299356 -0.134404	
13.06	0.000153144 -0.00030011 -0.134404	
13.07	0.000153195 -0.000300209 -0.134404	
13.08	0.000153446 -0.000300691 -0.134404	
13.09	0.000153344 -0.000300495 -0.134404	
13.1	0.000153242 -0.000300299 -0.134404	
13.11	0.000153327 -0.000300463 -0.134404	
13.12	0.000153327 -0.000300463 -0.134404	
13.13	0.000153054 -0.000299938 -0.134404	
13.14	0.00015278 -0.000299413 -0.134404	
13.15	0.000153054 -0.000299938 -0.134404	
13.16	0.000153054 -0.000299938 -0.134404	
13.17	0.000153207 -0.000300233 -0.134404	
13.18	0.000153591 -0.000300968 -0.134404	
13.19	0.000154085 -0.000301916 -0.134404	
13.2	0.000154943 -0.00030356 -0.134404	
13.21	0.000155928 -0.000305446 -0.134403	
13.22	0.000155647 -0.000304902 -0.134404	
13.23	0.000155466 -0.000304549 -0.134404	
13.24	0.000155157 -0.000303949 -0.134404	
13.25	0.000154731 -0.00030312 -0.134405	
13.26	0.00015507 -0.000303761 -0.134405	
13.27	0.000156464 -0.000306427 -0.134405	
13.28	0.000158894 -0.000311084 -0.134404	
13.29	0.000161569 -0.000316206 -0.134403	
13.3	0.000164292 -0.000321417 -0.134403	
13.31	0.000167185 -0.00032695 -0.134402	
13.32	0.000170096 -0.000332512 -0.134402	
13.33	0.000171428 -0.00033505 -0.134402	
13.34	0.000171314 -0.000334818 -0.134403	
13.35	0.000169658 -0.000331637 -0.134403	
13.36	0.00016772 -0.000327919 -0.134404	
13.37	0.000165168 -0.000323025 -0.134405	
13.38	0.000162439 -0.000317801 -0.134406	
13.39	0.000161017 -0.000315082 -0.134406	
13.4	0.000160399 -0.000313906 -0.134406	
13.41	0.000160911 -0.000314894 -0.134406	
13.42	0.000161482 -0.000315995 -0.134405	
13.43	0.000161858 -0.000316718 -0.134405	
13.44	0.000161218 -0.000315493 -0.134405	
13.45	0.000161323 -0.0003157 -0.134405	
13.46	0.000161283 -0.000315628 -0.134405	
13.47	0.000161 -0.000315089 -0.134405	
13.48	0.000160086 -0.000313342 -0.134405	
13.49	0.000158391 -0.000310094 -0.134405	
13.5	0.000156576 -0.000306615 -0.134406	
13.51	0.000155186 -0.00030395 -0.134407	
13.52	-0.584225 -1.61977 -0.0719648	
13.53	0.0118047 -2.82107 -0.708825	
13.54	0.714513 -2.97368 -0.751881	
13.55	-0.270227 -3.6377 -0.411119	
13.56	0.839062 -3.46623 -0.519081	
13.57	-0.620643 -3.86112 -0.284977	
13.58	-0.14218 -4.12389 -0.76066	
13.59	-0.457925 -3.94375 -0.282596	
13.6	-0.496481 -4.0418 -0.35895	
13.61	-0.793868 -4.09448 -0.103049	
13.62	-1.00475 -4.09228 -0.0332043	
13.63	-0.420604 -4.09628 -0.307167	
13.64	-1.05744 -4.05015 0.241461	
13.65	-1.69409 -4.38432 0.497484	
13.66	-1.85399 -4.56944 0.668721	
13.67	-2.33578 -4.4463 1.13535	
13.68	-3.63319 -4.43142 2.8658	
13.69	-3.2856 -4.56458 2.51094	
13.7	-2.31882 -3.28166 4.39167	
13.71	-4.80128 -4.6899 3.6145	
13.72	-1.87596 -7.57284 1.25109	
13.73	-4.75417 -5.19759 2.0824	
13.74	-4.22402 -2.20585 2.31518	
13.75	-4.38338 -1.22155 2.37404	
13.76	-3.33236 -0.395989 1.82031	
13.77	-3.58257 0.181684 2.12788	
13.78	-2.6207 0.131546 1.5208	
13.79	-1.91672 0.0948398 1.07594	
13.8	-1.40195 0.0677826 0.750576	
13.81	-1.02543 0.0480758 0.512506	
13.82	-0.750208 0.0340159 0.338603	
13.83	-0.548701 0.0233532 0.210999	
13.84	-0.401128 0.0171965 0.117643	
13.85	-0.293287 0.0124541 0.0494285	
13.86	-0.214348 0.00914081 -0.00054599	
13.87	-0.156678 0.0067646 -0.0370113	
13.88	-0.114514 0.00493658 -0.0636856	
13.89	-0.0836964 0.0036086 -0.0831707	
13.9	-0.0611845 0.00275187 -0.0973682	
13.91	-0.0447172 0.00209173 -0.107765	
13.92	-0.0326834 0.0016661 -0.115348	
13.93	-0.0238884 0.00134491 -0.120889	
13.94	-0.0174663 0.001066 -0.124935	
13.95	-0.0127717 0.000830852 -0.127898	
13.96	-0.00934408 0.000653672 -0.130058	
13.97	-0.00683272 0.000523807 -0.131645	
13.98	-0.00499415 0.000417823 -0.13281	
13.99	-0.0036487 0.000325823 -0.133666	
14	-0.00266373 0.00025387 -0.134295	
14.01	-0.00194478 0.000194993 -0.134754	
14.02	-0.00142067 0.000149057 -0.135088	
14.03	-0.00142281 0.000156612 -0.135083	
14.04	-0.00142543 0.000168027 -0.135078	
14.05	-0.00142775 0.000179414 -0.135072	
14.06	-0.00142987 0.000188888 -0.135068	
14.07	-0.00143251 0.000196305 -0.135063	
14.08	-0.00143442 0.000203244 -0.135059	
14.09	-0.0014361 0.000210771 -0.135055	
14.1	-0.00144982 0.000257819 -0.135028	
14.11	-0.00144886 0.000258749 -0.135029	
14.12	-0.00144764 0.000260006 -0.13503	
14.13	-0.00144647 0.000261296 -0.135032	
14.14	-0.00144502 0.000262983 -0.135033	
14.15	-0.00144361 0.000267823 -0.135035	
14.16	-0.00144301 0.000269133 -0.135035	
14.17	-0.00144244 0.000267776 -0.135036	
14.18	-0.00144206 0.000267716 -0.135037	
14.19	-0.00144175 0.000269107 -0.135037	
14.2	-0.00144138 0.000272115 -0.135037	
14.21	-0.00144124 0.00027382 -0.135037	
14.22	-0.00144189 0.000267519 -0.135037	
14.23	-0.00144129 0.000268195 -0.135038	
14.24	-0.00144131 0.000267744 -0.135038	
14.25	-0.001441 0.000267614 -0.135038	
14.26	-0.0014408 0.00026789 -0.135039	
14.27	-0.00144033 0.000266286 -0.13504	
14.28	-0.00144067 0.000268075 -0.135039	
14.29	-0.00144096 0.000267263 -0.135038	
14.3	-0.00144087 0.000267945 -0.135038	
14.31	-0.00144024 0.000267709 -0.135039	
14.32	-0.00143979 0.000269302 -0.13504	
14.33	-0.00143978 0.000269894 -0.13504	
14.34	-0.00143935 0.000270896 -0.13504	
14.35	-0.00143984 0.000269798 -0.13504	
14.36	-0.0014428 0.0002662 -0.135036	
14.37	-0.00144678 0.000260948 -0.135031	
14.38	-0.00145156 0.000256783 -0.135025	
14.39	-0.00145575 0.00025369 -0.13502	
14.4	-0.00145843 0.000252319 -0.135016	
14.41	-0.00146008 0.000251563 -0.135014	
14.42	-0.00146146 0.000251167 -0.135012	
14.43	-0.00146221 0.000251252 -0.135011	
14.44	-0.00146239 0.000252179 -0.135011	
14.45	-0.00146256 0.000252222 -0.13501	
14.46	-0.00146265 0.000252245 -0.13501	
14.47	-0.00146352 0.000249761 -0.135009	
14.48	-0.00146286 0.000252307 -0.13501	
14.49	-0.00146452 0.000245959 -0.135009	
14.5	-0.00146547 0.000242137 -0.135008	
14.51	-0.00146602 0.000240914 -0.135007	
14.52	-0.00146635 0.000238736 -0.135007	
14.53	-0.00146235 0.000252169 -0.135011	
14.54	-0.00146201 0.000250775 -0.135011	
14.55	-0.00146189 0.000250342 -0.135012	
14.56	-0.00146163 0.000250324 -0.135012	
14.57	-0.00146137 0.000249864 -0.135013	
14.58	-0.00146127 0.000250316 -0.135013	
14.59	-0.00146118 0.000250317 -0.135013	
14.6	-0.00146113 0.000250318 -0.135013	
14.61	-0.00146108 0.000250319 -0.135013	
14.62	-0.00146134 0.000249482 -0.135013	
14.63	-0.00146129 0.000249483 -0.135013	
14.64	-0.00146121 0.000249029 -0.135013	
14.65	-0.00146104 0.00025032 -0.135013	
14.66	-0.00146129 0.000249483 -0.135013	
14.67	-0.00146104 0.00025032 -0.135013	
14.68	-0.00146125 0.000249485 -0.135013	
14.69	-0.00146121 0.000249029 -0.135013	
14.7	-0.00146129 0.000249483 -0.135013	
14.71	-0.00146104 0.00025032 -0.135013	
14.72	-0.00146125 0.000249485 -0.135013	
14.73	-0.00146125 0.000249485 -0.135013	
14.74	-0.00146066 0.000250707 -0.135013	
14.75	-0.0014607 0.000250705 -0.135013	
14.76	-0.00146032 0.000251092 -0.135014	
14.77	-0.00146024 0.000250641 -0.135014	
14.78	-0.00146007 0.00024974 -0.135014	
14.79	-0.00145973 0.000250129 -0.135015	
14.8	-0.00146008 0.000251563 -0.135014	
14.81	-0.00145997 0.000250303 -0.135014	
14.82	-0.00145985 0.000251241 -0.135014	
14.83	-0.00145911 0.000252485 -0.135015	
14.84	-0.00145905 0.000252957 -0.135015	
14.85	-0.00145912 0.000252158 -0.135015	
14.86	-0.00145871 0.000253023 -0.135016	
14.87	-0.00145883 0.000252221 -0.135016	
14.88	-0.00145769 0.00025341 -0.135017	
14.89	-0.00145738 0.000254257 -0.135017	
14.9	-0.00145672 0.000255496 -0.135018	
14.91	-0.00145672 0.000255496 -0.135018	
14.92	-0.00145637 0.000255888 -0.135019	
14.93	-0.00145907 0.000252168 -0.135015	
14.94	-0.00146058 0.000251993 -0.135013	
14.95	-0.00146287 0.000250957 -0.13501	
14.96	-0.00146582 0.000250941 -0.135006	
