# Gnuplot File : positions of 1 particle(s) Monitored
# 1st Column : time, others : particle(s) number 0 
0.01	9.89151 19.9414 3.18604	
0.02	9.88999 19.9412 3.1856	
0.03	9.89122 19.9413 3.18545	
0.04	9.89122 19.9413 3.18531	
0.05	9.89151 19.9414 3.18533	
0.06	9.89122 19.9413 3.18513	
0.07	9.89122 19.9413 3.18507	
0.08	9.89028 19.9412 3.18511	
0.09	9.89028 19.9412 3.18508	
0.1	9.89122 19.9413 3.18498	
0.11	9.89122 19.9413 3.18496	
0.12	9.89151 19.9414 3.18508	
0.13	9.89122 19.9413 3.18494	
0.14	9.89151 19.9414 3.18506	
0.15	9.89122 19.9413 3.18493	
0.16	9.89122 19.9413 3.18493	
0.17	9.89122 19.9413 3.18493	
0.18	9.88999 19.9412 3.18488	
0.19	9.89122 19.9413 3.18493	
0.2	9.89151 19.9414 3.18506	
0.21	9.89122 19.9413 3.18493	
0.22	9.89151 19.9414 3.18506	
0.23	9.89122 19.9413 3.18493	
0.24	9.89028 19.9412 3.18501	
0.25	9.89151 19.9414 3.18506	
0.26	9.89122 19.9413 3.18493	
0.27	9.88999 19.9412 3.18488	
0.28	9.89028 19.9416 3.18646	
0.29	9.89151 19.9417 3.18651	
0.3	9.89151 19.9414 3.18506	
0.31	9.89151 19.9414 3.18506	
0.32	9.89122 19.9413 3.18493	
0.33	9.89151 19.9417 3.18651	
0.34	9.89151 19.9414 3.18506	
0.35	9.89151 19.9414 3.18506	
0.36	9.89028 19.9412 3.18501	
0.37	9.89518 19.9404 3.17941	
0.38	9.8927 19.9398 3.17778	
0.39	9.87884 19.9366 3.17027	
0.4	9.83711 19.8071 3.19543	
0.41	9.78643 19.3922 3.62139	
0.42	9.75141 19.0774 3.85727	
0.43	9.74454 19.036 3.89745	
0.44	9.73413 18.8568 4.0209	
0.45	9.71054 18.501 4.37406	
0.46	9.68048 18.1382 4.76831	
0.47	9.65112 17.9896 4.96168	
0.48	9.63534 17.9223 4.99321	
0.49	9.62474 17.6479 5.08414	
0.5	9.60177 17.3614 5.40049	
0.51	9.58133 17.0536 5.79031	
0.52	9.56271 16.7646 5.88408	
0.53	9.54605 16.5417 5.88388	
0.54	9.53455 16.3909 5.90795	
0.55	9.53493 16.1614 5.91653	
0.56	9.63 15.9354 5.97182	
0.57	9.76305 15.7499 6.07342	
0.58	10.059 15.744 6.23363	
0.59	10.2994 15.7744 6.31429	
0.6	10.4278 15.7122 6.32419	
0.61	10.4937 15.6981 6.33282	
0.62	10.6918 15.7175 6.33995	
0.63	10.9617 15.7918 6.41069	
0.64	11.14 15.8576 6.46805	
0.65	11.1611 15.8678 6.47522	
0.66	11.178 15.877 6.48404	
0.67	11.1972 15.9122 6.52513	
0.68	11.2169 15.9341 6.54569	
0.69	11.2362 15.9993 6.55535	
0.7	11.2505 16.0685 6.5551	
0.71	11.2622 16.1149 6.55437	
0.72	11.2753 16.2442 6.55316	
0.73	11.3147 16.3935 6.54901	
0.74	11.3673 16.5358 6.53911	
0.75	11.4841 16.6407 6.52786	
0.76	11.605 16.7604 6.4484	
0.77	11.6564 16.7591 6.29646	
0.78	11.6609 16.757 6.18235	
0.79	11.6582 16.7953 5.91307	
0.8	11.6682 16.7612 5.53882	
0.81	11.6825 16.701 5.32928	
0.82	11.7262 16.6557 5.19115	
0.83	11.7597 16.6299 5.09973	
0.84	11.7703 16.6137 5.06335	
0.85	11.7841 16.6043 5.0395	
0.86	11.7923 16.5805 5.00095	
0.87	11.8004 16.552 4.95453	
0.88	11.8097 16.5155 4.90253	
0.89	11.8266 16.4627 4.83574	
0.9	11.8576 16.3731 4.76537	
0.91	11.8924 16.2556 4.70209	
0.92	11.9142 16.1533 4.67468	
0.93	11.9361 16.0836 4.66951	
0.94	11.9468 16.0503 4.6645	
0.95	11.9584 16.0356 4.6634	
0.96	11.9684 16.0147 4.66197	
0.97	11.9807 15.9887 4.66023	
0.98	11.9927 15.9472 4.66152	
0.99	11.9996 15.9281 4.66592	
1	12.0056 15.8955 4.66528	
1.01	12.0183 15.8301 4.66336	
1.02	12.0336 15.7479 4.6607	
1.03	12.0493 15.6665 4.66025	
1.04	12.0647 15.5837 4.65723	
1.05	12.0749 15.5375 4.66197	
1.06	12.0736 15.5384 4.66488	
1.07	12.0694 15.561 4.66688	
1.08	12.0666 15.5839 4.66891	
1.09	12.065 15.5835 4.66875	
1.1	12.0629 15.5945 4.66909	
1.11	12.0579 15.6221 4.67018	
1.12	12.0514 15.655 4.67117	
1.13	12.0449 15.6817 4.67083	
1.14	12.0407 15.7043 4.67308	
1.15	12.0418 15.7158 4.67353	
1.16	12.0367 15.7197 4.67239	
1.17	12.0308 15.7361 4.67447	
1.18	12.024 15.7568 4.67406	
1.19	12.0217 15.7609 4.67155	
1.2	12.0218 15.7604 4.67017	
1.21	12.0223 15.7596 4.66881	
1.22	12.0332 15.7614 4.66882	
1.23	12.0434 15.7575 4.66857	
1.24	12.0522 15.7533 4.66833	
1.25	12.0588 15.7437 4.66923	
1.26	12.0641 15.7332 4.66876	
1.27	12.0753 15.725 4.67105	
1.28	12.0853 15.7223 4.67358	
1.29	12.0923 15.718 4.67335	
1.3	12.0933 15.7131 4.6745	
1.31	12.099 15.7084 4.67428	
1.32	12.1014 15.7033 4.67406	
1.33	12.1025 15.6978 4.67384	
1.34	12.1063 15.6931 4.67362	
1.35	12.1072 15.6874 4.67324	
1.36	12.1085 15.6821 4.6732	
1.37	12.1151 15.6725 4.67417	
1.38	12.1194 15.6675 4.67397	
1.39	12.12 15.6672 4.67398	
1.4	12.1172 15.667 4.67537	
1.41	12.1158 15.6666 4.67537	
1.42	12.1158 15.6666 4.67537	
1.43	12.1098 15.6654 4.67538	
1.44	12.1113 15.6652 4.67399	
1.45	12.1112 15.6658 4.67537	
1.46	12.1096 15.659 4.6738	
1.47	12.1082 15.6591 4.67519	
1.48	12.1091 15.653 4.67344	
1.49	12.1137 15.6481 4.67342	
1.5	12.1139 15.6482 4.6736	
1.51	12.1137 15.6481 4.67342	
1.52	12.1134 15.6422 4.67323	
1.53	12.1137 15.6396 4.66822	
1.54	12.1136 15.6339 4.66821	
1.55	12.1144 15.6288 4.66922	
1.56	12.1146 15.6295 4.67077	
1.57	12.1182 15.6195 4.67195	
1.58	12.1194 15.6198 4.67177	
1.59	12.1194 15.6198 4.67177	
1.6	12.1193 15.6203 4.67314	
1.61	12.1192 15.6209 4.67452	
1.62	12.1205 15.6218 4.67589	
1.63	12.124 15.6175 4.6769	
1.64	12.1285 15.5962 4.67774	
1.65	12.1397 15.5529 4.67625	
1.66	12.1494 15.4864 4.67455	
1.67	12.1673 15.4103 4.67297	
1.68	12.1794 15.3562 4.67349	
1.69	12.1857 15.325 4.6772	
1.7	12.1882 15.3211 4.68004	
1.71	12.1889 15.3166 4.68256	
1.72	12.1918 15.2948 4.68373	
1.73	12.2039 15.2408 4.68473	
1.74	12.2201 15.1585 4.68461	
1.75	12.2283 15.0917 4.68488	
1.76	12.2304 15.0553 4.69139	
1.77	12.233 15.0496 4.69008	
1.78	12.2232 15.0484 4.69144	
1.79	12.2213 15.0489 4.69296	
1.8	12.2137 15.0424 4.6942	
1.81	12.2145 15.0199 4.69443	
1.82	12.2063 14.9855 4.69776	
1.83	12.1967 14.9551 4.69801	
1.84	12.1826 14.9248 4.70002	
1.85	12.1631 14.8934 4.70192	
1.86	12.16 14.8548 4.70667	
1.87	12.1582 14.8102 4.71048	
1.88	12.1578 14.7778 4.71549	
1.89	12.158 14.7507 4.7192	
1.9	12.1556 14.7349 4.72364	
1.91	12.1505 14.7069 4.72727	
1.92	12.1484 14.6623 4.73155	
1.93	12.1467 14.6154 4.74241	
1.94	12.1392 14.5717 4.75109	
1.95	12.1246 14.5298 4.76613	
1.96	12.1101 14.5011 4.78444	
1.97	12.0887 14.4711 4.80267	
1.98	12.0643 14.435 4.8211	
1.99	12.0326 14.3809 4.84076	
2	11.9736 14.3279 4.88329	
2.01	11.9091 14.2909 4.92339	
2.02	11.849 14.2784 4.94319	
2.03	11.8193 14.2724 4.95491	
2.04	11.8084 14.2657 4.959	
2.05	11.8063 14.2573 4.96702	
2.06	11.8052 14.2517 4.97984	
2.07	11.8056 14.2379 4.9984	
2.08	11.8005 14.2007 5.02857	
2.09	11.7939 14.1632 5.05891	
2.1	11.7843 14.12 5.08982	
2.11	11.7642 14.0646 5.12329	
2.12	11.7309 13.9993 5.16297	
2.13	11.6816 13.9245 5.213	
2.14	11.6018 13.8307 5.28966	
2.15	11.5205 13.7302 5.35453	
2.16	11.4223 13.633 5.39713	
2.17	11.3106 13.5325 5.42537	
2.18	11.2189 13.4541 5.44533	
2.19	11.1361 13.3762 5.46436	
2.2	11.0772 13.2936 5.49184	
2.21	11.0401 13.2129 5.51985	
2.22	11.0125 13.1363 5.55171	
2.23	11.0021 13.0747 5.58573	
2.24	10.9886 13.0021 5.62066	
2.25	10.9757 12.917 5.6663	
2.26	10.9503 12.8091 5.73789	
2.27	10.9131 12.7129 5.81109	
2.28	10.8657 12.6277 5.89657	
2.29	10.8133 12.5413 5.98095	
2.3	10.7457 12.4473 6.05388	
2.31	10.6596 12.3687 6.13742	
2.32	10.5661 12.2949 6.1989	
2.33	10.4582 12.2125 6.24798	
2.34	10.3323 12.1232 6.28925	
2.35	10.2117 12.049 6.32065	
2.36	10.1297 11.9918 6.34433	
2.37	10.0687 11.9567 6.3603	
2.38	10.0144 11.9428 6.36915	
2.39	9.96928 11.9352 6.37524	
2.4	9.9242 11.9326 6.37871	
2.41	9.87949 11.9296 6.37978	
2.42	9.8287 11.9165 6.38488	
2.43	9.7439 11.8923 6.39379	
2.44	9.652 11.8535 6.41058	
2.45	9.55584 11.8236 6.42406	
2.46	9.45924 11.8149 6.43279	
2.47	9.37721 11.8117 6.43755	
2.48	9.30435 11.8092 6.43947	
2.49	9.24824 11.8134 6.43826	
2.5	9.17704 11.8175 6.44808	
2.51	9.12246 11.821 6.4556	
2.52	9.06615 11.8257 6.45507	
2.53	9.00267 11.8283 6.46138	
2.54	8.94922 11.8559 6.47608	
2.55	8.90155 11.8957 6.48249	
2.56	8.86064 11.9226 6.49694	
2.57	8.81346 11.9479 6.51838	
2.58	8.77085 11.9644 6.53801	
2.59	8.73658 11.9917 6.5457	
2.6	8.70842 12.0156 6.54877	
2.61	8.67566 12.0433 6.55481	
2.62	8.64425 12.0946 6.55985	
2.63	8.61289 12.1428 6.55777	
2.64	8.57734 12.198 6.56479	
2.65	8.53867 12.2338 6.5724	
2.66	8.49574 12.2758 6.57701	
2.67	8.44557 12.3154 6.57848	
2.68	8.3829 12.3477 6.57474	
2.69	8.30182 12.3893 6.56376	
2.7	8.21192 12.4352 6.5526	
2.71	8.1301 12.4868 6.53973	
2.72	8.04081 12.5332 6.5274	
2.73	7.95986 12.5853 6.51392	
2.74	7.89129 12.636 6.49971	
2.75	7.83013 12.6825 6.49002	
2.76	7.77646 12.7286 6.4779	
2.77	7.72723 12.7683 6.46792	
2.78	7.68661 12.8088 6.45865	
2.79	7.65955 12.8632 6.44598	
2.8	7.63514 12.9384 6.42753	
2.81	7.61947 13.0147 6.41069	
2.82	7.61035 13.0953 6.39318	
2.83	7.61147 13.1636 6.37852	
2.84	7.612 13.2169 6.36703	
2.85	7.61636 13.2535 6.35821	
2.86	7.60887 13.2867 6.35018	
2.87	7.6015 13.3198 6.3414	
2.88	7.58696 13.3405 6.33001	
2.89	7.56401 13.3485 6.3264	
2.9	7.53861 13.3649 6.32153	
2.91	7.51447 13.3818 6.31502	
2.92	7.48557 13.4052 6.30871	
2.93	7.46141 13.4294 6.29739	
2.94	7.44101 13.4632 6.28063	
2.95	7.41615 13.5052 6.25464	
2.96	7.38428 13.5446 6.22297	
2.97	7.34657 13.5814 6.1738	
2.98	7.30193 13.6375 6.12231	
2.99	7.25983 13.7004 6.08133	
3	7.21945 13.7506 6.0441	
3.01	7.18973 13.7961 6.01251	
3.02	7.16524 13.8383 5.98794	
3.03	7.14214 13.8813 5.96303	
3.04	7.11306 13.913 5.93514	
3.05	7.07586 13.9349 5.90176	
3.06	7.04841 13.9489 5.87631	
3.07	7.02601 13.9601 5.86055	
3.08	7.00975 13.9748 5.84123	
3.09	6.99936 13.9914 5.81943	
3.1	6.99021 14.0086 5.78598	
3.11	6.98725 14.0296 5.75048	
3.12	6.97949 14.0543 5.68814	
3.13	6.97608 14.0721 5.61354	
3.14	6.96781 14.0866 5.52644	
3.15	6.96216 14.121 5.4099	
3.16	6.94854 14.1646 5.31446	
3.17	6.94347 14.1885 5.24029	
3.18	6.94394 14.1948 5.18316	
3.19	6.94667 14.1955 5.144	
3.2	6.94772 14.1999 5.12773	
3.21	6.95003 14.2058 5.11415	
3.22	6.9539 14.2197 5.09371	
3.23	6.94994 14.2335 5.07441	
3.24	6.9515 14.2651 5.05382	
3.25	6.96021 14.3059 5.03105	
3.26	6.96137 14.3466 4.99725	
3.27	6.95825 14.3876 4.96151	
3.28	6.96021 14.4198 4.91849	
3.29	6.95238 14.4333 4.88196	
3.3	6.94322 14.4456 4.85562	
3.31	6.93475 14.4564 4.83721	
3.32	6.93115 14.4584 4.82449	
3.33	6.92541 14.4612 4.81659	
3.34	6.91434 14.4699 4.80849	
3.35	6.89847 14.4752 4.80059	
3.36	6.88313 14.484 4.78892	
3.37	6.85824 14.4979 4.77036	
3.38	6.83915 14.5137 4.74722	
3.39	6.82525 14.529 4.71376	
3.4	6.80159 14.5598 4.66446	
3.41	6.78045 14.5903 4.59753	
3.42	6.75108 14.6164 4.52137	
3.43	6.71664 14.6364 4.43698	
3.44	6.68 14.6498 4.36211	
3.45	6.64458 14.673 4.28521	
3.46	6.61945 14.6897 4.2098	
3.47	6.60341 14.6938 4.13459	
3.48	6.60339 14.6941 4.07073	
3.49	6.60165 14.6853 4.01042	
3.5	6.60214 14.6843 3.95431	
3.51	6.60473 14.6872 3.89154	
3.52	6.60474 14.6787 3.84081	
3.53	6.6041 14.6621 3.7949	
3.54	6.6063 14.6638 3.76893	
3.55	6.60683 14.6626 3.73772	
3.56	6.60956 14.6617 3.71681	
3.57	6.60957 14.6648 3.6988	
3.58	6.61018 14.6598 3.66956	
3.59	6.61381 14.649 3.64525	
3.6	6.61501 14.6326 3.62277	
3.61	6.62396 14.6177 3.58935	
3.62	6.63657 14.5988 3.56511	
3.63	6.65159 14.5861 3.54068	
3.64	6.66697 14.576 3.52296	
3.65	6.68202 14.5633 3.49823	
3.66	6.69704 14.5472 3.47683	
3.67	6.70085 14.5324 3.45384	
3.68	6.6989 14.5154 3.43604	
3.69	6.70068 14.4969 3.41969	
3.7	6.70134 14.4886 3.40813	
3.71	6.70426 14.4755 3.39166	
3.72	6.70294 14.4627 3.37001	
3.73	6.7039 14.441 3.34484	
3.74	6.69941 14.423 3.31315	
3.75	6.70027 14.3984 3.28013	
3.76	6.69446 14.3686 3.25896	
3.77	6.69231 14.3301 3.23287	
3.78	6.68431 14.2894 3.2121	
3.79	6.68113 14.2456 3.18629	
3.8	6.68541 14.2115 3.16043	
3.81	6.68899 14.1736 3.13963	
3.82	6.69071 14.1536 3.13409	
3.83	6.6967 14.122 3.12892	
3.84	6.69544 14.088 3.1306	
3.85	6.69551 14.054 3.13065	
3.86	6.6985 14.0131 3.13277	
3.87	6.69652 13.9683 3.13384	
3.88	6.69214 13.9176 3.13654	
3.89	6.68449 13.8555 3.14047	
3.9	6.677 13.7884 3.14465	
3.91	6.67278 13.7337 3.14959	
3.92	6.66647 13.6722 3.15395	
3.93	6.66753 13.6257 3.15902	
3.94	6.66768 13.5927 3.16255	
3.95	6.67452 13.5634 3.16464	
3.96	6.68132 13.5348 3.16838	
3.97	6.69494 13.5049 3.17045	
3.98	6.71306 13.468 3.17277	
3.99	6.72922 13.4212 3.17803	
4	6.74807 13.3556 3.18313	
4.01	6.76169 13.2918 3.18903	
4.02	6.77538 13.2285 3.19622	
4.03	6.78817 13.1638 3.20252	
4.04	6.80998 13.1095 3.20768	
4.05	6.82113 13.0728 3.21144	
4.06	6.83564 13.0437 3.2156	
4.07	6.85516 13.0139 3.22406	
4.08	6.87073 12.9902 3.22739	
4.09	6.87887 12.9571 3.23263	
4.1	6.89275 12.9226 3.23767	
4.11	6.89793 12.8778 3.24436	
4.12	6.89833 12.8266 3.25739	
4.13	6.89616 12.7753 3.27358	
4.14	6.89415 12.7234 3.28869	
4.15	6.88745 12.6816 3.31118	
4.16	6.88439 12.632 3.33432	
4.17	6.88084 12.5791 3.36388	
4.18	6.8783 12.5319 3.3931	
4.19	6.87989 12.4724 3.42402	
4.2	6.87986 12.4023 3.45732	
4.21	6.87302 12.3287 3.49302	
4.22	6.8667 12.2567 3.53325	
4.23	6.86846 12.1966 3.57809	
4.24	6.86513 12.144 3.62353	
4.25	6.86426 12.1119 3.66428	
4.26	6.87399 12.0925 3.70738	
4.27	6.87145 12.0893 3.74432	
4.28	6.87564 12.0817 3.77089	
4.29	6.88076 12.0788 3.7951	
4.3	6.88634 12.0706 3.81884	
4.31	6.89188 12.0623 3.84233	
4.32	6.89657 12.0554 3.87142	
4.33	6.90304 12.0519 3.89252	
4.34	6.90837 12.041 3.90966	
4.35	6.90815 12.041 3.9238	
4.36	6.90572 12.0346 3.93876	
4.37	6.90916 12.0106 3.95203	
4.38	6.91657 11.9798 3.96778	
4.39	6.92319 11.9437 3.98474	
4.4	6.92938 11.9037 4.00668	
4.41	6.93242 11.8509 4.02765	
4.42	6.93676 11.7904 4.05442	
4.43	6.93899 11.7312 4.0884	
4.44	6.94342 11.6704 4.12871	
4.45	6.95165 11.608 4.17231	
4.46	6.95975 11.536 4.21859	
4.47	6.97752 11.4768 4.26872	
4.48	6.98017 11.4183 4.33254	
4.49	6.9881 11.3787 4.39564	
4.5	6.99611 11.3464 4.45006	
4.51	7.00393 11.3127 4.50093	
4.52	7.00586 11.2912 4.53792	
4.53	7.01154 11.279 4.56511	
4.54	7.01402 11.2603 4.58134	
4.55	7.01838 11.2381 4.59871	
4.56	7.01363 11.2055 4.61832	
4.57	7.01601 11.1768 4.63627	
4.58	7.02487 11.1469 4.6543	
4.59	7.02582 11.1073 4.67408	
4.6	7.03115 11.0514 4.69996	
4.61	7.04331 10.9963 4.74399	
4.62	7.04756 10.9314 4.78988	
4.63	7.05656 10.8511 4.85723	
4.64	7.06601 10.7729 4.94289	
4.65	7.0816 10.6882 5.04258	
4.66	7.10316 10.6032 5.1457	
4.67	7.1217 10.5361 5.25685	
4.68	7.13888 10.4745 5.37018	
4.69	7.16515 10.4281 5.46669	
4.7	7.19542 10.4028 5.54273	
4.71	7.22137 10.3873 5.59701	
4.72	7.24794 10.3765 5.62336	
4.73	7.2772 10.3693 5.64052	
4.74	7.29182 10.3551 5.64978	
4.75	7.29908 10.3467 5.65864	
4.76	7.31735 10.3149 5.67242	
4.77	7.32753 10.2721 5.69832	
4.78	7.3486 10.2135 5.72214	
4.79	7.36383 10.1615 5.75791	
4.8	7.37894 10.1075 5.80191	
4.81	7.39355 10.0481 5.84684	
4.82	7.4071 9.9771 5.89267	
4.83	7.42673 9.90643 5.94289	
4.84	7.46153 9.83059 6.00985	
4.85	7.50539 9.75941 6.06149	
4.86	7.55023 9.705 6.12454	
4.87	7.60981 9.65171 6.20579	
4.88	7.68818 9.61805 6.30141	
4.89	7.7648 9.58665 6.38038	
4.9	7.84531 9.55797 6.44615	
4.91	7.92543 9.53621 6.49115	
4.92	8.00865 9.50905 6.519	
4.93	8.07699 9.48983 6.53661	
4.94	8.13106 9.47373 6.5444	
4.95	8.17673 9.45731 6.5513	
4.96	8.22323 9.43253 6.56372	
4.97	8.27497 9.39196 6.58357	
4.98	8.31787 9.3376 6.61232	
4.99	8.36009 9.28757 6.63939	
5	8.41138 9.24311 6.66519	
5.01	8.47928 9.21256 6.69449	
5.02	8.5332 9.19732 6.72683	
5.03	8.59429 9.19425 6.75119	
5.04	8.66607 9.19186 6.75973	
5.05	8.73797 9.18747 6.76402	
5.06	8.80271 9.19029 6.76828	
5.07	8.86634 9.18415 6.78079	
5.08	8.93237 9.18595 6.79212	
5.09	8.99892 9.19138 6.81046	
5.1	9.06422 9.20096 6.83747	
5.11	9.12939 9.20874 6.8725	
5.12	9.19438 9.20963 6.90596	
5.13	9.25078 9.20994 6.93845	
5.14	9.2915 9.20841 6.96879	
5.15	9.32485 9.20639 6.98578	
5.16	9.35823 9.20658 6.9956	
5.17	9.3942 9.21014 6.99657	
5.18	9.44221 9.21484 7.00426	
5.19	9.4999 9.22304 7.01483	
5.2	9.57194 9.2306 7.02403	
5.21	9.6511 9.23553 7.0282	
5.22	9.73048 9.24134 7.03404	
5.23	9.80981 9.24933 7.0316	
5.24	9.89545 9.25766 7.03145	
5.25	9.96969 9.28691 7.01932	
5.26	10.0507 9.3208 7.00352	
5.27	10.1199 9.35112 6.98837	
5.28	10.1813 9.3674 6.98352	
5.29	10.228 9.38784 6.97474	
5.3	10.2635 9.40666 6.96814	
5.31	10.2984 9.43183 6.95025	
5.32	10.34 9.46459 6.93492	
5.33	10.3867 9.50337 6.90872	
5.34	10.4422 9.55588 6.88231	
5.35	10.5035 9.6084 6.85669	
5.36	10.5635 9.67 6.82377	
5.37	10.6095 9.72659 6.79336	
5.38	10.6642 9.77431 6.76615	
5.39	10.712 9.81732 6.74249	
5.4	10.761 9.84342 6.72092	
5.41	10.8047 9.85997 6.70324	
5.42	10.8455 9.87763 6.67894	
5.43	10.8918 9.91527 6.64619	
5.44	10.945 9.95335 6.60216	
5.45	10.9967 9.99076 6.5571	
5.46	11.0571 10.0395 6.50647	
5.47	11.1197 10.0796 6.45	
5.48	11.1746 10.1239 6.39007	
5.49	11.2212 10.1673 6.32942	
5.5	11.261 10.2082 6.26537	
5.51	11.3069 10.2389 6.204	
5.52	11.3493 10.2654 6.15622	
5.53	11.3852 10.2867 6.11168	
5.54	11.4113 10.306 6.06592	
5.55	11.4424 10.3304 6.01849	
5.56	11.474 10.3755 5.96191	
5.57	11.5027 10.4308 5.9008	
5.58	11.53 10.4967 5.83782	
5.59	11.5643 10.5602 5.78272	
5.6	11.5848 10.6225 5.72781	
5.61	11.5977 10.6927 5.66659	
5.62	11.6109 10.7454 5.60743	
5.63	11.6264 10.7777 5.5425	
5.64	11.6397 10.8168 5.47967	
5.65	11.6492 10.8553 5.41408	
5.66	11.6602 10.9109 5.34736	
5.67	11.6838 10.9845 5.27779	
5.68	11.7147 11.0524 5.20706	
5.69	11.7464 11.1095 5.13827	
5.7	11.7751 11.1378 5.0852	
5.71	11.7889 11.1557 5.04035	
5.72	11.8028 11.1706 5.00179	
5.73	11.8195 11.1776 4.98409	
5.74	11.8336 11.1821 4.97595	
5.75	11.8498 11.1822 4.9706	
5.76	11.8659 11.1722 4.96966	
5.77	11.8832 11.1553 4.97982	
5.78	11.9107 11.1147 5.00072	
5.79	11.9303 11.0622 5.02502	
5.8	11.9567 11.0189 5.05398	
5.81	11.9898 10.9767 5.08337	
5.82	12.0324 10.9639 5.10855	
5.83	12.0876 10.9671 5.12531	
5.84	12.1571 10.9734 5.13055	
5.85	12.2288 10.9846 5.13112	
5.86	12.3206 10.9988 5.13099	
5.87	12.4097 11.0135 5.13024	
5.88	12.492 11.0297 5.13446	
5.89	12.5811 11.0521 5.1355	
5.9	12.6677 11.0739 5.13575	
5.91	12.7367 11.0928 5.13507	
5.92	12.7876 11.1188 5.1309	
5.93	12.8187 11.1335 5.12324	
5.94	12.8258 11.1603 5.11207	
5.95	12.8236 11.1897 5.09745	
5.96	12.8236 11.2362 5.07987	
5.97	12.833 11.2743 5.06661	
5.98	12.8431 11.2988 5.05003	
5.99	12.8594 11.3269 5.03863	
6	12.8822 11.3616 5.02556	
6.01	12.9161 11.4063 5.00335	
6.02	12.9475 11.4718 4.96165	
6.03	12.9778 11.5467 4.91435	
6.04	13.0025 11.6313 4.851	
6.05	13.0198 11.6939 4.7825	
6.06	13.028 11.7296 4.71253	
6.07	13.0286 11.7379 4.6391	
6.08	13.0265 11.7523 4.57964	
6.09	13.0294 11.7808 4.49627	
6.1	13.024 11.8193 4.39781	
6.11	13.02 11.853 4.3002	
6.12	13.0161 11.9001 4.19027	
6.13	13.0106 11.9476 4.08067	
6.14	13.0115 11.9844 3.9861	
6.15	13.0112 12.013 3.91412	
6.16	13.0103 12.0368 3.85966	
6.17	13.0169 12.0484 3.82868	
6.18	13.0175 12.0571 3.80875	
6.19	13.0178 12.0612 3.79138	
6.2	13.0141 12.0784 3.77819	
6.21	13.011 12.1014 3.76417	
6.22	13.0045 12.1383 3.74158	
6.23	12.9962 12.1785 3.7132	
6.24	12.995 12.2143 3.66978	
6.25	12.998 12.2443 3.61022	
6.26	13.0073 12.2709 3.53895	
6.27	13.019 12.2936 3.45652	
6.28	13.0353 12.2933 3.37281	
6.29	13.0438 12.293 3.30917	
6.3	13.0592 12.296 3.25067	
6.31	13.0623 12.2911 3.19309	
6.32	13.0731 12.2811 3.14905	
6.33	13.0767 12.2723 3.11369	
6.34	13.0809 12.2643 3.09361	
6.35	13.0813 12.2591 3.08341	
6.36	13.0877 12.2634 3.07885	
6.37	13.1075 12.2632 3.0701	
6.38	13.1258 12.271 3.06677	
6.39	13.1522 12.2768 3.05318	
6.4	13.1762 12.2943 3.03896	
6.41	13.2113 12.3182 3.01868	
6.42	13.2473 12.3445 2.98726	
6.43	13.2851 12.3695 2.95093	
6.44	13.3253 12.3865 2.90881	
6.45	13.3491 12.3944 2.86776	
6.46	13.3601 12.3845 2.83441	
6.47	13.3648 12.374 2.80501	
6.48	13.3687 12.3677 2.78715	
6.49	13.3709 12.3629 2.77444	
6.5	13.3657 12.3565 2.76169	
6.51	13.3673 12.3486 2.7562	
6.52	13.3673 12.3477 2.75501	
6.53	13.3681 12.3436 2.74345	
6.54	13.3698 12.3421 2.73831	
6.55	13.3699 12.3413 2.73712	
6.56	13.369 12.3451 2.73105	
6.57	13.3697 12.3419 2.72069	
6.58	13.3703 12.3395 2.71449	
6.59	13.3705 12.3378 2.70913	
6.6	13.3708 12.3362 2.70394	
6.61	13.3712 12.3346 2.69876	
6.62	13.3718 12.3331 2.69375	
6.63	13.3719 12.3314 2.68839	
6.64	13.3726 12.3282 2.67801	
6.65	13.373 12.3266 2.67282	
6.66	13.373 12.3266 2.67282	
6.67	13.3734 12.3241 2.66644	
6.68	13.3741 12.3209 2.65606	
6.69	13.3745 12.3185 2.64968	
6.7	13.3752 12.3144 2.63811	
6.71	13.3759 12.3104 2.62654	
6.72	13.377 12.3039 2.60858	
6.73	13.3778 12.299 2.59582	
6.74	13.3796 12.2958 2.5883	
6.75	13.3799 12.2934 2.58192	
6.76	13.3803 12.2909 2.57555	
6.77	13.3811 12.286 2.56279	
6.78	13.3825 12.278 2.53964	
6.79	13.385 12.2718 2.52172	
6.8	13.38 12.264 2.50376	
6.81	13.3772 12.2533 2.47542	
6.82	13.3805 12.243 2.44783	
6.83	13.3786 12.2286 2.44529	
6.84	13.3816 12.2148 2.41627	
6.85	13.3831 12.2075 2.41364	
6.86	13.3854 12.1902 2.37155	
6.87	13.3883 12.1787 2.36055	
6.88	13.3922 12.1722 2.33876	
6.89	13.3972 12.1631 2.31751	
6.9	13.4033 12.1521 2.27679	
6.91	13.402 12.1454 2.26648	
6.92	13.4056 12.1308 2.24573	
6.93	13.4085 12.1236 2.21839	
6.94	13.3987 12.1162 2.19683	
6.95	13.3841 12.0979 2.18477	
6.96	13.3743 12.0585 2.17257	
6.97	13.3587 12.0276 2.14365	
6.98	13.3459 12.0147 2.13271	
6.99	13.3516 11.984 2.09195	
7	13.3558 11.9493 2.05722	
7.01	13.3647 11.9266 2.02382	
7.02	13.3702 11.8892 1.97098	
7.03	13.3761 11.8636 1.93943	
7.04	13.3856 11.8404 1.92291	
7.05	13.3952 11.799 1.91523	
7.06	13.4048 11.7658 1.88737	
7.07	13.4139 11.7342 1.86678	
7.08	13.4185 11.7142 1.83139	
7.09	13.4278 11.6746 1.83935	
7.1	13.4328 11.6564 1.84483	
7.11	13.4386 11.6275 1.8435	
7.12	13.4626 11.5239 1.86182	
7.13	13.4761 11.4069 1.88466	
7.14	13.4731 11.3216 1.91204	
7.15	13.4563 11.2815 1.92103	
7.16	13.4555 11.2848 1.92125	
7.17	13.4645 11.249 1.93577	
7.18	13.4692 11.1959 1.94287	
7.19	13.4706 11.1881 1.94037	
7.2	13.4809 11.1417 1.95754	
7.21	13.4924 11.0851 1.98062	
7.22	13.4948 11.029 1.99178	
7.23	13.5126 10.9376 2.03298	
7.24	13.5164 10.7721 2.07124	
7.25	13.4934 10.6186 2.13411	
7.26	13.4889 10.552 2.16055	
7.27	13.4801 10.5343 2.15669	
7.28	13.4875 10.4899 2.18374	
7.29	13.4881 10.4772 2.17802	
7.3	13.4935 10.4472 2.19714	
7.31	13.4925 10.4372 2.21095	
7.32	13.4991 10.4098 2.21159	
7.33	13.5076 10.367 2.23114	
7.34	13.5088 10.347 2.24932	
7.35	13.5152 10.3134 2.25616	
7.36	13.5226 10.2749 2.26733	
7.37	13.5297 10.2099 2.30073	
7.38	13.5135 10.1391 2.3367	
7.39	13.5105 10.0427 2.36155	
7.4	13.5093 9.94036 2.40821	
7.41	13.515 9.82098 2.4625	
7.42	13.5091 9.71364 2.49282	
7.43	13.4994 9.68048 2.5003	
7.44	13.4847 9.6719 2.50081	
7.45	13.4792 9.66043 2.5061	
7.46	13.4686 9.63593 2.51557	
7.47	13.4348 9.61645 2.52138	
7.48	13.4022 9.58247 2.53888	
7.49	13.3674 9.5453 2.56518	
7.5	13.3405 9.48903 2.60081	
7.51	13.2987 9.40972 2.66457	
7.52	13.2431 9.35504 2.71912	
7.53	13.1954 9.33585 2.72971	
7.54	13.1916 9.3354 2.73713	
7.55	13.1849 9.33304 2.74688	
7.56	13.1761 9.33216 2.74726	
7.57	13.1776 9.33342 2.74815	
7.58	13.1618 9.33152 2.74892	
7.59	13.1534 9.33764 2.75308	
7.6	13.1537 9.34512 2.77618	
7.61	13.1543 9.34297 2.78125	
7.62	13.1527 9.34406 2.78642	
7.63	13.1517 9.35021 2.78546	
7.64	13.1515 9.35153 2.79069	
7.65	13.1569 9.36212 2.78564	
7.66	13.1637 9.37393 2.7817	
7.67	13.1774 9.38021 2.79329	
7.68	13.1914 9.38397 2.79838	
7.69	13.2059 9.38679 2.79853	
7.7	13.2121 9.39348 2.81959	
7.71	13.2124 9.39229 2.85618	
7.72	13.2116 9.39715 2.9105	
7.73	13.2137 9.38093 2.94587	
7.74	13.2118 9.36032 2.99258	
7.75	13.203 9.32803 3.04334	
7.76	13.1958 9.28704 3.1035	
7.77	13.1792 9.25818 3.16298	
7.78	13.1452 9.23399 3.20797	
7.79	13.1091 9.22135 3.23529	
7.8	13.0779 9.20574 3.25103	
7.81	13.0514 9.1789 3.26575	
7.82	13.0301 9.12154 3.29307	
7.83	12.9966 9.06493 3.3269	
7.84	12.9665 9.00381 3.36316	
7.85	12.9202 8.93091 3.40511	
7.86	12.8599 8.85712 3.44857	
7.87	12.8033 8.77676 3.48829	
7.88	12.7298 8.69332 3.52736	
7.89	12.66 8.62271 3.56759	
7.9	12.5994 8.57033 3.60256	
7.91	12.5524 8.52756 3.64162	
7.92	12.5153 8.47774 3.69074	
7.93	12.4718 8.41709 3.75988	
7.94	12.4281 8.35373 3.84093	
7.95	12.3811 8.30398 3.92529	
7.96	12.3522 8.24383 4.00439	
7.97	12.3083 8.17941 4.07082	
7.98	12.2438 8.12669 4.12618	
7.99	12.2053 8.0845 4.15785	
8	12.1505 8.05072 4.18505	
8.01	12.0706 8.01321 4.2111	
8.02	11.9993 7.95329 4.25118	
8.03	11.9076 7.89138 4.29178	
8.04	11.8223 7.82753 4.33798	
8.05	11.7444 7.7743 4.37898	
8.06	11.669 7.72279 4.42134	
8.07	11.6174 7.66288 4.46771	
8.08	11.5834 7.61883 4.50543	
8.09	11.556 7.58712 4.5315	
8.1	11.5377 7.56128 4.55508	
8.11	11.5188 7.5384 4.57341	
8.12	11.4738 7.52283 4.58655	
8.13	11.4127 7.4884 4.60009	
8.14	11.3315 7.44492 4.62584	
8.15	11.2248 7.36787 4.6732	
8.16	11.1213 7.28485 4.72916	
8.17	11.0111 7.17765 4.79779	
8.18	10.8943 7.09337 4.85662	
8.19	10.7876 7.05854 4.88271	
8.2	10.7072 7.0462 4.8909	
8.21	10.6263 7.04196 4.89224	
8.22	10.5486 7.0347 4.89742	
8.23	10.4537 7.0158 4.90638	
8.24	10.3542 6.98901 4.92112	
8.25	10.2602 6.96183 4.93694	
8.26	10.1903 6.9487 4.94435	
8.27	10.1219 6.93916 4.94646	
8.28	10.0479 6.92957 4.94665	
8.29	9.98353 6.92218 4.94908	
8.3	9.90401 6.91358 4.94863	
8.31	9.79986 6.90055 4.95106	
8.32	9.69555 6.87374 4.96206	
8.33	9.60751 6.85152 4.97032	
8.34	9.52766 6.82932 4.97874	
8.35	9.44069 6.80785 4.98671	
8.36	9.33007 6.78112 5.00652	
8.37	9.20686 6.7484 5.03057	
8.38	9.08591 6.71972 5.0601	
8.39	8.97807 6.70166 5.09604	
8.4	8.87261 6.67845 5.12494	
8.41	8.76654 6.65859 5.16472	
8.42	8.69805 6.64441 5.20067	
8.43	8.63804 6.63102 5.23802	
8.44	8.58088 6.62055 5.2789	
8.45	8.51391 6.60884 5.31888	
8.46	8.44003 6.62419 5.36899	
8.47	8.3426 6.64482 5.42753	
8.48	8.26172 6.65961 5.4705	
8.49	8.18069 6.66743 5.48895	
8.5	8.10814 6.67518 5.49304	
8.51	8.04689 6.69119 5.48482	
8.52	7.98478 6.71028 5.47298	
8.53	7.90574 6.72631 5.46387	
8.54	7.82623 6.75161 5.4502	
8.55	7.73276 6.7957 5.42127	
8.56	7.62801 6.85095 5.38403	
8.57	7.54331 6.92724 5.33023	
8.58	7.4831 7.07409 5.22653	
8.59	7.43637 7.24267 5.11344	
8.6	7.40126 7.4246 4.98775	
8.61	7.38868 7.5586 4.88705	
8.62	7.39182 7.66172 4.79315	
8.63	7.3841 7.72151 4.69911	
8.64	7.37153 7.7508 4.6034	
8.65	7.37488 7.76876 4.50856	
8.66	7.37684 7.78406 4.42333	
8.67	7.37336 7.82481 4.32506	
8.68	7.36836 7.86045 4.23014	
8.69	7.37274 7.89951 4.12709	
8.7	7.37053 7.92675 4.03381	
8.71	7.35853 7.95755 3.95311	
8.72	7.33934 7.98942 3.85656	
8.73	7.32767 8.01991 3.77505	
8.74	7.3144 8.04382 3.69164	
8.75	7.30333 8.0805 3.60516	
8.76	7.29182 8.11354 3.52241	
8.77	7.27323 8.14975 3.42987	
8.78	7.26937 8.18699 3.33032	
8.79	7.25984 8.2246 3.23877	
8.8	7.24976 8.26462 3.13912	
8.81	7.24631 8.30321 3.04016	
8.82	7.24365 8.33485 2.93575	
8.83	7.24645 8.34856 2.84805	
8.84	7.25086 8.36214 2.78896	
8.85	7.25335 8.37975 2.75298	
8.86	7.25551 8.38418 2.72874	
8.87	7.25768 8.39076 2.71092	
8.88	7.25779 8.38978 2.70983	
8.89	7.25909 8.3898 2.70848	
8.9	7.26005 8.38914 2.70253	
8.91	7.26878 8.38877 2.70207	
8.92	7.27863 8.387 2.69478	
8.93	7.28608 8.3826 2.68307	
8.94	7.3118 8.37692 2.66045	
8.95	7.34553 8.37174 2.64758	
8.96	7.37779 8.36284 2.6479	
8.97	7.40539 8.36059 2.64397	
8.98	7.42288 8.3578 2.63669	
8.99	7.42529 8.35827 2.63474	
9	7.42644 8.35688 2.62791	
9.01	7.42748 8.35435 2.61577	
9.02	7.4287 8.3532 2.60912	
9.03	7.42996 8.35081 2.60123	
9.04	7.43178 8.35222 2.58983	
9.05	7.42475 8.35435 2.57496	
9.06	7.42571 8.35788 2.55108	
9.07	7.42804 8.37471 2.50993	
9.08	7.43192 8.40268 2.44928	
9.09	7.43558 8.41803 2.42543	
9.1	7.43844 8.41297 2.40818	
9.11	7.44656 8.40379 2.39743	
9.12	7.44784 8.40059 2.38996	
9.13	7.44726 8.39719 2.36015	
9.14	7.44831 8.38744 2.35469	
9.15	7.44896 8.39109 2.31957	
9.16	7.44841 8.38528 2.31556	
9.17	7.45015 8.39397 2.29054	
9.18	7.44276 8.39078 2.25077	
9.19	7.44317 8.3936 2.21789	
9.2	7.44032 8.42837 2.15313	
9.21	7.4257 8.43078 2.12912	
9.22	7.42511 8.48217 2.07968	
9.23	7.42086 8.49229 2.06492	
9.24	7.43019 8.50761 2.08186	
9.25	7.43934 8.53924 2.07307	
9.26	7.44538 8.55336 2.11044	
9.27	7.45868 8.59677 2.08843	
9.28	7.46027 8.59997 2.10109	
9.29	7.46213 8.61852 2.11258	
9.3	7.46169 8.6917 2.09556	
9.31	7.47183 8.7838 2.10743	
9.32	7.49484 8.99818 2.08229	
9.33	7.49954 9.08474 2.05101	
9.34	7.5009 9.10054 2.04595	
9.35	7.50739 9.16111 1.99261	
9.36	7.50695 9.16884 1.98988	
9.37	7.50793 9.18133 1.93908	
9.38	7.50765 9.1696 1.89096	
9.39	7.51497 9.16817 1.82072	
9.4	7.52251 9.16661 1.77235	
9.41	7.52383 9.16925 1.73117	
9.42	7.53465 9.16944 1.66652	
9.43	7.53565 9.17835 1.62364	
9.44	7.55279 9.18852 1.57633	
9.45	7.55961 9.17518 1.49799	
9.46	7.55977 9.17128 1.4248	
9.47	7.60171 9.11166 1.32638	
9.48	7.60998 9.06557 1.21089	
9.49	7.62628 9.0499 1.16857	
9.5	7.65825 8.97744 1.10576	
9.51	7.65138 9.00509 1.10222	
9.52	7.67177 8.95719 1.12673	
9.53	7.68222 8.91869 1.12674	
9.54	7.70953 8.92218 1.14107	
9.55	7.70861 8.92655 1.16582	
9.56	7.7371 8.86547 1.18911	
9.57	7.74406 8.7397 1.2461	
9.58	7.77505 8.56691 1.32256	
9.59	7.79274 8.51444 1.41179	
9.6	7.83057 8.42882 1.47509	
9.61	7.84894 8.43524 1.48206	
9.62	7.91506 8.4044 1.51507	
9.63	7.96761 8.44113 1.52827	
9.64	8.02116 8.43595 1.51279	
9.65	8.05279 8.45365 1.57779	
9.66	8.05801 8.45116 1.67049	
9.67	8.14856 8.33633 1.75097	
9.68	8.22214 8.21758 1.86202	
9.69	8.25449 8.14672 1.98018	
9.7	8.25972 8.0679 2.03948	
9.71	8.25775 8.05894 2.05688	
9.72	8.25035 8.06197 2.0458	
9.73	8.24773 8.06254 2.06175	
9.74	8.23782 8.06282 2.0515	
9.75	8.23798 8.06268 2.06654	
9.76	8.22951 8.0684 2.05028	
9.77	8.21771 8.06291 2.0705	
9.78	8.21568 8.06597 2.05301	
9.79	8.20431 8.06527 2.07327	
9.8	8.20179 8.06212 2.07796	
9.81	8.21334 8.04782 2.12341	
9.82	8.24324 8.03259 2.1576	
9.83	8.25054 8.02673 2.16853	
9.84	8.25169 8.029 2.18449	
9.85	8.25086 8.01757 2.19557	
9.86	8.24224 8.01462 2.19078	
9.87	8.23918 7.98001 2.2268	
9.88	8.23726 7.97503 2.21128	
9.89	8.23331 7.95275 2.24003	
9.9	8.22206 7.90256 2.26264	
9.91	8.21464 7.73654 2.32449	
9.92	8.19735 7.50379 2.45119	
9.93	8.20935 7.42472 2.48784	
9.94	8.20917 7.41545 2.47694	
9.95	8.20241 7.38988 2.47954	
9.96	8.19728 7.33718 2.49913	
9.97	8.18396 7.29952 2.5131	
9.98	8.18213 7.28921 2.51603	
9.99	8.17907 7.26028 2.53128	
10	8.17271 7.16082 2.58877	
10.01	8.16552 7.03055 2.67251	
10.02	8.16082 6.9271 2.74449	
10.03	8.16217 6.89446 2.77392	
10.04	8.16303 6.86336 2.80367	
10.05	8.16106 6.82075 2.83508	
10.06	8.14925 6.74592 2.90075	
10.07	8.13596 6.66606 2.97041	
10.08	8.1298 6.56903 3.05875	
10.09	8.11605 6.46356 3.15251	
10.1	8.10948 6.38683 3.24786	
10.11	8.09753 6.32822 3.33965	
10.12	8.09267 6.28377 3.40478	
10.13	8.07145 6.23055 3.46512	
10.14	8.07101 6.21364 3.48916	
10.15	8.07072 6.20356 3.51205	
10.16	8.07016 6.2034 3.51897	
10.17	8.07215 6.2044 3.5292	
10.18	8.08525 6.20942 3.52992	
10.19	8.09112 6.21583 3.53013	
10.2	8.10649 6.21921 3.54347	
10.21	8.1107 6.21998 3.56311	
10.22	8.11482 6.21532 3.58504	
10.23	8.10136 6.20236 3.63751	
10.24	8.0591 6.19608 3.66938	
10.25	7.99021 6.19292 3.68687	
10.26	7.91054 6.1932 3.69698	
10.27	7.82882 6.16976 3.72885	
10.28	7.79019 6.1366 3.76214	
10.29	7.77751 6.1035 3.79059	
10.3	7.76435 6.07811 3.8125	
10.31	7.75366 6.05393 3.83339	
10.32	7.71472 6.02905 3.85329	
10.33	7.65929 6.01624 3.86786	
10.34	7.60249 6.01611 3.87412	
10.35	7.5556 6.01859 3.87099	
10.36	7.52545 6.01437 3.87525	
10.37	7.49585 6.00316 3.88653	
10.38	7.46741 6.00432 3.8872	
10.39	7.45646 5.99511 3.88938	
10.4	7.4271 5.98479 3.90117	
10.41	7.3722 5.97983 3.90327	
10.42	7.31505 5.97808 3.89881	
10.43	7.27541 5.96593 3.90025	
10.44	7.22606 5.94407 3.91794	
10.45	7.20374 5.93324 3.92695	
10.46	7.19991 5.91961 3.93874	
10.47	7.18913 5.91138 3.9415	
10.48	7.17783 5.89957 3.94838	
10.49	7.149 5.88484 3.96206	
10.5	7.11782 5.85876 3.97225	
10.51	7.07722 5.83993 3.98182	
10.52	7.0553 5.82108 3.98523	
10.53	7.0423 5.79326 3.99048	
10.54	7.0277 5.76047 4.00409	
10.55	7.02253 5.72386 4.02151	
10.56	7.02522 5.67663 4.04493	
10.57	7.02621 5.61444 4.08399	
10.58	7.02212 5.52645 4.14596	
10.59	7.04407 5.44251 4.21327	
10.6	7.08725 5.36601 4.27717	
10.61	7.13438 5.31553 4.3266	
10.62	7.14783 5.28548 4.3611	
10.63	7.15435 5.27522 4.37605	
10.64	7.15407 5.27429 4.38249	
10.65	7.14539 5.27789 4.38461	
10.66	7.1442 5.2792 4.3871	
10.67	7.14548 5.28196 4.3884	
10.68	7.14472 5.27466 4.39641	
10.69	7.14441 5.27262 4.40189	
10.7	7.14529 5.26929 4.40489	
10.71	7.14524 5.27011 4.40573	
10.72	7.14534 5.27037 4.40588	
10.73	7.14498 5.26726 4.41039	
10.74	7.14449 5.26282 4.41375	
10.75	7.14382 5.2558 4.42193	
10.76	7.14097 5.23932 4.43753	
10.77	7.13814 5.21016 4.46225	
10.78	7.13422 5.17078 4.49968	
10.79	7.12779 5.12904 4.5375	
10.8	7.12153 5.08881 4.57663	
10.81	7.11362 5.04379 4.62008	
10.82	7.09783 4.99857 4.66109	
10.83	7.07785 4.94502 4.71286	
10.84	7.06989 4.90998 4.7448	
10.85	7.05569 4.89299 4.76147	
10.86	7.03164 4.87958 4.77427	
10.87	7.00803 4.87216 4.7852	
10.88	6.98611 4.86983 4.78503	
10.89	6.95497 4.8672 4.79062	
10.9	6.93207 4.85447 4.80279	
10.91	6.92836 4.84067 4.81506	
10.92	6.9242 4.82177 4.83011	
10.93	6.92139 4.79666 4.85178	
10.94	6.91778 4.77473 4.87039	
10.95	6.90756 4.76693 4.87724	
10.96	6.89628 4.75882 4.88501	
10.97	6.8953 4.75031 4.89218	
10.98	6.89359 4.74519 4.89637	
10.99	6.89416 4.74127 4.89905	
11	6.89367 4.73702 4.90264	
11.01	6.89367 4.73702 4.90264	
11.02	6.88458 4.7383 4.90264	
11.03	6.88378 4.74141 4.8995	
11.04	6.8747 4.74269 4.8995	
11.05	6.87511 4.74667 4.89576	
11.06	6.87553 4.75065 4.89202	
11.07	6.87636 4.75863 4.88455	
11.08	6.87678 4.76261 4.88082	
11.09	6.87678 4.76261 4.88082	
11.1	6.87678 4.76261 4.88082	
11.11	6.88585 4.76133 4.88082	
11.12	6.88585 4.76133 4.88082	
11.13	6.89458 4.76758 4.8697	
11.14	6.89294 4.77242 4.85305	
11.15	6.89238 4.77675 4.83472	
11.16	6.90208 4.78156 4.81657	
11.17	6.91976 4.78433 4.80359	
11.18	6.93677 4.78119 4.80435	
11.19	6.95491 4.77868 4.80435	
11.2	6.99006 4.77309 4.80511	
11.21	7.01833 4.76974 4.8042	
11.22	7.03655 4.76757 4.80435	
11.23	7.06158 4.76381 4.80681	
11.24	7.0876 4.75862 4.80222	
11.25	7.12168 4.7526 4.80374	
11.26	7.13877 4.75073 4.80545	
11.27	7.14522 4.74317 4.80976	
11.28	7.14379 4.73965 4.81518	
11.29	7.13253 4.72932 4.82807	
11.3	7.12739 4.68483 4.86995	
11.31	7.10367 4.62968 4.92803	
11.32	7.08393 4.55267 5.00352	
11.33	7.06418 4.47809 5.0812	
11.34	7.03364 4.41204 5.1583	
11.35	7.02356 4.35382 5.22842	
11.36	7.01638 4.31457 5.27769	
11.37	7.00819 4.26418 5.33891	
11.38	6.99978 4.20021 5.41109	
11.39	6.98989 4.13108 5.48748	
11.4	6.97946 4.06663 5.56662	
11.41	6.97849 3.99092 5.65734	
11.42	6.96805 3.9254 5.73113	
11.43	6.9597 3.87157 5.79213	
11.44	6.95195 3.83333 5.84361	
11.45	6.956 3.80771 5.87707	
11.46	6.95273 3.78553 5.90954	
11.47	6.96904 3.75528 5.94989	
11.48	6.97507 3.72727 5.9923	
11.49	6.99101 3.6915 6.04205	
11.5	7.01471 3.65498 6.09482	
11.51	7.0303 3.62282 6.14863	
11.52	7.04658 3.59746 6.19408	
11.53	7.08181 3.56643 6.24385	
11.54	7.1077 3.52636 6.30471	
11.55	7.15078 3.46833 6.38893	
11.56	7.20091 3.38772 6.4988	
11.57	7.26031 3.29317 6.63267	
11.58	7.33982 3.19681 6.77797	
11.59	7.41983 3.10841 6.91207	
11.6	7.52204 3.02555 7.05488	
11.61	7.62633 2.95345 7.18721	
11.62	7.72253 2.88988 7.30309	
11.63	7.83031 2.82769 7.42332	
11.64	7.94887 2.76434 7.54949	
11.65	8.0681 2.69171 7.69003	
11.66	8.18862 2.62445 7.82713	
11.67	8.33028 2.56917 7.95171	
11.68	8.48256 2.52591 8.0759	
11.69	8.64844 2.503 8.18516	
11.7	8.78522 2.48753 8.2675	
11.71	8.91371 2.47309 8.35541	
11.72	9.03109 2.44028 8.45986	
11.73	9.12698 2.39343 8.57878	
11.74	9.21334 2.34086 8.71207	
11.75	9.31805 2.297 8.841	
11.76	9.43357 2.25802 8.97123	
11.77	9.57911 2.2283 9.08646	
11.78	9.73569 2.21902 9.18655	
11.79	9.88483 2.22801 9.27433	
11.8	10.0368 2.25425 9.3446	
11.81	10.1702 2.28093 9.39529	
11.82	10.2517 2.30105 9.4267	
11.83	10.3137 2.31988 9.4517	
11.84	10.3646 2.33408 9.46374	
11.85	10.3964 2.34649 9.48047	
11.86	10.4304 2.35817 9.50144	
11.87	10.4625 2.37096 9.5071	
11.88	10.5127 2.38147 9.50879	
11.89	10.583 2.39242 9.51066	
11.9	10.6819 2.40368 9.51449	
11.91	10.7911 2.41594 9.51882	
11.92	10.868 2.42533 9.52228	
11.93	10.9353 2.4377 9.52471	
11.94	11.0024 2.44752 9.53146	
11.95	11.0505 2.46 9.53407	
11.96	11.0784 2.47174 9.53742	
11.97	11.0964 2.48466 9.53415	
11.98	11.1128 2.49318 9.53156	
11.99	11.1371 2.50079 9.52996	
12	11.1597 2.50658 9.52669	
12.01	11.1824 2.51761 9.51545	
12.02	11.2125 2.52855 9.49633	
12.03	11.2231 2.54172 9.47404	
12.04	11.2228 2.55158 9.4569	
12.05	11.2228 2.55407 9.45249	
12.06	11.2234 2.55673 9.44719	
12.07	11.2222 2.55566 9.44668	
12.08	11.2122 2.55516 9.44668	
12.09	11.2122 2.55765 9.44227	
12.1	11.2124 2.55784 9.44245	
12.11	11.2118 2.55694 9.44105	
12.12	11.2114 2.55976 9.43858	
12.13	11.219 2.56341 9.42961	
12.14	11.2175 2.57226 9.41199	
12.15	11.216 2.58113 9.39439	
12.16	11.2139 2.58621 9.37677	
12.17	11.2218 2.59292 9.36448	
12.18	11.2393 2.59712 9.35556	
12.19	11.2491 2.59996 9.35099	
12.2	11.2585 2.60028 9.35188	
12.21	11.2688 2.59796 9.35433	
12.22	11.2809 2.60128 9.35962	
12.23	11.2833 2.60243 9.35747	
12.24	11.285 2.6032 9.35605	
12.25	11.2874 2.60435 9.35391	
12.26	11.2874 2.60435 9.35391	
12.27	11.2882 2.60473 9.35321	
12.28	11.2888 2.60745 9.34793	
12.29	11.288 2.60707 9.34864	
12.3	11.2866 2.60832 9.34355	
12.31	11.2868 2.61136 9.34021	
12.32	11.2858 2.61331 9.33635	
12.33	11.2855 2.618 9.32723	
12.34	11.2863 2.61838 9.32652	
12.35	11.2871 2.61876 9.32581	
12.36	11.278 2.61862 9.3251	
12.37	11.2781 2.61881 9.32528	
12.38	11.2788 2.619 9.3244	
12.39	11.2788 2.619 9.3244	
12.4	11.2796 2.61939 9.32369	
12.41	11.2804 2.61977 9.32299	
12.42	11.2808 2.62046 9.32422	
12.43	11.2816 2.62084 9.32352	
12.44	11.2808 2.62046 9.32422	
12.45	11.2816 2.62084 9.32352	
12.46	11.2816 2.62084 9.32352	
12.47	11.2825 2.62122 9.32282	
12.48	11.2825 2.62122 9.32282	
12.49	11.2841 2.62198 9.32142	
12.5	11.2849 2.62236 9.32072	
12.51	11.2849 2.62236 9.32072	
12.52	11.2849 2.62236 9.32072	
12.53	11.2845 2.62267 9.32265	
12.54	11.2857 2.62374 9.32319	
12.55	11.2855 2.62609 9.31863	
12.56	11.2949 2.62927 9.316	
12.57	11.3064 2.63155 9.31778	
12.58	11.3265 2.63566 9.31446	
12.59	11.3597 2.64478 9.30543	
12.6	11.3949 2.65253 9.2998	
12.61	11.4206 2.66067 9.29634	
12.62	11.4451 2.66494 9.29582	
12.63	11.4488 2.66793 9.29689	
12.64	11.4621 2.67339 9.29235	
12.65	11.4854 2.682 9.28347	
12.66	11.4991 2.69483 9.26398	
12.67	11.5331 2.71344 9.24695	
12.68	11.5564 2.744 9.22575	
12.69	11.5691 2.80312 9.19265	
12.7	11.5893 2.90415 9.16577	
12.71	11.6202 3.02214 9.14694	
12.72	11.6517 3.14084 9.13199	
12.73	11.6857 3.24169 9.13751	
12.74	11.7104 3.32462 9.17444	
12.75	11.7235 3.3845 9.23197	
12.76	11.7438 3.44262 9.29653	
12.77	11.7624 3.49569 9.34375	
12.78	11.7804 3.56282 9.36707	
12.79	11.7851 3.63938 9.37144	
12.8	11.7984 3.73059 9.34991	
12.81	11.8054 3.81101 9.32713	
12.82	11.803 3.86295 9.29819	
12.83	11.8034 3.88822 9.26481	
12.84	11.8028 3.90806 9.22945	
12.85	11.8019 3.9295 9.19914	
12.86	11.8002 3.96182 9.17503	
12.87	11.7975 4.01081 9.13349	
12.88	11.7938 4.07741 9.1025	
12.89	11.7915 4.14618 9.08734	
12.9	11.7907 4.21234 9.08774	
12.91	11.7886 4.28417 9.09118	
12.92	11.797 4.35811 9.09454	
12.93	11.7969 4.42428 9.1023	
12.94	11.7994 4.46356 9.11244	
12.95	11.802 4.48495 9.11298	
12.96	11.8062 4.49168 9.11172	
12.97	11.8084 4.49563 9.10601	
12.98	11.8103 4.49971 9.10135	
12.99	11.8103 4.50275 9.09627	
13	11.8111 4.50271 9.09447	
13.01	11.8121 4.50309 9.09407	
13.02	11.8132 4.50319 9.09245	
13.03	11.813 4.50679 9.08982	
13.04	11.813 4.50679 9.08982	
13.05	11.8139 4.50674 9.08802	
13.06	11.814 4.51049 9.08558	
13.07	11.8134 4.51353 9.08138	
13.08	11.8118 4.51952 9.07373	
13.09	11.811 4.52548 9.06428	
13.1	11.8102 4.53144 9.05484	
13.11	11.8099 4.53463 9.05082	
13.12	11.8099 4.53463 9.05082	
13.13	11.8097 4.53422 9.04942	
13.14	11.8095 4.5338 9.04801	
13.15	11.8097 4.53422 9.04942	
13.16	11.8097 4.53422 9.04942	
13.17	11.8098 4.5377 9.04576	
13.18	11.8095 4.55423 9.02548	
13.19	11.8087 4.587 8.98364	
13.2	11.8052 4.65267 8.91425	
13.21	11.7964 4.79083 8.80296	
13.22	11.7835 4.99313 8.68186	
13.23	11.769 5.22406 8.55847	
13.24	11.7673 5.459 8.46586	
13.25	11.768 5.65773 8.41581	
13.26	11.7598 5.83731 8.38177	
13.27	11.748 6.02745 8.34666	
13.28	11.7292 6.25136 8.26456	
13.29	11.7017 6.58022 8.12404	
13.3	11.6683 6.97621 7.94479	
13.31	11.6284 7.45869 7.7014	
13.32	11.5829 8.00179 7.42181	
13.33	11.5365 8.56555 7.10322	
13.34	11.4879 9.14098 6.769	
13.35	11.442 9.66782 6.47215	
13.36	11.4029 10.1052 6.23649	
13.37	11.3626 10.5425 6.01146	
13.38	11.3239 10.9102 5.84507	
13.39	11.2782 11.2572 5.70636	
13.4	11.2384 11.6092 5.58158	
13.41	11.196 11.9919 5.45272	
13.42	11.1452 12.3987 5.32996	
13.43	11.096 12.8206 5.21683	
13.44	11.0606 13.1665 5.13019	
13.45	11.0229 13.5145 5.05677	
13.46	10.9887 13.8324 4.99754	
13.47	10.9597 14.109 4.95129	
13.48	10.9334 14.3369 4.91401	
13.49	10.9145 14.5116 4.88307	
13.5	10.8985 14.6596 4.85677	
13.51	10.8846 14.7922 4.83592	
13.52	10.8659 14.9152 4.81869	
13.53	10.8575 14.9764 4.8012	
13.54	10.843 15.045 4.79417	
13.55	10.8039 15.0749 4.79382	
13.56	10.7904 15.1197 4.79108	
13.57	10.7601 15.1764 4.79283	
13.58	10.7537 15.2382 4.78447	
13.59	10.7421 15.2595 4.7834	
13.6	10.7382 15.2571 4.77643	
13.61	10.728 15.2645 4.78267	
13.62	10.7241 15.2991 4.79551	
13.63	10.7266 15.3356 4.82101	
13.64	10.717 15.3725 4.86564	
13.65	10.7068 15.4116 4.90891	
13.66	10.6998 15.4666 4.93738	
13.67	10.6886 15.5394 4.95554	
13.68	10.6681 15.6054 4.97555	
13.69	10.657 15.668 4.97372	
13.7	10.6395 15.751 4.99684	
13.71	10.5698 15.8348 4.99297	
13.72	10.5359 15.8988 4.96465	
13.73	10.4709 16.0172 4.97567	
13.74	10.4464 16.0642 4.97567	
13.75	10.3938 16.2245 4.98668	
13.76	10.3827 16.3858 4.99461	
13.77	10.3635 16.4992 5.00619	
13.78	10.3617 16.6294 5.01062	
13.79	10.363 16.7408 5.01107	
13.8	10.3592 16.8383 5.01773	
13.81	10.3543 16.9334 5.02117	
13.82	10.3496 17.0295 5.01719	
13.83	10.3411 17.1303 5.00646	
13.84	10.3347 17.2197 4.98945	
13.85	10.3278 17.3094 4.9749	
13.86	10.32 17.3898 4.96265	
13.87	10.3131 17.4731 4.95581	
13.88	10.3044 17.5613 4.95091	
13.89	10.2949 17.6607 4.93895	
13.9	10.2847 17.7564 4.90695	
13.91	10.273 17.8572 4.86712	
13.92	10.2617 17.9431 4.81347	
13.93	10.24 18.028 4.76803	
13.94	10.2062 18.1332 4.74697	
13.95	10.1646 18.2379 4.72839	
13.96	10.1068 18.3015 4.65431	
13.97	10.006 18.3825 4.56706	
13.98	9.88713 18.4408 4.46091	
13.99	9.75862 18.4837 4.32994	
14	9.64001 18.5387 4.17624	
14.01	9.55613 18.606 3.99951	
14.02	9.5476 18.737 3.81761	
14.03	9.56262 18.9209 3.68409	
14.04	9.58025 19.0789 3.57564	
14.05	9.60117 19.2061 3.51531	
14.06	9.6233 19.3395 3.50655	
14.07	9.64516 19.4527 3.49587	
14.08	9.66418 19.5301 3.45047	
14.09	9.68001 19.611 3.38772	
14.1	9.8011 19.9096 3.11227	
14.11	9.79806 19.9079 3.10854	
14.12	9.79439 19.9057 3.1038	
14.13	9.79103 19.9037 3.09921	
14.14	9.78712 19.9011 3.09357	
14.15	9.7884 19.8989 3.08618	
14.16	9.7878 19.8979 3.08351	
14.17	9.78317 19.8967 3.08257	
14.18	9.78144 19.896 3.08145	
14.19	9.78226 19.8956 3.07965	
14.2	9.78533 19.8952 3.07666	
14.21	9.78742 19.8951 3.07521	
14.22	9.78039 19.8957 3.08105	
14.23	9.77882 19.8946 3.07878	
14.24	9.77823 19.8946 3.07914	
14.25	9.77667 19.894 3.07827	
14.26	9.77624 19.8936 3.07749	
14.27	9.77175 19.8925 3.07707	
14.28	9.77595 19.8934 3.07697	
14.29	9.77595 19.8938 3.07836	
14.3	9.77665 19.8938 3.07768	
14.31	9.77356 19.8925 3.07591	
14.32	9.77413 19.8918 3.07358	
14.33	9.77498 19.8919 3.07316	
14.34	9.7747 19.8911 3.07125	
14.35	9.77512 19.892 3.07343	
14.36	9.7823 19.8972 3.08466	
14.37	9.7919 19.9042 3.10043	
14.38	9.80777 19.9127 3.11875	
14.39	9.82358 19.9201 3.1352	
14.4	9.8353 19.9248 3.14581	
14.41	9.84288 19.9276 3.15245	
14.42	9.84987 19.93 3.15806	
14.43	9.85423 19.9314 3.16098	
14.44	9.85683 19.9317 3.16123	
14.45	9.85787 19.932 3.16189	
14.46	9.8584 19.9322 3.16222	
14.47	9.85918 19.9335 3.16703	
14.48	9.85971 19.9326 3.16304	
14.49	9.85849 19.9349 3.17306	
14.5	9.85753 19.9362 3.17893	
14.51	9.85875 19.937 3.18189	
14.52	9.85699 19.9374 3.18438	
14.53	9.85657 19.9317 3.16106	
14.54	9.85225 19.9309 3.16041	
14.55	9.85089 19.9307 3.16019	
14.56	9.84936 19.9302 3.15914	
14.57	9.84714 19.9297 3.15837	
14.58	9.84734 19.9296 3.15773	
14.59	9.84683 19.9294 3.15737	
14.6	9.84658 19.9294 3.15719	
14.61	9.84633 19.9293 3.15702	
14.62	9.84633 19.9297 3.15845	
14.63	9.84608 19.9296 3.15827	
14.64	9.84488 19.9294 3.1582	
14.65	9.84608 19.9292 3.15684	
14.66	9.84608 19.9296 3.15827	
14.67	9.84608 19.9292 3.15684	
14.68	9.84583 19.9295 3.15809	
14.69	9.84488 19.9294 3.1582	
14.7	9.84608 19.9296 3.15827	
14.71	9.84608 19.9292 3.15684	
14.72	9.84583 19.9295 3.15809	
14.73	9.84583 19.9295 3.15809	
14.74	9.84463 19.9286 3.15515	
14.75	9.84488 19.9286 3.15533	
14.76	9.84343 19.928 3.15364	
14.77	9.84223 19.9278 3.15357	
14.78	9.83983 19.9274 3.15342	
14.79	9.83864 19.9269 3.15192	
14.8	9.84288 19.9276 3.15245	
14.81	9.8402 19.9273 3.15272	
14.82	9.84112 19.9272 3.15176	
14.83	9.83919 19.926 3.14827	
14.84	9.83965 19.9259 3.14778	
14.85	9.83867 19.926 3.14847	
14.86	9.83795 19.9253 3.14647	
14.87	9.83722 19.9255 3.14733	
14.88	9.83317 19.9235 3.14244	
14.89	9.83293 19.9231 3.14082	
14.9	9.83151 19.922 3.1377	
14.91	9.83151 19.922 3.1377	
14.92	9.83033 19.9214 3.13619	
14.93	9.83843 19.9259 3.14828	
14.94	9.84633 19.9285 3.15415	
14.95	9.85745 19.9325 3.16376	
14.96	9.87481 19.9375 3.17603	
