# Gnuplot File : positions of 1 particle(s) Monitored
# 1st Column : time, others : particle(s) number 0 
0.01	7.64867 14.2165 1.80734	
0.02	7.60502 14.1852 1.8868	
0.03	7.62204 14.1684 1.89226	
0.04	7.62296 14.17 1.88904	
0.05	7.62879 14.1681 1.88567	
0.06	7.62983 14.1696 1.88312	
0.07	7.62988 14.1735 1.88236	
0.08	7.63273 14.1718 1.8797	
0.09	7.63399 14.1731 1.87827	
0.1	7.63511 14.1744 1.877	
0.11	7.63608 14.1758 1.87577	
0.12	7.63694 14.1771 1.8746	
0.13	7.63771 14.1785 1.87354	
0.14	7.6384 14.1799 1.87258	
0.15	7.63902 14.1813 1.87169	
0.16	7.63958 14.1826 1.87085	
0.17	7.64008 14.184 1.87006	
0.18	7.64053 14.1853 1.86933	
0.19	7.92945 14.0468 1.56084	
0.2	8.79552 13.7994 1.00992	
0.21	9.30841 13.7735 0.887336	
0.22	9.56511 13.7573 0.831274	
0.23	9.76785 13.7533 0.802697	
0.24	10.1261 13.7528 0.790177	
0.25	10.728 13.7235 0.830925	
0.26	10.7108 13.7478 0.809244	
0.27	11.0553 13.7935 0.92362	
0.28	11.1763 13.815 0.973672	
0.29	11.5908 13.9044 1.20222	
0.3	12.1051 14.0838 1.62693	
0.31	12.318 14.1903 1.87504	
0.32	12.3837 14.2272 1.96294	
0.33	12.3565 14.2139 1.91853	
0.34	11.9333 14.0146 1.45102	
0.35	11.3098 13.8414 1.03213	
0.36	10.6146 13.7525 0.800354	
0.37	10.1266 13.7239 0.729145	
0.38	9.95944 13.0429 1.06538	
0.39	9.62356 11.9053 1.42379	
0.4	9.44193 11.2626 1.62669	
0.41	9.33368 10.3791 1.62085	
0.42	9.19409 9.02191 1.66505	
0.43	9.14998 8.67041 2.62415	
0.44	8.92287 7.88761 3.09946	
0.45	8.59626 7.0567 3.44427	
0.46	8.26738 6.28291 3.94508	
0.47	7.95248 5.51632 4.55954	
0.48	7.61057 4.88667 5.32048	
0.49	7.26861 4.59604 6.09615	
0.5	7.09266 4.59537 6.75738	
0.51	7.17388 4.80248 7.26616	
0.52	7.39 4.96101 7.69546	
0.53	7.58874 5.03713 7.98943	
0.54	7.932 5.1469 8.06528	
0.55	7.88951 5.12548 8.14993	
0.56	7.8227 5.11497 8.19403	
0.57	7.6098 4.99642 8.28887	
0.58	7.14128 4.53661 8.37776	
0.59	6.66061 4.00032 8.46029	
0.6	6.5496 3.89321 8.50118	
0.61	6.53572 3.84282 8.52382	
0.62	6.64663 3.81722 8.51884	
0.63	7.04649 3.95017 8.64831	
0.64	7.60437 4.05828 8.74964	
0.65	7.84747 4.2976 8.65504	
0.66	7.87702 4.395 8.62606	
0.67	7.86567 4.38325 8.55027	
0.68	7.89727 4.32638 8.37149	
0.69	8.26216 4.55395 8.35687	
0.7	8.83797 4.90573 8.31617	
0.71	9.50671 5.21543 8.28624	
0.72	9.85085 5.36525 8.3249	
0.73	9.92001 5.36794 8.34318	
0.74	9.83334 5.23987 8.29246	
0.75	9.67128 5.08308 8.18017	
0.76	9.47384 4.81712 7.94896	
0.77	9.35869 4.61915 7.73902	
0.78	9.24255 4.48202 7.5617	
0.79	9.16834 4.39229 7.40191	
0.8	9.09162 4.33132 7.25084	
0.81	9.04147 4.32236 7.19546	
0.82	9.04084 4.3374 7.23289	
0.83	9.06007 4.40094 7.41316	
0.84	9.08502 4.45724 7.59055	
0.85	9.11372 4.48228 7.64274	
0.86	9.05831 4.47639 7.67197	
0.87	9.04934 4.435 7.69609	
0.88	9.04237 4.44382 7.67249	
0.89	9.02755 4.46167 7.61629	
0.9	9.0167 4.46498 7.58122	
0.91	9.00634 4.43268 7.56266	
0.92	8.94431 4.38078 7.5589	
0.93	8.7831 4.31038 7.48428	
0.94	8.70756 4.29308 7.24775	
0.95	8.75359 4.4252 6.9156	
0.96	9.00911 4.68764 6.57668	
0.97	9.20096 4.97461 6.34565	
0.98	9.37782 5.21753 6.14353	
0.99	9.44401 5.40546 5.84655	
1	9.39579 5.46461 5.66894	
1.01	9.41427 5.57742 5.71063	
1.02	9.5062 5.72901 5.95207	
1.03	9.607 5.88798 6.19477	
1.04	9.72464 6.04094 6.357	
1.05	9.88083 6.23611 6.53163	
1.06	10.0273 6.46887 6.74708	
1.07	10.224 6.7338 6.98675	
1.08	10.4258 6.98588 7.12935	
1.09	10.623 7.24899 7.24683	
1.1	10.7747 7.49892 7.36342	
1.11	10.947 7.77922 7.45393	
1.12	11.2315 8.13036 7.30702	
1.13	11.527 8.48796 7.00339	
1.14	11.6732 8.67738 6.81009	
1.15	11.7854 8.82314 6.55997	
1.16	11.9115 8.88795 6.26851	
1.17	12.0464 8.90313 5.96857	
1.18	12.2222 8.86504 5.682	
1.19	12.3978 8.79672 5.46881	
1.2	12.571 8.70296 5.2494	
1.21	12.7505 8.58429 5.00586	
1.22	12.8891 8.47418 4.81267	
1.23	13.0441 8.35274 4.61895	
1.24	13.2047 8.25195 4.39334	
1.25	13.3475 8.18356 4.20921	
1.26	13.456 8.15665 4.08236	
1.27	13.5457 8.15774 3.99048	
1.28	13.6352 8.18388 3.91604	
1.29	13.7201 8.21734 3.86647	
1.3	13.8192 8.24968 3.82659	
1.31	13.898 8.29048 3.79227	
1.32	14.0026 8.34792 3.75445	
1.33	14.0934 8.40706 3.72189	
1.34	14.1819 8.48672 3.69144	
1.35	14.2563 8.58039 3.65829	
1.36	14.3164 8.69281 3.61863	
1.37	14.3628 8.81109 3.57825	
1.38	14.4238 8.95308 3.5177	
1.39	14.4813 9.05997 3.45807	
1.4	14.5393 9.14417 3.3947	
1.41	14.616 9.22191 3.3326	
1.42	14.6875 9.30248 3.25623	
1.43	14.7363 9.39672 3.16847	
1.44	14.7858 9.47155 3.06281	
1.45	14.8304 9.52968 2.97148	
1.46	14.9125 9.56468 2.87582	
1.47	14.9926 9.59535 2.78152	
1.48	15.1047 9.62793 2.6802	
1.49	15.2285 9.67932 2.57709	
1.5	15.3425 9.74025 2.48445	
1.51	15.4252 9.82531 2.40474	
1.52	15.4614 9.92631 2.34265	
1.53	15.4588 10.0157 2.32204	
1.54	15.4544 10.0821 2.30855	
1.55	15.4455 10.1445 2.27331	
1.56	15.4313 10.2174 2.27121	
1.57	15.3936 10.3088 2.25175	
1.58	15.374 10.3696 2.22536	
1.59	15.3606 10.4041 2.20177	
1.6	15.3441 10.4462 2.17151	
1.61	15.3233 10.4986 2.17013	
1.62	15.3033 10.5626 2.12828	
1.63	15.2745 10.6333 2.13136	
1.64	15.241 10.7066 2.07731	
1.65	15.2137 10.778 2.08158	
1.66	15.1912 10.7998 2.09416	
1.67	15.0551 10.7373 2.12808	
1.68	14.823 10.6583 2.095	
1.69	14.6339 10.535 2.06355	
1.7	14.675 10.3954 1.75984	
1.71	14.4642 10.3255 1.44642	
1.72	14.3446 10.186 1.35563	
1.73	14.263 10.0731 1.35596	
1.74	14.0908 10.0259 1.3901	
1.75	13.9445 9.86715 1.45575	
1.76	13.6827 9.67155 1.57231	
1.77	13.2827 9.49668 1.7281	
1.78	12.708 9.25063 1.99359	
1.79	12.2134 9.15694 2.37862	
1.8	11.1967 8.70962 3.24142	
1.81	11.112 8.62256 3.76637	
1.82	10.8649 8.44209 4.2448	
1.83	10.8331 8.34489 4.43056	
1.84	10.854 8.31417 4.52492	
1.85	10.8685 8.29639 4.592	
1.86	10.8782 8.29322 4.66129	
1.87	10.8633 8.29351 4.72989	
1.88	10.8041 8.29362 4.77975	
1.89	10.7285 8.2723 4.86227	
1.9	10.645 8.19387 4.96011	
1.91	10.5305 8.09588 5.06825	
1.92	10.3984 7.9815 5.19796	
1.93	10.2652 7.85355 5.34191	
1.94	10.153 7.68793 5.49103	
1.95	10.0691 7.5163 5.62524	
1.96	10.0254 7.38038 5.75552	
1.97	10.0062 7.32847 5.82629	
1.98	10.0016 7.32272 5.84949	
1.99	9.95509 7.35452 5.84962	
2	9.91272 7.39354 5.84203	
2.01	9.8463 7.43038 5.81453	
2.02	9.77366 7.45448 5.72342	
2.03	9.69585 7.45819 5.60001	
2.04	9.6425 7.47391 5.46869	
2.05	9.58334 7.49007 5.2988	
2.06	9.50457 7.51372 5.10013	
2.07	9.37966 7.53419 4.8775	
2.08	9.26648 7.54637 4.56236	
2.09	9.24131 7.57305 4.22766	
2.1	9.20224 7.62265 3.91065	
2.11	9.16001 7.6661 3.61994	
2.12	9.08401 7.71297 3.39032	
2.13	8.96172 7.73557 3.24856	
2.14	8.83452 7.75208 3.17162	
2.15	8.67577 7.76926 3.12986	
2.16	8.46988 7.83161 3.09197	
2.17	8.35439 7.93231 3.01415	
2.18	8.3147 8.10935 2.92571	
2.19	8.2888 8.28683 2.86735	
2.2	8.30536 8.44145 2.80386	
2.21	8.32515 8.57415 2.74034	
2.22	8.36045 8.72821 2.66243	
2.23	8.41325 8.93118 2.5607	
2.24	8.44831 9.18745 2.47265	
2.25	8.54132 9.44743 2.37668	
2.26	8.71248 9.67125 2.29039	
2.27	8.89256 9.88532 2.22556	
2.28	9.08252 10.1568 2.11825	
2.29	9.20338 10.4537 2.08265	
2.3	9.25095 10.5753 2.14097	
2.31	9.39709 10.7738 2.09396	
2.32	9.47145 10.9712 2.0575	
2.33	9.5697 11.1189 2.00738	
2.34	9.71018 11.1621 1.98431	
2.35	9.87439 11.1722 1.9154	
2.36	10.0557 11.1512 1.85425	
2.37	10.5348 11.1511 1.67234	
2.38	10.2008 11.1842 1.40488	
2.39	10.199 11.1442 1.23328	
2.4	9.79959 11.017 0.816403	
2.41	8.9171 10.8528 0.531565	
2.42	8.62594 10.3968 0.154458	
2.43	8.25369 10.4115 0.131567	
2.44	8.13301 10.3738 0.020227	
2.45	8.02237 10.2712 0.0401952	
2.46	7.70996 10.1753 0.0960063	
2.47	7.24187 10.1843 0.445897	
2.48	7.06511 10.1886 0.893121	
2.49	7.50649 10.3313 1.08877	
2.5	7.33824 10.3769 1.23704	
2.51	7.60392 10.3242 1.45159	
2.52	7.57753 10.1053 1.5519	
2.53	8.12904 10.0664 2.09129	
2.54	7.96293 10.0504 2.61658	
2.55	8.33403 9.931 2.4506	
2.56	8.31505 9.87292 2.56712	
2.57	8.38556 9.80566 2.67847	
2.58	8.36356 9.80065 2.76261	
2.59	8.349 9.78217 2.75438	
2.6	8.34279 9.7908 2.70849	
2.61	8.32984 9.85304 2.68851	
2.62	8.32453 9.89957 2.65207	
2.63	8.27151 9.94915 2.64077	
2.64	8.22413 10.017 2.66138	
2.65	8.14337 10.1291 2.72344	
2.66	8.03331 10.1974 2.78429	
2.67	8.03029 10.2086 2.81945	
2.68	7.91825 10.3115 3.02122	
2.69	7.88633 10.3268 3.11483	
2.7	7.86855 10.3204 3.11965	
2.71	7.82983 10.3416 3.21684	
2.72	7.8577 10.3561 3.26019	
2.73	7.80812 10.4555 3.42079	
2.74	7.88785 10.4677 3.49673	
2.75	7.93063 10.5315 3.62395	
2.76	8.01121 10.5967 3.74016	
2.77	8.03862 10.6717 3.83587	
2.78	8.11983 10.7197 3.92483	
2.79	8.14392 10.7063 3.9418	
2.8	8.1707 10.7165 3.98789	
2.81	8.17109 10.5913 3.96711	
2.82	8.26969 10.2169 3.74733	
2.83	8.34262 9.73685 3.52178	
2.84	8.23047 9.80528 3.37126	
2.85	8.23164 10.0311 3.38129	
2.86	8.56088 10.1774 3.41136	
2.87	8.96282 10.2887 3.36908	
2.88	8.94722 10.4423 3.33449	
2.89	8.85974 10.429 3.29089	
2.9	8.8396 10.5197 3.27563	
2.91	8.78458 10.602 3.11367	
2.92	8.77736 10.578 2.9621	
2.93	8.74696 10.5951 2.94525	
2.94	8.72881 10.6059 2.94582	
2.95	8.6986 10.678 3.0279	
2.96	8.66105 10.7083 3.03424	
2.97	8.54735 10.714 3.02333	
2.98	8.3935 10.7038 3.00555	
2.99	8.35705 10.597 2.79079	
3	8.40166 10.5609 2.63825	
3.01	8.51332 10.6788 2.43043	
3.02	8.55587 10.8663 2.15648	
3.03	8.6072 10.8739 2.09219	
3.04	8.8957 10.5819 1.94177	
3.05	9.0959 10.7707 1.73359	
3.06	8.95915 9.26269 2.98735	
3.07	9.10319 10.0821 4.96588	
3.08	9.67778 9.90582 6.22311	
3.09	9.69116 9.84935 6.26876	
3.1	9.4508 9.53484 6.7107	
3.11	9.06362 8.52544 6.99545	
3.12	8.92079 7.75958 7.04866	
3.13	8.85368 7.1422 7.21135	
3.14	8.87102 6.34782 7.65272	
3.15	9.06039 5.46294 8.19811	
3.16	9.43101 4.77189 8.54977	
3.17	10.0107 4.37219 8.6836	
3.18	10.725 4.16433 8.62948	
3.19	11.6172 4.0736 8.42531	
3.2	12.4913 3.96395 8.19278	
3.21	12.7693 3.53443 7.85917	
3.22	12.8635 2.90989 7.367	
3.23	13.0844 2.36098 6.78245	
3.24	13.4901 2.00159 6.23877	
3.25	14.0298 1.72371 5.75165	
3.26	14.3419 1.60031 5.36393	
3.27	14.5297 1.73788 5.00152	
3.28	14.7489 1.95027 4.65997	
3.29	14.8529 2.08029 4.39965	
3.3	14.8059 2.13207 4.13537	
3.31	14.6887 2.27767 3.83568	
3.32	14.7885 2.39029 3.49905	
3.33	14.8931 2.46115 3.30594	
3.34	14.9386 2.55346 3.11772	
3.35	14.9659 2.66312 2.86031	
3.36	14.9647 2.82549 2.56227	
3.37	14.9848 2.98083 2.3244	
3.38	15.1475 2.99801 2.28336	
3.39	15.4693 3.1151 2.33045	
3.4	16.0423 3.3777 2.23861	
3.41	16.3367 3.73009 2.1714	
3.42	16.3148 4.12571 2.04898	
3.43	16.4702 4.39838 1.95083	
3.44	16.5018 4.60208 1.87079	
3.45	16.4315 4.80635 1.70116	
3.46	16.0301 4.65478 1.53473	
3.47	14.2247 4.19911 1.62122	
3.48	12.9791 3.61106 2.53117	
3.49	12.7055 3.4761 2.73349	
3.5	12.3624 3.47563 3.10886	
3.51	12.3023 3.41052 3.28086	
3.52	12.1447 3.3896 3.52914	
3.53	12.0464 3.39483 3.84356	
3.54	11.7901 3.32603 4.16905	
3.55	11.4819 3.18474 4.49542	
3.56	11.3337 3.04045 4.73139	
3.57	11.3577 2.98322 4.87588	
3.58	11.3756 2.95853 4.99377	
3.59	11.118 2.93636 5.07163	
3.6	10.6573 2.83571 5.16954	
3.61	10.3863 2.77314 5.21265	
3.62	9.99089 2.58756 5.13048	
3.63	9.41825 2.32216 5.1212	
3.64	8.99156 2.17058 5.14694	
3.65	8.61312 2.04577 5.23025	
3.66	8.44121 1.93857 5.37161	
3.67	8.44356 1.92072 5.63955	
3.68	8.5123 1.97395 5.89503	
3.69	8.72104 2.0291 6.03692	
3.7	8.9469 2.06075 5.97437	
3.71	9.01661 2.01858 5.64668	
3.72	8.90629 1.99872 5.37713	
3.73	8.72823 1.97924 5.31649	
3.74	8.70029 1.94078 5.43306	
3.75	8.74219 1.96177 5.63859	
3.76	8.77941 1.98915 5.75822	
3.77	8.87897 2.03145 5.81434	
3.78	9.05778 2.02385 5.58736	
3.79	9.1841 1.90037 4.82199	
3.8	9.63135 1.9189 3.78134	
3.81	10.1053 2.13028 3.11491	
3.82	10.2129 2.28554 2.85953	
3.83	10.2243 2.53856 2.60215	
3.84	10.3511 2.96085 2.28768	
3.85	10.2877 3.13358 2.17628	
3.86	9.99562 3.21672 2.10512	
3.87	9.7983 3.43274 2.09602	
3.88	9.78049 3.63969 1.88886	
3.89	9.79621 3.6508 1.86061	
3.9	9.68678 3.62255 1.86393	
3.91	9.56045 3.65249 1.72989	
3.92	9.43153 3.68287 1.68807	
3.93	9.22334 3.67152 1.59196	
3.94	8.44771 3.77572 2.39233	
3.95	8.35719 4.74064 4.91403	
3.96	8.63143 5.04661 5.25717	
3.97	8.4759 5.10851 5.37735	
3.98	8.20107 5.04809 5.4335	
3.99	8.0447 4.99966 5.46586	
4	8.0506 4.9918 5.46843	
4.01	8.29558 4.9154 5.41476	
4.02	8.79729 4.71251 5.18455	
4.03	9.09772 4.59855 4.88378	
4.04	9.14287 4.53972 4.67674	
4.05	9.13737 4.4568 4.79781	
4.06	9.21015 4.23861 5.26844	
4.07	9.2847 4.00437 5.9124	
4.08	9.53452 3.9241 6.27071	
4.09	9.99093 4.03018 6.39434	
4.1	10.38 4.18811 6.52577	
4.11	10.578 4.25795 6.34977	
4.12	11.0752 4.85148 6.57668	
4.13	11.1513 5.3457 6.98733	
4.14	11.078 5.53654 6.86874	
4.15	10.9888 5.82974 6.60754	
4.16	11.0218 6.23576 6.3735	
4.17	10.978 6.46638 6.19059	
4.18	10.9376 6.46781 6.16052	
4.19	10.9789 6.37468 6.26593	
4.2	11.08 6.3213 6.32346	
4.21	11.1379 6.29981 6.02329	
4.22	11.2223 6.35678 5.27921	
4.23	11.5286 6.75609 4.2942	
4.24	12.0584 6.96373 3.66752	
4.25	12.3521 7.07223 3.44611	
4.26	12.6011 7.18252 3.2959	
4.27	12.7973 7.33484 3.17546	
4.28	12.9174 7.42481 3.10627	
4.29	12.9741 7.36977 2.98937	
4.3	12.9688 7.32382 2.99142	
4.31	12.9413 7.29059 2.99429	
4.32	12.9313 7.24276 3.00147	
4.33	12.9216 7.09047 3.00374	
4.34	12.6997 6.51177 3.06273	
4.35	12.3426 5.90141 3.3348	
4.36	12.2358 5.5815 3.53402	
4.37	12.0841 5.25282 3.71636	
4.38	11.7793 4.81618 3.92981	
4.39	11.4979 4.44181 4.10195	
4.4	11.3865 4.22504 4.16504	
4.41	11.3269 4.06231 4.27348	
4.42	11.2308 3.89293 4.42982	
4.43	11.1758 3.78907 4.55592	
4.44	11.1334 3.72363 4.61573	
4.45	11.0687 3.667 4.63964	
4.46	10.976 3.61114 4.65809	
4.47	10.9567 3.5309 4.72269	
4.48	10.9804 3.45737 4.82354	
4.49	11.0216 3.43 4.90218	
4.5	10.9391 3.43923 4.86708	
4.51	10.7508 3.17555 4.59317	
4.52	10.3814 2.6517 4.2835	
4.53	10.2963 2.59589 4.1137	
4.54	10.1603 2.58016 4.09736	
4.55	10.0424 2.58156 3.87303	
4.56	9.93305 2.5244 3.46805	
4.57	9.87989 2.42301 3.10314	
4.58	9.88129 2.4789 2.80435	
4.59	9.6987 2.55018 2.5459	
4.6	9.43966 2.62422 2.4435	
4.61	9.24027 2.81739 2.21987	
4.62	9.18317 2.73354 2.24559	
4.63	7.68612 3.19097 3.27787	
4.64	8.34607 2.41223 4.27777	
4.65	8.3263 2.11891 4.48123	
4.66	8.44625 1.44256 5.40832	
4.67	8.51636 0.922741 7.31877	
4.68	8.64833 0.614359 9.10775	
4.69	9.06612 0.882828 9.77569	
4.7	9.41261 1.68948 9.7223	
4.71	9.92743 3.12251 8.763	
4.72	10.2955 5.06108 7.643	
4.73	10.2752 6.89081 6.8446	
4.74	9.98136 8.27486 6.26493	
4.75	9.75068 9.27566 5.68002	
4.76	9.45743 9.82758 4.92482	
4.77	9.24658 10.2379 4.17607	
4.78	9.08583 10.6081 3.85033	
4.79	8.72183 10.89 3.7886	
4.8	8.51056 11.3052 3.68498	
4.81	8.46865 11.749 3.51445	
4.82	8.4133 12.2528 3.18771	
4.83	7.98382 12.6127 2.60112	
4.84	7.64954 13.2131 2.60859	
4.85	7.27666 14.2674 2.777	
4.86	7.28136 14.2703 2.74709	
4.87	7.26751 14.292 2.77622	
4.88	7.18859 14.4112 3.0754	
4.89	7.15664 14.6991 3.82861	
4.9	7.23118 14.8734 4.22513	
4.91	7.25051 14.9154 4.29442	
4.92	7.2715 14.9545 4.3615	
4.93	7.32777 15.0314 4.50999	
4.94	7.32975 15.0353 4.51858	
4.95	7.33185 15.0602 4.52073	
4.96	7.33008 15.0736 4.51586	
4.97	7.32619 15.082 4.50673	
4.98	7.32392 15.0905 4.50171	
4.99	7.32027 15.0994 4.49262	
5	7.31643 15.1088 4.48257	
5.01	7.31365 15.1131 4.47709	
5.02	7.31045 15.1211 4.46885	
5.03	7.3061 15.1265 4.45827	
5.04	7.30457 15.1343 4.45436	
5.05	7.30142 15.1424 4.44563	
5.06	7.30106 15.1531 4.44355	
5.07	7.29758 15.1556 4.43581	
5.08	7.2961 15.1644 4.43099	
