# Gnuplot File : positions of 1 particle(s) Monitored
# 1st Column : time, others : particle(s) number 0 
0.01	6.69589 30.0633 -8.48339	
0.02	6.70144 30.061 -8.49218	
0.03	6.69486 30.0631 -8.48481	
0.04	6.69592 30.0608 -8.49289	
0.05	6.69489 30.0607 -8.49355	
0.06	6.69489 30.0607 -8.49382	
0.07	6.69489 30.0607 -8.49404	
0.08	6.69489 30.0607 -8.49423	
0.09	6.69489 30.0607 -8.49437	
0.1	6.69489 30.0607 -8.4945	
0.11	6.69489 30.0607 -8.4946	
0.12	6.69589 30.0633 -8.48635	
0.13	6.69489 30.0607 -8.49475	
0.14	6.68834 30.0603 -8.49494	
0.15	6.69489 30.0607 -8.49485	
0.16	6.70144 30.061 -8.49474	
0.17	6.69489 30.0607 -8.49491	
0.18	6.69489 30.0607 -8.49494	
0.19	6.69489 30.0607 -8.49496	
0.2	6.69489 30.0607 -8.49497	
0.21	6.69486 30.0631 -8.48699	
0.22	6.69489 30.0607 -8.495	
0.23	6.69489 30.0607 -8.49501	
0.24	6.70144 30.061 -8.49488	
0.25	6.6883 30.0628 -8.48717	
0.26	6.69592 30.0608 -8.4947	
0.27	6.69489 30.0607 -8.49503	
0.28	6.70144 30.061 -8.49489	
0.29	6.69489 30.0607 -8.49504	
0.3	6.69592 30.0608 -8.49471	
0.31	6.70144 30.061 -8.4949	
0.32	6.69489 30.0607 -8.49504	
0.33	6.69489 30.0607 -8.49504	
0.34	6.69489 30.0607 -8.49504	
0.35	6.69592 30.0608 -8.49471	
0.36	6.69489 30.0607 -8.49504	
0.37	6.69489 30.0607 -8.49504	
0.38	6.69489 30.0607 -8.49504	
0.39	6.70144 30.061 -8.4949	
0.4	6.69489 30.0607 -8.49504	
0.41	6.69486 30.0631 -8.48704	
0.42	6.69489 30.0607 -8.49504	
0.43	6.69489 30.0607 -8.49504	
0.44	6.69489 30.0607 -8.49504	
0.45	6.69489 30.0607 -8.49504	
0.46	6.68834 30.0603 -8.49518	
0.47	6.69489 30.0607 -8.49504	
0.48	6.69386 30.0605 -8.49537	
0.49	6.69489 30.0607 -8.49504	
0.5	6.70144 30.061 -8.4949	
0.51	6.69592 30.0608 -8.49471	
0.52	6.70144 30.061 -8.4949	
0.53	6.69489 30.0607 -8.49504	
0.54	6.69489 30.0607 -8.49504	
0.55	6.69592 30.0608 -8.49471	
0.56	6.69489 30.0607 -8.49504	
0.57	6.69489 30.0607 -8.49504	
0.58	6.69489 30.0607 -8.49504	
0.59	6.69489 30.0607 -8.49504	
0.6	6.69489 30.0607 -8.49504	
0.61	6.69489 30.0607 -8.49504	
0.62	6.69489 30.0607 -8.49504	
0.63	6.70144 30.061 -8.4949	
0.64	6.69592 30.0608 -8.49471	
0.65	6.69489 30.0607 -8.49504	
0.66	6.69489 30.0607 -8.49504	
0.67	6.69489 30.0607 -8.49504	
0.68	6.70144 30.061 -8.4949	
0.69	6.69489 30.0607 -8.49504	
0.7	6.69489 30.0607 -8.49504	
0.71	6.69486 30.0631 -8.48704	
0.72	6.69489 30.0607 -8.49504	
0.73	6.69489 30.0607 -8.49504	
0.74	6.69486 30.0631 -8.48704	
0.75	6.69489 30.0607 -8.49504	
0.76	6.69489 30.0607 -8.49504	
0.77	6.69489 30.0607 -8.49504	
0.78	6.68834 30.0603 -8.49518	
0.79	6.69489 30.0607 -8.49504	
0.8	6.69489 30.0607 -8.49504	
0.81	6.6883 30.0628 -8.48718	
0.82	6.70144 30.061 -8.4949	
0.83	6.69489 30.0607 -8.49504	
0.84	6.69489 30.0607 -8.49504	
0.85	6.69489 30.0607 -8.49504	
0.86	6.69592 30.0608 -8.49471	
0.87	6.69489 30.0607 -8.49504	
0.88	6.69489 30.0607 -8.49504	
0.89	6.69489 30.0607 -8.49504	
0.9	6.69489 30.0607 -8.49504	
0.91	6.69489 30.0607 -8.49504	
0.92	6.69489 30.0607 -8.49504	
0.93	6.69489 30.0607 -8.49504	
0.94	6.69489 30.0607 -8.49504	
0.95	6.69489 30.0607 -8.49504	
0.96	6.70144 30.061 -8.4949	
0.97	6.69489 30.0607 -8.49504	
0.98	6.69489 30.0607 -8.49504	
0.99	6.69489 30.0607 -8.49504	
1	6.69489 30.0607 -8.49504	
1.01	6.69489 30.0607 -8.49504	
1.02	6.69489 30.0607 -8.49504	
1.03	6.69489 30.0607 -8.49504	
1.04	6.69489 30.0607 -8.49504	
1.05	6.69489 30.0607 -8.49504	
1.06	6.69486 30.0631 -8.48704	
1.07	6.70041 30.0609 -8.49523	
1.08	6.69489 30.0607 -8.49504	
1.09	6.68937 30.0604 -8.49486	
1.1	6.69486 30.0631 -8.48704	
1.11	6.69489 30.0607 -8.49504	
1.12	6.69489 30.0607 -8.49504	
1.13	6.68933 30.0629 -8.48686	
1.14	6.69489 30.0607 -8.49504	
1.15	6.69489 30.0607 -8.49504	
1.16	6.69489 30.0607 -8.49504	
1.17	6.69489 30.0607 -8.49504	
1.18	6.69486 30.0631 -8.48704	
1.19	6.69486 30.0631 -8.48704	
1.2	6.69489 30.0607 -8.49504	
1.21	6.69592 30.0608 -8.49471	
1.22	6.69489 30.0607 -8.49504	
1.23	6.69486 30.0631 -8.48704	
1.24	6.69489 30.0607 -8.49504	
1.25	6.69489 30.0607 -8.49504	
1.26	6.69592 30.0608 -8.49471	
1.27	6.69489 30.0607 -8.49504	
1.28	6.69489 30.0607 -8.49504	
1.29	6.68834 30.0603 -8.49518	
1.3	6.69489 30.0607 -8.49504	
1.31	6.70146 30.0585 -8.50289	
1.32	6.69489 30.0607 -8.49504	
1.33	6.69489 30.0607 -8.49504	
1.34	6.69489 30.0607 -8.49504	
1.35	6.69489 30.0607 -8.49504	
1.36	6.70144 30.061 -8.4949	
1.37	6.69489 30.0607 -8.49504	
1.38	6.69489 30.0607 -8.49504	
1.39	6.69489 30.0607 -8.49504	
1.4	6.69489 30.0607 -8.49504	
1.41	6.69489 30.0607 -8.49504	
1.42	6.70144 30.061 -8.4949	
1.43	6.69489 30.0607 -8.49504	
1.44	6.69489 30.0607 -8.49504	
1.45	6.69489 30.0607 -8.49504	
1.46	6.69489 30.0607 -8.49504	
1.47	6.69489 30.0607 -8.49504	
1.48	6.70144 30.061 -8.4949	
1.49	6.69489 30.0607 -8.49504	
1.5	6.69489 30.0607 -8.49504	
1.51	6.69489 30.0607 -8.49504	
1.52	6.70146 30.0585 -8.50289	
1.53	6.69489 30.0607 -8.49504	
1.54	6.69489 30.0607 -8.49504	
1.55	6.69489 30.0607 -8.49504	
1.56	6.69489 30.0607 -8.49504	
1.57	6.69489 30.0607 -8.49504	
1.58	6.69489 30.0607 -8.49504	
1.59	6.69489 30.0607 -8.49504	
1.6	6.69489 30.0607 -8.49504	
1.61	6.69489 30.0607 -8.49504	
1.62	6.69589 30.0633 -8.48672	
1.63	6.70144 30.061 -8.4949	
1.64	6.69489 30.0607 -8.49504	
1.65	6.69489 30.0607 -8.49504	
1.66	6.69489 30.0607 -8.49504	
1.67	6.69489 30.0607 -8.49504	
1.68	6.68834 30.0603 -8.49518	
1.69	6.69489 30.0607 -8.49504	
1.7	6.70144 30.061 -8.4949	
1.71	6.68834 30.0603 -8.49518	
1.72	6.68937 30.0604 -8.49486	
1.73	6.69489 30.0607 -8.49504	
1.74	6.69489 30.0607 -8.49504	
1.75	6.69489 30.0607 -8.49504	
1.76	6.69592 30.0608 -8.49471	
1.77	6.68834 30.0603 -8.49518	
1.78	6.69489 30.0607 -8.49504	
1.79	6.69486 30.0631 -8.48704	
1.8	6.69489 30.0607 -8.49504	
1.81	6.69489 30.0607 -8.49504	
1.82	6.69489 30.0607 -8.49504	
1.83	6.69489 30.0607 -8.49504	
1.84	6.69592 30.0608 -8.49471	
1.85	6.69489 30.0607 -8.49504	
1.86	6.69489 30.0607 -8.49504	
1.87	6.69489 30.0607 -8.49504	
1.88	6.69489 30.0607 -8.49504	
1.89	6.69489 30.0607 -8.49504	
1.9	6.69489 30.0607 -8.49504	
1.91	6.69489 30.0607 -8.49504	
1.92	6.69489 30.0607 -8.49504	
1.93	6.69486 30.0631 -8.48704	
1.94	6.69489 30.0607 -8.49504	
1.95	6.69489 30.0607 -8.49504	
1.96	6.69489 30.0607 -8.49504	
1.97	6.69592 30.0608 -8.49471	
1.98	6.69489 30.0607 -8.49504	
1.99	6.69489 30.0607 -8.49504	
2	6.69489 30.0607 -8.49504	
2.01	6.69592 30.0608 -8.49471	
2.02	6.69489 30.0607 -8.49504	
2.03	6.69489 30.0607 -8.49504	
2.04	6.69489 30.0607 -8.49504	
2.05	6.69489 30.0607 -8.49504	
2.06	6.69489 30.0607 -8.49504	
2.07	6.69489 30.0607 -8.49504	
2.08	6.69489 30.0607 -8.49504	
2.09	6.69489 30.0607 -8.49504	
2.1	6.70142 30.0635 -8.4869	
2.11	6.69489 30.0607 -8.49504	
2.12	6.69489 30.0607 -8.49504	
2.13	6.70144 30.061 -8.4949	
2.14	6.69489 30.0607 -8.49504	
2.15	6.69489 30.0607 -8.49504	
2.16	6.69489 30.0607 -8.49504	
2.17	6.69489 30.0607 -8.49504	
2.18	6.69489 30.0607 -8.49504	
2.19	6.69592 30.0608 -8.49471	
2.2	6.70144 30.061 -8.4949	
2.21	6.69489 30.0607 -8.49504	
2.22	6.70144 30.061 -8.4949	
2.23	6.70144 30.061 -8.4949	
2.24	6.69492 30.0582 -8.50303	
2.25	6.69489 30.0607 -8.49504	
2.26	6.69489 30.0607 -8.49504	
2.27	6.68834 30.0603 -8.49518	
2.28	6.69489 30.0607 -8.49504	
2.29	6.69486 30.0631 -8.48704	
2.3	6.69489 30.0607 -8.49504	
2.31	6.69489 30.0607 -8.49504	
2.32	6.69489 30.0607 -8.49504	
2.33	6.68834 30.0603 -8.49518	
2.34	6.69489 30.0607 -8.49504	
2.35	6.69489 30.0607 -8.49504	
2.36	6.69592 30.0608 -8.49471	
2.37	6.69489 30.0607 -8.49504	
2.38	6.69589 30.0633 -8.48672	
2.39	6.69489 30.0607 -8.49504	
2.4	6.69489 30.0607 -8.49504	
2.41	6.69489 30.0607 -8.49504	
2.42	6.69489 30.0607 -8.49504	
2.43	6.69489 30.0607 -8.49504	
2.44	6.69489 30.0607 -8.49504	
2.45	6.69386 30.0605 -8.49537	
2.46	6.69489 30.0607 -8.49504	
2.47	6.69489 30.0607 -8.49504	
2.48	6.69489 30.0607 -8.49504	
2.49	6.69489 30.0607 -8.49504	
2.5	6.69489 30.0607 -8.49504	
2.51	6.69489 30.0607 -8.49504	
2.52	6.69489 30.0607 -8.49504	
2.53	6.69489 30.0607 -8.49504	
2.54	6.69489 30.0607 -8.49504	
2.55	6.69489 30.0607 -8.49504	
2.56	6.69489 30.0607 -8.49504	
2.57	6.69489 30.0607 -8.49504	
2.58	6.69489 30.0607 -8.49504	
2.59	6.69489 30.0607 -8.49504	
2.6	6.69489 30.0607 -8.49504	
2.61	6.70247 30.0612 -8.49457	
2.62	6.70144 30.061 -8.4949	
2.63	6.69489 30.0607 -8.49504	
2.64	6.69489 30.0607 -8.49504	
2.65	6.69489 30.0607 -8.49504	
2.66	6.69592 30.0608 -8.49471	
2.67	6.69489 30.0607 -8.49504	
2.68	6.69489 30.0607 -8.49504	
2.69	6.69489 30.0607 -8.49504	
2.7	6.69489 30.0607 -8.49504	
2.71	6.69486 30.0631 -8.48704	
2.72	6.69489 30.0607 -8.49504	
2.73	6.69489 30.0607 -8.49504	
2.74	6.69486 30.0631 -8.48704	
2.75	6.69489 30.0607 -8.49504	
2.76	6.69486 30.0631 -8.48704	
2.77	6.69489 30.0607 -8.49504	
2.78	6.69489 30.0607 -8.49504	
2.79	6.69489 30.0607 -8.49504	
2.8	6.69489 30.0607 -8.49504	
2.81	6.70144 30.061 -8.4949	
2.82	6.69592 30.0608 -8.49471	
2.83	6.69489 30.0607 -8.49504	
2.84	6.70144 30.061 -8.4949	
2.85	6.69489 30.0607 -8.49504	
2.86	6.69489 30.0607 -8.49504	
2.87	6.69489 30.0607 -8.49504	
2.88	6.69489 30.0607 -8.49504	
2.89	6.69592 30.0608 -8.49471	
2.9	6.69489 30.0607 -8.49504	
2.91	6.68834 30.0603 -8.49518	
2.92	6.69489 30.0607 -8.49504	
2.93	6.69489 30.0607 -8.49504	
2.94	6.69489 30.0607 -8.49504	
2.95	6.69489 30.0607 -8.49504	
2.96	6.70041 30.0609 -8.49523	
2.97	6.69489 30.0607 -8.49504	
2.98	6.69489 30.0607 -8.49504	
2.99	6.69489 30.0607 -8.49504	
3	6.69489 30.0607 -8.49504	
3.01	6.69489 30.0607 -8.49504	
3.02	6.69489 30.0607 -8.49504	
3.03	6.68834 30.0603 -8.49518	
3.04	6.69489 30.0607 -8.49504	
3.05	6.69489 30.0607 -8.49504	
3.06	6.69489 30.0607 -8.49504	
3.07	6.68834 30.0603 -8.49518	
3.08	6.69489 30.0607 -8.49504	
3.09	6.69489 30.0607 -8.49504	
3.1	6.68834 30.0603 -8.49518	
3.11	6.69486 30.0631 -8.48704	
3.12	6.69489 30.0607 -8.49504	
3.13	6.69489 30.0607 -8.49504	
3.14	6.69489 30.0607 -8.49504	
3.15	6.69489 30.0607 -8.49504	
3.16	6.69492 30.0582 -8.50303	
3.17	6.69489 30.0607 -8.49504	
3.18	6.69489 30.0607 -8.49504	
3.19	6.69489 30.0607 -8.49504	
3.2	6.69489 30.0607 -8.49504	
3.21	6.69489 30.0607 -8.49504	
3.22	6.69489 30.0607 -8.49504	
3.23	6.69489 30.0607 -8.49504	
3.24	6.69489 30.0607 -8.49504	
3.25	6.69489 30.0607 -8.49504	
3.26	6.69489 30.0607 -8.49504	
3.27	6.69489 30.0607 -8.49504	
3.28	6.69489 30.0607 -8.49504	
3.29	6.69489 30.0607 -8.49504	
3.3	6.69489 30.0607 -8.49504	
3.31	6.69489 30.0607 -8.49504	
3.32	6.69489 30.0607 -8.49504	
3.33	6.69589 30.0633 -8.48672	
3.34	6.69489 30.0607 -8.49504	
3.35	6.69489 30.0607 -8.49504	
3.36	6.69489 30.0607 -8.49504	
3.37	6.69489 30.0607 -8.49504	
3.38	6.69489 30.0607 -8.49504	
3.39	6.69489 30.0607 -8.49504	
3.4	6.69489 30.0607 -8.49504	
3.41	6.69489 30.0607 -8.49504	
3.42	6.69489 30.0607 -8.49504	
3.43	6.69489 30.0607 -8.49504	
3.44	6.69489 30.0607 -8.49504	
3.45	6.69489 30.0607 -8.49504	
3.46	6.69489 30.0607 -8.49504	
3.47	6.69489 30.0607 -8.49504	
3.48	6.69489 30.0607 -8.49504	
3.49	6.70144 30.061 -8.4949	
3.5	6.69489 30.0607 -8.49504	
3.51	6.69489 30.0607 -8.49504	
3.52	6.69489 30.0607 -8.49504	
3.53	6.69489 30.0607 -8.49504	
3.54	6.69489 30.0607 -8.49504	
3.55	6.69489 30.0607 -8.49504	
3.56	6.69489 30.0607 -8.49504	
3.57	6.69592 30.0608 -8.49471	
3.58	6.69489 30.0607 -8.49504	
3.59	6.69489 30.0607 -8.49504	
3.6	6.69489 30.0607 -8.49504	
3.61	6.69489 30.0607 -8.49504	
3.62	6.69489 30.0607 -8.49504	
3.63	6.69489 30.0607 -8.49504	
3.64	6.69489 30.0607 -8.49504	
3.65	6.69489 30.0607 -8.49504	
3.66	6.69489 30.0607 -8.49504	
3.67	6.69489 30.0607 -8.49504	
3.68	6.68834 30.0603 -8.49518	
3.69	6.69489 30.0607 -8.49504	
3.7	6.68834 30.0603 -8.49518	
3.71	6.69489 30.0607 -8.49504	
3.72	6.69489 30.0607 -8.49504	
3.73	6.69489 30.0607 -8.49504	
3.74	6.69489 30.0607 -8.49504	
3.75	6.69489 30.0607 -8.49504	
3.76	6.69489 30.0607 -8.49504	
3.77	6.69489 30.0607 -8.49504	
3.78	6.69489 30.0607 -8.49504	
3.79	6.69489 30.0607 -8.49504	
3.8	6.69489 30.0607 -8.49504	
3.81	6.69489 30.0607 -8.49504	
3.82	6.69489 30.0607 -8.49504	
3.83	6.69489 30.0607 -8.49504	
3.84	6.69489 30.0607 -8.49504	
3.85	6.69489 30.0607 -8.49504	
3.86	6.69489 30.0607 -8.49504	
3.87	6.69489 30.0607 -8.49504	
3.88	6.69489 30.0607 -8.49504	
3.89	6.69489 30.0607 -8.49504	
3.9	6.70144 30.061 -8.4949	
3.91	6.69489 30.0607 -8.49504	
3.92	6.69489 30.0607 -8.49504	
3.93	6.69489 30.0607 -8.49504	
3.94	6.69489 30.0607 -8.49504	
3.95	6.70144 30.061 -8.4949	
3.96	6.69592 30.0608 -8.49471	
3.97	6.69489 30.0607 -8.49504	
3.98	6.69489 30.0607 -8.49504	
3.99	6.69589 30.0633 -8.48672	
4	6.70144 30.061 -8.4949	
4.01	6.70144 30.061 -8.4949	
4.02	6.69489 30.0607 -8.49504	
4.03	6.69489 30.0607 -8.49504	
4.04	6.69489 30.0607 -8.49504	
4.05	6.69489 30.0607 -8.49504	
4.06	6.69489 30.0607 -8.49504	
4.07	6.69489 30.0607 -8.49504	
4.08	6.70144 30.061 -8.4949	
4.09	6.69489 30.0607 -8.49504	
4.1	6.70144 30.061 -8.4949	
4.11	6.69489 30.0607 -8.49504	
4.12	6.69489 30.0607 -8.49504	
4.13	6.70144 30.061 -8.4949	
4.14	6.70144 30.061 -8.4949	
4.15	6.70144 30.061 -8.4949	
4.16	6.69592 30.0608 -8.49471	
4.17	6.69489 30.0607 -8.49504	
4.18	6.69489 30.0607 -8.49504	
4.19	6.69489 30.0607 -8.49504	
4.2	6.69489 30.0607 -8.49504	
4.21	6.70144 30.061 -8.4949	
4.22	6.69489 30.0607 -8.49504	
4.23	6.69489 30.0607 -8.49504	
4.24	6.69486 30.0631 -8.48704	
4.25	6.69489 30.0607 -8.49504	
4.26	6.69489 30.0607 -8.49504	
4.27	6.69486 30.0631 -8.48704	
4.28	6.69592 30.0608 -8.49471	
4.29	6.69489 30.0607 -8.49504	
4.3	6.69489 30.0607 -8.49504	
4.31	6.69489 30.0607 -8.49504	
4.32	6.69489 30.0607 -8.49504	
4.33	6.69386 30.0605 -8.49537	
4.34	6.69489 30.0607 -8.49504	
4.35	6.69489 30.0607 -8.49504	
4.36	6.69489 30.0607 -8.49504	
4.37	6.69489 30.0607 -8.49504	
4.38	6.70144 30.061 -8.4949	
4.39	6.69489 30.0607 -8.49504	
4.4	6.68834 30.0603 -8.49518	
4.41	6.68834 30.0603 -8.49518	
4.42	6.69489 30.0607 -8.49504	
4.43	6.69489 30.0607 -8.49504	
4.44	6.69489 30.0607 -8.49504	
4.45	6.70144 30.061 -8.4949	
4.46	6.69489 30.0607 -8.49504	
4.47	6.69489 30.0607 -8.49504	
4.48	6.69489 30.0607 -8.49504	
4.49	6.69489 30.0607 -8.49504	
4.5	6.69489 30.0607 -8.49504	
4.51	6.69486 30.0631 -8.48704	
4.52	6.69489 30.0607 -8.49504	
4.53	6.69489 30.0607 -8.49504	
4.54	6.69489 30.0607 -8.49504	
4.55	6.69489 30.0607 -8.49504	
4.56	6.69489 30.0607 -8.49504	
4.57	6.69589 30.0633 -8.48672	
4.58	6.69489 30.0607 -8.49504	
4.59	6.69489 30.0607 -8.49504	
4.6	6.69489 30.0607 -8.49504	
4.61	6.69489 30.0607 -8.49504	
4.62	6.69489 30.0607 -8.49504	
4.63	6.69489 30.0607 -8.49504	
4.64	6.68834 30.0603 -8.49518	
4.65	6.69592 30.0608 -8.49471	
4.66	6.69489 30.0607 -8.49504	
4.67	6.68834 30.0603 -8.49518	
4.68	6.69489 30.0607 -8.49504	
4.69	6.69489 30.0607 -8.49504	
4.7	6.69486 30.0631 -8.48704	
4.71	6.69489 30.0607 -8.49504	
4.72	6.69489 30.0607 -8.49504	
4.73	6.69489 30.0607 -8.49504	
4.74	6.69489 30.0607 -8.49504	
4.75	6.69489 30.0607 -8.49504	
4.76	6.69489 30.0607 -8.49504	
4.77	6.69489 30.0607 -8.49504	
4.78	6.69489 30.0607 -8.49504	
4.79	6.69489 30.0607 -8.49504	
4.8	6.69489 30.0607 -8.49504	
4.81	6.69592 30.0608 -8.49471	
4.82	6.70144 30.061 -8.4949	
4.83	6.69489 30.0607 -8.49504	
4.84	6.69386 30.0605 -8.49537	
4.85	6.68834 30.0603 -8.49518	
4.86	6.69489 30.0607 -8.49504	
4.87	6.69489 30.0607 -8.49504	
4.88	6.69489 30.0607 -8.49504	
4.89	6.69489 30.0607 -8.49504	
4.9	6.68834 30.0603 -8.49518	
4.91	6.70144 30.061 -8.4949	
4.92	6.69489 30.0607 -8.49504	
4.93	6.69489 30.0607 -8.49504	
4.94	6.69489 30.0607 -8.49504	
4.95	6.69489 30.0607 -8.49504	
4.96	6.68834 30.0603 -8.49518	
4.97	6.69489 30.0607 -8.49504	
4.98	6.70144 30.061 -8.4949	
4.99	6.70144 30.061 -8.4949	
5	6.69489 30.0607 -8.49504	
5.01	6.69489 30.0607 -8.49504	
5.02	6.69489 30.0607 -8.49504	
5.03	6.69489 30.0607 -8.49504	
5.04	6.69489 30.0607 -8.49504	
5.05	6.68834 30.0603 -8.49518	
5.06	6.69489 30.0607 -8.49504	
5.07	6.69489 30.0607 -8.49504	
5.08	6.70144 30.061 -8.4949	
5.09	6.69489 30.0607 -8.49504	
5.1	6.69489 30.0607 -8.49504	
5.11	6.69489 30.0607 -8.49504	
5.12	6.69489 30.0607 -8.49504	
5.13	6.68834 30.0603 -8.49518	
5.14	6.70144 30.061 -8.4949	
5.15	6.69489 30.0607 -8.49504	
5.16	6.70144 30.061 -8.4949	
5.17	6.69489 30.0607 -8.49504	
5.18	6.69489 30.0607 -8.49504	
5.19	6.69489 30.0607 -8.49504	
5.2	6.69489 30.0607 -8.49504	
5.21	6.69489 30.0607 -8.49504	
5.22	6.69489 30.0607 -8.49504	
5.23	6.69489 30.0607 -8.49504	
5.24	6.69489 30.0607 -8.49504	
5.25	6.69489 30.0607 -8.49504	
5.26	6.69489 30.0607 -8.49504	
5.27	6.69489 30.0607 -8.49504	
5.28	6.69489 30.0607 -8.49504	
5.29	6.69489 30.0607 -8.49504	
5.3	6.69489 30.0607 -8.49504	
5.31	6.69489 30.0607 -8.49504	
5.32	6.68834 30.0603 -8.49518	
5.33	6.69489 30.0607 -8.49504	
5.34	6.68937 30.0604 -8.49486	
5.35	6.69489 30.0607 -8.49504	
5.36	6.69489 30.0607 -8.49504	
5.37	6.69489 30.0607 -8.49504	
5.38	6.69489 30.0607 -8.49504	
5.39	6.69489 30.0607 -8.49504	
5.4	6.69489 30.0607 -8.49504	
5.41	6.69489 30.0607 -8.49504	
5.42	6.69489 30.0607 -8.49504	
5.43	6.69489 30.0607 -8.49504	
5.44	6.69489 30.0607 -8.49504	
5.45	6.69592 30.0608 -8.49471	
5.46	6.69489 30.0607 -8.49504	
5.47	6.69489 30.0607 -8.49504	
5.48	6.69489 30.0607 -8.49504	
5.49	6.69489 30.0607 -8.49504	
5.5	6.69489 30.0607 -8.49504	
5.51	6.69489 30.0607 -8.49504	
5.52	6.69489 30.0607 -8.49504	
5.53	6.69489 30.0607 -8.49504	
5.54	6.69489 30.0607 -8.49504	
5.55	6.69489 30.0607 -8.49504	
5.56	6.69489 30.0607 -8.49504	
5.57	6.69489 30.0607 -8.49504	
5.58	6.69489 30.0607 -8.49504	
5.59	6.69489 30.0607 -8.49504	
5.6	6.69489 30.0607 -8.49504	
5.61	6.69489 30.0607 -8.49504	
5.62	6.68834 30.0603 -8.49518	
5.63	6.69489 30.0607 -8.49504	
5.64	6.69489 30.0607 -8.49504	
5.65	6.69489 30.0607 -8.49504	
5.66	6.69489 30.0607 -8.49504	
5.67	6.68937 30.0604 -8.49486	
5.68	6.68834 30.0603 -8.49518	
5.69	6.68937 30.0604 -8.49486	
5.7	6.69589 30.0633 -8.48672	
5.71	6.69592 30.0608 -8.49471	
5.72	6.69592 30.0608 -8.49471	
5.73	6.69489 30.0607 -8.49504	
5.74	6.69592 30.0608 -8.49471	
5.75	6.69489 30.0607 -8.49504	
5.76	6.69489 30.0607 -8.49504	
5.77	6.69489 30.0607 -8.49504	
5.78	6.69592 30.0608 -8.49471	
5.79	6.69489 30.0607 -8.49504	
5.8	6.69489 30.0607 -8.49504	
5.81	6.69592 30.0608 -8.49471	
5.82	6.69489 30.0607 -8.49504	
5.83	6.69592 30.0608 -8.49471	
5.84	6.69592 30.0608 -8.49471	
5.85	6.6918 30.0602 -8.49602	
5.86	6.68563 30.0593 -8.49802	
5.87	6.68152 30.0586 -8.49938	
5.88	6.67538 30.0577 -8.50145	
5.89	6.67479 30.0569 -8.50377	
5.9	6.66316 30.0557 -8.50573	
5.91	6.65357 30.0548 -8.50698	
5.92	6.65606 30.0545 -8.5083	
5.93	6.65855 30.0542 -8.50963	
5.94	6.64999 30.0535 -8.51055	
5.95	6.64697 30.053 -8.51169	
5.96	6.63842 30.0522 -8.51262	
5.97	6.64194 30.0521 -8.51361	
5.98	6.64093 30.0519 -8.514	
5.99	6.63892 30.0515 -8.51478	
6	6.64345 30.0516 -8.5154	
6.01	6.66306 30.0503 -8.5229	
6.02	6.66858 30.0505 -8.52314	
6.03	6.66105 30.05 -8.52369	
6.04	6.65353 30.0469 -8.53222	
6.05	6.65352 30.0494 -8.52424	
6.06	6.65905 30.0496 -8.52448	
6.07	6.65905 30.0496 -8.52448	
6.08	6.65804 30.0494 -8.52487	
6.09	6.65804 30.0494 -8.52487	
6.1	6.65804 30.0494 -8.52487	
6.11	6.65704 30.0493 -8.52527	
6.12	6.65704 30.0493 -8.52527	
6.13	6.65704 30.0493 -8.52527	
6.14	6.65704 30.0493 -8.52527	
6.15	6.65704 30.036 -8.52307	
6.16	6.65129 29.9979 -8.53918	
6.17	6.64458 29.9533 -8.54607	
6.18	6.6381 29.9219 -8.54078	
6.19	6.63166 29.8834 -8.54254	
6.2	6.61874 29.8386 -8.53227	
6.21	6.60574 29.8066 -8.51288	
6.22	6.59279 29.7662 -8.48921	
6.23	6.57967 29.7316 -8.44963	
6.24	6.56562 29.6903 -8.40301	
6.25	6.54587 29.6496 -8.36768	
6.26	6.53258 29.6012 -8.35785	
6.27	6.52467 29.5454 -8.31576	
6.28	6.5057 29.4924 -8.30429	
6.29	6.49785 29.4515 -8.27337	
6.3	6.48419 29.3975 -8.25278	
6.31	6.48469 29.3572 -8.22288	
6.32	6.47757 29.2954 -8.19949	
6.33	6.4704 29.2588 -8.17079	
6.34	6.46321 29.2015 -8.14785	
6.35	6.46248 29.1583 -8.11365	
6.36	6.46083 29.1064 -8.09103	
6.37	6.46009 29.0677 -8.05748	
6.38	6.46053 29.0305 -8.03232	
6.39	6.45846 28.9889 -7.99446	
6.4	6.45791 28.9579 -7.96546	
6.41	6.45736 28.925 -7.94139	
6.42	6.46431 28.8988 -7.90093	
6.43	6.4624 28.8753 -7.86491	
6.44	6.45579 28.8511 -7.82855	
6.45	6.45508 28.8316 -7.79355	
6.46	6.45554 28.8177 -7.76841	
6.47	6.46265 28.8059 -7.72606	
6.48	6.46116 28.7956 -7.70285	
6.49	6.46066 28.7855 -7.67921	
6.5	6.45413 28.7811 -7.65152	
6.51	6.45362 28.775 -7.62906	
6.52	6.44588 28.769 -7.59254	
6.53	6.44762 28.7628 -7.56961	
6.54	6.44 28.754 -7.54094	
6.55	6.43235 28.7452 -7.51224	
6.56	6.42449 28.735 -7.4743	
6.57	6.41905 28.7138 -7.45257	
6.58	6.41769 28.7029 -7.43195	
6.59	6.41223 28.6717 -7.41252	
6.6	6.41068 28.6594 -7.38256	
6.61	6.4039 28.6267 -7.35666	
6.62	6.39743 28.5997 -7.32736	
6.63	6.38962 28.5669 -7.30161	
6.64	6.38237 28.53 -7.25037	
6.65	6.37549 28.4959 -7.2176	
6.66	6.36207 28.4423 -7.17449	
6.67	6.34978 28.4043 -7.13931	
6.68	6.32964 28.3591 -7.08393	
6.69	6.31675 28.3074 -7.02524	
6.7	6.30528 28.2277 -6.99601	
6.71	6.29318 28.2261 -6.90898	
6.72	6.28036 28.1643 -6.88315	
6.73	6.26717 28.1335 -6.81952	
6.74	6.26141 28.0803 -6.77521	
6.75	6.26338 28.0442 -6.72854	
6.76	6.24979 28.0016 -6.66768	
6.77	6.25077 27.9534 -6.6274	
6.78	6.23608 27.9197 -6.55831	
6.79	6.22916 27.9007 -6.49216	
6.8	6.21307 27.8642 -6.40068	
6.81	6.2132 27.841 -6.31329	
6.82	6.21188 27.8145 -6.25522	
6.83	6.19504 27.7675 -6.16887	
6.84	6.18574 27.7428 -6.1025	
6.85	6.16944 27.6932 -6.02055	
6.86	6.16085 27.6552 -5.94323	
6.87	6.14543 27.6291 -5.86994	
6.88	6.13654 27.5902 -5.77595	
6.89	6.12743 27.561 -5.71488	
6.9	6.11297 27.533 -5.6453	
6.91	6.09519 27.4939 -5.55726	
6.92	6.08784 27.4652 -5.50197	
6.93	6.0713 27.428 -5.42922	
6.94	6.06396 27.3996 -5.37355	
6.95	6.05381 27.3685 -5.32258	
6.96	6.03934 27.3293 -5.26353	
6.97	6.03842 27.2978 -5.21988	
6.98	6.02424 27.2536 -5.16656	
6.99	6.02316 27.2063 -5.11584	
7	6.00734 27.1639 -5.07188	
7.01	5.99727 27.1155 -5.01446	
7.02	5.98842 27.0745 -4.97025	
7.03	5.97936 27.0269 -4.91181	
7.04	5.97028 26.9884 -4.85894	
7.05	5.95317 26.9458 -4.80378	
7.06	5.94489 26.9042 -4.7379	
7.07	5.93583 26.8663 -4.68419	
7.08	5.92658 26.8217 -4.62238	
7.09	5.90847 26.7796 -4.56631	
7.1	5.90024 26.7413 -4.50764	
7.11	5.89128 26.6886 -4.46156	
7.12	5.88231 26.6449 -4.41501	
7.13	5.8813 26.5994 -4.35587	
7.14	5.8714 26.547 -4.30898	
7.15	5.86347 26.5127 -4.2612	
7.16	5.85444 26.4636 -4.19871	
7.17	5.84558 26.4206 -4.15055	
7.18	5.83573 26.3809 -4.09819	
7.19	5.83613 26.3288 -4.04677	
7.2	5.82735 26.2864 -3.99767	
7.21	5.81847 26.2409 -3.93557	
7.22	5.8178 26.1971 -3.87328	
7.23	5.80909 26.1636 -3.82368	
7.24	5.80025 26.1086 -3.75605	
7.25	5.79142 26.0672 -3.69317	
7.26	5.78369 26.0212 -3.62489	
7.27	5.78329 25.9797 -3.56972	
7.28	5.76659 25.9185 -3.51232	
7.29	5.76528 25.8599 -3.44459	
7.3	5.75683 25.8208 -3.38393	
7.31	5.74373 25.7641 -3.31898	
7.32	5.73443 25.7191 -3.25949	
7.33	5.72624 25.6692 -3.21157	
7.34	5.71238 25.6203 -3.13586	
7.35	5.70429 25.5763 -3.07332	
7.36	5.69626 25.5349 -3.02539	
7.37	5.68017 25.4777 -2.96467	
7.38	5.67492 25.4264 -2.92148	
7.39	5.67533 25.3696 -2.87705	
7.4	5.6686 25.3232 -2.82727	
7.41	5.65983 25.2709 -2.79154	
7.42	5.66159 25.1987 -2.73031	
7.43	5.65396 25.1544 -2.68399	
7.44	5.64645 25.0967 -2.63705	
7.45	5.63892 25.0527 -2.59008	
7.46	5.63452 24.998 -2.5259	
7.47	5.62714 24.9562 -2.48109	
7.48	5.62275 24.9211 -2.42669	
7.49	5.61856 24.869 -2.37531	
7.5	5.61405 24.8404 -2.33193	
7.51	5.61016 24.8012 -2.26965	
7.52	5.62245 24.7642 -2.2164	
7.53	5.6184 24.7297 -2.17201	
7.54	5.61762 24.6886 -2.11726	
7.55	5.62169 24.6508 -2.08517	
7.56	5.62893 24.6024 -2.09157	
7.57	5.63171 24.5483 -2.09692	
7.58	5.63874 24.5064 -2.11103	
7.59	5.6485 24.4509 -2.0961	
7.6	5.65819 24.3928 -2.13099	
7.61	5.66263 24.3344 -2.13134	
7.62	5.66352 24.3092 -2.05676	
7.63	5.67164 24.2679 -1.98853	
7.64	5.68012 24.2309 -1.93715	
7.65	5.68899 24.2021 -1.88639	
7.66	5.69086 24.157 -1.83634	
7.67	5.70853 24.1301 -1.79705	
7.68	5.70605 24.0854 -1.76012	
7.69	5.72754 24.0569 -1.72599	
7.7	5.74175 24.022 -1.68552	
7.71	5.75554 23.9896 -1.66241	
7.72	5.78242 23.9559 -1.62503	
7.73	5.80824 23.9205 -1.59716	
7.74	5.83754 23.8846 -1.57007	
7.75	5.86433 23.8434 -1.53267	
7.76	5.90939 23.8053 -1.49728	
7.77	5.95323 23.7722 -1.4578	
7.78	5.99204 23.7273 -1.42253	
7.79	6.02427 23.6937 -1.37475	
7.8	6.05711 23.6495 -1.32805	
7.81	6.08586 23.6168 -1.29197	
7.82	6.10715 23.5689 -1.26112	
7.83	6.12503 23.5308 -1.22818	
7.84	6.14656 23.4896 -1.18844	
7.85	5.87562 23.3829 -1.12832	
7.86	5.71644 23.2775 -1.07945	
7.87	5.82319 23.2199 -1.03369	
7.88	5.49065 23.1145 -0.799633	
7.89	5.70756 23.097 -0.754521	
7.9	5.81466 23.0729 -0.763369	
7.91	5.91238 22.9717 -0.750423	
7.92	5.98084 22.8715 -0.731202	
7.93	6.04406 22.7742 -0.691141	
7.94	6.20049 22.6687 -0.764326	
7.95	6.02638 22.5208 -0.592065	
7.96	6.04306 22.4603 -0.609885	
7.97	5.91027 22.4059 -0.336979	
7.98	6.00392 22.3816 -0.264613	
7.99	5.89319 22.3154 -0.371644	
8	5.96277 22.3217 -0.165078	
8.01	5.85178 22.2701 -0.253888	
8.02	5.89514 22.2635 -0.26615	
8.03	5.83245 22.2394 -0.220304	
8.04	5.88896 22.2186 -0.25735	
8.05	5.8913 22.2017 -0.235938	
8.06	5.99265 22.195 -0.182003	
8.07	6.07776 22.1857 -0.111481	
8.08	6.15102 22.1573 -0.0546927	
8.09	6.21573 22.1069 0.000217344	
8.1	6.4749 22.1265 0.105261	
8.11	6.49106 22.0225 0.180157	
8.12	6.49633 22.084 0.31278	
8.13	6.47852 21.9916 0.200293	
8.14	6.48452 21.9593 0.321712	
8.15	6.48589 21.9183 0.425269	
8.16	6.50008 21.8282 0.5065	
8.17	6.49099 21.7355 0.448711	
8.18	6.49743 21.6588 0.534835	
8.19	6.50016 21.5791 0.654899	
8.2	6.5093 21.5005 0.780885	
8.21	6.52423 21.4268 0.900815	
8.22	6.5259 21.3441 1.01543	
8.23	6.54124 21.2941 1.3635	
8.24	6.53749 21.2288 1.40175	
8.25	6.53391 21.1642 1.43784	
8.26	6.53118 21.1107 1.48072	
8.27	6.52654 21.0632 1.74245	
8.28	6.52838 21.0052 1.7303	
8.29	6.53042 20.948 1.74135	
8.3	6.53176 20.9041 1.74602	
8.31	6.53211 20.8567 1.76667	
8.32	6.53393 20.8189 1.7917	
8.33	6.5413 20.7828 1.82481	
8.34	6.54147 20.754 1.86104	
8.35	6.5479 20.7314 1.89851	
8.36	6.5512 20.7114 1.92093	
8.37	6.5508 20.6918 1.96325	
8.38	6.55688 20.6606 1.99643	
8.39	6.55105 20.6408 2.03373	
8.4	6.54612 20.6084 2.07524	
8.41	6.53362 20.5779 2.11414	
8.42	6.51757 20.5481 2.14954	
8.43	6.49411 20.5131 2.18277	
8.44	6.45667 20.4725 2.23315	
8.45	6.41281 20.4371 2.27814	
8.46	6.34454 20.3874 2.34725	
8.47	6.27565 20.3505 2.40911	
8.48	6.17957 20.3039 2.49366	
8.49	6.09452 20.2683 2.54463	
8.5	6.01339 20.2427 2.6106	
8.51	5.93165 20.2191 2.65434	
8.52	5.85762 20.2022 2.70887	
8.53	5.7918 20.1847 2.74592	
8.54	5.71259 20.1657 2.80895	
8.55	5.64789 20.1512 2.88208	
8.56	5.59472 20.1361 2.95323	
8.57	5.55009 20.1252 3.05601	
8.58	5.51486 20.1168 3.14192	
8.59	5.47767 20.1123 3.24559	
8.6	5.44075 20.116 3.36079	
8.61	5.40714 20.1281 3.47656	
8.62	5.37849 20.1323 3.56185	
8.63	5.34571 20.1427 3.64546	
8.64	5.31903 20.1543 3.7412	
8.65	5.29964 20.1549 3.79531	
8.66	5.28218 20.1561 3.85027	
8.67	5.26954 20.1524 3.88568	
8.68	5.26612 20.1499 3.91631	
8.69	5.25825 20.1403 3.93758	
8.7	5.26701 20.1322 3.95498	
8.71	5.27133 20.1303 3.97665	
8.72	5.28008 20.1238 3.99866	
8.73	5.29167 20.1245 4.00849	
8.74	5.30626 20.1337 4.03544	
8.75	5.32754 20.1371 4.06561	
8.76	5.33799 20.1413 4.06625	
8.77	5.35437 20.1504 4.08396	
8.78	5.36504 20.1521 4.09246	
8.79	5.37485 20.1578 4.10343	
8.8	5.38622 20.1596 4.11272	
8.81	5.39826 20.1607 4.11813	
8.82	5.40395 20.1544 4.11352	
8.83	5.41157 20.1416 4.11006	
8.84	5.4215 20.1348 4.09904	
8.85	5.42737 20.128 4.09687	
8.86	5.42842 20.1218 4.0947	
8.87	5.43795 20.1213 4.08672	
8.88	5.44168 20.123 4.08312	
8.89	5.45625 20.1244 4.0733	
8.9	5.46391 20.1281 4.06058	
8.91	5.47398 20.132 4.05688	
8.92	5.48407 20.1359 4.0532	
8.93	5.4977 20.1374 4.03623	
8.94	5.50972 20.1417 4.03522	
8.95	5.51582 20.14 4.02541	
8.96	5.53189 20.1411 4.02629	
8.97	5.54474 20.142 4.01082	
8.98	5.55824 20.1467 3.99478	
8.99	5.58331 20.1495 3.98	
9	5.59865 20.151 3.96689	
9.01	5.61764 20.1534 3.95779	
9.02	5.63622 20.1597 3.95759	
9.03	5.65425 20.1622 3.93991	
9.04	5.67713 20.1659 3.92619	
9.05	5.69864 20.1729 3.92785	
9.06	5.71911 20.1755 3.91772	
9.07	5.73908 20.1786 3.91135	
9.08	5.75868 20.1812 3.89254	
9.09	5.78709 20.1817 3.87816	
9.1	5.8021 20.1826 3.86036	
9.11	5.82268 20.1852 3.84073	
9.12	5.85108 20.186 3.81032	
9.13	5.86721 20.1827 3.78819	
9.14	5.89159 20.1817 3.76609	
9.15	5.91573 20.185 3.73931	
9.16	5.94049 20.1841 3.70868	
9.17	5.97353 20.1892 3.69607	
9.18	5.99632 20.1958 3.6775	
9.19	6.03164 20.2014 3.65735	
9.2	6.06992 20.2118 3.63733	
9.21	6.10215 20.2203 3.61777	
9.22	6.13492 20.2287 3.60569	
9.23	6.16602 20.2364 3.59247	
9.24	6.20412 20.2514 3.59141	
9.25	6.22336 20.2574 3.57806	
9.26	6.26483 20.2645 3.55619	
9.27	6.28438 20.2745 3.5537	
9.28	6.3032 20.2799 3.54732	
9.29	6.32307 20.2867 3.53174	
9.3	6.34144 20.2942 3.52486	
9.31	6.35218 20.3 3.51824	
9.32	6.36982 20.3069 3.51071	
9.33	6.36893 20.3089 3.49637	
9.34	6.37701 20.3084 3.4863	
9.35	6.38185 20.3114 3.47888	
9.36	6.39464 20.3154 3.46616	
9.37	6.39592 20.3177 3.45976	
9.38	6.40528 20.3171 3.44924	
9.39	6.4103 20.3199 3.44137	
9.4	6.41637 20.3177 3.4393	
9.41	6.42852 20.3214 3.42231	
9.42	6.43571 20.3203 3.41916	
9.43	6.44689 20.3144 3.40417	
9.44	6.46039 20.3054 3.38497	
9.45	6.47755 20.2932 3.35334	
9.46	6.48753 20.2793 3.33125	
9.47	6.49927 20.2694 3.30325	
9.48	6.50825 20.2564 3.28478	
9.49	6.52005 20.2429 3.24953	
9.5	6.52462 20.2252 3.22905	
9.51	6.53158 20.2192 3.21403	
9.52	6.53015 20.2097 3.20012	
9.53	6.53357 20.196 3.18736	
9.54	6.53441 20.1861 3.18172	
9.55	6.53421 20.1773 3.17159	
9.56	6.52864 20.1632 3.17607	
9.57	6.51678 20.152 3.16251	
9.58	6.51235 20.1425 3.165	
9.59	6.50613 20.1284 3.16058	
9.6	6.49946 20.1225 3.16192	
9.61	6.49316 20.1121 3.1561	
9.62	6.48428 20.1059 3.1577	
9.63	6.46895 20.0962 3.15537	
9.64	6.46111 20.0939 3.15543	
9.65	6.44772 20.0831 3.14506	
9.66	6.42949 20.0729 3.14697	
9.67	6.42592 20.066 3.13495	
9.68	6.40696 20.0555 3.13328	
9.69	6.40102 20.0479 3.12187	
9.7	6.39275 20.0428 3.13151	
9.71	6.38747 20.0401 3.13188	
9.72	6.3696 20.0404 3.12316	
9.73	6.36333 20.0418 3.12718	
9.74	6.36211 20.0431 3.12621	
9.75	6.36205 20.0486 3.12852	
9.76	6.36677 20.0495 3.12741	
9.77	6.37061 20.0588 3.13341	
9.78	6.38049 20.0636 3.13087	
9.79	6.39513 20.0643 3.12975	
9.8	6.40543 20.0658 3.13702	
9.81	6.41344 20.0655 3.12795	
9.82	6.43446 20.0663 3.12669	
9.83	6.44417 20.063 3.12717	
9.84	6.45506 20.0557 3.12408	
9.85	6.47419 20.0474 3.11774	
9.86	6.48886 20.0362 3.1247	
9.87	6.49723 20.0249 3.12838	
9.88	6.51292 20.0172 3.13046	
9.89	6.53726 20.009 3.13282	
9.9	6.55166 20.008 3.12407	
9.91	6.57128 20.0041 3.12862	
9.92	6.59079 20.0036 3.12832	
9.93	6.61752 20.0028 3.12791	
9.94	6.65025 20.001 3.11928	
9.95	6.66978 20.0002 3.11922	
9.96	6.70166 20.0024 3.11446	
9.97	6.72236 20.0049 3.10949	
9.98	6.75451 20.0117 3.11676	
9.99	6.77421 20.0141 3.11211	
10	6.80024 20.0204 3.1111	
10.01	6.82512 20.0223 3.10691	
10.02	6.85126 20.0283 3.10611	
10.03	6.88364 20.0338 3.10563	
10.04	6.91486 20.035 3.10203	
10.05	6.94626 20.0403 3.10199	
10.06	6.97226 20.0429 3.11135	
10.07	6.99754 20.0484 3.11122	
10.08	7.02987 20.0545 3.12457	
10.09	7.05522 20.0599 3.12464	
10.1	7.08659 20.0697 3.13696	
10.11	7.10435 20.0765 3.1452	
10.12	7.13568 20.0862 3.15772	
10.13	7.16635 20.0949 3.16215	
10.14	7.1818 20.0976 3.16736	
10.15	7.20973 20.1031 3.17706	
10.16	7.23132 20.105 3.1829	
10.17	7.25799 20.1062 3.18945	
10.18	7.27846 20.1081 3.19547	
10.19	7.2937 20.1063 3.19747	
10.2	7.32523 20.1024 3.20152	
10.21	7.34443 20.1 3.20431	
10.22	7.3525 20.0939 3.20304	
10.23	7.3666 20.0921 3.20515	
10.24	7.37961 20.0903 3.20724	
10.25	7.39046 20.0889 3.20928	
10.26	7.3975 20.0849 3.22032	
10.27	7.40003 20.0846 3.22143	
10.28	7.4058 20.0839 3.2226	
10.29	7.4105 20.0833 3.22365	
10.3	7.41123 20.0832 3.22403	
10.31	7.40957 20.0826 3.21583	
10.32	7.40839 20.0837 3.2243	
10.33	7.40913 20.0836 3.22454	
10.34	7.40268 20.0845 3.22388	
10.35	7.39452 20.0873 3.23973	
10.36	7.38218 20.0898 3.24666	
10.37	7.36736 20.088 3.24628	
10.38	7.35208 20.092 3.26594	
10.39	7.34373 20.0939 3.27317	
10.4	7.33013 20.0887 3.28263	
10.41	7.3135 20.0889 3.29334	
10.42	7.29899 20.0876 3.30117	
10.43	7.29294 20.0855 3.31366	
10.44	7.26904 20.086 3.3198	
10.45	7.25578 20.0883 3.32632	
10.46	7.23635 20.087 3.32885	
10.47	7.22085 20.09 3.33455	
10.48	7.19542 20.0892 3.33655	
10.49	7.18103 20.092 3.34248	
10.5	7.16739 20.094 3.3401	
10.51	7.14805 20.0971 3.3458	
10.52	7.13924 20.099 3.34345	
10.53	7.1318 20.0927 3.34812	
10.54	7.123 20.0944 3.34576	
10.55	7.11287 20.0928 3.34439	
10.56	7.11215 20.0899 3.34436	
10.57	7.10441 20.0917 3.34706	
10.58	7.10273 20.0926 3.34534	
10.59	7.1021 20.0934 3.34389	
10.6	7.09664 20.0941 3.34243	
10.61	7.08954 20.0957 3.34899	
10.62	7.08997 20.0963 3.3478	
10.63	7.08889 20.0963 3.33771	
10.64	7.0824 20.097 3.33592	
10.65	7.08786 20.0972 3.33471	
10.66	7.08138 20.0983 3.33766	
10.67	7.07986 20.0947 3.33718	
10.68	7.07956 20.0992 3.33895	
10.69	7.06819 20.0959 3.33845	
10.7	7.06196 20.0961 3.33645	
10.71	7.05678 20.0962 3.33474	
10.72	7.04447 20.0967 3.3324	
10.73	7.03828 20.0969 3.33028	
10.74	7.03203 20.0928 3.32472	
10.75	7.02428 20.0937 3.33044	
10.76	7.01102 20.0942 3.32757	
10.77	7.00279 20.0905 3.32586	
10.78	6.98903 20.0917 3.3312	
10.79	6.97482 20.092 3.32777	
10.8	6.96266 20.0923 3.32511	
10.81	6.9485 20.0926 3.32157	
10.82	6.93054 20.0929 3.31841	
10.83	6.90932 20.0934 3.3142	
10.84	6.89722 20.0936 3.31141	
10.85	6.88415 20.0937 3.30813	
10.86	6.87898 20.0981 3.30958	
10.87	6.86088 20.1026 3.31001	
10.88	6.84748 20.1077 3.31835	
10.89	6.83743 20.1078 3.31639	
10.9	6.83253 20.1077 3.31398	
10.91	6.8168 20.1071 3.30365	
10.92	6.8129 20.107 3.30169	
10.93	6.80342 20.1078 3.3085	
10.94	6.79471 20.1028 3.29531	
10.95	6.7918 20.1027 3.29381	
10.96	6.78428 20.1036 3.30163	
10.97	6.78268 20.0985 3.28893	
10.98	6.7746 20.0985 3.28792	
10.99	6.77323 20.0989 3.29095	
11	6.76516 20.0989 3.28995	
11.01	6.76419 20.0989 3.28944	
11.02	6.75709 20.0989 3.28896	
11.03	6.75037 20.0982 3.28016	
11.04	6.74978 20.0973 3.27134	
11.05	6.74229 20.0982 3.27918	
11.06	6.73651 20.0974 3.27091	
11.07	6.73422 20.0973 3.27045	
11.08	6.72094 20.0974 3.27006	
11.09	6.72094 20.0974 3.27006	
11.1	6.71383 20.0978 3.27441	
11.11	6.71383 20.0978 3.27441	
11.12	6.70768 20.0978 3.27449	
11.13	6.70704 20.0969 3.26566	
11.14	6.70704 20.0969 3.26566	
11.15	6.70056 20.0978 3.27407	
11.16	6.70056 20.0978 3.27407	
11.17	6.69375 20.0969 3.26533	
11.18	6.69991 20.0969 3.26524	
11.19	6.69991 20.0969 3.26524	
11.2	6.69991 20.0969 3.26524	
11.21	6.69375 20.0969 3.26533	
11.22	6.69375 20.0969 3.26533	
11.23	6.69375 20.0969 3.26533	
11.24	6.69375 20.0969 3.26533	
11.25	6.69375 20.0969 3.26533	
11.26	6.69375 20.0969 3.26533	
11.27	6.69375 20.0969 3.26533	
11.28	6.68759 20.097 3.26543	
11.29	6.68789 20.0961 3.25711	
11.3	6.68759 20.097 3.26543	
11.31	6.68662 20.0969 3.26492	
11.32	6.68692 20.0961 3.2566	
11.33	6.687 20.1003 3.25998	
11.34	6.68053 20.1012 3.2684	
11.35	6.68091 20.1046 3.26346	
11.36	6.68091 20.1046 3.26346	
11.37	6.68061 20.1055 3.27178	
11.38	6.68091 20.1046 3.26346	
11.39	6.68091 20.1046 3.26346	
11.4	6.68091 20.1046 3.26346	
11.41	6.68217 20.1005 3.25998	
11.42	6.68217 20.1005 3.25998	
11.43	6.67571 20.1013 3.2684	
11.44	6.68217 20.1005 3.25998	
11.45	6.68217 20.1005 3.25998	
11.46	6.68217 20.1005 3.25998	
11.47	6.68187 20.1013 3.2683	
11.48	6.676 20.1005 3.26008	
11.49	6.676 20.1005 3.26008	
11.5	6.66983 20.1005 3.26019	
11.51	6.66366 20.1005 3.26031	
11.52	6.66752 20.1003 3.2598	
11.53	6.66232 20.1004 3.26043	
11.54	6.66232 20.1004 3.26043	
11.55	6.66135 20.1003 3.25992	
11.56	6.65615 20.1004 3.26056	
11.57	6.64998 20.1004 3.26069	
11.58	6.64998 20.1004 3.26069	
11.59	6.64381 20.1003 3.26083	
11.6	6.64381 20.1003 3.26083	
11.61	6.63699 20.1037 3.25553	
11.62	6.63675 20.1045 3.26385	
11.63	6.63772 20.1046 3.26435	
11.64	6.63675 20.1045 3.26385	
11.65	6.63772 20.1046 3.26435	
11.66	6.63675 20.1045 3.26385	
11.67	6.63082 20.1037 3.25568	
11.68	6.62582 20.1085 3.26259	
11.69	6.62679 20.1086 3.26309	
11.7	6.62606 20.1077 3.25427	
11.71	6.62606 20.1077 3.25427	
11.72	6.62606 20.1077 3.25427	
11.73	6.62582 20.1085 3.26259	
11.74	6.62606 20.1077 3.25427	
11.75	6.62606 20.1077 3.25427	
11.76	6.62606 20.1077 3.25427	
11.77	6.62606 20.1077 3.25427	
11.78	6.62679 20.1086 3.26309	
11.79	6.62606 20.1077 3.25427	
11.8	6.62606 20.1077 3.25427	
11.81	6.61965 20.1085 3.26275	
11.82	6.61995 20.1115 3.25302	
11.83	6.62613 20.1116 3.25287	
11.84	6.62002 20.1154 3.25162	
11.85	6.62603 20.1202 3.25838	
11.86	6.61986 20.1201 3.25853	
11.87	6.62723 20.119 3.24578	
11.88	6.627 20.1198 3.2541	
11.89	6.62634 20.1228 3.24388	
11.9	6.62016 20.1228 3.24404	
11.91	6.62 20.1275 3.25096	
11.92	6.62023 20.1267 3.24264	
11.93	6.6203 20.1306 3.24124	
11.94	6.62053 20.1297 3.23292	
11.95	6.62671 20.1297 3.23276	
11.96	6.61986 20.1327 3.2227	
11.97	6.6206 20.1336 3.23153	
11.98	6.62083 20.1328 3.22321	
11.99	6.62678 20.1336 3.23137	
12	6.62678 20.1336 3.23137	
12.01	6.6206 20.1336 3.23153	
12.02	6.6206 20.1336 3.23153	
12.03	6.6206 20.1336 3.23153	
12.04	6.62685 20.1375 3.22997	
12.05	6.62067 20.1375 3.23013	
12.06	6.62685 20.1375 3.22997	
12.07	6.62067 20.1375 3.23013	
12.08	6.62685 20.1375 3.22997	
12.09	6.62685 20.1375 3.22997	
12.1	6.62685 20.1375 3.22997	
12.11	6.62589 20.1375 3.22947	
12.12	6.62709 20.1367 3.22166	
12.13	6.62685 20.1375 3.22997	
12.14	6.62685 20.1375 3.22997	
12.15	6.62685 20.1375 3.22997	
12.16	6.62685 20.1375 3.22997	
12.17	6.62685 20.1375 3.22997	
12.18	6.62693 20.1418 3.23335	
12.19	6.62693 20.1418 3.23335	
12.2	6.62693 20.1418 3.23335	
12.21	6.62693 20.1418 3.23335	
12.22	6.63312 20.1418 3.2332	
12.23	6.63955 20.141 3.22474	
12.24	6.64548 20.1418 3.23292	
12.25	6.64068 20.142 3.23292	
12.26	6.64068 20.142 3.23292	
12.27	6.64068 20.1424 3.23769	
12.28	6.63613 20.1417 3.22937	
12.29	6.64232 20.1417 3.22923	
12.3	6.6424 20.1459 3.23261	
12.31	6.64248 20.1502 3.23598	
12.32	6.64249 20.1506 3.24075	
12.33	6.64885 20.1591 3.24735	
12.34	6.64273 20.1634 3.25085	
12.35	6.64267 20.1599 3.25701	
12.36	6.6431 20.168 3.26017	
12.37	6.64931 20.1683 3.2648	
12.38	6.64312 20.1691 3.27445	
12.39	6.64339 20.1686 3.27089	
12.4	6.64961 20.1694 3.28028	
12.41	6.64935 20.1707 3.29335	
12.42	6.64929 20.1672 3.29952	
12.43	6.64233 20.1632 3.30177	
12.44	6.64784 20.1648 3.32011	
12.45	6.65399 20.1618 3.33093	
12.46	6.64772 20.1583 3.33725	
12.47	6.65386 20.1549 3.34332	
12.48	6.65372 20.1475 3.35096	
12.49	6.65365 20.1436 3.3524	
12.5	6.64732 20.1363 3.36019	
12.51	6.64725 20.1329 3.36641	
12.52	6.64607 20.1212 3.37026	
12.53	6.6407 20.1139 3.37859	
12.54	6.64082 20.1056 3.378	
12.55	6.63423 20.0993 3.39415	
12.56	6.62791 20.0925 3.40682	
12.57	6.62801 20.0842 3.40627	
12.58	6.62627 20.0778 3.42248	
12.59	6.62001 20.0743 3.42892	
12.6	6.61397 20.0698 3.42708	
12.61	6.6139 20.066 3.42857	
12.62	6.60155 20.0571 3.42362	
12.63	6.60005 20.0491 3.4268	
12.64	6.60523 20.0433 3.41653	
12.65	6.5929 20.0387 3.41495	
12.66	6.59805 20.0328 3.40471	
12.67	6.5967 20.0236 3.39966	
12.68	6.59567 20.012 3.37808	
12.69	6.59452 20.0053 3.36327	
12.7	6.59979 19.9975 3.34	
12.71	6.59865 19.9946 3.32369	
12.72	6.59673 19.985 3.29193	
12.73	6.59644 19.9782 3.27768	
12.74	6.59034 19.966 3.25625	
12.75	6.58968 19.9577 3.23259	
12.76	6.58198 19.945 3.21147	
12.77	6.58163 19.9327 3.19548	
12.78	6.58041 19.9225 3.16928	
12.79	6.57911 19.9178 3.14978	
12.8	6.58423 19.9091 3.1316	
12.81	6.58286 19.9041 3.11215	
12.82	6.59301 19.8972 3.08426	
12.83	6.59706 19.8894 3.06901	
12.84	6.59671 19.8766 3.03536	
12.85	6.60587 19.8588 2.99728	
12.86	6.61103 19.8432 2.97278	
12.87	6.61044 19.823 2.94582	
12.88	6.61461 19.7966 2.91613	
12.89	6.61391 19.7779 2.89745	
12.9	6.61311 19.751 2.868	
12.91	6.62008 19.7238 2.83394	
12.92	6.62521 19.6983 2.8133	
12.93	6.6185 19.6832 2.79776	
12.94	6.61861 19.6683 2.78694	
12.95	6.62477 19.6617 2.77823	
12.96	6.62494 19.6442 2.76451	
12.97	6.62405 19.6355 2.76471	
12.98	6.61724 19.631 2.76895	
12.99	6.61734 19.6267 2.77292	
13	6.62445 19.6199 2.76868	
13.01	6.63153 19.6156 2.77242	
13.02	6.63961 19.6225 2.78107	
13.03	6.63867 19.6158 2.78441	
13.04	6.6458 19.6112 2.78324	
13.05	6.65288 19.6092 2.79001	
13.06	6.65999 19.5959 2.78747	
13.07	6.66008 19.5937 2.79455	
13.08	6.66111 19.5873 2.79889	
13.09	6.66822 19.5851 2.80074	
13.1	6.6704 19.5803 2.79974	
13.11	6.67052 19.5823 2.80505	
13.12	6.67885 19.5815 2.80158	
13.13	6.67292 19.5878 2.80577	
13.14	6.68012 19.5898 2.81085	
13.15	6.68747 19.5931 2.80628	
13.16	6.69484 19.5966 2.8067	
13.17	6.69499 19.5983 2.80703	
13.18	6.70224 19.6002 2.81213	
13.19	6.70953 19.6064 2.81539	
13.2	6.70977 19.6008 2.80977	
13.21	6.71706 19.6025 2.8099	
13.22	6.71718 19.5998 2.81209	
13.23	6.72448 19.6015 2.81223	
13.24	6.73177 19.5989 2.81425	
13.25	6.73906 19.5961 2.8113	
13.26	6.74636 19.5935 2.81335	
13.27	6.75367 19.5906 2.81042	
13.28	6.75285 19.5875 2.80721	
13.29	6.76833 19.5849 2.80461	
13.3	6.7757 19.5864 2.80483	
13.31	6.78306 19.5835 2.80196	
13.32	6.78323 19.5805 2.79923	
13.33	6.79042 19.5807 2.8041	
13.34	6.805 19.5776 2.79615	
13.35	6.80522 19.5788 2.79153	
13.36	6.8054 19.5756 2.78382	
13.37	6.81277 19.5681 2.77791	
13.38	6.81532 19.5617 2.76241	
13.39	6.82178 19.5582 2.75417	
13.4	6.82298 19.5596 2.75003	
13.41	6.83042 19.5563 2.74227	
13.42	6.83062 19.553 2.73459	
13.43	6.83082 19.5497 2.72691	
13.44	6.83828 19.5464 2.71916	
13.45	6.83848 19.543 2.71149	
13.46	6.84519 19.5361 2.69565	
13.47	6.8454 19.5328 2.68799	
13.48	6.84581 19.526 2.67269	
13.49	6.84698 19.5228 2.66551	
13.5	6.84642 19.5158 2.64977	
13.51	6.84759 19.5126 2.6426	
13.52	6.848 19.5057 2.62735	
13.53	6.8482 19.5023 2.61974	
13.54	6.8486 19.4953 2.60452	
13.55	6.84783 19.4917 2.59646	
13.56	6.84896 19.484 2.59125	
13.57	6.8418 19.4805 2.58371	
13.58	6.84196 19.4727 2.57806	
13.59	6.834 19.4654 2.56251	
13.6	6.82681 19.4619 2.55501	
13.61	6.81961 19.4583 2.54753	
13.62	6.8124 19.4547 2.54005	
13.63	6.8126 19.4556 2.53559	
13.64	6.80537 19.452 2.52813	
13.65	6.79813 19.4484 2.52068	
13.66	6.79813 19.4484 2.52068	
13.67	6.79182 19.4406 2.51564	
13.68	6.791 19.4368 2.50765	
13.69	6.79115 19.4332 2.50012	
13.7	6.78374 19.4331 2.50023	
13.71	6.77646 19.4295 2.49283	
13.72	6.77743 19.4297 2.49327	
13.73	6.7766 19.4258 2.4853	
13.74	6.76931 19.4221 2.47791	
13.75	6.76944 19.4185 2.47039	
13.76	6.76944 19.4185 2.47039	
13.77	6.76214 19.4148 2.46301	
13.78	6.76214 19.4148 2.46301	
13.79	6.75482 19.411 2.45565	
13.8	6.75494 19.4073 2.44815	
13.81	6.75491 19.4029 2.45012	
13.82	6.75503 19.3992 2.44262	
13.83	6.74758 19.3992 2.44277	
13.84	6.74766 19.391 2.43725	
13.85	6.7402 19.391 2.43741	
13.86	6.73285 19.3872 2.4301	
13.87	6.73285 19.3872 2.4301	
13.88	6.72549 19.3834 2.42279	
13.89	6.72562 19.3841 2.41841	
13.9	6.71824 19.3803 2.41112	
13.91	6.71824 19.3803 2.41112	
13.92	6.71086 19.3764 2.40384	
13.93	6.71098 19.3771 2.39947	
13.94	6.7035 19.377 2.39967	
13.95	6.71107 19.3734 2.39201	
13.96	6.70362 19.3777 2.3953	
13.97	6.69617 19.3694 2.39004	
13.98	6.70367 19.3695 2.38984	
13.99	6.69617 19.3694 2.39004	
14	6.69617 19.3694 2.39004	
14.01	6.69617 19.3694 2.39004	
14.02	6.69617 19.3694 2.39004	
14.03	6.69625 19.3656 2.38259	
14.04	6.69625 19.3656 2.38259	
14.05	6.69625 19.3656 2.38259	
14.06	6.69629 19.3573 2.37714	
14.07	6.6912 19.362 2.38024	
14.08	6.6912 19.362 2.38024	
14.09	6.68607 19.3621 2.38024	
14.1	6.68607 19.3621 2.38532	
14.11	6.68094 19.3622 2.38532	
14.12	6.68094 19.3622 2.38532	
14.13	6.67588 19.3585 2.37788	
14.14	6.67588 19.3585 2.37788	
14.15	6.67588 19.3585 2.37788	
14.16	6.67595 19.3547 2.37045	
14.17	6.67595 19.3547 2.37045	
14.18	6.67607 19.3553 2.36611	
14.19	6.68359 19.3554 2.36591	
14.2	6.68355 19.351 2.36791	
14.21	6.67598 19.3464 2.37012	
14.22	6.68346 19.3421 2.37192	
14.23	6.6708 19.3421 2.37213	
14.24	6.67835 19.3339 2.36651	
14.25	6.67835 19.3339 2.36651	
14.26	6.67738 19.3336 2.36609	
14.27	6.6784 19.3383 2.3696	
14.28	6.6784 19.3383 2.3696	
14.29	6.6784 19.3383 2.3696	
14.3	6.6784 19.3383 2.3696	
14.31	6.67844 19.3428 2.37268	
14.32	6.6733 19.343 2.37268	
14.33	6.67335 19.3474 2.37576	
14.34	6.67347 19.348 2.37143	
14.35	6.67347 19.348 2.37143	
14.36	6.68104 19.3526 2.37431	
14.37	6.67356 19.357 2.37759	
14.38	6.67356 19.357 2.37759	
14.39	6.67361 19.3615 2.38066	
14.4	6.67263 19.3613 2.38024	
14.41	6.67365 19.366 2.38374	
14.42	6.6686 19.3622 2.37633	
14.43	6.67618 19.3668 2.3792	
14.44	6.66869 19.3712 2.38247	
14.45	6.66869 19.3712 2.38247	
14.46	6.66874 19.3757 2.38554	
14.47	6.66874 19.3757 2.38554	
14.48	6.66879 19.3802 2.3886	
14.49	6.66886 19.3763 2.3812	
14.5	6.67645 19.3809 2.38407	
14.51	6.66891 19.3808 2.38427	
14.52	6.66895 19.3853 2.38733	
14.53	6.66902 19.3814 2.38501	
14.54	6.67662 19.386 2.38787	
14.55	6.67564 19.3858 2.39252	
14.56	6.67564 19.3858 2.39252	
14.57	6.67576 19.3864 2.38819	
14.58	6.67679 19.3911 2.39167	
14.59	6.67927 19.3958 2.39453	
14.6	6.67927 19.3958 2.39453	
14.61	6.67939 19.3964 2.39019	
14.62	6.67847 19.4006 2.39282	
14.63	6.67952 19.3969 2.38586	
14.64	6.67859 19.4012 2.38849	
14.65	6.68623 19.3973 2.38093	
14.66	6.68628 19.4018 2.38397	
14.67	6.68726 19.402 2.3844	
14.68	6.68726 19.402 2.3844	
14.69	6.68726 19.402 2.3844	
14.7	6.68734 19.3981 2.37703	
14.71	6.68734 19.3981 2.37703	
14.72	6.69491 19.3981 2.37685	
14.73	6.70247 19.3982 2.37669	
14.74	6.70251 19.3897 2.37135	
14.75	6.70242 19.3937 2.37871	
14.76	6.71008 19.3898 2.37119	
14.77	6.71008 19.3898 2.37119	
14.78	6.71008 19.3898 2.37119	
14.79	6.71775 19.3858 2.36369	
14.8	6.72523 19.3898 2.3709	
14.81	6.72533 19.3858 2.36354	
14.82	6.72533 19.3858 2.36354	
14.83	6.73399 19.3821 2.35648	
14.84	6.73312 19.3778 2.34871	
14.85	6.73312 19.3778 2.34871	
14.86	6.74076 19.3824 2.35162	
14.87	6.74846 19.3784 2.34416	
14.88	6.74955 19.3746 2.33726	
14.89	6.74955 19.3746 2.33726	
14.9	6.75719 19.3791 2.34019	
14.91	6.75633 19.3748 2.33243	
14.92	6.76399 19.3793 2.33536	
14.93	6.75736 19.3796 2.3359	
14.94	6.77274 19.38 2.33141	
14.95	6.77176 19.3798 2.33098	
14.96	6.77937 19.3798 2.33089	
14.97	6.78697 19.3797 2.33081	
14.98	6.78711 19.3757 2.32349	
14.99	6.79472 19.3757 2.32342	
15	6.79569 19.3759 2.32385	
15.01	6.79569 19.3759 2.32385	
15.02	6.80233 19.3756 2.32335	
15.03	6.80842 19.3758 2.32379	
15.04	6.81506 19.3755 2.3233	
15.05	6.81618 19.3717 2.31642	
15.06	6.82364 19.3757 2.32368	
15.07	6.82282 19.3714 2.31594	
15.08	6.83049 19.3758 2.31385	
15.09	6.8381 19.3758 2.31382	
15.1	6.8381 19.3758 2.31382	
15.11	6.84572 19.3757 2.31379	
15.12	6.84572 19.3757 2.31379	
15.13	6.84572 19.3757 2.31379	
15.14	6.84576 19.3802 2.31175	
15.15	6.85338 19.3802 2.31173	
15.16	6.85338 19.3802 2.31173	
15.17	6.86099 19.3801 2.31172	
15.18	6.86099 19.3801 2.31172	
15.19	6.85587 19.3802 2.31172	
15.2	6.86349 19.3801 2.31172	
15.21	6.86349 19.3801 2.31172	
15.22	6.86366 19.376 2.30441	
15.23	6.86366 19.376 2.30441	
15.24	6.86446 19.3803 2.31216	
15.25	6.87128 19.3759 2.30442	
15.26	6.87225 19.3762 2.30486	
15.27	6.87225 19.3762 2.30486	
15.28	6.87225 19.3762 2.30486	
15.29	6.86634 19.3719 2.29711	
15.3	6.86718 19.3807 2.30282	
15.31	6.87383 19.3804 2.30239	
15.32	6.87401 19.3763 2.29508	
15.33	6.87406 19.3808 2.29304	
15.34	6.87406 19.3808 2.29304	
15.35	6.86649 19.3855 2.29098	
15.36	6.86667 19.3814 2.28368	
15.37	6.86672 19.3859 2.28164	
15.38	6.87435 19.3858 2.28165	
15.39	6.87435 19.3858 2.28165	
15.4	6.87435 19.3858 2.28165	
15.41	6.87435 19.3858 2.28165	
15.42	6.87435 19.3858 2.28165	
15.43	6.87417 19.3899 2.28896	
15.44	6.8744 19.3903 2.27962	
15.45	6.8744 19.3903 2.27962	
15.46	6.86672 19.3859 2.27657	
15.47	6.8744 19.3903 2.27454	
15.48	6.8678 19.3952 2.27293	
15.49	6.87451 19.3994 2.27047	
15.5	6.86688 19.3995 2.27046	
15.51	6.87187 19.408 2.27574	
15.52	6.87205 19.404 2.26843	
15.53	6.87205 19.404 2.26336	
15.54	6.87205 19.404 2.26336	
15.55	6.87205 19.404 2.26336	
15.56	6.86442 19.4041 2.25828	
15.57	6.86442 19.4041 2.25828	
15.58	6.86424 19.4082 2.26053	
15.59	6.86424 19.4082 2.26053	
15.6	6.86424 19.4082 2.26053	
15.61	6.86442 19.4041 2.24815	
15.62	6.86539 19.4044 2.24859	
15.63	6.86437 19.3996 2.2451	
15.64	6.86437 19.3996 2.2451	
15.65	6.86419 19.4037 2.24735	
15.66	6.85674 19.3998 2.24003	
15.67	6.85674 19.3998 2.23496	
15.68	6.85674 19.3998 2.23496	
15.69	6.85657 19.4038 2.23722	
15.7	6.85652 19.3993 2.23417	
15.71	6.85754 19.4041 2.23259	
15.72	6.85652 19.3994 2.2291	
15.73	6.8489 19.3995 2.22404	
15.74	6.84895 19.404 2.22202	
15.75	6.84907 19.3955 2.21164	
15.76	6.84144 19.3956 2.20658	
15.77	6.84912 19.4001 2.20455	
15.78	6.84149 19.4002 2.1995	
15.79	6.84144 19.3957 2.19644	
15.8	6.83386 19.4003 2.19446	
15.81	6.83402 19.3963 2.18205	
15.82	6.83402 19.3964 2.17698	
15.83	6.83402 19.3964 2.17191	
15.84	6.83402 19.3964 2.17191	
15.85	6.83402 19.3965 2.16684	
15.86	6.83397 19.392 2.16377	
15.87	6.8349 19.3878 2.16113	
15.88	6.83505 19.3838 2.14872	
15.89	6.83403 19.3791 2.1452	
15.9	6.83475 19.3744 2.14681	
15.91	6.83393 19.3702 2.13396	
15.92	6.83486 19.3659 2.13131	
15.93	6.83383 19.3612 2.12778	
15.94	6.83378 19.3568 2.12469	
15.95	6.83373 19.3523 2.1216	
15.96	6.83374 19.3524 2.11651	
15.97	6.83369 19.3479 2.11342	
15.98	6.83369 19.348 2.10833	
15.99	6.83364 19.3435 2.10523	
16	6.83369 19.348 2.10324	
16.01	6.8338 19.3396 2.0928	
16.02	6.83466 19.3484 2.09858	
16.03	6.8338 19.3396 2.0877	
16.04	6.8338 19.3397 2.08261	
16.05	6.83482 19.3445 2.08106	
16.06	6.8338 19.3398 2.07752	
16.07	6.83482 19.3446 2.07597	
16.08	6.83401 19.3404 2.06819	
16.09	6.83406 19.3449 2.0662	
16.1	6.83421 19.3409 2.05887	
16.11	6.83503 19.3452 2.06664	
16.12	6.83421 19.3409 2.05887	
16.13	6.83421 19.3409 2.05887	
16.14	6.83406 19.3449 2.0662	
16.15	6.82989 19.3452 2.06664	
16.16	6.83005 19.3412 2.05931	
16.17	6.83005 19.3412 2.05931	
16.18	6.83005 19.3412 2.05931	
16.19	6.82907 19.341 2.05887	
16.2	6.83005 19.3412 2.05931	
16.21	6.82907 19.341 2.05887	
16.22	6.83005 19.3412 2.05931	
16.23	6.83005 19.3412 2.05931	
16.24	6.83005 19.3412 2.05931	
16.25	6.82913 19.3456 2.05688	
16.26	6.83678 19.3455 2.05686	
16.27	6.83699 19.346 2.04754	
16.28	6.83031 19.3463 2.04801	
16.29	6.83704 19.3506 2.04556	
16.3	6.83709 19.3552 2.04358	
16.31	6.83709 19.3552 2.04358	
16.32	6.83827 19.356 2.0347	
16.33	6.83736 19.3603 2.03228	
16.34	6.83736 19.3603 2.03228	
16.35	6.84496 19.3558 2.02916	
16.36	6.83736 19.3604 2.0272	
16.37	6.83833 19.3608 2.02255	
16.38	6.83731 19.3561 2.019	
16.39	6.84497 19.3561 2.0139	
16.4	6.83731 19.3563 2.00883	
16.41	6.84239 19.3519 2.00062	
16.42	6.84337 19.3523 1.99597	
16.43	6.84256 19.3482 1.9831	
16.44	6.84261 19.3528 1.98113	
16.45	6.84353 19.3487 1.97336	
16.46	6.85124 19.3532 1.97138	
16.47	6.85044 19.3491 1.95851	
16.48	6.85141 19.3495 1.95386	
16.49	6.85141 19.3496 1.94877	
16.5	6.85044 19.3495 1.94324	
16.51	6.85146 19.3543 1.94172	
16.52	6.85066 19.3503 1.92885	
16.53	6.85952 19.351 1.91999	
16.54	6.85957 19.3556 1.91804	
16.55	6.85855 19.3509 1.91446	
16.56	6.8586 19.3555 1.91251	
16.57	6.86724 19.3557 1.91295	
16.58	6.86649 19.3561 1.90322	
16.59	6.86649 19.3561 1.90322	
16.6	6.86654 19.3607 1.90127	
16.61	6.86654 19.3607 1.90127	
16.62	6.87445 19.3612 1.89199	
16.63	6.87445 19.3612 1.89199	
16.64	6.8745 19.3658 1.89005	
16.65	6.8745 19.3658 1.89005	
16.66	6.87472 19.3664 1.88077	
16.67	6.87477 19.371 1.87882	
16.68	6.875 19.3716 1.86954	
16.69	6.86992 19.3763 1.8676	
16.7	6.87015 19.3769 1.85833	
16.71	6.8703 19.3906 1.85759	
16.72	6.87806 19.3951 1.85567	
16.73	6.87833 19.4003 1.84446	
16.74	6.87856 19.401 1.8352	
16.75	6.87884 19.4062 1.82401	
16.76	6.88665 19.4154 1.82017	
16.77	6.88693 19.4204 1.81405	
16.78	6.88722 19.4257 1.80287	
16.79	6.89499 19.4302 1.80098	
16.8	6.89527 19.4355 1.78981	
16.81	6.89046 19.4408 1.77865	
16.82	6.89057 19.4502 1.77481	
16.83	6.89086 19.4555 1.76366	
16.84	6.89887 19.4606 1.75256	
16.85	6.89408 19.466 1.74142	
16.86	6.89419 19.4754 1.7376	
16.87	6.89466 19.4766 1.71915	
16.88	6.895 19.4866 1.70613	
16.89	6.89518 19.5007 1.70044	
16.9	6.8957 19.5067 1.68012	
16.91	6.89593 19.5255 1.67257	
16.92	6.89633 19.5403 1.65772	
16.93	6.90485 19.5651 1.63001	
16.94	6.90526 19.58 1.61522	
16.95	6.90578 19.6044 1.59675	
16.96	6.9093 19.6294 1.56921	
16.97	6.90227 19.6545 1.5466	
16.98	6.90309 19.6845 1.51731	
16.99	6.91183 19.7058 1.48265	
17	6.90455 19.7306 1.46441	
17.01	6.91329 19.7516 1.43481	
17.02	6.91399 19.7724 1.4094	
17.03	6.91456 19.7836 1.3876	
17.04	6.91541 19.8005 1.35496	
17.05	6.9161 19.8215 1.32969	
17.06	6.92476 19.8334 1.29898	
17.07	6.92532 19.8448 1.27732	
17.08	6.92604 19.852 1.24838	
17.09	6.93456 19.8681 1.22511	
17.1	6.92737 19.8756 1.19616	
17.11	6.9278 19.8772 1.1781	
17.12	6.93598 19.8838 1.16946	
17.13	6.92798 19.8888 1.15767	
17.14	6.93771 19.8956 1.16072	
17.15	6.93821 19.8892 1.14391	
17.16	6.93018 19.8859 1.13869	
17.17	6.93963 19.8905 1.14804	
17.18	6.93175 19.8804 1.12941	
17.19	6.94509 19.8844 1.13763	
17.2	6.94526 19.8802 1.13033	
17.21	6.94446 19.8814 1.13265	
17.22	6.94447 19.8815 1.13274	
17.23	6.95335 19.8811 1.13253	
17.24	6.94553 19.8769 1.12464	
17.25	6.95387 19.8844 1.1284	
17.26	6.96199 19.8939 1.13045	
17.27	6.95698 19.8974 1.12596	
17.28	6.96526 19.8987 1.11841	
17.29	6.96083 19.9069 1.12308	
17.3	6.9682 19.9169 1.11544	
17.31	6.96966 19.9376 1.12208	
17.32	6.97669 19.9501 1.11868	
17.33	6.97219 19.9645 1.11374	
17.34	6.97566 19.9761 1.11424	
17.35	6.97705 19.9966 1.11452	
17.36	6.97563 20.0064 1.10676	
17.37	6.96252 20.0326 1.11185	
17.38	6.96141 20.0617 1.10186	
17.39	6.96231 20.0839 1.10078	
17.4	6.95841 20.1103 1.10131	
17.41	6.95925 20.1361 1.08988	
17.42	6.96343 20.1638 1.09382	
17.43	6.96496 20.1936 1.09553	
17.44	6.96757 20.2121 1.08733	
17.45	6.96933 20.2426 1.09624	
17.46	6.97777 20.2653 1.09062	
17.47	6.97731 20.2895 1.09248	
17.48	6.97769 20.3091 1.09107	
17.49	6.98705 20.3155 1.08219	
17.5	6.98675 20.3284 1.08487	
17.51	6.98795 20.3345 1.08552	
17.52	6.98725 20.3398 1.07341	
17.53	6.98777 20.3433 1.08059	
17.54	6.99671 20.343 1.0809	
17.55	6.98865 20.347 1.07655	
17.56	6.99579 20.3474 1.07804	
17.57	6.99585 20.3477 1.07858	
17.58	6.99583 20.3474 1.07805	
17.59	6.99583 20.3474 1.07796	
17.6	6.99568 20.3514 1.08546	
17.61	7.00364 20.3547 1.07011	
17.62	6.9963 20.3635 1.07564	
17.63	7.0046 20.3737 1.07944	
17.64	7.00525 20.3807 1.08693	
17.65	7.00422 20.3914 1.07908	
17.66	7.00468 20.4103 1.09329	
17.67	7.01277 20.4394 1.09929	
17.68	7.01247 20.4718 1.11019	
17.69	7.02022 20.4989 1.11171	
17.7	7.02046 20.5336 1.12167	
17.71	7.02078 20.564 1.11783	
17.72	7.02933 20.6145 1.14199	
17.73	7.02947 20.6479 1.13207	
17.74	7.03078 20.7141 1.14515	
17.75	7.03038 20.7729 1.14408	
17.76	7.03096 20.828 1.14191	
17.77	7.0243 20.8719 1.1461	
17.78	7.03802 20.9124 1.13923	
17.79	7.03966 20.9343 1.13537	
17.8	7.04077 20.9505 1.14283	
17.81	7.05063 20.9629 1.14435	
17.82	7.05924 20.9657 1.14464	
17.83	7.0589 20.9604 1.13447	
17.84	7.06014 20.9546 1.13455	
17.85	7.055 20.9535 1.13252	
17.86	7.0554 20.9621 1.13707	
17.87	7.06375 20.9704 1.14208	
17.88	7.07285 20.9829 1.1551	
17.89	7.07314 20.9918 1.16021	
17.9	7.07349 21.0057 1.16391	
17.91	7.07285 21.0191 1.17166	
17.92	7.07431 21.0431 1.17738	
17.93	7.07382 21.0667 1.18223	
17.94	7.08218 21.0851 1.18934	
17.95	7.08255 21.1039 1.19624	
17.96	7.08396 21.1276 1.20649	
17.97	7.08325 21.1412 1.21446	
17.98	7.08456 21.1599 1.22622	
17.99	7.08377 21.1689 1.23135	
18	7.09299 21.183 1.23618	
18.01	7.10028 21.1972 1.23574	
18.02	7.09248 21.2077 1.23245	
18.03	7.10073 21.2221 1.23252	
18.04	7.10111 21.2283 1.22212	
18.05	7.10137 21.2431 1.22196	
18.06	7.10298 21.2503 1.20751	
18.07	7.10239 21.2563 1.19667	
18.08	7.10276 21.2626 1.18632	
18.09	7.10313 21.2547 1.17156	
18.1	7.10341 21.2559 1.16271	
18.11	7.09567 21.2574 1.15361	
18.12	7.1036 21.2524 1.15103	
18.13	7.10005 21.2447 1.13626	
18.14	7.1 21.2268 1.12038	
18.15	7.10081 21.2177 1.11515	
18.16	7.10409 21.1951 1.09592	
18.17	7.10483 21.1814 1.08781	
18.18	7.10348 21.1581 1.07301	
18.19	7.09507 21.1354 1.05838	
18.2	7.09469 21.1123 1.04395	
18.21	7.09439 21.0939 1.03238	
18.22	7.09428 21.072 1.00903	
18.23	7.09405 21.0583 1.0003	
18.24	7.0858 21.0454 0.986918	
18.25	7.15267 21.0387 0.971376	
18.26	7.08764 21.0313 0.956386	
18.27	7.15494 21.0173 0.94223	
18.28	7.08895 21.011 0.924738	
18.29	7.16103 21.0008 0.912677	
18.3	7.09013 20.9935 0.898845	
18.31	7.16407 20.9686 0.871521	
18.32	7.08817 20.9512 0.856327	
18.33	7.16713 20.9356 0.840937	
18.34	7.09846 20.918 0.829456	
18.35	7.16502 20.8978 0.81554	
18.36	7.10136 20.8677 0.786671	
18.37	7.16865 20.8408 0.769086	
18.38	7.09351 20.8126 0.746575	
18.39	7.1729 20.7814 0.720149	
18.4	7.09739 20.7474 0.693291	
18.41	7.1845 20.7226 0.692917	
18.42	7.10374 20.6914 0.661376	
18.43	7.189 20.6612 0.635444	
18.44	7.1166 20.6134 0.587255	
18.45	7.18929 20.5763 0.55799	
18.46	7.10637 20.5405 0.531374	
18.47	7.20599 20.5088 0.504217	
18.48	7.12415 20.4823 0.490246	
18.49	7.22551 20.548 0.664029	
18.5	7.12784 20.3037 0.282829	
18.51	7.21657 20.3246 0.355301	
18.52	7.12745 20.3173 0.3877	
18.53	7.23749 20.2767 0.311955	
18.54	7.12552 20.2664 0.327626	
18.55	7.24849 20.2075 0.23222	
18.56	7.14518 20.2366 0.291391	
18.57	7.24726 20.1991 0.245976	
18.58	7.16168 20.1942 0.264812	
18.59	7.24005 20.169 0.229121	
18.6	7.17578 20.1711 0.278357	
18.61	7.23747 20.1517 0.24637	
18.62	7.19285 20.0994 0.202669	
18.63	7.2458 20.0984 0.184064	
18.64	7.21382 20.0844 0.20263	
18.65	7.26466 20.0669 0.133609	
18.66	7.24308 20.0737 0.146358	
18.67	7.29091 20.0438 0.0978337	
18.68	7.24506 20.0274 0.0939867	
18.69	7.30227 19.9795 0.0136647	
18.7	7.24485 19.9379 -0.0352939	
18.71	7.28676 19.9044 -0.0901439	
18.72	6.88206 19.8198 -0.193259	
18.73	6.95471 19.8541 -0.167496	
18.74	7.33609 19.8091 -0.235795	
18.75	7.41335 19.5934 -0.609305	
18.76	7.44949 19.6211 -0.560893	
18.77	7.36599 19.6969 -0.497812	
18.78	7.4124 19.676 -0.475545	
18.79	7.34926 19.6526 -0.446579	
18.8	7.3702 19.6316 -0.47006	
18.81	7.32574 19.6094 -0.475665	
18.82	7.36468 19.5887 -0.479702	
18.83	7.32774 19.5609 -0.491965	
18.84	7.3565 19.5355 -0.506189	
18.85	7.32794 19.5047 -0.521859	
18.86	7.3636 19.4764 -0.540097	
18.87	7.32152 19.4407 -0.571737	
18.88	7.35916 19.4109 -0.591202	
18.89	7.31803 19.3955 -0.59628	
18.9	7.35389 19.361 -0.627509	
18.91	7.32006 19.3437 -0.637064	
18.92	7.3889 19.3263 -0.66403	
18.93	7.33865 19.2925 -0.696586	
18.94	7.36642 19.3013 -0.695057	
18.95	7.3354 19.2939 -0.69422	
18.96	7.35305 19.2852 -0.706296	
18.97	7.34006 19.2773 -0.712872	
18.98	7.35099 19.2755 -0.710964	
18.99	7.33352 19.2631 -0.7276	
19	7.35541 19.2644 -0.724454	
19.01	7.33945 19.2524 -0.74019	
19.02	7.35754 19.2543 -0.735777	
19.03	7.34565 19.2433 -0.749706	
19.04	7.35229 19.2351 -0.757949	
19.05	7.34993 19.2144 -0.774876	
19.06	7.356 19.2171 -0.768843	
19.07	7.37637 19.179 -0.816344	
19.08	7.3355 19.1993 -0.784678	
19.09	7.37242 19.1724 -0.781899	
19.1	7.33183 19.1457 -0.783087	
19.11	7.36777 19.1199 -0.783438	
19.12	7.34127 19.0909 -0.782778	
19.13	7.36903 19.0607 -0.783156	
19.14	7.33819 19.0147 -0.803955	
19.15	7.3765 18.9819 -0.794025	
19.16	7.33957 18.9305 -0.797035	
19.17	7.39668 18.9015 -0.786474	
19.18	7.35847 18.8669 -0.791859	
19.19	7.40714 18.8394 -0.790405	
19.2	7.36269 18.8085 -0.794485	
19.21	7.41808 18.8138 -0.763208	
19.22	7.3696 18.763 -0.763594	
19.23	7.41053 18.7593 -0.738356	
19.24	7.38941 18.7563 -0.703978	
19.25	7.42891 18.7421 -0.692076	
19.26	7.39972 18.7357 -0.663209	
19.27	7.43644 18.711 -0.667012	
19.28	7.40632 18.7015 -0.644362	
19.29	7.43872 18.6861 -0.62747	
19.3	7.40554 18.6514 -0.605734	
19.31	7.419 18.6422 -0.573948	
19.32	7.37821 18.6032 -0.573147	
19.33	7.45761 18.5622 -0.559398	
19.34	7.51028 18.5225 -0.569716	
19.35	7.54295 18.4846 -0.568343	
19.36	7.5776 18.4482 -0.573482	
19.37	7.60695 18.4169 -0.569677	
19.38	7.62606 18.3711 -0.568488	
19.39	7.63507 18.3352 -0.551188	
19.4	7.65319 18.2905 -0.535603	
19.41	7.66428 18.2558 -0.5256	
19.42	7.67176 18.2226 -0.511387	
19.43	7.68458 18.1887 -0.488024	
19.44	7.69102 18.151 -0.48017	
19.45	7.68832 18.1079 -0.461501	
19.46	7.69839 18.0749 -0.44915	
19.47	7.70237 18.0328 -0.438537	
19.48	7.69734 18.0047 -0.427777	
19.49	7.69957 17.9856 -0.414612	
19.5	7.69961 17.9585 -0.412458	
19.51	7.70111 17.9407 -0.404711	
19.52	7.69435 17.9229 -0.397115	
19.53	7.69571 17.9101 -0.403256	
19.54	7.68852 17.9017 -0.402485	
19.55	7.67307 17.8971 -0.39804	
19.56	7.67346 17.8937 -0.398798	
19.57	7.6664 17.8854 -0.410107	
19.58	7.66424 17.8861 -0.407174	
19.59	7.66478 17.8784 -0.414973	
19.6	7.65731 17.8695 -0.417261	
19.61	7.6568 17.8615 -0.425486	
19.62	7.65832 17.8491 -0.430963	
19.63	7.65054 17.8397 -0.424258	
19.64	7.65142 17.8227 -0.437273	
19.65	7.65091 17.8043 -0.432815	
19.66	7.64381 17.7861 -0.440267	
19.67	7.64503 17.7733 -0.436764	
19.68	7.63753 17.7595 -0.437096	
19.69	7.64572 17.7476 -0.439601	
19.7	7.63817 17.735 -0.445681	
19.71	7.63765 17.7222 -0.452028	
19.72	7.63851 17.7192 -0.452274	
19.73	7.63893 17.7067 -0.458187	
19.74	7.63956 17.6947 -0.473069	
19.75	7.63982 17.6871 -0.480865	
19.76	7.63173 17.6838 -0.481748	
19.77	7.63953 17.6667 -0.495042	
19.78	7.64077 17.6583 -0.496624	
19.79	7.63348 17.637 -0.504755	
19.8	7.63284 17.62 -0.506083	
19.81	7.63421 17.6078 -0.511586	
19.82	7.62651 17.599 -0.513779	
19.83	7.62744 17.5772 -0.524909	
19.84	7.6278 17.5593 -0.519993	
19.85	7.62865 17.5333 -0.526067	
19.86	7.62151 17.5072 -0.532294	
19.87	7.63021 17.4851 -0.534264	
19.88	7.61522 17.4551 -0.54457	
19.89	7.61619 17.4254 -0.554577	
19.9	7.61683 17.3991 -0.551659	
19.91	7.61774 17.3642 -0.550748	
19.92	7.61922 17.3122 -0.553851	
19.93	7.61241 17.2765 -0.556102	
19.94	7.59915 17.2411 -0.546278	
19.95	7.60848 17.192 -0.539206	
19.96	7.60172 17.1477 -0.534326	
19.97	7.60256 17.1081 -0.522257	
19.98	7.59597 17.0591 -0.515247	
19.99	7.5966 17.0195 -0.494048	
20	7.59742 16.9803 -0.481829	
20.01	7.58984 16.9493 -0.458662	
20.02	7.5829 16.9053 -0.444397	
20.03	7.5832 16.8758 -0.427105	
20.04	7.57549 16.8498 -0.405844	
20.05	7.55982 16.8198 -0.379556	
20.06	7.5524 16.7826 -0.37669	
20.07	7.5447 16.7455 -0.3724	
20.08	7.53788 16.7283 -0.377476	
20.09	7.52895 16.7126 -0.367179	
20.1	7.52965 16.71 -0.358773	
20.11	7.52854 16.7015 -0.358445	
20.12	7.5286 16.6934 -0.358697	
20.13	7.52139 16.6922 -0.355282	
20.14	7.52138 16.6872 -0.358017	
20.15	7.51353 16.6836 -0.35757	
20.16	7.50568 16.6804 -0.35646	
20.17	7.50601 16.6713 -0.357295	
20.18	7.49809 16.67 -0.355172	
20.19	7.4829 16.6584 -0.359904	
20.2	7.49043 16.6611 -0.353731	
20.21	7.47531 16.6476 -0.353786	
20.22	7.4759 16.63 -0.360097	
20.23	7.46058 16.6219 -0.36085	
20.24	7.45272 16.619 -0.353476	
20.25	7.44529 16.6093 -0.357812	
20.26	7.43769 16.604 -0.356366	
20.27	7.43799 16.5903 -0.348425	
20.28	7.43074 16.5747 -0.361321	
20.29	7.42303 16.5671 -0.351944	
20.3	7.42376 16.5454 -0.355143	
20.31	7.42417 16.5282 -0.3513	
20.32	7.41683 16.5105 -0.35592	
20.33	7.41735 16.4897 -0.348047	
20.34	7.42395 16.4722 -0.343968	
20.35	7.42473 16.4445 -0.346667	
20.36	7.42545 16.4183 -0.346609	
20.37	7.42678 16.3978 -0.33743	
20.38	7.41927 16.3617 -0.351567	
20.39	7.42091 16.3366 -0.355862	
20.4	7.42051 16.3127 -0.349029	
20.41	7.41345 16.2869 -0.353875	
20.42	7.41467 16.27 -0.346642	
20.43	7.41561 16.2417 -0.358243	
20.44	7.41611 16.2208 -0.357093	
20.45	7.41686 16.1921 -0.357925	
20.46	7.41648 16.1634 -0.357524	
20.47	7.41805 16.135 -0.3571	
20.48	7.41804 16.1051 -0.369869	
20.49	7.4193 16.0857 -0.36585	
20.5	7.42744 16.066 -0.372371	
20.51	7.42069 16.0366 -0.38423	
20.52	7.429 16.0119 -0.389676	
20.53	7.42282 15.9902 -0.39068	
20.54	7.42336 15.9684 -0.392526	
20.55	7.43145 15.9502 -0.390472	
20.56	7.42465 15.9235 -0.39983	
20.57	7.42523 15.9004 -0.395863	
20.58	7.43238 15.8774 -0.392033	
20.59	7.43384 15.8578 -0.383618	
20.6	7.43336 15.8377 -0.376111	
20.61	7.4414 15.8183 -0.367845	
20.62	7.44165 15.8016 -0.355374	
20.63	7.44256 15.7719 -0.355909	
20.64	7.44306 15.7542 -0.356904	
20.65	7.44372 15.7309 -0.355796	
20.66	7.43672 15.7087 -0.352093	
20.67	7.44466 15.6957 -0.353429	
20.68	7.44523 15.6748 -0.347784	
20.69	7.44575 15.6559 -0.340529	
20.7	7.45302 15.6356 -0.345006	
20.71	7.45357 15.6164 -0.338472	
20.72	7.45413 15.5943 -0.334588	
20.73	7.46245 15.5713 -0.334005	
20.74	7.45549 15.5453 -0.32673	
20.75	7.46392 15.5186 -0.331232	
20.76	7.45707 15.4937 -0.33116	
20.77	7.47174 15.4785 -0.326972	
20.78	7.47284 15.4469 -0.327782	
20.79	7.47344 15.4271 -0.329454	
20.8	7.48007 15.4038 -0.336473	
20.81	7.48047 15.3876 -0.331639	
20.82	7.48179 15.3735 -0.324812	
20.83	7.48907 15.356 -0.324432	
20.84	7.48964 15.3379 -0.32507	
20.85	7.48998 15.3251 -0.326084	
20.86	7.48288 15.3095 -0.321298	
20.87	7.49 15.2978 -0.3207	
20.88	7.49033 15.2861 -0.319891	
20.89	7.49034 15.2823 -0.31633	
20.9	7.49081 15.2704 -0.324856	
20.91	7.483 15.2733 -0.318342	
20.92	7.48327 15.2668 -0.318441	
20.93	7.48283 15.2603 -0.326868	
20.94	7.4824 15.2677 -0.314458	
20.95	7.48289 15.2562 -0.322283	
20.96	7.48266 15.2582 -0.318287	
20.97	7.47545 15.2507 -0.319434	
20.98	7.4756 15.2478 -0.323199	
20.99	7.4758 15.2419 -0.322171	
21	7.47488 15.244 -0.317538	
21.01	7.48206 15.2361 -0.320513	
21.02	7.48161 15.2316 -0.318085	
21.03	7.48855 15.2231 -0.322573	
21.04	7.48169 15.21 -0.324132	
21.05	7.48255 15.2105 -0.314329	
21.06	7.48324 15.1956 -0.31999	
21.07	7.48289 15.1892 -0.32092	
21.08	7.48297 15.1857 -0.31711	
21.09	7.48206 15.1723 -0.327923	
21.1	7.49754 15.1641 -0.313544	
21.11	7.49058 15.1498 -0.30816	
21.12	7.50485 15.1327 -0.318717	
21.13	7.4989 15.1164 -0.315862	
21.14	7.49899 15.0949 -0.321539	
21.15	7.5068 15.0892 -0.303318	
21.16	7.50643 15.0644 -0.314577	
21.17	7.51517 15.0438 -0.310691	
21.18	7.51604 15.0229 -0.306844	
21.19	7.51726 14.9937 -0.306611	
21.2	7.51084 14.9684 -0.30858	
21.21	7.51199 14.9408 -0.305572	
21.22	7.5131 14.9139 -0.31037	
21.23	7.5142 14.8847 -0.309037	
21.24	7.50777 14.8583 -0.303254	
21.25	7.50916 14.8293 -0.311783	
21.26	7.50279 14.7997 -0.302117	
21.27	7.50367 14.7785 -0.290753	
21.28	7.49772 14.7458 -0.288153	
21.29	7.49921 14.7143 -0.293252	
21.3	7.49279 14.69 -0.285851	
21.31	7.48642 14.6635 -0.272832	
21.32	7.49567 14.6255 -0.279354	
21.33	7.4819 14.6006 -0.272264	
21.34	7.48308 14.5788 -0.271222	
21.35	7.47651 14.5592 -0.257264	
21.36	7.47076 14.528 -0.252704	
21.37	7.47642 14.5343 -0.193	
21.38	7.46052 14.5358 -0.138277	
21.39	7.45982 14.5296 -0.0978495	
21.4	7.4519 14.526 -0.0537593	
21.41	7.4534 14.503 -0.0628717	
21.42	7.44689 14.4827 -0.0559073	
21.43	7.44729 14.4722 -0.0444555	
21.44	7.44072 14.4601 -0.0357704	
21.45	7.44191 14.4395 -0.0411495	
21.46	7.43536 14.4242 -0.036806	
21.47	7.43554 14.4188 -0.0271382	
21.48	7.42906 14.4053 -0.0293998	
21.49	7.42974 14.3912 -0.0332029	
21.5	7.42994 14.384 -0.0347442	
21.51	7.43049 14.369 -0.0396888	
21.52	7.42325 14.3657 -0.0341214	
21.53	7.4238 14.355 -0.0418097	
21.54	7.42403 14.347 -0.0362183	
21.55	7.41702 14.3433 -0.0321823	
21.56	7.4179 14.3269 -0.040247	
21.57	7.41808 14.3214 -0.039686	
21.58	7.41909 14.3179 -0.0361563	
21.59	7.41852 14.3076 -0.0345131	
21.6	7.41908 14.2962 -0.0435713	
21.61	7.41253 14.2778 -0.0452491	
21.62	7.4054 14.2711 -0.0374733	
21.63	7.39897 14.2552 -0.0438896	
21.64	7.40038 14.245 -0.0423142	
21.65	7.39266 14.2339 -0.0417894	
21.66	7.3866 14.2303 -0.0292086	
21.67	7.38732 14.2193 -0.0296626	
21.68	7.37978 14.2079 -0.0300288	
21.69	7.37281 14.2037 -0.0183991	
21.7	7.36643 14.1918 -0.019013	
21.71	7.25288 14.182 -0.00778806	
21.72	7.28711 14.2206 0.0742948	
21.73	7.21589 14.2272 0.182065	
21.74	7.28359 14.2391 0.186236	
21.75	7.2072 14.2138 0.276061	
21.76	7.25045 14.2226 0.293123	
21.77	7.17879 14.2294 0.410521	
21.78	7.23238 14.2089 0.410342	
21.79	7.15364 14.2004 0.469201	
21.8	7.20543 14.1997 0.485148	
21.81	7.13486 14.193 0.515789	
21.82	7.17752 14.1867 0.527546	
21.83	7.11774 14.1875 0.551814	
21.84	7.15107 14.1937 0.556898	
21.85	7.11272 14.1865 0.559061	
21.86	7.12814 14.1876 0.584706	
21.87	7.0833 14.1826 0.591844	
21.88	7.11258 14.1795 0.582826	
21.89	7.07697 14.1608 0.576372	
21.9	7.09866 14.1728 0.629825	
21.91	7.05174 14.2032 0.725262	
21.92	7.09202 14.1292 0.646191	
21.93	7.04522 14.0827 0.632893	
21.94	7.10503 14.1851 0.885694	
21.95	7.02295 14.144 0.89376	
21.96	7.18297 14.0282 0.742644	
21.97	6.99161 14.0274 0.78509	
21.98	7.17848 14.069 0.830127	
21.99	7.02052 14.0346 0.827255	
22	7.18935 14.139 1.04617	
22.01	7.15906 14.111 1.00573	
22.02	6.97973 14.0344 0.919709	
22.03	7.13999 14.0233 0.874799	
22.04	6.98813 14.0026 0.863055	
22.05	6.97856 13.9833 0.859078	
22.06	6.98063 14.0147 0.949073	
22.07	6.98205 13.9808 0.925786	
22.08	6.98981 13.9486 0.905842	
22.09	6.9972 13.9148 0.890589	
22.1	7.0053 13.8824 0.871001	
22.11	7.01366 13.8447 0.851327	
22.12	7.15979 13.7974 0.824031	
22.13	7.03027 13.7107 0.730077	
22.14	7.18188 13.7256 0.789169	
22.15	7.02759 13.7357 0.828825	
22.16	7.2135 13.7205 0.815642	
22.17	7.05174 13.6658 0.72999	
22.18	7.23656 13.6587 0.694465	
22.19	7.08206 13.6496 0.686955	
22.2	7.24458 13.6287 0.645544	
22.21	7.09999 13.6153 0.636591	
22.22	7.27198 13.6113 0.616447	
22.23	7.13138 13.6246 0.645656	
22.24	7.2796 13.6125 0.6429	
22.25	7.14111 13.5806 0.614529	
22.26	7.27632 13.5709 0.604936	
22.27	7.1532 13.5478 0.607862	
22.28	7.25838 13.5244 0.615247	
22.29	7.16082 13.4671 0.550904	
22.3	7.26288 13.4719 0.567682	
22.31	7.13314 13.4856 0.620147	
22.32	7.24719 13.471 0.596768	
22.33	7.1312 13.4362 0.586201	
22.34	7.23286 13.4385 0.575394	
22.35	7.12665 13.4222 0.573612	
22.36	7.23111 13.418 0.549682	
22.37	7.14504 13.4156 0.571685	
22.38	7.22397 13.4239 0.590519	
22.39	7.16348 13.4057 0.551309	
22.4	7.24153 13.3913 0.539128	
22.41	7.18065 13.4094 0.587672	
22.42	7.24586 13.3855 0.592349	
22.43	7.20373 13.3806 0.613078	
22.44	7.24737 13.3818 0.624629	
22.45	7.22436 13.3717 0.632714	
22.46	7.23859 13.3758 0.645484	
22.47	7.24134 13.3799 0.652894	
22.48	7.2362 13.3811 0.657813	
22.49	7.26194 13.3818 0.677855	
22.5	7.22492 13.3876 0.701263	
22.51	7.28382 13.3976 0.744435	
22.52	7.22222 13.3966 0.77743	
22.53	7.32939 13.4208 0.826744	
22.54	7.22034 13.4309 0.853755	
22.55	7.3743 13.4372 0.888587	
22.56	7.24437 13.4112 0.940169	
22.57	7.36818 13.5721 1.14979	
22.58	7.42086 13.5535 1.23428	
22.59	7.39818 13.5675 1.24142	
22.6	7.377 13.5894 1.30633	
22.61	7.33208 13.5945 1.34676	
22.62	7.26161 13.6015 1.36901	
22.63	7.21531 13.6109 1.38805	
22.64	7.17466 13.6169 1.40217	
22.65	7.12225 13.6241 1.41989	
22.66	7.09261 13.6284 1.42294	
22.67	7.04179 13.6294 1.43048	
22.68	6.98651 13.6311 1.44063	
22.69	6.94941 13.6254 1.43604	
22.7	6.90635 13.6246 1.44055	
22.71	6.86314 13.6214 1.4412	
22.72	6.80466 13.6208 1.42973	
22.73	6.74832 13.6171 1.42253	
22.74	6.69096 13.6172 1.42299	
22.75	6.61977 13.6101 1.42011	
22.76	6.53302 13.6089 1.43001	
22.77	6.45485 13.608 1.44098	
22.78	6.36963 13.6062 1.45323	
22.79	6.30619 13.6082 1.47265	
22.8	6.2279 13.6056 1.48605	
22.81	6.17207 13.608 1.50598	
22.82	6.12097 13.6065 1.51746	
22.83	6.06701 13.6081 1.53206	
22.84	6.03271 13.6076 1.54402	
22.85	6.00433 13.6112 1.55448	
22.86	5.97451 13.6068 1.55776	
22.87	5.94883 13.6067 1.573	
22.88	5.92 13.6032 1.57927	
22.89	5.90658 13.6039 1.59193	
22.9	5.9036 13.6081 1.61042	
22.91	5.90918 13.6075 1.61203	
22.92	5.91572 13.6074 1.614	
22.93	5.91474 13.6104 1.62067	
22.94	5.92907 13.6143 1.62657	
22.95	5.93655 13.6145 1.62891	
22.96	5.95149 13.617 1.63595	
22.97	5.97144 13.6164 1.63409	
22.98	5.99322 13.6199 1.64002	
22.99	6.01498 13.6234 1.64597	
23	6.04001 13.6167 1.63797	
23.01	6.05425 13.6207 1.64394	
23.02	6.07514 13.6206 1.6425	
23.03	6.09603 13.6204 1.64106	
23.04	6.13032 13.6206 1.6382	
23.05	6.17053 13.6214 1.63398	
23.06	6.21081 13.6196 1.62512	
23.07	6.25547 13.619 1.62105	
23.08	6.27239 13.6175 1.61938	
23.09	6.2987 13.6164 1.61857	
23.1	6.31125 13.6136 1.61218	
23.11	6.33657 13.6151 1.60833	
23.12	6.35008 13.6124 1.60979	
23.13	6.35603 13.613 1.60853	
23.14	6.35603 13.613 1.60853	
23.15	6.36954 13.6103 1.61	
23.16	6.37549 13.6109 1.60875	
23.17	6.37643 13.6113 1.60916	
23.18	6.38151 13.6087 1.60281	
23.19	6.38151 13.6087 1.60281	
23.2	6.38158 13.6057 1.60554	
23.21	6.38695 13.6025 1.59687	
23.22	6.38695 13.6025 1.59687	
23.23	6.38702 13.5995 1.59959	
23.24	6.38702 13.5995 1.59959	
23.25	6.3876 13.6033 1.60703	
23.26	6.38106 13.5989 1.60083	
23.27	6.3698 13.5988 1.60605	
23.28	6.3698 13.5988 1.60605	
23.29	6.36385 13.5982 1.60731	
23.3	6.35641 13.5907 1.59603	
23.31	6.3514 13.5905 1.5977	
23.32	6.35152 13.585 1.5883	
23.33	6.34032 13.5848 1.59359	
23.34	6.33379 13.5777 1.58274	
23.35	6.32263 13.5775 1.58807	
23.36	6.31021 13.5668 1.58129	
23.37	6.31089 13.5705 1.58872	
23.38	6.30427 13.5662 1.58262	
23.39	6.29316 13.5659 1.58801	
23.4	6.2866 13.5585 1.58467	
23.41	6.27474 13.5573 1.58739	
23.42	6.26887 13.5539 1.58405	
23.43	6.25709 13.5496 1.58954	
23.44	6.25123 13.546 1.59367	
23.45	6.23947 13.5416 1.59922	
23.46	6.23362 13.538 1.60337	
23.47	6.21674 13.5368 1.6178	
23.48	6.21011 13.5293 1.61458	
23.49	6.19925 13.5258 1.63038	
23.5	6.1808 13.517 1.63014	
23.51	6.16922 13.5067 1.64138	
23.52	6.15843 13.5032 1.65727	
23.53	6.14681 13.4958 1.66582	
23.54	6.12761 13.4776 1.67375	
23.55	6.11691 13.4741 1.68975	
23.56	6.10536 13.4673 1.7082	
23.57	6.08523 13.4521 1.723	
23.58	6.07771 13.4451 1.73922	
23.59	6.05766 13.4334 1.76114	
23.6	6.03106 13.4225 1.7835	
23.61	6.01129 13.4116 1.80784	
23.62	5.99158 13.4034 1.83696	
23.63	5.97762 13.3927 1.84996	
23.64	5.95723 13.3812 1.88164	
23.65	5.9435 13.3766 1.90637	
23.66	5.91678 13.3613 1.93488	
23.67	5.89214 13.3587 1.97028	
23.68	5.86469 13.3513 1.99773	
23.69	5.85143 13.3469 2.0151	
23.7	5.83502 13.3549 2.05092	
23.71	5.81458 13.3487 2.0695	
23.72	5.79812 13.356 2.0957	
23.73	5.78009 13.3596 2.11647	
23.74	5.76053 13.3643 2.13349	
23.75	5.74183 13.3699 2.15866	
23.76	5.72165 13.3713 2.17061	
23.77	5.70767 13.3711 2.17996	
23.78	5.68946 13.3739 2.2005	
23.79	5.66411 13.3771 2.2193	
23.8	5.64432 13.3783 2.23133	
23.81	5.6307 13.3753 2.23603	
23.82	5.61865 13.376 2.24808	
23.83	5.59962 13.3748 2.26142	
23.84	5.58796 13.3726 2.26704	
23.85	5.57531 13.3727 2.27869	
23.86	5.56009 13.3733 2.2939	
23.87	5.54683 13.3728 2.30342	
23.88	5.53535 13.3733 2.31386	
23.89	5.52829 13.3741 2.32162	
23.9	5.51437 13.3704 2.32429	
23.91	5.50823 13.3717 2.3325	
23.92	5.49527 13.3658 2.33094	
23.93	5.48311 13.3657 2.341	
23.94	5.471 13.3656 2.35107	
23.95	5.4641 13.3638 2.35245	
23.96	5.46486 13.3586 2.34911	
23.97	5.45886 13.3598 2.35734	
23.98	5.45959 13.3573 2.35874	
23.99	5.45021 13.3559 2.36555	
24	5.44858 13.3522 2.35987	
24.01	5.45114 13.3453 2.35277	
24.02	5.45717 13.3384 2.34235	
24.03	5.46066 13.3346 2.34208	
24.04	5.46833 13.3313 2.33734	
24.05	5.48792 13.3278 2.32975	
24.06	5.50914 13.317 2.31296	
24.07	5.54418 13.3153 2.30606	
24.08	5.59982 13.3064 2.27328	
24.09	5.65369 13.3041 2.25599	
24.1	5.71457 13.3011 2.23115	
24.11	5.79613 13.3091 2.21386	
24.12	5.8505 13.3099 2.19467	
24.13	5.94287 13.3216 2.18637	
24.14	6.00532 13.3327 2.17756	
24.15	6.09018 13.3415 2.16323	
24.16	6.17664 13.3563 2.15406	
24.17	6.26324 13.365 2.14114	
24.18	6.36103 13.3752 2.12525	
24.19	6.46128 13.3889 2.11811	
24.2	6.5562 13.4032 2.11262	
24.21	6.65801 13.4149 2.09974	
24.22	6.7689 13.4276 2.07767	
24.23	6.85184 13.4333 2.07113	
24.24	6.94389 13.441 2.05471	
24.25	7.02147 13.4391 2.03494	
24.26	7.09861 13.4417 2.00995	
24.27	7.18986 13.4423 1.98729	
24.28	7.26656 13.4428 1.96313	
24.29	7.34807 13.4436 1.94072	
24.3	7.39432 13.4394 1.91766	
24.31	7.49894 13.4366 1.88684	
24.32	7.6 13.4211 1.85898	
24.33	7.66232 13.4107 1.8438	
24.34	7.70408 13.3987 1.83906	
24.35	7.75337 13.3769 1.82309	
24.36	7.78886 13.3601 1.81209	
24.37	7.82275 13.3463 1.80832	
24.38	7.84385 13.3288 1.80805	
24.39	7.8652 13.307 1.80009	
24.4	7.89596 13.2892 1.80016	
24.41	7.92305 13.2694 1.79715	
24.42	7.95026 13.2546 1.80461	
24.43	7.96879 13.245 1.81277	
24.44	7.99333 13.2312 1.81471	
24.45	8.00908 13.2238 1.82062	
24.46	8.02568 13.2096 1.81461	
24.47	8.04161 13.1993 1.8161	
24.48	8.05827 13.1875 1.8152	
24.49	8.06034 13.1724 1.80896	
24.5	8.06832 13.1589 1.81285	
24.51	8.06454 13.1407 1.80904	
24.52	8.05853 13.1253 1.80215	
24.53	8.03913 13.1108 1.80487	
24.54	8.02111 13.0925 1.79953	
24.55	8.00115 13.0785 1.80131	
24.56	7.97586 13.0632 1.79227	
24.57	7.9385 13.0461 1.77257	
24.58	7.90581 13.0337 1.75984	
24.59	7.86868 13.02 1.7365	
24.6	7.8453 13.0038 1.70918	
24.61	7.82334 12.9907 1.68599	
24.62	7.79895 12.9731 1.65542	
24.63	7.78459 12.9551 1.62606	
24.64	7.77724 12.9419 1.60383	
24.65	7.77093 12.9255 1.5847	
24.66	7.75049 12.9059 1.56797	
24.67	7.73344 12.8936 1.55583	
24.68	7.70386 12.8735 1.5392	
24.69	7.6747 12.8579 1.5297	
24.7	7.6432 12.8453 1.51718	
24.71	7.61351 12.8254 1.50028	
24.72	7.58131 12.8204 1.49188	
24.73	7.52986 12.8126 1.48516	
24.74	7.49177 12.8033 1.46916	
24.75	7.46747 12.7988 1.46065	
24.76	7.45094 12.7894 1.44571	
24.77	7.42652 12.7822 1.43265	
24.78	7.39578 12.7728 1.41728	
24.79	7.37678 12.7634 1.40265	
24.8	7.36013 12.754 1.38785	
24.81	7.34822 12.754 1.38736	
24.82	7.32995 12.7491 1.37981	
24.83	7.31828 12.7493 1.37924	
24.84	7.31322 12.7446 1.37203	
24.85	7.30815 12.7398 1.36487	
24.86	7.29643 12.7399 1.36446	
24.87	7.29123 12.7399 1.36423	
24.88	7.28478 12.7351 1.35728	
24.89	7.27195 12.7351 1.35707	
24.9	7.27086 12.7351 1.35713	
24.91	7.26564 12.7373 1.3591	
24.92	7.27245 12.7326 1.35231	
24.93	7.26595 12.7277 1.34541	
24.94	7.27268 12.7327 1.35232	
24.95	7.27377 12.7327 1.35226	
24.96	7.2805 12.7377 1.35917	
24.97	7.28589 12.7426 1.36613	
24.98	7.28475 12.7474 1.37305	
24.99	7.29119 12.754 1.38988	
25	7.29009 12.7558 1.39984	
25.01	7.29325 12.7608 1.40694	
25.02	7.28339 12.7703 1.42081	
25.03	7.28652 12.7752 1.4279	
25.04	7.28319 12.78 1.43493	
25.05	7.27986 12.7848 1.44196	
25.06	7.28191 12.787 1.44431	
25.07	7.27857 12.7917 1.45132	
25.08	7.27414 12.7965 1.45836	
25.09	7.2708 12.8012 1.46537	
25.1	7.27387 12.806 1.4724	
25.11	7.26411 12.8106 1.47937	
25.12	7.26186 12.8152 1.48635	
25.13	7.26492 12.8199 1.49337	
25.14	7.26273 12.8199 1.49338	
25.15	7.26048 12.8246 1.50036	
25.16	7.25829 12.8245 1.50037	
25.17	7.25604 12.8292 1.50734	
25.18	7.24604 12.829 1.50734	
25.19	7.24906 12.8337 1.51432	
25.2	7.24051 12.8336 1.51429	
25.21	7.23579 12.8335 1.51427	
25.22	7.22575 12.835 1.52422	
25.23	7.20932 12.8394 1.53118	
25.24	7.19939 12.8347 1.52416	
25.25	7.1946 12.8392 1.53108	
25.26	7.18351 12.8391 1.53101	
25.27	7.1508 12.8387 1.53094	
25.28	7.1319 12.8385 1.53085	
25.29	7.11446 12.8382 1.53079	
25.3	7.08066 12.8378 1.53073	
25.31	7.06212 12.8376 1.53066	
25.32	7.03577 12.8327 1.52359	
25.33	7.01724 12.837 1.53051	
25.34	6.99232 12.8321 1.52358	
25.35	6.97487 12.8318 1.52357	
25.36	6.96524 12.8316 1.52357	
25.37	6.95307 12.8313 1.52337	
25.38	6.93562 12.8311 1.52337	
25.39	6.91817 12.8309 1.52337	
25.4	6.90956 12.826 1.51646	
25.41	6.90738 12.8259 1.51634	
25.42	6.8963 12.8257 1.51616	
25.43	6.88102 12.8256 1.5163	
25.44	6.87356 12.8254 1.51644	
25.45	6.86357 12.8253 1.51632	
25.46	6.85611 12.8252 1.51647	
25.47	6.8472 12.8251 1.51641	
25.48	6.84602 12.8204 1.50937	
25.49	6.83711 12.8204 1.5093	
25.5	6.82183 12.8203 1.50947	
25.51	6.814 12.8204 1.50947	
25.52	6.81137 12.8158 1.5022	
25.53	6.79705 12.8112 1.49547	
25.54	6.79716 12.8158 1.50243	
25.55	6.78814 12.8112 1.4954	
25.56	6.78694 12.8064 1.48838	
25.57	6.78694 12.8064 1.48838	
25.58	6.77911 12.8065 1.48838	
25.59	6.77008 12.8018 1.48135	
25.6	6.77008 12.8018 1.48135	
25.61	6.76757 12.8019 1.48104	
25.62	6.75963 12.7973 1.4741	
25.63	6.76605 12.7974 1.47386	
25.64	6.75822 12.7975 1.47386	
25.65	6.7567 12.7929 1.4667	
25.66	6.74778 12.7929 1.46662	
25.67	6.74103 12.7931 1.4667	
25.68	6.74627 12.7884 1.45947	
25.69	6.74605 12.7933 1.46627	
25.7	6.73812 12.7887 1.45934	
25.71	6.7278 12.7889 1.45906	
25.72	6.72105 12.7891 1.45914	
25.73	6.71965 12.7892 1.45894	
25.74	6.70289 12.7894 1.45886	
25.75	6.70289 12.7894 1.45886	
25.76	6.69375 12.7943 1.46561	
25.77	6.70009 12.7896 1.45849	
25.78	6.69117 12.7897 1.45841	
25.79	6.68442 12.7899 1.45849	
25.8	6.68311 12.7947 1.46525	
25.81	6.6741 12.79 1.45823	
25.82	6.6727 12.7901 1.45807	
25.83	6.6727 12.7901 1.45807	
25.84	6.66487 12.7903 1.45807	
25.85	6.66378 12.7902 1.45798	
25.86	6.67019 12.7875 1.45307	
25.87	6.66235 12.7877 1.45307	
25.88	6.65452 12.7878 1.45307	
25.89	6.66095 12.7878 1.45292	
25.9	6.65319 12.7926 1.45985	
25.91	6.65312 12.7879 1.45292	
25.92	6.65815 12.788 1.45264	
25.93	6.65815 12.788 1.45264	
25.94	6.65566 12.788 1.45242	
25.95	6.66215 12.793 1.45147	
25.96	6.65432 12.7932 1.45146	
25.97	6.65432 12.7932 1.45146	
25.98	6.65958 12.7857 1.43956	
25.99	6.66601 12.7856 1.43946	
26	6.66602 12.786 1.43169	
26.01	6.67245 12.786 1.43159	
26.02	6.67888 12.7859 1.4315	
26.03	6.68532 12.7858 1.43142	
26.04	6.69818 12.781 1.42434	
26.05	6.70353 12.7809 1.42418	
26.06	6.70322 12.786 1.4234	
26.07	6.70214 12.7863 1.41552	
26.08	6.71499 12.7789 1.40374	
26.09	6.72784 12.7764 1.39116	
26.1	6.73537 12.7695 1.3718	
26.11	6.74067 12.7641 1.36215	
26.12	6.74713 12.7567 1.35046	
26.13	6.75361 12.7492 1.33878	
26.14	6.75868 12.7491 1.33883	
26.15	6.76522 12.7443 1.33195	
26.16	6.76526 12.7473 1.32894	
26.17	6.76396 12.7426 1.32207	
26.18	6.77048 12.7351 1.31045	
26.19	6.77048 12.7351 1.31045	
26.2	6.76924 12.7334 1.30059	
26.21	6.77573 12.7332 1.30066	
26.22	6.78232 12.7284 1.29385	
26.23	6.78111 12.7266 1.28402	
26.24	6.78773 12.7217 1.27723	
26.25	6.78638 12.7217 1.27734	
26.26	6.78529 12.7216 1.2772	
26.27	6.79939 12.7214 1.27756	
26.28	6.80604 12.7165 1.27081	
26.29	6.81255 12.7163 1.27094	
26.3	6.81906 12.7162 1.27109	
26.31	6.83209 12.7159 1.27139	
26.32	6.83225 12.7111 1.26452	
26.33	6.83861 12.7162 1.26376	
26.34	6.84427 12.7142 1.25389	
26.35	6.85083 12.7171 1.25105	
26.36	6.87182 12.7228 1.24538	
26.37	6.87843 12.7288 1.23955	
26.38	6.89308 12.7273 1.22208	
26.39	6.90626 12.7361 1.21347	
26.4	6.92101 12.7403 1.19779	
26.41	6.93554 12.7502 1.17344	
26.42	6.94267 12.7555 1.15889	
26.43	6.97279 12.7685 1.14098	
26.44	6.99559 12.7773 1.11657	
26.45	7.00424 12.7973 1.10119	
26.46	7.03316 12.8 1.06768	
26.47	7.03392 12.7866 1.013	
26.48	7.04067 12.7678 0.941689	
26.49	7.16258 12.7383 0.854461	
26.5	7.04454 12.7063 0.789719	
26.51	7.17129 12.7101 0.740865	
26.52	7.04361 12.655 0.69099	
26.53	7.18424 12.6801 0.655798	
26.54	7.08161 12.6666 0.695016	
26.55	7.16492 12.6868 0.658841	
26.56	7.18195 12.6677 0.717249	
26.57	7.19541 12.6843 0.699014	
26.58	7.18294 12.6795 0.698599	
26.59	7.18111 12.6282 0.671521	
26.6	7.18326 12.656 0.650195	
26.61	7.23629 12.6618 0.784716	
26.62	7.18498 12.735 0.712696	
26.63	7.26431 12.7478 0.889439	
26.64	7.15933 12.7541 0.775231	
26.65	7.27949 12.7312 0.875071	
26.66	7.15109 12.7058 0.73097	
26.67	7.25284 12.6395 0.744065	
26.68	7.15358 12.6733 0.658191	
26.69	7.26369 12.6204 0.702212	
26.7	7.13222 12.6481 0.619006	
26.71	7.28728 12.5593 0.649922	
26.72	7.16731 12.636 0.571704	
26.73	7.32915 12.5363 0.637464	
26.74	7.20374 12.5519 0.498401	
26.75	7.41922 12.5534 0.715479	
26.76	7.40574 12.5819 0.548232	
26.77	7.55193 12.5634 0.815771	
26.78	7.5341 12.6118 0.630445	
26.79	7.54696 12.5935 0.639908	
26.8	7.53196 12.5043 0.541719	
26.81	7.27153 12.4412 0.458	
26.82	7.34099 12.4056 0.388272	
26.83	7.26723 12.3574 0.306512	
26.84	7.35789 12.3257 0.259536	
26.85	7.28631 12.2869 0.20611	
26.86	7.37096 12.2422 0.123753	
26.87	7.3324 12.1967 0.0214438	
26.88	7.38466 12.1106 -0.0347785	
26.89	7.2942 12.0234 -0.297433	
26.9	7.43505 11.9731 -0.185422	
26.91	7.29893 11.9424 -0.275265	
26.92	7.45494 11.8691 -0.310159	
26.93	7.31052 11.8216 -0.334041	
26.94	7.46117 11.7771 -0.409893	
26.95	7.41539 11.7538 -0.415473	
26.96	7.43004 11.7316 -0.470209	
26.97	7.44775 11.7209 -0.503198	
26.98	7.43078 11.7087 -0.532231	
26.99	7.44 11.6932 -0.572365	
27	7.439 11.6838 -0.596472	
27.01	7.44294 11.6726 -0.628809	
27.02	7.44719 11.6592 -0.649185	
27.03	7.43519 11.66 -0.655218	
27.04	7.45799 11.6501 -0.669335	
27.05	7.46428 11.6495 -0.665578	
27.06	7.48233 11.6472 -0.671522	
27.07	7.49298 11.6388 -0.670995	
27.08	7.51695 11.634 -0.673442	
27.09	7.52566 11.6308 -0.670587	
27.1	7.54592 11.6299 -0.658144	
27.11	7.55149 11.6257 -0.642411	
27.12	7.56315 11.6169 -0.628589	
27.13	7.57405 11.609 -0.596698	
27.14	7.59263 11.6017 -0.560095	
27.15	7.60259 11.5913 -0.520303	
27.16	7.61368 11.5862 -0.473824	
27.17	7.64733 11.5732 -0.417659	
27.18	7.6569 11.5646 -0.355084	
27.19	7.68868 11.559 -0.287101	
27.2	7.68881 11.4192 -0.351344	
27.21	7.70573 11.4475 -0.241042	
27.22	7.71571 11.4794 -0.144337	
27.23	7.71686 11.5033 -0.0352572	
27.24	7.74748 11.4679 -0.0220487	
27.25	7.75688 11.471 0.0691626	
27.26	7.77048 11.5219 0.198101	
27.27	7.78282 11.5596 0.305847	
27.28	7.79159 11.5567 0.379543	
27.29	7.78957 11.5654 0.471227	
27.3	7.78963 11.5977 0.585913	
27.31	7.79104 11.6183 0.692697	
27.32	7.78288 11.6251 0.802736	
27.33	7.7662 11.6851 0.982191	
27.34	7.76494 11.8397 1.3368	
27.35	7.72542 11.8736 1.51814	
27.36	7.66422 11.9122 1.69202	
