# Gnuplot File : velocities of 1 particle(s) Monitored
# 1st Column : time, others : particle(s) number 0 
0.01	0 0 -0.019274	
0.02	-4.46572 -0.149709 -0.284259	
0.03	-3.86425 -0.193968 -0.114564	
0.04	-3.7237 -0.187485 -0.130641	
0.05	-3.58774 -0.181245 -0.146184	
0.06	-3.45779 -0.175103 -0.16087	
0.07	-3.33155 -0.169237 -0.175183	
0.08	-3.21041 -0.163509 -0.188814	
0.09	-3.09368 -0.15796 -0.2019	
0.1	-2.9812 -0.152584 -0.214462	
0.11	-2.87282 -0.147378 -0.226525	
0.12	-2.76933 -0.141344 -0.236365	
0.13	-2.66774 -0.137457 -0.249234	
0.14	-2.57116 -0.132702 -0.259839	
0.15	-2.47818 -0.127275 -0.268626	
0.16	-2.38729 -0.123741 -0.280049	
0.17	-2.30087 -0.119434 -0.289452	
0.18	-2.24826 -0.116995 -0.297598	
0.19	-2.1821 -0.0782041 -0.246676	
0.2	-4.81572 0.529454 0.795384	
0.21	-4.64798 0.527765 0.772859	
0.22	-4.20792 0.463132 0.772723	
0.23	-5.92648 0.424424 0.331289	
0.24	-5.48745 0.00809758 -0.226802	
0.25	-4.3225 0.375062 2.23109	
0.26	-4.13609 0.353594 2.08336	
0.27	-3.95412 0.339646 1.95022	
0.28	-3.7635 0.324836 1.80212	
0.29	-3.59435 0.306471 1.66876	
0.3	-6.91833 0.241282 -1.39654	
0.31	-8.99987 -2.40757 -1.65122	
0.32	-8.5282 -2.36854 -1.75703	
0.33	-7.84388 -2.26861 -1.54224	
0.34	-7.53697 -2.19308 -1.52707	
0.35	-7.22057 -2.12658 -1.53239	
0.36	-6.84065 -2.08011 -1.60121	
0.37	-6.53894 -2.01781 -1.6088	
0.38	-6.23552 -1.96015 -1.62588	
0.39	-5.96467 -1.89865 -1.62258	
0.4	-5.70371 -1.83902 -1.61876	
0.41	-5.47676 -1.77619 -1.59491	
0.42	-5.28174 -1.71102 -1.5534	
0.43	-5.11317 -1.64384 -1.49725	
0.44	-4.92962 -1.58365 -1.46036	
0.45	-4.75396 -1.52529 -1.42367	
0.46	-4.57991 -1.47024 -1.39247	
0.47	-4.40829 -1.41824 -1.36594	
0.48	-4.24275 -1.36791 -1.34006	
0.49	-4.08906 -1.31806 -1.31023	
0.5	-3.93879 -1.27062 -1.28345	
0.51	-3.79462 -1.2248 -1.2572	
0.52	-3.6588 -1.18007 -1.22951	
0.53	-3.52789 -1.13695 -1.20281	
0.54	-3.41098 -1.09345 -1.16961	
0.55	-3.32977 -1.04465 -1.11177	
0.56	-3.2346 -1.00082 -1.06908	
0.57	-3.15732 -0.954741 -1.01493	
0.58	-3.07331 -0.911981 -0.969841	
0.59	-3.03498 -0.857619 -0.884907	
0.6	-2.98875 -0.804867 -0.806657	
0.61	-2.92865 -0.756875 -0.743088	
0.62	1.25516 -0.928068 10.2954	
0.63	6.39451 -2.42875 26.3175	
0.64	7.43664 -3.08177 27.4871	
0.65	10.6977 -5.58772 37.0858	
0.66	11.3856 -6.38406 37.7638	
0.67	11.3165 -6.26142 35.9189	
0.68	11.361 -6.17612 33.9537	
0.69	11.4946 -6.1185 31.8672	
0.7	14.5038 -1.87552 29.7227	
0.71	13.0722 30.3879 15.5059	
0.72	-8.24909 0.655109 15.7846	
0.73	2.79716 2.47246 12.5193	
0.74	8.32933 -4.82711 14.1156	
0.75	7.93317 -5.19724 12.9403	
0.76	7.80618 -5.19676 11.5843	
0.77	11.2908 13.4808 6.49436	
0.78	11.3717 12.968 5.58261	
0.79	5.64869 13.7659 3.5666	
0.8	3.88825 13.5627 2.94017	
0.81	3.41225 12.8924 2.43246	
0.82	3.26118 12.2496 1.95671	
0.83	3.09898 11.6139 1.51073	
0.84	-30.1897 4.53363 10.8795	
0.85	-21.9852 1.03732 10.7671	
0.86	-14.9184 0.112252 9.3843	
0.87	-13.7337 0.916007 8.59149	
0.88	-11.6324 1.50113 7.34917	
0.89	-11.1684 1.50963 7.17612	
0.9	-10.72 1.51377 7.00012	
0.91	-6.50451 1.72841 4.98071	
0.92	-5.27097 1.85511 4.19801	
0.93	-3.86926 0.773087 4.03149	
0.94	-3.75626 0.720536 3.81842	
0.95	-3.64418 0.674728 3.62177	
0.96	-0.273437 0.625058 1.30215	
0.97	3.76005 -0.656074 -0.711868	
0.98	8.3911 -1.69735 -2.88082	
0.99	12.7159 -2.04116 -3.68879	
1	24.6976 -0.429536 -0.953994	
1.01	18.4883 2.34878 -1.90822	
1.02	13.0066 6.33218 2.28627	
1.03	8.6463 8.55639 6.93607	
1.04	5.75013 10.3881 7.3925	
1.05	5.3307 9.25481 7.62888	
1.06	4.63138 7.705 7.05855	
1.07	-1.51896 12.561 9.22995	
1.08	-1.7995 11.3841 8.48984	
1.09	1.26321 8.12516 5.75451	
1.1	-8.36511 11.5587 9.67597	
1.11	3.61883 6.86225 19.7627	
1.12	4.74061 6.58925 19.63	
1.13	4.90091 6.34131 19.0526	
1.14	5.41303 5.64982 21.338	
1.15	5.56652 5.43132 20.6162	
1.16	6.467 5.23069 20.1753	
1.17	7.66451 5.01908 19.8037	
1.18	8.19426 4.82112 19.271	
1.19	8.08124 4.64773 18.6125	
1.2	7.72521 4.49958 17.9514	
1.21	7.40687 4.40017 17.4336	
1.22	6.60811 4.28377 16.7317	
1.23	5.3872 4.14468 15.8487	
1.24	3.54798 3.95144 14.6435	
1.25	1.28114 3.61487 12.9444	
1.26	-8.31102 -0.848858 27.9503	
1.27	-2.68651 -0.481442 15.9863	
1.28	-1.34122 1.19845 11.5179	
1.29	-5.72945 12.0561 11.7329	
1.3	5.26241 3.20394 5.87227	
1.31	5.21679 -0.213377 1.2052	
1.32	-9.61795 4.16904 3.12036	
1.33	0.235938 0.627434 -0.679713	
1.34	5.45691 -2.49536 -6.40659	
1.35	4.03213 -0.33594 -7.07435	
1.36	-2.94711 4.86782 2.12519	
1.37	-0.648206 2.83693 0.310724	
1.38	-4.73311 0.787937 21.5832	
1.39	-4.03276 1.35615 20.9101	
1.4	-3.49917 1.74371 20.2239	
1.41	-3.09698 1.86021 19.6573	
1.42	-2.38115 1.91993 19.6077	
1.43	-1.26084 2.62537 16.8279	
1.44	0.827818 4.5695 9.85373	
1.45	1.64262 4.69996 5.74738	
1.46	1.51617 4.00318 4.48683	
1.47	2.02799 2.84731 2.41208	
1.48	1.74217 2.77398 3.25083	
1.49	1.59386 2.89627 3.08868	
1.5	1.48555 2.933 2.95879	
1.51	1.41317 2.87641 2.82925	
1.52	1.35834 2.78278 2.70881	
1.53	1.29422 2.71629 2.57958	
1.54	1.22092 2.68056 2.44862	
1.55	1.15753 2.63358 2.33546	
1.56	1.09998 2.57194 2.21545	
1.57	1.04643 2.51597 2.11462	
1.58	1.02144 2.40477 2.04641	
1.59	1.01497 2.24301 1.97154	
1.6	1.01194 2.07823 1.89951	
1.61	1.00037 1.94131 1.82621	
1.62	0.98787 1.81408 1.75716	
1.63	0.986576 1.65567 1.68089	
1.64	0.993034 1.48495 1.61327	
1.65	1.00675 1.30884 1.56392	
1.66	1.02634 1.11423 1.50433	
1.67	1.05001 0.9226 1.46269	
1.68	1.05477 0.794438 1.43279	
1.69	1.0559 0.674076 1.39297	
1.7	1.05605 0.553532 1.34251	
1.71	1.06043 0.419022 1.28284	
1.72	1.06738 0.285386 1.23146	
1.73	1.06891 0.176486 1.19114	
1.74	1.05806 0.110183 1.1594	
1.75	1.04037 0.0710053 1.13647	
1.76	1.01545 0.0555461 1.11484	
1.77	0.986928 0.0515225 1.09111	
1.78	0.955899 0.0609639 1.07402	
1.79	0.920523 0.0749579 1.03997	
1.8	0.884095 0.0889887 0.99704	
1.81	0.848706 0.101853 0.953214	
1.82	0.814597 0.111971 0.907105	
1.83	0.781884 0.12085 0.861939	
1.84	0.752074 0.126655 0.821864	
1.85	0.723177 0.130073 0.778769	
1.86	0.69553 0.133239 0.737967	
1.87	0.670118 0.130455 0.694601	
1.88	0.645635 0.126817 0.651219	
1.89	0.622217 0.122322 0.608576	
1.9	0.599807 0.118057 0.568343	
1.91	0.577676 0.113218 0.525807	
1.92	0.556415 0.108993 0.485871	
1.93	0.535842 0.103903 0.445272	
1.94	0.51696 0.0998687 0.412077	
1.95	0.499198 0.0967322 0.383411	
1.96	-0.0950567 0.165903 17.0022	
1.97	-0.0946264 0.162596 16.378	
1.98	-0.339722 0.310268 22.7132	
1.99	-0.325086 0.297073 21.8616	
2	-0.480748 0.393574 22.8434	
2.01	-0.597097 0.46124 25.2621	
2.02	-0.434952 -0.185481 26.4321	
2.03	-0.53076 -0.00969691 27.6213	
2.04	-0.639651 0.271971 27.1394	
2.05	-0.633586 0.275738 26.1881	
2.06	-0.627721 0.279357 25.2704	
2.07	-0.625179 0.28534 24.3918	
2.08	-0.62124 0.289939 23.5376	
2.09	-0.642478 0.314357 22.7783	
2.1	-0.665858 0.340273 22.0442	
2.11	-0.263222 0.0153392 23.0232	
2.12	-0.403561 0.0715024 22.3085	
2.13	0.0447388 -0.01571 23.6965	
2.14	-4.17786 4.18955 39.0194	
2.15	-4.08661 4.07755 37.7025	
2.16	-4.00286 3.97217 36.4389	
2.17	-3.92667 3.87319 35.2247	
2.18	-6.10257 -0.586292 33.9344	
2.19	-12.3644 -10.1391 31.5144	
2.2	-4.5149 -2.52121 30.7989	
2.21	-1.22948 0.515571 27.7257	
2.22	-0.949746 0.314601 23.7282	
2.23	0.149086 7.86825 19.9108	
2.24	-0.412202 11.2919 16.7532	
2.25	-0.228876 10.6803 15.7768	
2.26	-0.172514 9.2625 13.8954	
2.27	-0.853675 5.84701 9.96482	
2.28	0.33403 3.40011 10.4161	
2.29	-0.18432 1.50081 10.4338	
2.3	-0.159422 1.359 9.96118	
2.31	6.57686 3.50997 7.92403	
2.32	10.1141 4.0912 5.0643	
2.33	-1.5049 -0.911875 3.38021	
2.34	-1.42112 -4.6588 4.50292	
2.35	-1.36939 -4.53025 4.31288	
2.36	-1.31926 -4.40141 4.13126	
2.37	-1.26802 -4.26478 3.96469	
2.38	-4.15721 0.252781 2.71413	
2.39	-3.98114 0.241374 2.6754	
2.4	-3.80668 0.229138 2.64415	
2.41	-0.846814 -1.06059 3.32781	
2.42	-0.607818 -1.21647 3.394	
2.43	-0.539151 -0.11764 2.75973	
2.44	20.1928 -0.703638 -1.73552	
2.45	-3.81971 48.6862 -3.86938	
2.46	-6.13508 28.1547 -1.4637	
2.47	-0.672825 6.60695 12.8548	
2.48	-20.9567 -46.0972 -25.1634	
2.49	-13.8466 -41.5543 7.99629	
2.5	-13.6099 -42.3664 8.38421	
2.51	-13.1891 -42.2638 7.22901	
2.52	-12.8825 -42.4495 7.11793	
2.53	-12.6073 -42.6685 7.24089	
2.54	-12.309 -42.6363 7.21372	
2.55	-11.9568 -41.5664 7.62781	
2.56	-11.0144 -34.7782 7.0831	
2.57	-9.73072 -25.1397 5.3435	
2.58	-8.68772 -17.1016 4.74475	
2.59	-7.82961 -10.3141 4.96935	
2.6	-6.94632 -2.67036 5.82343	
2.61	-6.25055 3.16521 6.82996	
2.62	-5.78815 5.76673 6.7955	
2.63	-5.47453 6.64336 6.49312	
2.64	-5.23486 6.81981 6.20826	
2.65	-5.06003 6.80116 6.46788	
2.66	-4.87641 6.59142 6.26233	
2.67	-4.68259 6.26453 5.67063	
2.68	1.70086 -0.997013 10.9864	
2.69	-16.9345 1.18041 7.92641	
2.7	-1.08886 3.71877 6.80612	
2.71	-7.60655 2.67377 -0.425544	
2.72	-24.5938 -19.7499 16.2126	
2.73	-17.1451 -9.71494 7.94594	
2.74	-16.4096 -9.2919 7.63748	
2.75	-16.5339 -9.96349 8.1611	
2.76	-17.1865 -11.6368 9.67891	
2.77	-17.0583 -12.0006 10.0062	
2.78	-16.9508 -12.3412 10.2926	
2.79	-16.2678 -11.8583 9.90966	
