# Gnuplot File : velocities of 1 particle(s) Monitored
# 1st Column : time, others : particle(s) number 0 
0.01	0 0 -0.0365586	
0.02	0 0 -0.0632893	
0.03	6.41437e-17 0 -0.082834	
0.04	4.72012e-17 0 -0.0971245	
0.05	3.45122e-17 0 -0.107573	
0.06	2.52382e-17 0 -0.115213	
0.07	1.83302e-17 0 -0.120799	
0.08	1.34927e-17 0 -0.124884	
0.09	7.39448e-17 0 -0.12787	
0.1	5.44135e-17 0 -0.130054	
0.11	3.9546e-17 0 -0.13165	
0.12	2.8915e-17 0 -0.132818	
0.13	2.11418e-17 0 -0.133671	
0.14	1.5552e-17 0 -0.134295	
0.15	1.13729e-17 0 -0.134752	
0.16	1.1301e-17 0 -0.134752	
0.17	1.13688e-17 0 -0.134752	
0.18	1.13712e-17 0 -0.134752	
0.19	1.1301e-17 0 -0.134752	
0.2	1.13729e-17 0 -0.134752	
0.21	1.13027e-17 0 -0.134752	
0.22	1.1301e-17 0 -0.134752	
0.23	1.13729e-17 0 -0.134752	
0.24	1.1301e-17 0 -0.134752	
0.25	1.13712e-17 0 -0.134752	
0.26	1.1301e-17 0 -0.134752	
0.27	1.13712e-17 0 -0.134752	
0.28	1.1301e-17 0 -0.134752	
0.29	1.1301e-17 0 -0.134752	
0.3	1.22176e-17 0 -0.134752	
0.31	1.3299e-17 0 -0.134752	
0.32	1.46893e-17 0 -0.134752	
0.33	1.57255e-17 0 -0.134752	
0.34	1.60191e-17 0 -0.134752	
0.35	1.62619e-17 0 -0.134752	
0.36	1.66099e-17 0 -0.134752	
0.37	1.9275e-17 0 -0.134752	
0.38	2.12944e-17 0 -0.134752	
0.39	2.25392e-17 0 -0.134752	
0.4	2.3137e-17 0 -0.134752	
0.41	2.37807e-17 0 -0.134752	
0.42	2.37522e-17 0 -0.134752	
0.43	2.34952e-17 0 -0.134752	
0.44	2.40485e-17 0 -0.134752	
0.45	2.5253e-17 0 -0.134752	
0.46	2.59441e-17 0 -0.134752	
0.47	2.66194e-17 0 -0.134752	
0.48	2.71573e-17 0 -0.134752	
0.49	2.77392e-17 0 -0.134752	
0.5	2.82745e-17 0 -0.134752	
0.51	2.84766e-17 0 -0.134752	
0.52	2.85999e-17 0 -0.134752	
0.53	2.86425e-17 0 -0.134752	
0.54	2.86121e-17 0 -0.134752	
0.55	2.86523e-17 0 -0.134752	
0.56	2.85533e-17 0 -0.134752	
0.57	2.85995e-17 0 -0.134752	
0.58	2.8586e-17 0 -0.134752	
0.59	2.84971e-17 0 -0.134752	
0.6	2.83844e-17 0 -0.134752	
0.61	2.82167e-17 0 -0.134752	
0.62	2.82684e-17 0 -0.134752	
0.63	2.82361e-17 0 -0.134752	
0.64	2.81574e-17 0 -0.134752	
0.65	2.81664e-17 0 -0.134752	
0.66	2.8089e-17 0 -0.134752	
0.67	2.80188e-17 0 -0.134752	
0.68	2.80339e-17 0 -0.134752	
0.69	2.79892e-17 0 -0.134752	
0.7	2.81258e-17 0 -0.134752	
0.71	2.80378e-17 0 -0.134752	
0.72	2.80822e-17 0 -0.134752	
0.73	2.81469e-17 0 -0.134752	
0.74	2.83319e-17 0 -0.134752	
0.75	2.86901e-17 0 -0.134752	
0.76	2.89808e-17 0 -0.134752	
0.77	2.89506e-17 0 -0.134752	
0.78	2.88874e-17 0 -0.134752	
0.79	2.88065e-17 0 -0.134752	
0.8	2.8798e-17 0 -0.134752	
0.81	2.88174e-17 0 -0.134752	
0.82	2.89515e-17 0 -0.134752	
0.83	2.92454e-17 0 -0.134752	
0.84	2.92857e-17 0 -0.134752	
0.85	2.9356e-17 0 -0.134752	
0.86	2.93104e-17 0 -0.134752	
0.87	2.9325e-17 0 -0.134752	
0.88	2.92835e-17 0 -0.134752	
0.89	2.92195e-17 0 -0.134752	
0.9	2.92234e-17 0 -0.134752	
0.91	2.92358e-17 0 -0.134752	
0.92	2.91401e-17 0 -0.134752	
0.93	2.90537e-17 0 -0.134752	
0.94	2.90349e-17 0 -0.134752	
0.95	2.90039e-17 0 -0.134752	
0.96	2.8983e-17 0 -0.134752	
0.97	2.90725e-17 0 -0.134752	
0.98	2.89779e-17 0 -0.134752	
0.99	2.88374e-17 0 -0.134752	
1	2.8709e-17 0 -0.134752	
1.01	2.85498e-17 0 -0.134752	
1.02	2.84914e-17 0 -0.134752	
1.03	2.8492e-17 0 -0.134752	
1.04	2.85411e-17 0 -0.134752	
1.05	2.85042e-17 0 -0.134752	
1.06	2.83976e-17 0 -0.134752	
1.07	2.83514e-17 0 -0.134752	
1.08	2.83539e-17 0 -0.134752	
1.09	2.83078e-17 0 -0.134752	
1.1	2.83545e-17 0 -0.134752	
1.11	2.83422e-17 0 -0.134752	
1.12	2.8389e-17 0 -0.134752	
1.13	2.85462e-17 0 -0.134752	
1.14	2.86908e-17 0 -0.134752	
1.15	2.88263e-17 0 -0.134752	
1.16	2.88891e-17 0 -0.134752	
1.17	2.89708e-17 0 -0.134752	
1.18	2.90436e-17 0 -0.134752	
1.19	2.90566e-17 0 -0.134752	
1.2	2.91167e-17 0 -0.134752	
1.21	2.92252e-17 0 -0.134752	
1.22	2.93226e-17 0 -0.134752	
1.23	2.93804e-17 0 -0.134752	
1.24	2.93293e-17 0 -0.134752	
1.25	2.93223e-17 0 -0.134752	
1.26	2.92965e-17 0 -0.134752	
1.27	2.94094e-17 0 -0.134752	
1.28	2.9582e-17 0 -0.134752	
1.29	2.97537e-17 0 -0.134752	
1.3	2.99245e-17 0 -0.134752	
1.31	3.0095e-17 0 -0.134752	
1.32	3.01672e-17 0 -0.134752	
1.33	3.02689e-17 0 -0.134752	
1.34	3.03995e-17 0 -0.134752	
1.35	3.05488e-17 0 -0.134752	
1.36	3.06274e-17 0 -0.134752	
1.37	3.06975e-17 0 -0.134752	
1.38	3.0758e-17 0 -0.134752	
1.39	3.08412e-17 0 -0.134752	
1.4	3.08558e-17 0 -0.134752	
1.41	3.08237e-17 0 -0.134752	
1.42	3.0822e-17 0 -0.134752	
1.43	3.08315e-17 0 -0.134752	
1.44	3.07725e-17 0 -0.134752	
1.45	3.08323e-17 0 -0.134752	
1.46	3.08921e-17 0 -0.134752	
1.47	3.10105e-17 0 -0.134752	
1.48	3.10527e-17 0 -0.134752	
1.49	3.10472e-17 0 -0.134752	
1.5	3.11116e-17 0 -0.134752	
1.51	3.12337e-17 0 -0.134752	
1.52	3.13664e-17 0 -0.134752	
1.53	3.14587e-17 0 -0.134752	
1.54	3.15304e-17 0 -0.134752	
1.55	-0.0636447 -0.526257 4.10446	
1.56	-0.0478795 -0.414606 4.36506	
1.57	-0.0617202 -0.462447 4.52499	
1.58	-0.0409769 -0.407242 4.2515	
1.59	-0.0313697 -0.384185 4.3872	
1.6	-0.0240194 -0.463046 5.19497	
1.61	-0.00168382 -0.347469 4.98006	
1.62	-0.0032925 -0.391036 4.88818	
1.63	-0.0104926 -0.254794 4.1815	
1.64	0.00868705 -0.396415 5.28658	
1.65	0.0045701 -0.317189 4.16091	
1.66	0.0268076 -0.279555 4.72378	
1.67	0.0331941 -0.339456 4.73344	
1.68	0.0423765 -0.351487 5.30872	
1.69	0.0151446 -0.371446 5.2732	
1.7	0.00742965 -0.32827 4.68572	
1.71	0.0014002 -0.33615 4.7081	
1.72	0.00272215 -0.284257 3.9933	
1.73	0.0011927 -0.379578 5.12605	
1.74	0.00190722 -0.305011 3.91117	
1.75	0.00632928 -0.399262 5.44771	
1.76	0.00417624 -0.34931 4.31217	
1.77	0.0131601 -0.320919 4.61578	
1.78	-3.73385 -0.38221 5.18087	
1.79	-6.0175 -0.791474 4.47296	
1.8	-4.59515 -0.542577 4.58107	
1.81	-3.79144 -0.475255 3.3929	
1.82	-2.77336 -0.341495 2.44043	
1.83	-2.02857 -0.24563 1.74521	
1.84	-1.4834 -0.178623 1.23885	
1.85	3.47599 0.12967 4.27267	
1.86	4.79649 0.160111 2.57594	
1.87	3.58095 0.476807 4.13417	
1.88	4.96326 0.300887 2.64616	
1.89	4.3106 0.627194 4.87455	
1.9	3.11323 0.494711 3.55912	
1.91	0.620947 0.469735 4.84689	
1.92	0.452433 0.353197 3.50094	
1.93	0.0528837 -0.267429 5.05243	
1.94	0.0506496 -0.194657 4.58758	
1.95	0.0223444 -0.243352 4.36102	
1.96	0.0350278 -0.277641 4.43938	
1.97	0.0433407 -0.272938 4.79894	
1.98	0.0416332 -0.309786 4.8923	
1.99	0.041112 -0.341458 5.46905	
2	0.0393724 -0.303238 4.97565	
2.01	0.0275969 -0.209838 4.8929	
2.02	0.0165628 -0.184097 5.06846	
2.03	0.00497789 -0.231927 5.47037	
2.04	8.27926e-05 -0.0357572 4.69432	
2.05	-0.00336588 -0.042366 5.10643	
2.06	-0.0302208 0.110138 5.05639	
2.07	0.010695 0.136694 5.05399	
2.08	-0.0368549 0.1907 5.46205	
2.09	-0.0482084 0.246822 4.44148	
2.1	-0.0372724 0.286429 5.86313	
2.11	-0.0734742 0.424289 6.07183	
2.12	-0.066181 0.418929 6.1528	
2.13	-0.074111 0.422703 4.84713	
2.14	-0.106343 0.548556 5.75738	
2.15	-0.135149 0.601279 5.87826	
2.16	-0.0747018 0.441736 4.64435	
2.17	-0.0589069 0.218496 4.57818	
2.18	0.0169834 -0.00262588 4.77959	
2.19	0.0758538 -0.358884 4.61412	
2.2	0.0583801 -0.277424 3.3464	
2.21	0.0438558 -0.208879 2.41381	
2.22	0.0327005 -0.156005 1.73021	
2.23	0.0242469 -0.115806 1.22956	
2.24	0.0179716 -0.0859284 0.863186	
2.25	0.0134155 -0.0642526 0.595364	
2.26	0.0100609 -0.0482821 0.399488	
2.27	0.0075492 -0.0363008 0.256091	
2.28	0.00558341 -0.0268728 0.150856	
2.29	0.00410515 -0.0197674 0.073795	
2.3	0.00298439 -0.014366 0.017332	
2.31	0.00217523 -0.0104684 -0.0239057	
2.32	0.00158613 -0.00763212 -0.0540538	
2.33	0.00116397 -0.00560253 -0.0760712	
2.34	0.000853474 -0.00410839 -0.0921675	
2.35	0.000622054 -0.00299361 -0.103954	
2.36	0.000455715 -0.00219342 -0.112564	
2.37	0.000335535 -0.00161574 -0.118855	
2.38	0.000245179 -0.00118059 -0.123463	
2.39	0.000179351 -0.00086365 -0.126831	
2.4	0.000130668 -0.000629049 -0.129295	
2.41	9.40967e-05 -0.000452469 -0.1311	
2.42	6.84492e-05 -0.000329024 -0.132416	
2.43	4.97781e-05 -0.000239172 -0.133378	
2.44	3.63585e-05 -0.000174693 -0.134081	
2.45	2.65204e-05 -0.000127399 -0.134595	
2.46	2.65322e-05 -0.000127455 -0.134595	
2.47	2.64033e-05 -0.000126795 -0.134596	
2.48	2.61343e-05 -0.000125412 -0.134597	
2.49	2.59051e-05 -0.000124239 -0.134597	
2.5	2.56668e-05 -0.000123015 -0.134598	
2.51	2.56766e-05 -0.00012307 -0.134598	
2.52	2.56269e-05 -0.00012282 -0.134599	
2.53	2.5539e-05 -0.000122364 -0.134599	
2.54	2.54901e-05 -0.000122116 -0.134599	
2.55	2.54088e-05 -0.000121699 -0.134599	
2.56	2.52361e-05 -0.000120804 -0.1346	
2.57	2.5172e-05 -0.000120482 -0.1346	
2.58	2.49238e-05 -0.000119201 -0.134601	
2.59	2.44885e-05 -0.000116957 -0.134602	
2.6	2.42261e-05 -0.000115612 -0.134603	
2.61	2.42584e-05 -0.00011578 -0.134603	
2.62	2.41494e-05 -0.000115215 -0.134603	
2.63	2.40615e-05 -0.000114766 -0.134604	
2.64	2.42641e-05 -0.000115817 -0.134603	
2.65	2.43698e-05 -0.000116357 -0.134603	
2.66	2.453e-05 -0.000117185 -0.134602	
2.67	2.46964e-05 -0.000118046 -0.134602	
2.68	2.46723e-05 -0.000117926 -0.134602	
2.69	2.47485e-05 -0.000118321 -0.134602	
2.7	2.48637e-05 -0.000118919 -0.134601	
2.71	2.48386e-05 -0.000118795 -0.134601	
2.72	2.48856e-05 -0.000119041 -0.134601	
2.73	2.48072e-05 -0.000118637 -0.134602	
2.74	2.47003e-05 -0.000118085 -0.134602	
2.75	2.47444e-05 -0.000118311 -0.134602	
2.76	2.4757e-05 -0.000118373 -0.134602	
2.77	2.48441e-05 -0.000118827 -0.134601	
2.78	2.49513e-05 -0.000119384 -0.134601	
2.79	2.50727e-05 -0.000120006 -0.134601	
2.8	2.53104e-05 -0.000121233 -0.1346	
2.81	2.52597e-05 -0.00012097 -0.1346	
2.82	2.53997e-05 -0.000121701 -0.1346	
2.83	2.54248e-05 -0.000121831 -0.1346	
2.84	2.53494e-05 -0.000121443 -0.1346	
2.85	2.51443e-05 -0.000120388 -0.134601	
2.86	2.50523e-05 -0.000119916 -0.134601	
2.87	2.46923e-05 -0.000118066 -0.134602	
2.88	2.44642e-05 -0.000116895 -0.134603	
2.89	2.44632e-05 -0.000116891 -0.134603	
2.9	2.43717e-05 -0.000116421 -0.134603	
2.91	2.43358e-05 -0.000116246 -0.134603	
2.92	2.41142e-05 -0.000115102 -0.134604	
2.93	2.40105e-05 -0.000114571 -0.134604	
2.94	2.39627e-05 -0.000114334 -0.134605	
2.95	2.39369e-05 -0.000114197 -0.134605	
2.96	2.37796e-05 -0.000113395 -0.134605	
2.97	2.35252e-05 -0.000112096 -0.134606	
2.98	2.31334e-05 -0.000110095 -0.134608	
2.99	2.29671e-05 -0.000109243 -0.134608	
3	2.25981e-05 -0.000107343 -0.134609	
3.01	2.22607e-05 -0.000105613 -0.13461	
3.02	2.19042e-05 -0.000103787 -0.134612	
3.03	2.15334e-05 -0.000101897 -0.134613	
3.04	2.13765e-05 -0.00010109 -0.134614	
3.05	2.13144e-05 -0.000100778 -0.134614	
3.06	2.12134e-05 -0.000100257 -0.134614	
3.07	2.08463e-05 -9.83761e-05 -0.134615	
3.08	2.05275e-05 -9.67326e-05 -0.134616	
3.09	2.02684e-05 -9.54018e-05 -0.134617	
3.1	2.00269e-05 -9.41702e-05 -0.134618	
3.11	1.95082e-05 -9.15256e-05 -0.13462	
3.12	1.89682e-05 -8.87646e-05 -0.134622	
3.13	1.8665e-05 -8.7219e-05 -0.134623	
3.14	1.85347e-05 -8.65651e-05 -0.134624	
3.15	1.82229e-05 -8.49796e-05 -0.134625	
3.16	0.0752487 -0.460453 4.70355	
3.17	0.0566629 -0.404966 4.80736	
3.18	0.0320268 -0.307878 3.68163	
3.19	0.039784 -0.230384 4.22063	
3.2	0.055879 -0.384949 5.14997	
3.21	0.0513794 -0.411242 4.82263	
3.22	0.0402189 -0.340716 4.00468	
3.23	0.0291937 -0.240064 4.30005	
3.24	0.0720055 -0.390255 4.85317	
3.25	0.0537889 -0.331813 4.26265	
3.26	0.0341559 -0.27466 4.15642	
3.27	0.0768924 -0.361851 4.61278	
3.28	0.0709477 -0.351729 4.64845	
3.29	0.0828044 -0.39698 5.26172	
3.3	0.0694128 -0.381404 5.18522	
3.31	0.0679336 -0.287184 5.00108	
3.32	0.0424189 -0.274033 4.38113	
3.33	0.0303226 -0.195221 3.16335	
3.34	3.83506 0.358604 3.6428	
3.35	2.26971 0.117874 4.17462	
3.36	4.00629 0.123527 3.07951	
3.37	2.92741 0.0970823 2.20955	
3.38	2.13925 0.0754707 1.57535	
3.39	-3.06912 -0.520455 2.49337	
3.4	-2.92638 -0.210402 5.76142	
3.41	-2.86634 -0.309505 4.37087	
3.42	-4.11711 -0.0243738 4.74794	
3.43	-3.09321 0.0104571 4.94726	
3.44	-0.989421 0.146275 5.29903	
3.45	-0.0153981 -0.0224267 4.90851	
3.46	-0.00113708 -0.192117 4.01414	
3.47	0.0112007 -0.338878 3.65217	
3.48	0.00805506 -0.249727 2.63568	
3.49	0.00582033 -0.183075 1.89157	
3.5	0.0041864 -0.133978 1.34752	
3.51	0.00299435 -0.0985822 0.949659	
3.52	0.0021551 -0.0721919 0.658304	
3.53	0.00155102 -0.0528747 0.445134	
3.54	0.00112703 -0.0386651 0.289014	
3.55	0.000803995 -0.0283322 0.175052	
3.56	0.000573727 -0.0208001 0.091638	
3.57	0.000410039 -0.015281 0.0305799	
3.58	0.000300694 -0.0111221 -0.01421	
3.59	-0.00602918 -0.451854 4.0202	
3.6	0.0277059 -0.302118 4.82493	
3.61	0.000362676 0.132329 5.40656	
3.62	0.0259513 -0.0129463 4.81807	
3.63	0.0203665 0.157993 5.5856	
3.64	-0.0177945 -0.0156578 4.66072	
3.65	-0.0128092 -0.191785 5.53721	
3.66	-0.00878554 -0.13073 4.00637	
3.67	-0.00254224 -0.315057 4.93243	
3.68	0.0315166 -0.254639 4.02168	
3.69	0.0124301 -0.44947 4.295	
3.7	0.00905994 -0.327066 3.1027	
3.71	0.00664882 -0.240485 2.23305	
3.72	0.0048692 -0.176286 1.59615	
3.73	0.00357373 -0.129646 1.13094	
3.74	0.0026187 -0.0951034 0.790622	
3.75	0.00191544 -0.0695755 0.541563	
3.76	0.00140703 -0.0512283 0.359709	
3.77	0.0010354 -0.0378202 0.226719	
3.78	0.000759779 -0.0278024 0.12933	
3.79	0.000560091 -0.0205797 0.0581813	
3.8	0.000412901 -0.015233 0.00611917	
3.81	0.000302455 -0.0111687 -0.0320663	
3.82	0.000221805 -0.00820253 -0.0599801	
3.83	0.000161965 -0.00598537 -0.0804172	
3.84	0.000118005 -0.0043534 -0.0953762	
3.85	8.58574e-05 -0.00315953 -0.106309	
3.86	6.25586e-05 -0.00229808 -0.114296	
3.87	4.5615e-05 -0.00167335 -0.120134	
3.88	3.34121e-05 -0.00122677 -0.124394	
3.89	2.44895e-05 -0.000900295 -0.127511	
3.9	1.8031e-05 -0.00066516 -0.129786	
3.91	1.32755e-05 -0.000491402 -0.131451	
3.92	9.71294e-06 -0.000359648 -0.132672	
3.93	7.13183e-06 -0.000264611 -0.133563	
3.94	5.22335e-06 -0.00019396 -0.134216	
3.95	3.81516e-06 -0.000141606 -0.134694	
3.96	3.82282e-06 -0.000142036 -0.134694	
3.97	3.82296e-06 -0.000142062 -0.134694	
3.98	3.81511e-06 -0.000141632 -0.134694	
3.99	3.80996e-06 -0.000141355 -0.134695	
4	3.81035e-06 -0.000141383 -0.134695	
4.01	3.81928e-06 -0.000141875 -0.134694	
4.02	3.82249e-06 -0.000142056 -0.134694	
4.03	3.81993e-06 -0.000141915 -0.134694	
4.04	3.8231e-06 -0.000142097 -0.134694	
4.05	3.8289e-06 -0.000142414 -0.134694	
4.06	3.82058e-06 -0.000141956 -0.134695	
4.07	3.81253e-06 -0.00014151 -0.134695	
4.08	3.80448e-06 -0.000141064 -0.134695	
4.09	3.80217e-06 -0.000140935 -0.134695	
4.1	3.80284e-06 -0.000140969 -0.134695	
4.11	3.80355e-06 -0.000141004 -0.134695	
4.12	3.80425e-06 -0.000141045 -0.134695	
4.13	3.79645e-06 -0.000140612 -0.134695	
4.14	3.8029e-06 -0.00014097 -0.134695	
4.15	3.80915e-06 -0.000141317 -0.134695	
4.16	3.81536e-06 -0.000141656 -0.134695	
4.17	3.81888e-06 -0.000141844 -0.134694	
4.18	3.82792e-06 -0.000142344 -0.134694	
4.19	3.83395e-06 -0.000142681 -0.134694	
4.2	3.8342e-06 -0.000142693 -0.134694	
4.21	3.84192e-06 -0.000143123 -0.134694	
4.22	3.84794e-06 -0.000143452 -0.134693	
4.23	3.83716e-06 -0.000142862 -0.134694	
4.24	3.83775e-06 -0.000142905 -0.134694	
4.25	3.83391e-06 -0.000142695 -0.134694	
4.26	3.83619e-06 -0.000142821 -0.134694	
4.27	3.83236e-06 -0.000142612 -0.134694	
4.28	3.83474e-06 -0.000142751 -0.134694	
4.29	3.83836e-06 -0.000142953 -0.134694	
4.3	3.83347e-06 -0.000142684 -0.134694	
4.31	3.83423e-06 -0.000142735 -0.134694	
4.32	3.82194e-06 -0.000142061 -0.134695	
4.33	3.8214e-06 -0.000142024 -0.134695	
4.34	3.81932e-06 -0.000141911 -0.134695	
4.35	3.82867e-06 -0.000142435 -0.134695	
4.36	3.84644e-06 -0.000143415 -0.134694	
4.37	3.86144e-06 -0.000144244 -0.134693	
4.38	3.86778e-06 -0.000144587 -0.134693	
4.39	3.88294e-06 -0.000145436 -0.134693	
4.4	3.88926e-06 -0.00014578 -0.134692	
4.41	3.90709e-06 -0.000146768 -0.134692	
4.42	3.92184e-06 -0.000147569 -0.134691	
4.43	3.93702e-06 -0.000148407 -0.134691	
4.44	3.93755e-06 -0.000148432 -0.13469	
4.45	3.94689e-06 -0.000148951 -0.13469	
4.46	3.95318e-06 -0.000149304 -0.13469	
4.47	3.95928e-06 -0.000149638 -0.13469	
4.48	3.95399e-06 -0.000149342 -0.13469	
4.49	3.94888e-06 -0.000149066 -0.13469	
4.5	3.9496e-06 -0.000149111 -0.13469	
4.51	3.95294e-06 -0.000149291 -0.13469	
4.52	3.95455e-06 -0.000149378 -0.13469	
4.53	3.95812e-06 -0.000149579 -0.13469	
4.54	3.95476e-06 -0.000149397 -0.13469	
4.55	3.9609e-06 -0.000149731 -0.13469	
4.56	3.97139e-06 -0.000150316 -0.134689	
4.57	3.97635e-06 -0.000150589 -0.134689	
4.58	3.96848e-06 -0.000150161 -0.13469	
4.59	3.96922e-06 -0.000150209 -0.13469	
4.6	3.95941e-06 -0.000149667 -0.13469	
4.61	3.95877e-06 -0.000149631 -0.13469	
4.62	3.95952e-06 -0.00014968 -0.13469	
4.63	3.94834e-06 -0.000149053 -0.13469	
4.64	3.95165e-06 -0.000149233 -0.13469	
4.65	3.94937e-06 -0.000149116 -0.13469	
4.66	3.94705e-06 -0.000148988 -0.134691	
4.67	3.93337e-06 -0.000148231 -0.134691	
4.68	3.931e-06 -0.000148093 -0.134691	
4.69	3.93483e-06 -0.00014831 -0.134691	
4.7	3.93554e-06 -0.000148349 -0.134691	
4.71	3.94183e-06 -0.000148696 -0.134691	
4.72	3.93114e-06 -0.000148106 -0.134691	
4.73	3.94633e-06 -0.000148942 -0.134691	
4.74	3.9562e-06 -0.000149495 -0.13469	
4.75	3.95137e-06 -0.000149226 -0.13469	
4.76	3.94375e-06 -0.000148804 -0.134691	
4.77	3.92515e-06 -0.00014778 -0.134691	
4.78	3.90377e-06 -0.000146605 -0.134692	
4.79	3.88457e-06 -0.000145554 -0.134693	
4.8	3.8548e-06 -0.000143916 -0.134694	
4.81	3.83486e-06 -0.000142831 -0.134695	
4.82	3.82657e-06 -0.000142388 -0.134696	
4.83	3.8137e-06 -0.000141692 -0.134696	
4.84	3.80088e-06 -0.000140999 -0.134697	
4.85	3.78833e-06 -0.000140329 -0.134698	
4.86	3.78285e-06 -0.000140063 -0.134699	
4.87	3.77781e-06 -0.000139806 -0.134699	
4.88	3.7648e-06 -0.000139108 -0.1347	
4.89	3.72916e-06 -0.000137177 -0.134702	
4.9	3.68308e-06 -0.000134657 -0.134704	
4.91	3.63372e-06 -0.000131965 -0.134706	
4.92	0.0570683 -0.522419 4.99068	
4.93	0.0391237 -0.395099 4.22016	
4.94	0.0650363 -0.384214 4.8683	
4.95	0.0328727 -0.305904 4.39863	
4.96	0.0341872 -0.242664 4.74569	
4.97	0.0429404 -0.241563 4.24534	
4.98	0.0492019 -0.242398 4.56416	
4.99	0.0725694 -0.322555 4.66733	
5	0.0843279 -0.349554 4.8217	
5.01	0.0759458 -0.306595 4.99492	
5.02	0.0430472 -0.350877 4.32888	
5.03	0.0264617 -0.280368 4.79098	
5.04	0.0547292 -0.304033 4.85778	
5.05	0.0249567 -0.240868 3.61797	
5.06	0.0546251 -0.316943 5.02432	
5.07	-4.11683 -0.536645 4.10776	
5.08	-4.32872 -0.695475 4.47188	
5.09	-3.24448 -0.155375 5.56598	
5.1	-2.64916 -0.192971 3.93094	
5.11	-4.00728 -0.635465 3.49658	
5.12	-2.93216 -0.458572 2.51681	
5.13	-2.14483 -0.329194 1.7996	
5.14	-1.56878 -0.238674 1.27806	
5.15	-1.14738 -0.172653 0.896725	
5.16	3.58992 -0.0535791 4.08042	
5.17	1.51905 0.319488 4.55198	
5.18	5.30046 0.68774 4.19406	
5.19	3.42333 0.892067 4.80709	
5.2	2.03954 0.692663 3.97565	
5.21	0.396187 0.163957 4.21214	
5.22	0.215034 -0.136331 5.33612	
5.23	0.149841 -0.116283 3.91442	
5.24	0.103376 -0.189889 4.4117	
5.25	0.0739942 -0.361723 4.35897	
5.26	0.0787932 -0.426837 4.58083	
5.27	0.0676088 -0.413559 3.98338	
5.28	0.0751936 -0.34161 4.41478	
5.29	0.112286 -0.404559 4.46722	
5.3	0.113783 -0.4362 4.74203	
5.31	0.105207 -0.410214 4.11945	
5.32	0.0961845 -0.371598 4.42055	
5.33	0.0995128 -0.308781 4.73082	
5.34	0.0739641 -0.288322 4.63831	
5.35	0.0915364 -0.241585 4.63855	
5.36	0.0711175 -0.280548 4.08248	
5.37	0.0509484 -0.200885 2.94561	
5.38	0.0372521 -0.146881 2.11719	
5.39	0.027511 -0.108483 1.51258	
5.4	0.0206073 -0.0812939 1.07103	
5.41	0.0153347 -0.0605113 0.747442	
5.42	0.0116946 -0.0461753 0.511634	
5.43	0.00885707 -0.03499 0.338568	
5.44	0.00658352 -0.026016 0.211324	
5.45	0.0048428 -0.0191389 0.118052	
5.46	0.00357385 -0.0141264 0.0498579	
5.47	0.00264201 -0.0104452 -1.75131e-05	
5.48	0.00194642 -0.00769651 -0.036534	
5.49	0.00142436 -0.00563232 -0.0632683	
5.5	0.0010533 -0.00416576 -0.08278	
5.51	0.000776096 -0.00306995 -0.0970697	
5.52	0.000574187 -0.00227172 -0.107513	
5.53	0.000423928 -0.00167753 -0.115157	
5.54	0.000310934 -0.00123049 -0.120756	
5.55	0.0002255 -0.0008923 -0.124858	
5.56	0.000164401 -0.000650526 -0.127853	
5.57	0.000119287 -0.000471964 -0.130045	
5.58	8.61326e-05 -0.000340722 -0.131647	
5.59	6.22473e-05 -0.000246192 -0.132818	
5.6	4.55093e-05 -0.000179992 -0.133671	
5.61	3.34273e-05 -0.000132226 -0.134295	
5.62	3.35975e-05 -0.000132913 -0.134295	
5.63	3.37361e-05 -0.000133473 -0.134294	
5.64	3.38729e-05 -0.000134024 -0.134294	
5.65	3.38994e-05 -0.000134118 -0.134293	
5.66	3.38852e-05 -0.000134063 -0.134294	
5.67	3.35823e-05 -0.000132835 -0.134294	
5.68	3.35079e-05 -0.000132539 -0.134295	
5.69	3.3412e-05 -0.000132147 -0.134295	
5.7	3.38656e-05 -0.00013397 -0.134293	
5.71	3.38597e-05 -0.000133941 -0.134293	
5.72	3.3912e-05 -0.000134148 -0.134293	
5.73	3.39438e-05 -0.000134277 -0.134293	
5.74	3.41708e-05 -0.000135192 -0.134292	
5.75	3.41476e-05 -0.000135093 -0.134292	
5.76	3.42514e-05 -0.000135517 -0.134292	
5.77	3.40933e-05 -0.000134875 -0.134292	
5.78	3.39603e-05 -0.000134341 -0.134293	
5.79	3.37837e-05 -0.000133631 -0.134293	
5.8	3.39186e-05 -0.000134179 -0.134293	
5.81	3.36263e-05 -0.000132998 -0.134294	
5.82	3.36258e-05 -0.000133004 -0.134294	
5.83	3.34038e-05 -0.000132114 -0.134295	
5.84	3.34523e-05 -0.000132308 -0.134295	
5.85	3.32464e-05 -0.000131481 -0.134295	
5.86	3.32492e-05 -0.000131492 -0.134295	
5.87	3.32204e-05 -0.000131384 -0.134295	
5.88	3.32664e-05 -0.000131569 -0.134295	
5.89	3.32829e-05 -0.000131635 -0.134295	
5.9	3.35536e-05 -0.000132727 -0.134295	
5.91	3.38087e-05 -0.000133751 -0.134294	
5.92	3.38245e-05 -0.000133814 -0.134294	
5.93	3.36753e-05 -0.000133214 -0.134294	
5.94	3.40818e-05 -0.00013485 -0.134293	
5.95	3.41264e-05 -0.000135028 -0.134293	
5.96	3.45776e-05 -0.000136845 -0.134291	
5.97	3.47745e-05 -0.000137641 -0.134291	
5.98	3.46231e-05 -0.000137032 -0.134291	
5.99	3.43408e-05 -0.000135904 -0.134292	
6	3.41749e-05 -0.000135236 -0.134293	
6.01	3.41328e-05 -0.000135072 -0.134293	
6.02	3.43088e-05 -0.000135779 -0.134293	
6.03	3.41277e-05 -0.000135051 -0.134293	
6.04	3.38571e-05 -0.000133963 -0.134294	
6.05	3.35426e-05 -0.000132699 -0.134295	
6.06	3.31998e-05 -0.000131323 -0.134296	
6.07	3.29831e-05 -0.00013046 -0.134297	
6.08	3.27307e-05 -0.000129446 -0.134298	
6.09	3.24917e-05 -0.000128488 -0.134298	
6.1	3.23857e-05 -0.000128064 -0.134299	
6.11	3.22756e-05 -0.000127629 -0.134299	
6.12	3.2192e-05 -0.000127288 -0.1343	
6.13	3.23447e-05 -0.000127911 -0.134299	
6.14	3.2034e-05 -0.000126653 -0.1343	
6.15	3.19085e-05 -0.000126142 -0.1343	
6.16	3.10856e-05 -0.000122833 -0.134303	
6.17	3.06863e-05 -0.000121224 -0.134304	
6.18	2.98798e-05 -0.000117983 -0.134307	
6.19	2.85242e-05 -0.000112553 -0.134311	
6.2	2.72219e-05 -0.000107342 -0.134316	
6.21	2.56726e-05 -0.000101138 -0.134321	
6.22	2.36717e-05 -9.31425e-05 -0.134329	
6.23	2.1432e-05 -8.4202e-05 -0.134337	
6.24	1.88877e-05 -7.40559e-05 -0.134347	
6.25	1.61338e-05 -6.31017e-05 -0.134358	
6.26	1.3318e-05 -5.19075e-05 -0.13437	
6.27	9.2579e-06 -3.58501e-05 -0.134388	
6.28	5.00629e-06 -1.9106e-05 -0.134409	
6.29	8.06535e-07 -2.67348e-06 -0.134433	
6.3	-3.43106e-06 1.37842e-05 -0.134459	
6.31	-7.38085e-06 2.89585e-05 -0.134487	
6.32	-1.11948e-05 4.34762e-05 -0.134517	
6.33	-1.50119e-05 5.79074e-05 -0.13455	
6.34	-1.79056e-05 6.87693e-05 -0.134576	
6.35	-2.0324e-05 7.77422e-05 -0.134601	
6.36	-2.23444e-05 8.51758e-05 -0.134622	
6.37	-2.39409e-05 9.10061e-05 -0.134641	
6.38	-2.52373e-05 9.58511e-05 -0.134653	
6.39	-2.64105e-05 0.000100244 -0.134664	
6.4	-2.75626e-05 0.000104465 -0.134677	
6.41	-2.81012e-05 0.000106452 -0.134682	
6.42	-2.85699e-05 0.000108163 -0.134688	
6.43	-2.89247e-05 0.0001094 -0.134693	
6.44	-2.91365e-05 0.000110152 -0.134696	
6.45	-2.92806e-05 0.000110695 -0.134697	
6.46	-2.93561e-05 0.000110997 -0.134698	
6.47	-2.9395e-05 0.000111186 -0.134697	
6.48	-0.00255001 -0.0905536 4.56271	
6.49	0.0176662 -0.077994 4.89012	
6.5	0.0182714 -0.070644 4.88081	
6.51	0.00957712 -0.0441187 3.56317	
6.52	0.00693073 -0.0319692 2.56668	
6.53	0.00876821 -0.0110502 2.71672	
6.54	0.0235926 0.00262147 4.53848	
6.55	0.0169559 0.001878 3.28075	
6.56	0.0191689 0.00549517 3.39254	
6.57	0.01526 0.00662438 2.85606	
6.58	0.0323528 -0.00330378 5.05025	
6.59	0.0234539 -0.00239526 3.65526	
6.6	0.0159875 -0.0210268 4.84894	
6.61	4.1322 0.019154 4.48769	
6.62	3.02252 0.0160744 3.23945	
6.63	-3.68129 -0.315468 5.94586	
6.64	-2.6921 -0.231385 4.31324	
6.65	-0.00031042 -0.0151661 4.90498	
6.66	-0.00405107 -0.00387788 3.71069	
6.67	0.000261324 -0.00546301 5.05536	
6.68	0.000615304 -0.00252067 4.63096	
6.69	0.00244824 -0.000566589 4.9285	
6.7	0.00226398 -0.00144332 4.98228	
6.71	0.00478635 -0.00162032 5.00329	
6.72	0.00193913 -0.00081655 4.86966	
6.73	0.389687 0.610531 4.91182	
6.74	-0.0187057 -0.0355564 4.40381	
6.75	-0.0367309 0.0184655 4.78189	
6.76	-0.0510632 -0.00823935 4.53846	
6.77	-0.0400857 0.144259 5.22467	
6.78	-0.00923178 0.111139 4.95111	
6.79	-0.374058 0.160588 4.92827	
6.8	0.219535 -1.1994 1.55837	
6.81	-4.62497 -0.545467 0.722045	
6.82	-5.47215 -0.858399 0.99171	
6.83	-3.84107 -0.573104 0.648117	
6.84	4.82934 -0.432889 0.204453	
6.85	3.51788 -0.407551 0.156403	
6.86	4.52375 0.161608 -4.79563	
6.87	6.09524 0.23345 -2.04086	
6.88	5.08499 0.136912 -1.2024	
6.89	5.6682 0.0539483 0.0307071	
6.9	5.42191 -0.0680786 3.441	
6.91	3.96941 -0.0897118 2.48349	
6.92	2.89784 -0.0480728 1.77567	
6.93	2.11843 -0.0582003 1.26144	
6.94	1.54811 -0.0293139 0.885103	
6.95	1.11795 0.0541901 0.599289	
6.96	0.818728 0.0315563 0.402686	
6.97	0.600511 0.0147423 0.259397	
6.98	0.439266 0.00969976 0.153258	
6.99	0.321197 0.00703967 0.0755137	
7	0.23504 0.00436355 0.0188082	
7.01	0.171887 0.00312484 -0.0227803	
7.02	0.125683 0.00224072 -0.0532116	
7.03	0.091908 0.00159316 -0.0754558	
7.04	0.06719 0.00120786 -0.0917383	
7.05	0.0491271 0.000885397 -0.103635	
7.06	0.0359201 0.000648578 -0.112334	
7.07	0.0262637 0.000474864 -0.118694	
7.08	0.0192032 0.00034755 -0.123345	
7.09	0.0140418 0.000254802 -0.126744	
7.1	0.0102663 0.000186037 -0.129231	
7.11	0.00750639 0.000136078 -0.131049	
7.12	0.00548846 9.95242e-05 -0.132378	
7.13	0.0040131 7.22036e-05 -0.13335	
7.14	0.0029342 5.32259e-05 -0.13406	
7.15	0.0021454 3.89216e-05 -0.13458	
7.16	0.00156866 2.84607e-05 -0.13496	
7.17	0.00156866 2.84607e-05 -0.13496	
7.18	0.00156866 2.84607e-05 -0.13496	
7.19	0.00156858 2.91942e-05 -0.13496	
7.2	0.00156858 2.91942e-05 -0.13496	
7.21	0.0015687 2.82337e-05 -0.13496	
7.22	0.00156866 2.84607e-05 -0.13496	
7.23	0.00156866 2.84607e-05 -0.13496	
7.24	0.00156847 2.91389e-05 -0.13496	
7.25	0.00156866 2.84607e-05 -0.13496	
7.26	0.0015687 2.82337e-05 -0.13496	
7.27	0.00156866 2.84607e-05 -0.13496	
7.28	0.00156866 2.84607e-05 -0.13496	
