# Gnuplot File : positions of 1 particle(s) Monitored
# 1st Column : time, others : particle(s) number 0 
0.01	10.7145 13.7459 0.815623	
0.02	10.6699 13.7443 0.812774	
0.03	10.6759 13.7439 0.814525	
0.04	10.6773 13.7439 0.814375	
0.05	10.6787 13.7474 0.812873	
0.06	10.68 13.7441 0.814091	
0.07	10.6813 13.7475 0.812599	
0.08	10.6825 13.7476 0.812471	
0.09	10.6836 13.7476 0.812347	
0.1	10.6847 13.7477 0.812227	
0.11	10.6858 13.7477 0.812113	
0.12	10.6844 13.7436 0.813046	
0.13	10.6879 13.7478 0.811897	
0.14	10.6889 13.7445 0.813152	
0.15	10.6873 13.7437 0.812738	
0.16	10.6907 13.748 0.811602	
0.17	10.6916 13.7447 0.812868	
0.18	10.6885 13.7443 0.811962	
0.19	10.5735 13.7315 0.78922	
0.2	10.421 13.7283 0.778054	
0.21	10.3918 13.7153 0.777888	
0.22	10.5777 13.7361 0.805278	
0.23	10.6949 13.7524 0.828994	
0.24	11.1879 13.8177 0.987618	
0.25	11.5195 13.8951 1.17168	
0.26	11.5964 13.9182 1.21376	
0.27	11.6859 13.7831 1.35969	
0.28	11.8037 13.534 1.55286	
0.29	11.8704 13.4247 1.71711	
0.3	11.9474 13.2343 1.77251	
0.31	11.9941 12.929 1.94238	
0.32	12.0482 12.8303 2.364	
0.33	12.0952 12.7119 2.87277	
0.34	12.1036 12.4604 3.21806	
0.35	12.1214 12.2461 3.474	
0.36	12.1679 11.9696 3.59351	
0.37	12.2011 11.6535 3.57242	
0.38	12.2956 11.3719 3.5591	
0.39	12.3859 11.0733 3.55888	
0.4	12.5311 10.8896 3.55949	
0.41	12.901 10.6668 3.55307	
0.42	13.1916 10.4535 3.55727	
0.43	13.2626 10.2045 3.57315	
0.44	13.2704 10.117 3.57742	
0.45	13.2831 9.969 3.58133	
0.46	13.2952 9.8429 3.58321	
0.47	13.3008 9.79591 3.51202	
0.48	13.309 9.74364 3.42774	
0.49	13.3108 9.6791 3.3552	
0.5	13.3145 9.65366 3.26639	
0.51	13.3123 9.68803 3.21225	
0.52	13.3213 9.67925 3.05537	
0.53	13.3355 9.72659 2.92451	
0.54	13.3609 9.80357 2.83664	
0.55	13.3533 9.93578 2.78387	
0.56	13.3725 10.0661 2.73076	
0.57	13.3651 10.1064 2.67483	
0.58	13.3499 10.1722 2.61687	
0.59	13.3383 10.1838 2.48057	
0.6	13.3687 10.2197 2.37689	
0.61	13.4442 10.2676 2.25712	
0.62	13.5633 10.254 2.2319	
0.63	13.6114 10.2164 2.29046	
0.64	13.5812 10.2222 2.23752	
0.65	13.5337 10.1922 2.26796	
0.66	13.4894 10.1843 2.19541	
0.67	13.4422 10.1724 2.15291	
0.68	13.3706 10.1546 2.09708	
0.69	13.2756 10.1253 2.01937	
0.7	13.1657 10.1361 1.93239	
0.71	13.0484 10.4285 1.72654	
0.72	12.7229 10.0972 1.69754	
0.73	12.7105 10.0661 1.62626	
0.74	12.5926 9.91951 1.60286	
0.75	12.4453 9.88244 1.56898	
0.76	12.2586 9.81463 1.53755	
0.77	12.1767 9.94465 1.46097	
0.78	12.0512 9.90896 1.43667	
0.79	11.8659 9.90587 1.4218	
0.8	11.7173 9.88167 1.40637	
0.81	11.5971 9.86928 1.40972	
0.82	11.4876 9.83789 1.3975	
0.83	11.3696 9.8118 1.39949	
0.84	10.9304 9.66034 1.43686	
0.85	10.9383 9.5811 1.39607	
0.86	10.9254 9.55896 1.41006	
0.87	10.9017 9.54101 1.37619	
0.88	10.9162 9.54599 1.36481	
0.89	10.8303 9.52605 1.37422	
0.9	10.7519 9.51531 1.38442	
0.91	10.7224 9.52143 1.38378	
0.92	10.6308 9.53198 1.41109	
0.93	10.5339 9.51665 1.44621	
0.94	10.4418 9.53303 1.48278	
0.95	10.3594 9.54482 1.52024	
0.96	10.3023 9.52816 1.48479	
0.97	10.2249 9.49294 1.48299	
0.98	10.1677 9.48174 1.50859	
0.99	10.0884 9.4649 1.57703	
1	10.153 9.45194 1.62245	
1.01	9.64187 9.66931 1.90171	
1.02	9.56605 9.76477 1.93987	
1.03	9.52258 9.79652 1.98062	
1.04	9.51757 9.80692 1.93289	
1.05	9.62234 9.7687 1.80833	
1.06	9.7463 9.73434 1.65823	
1.07	9.77198 9.76915 1.5859	
1.08	9.6927 9.7137 1.49436	
1.09	9.43742 9.65516 1.43252	
1.1	8.99154 9.61664 1.46201	
1.11	8.13651 9.23548 2.30361	
1.12	8.06769 9.22358 2.4521	
1.13	7.91169 9.22033 2.49048	
1.14	7.65233 9.16231 2.54561	
1.15	7.62293 9.08575 2.60416	
1.16	7.48058 8.88385 2.76641	
1.17	7.42794 8.76773 2.96957	
1.18	7.40046 8.83578 3.07536	
1.19	7.54713 9.08285 3.08787	
1.2	7.81244 9.37382 3.06332	
1.21	8.01841 9.65731 3.02192	
1.22	8.01616 9.71967 2.9174	
1.23	8.02565 9.74259 2.74011	
1.24	8.1183 9.86914 2.44902	
1.25	8.26729 9.96009 2.01249	
1.26	8.53979 9.84161 1.73828	
1.27	8.90037 9.82744 1.3951	
1.28	9.15433 9.86254 1.21307	
1.29	9.235 9.98319 1.14144	
1.3	9.41938 9.91386 1.05308	
1.31	9.35516 9.88422 0.968076	
1.32	8.57557 9.9348 1.06787	
1.33	7.94062 9.98043 1.31124	
1.34	7.72439 10.0862 1.48373	
1.35	7.53947 10.1165 1.68626	
1.36	7.37695 10.1397 1.95878	
1.37	7.36072 10.0978 2.12028	
1.38	7.29394 10.0661 2.47237	
1.39	7.27133 10.0745 2.59132	
1.4	7.24077 10.0642 2.68134	
1.41	7.22562 10.0321 2.73326	
1.42	7.20422 10.0248 2.82612	
1.43	7.20466 10.0359 2.85044	
1.44	7.22218 10.0614 2.79516	
1.45	7.21118 10.0456 2.77913	
1.46	7.16086 9.97752 2.95681	
1.47	7.12409 9.9454 3.15571	
1.48	7.09527 9.88904 3.44958	
1.49	7.09001 9.82353 3.71009	
1.5	7.08719 9.915 4.12131	
1.51	7.05514 9.97857 4.62851	
1.52	7.04117 10.0107 4.75199	
1.53	6.9701 9.94026 4.79611	
1.54	6.86374 9.81937 4.93273	
1.55	6.68452 9.67543 5.13549	
1.56	6.38181 9.46914 5.42628	
1.57	6.09287 9.23399 5.89804	
1.58	5.98959 8.93121 6.32582	
1.59	5.94821 8.6114 6.86133	
1.6	5.91801 8.27078 7.18286	
1.61	5.90326 7.98694 7.30795	
1.62	5.97067 7.70955 7.29208	
1.63	5.9481 7.36546 7.25207	
1.64	5.93446 6.99878 7.2034	
1.65	6.04848 6.60184 7.12693	
1.66	6.22006 6.3308 6.94612	
1.67	6.31425 6.04236 6.77411	
1.68	6.51506 5.83181 6.67711	
1.69	6.98904 5.75094 6.50464	
1.7	7.66661 5.69853 6.31063	
1.71	8.29326 5.69478 6.07115	
1.72	8.91827 5.75778 5.76736	
1.73	9.47257 5.82049 5.47235	
1.74	9.77868 5.80443 5.19447	
1.75	10.0957 5.72003 4.8897	
1.76	10.3669 5.5539 4.57755	
1.77	10.6976 5.42661 4.34152	
1.78	11.1964 5.31548 4.16397	
1.79	11.4425 5.37041 4.10509	
1.8	11.6389 5.42084 4.07155	
1.81	11.8256 5.42171 4.04795	
1.82	12.2442 5.43209 4.00273	
1.83	12.7515 5.45883 3.95263	
1.84	13.0481 5.43069 3.88522	
1.85	13.1129 5.36505 3.78072	
1.86	13.1784 5.26876 3.64757	
1.87	13.2035 5.1711 3.48534	
1.88	13.2191 5.10831 3.39005	
1.89	13.218 5.06537 3.30723	
1.9	13.2213 5.03235 3.22507	
1.91	13.2225 5.03066 3.10901	
1.92	13.2429 5.05978 2.95687	
1.93	13.2339 5.15847 2.75679	
1.94	13.2408 5.29949 2.46574	
1.95	13.2147 5.40802 2.1701	
1.96	13.187 5.50247 2.1966	
1.97	13.1925 5.56015 2.11663	
1.98	13.2158 5.64054 2.15183	
1.99	13.2513 5.73015 2.11453	
2	13.2775 5.84381 2.08966	
2.01	13.316 5.95476 2.0809	
2.02	13.3464 6.02865 2.06806	
2.03	13.3492 6.04076 2.07571	
2.04	13.3847 5.95839 2.10437	
2.05	13.4126 5.842 2.13743	
2.06	13.4425 5.75109 2.16322	
2.07	13.4782 5.71479 2.17088	
2.08	13.5199 5.70915 2.14776	
2.09	13.5837 5.71353 2.13909	
2.1	13.6505 5.73642 2.12308	
2.11	13.7293 5.72756 2.13141	
2.12	13.7682 5.70951 2.11568	
2.13	13.8016 5.65315 2.03127	
2.14	13.7348 5.67804 2.18869	
2.15	13.7493 5.62232 2.11727	
2.16	13.7418 5.62049 2.12006	
2.17	13.7799 5.60889 2.13098	
2.18	13.7647 5.58506 2.08205	
2.19	13.7058 5.46775 2.05731	
2.2	13.7891 5.39956 1.81691	
2.21	13.7512 5.23429 1.62092	
2.22	13.7594 5.1242 1.52164	
2.23	13.7109 5.09416 1.39544	
2.24	13.5422 5.07398 1.23159	
2.25	13.3157 5.01842 1.12792	
2.26	13.0947 4.98032 1.0442	
2.27	12.8949 4.93151 0.96612	
2.28	12.7127 4.88192 0.950256	
2.29	12.5871 4.84079 0.930526	
2.3	12.4636 4.80703 0.873467	
2.31	12.4247 4.76469 0.815891	
2.32	12.321 4.73793 0.754956	
2.33	12.0411 4.65099 0.691029	
2.34	11.8913 4.58689 0.709356	
2.35	11.7604 4.57242 0.696549	
2.36	11.5906 4.53784 0.636708	
2.37	11.1757 4.48137 0.60563	
2.38	10.9598 4.53943 0.577885	
2.39	10.7757 4.5264 0.611592	
2.4	10.5148 4.51881 0.660248	
2.41	10.3539 4.49867 0.726004	
2.42	10.2614 4.49472 0.760318	
2.43	10.0549 4.50283 0.774243	
2.44	9.83567 4.44614 0.739817	
2.45	8.73213 4.96247 1.68167	
2.46	8.53319 4.8342 1.63884	
2.47	8.09727 4.53416 1.88041	
2.48	7.48147 4.32274 3.36662	
2.49	7.52027 4.15858 4.10418	
2.5	6.31317 4.06546 4.33347	
2.51	6.46894 4.00214 4.44815	
2.52	6.53089 4.00988 4.58007	
2.53	6.5896 3.97023 4.74709	
2.54	6.60354 3.95649 4.88606	
2.55	6.284 3.94216 5.04889	
2.56	5.41043 3.52466 5.31656	
2.57	5.52752 3.33373 6.12094	
2.58	6.12553 3.66234 6.92581	
2.59	6.95049 4.23802 6.84895	
2.6	7.9547 5.05446 5.96922	
2.61	8.84519 6.28877 4.72682	
2.62	9.42118 7.33395 3.81464	
2.63	9.81491 8.43732 3.36895	
2.64	10.0647 9.2338 3.23532	
2.65	10.1979 10.0574 3.06923	
2.66	10.2643 10.6114 2.55466	
2.67	10.3144 11.109 1.93747	
2.68	10.4593 11.6724 1.5811	
2.69	10.3769 12.2546 1.24979	
2.7	10.8141 13.3432 1.21214	
2.71	10.6316 13.7691 0.805546	
2.72	11.9213 13.9318 1.72521	
2.73	11.5275 13.8523 1.28002	
2.74	11.5397 13.8594 1.28115	
2.75	11.6051 13.8655 1.33508	
2.76	11.7258 13.8943 1.44205	
2.77	11.7806 13.9084 1.48922	
2.78	11.8349 13.922 1.53841	
2.79	11.8459 13.9277 1.53996	
