# Gnuplot File : positions of 1 particle(s) Monitored
# 1st Column : time, others : particle(s) number 0 
0.01	6.85842 30.0718 -8.47448	
0.02	6.85292 30.0717 -8.47499	
0.03	6.85949 30.0743 -8.46741	
0.04	6.85291 30.0742 -8.46788	
0.05	6.85291 30.0742 -8.46822	
0.06	6.85949 30.0743 -8.46842	
0.07	6.85291 30.0742 -8.46871	
0.08	6.8595 30.0719 -8.47684	
0.09	6.85949 30.0743 -8.46897	
0.1	6.85291 30.0742 -8.46916	
0.11	6.85183 30.0741 -8.46942	
0.12	6.85842 30.0718 -8.47745	
0.13	6.85184 30.0716 -8.47758	
0.14	6.85291 30.0742 -8.46947	
0.15	6.85842 30.0718 -8.47761	
0.16	6.85841 30.0743 -8.46964	
0.17	6.8595 30.0719 -8.47752	
0.18	6.85291 30.0742 -8.4696	
0.19	6.85291 30.0742 -8.46962	
0.2	6.85949 30.0743 -8.46957	
0.21	6.8595 30.0719 -8.4776	
0.22	6.8595 30.0719 -8.47761	
0.23	6.85291 30.0742 -8.46967	
0.24	6.85949 30.0743 -8.46962	
0.25	6.85949 30.0743 -8.46962	
0.26	6.85183 30.0741 -8.46985	
0.27	6.85183 30.0741 -8.46985	
0.28	6.85949 30.0743 -8.46963	
0.29	6.85841 30.0743 -8.46979	
0.3	6.85842 30.0718 -8.47781	
0.31	6.85292 30.0717 -8.47772	
0.32	6.85291 30.0742 -8.46971	
0.33	6.85949 30.0743 -8.46964	
0.34	6.85184 30.0716 -8.47787	
0.35	6.85183 30.0741 -8.46986	
0.36	6.85949 30.0743 -8.46964	
0.37	6.85949 30.0743 -8.46964	
0.38	6.85291 30.0742 -8.46971	
0.39	6.85292 30.0717 -8.47772	
0.4	6.8595 30.0719 -8.47765	
0.41	6.85183 30.0741 -8.46986	
0.42	6.85184 30.0716 -8.47787	
0.43	6.85291 30.0742 -8.46971	
0.44	6.85842 30.0718 -8.47781	
0.45	6.85184 30.0716 -8.47787	
0.46	6.85842 30.0718 -8.47781	
0.47	6.85842 30.0718 -8.47781	
0.48	6.85184 30.0716 -8.47787	
0.49	6.85292 30.0717 -8.47772	
0.5	6.85842 30.0718 -8.47781	
0.51	6.8595 30.0719 -8.47765	
0.52	6.85949 30.0743 -8.46964	
0.53	6.85291 30.0742 -8.46971	
0.54	6.8595 30.0719 -8.47765	
0.55	6.8595 30.0719 -8.47765	
0.56	6.85842 30.0718 -8.47781	
0.57	6.8595 30.0719 -8.47765	
0.58	6.85949 30.0743 -8.46964	
0.59	6.8595 30.0719 -8.47765	
0.6	6.85842 30.0718 -8.47781	
0.61	6.85842 30.0718 -8.47781	
0.62	6.85184 30.0716 -8.47787	
0.63	6.85841 30.0743 -8.4698	
0.64	6.85291 30.0742 -8.46971	
0.65	6.85949 30.0743 -8.46964	
0.66	6.85949 30.0743 -8.46964	
0.67	6.85842 30.0718 -8.47781	
0.68	6.85292 30.0717 -8.47772	
0.69	6.85291 30.0742 -8.46971	
0.7	6.85291 30.0742 -8.46971	
0.71	6.85949 30.0743 -8.46964	
0.72	6.85842 30.0718 -8.47781	
0.73	6.85292 30.0717 -8.47772	
0.74	6.85842 30.0718 -8.47781	
0.75	6.85842 30.0718 -8.47781	
0.76	6.85949 30.0743 -8.46964	
0.77	6.85842 30.0718 -8.47781	
0.78	6.85842 30.0718 -8.47781	
0.79	6.85292 30.0717 -8.47772	
0.8	6.85291 30.0742 -8.46971	
0.81	6.85842 30.0718 -8.47781	
0.82	6.85292 30.0717 -8.47772	
0.83	6.8595 30.0719 -8.47765	
0.84	6.85291 30.0742 -8.46971	
0.85	6.8595 30.0719 -8.47765	
0.86	6.85842 30.0718 -8.47781	
0.87	6.85291 30.0742 -8.46971	
0.88	6.85291 30.0742 -8.46971	
0.89	6.85842 30.0718 -8.47781	
0.9	6.85291 30.0742 -8.46971	
0.91	6.85842 30.0718 -8.47781	
0.92	6.85292 30.0717 -8.47772	
0.93	6.85842 30.0718 -8.47781	
0.94	6.85842 30.0718 -8.47781	
0.95	6.8595 30.0719 -8.47765	
0.96	6.85842 30.0718 -8.47781	
0.97	6.85949 30.0743 -8.46964	
0.98	6.85184 30.0716 -8.47787	
0.99	6.85292 30.0717 -8.47772	
1	6.85292 30.0717 -8.47772	
1.01	6.85291 30.0742 -8.46971	
1.02	6.85292 30.0717 -8.47772	
1.03	6.85292 30.0717 -8.47772	
1.04	6.85842 30.0718 -8.47781	
1.05	6.85841 30.0743 -8.4698	
1.06	6.85291 30.0742 -8.46971	
1.07	6.85841 30.0743 -8.4698	
1.08	6.85842 30.0718 -8.47781	
1.09	6.85291 30.0742 -8.46971	
1.1	6.85291 30.0742 -8.46971	
1.11	6.85949 30.0743 -8.46964	
1.12	6.85842 30.0718 -8.47781	
1.13	6.85842 30.0718 -8.47781	
1.14	6.85291 30.0742 -8.46971	
1.15	6.85949 30.0743 -8.46964	
1.16	6.85841 30.0743 -8.4698	
1.17	6.85842 30.0718 -8.47781	
1.18	6.85292 30.0717 -8.47772	
1.19	6.85291 30.0742 -8.46971	
1.2	6.85949 30.0743 -8.46964	
1.21	6.8595 30.0719 -8.47765	
1.22	6.85842 30.0718 -8.47781	
1.23	6.8595 30.0719 -8.47765	
1.24	6.85183 30.0741 -8.46986	
1.25	6.85841 30.0743 -8.4698	
1.26	6.8595 30.0719 -8.47765	
1.27	6.85292 30.0717 -8.47772	
1.28	6.85949 30.0743 -8.46964	
1.29	6.85291 30.0742 -8.46971	
1.3	6.85291 30.0742 -8.46971	
1.31	6.85842 30.0718 -8.47781	
1.32	6.85292 30.0717 -8.47772	
1.33	6.85184 30.0716 -8.47787	
1.34	6.85183 30.0741 -8.46986	
1.35	6.85291 30.0742 -8.46971	
1.36	6.85949 30.0743 -8.46964	
1.37	6.8595 30.0719 -8.47765	
1.38	6.85842 30.0718 -8.47781	
1.39	6.85842 30.0718 -8.47781	
1.4	6.85842 30.0718 -8.47781	
1.41	6.85949 30.0743 -8.46964	
1.42	6.85949 30.0743 -8.46964	
1.43	6.8595 30.0719 -8.47765	
1.44	6.85291 30.0742 -8.46971	
1.45	6.85949 30.0743 -8.46964	
1.46	6.8595 30.0719 -8.47765	
1.47	6.85292 30.0717 -8.47772	
1.48	6.85949 30.0743 -8.46964	
1.49	6.85841 30.0743 -8.4698	
1.5	6.85292 30.0717 -8.47772	
1.51	6.8595 30.0719 -8.47765	
1.52	6.85842 30.0718 -8.47781	
1.53	6.8595 30.0719 -8.47765	
1.54	6.8595 30.0719 -8.47765	
1.55	6.85949 30.0743 -8.46964	
1.56	6.85842 30.0718 -8.47781	
1.57	6.85292 30.0717 -8.47772	
1.58	6.85291 30.0742 -8.46971	
1.59	6.85949 30.0743 -8.46964	
1.6	6.85949 30.0743 -8.46964	
1.61	6.85841 30.0743 -8.4698	
1.62	6.85842 30.0718 -8.47781	
1.63	6.85291 30.0742 -8.46971	
1.64	6.85949 30.0743 -8.46964	
1.65	6.85183 30.0741 -8.46986	
1.66	6.85291 30.0742 -8.46971	
1.67	6.85842 30.0718 -8.47781	
1.68	6.85949 30.0743 -8.46964	
1.69	6.85842 30.0718 -8.47781	
1.7	6.85841 30.0743 -8.4698	
1.71	6.8595 30.0719 -8.47765	
1.72	6.87157 30.0721 -8.47768	
1.73	6.87922 30.0723 -8.47747	
1.74	6.86607 30.0769 -8.46156	
1.75	6.86499 30.0744 -8.46973	
1.76	6.86607 30.0769 -8.46156	
1.77	6.86607 30.0769 -8.46156	
1.78	6.86607 30.0745 -8.46958	
1.79	6.87266 30.0771 -8.4615	
1.8	6.87266 30.0771 -8.4615	
1.81	6.87157 30.0746 -8.46967	
1.82	6.87265 30.0746 -8.46952	
1.83	6.87158 30.077 -8.46166	
1.84	6.87266 30.0771 -8.4615	
1.85	6.87924 30.0748 -8.46946	
1.86	6.87266 30.0771 -8.4615	
1.87	6.87266 30.0771 -8.4615	
1.88	6.87266 30.0771 -8.4615	
1.89	6.87266 30.0771 -8.4615	
1.9	6.87266 30.0771 -8.4615	
1.91	6.87266 30.0771 -8.4615	
1.92	6.87925 30.0772 -8.46144	
1.93	6.87266 30.0771 -8.4615	
1.94	6.87816 30.0747 -8.46961	
1.95	6.87157 30.0746 -8.46967	
1.96	6.87816 30.0747 -8.46961	
1.97	6.87924 30.0748 -8.46946	
1.98	6.87157 30.0746 -8.46967	
1.99	6.87266 30.0771 -8.4615	
2	6.87158 30.077 -8.46166	
2.01	6.87265 30.0746 -8.46952	
2.02	6.87158 30.077 -8.46166	
2.03	6.87266 30.0771 -8.4615	
2.04	6.87266 30.0771 -8.4615	
2.05	6.87266 30.0771 -8.4615	
2.06	6.87265 30.0746 -8.46952	
2.07	6.87265 30.0746 -8.46952	
2.08	6.87158 30.077 -8.46166	
2.09	6.87816 30.0747 -8.46961	
2.1	6.87157 30.0746 -8.46967	
2.11	6.87158 30.077 -8.46166	
2.12	6.87265 30.0746 -8.46952	
2.13	6.87266 30.0771 -8.4615	
2.14	6.87158 30.077 -8.46166	
2.15	6.87265 30.0746 -8.46952	
2.16	6.87266 30.0771 -8.4615	
2.17	6.87266 30.0771 -8.4615	
2.18	6.87266 30.0771 -8.4615	
2.19	6.87157 30.0746 -8.46967	
2.2	6.86607 30.0769 -8.46156	
2.21	6.87266 30.0771 -8.4615	
2.22	6.87157 30.0746 -8.46967	
2.23	6.87266 30.0771 -8.4615	
2.24	6.87817 30.0772 -8.4616	
2.25	6.86607 30.0769 -8.46156	
2.26	6.87158 30.077 -8.46166	
2.27	6.87157 30.0746 -8.46967	
2.28	6.87265 30.0746 -8.46952	
2.29	6.87265 30.0746 -8.46952	
2.3	6.87157 30.0746 -8.46967	
2.31	6.87266 30.0771 -8.4615	
2.32	6.87157 30.0746 -8.46967	
2.33	6.87265 30.0746 -8.46952	
2.34	6.87816 30.0747 -8.46961	
2.35	6.87266 30.0771 -8.4615	
2.36	6.87265 30.0746 -8.46952	
2.37	6.87266 30.0771 -8.4615	
2.38	6.87816 30.0747 -8.46961	
2.39	6.87157 30.0746 -8.46967	
2.4	6.86499 30.0744 -8.46973	
2.41	6.87157 30.0746 -8.46967	
2.42	6.87265 30.0746 -8.46952	
2.43	6.87265 30.0746 -8.46952	
2.44	6.87265 30.0746 -8.46952	
2.45	6.87266 30.0771 -8.4615	
2.46	6.87265 30.0746 -8.46952	
2.47	6.86607 30.0769 -8.46156	
2.48	6.87265 30.0746 -8.46952	
2.49	6.87265 30.0746 -8.46952	
2.5	6.87266 30.0771 -8.4615	
2.51	6.87816 30.0747 -8.46961	
2.52	6.87157 30.0746 -8.46967	
2.53	6.87266 30.0771 -8.4615	
2.54	6.87157 30.0746 -8.46967	
2.55	6.87266 30.0771 -8.4615	
2.56	6.87266 30.0771 -8.4615	
2.57	6.87265 30.0746 -8.46952	
2.58	6.87266 30.0771 -8.4615	
2.59	6.87266 30.0771 -8.4615	
2.6	6.87266 30.0771 -8.4615	
2.61	6.87157 30.0746 -8.46967	
2.62	6.87266 30.0771 -8.4615	
2.63	6.87266 30.0771 -8.4615	
2.64	6.87924 30.0748 -8.46946	
2.65	6.87265 30.0746 -8.46952	
2.66	6.87266 30.0771 -8.4615	
2.67	6.87266 30.0771 -8.4615	
2.68	6.87265 30.0746 -8.46952	
2.69	6.87265 30.0746 -8.46952	
2.7	6.87266 30.0771 -8.4615	
2.71	6.87158 30.077 -8.46166	
2.72	6.87265 30.0746 -8.46952	
2.73	6.87265 30.0746 -8.46952	
2.74	6.87157 30.0746 -8.46967	
2.75	6.87266 30.0771 -8.4615	
2.76	6.87816 30.0747 -8.46961	
2.77	6.87816 30.0747 -8.46961	
2.78	6.87266 30.0771 -8.4615	
2.79	6.87265 30.0746 -8.46952	
2.8	6.87266 30.0771 -8.4615	
2.81	6.86607 30.0769 -8.46156	
2.82	6.87266 30.0771 -8.4615	
2.83	6.87925 30.0772 -8.46144	
2.84	6.87265 30.0746 -8.46952	
2.85	6.87158 30.077 -8.46166	
2.86	6.87816 30.0747 -8.46961	
2.87	6.87158 30.077 -8.46166	
2.88	6.87266 30.0771 -8.4615	
2.89	6.87157 30.0746 -8.46967	
2.9	6.87816 30.0747 -8.46961	
2.91	6.87266 30.0771 -8.4615	
2.92	6.85948 30.0768 -8.46163	
2.93	6.85948 30.0768 -8.46163	
2.94	6.85289 30.0766 -8.46169	
2.95	6.85289 30.0766 -8.46169	
2.96	6.86499 30.0744 -8.46973	
2.97	6.86499 30.0769 -8.46172	
2.98	6.86499 30.072 -8.47774	
2.99	6.86499 30.0744 -8.46973	
3	6.86607 30.0745 -8.46958	
3.01	6.86499 30.0744 -8.46973	
3.02	6.86499 30.0744 -8.46973	
3.03	6.86607 30.072 -8.47759	
3.04	6.86607 30.0745 -8.46958	
3.05	6.86607 30.0745 -8.46958	
3.06	6.86607 30.0745 -8.46958	
3.07	6.86607 30.0745 -8.46958	
3.08	6.86499 30.0744 -8.46973	
3.09	6.8553 30.0738 -8.47119	
3.1	6.84777 30.0732 -8.4724	
3.11	6.84669 30.0731 -8.47257	
3.12	6.83596 30.0723 -8.47441	
3.13	6.8274 30.0515 -8.48107	
3.14	6.8187 30.031 -8.48661	
3.15	6.81518 30.006 -8.49169	
3.16	6.82037 29.9811 -8.48226	
3.17	6.81826 29.9633 -8.47962	
3.18	6.81692 29.9425 -8.47096	
3.19	6.82136 29.9249 -8.46818	
3.2	6.81377 29.9008 -8.45579	
3.21	6.81929 29.8876 -8.43956	
3.22	6.81824 29.8741 -8.4234	
3.23	6.8172 29.8591 -8.41243	
3.24	6.81616 29.85 -8.39705	
3.25	6.81511 29.841 -8.38166	
3.26	6.81514 29.8261 -8.35644	
3.27	6.81517 29.8097 -8.35037	
3.28	6.80751 29.7928 -8.33059	
3.29	6.80753 29.7755 -8.32723	
3.3	6.80649 29.7589 -8.3073	
3.31	6.81316 29.7332 -8.30208	
3.32	6.80654 29.7166 -8.28194	
3.33	6.7999 29.6957 -8.26088	
3.34	6.80554 29.6683 -8.26091	
3.35	6.79888 29.6492 -8.23458	
3.36	6.79223 29.6241 -8.22648	
3.37	6.78556 29.599 -8.21833	
3.38	6.78554 29.5846 -8.19269	
3.39	6.77209 29.5723 -8.17329	
3.4	6.76536 29.5533 -8.16078	
3.41	6.75862 29.5326 -8.15339	
3.42	6.75186 29.5221 -8.14272	
3.43	6.74503 29.5083 -8.12828	
3.44	6.73718 29.4935 -8.11685	
3.45	6.73038 29.4789 -8.10517	
3.46	6.73032 29.4688 -8.09432	
3.47	6.71683 29.4511 -8.09065	
3.48	6.70999 29.4389 -8.08502	
3.49	6.70314 29.4327 -8.07523	
3.5	6.70315 29.4261 -8.06813	
3.51	6.68952 29.4135 -8.06259	
3.52	6.68942 29.4077 -8.05267	
3.53	6.68836 29.4052 -8.04679	
3.54	6.68265 29.3965 -8.04468	
3.55	6.67482 29.3856 -8.04816	
3.56	6.66998 29.3813 -8.03298	
3.57	6.66894 29.3727 -8.03121	
3.58	6.66895 29.3643 -8.02919	
3.59	6.66326 29.3453 -8.03013	
3.6	6.65648 29.3364 -8.02822	
3.61	6.64957 29.3261 -8.01735	
3.62	6.64959 29.3135 -8.01426	
3.63	6.64177 29.3002 -8.01152	
3.64	6.6418 29.2815 -8.01246	
3.65	6.63503 29.2684 -8.00945	
3.66	6.64289 29.2606 -8.00698	
3.67	6.63613 29.2414 -8.00798	
3.68	6.62936 29.2284 -8.00492	
3.69	6.62922 29.2124 -7.99784	
3.7	6.62924 29.1998 -7.99461	
3.71	6.62912 29.1755 -7.98531	
3.72	6.6302 29.1589 -7.98071	
3.73	6.62904 29.1261 -7.96933	
3.74	6.62907 29.1051 -7.96376	
3.75	6.62896 29.0787 -7.94804	
3.76	6.63583 29.0437 -7.9439	
3.77	6.63572 29.0174 -7.92801	
3.78	6.63578 28.9778 -7.92262	
3.79	6.63569 28.939 -7.90301	
3.8	6.63559 28.9046 -7.88445	
3.81	6.62865 28.8759 -7.86207	
3.82	6.6296 28.8376 -7.84184	
3.83	6.62265 28.8009 -7.8168	
3.84	6.62132 28.7697 -7.7902	
3.85	6.6154 28.7335 -7.76467	
3.86	6.60859 28.6982 -7.74832	
3.87	6.60035 28.6631 -7.70896	
3.88	6.59314 28.6347 -7.6656	
3.89	6.58713 28.6265 -7.62012	
3.9	6.57198 28.5583 -7.5924	
3.91	6.574 28.5456 -7.54755	
3.92	6.5659 28.5056 -7.53154	
3.93	6.55943 28.4794 -7.4847	
3.94	6.55234 28.4484 -7.45977	
3.95	6.55194 28.4262 -7.41714	
3.96	6.54483 28.3892 -7.39551	
3.97	6.55187 28.3527 -7.37637	
3.98	6.53732 28.319 -7.32659	
3.99	6.53862 28.2853 -7.2996	
4	6.53128 28.2416 -7.25423	
4.01	6.52532 28.2264 -7.20793	
4.02	6.52646 28.1851 -7.18586	
4.03	6.51877 28.1662 -7.12881	
4.04	6.51311 28.1367 -7.10291	
4.05	6.51406 28.0944 -7.04759	
4.06	6.50663 28.0613 -7.01073	
4.07	6.50757 28.0311 -6.95973	
4.08	6.5015 27.9866 -6.90872	
4.09	6.50087 27.9621 -6.86532	
4.1	6.50188 27.9301 -6.81865	
4.11	6.49716 27.8927 -6.7548	
4.12	6.49781 27.8862 -6.6802	
4.13	6.50037 27.8774 -6.61957	
4.14	6.5097 27.8649 -6.53254	
4.15	6.51885 27.8572 -6.44413	
4.16	6.52888 27.8373 -6.38947	
4.17	6.53806 27.8233 -6.28852	
4.18	6.54795 27.8112 -6.2278	
4.19	6.55707 27.7858 -6.14163	
4.2	6.56627 27.7739 -6.08426	
4.21	6.57555 27.7496 -5.99796	
4.22	6.57836 27.7351 -5.94165	
4.23	6.58709 27.6988 -5.87637	
4.24	6.59493 27.6693 -5.82385	
4.25	6.58915 27.6356 -5.7848	
4.26	6.5977 27.5908 -5.72901	
4.27	6.59663 27.5583 -5.68976	
4.28	6.6059 27.5171 -5.63543	
4.29	6.60613 27.4819 -5.59714	
4.3	6.60629 27.4406 -5.55178	
4.31	6.60766 27.39 -5.51272	
4.32	6.60962 27.3525 -5.46254	
4.33	6.61176 27.3058 -5.41272	
4.34	6.60419 27.2747 -5.3658	
4.35	6.61609 27.2168 -5.30794	
4.36	6.61829 27.1651 -5.25001	
4.37	6.61754 27.1139 -5.19188	
4.38	6.61967 27.0783 -5.14628	
4.39	6.61999 27.0365 -5.10263	
4.4	6.62127 26.9839 -5.03764	
4.41	6.62925 26.9383 -4.97989	
4.42	6.62192 26.885 -4.92374	
4.43	6.62109 26.8415 -4.87351	
4.44	6.62238 26.7829 -4.79106	
4.45	6.63035 26.7362 -4.72617	
4.46	6.62265 26.6866 -4.64905	
4.47	6.62303 26.6365 -4.59075	
4.48	6.63116 26.5932 -4.53637	
4.49	6.62353 26.5386 -4.45963	
4.5	6.61579 26.4885 -4.37847	
4.51	6.62375 26.4515 -4.30944	
4.52	6.62377 26.4114 -4.23411	
4.53	6.62393 26.3639 -4.15172	
4.54	6.6161 26.3311 -4.09567	
4.55	6.62295 26.3036 -4.03233	
4.56	6.61598 26.269 -3.95163	
4.57	6.61595 26.2339 -3.87686	
4.58	6.6161 26.1904 -3.80079	
4.59	6.61406 26.1514 -3.74255	
4.6	6.60594 26.1194 -3.66894	
4.61	6.60604 26.0849 -3.60263	
4.62	6.60598 26.0546 -3.52855	
4.63	6.61766 25.9813 -3.52243	
4.64	6.61679 25.876 -3.56973	
4.65	6.62292 25.865 -3.45642	
4.66	6.61308 25.8539 -3.35383	
4.67	6.61162 25.8404 -3.24409	
4.68	6.61047 25.8276 -3.15315	
4.69	6.60963 25.8041 -3.05164	
4.7	6.60067 25.7877 -2.96649	
4.71	6.60112 25.7666 -2.87438	
4.72	6.60773 25.7495 -2.78118	
4.73	6.60727 25.7287 -2.68224	
4.74	6.59963 25.7115 -2.58062	
4.75	6.59941 25.6864 -2.47838	
4.76	6.60733 25.6769 -2.39054	
4.77	6.60737 25.6504 -2.31192	
4.78	6.59891 25.6324 -2.2208	
4.79	6.59878 25.6204 -2.14401	
4.8	6.59855 25.6113 -2.05542	
4.81	6.59842 25.6058 -1.99114	
4.82	6.58987 25.6004 -1.89945	
4.83	6.59804 25.5992 -1.84077	
4.84	6.58855 25.5909 -1.75494	
4.85	6.58139 25.5787 -1.71659	
4.86	6.58125 25.5786 -1.64767	
4.87	6.58963 25.5713 -1.60243	
4.88	6.58127 25.566 -1.53625	
4.89	6.58717 25.5555 -1.49868	
4.9	6.57892 25.5468 -1.45291	
4.91	6.57066 25.5384 -1.3943	
4.92	6.57083 25.5272 -1.3564	
4.93	6.57223 25.5061 -1.30871	
4.94	6.57132 25.4968 -1.26061	
4.95	6.5716 25.4799 -1.22287	
4.96	6.57186 25.465 -1.17475	
4.97	6.572 25.4581 -1.11595	
4.98	6.56484 25.4521 -1.05919	
4.99	6.56508 25.4408 -1.00306	
5	6.56424 25.4303 -0.96486	
5.01	6.56452 25.4179 -0.905926	
5.02	6.55642 25.407 -0.867099	
5.03	6.55671 25.3943 -0.820941	
5.04	6.55693 25.3863 -0.771903	
5.05	6.55708 25.3805 -0.743409	
5.06	6.55838 25.371 -0.704464	
5.07	6.54935 25.3545 -0.665644	
5.08	6.54947 25.3521 -0.629296	
5.09	6.54139 25.341 -0.603091	
5.1	6.54259 25.3389 -0.566491	
5.11	6.54275 25.3355 -0.527405	
5.12	6.54451 25.331 -0.501539	
5.13	6.54455 25.3327 -0.475417	
5.14	6.53746 25.33 -0.438397	
5.15	6.54851 25.3313 -0.40994	
5.16	6.54024 25.3354 -0.375694	
5.17	6.54038 25.3325 -0.35221	
5.18	6.54047 25.3353 -0.312976	
5.19	6.54051 25.3383 -0.289462	
5.2	6.5406 25.3412 -0.250217	
5.21	6.54065 25.3472 -0.218892	
5.22	6.53234 25.3562 -0.181952	
5.23	6.53233 25.366 -0.145357	
5.24	6.53222 25.3816 -0.108797	
5.25	6.5322 25.3894 -0.0826737	
5.26	6.5321 25.4049 -0.046143	
5.27	6.53103 25.4126 -0.0202309	
5.28	6.53198 25.4293 0.0138511	
5.29	6.53178 25.4438 0.0371945	
5.3	6.53167 25.4574 0.0631953	
5.31	6.53401 25.4795 0.0968389	
5.32	6.52564 25.4886 0.117861	
5.33	6.53624 25.5107 0.153601	
5.34	6.52791 25.5219 0.18497	
5.35	6.53021 25.5405 0.213046	
5.36	6.53274 25.5507 0.249074	
5.37	6.53502 25.5694 0.276974	
5.38	6.53617 25.5905 0.314645	
5.39	6.53961 25.6069 0.350487	
5.4	6.54204 25.6201 0.396176	
5.41	6.5409 25.6309 0.431613	
5.42	6.55174 25.6362 0.469502	
5.43	6.55434 25.6408 0.507721	
5.44	6.56513 25.6442 0.535167	
5.45	6.58312 25.6491 0.577432	
5.46	6.58835 25.6461 0.605414	
5.47	6.60172 25.6536 0.655997	
5.48	6.60534 25.6621 0.70205	
5.49	6.6189 25.6578 0.737749	
5.5	6.63506 25.6545 0.788851	
5.51	6.64848 25.6555 0.826789	
5.52	6.65521 25.6573 0.877727	
5.53	6.66054 25.6539 0.908821	
5.54	6.67646 25.6558 0.944229	
5.55	6.68523 25.6578 0.977657	
5.56	6.70004 25.6627 1.02068	
5.57	6.71027 25.6646 1.05389	
5.58	6.72848 25.67 1.07849	
5.59	6.74009 25.6673 1.12841	
5.6	6.76403 25.6718 1.15842	
5.61	6.78151 25.6677 1.17622	
5.62	6.7979 25.6736 1.23357	
5.63	6.81612 25.6784 1.25892	
5.64	6.84745 25.6865 1.2943	
5.65	6.85748 25.6909 1.31748	
5.66	6.88652 25.6916 1.34054	
5.67	6.90459 25.6974 1.36093	
5.68	6.92264 25.7032 1.38133	
5.69	6.93571 25.7066 1.39139	
5.7	6.96189 25.7108 1.40117	
5.71	6.97713 25.7195 1.41074	
5.72	6.98657 25.7231 1.41813	
5.73	7.00062 25.727 1.42594	
5.74	7.01121 25.7279 1.42569	
5.75	7.01391 25.7257 1.43158	
5.76	7.02715 25.7237 1.42346	
5.77	7.02892 25.7185 1.42127	
5.78	7.04831 25.7174 1.42713	
5.79	7.05367 25.7124 1.42514	
5.8	7.06697 25.7111 1.4308	
5.81	7.08614 25.705 1.42047	
5.82	7.10802 25.6967 1.41605	
5.83	7.11109 25.6892 1.42244	
5.84	7.12239 25.68 1.41824	
5.85	7.12526 25.675 1.41624	
5.86	7.13657 25.6658 1.41203	
5.87	7.145 25.6616 1.40983	
5.88	7.15343 25.6574 1.40763	
5.89	7.15412 25.6473 1.4036	
5.9	7.15446 25.6423 1.40159	
5.91	7.16324 25.633 1.39737	
5.92	7.15584 25.6221 1.39351	
5.93	7.16567 25.6131 1.38949	
5.94	7.16548 25.6 1.37734	
5.95	7.16512 25.5897 1.37306	
5.96	7.16668 25.5827 1.37708	
5.97	7.17564 25.5706 1.36493	
5.98	7.1684 25.5575 1.36685	
5.99	7.17684 25.5533 1.36462	
6	7.17752 25.5433 1.36051	
6.01	7.17716 25.5331 1.35618	
6.02	7.18593 25.5238 1.35188	
6.03	7.18785 25.5111 1.34009	
6.04	7.18819 25.5061 1.33802	
6.05	7.1887 25.4989 1.34175	
6.06	7.18922 25.4911 1.3318	
6.07	7.19818 25.479 1.3196	
6.08	7.19575 25.4761 1.31173	
6.09	7.20438 25.469 1.30162	
6.1	7.21005 25.4668 1.2936	
6.11	7.21888 25.4568 1.27565	
6.12	7.21415 25.4487 1.26571	
6.13	7.22017 25.4414 1.25563	
6.14	7.21578 25.4278 1.24622	
6.15	7.22957 25.4102 1.23684	
6.16	7.22075 25.3957 1.23042	
6.17	7.22697 25.3849 1.21517	
6.18	7.23335 25.3716 1.20831	
6.19	7.23123 25.3631 1.20104	
6.2	7.22891 25.3575 1.20159	
6.21	7.24489 25.3472 1.18607	
6.22	7.24348 25.3442 1.1785	
6.23	7.25998 25.3425 1.17049	
6.24	7.25985 25.3449 1.16214	
6.25	7.26863 25.3363 1.1387	
6.26	7.28378 25.3398 1.12996	
6.27	7.28526 25.3337 1.11465	
6.28	7.29937 25.3286 1.09897	
6.29	7.31328 25.3265 1.09107	
6.3	7.31715 25.3113 1.07101	
6.31	7.32053 25.3029 1.06379	
6.32	7.32528 25.2891 1.0574	
6.33	7.32999 25.2856 1.05208	
6.34	7.32537 25.2733 1.03724	
6.35	7.33142 25.2649 1.03008	
6.36	7.32894 25.2615 1.02238	
6.37	7.33499 25.253 1.01525	
6.38	7.33251 25.2496 1.00756	
6.39	7.33796 25.2516 1.00193	
6.4	7.33818 25.2483 0.994251	
6.41	7.33841 25.245 0.986571	
6.42	7.33841 25.245 0.986571	
6.43	7.34603 25.2386 0.970977	
6.44	7.35554 25.2359 0.963527	
6.45	7.35743 25.2325 0.955634	
6.46	7.36618 25.2246 0.945882	
6.47	7.37465 25.2217 0.938226	
6.48	7.3903 25.219 0.930358	
6.49	7.39688 25.2194 0.930608	
6.5	7.40486 25.2073 0.915727	
6.51	7.42165 25.2025 0.916407	
6.52	7.42667 25.1936 0.909198	
6.53	7.44025 25.1794 0.902681	
6.54	7.44905 25.1707 0.895751	
6.55	7.45512 25.1618 0.888836	
6.56	7.47083 25.1589 0.881126	
6.57	7.47834 25.1535 0.881599	
6.58	7.49342 25.1506 0.874419	
6.59	7.50888 25.151 0.87437	
6.6	7.51635 25.1477 0.866631	
6.61	7.53314 25.1447 0.859273	
6.62	7.5561 25.1416 0.851568	
6.63	7.57216 25.1328 0.844668	
6.64	7.58516 25.1293 0.837143	
6.65	7.60019 25.1203 0.830035	
6.66	7.6132 25.1167 0.822559	
6.67	7.61796 25.1108 0.823137	
6.68	7.63098 25.1071 0.815697	
6.69	7.63716 25.107 0.815351	
6.7	7.65325 25.0979 0.808609	
6.71	7.66904 25.0944 0.801227	
6.72	7.67628 25.0943 0.801175	
6.73	7.69208 25.0908 0.793827	
6.74	7.69962 25.0871 0.786252	
6.75	7.71409 25.0869 0.786184	
6.76	7.72991 25.0832 0.778892	
6.77	7.745 25.0737 0.772009	
6.78	7.75774 25.0733 0.772285	
6.79	7.77668 25.0726 0.772282	
6.8	7.7862 25.0624 0.765463	
6.81	7.79986 25.0552 0.7662	
6.82	7.80801 25.0483 0.766621	
6.83	7.81796 25.0473 0.767002	
6.84	7.81781 25.0405 0.767085	
6.85	7.8245 25.0296 0.760357	
6.86	7.82458 25.0373 0.76966	
6.87	7.83476 25.0305 0.770786	
6.88	7.83641 25.0295 0.770841	
6.89	7.83706 25.0277 0.773349	
6.9	7.84449 25.0224 0.766317	
6.91	7.85007 25.0293 0.776037	
6.92	7.84789 25.0278 0.775765	
6.93	7.85409 25.0272 0.77051	
6.94	7.84911 25.0253 0.770241	
6.95	7.84973 25.024 0.769971	
6.96	7.84149 25.0305 0.779271	
6.97	7.83636 25.0335 0.781075	
6.98	7.82609 25.0267 0.781055	
6.99	7.82569 25.0251 0.77545	
7	7.8244 25.0286 0.777616	
7.01	7.80263 25.0312 0.783899	
7.02	7.79486 25.0289 0.78361	
7.03	7.78533 25.0329 0.785306	
7.04	7.76651 25.0308 0.784551	
7.05	7.74492 25.0349 0.785406	
7.06	7.7317 25.0334 0.784644	
7.07	7.71848 25.0321 0.783878	
7.08	7.69794 25.0364 0.785115	
7.09	7.67625 25.0393 0.791395	
7.1	7.66705 25.0346 0.783519	
7.11	7.63726 25.0395 0.783955	
7.12	7.62786 25.0386 0.783567	
7.13	7.61194 25.0434 0.784435	
7.14	7.59708 25.0434 0.783636	
7.15	7.58204 25.0471 0.79033	
7.16	7.5617 25.0478 0.789155	
7.17	7.55982 25.0489 0.782946	
7.18	7.55037 25.053 0.789659	
7.19	7.54106 25.0591 0.788187	
7.2	7.53279 25.0596 0.787819	
7.21	7.53077 25.0593 0.787032	
7.22	7.5225 25.0598 0.786671	
7.23	7.51423 25.0603 0.786317	
7.24	7.50595 25.0608 0.785969	
7.25	7.49667 25.0611 0.785234	
7.26	7.48754 25.0577 0.777018	
7.27	7.47929 25.0525 0.777394	
7.28	7.47202 25.053 0.777461	
7.29	7.46669 25.0499 0.769662	
7.3	7.4574 25.0502 0.768961	
7.31	7.441 25.0422 0.758818	
7.32	7.43362 25.0408 0.767096	
7.33	7.42726 25.0374 0.758946	
7.34	7.41883 25.0416 0.76614	
7.35	7.40246 25.0278 0.756767	
7.36	7.40246 25.0278 0.756767	
7.37	7.39697 25.0283 0.756504	
7.38	7.38861 25.0217 0.762366	
7.39	7.38875 25.0179 0.754893	
7.4	7.38776 25.0128 0.752443	
7.41	7.38049 25.0132 0.752574	
7.42	7.36381 25.0119 0.760276	
7.43	7.35569 25.0034 0.750501	
7.44	7.35555 25.0072 0.757973	
7.45	7.35555 25.0072 0.757973	
7.46	7.34641 24.9985 0.747823	
7.47	7.339 25.0027 0.755452	
7.48	7.33078 24.9923 0.753878	
7.49	7.32262 24.9888 0.746197	
7.5	7.30594 24.988 0.751192	
7.51	7.2978 24.9788 0.744247	
7.52	7.2802 24.9791 0.743509	
7.53	7.26466 24.9739 0.744262	
7.54	7.22325 24.9641 0.742159	
7.55	7.20017 24.9644 0.741419	
7.56	7.17535 24.954 0.739744	
7.57	7.14894 24.9508 0.732303	
7.58	7.12331 24.9402 0.730344	
7.59	7.10697 24.9346 0.730954	
7.6	7.09927 24.9252 0.724169	
7.61	7.08858 24.9251 0.72416	
7.62	7.08332 24.9231 0.732369	
7.63	7.08115 24.9135 0.725704	
7.64	7.08535 24.9086 0.724	
7.65	7.08446 24.9121 0.731142	
7.66	7.09026 24.9071 0.729056	
7.67	7.09892 24.9022 0.726968	
7.68	7.09633 24.902 0.727013	
7.69	7.09285 24.8966 0.724629	
7.7	7.0914 24.8916 0.72294	
7.71	7.08765 24.8956 0.727285	
7.72	7.09151 24.8959 0.727629	
7.73	7.08805 24.8904 0.725259	
7.74	7.09091 24.8904 0.725259	
7.75	7.08847 24.8851 0.723238	
7.76	7.09133 24.8852 0.723237	
7.77	7.08876 24.8849 0.72332	
7.78	7.10291 24.8803 0.721137	
7.79	7.09749 24.88 0.72122	
7.8	7.10219 24.8798 0.720877	
7.81	7.10893 24.8801 0.72122	
7.82	7.11465 24.8802 0.721219	
7.83	7.12036 24.8803 0.721219	
7.84	7.12339 24.8766 0.713764	
7.85	7.12589 24.8861 0.720486	
7.86	7.13417 24.8865 0.720404	
7.87	7.13683 24.8922 0.719673	
7.88	7.13683 24.8922 0.719673	
7.89	7.13665 24.8972 0.721773	
7.9	7.13665 24.8972 0.721773	
7.91	7.13665 24.8972 0.721773	
7.92	7.13665 24.8972 0.721773	
7.93	7.13766 24.8975 0.722116	
7.94	7.13665 24.8972 0.721773	
7.95	7.1338 24.8972 0.721774	
7.96	7.1338 24.8972 0.721774	
7.97	7.12551 24.8968 0.721856	
7.98	7.1225 24.9005 0.72932	
7.99	7.12266 24.8967 0.721856	
8	7.12524 24.897 0.721773	
8.01	7.1141 24.8966 0.721856	
8.02	7.10839 24.8965 0.721856	
8.03	7.10554 24.8964 0.721856	
8.04	7.09983 24.8963 0.721856	
8.05	7.09698 24.8963 0.721857	
8.06	7.09327 24.8922 0.714055	
8.07	7.09413 24.8963 0.721857	
8.08	7.09128 24.8962 0.721857	
8.09	7.09128 24.8962 0.721857	
8.1	7.09128 24.8962 0.721857	
8.11	7.08299 24.8959 0.721945	
8.12	7.09128 24.8962 0.721857	
8.13	7.09128 24.8962 0.721857	
8.14	7.09229 24.8965 0.722199	
8.15	7.09128 24.8962 0.721857	
8.16	7.09128 24.8962 0.721857	
8.17	7.09157 24.8874 0.712298	
8.18	7.09157 24.8874 0.712298	
8.19	7.09443 24.8862 0.717655	
8.2	7.10288 24.8816 0.715468	
8.21	7.10318 24.8716 0.711253	
8.22	7.10333 24.8666 0.709143	
8.23	7.11193 24.8569 0.70484	
8.24	7.11208 24.8519 0.702723	
8.25	7.11238 24.8419 0.698484	
8.26	7.11254 24.8369 0.696362	
8.27	7.11269 24.8319 0.694237	
8.28	7.11299 24.8219 0.689982	
8.29	7.1133 24.8131 0.680391	
8.3	7.1133 24.8119 0.685718	
8.31	7.12174 24.8084 0.678188	
8.32	7.12291 24.8024 0.68172	
8.33	7.13049 24.7938 0.671714	
8.34	7.12149 24.7832 0.667148	
8.35	7.12569 24.7742 0.660322	
8.36	7.12514 24.759 0.653518	
8.37	7.12661 24.7442 0.647385	
8.38	7.13829 24.7296 0.640824	
8.39	7.1306 24.7112 0.624014	
8.4	7.13122 24.6913 0.615291	
8.41	7.14324 24.668 0.59902	
8.42	7.14403 24.6431 0.58803	
8.43	7.13933 24.623 0.579265	
8.44	7.15108 24.6085 0.572558	
8.45	7.14359 24.5845 0.55629	
8.46	7.15517 24.5757 0.548811	
8.47	7.15947 24.5668 0.541725	
8.48	7.16171 24.56 0.522796	
8.49	7.16796 24.5536 0.504196	
8.5	7.17102 24.5528 0.484872	
8.51	7.17728 24.5475 0.461069	
8.52	7.18057 24.5404 0.445408	
8.53	7.19514 24.5366 0.416391	
8.54	7.20997 24.5253 0.396226	
8.55	7.2131 24.5242 0.377706	
8.56	7.21645 24.5162 0.365022	
8.57	7.21984 24.5075 0.355322	
8.58	7.22873 24.4952 0.33818	
8.59	7.23232 24.4815 0.326196	
8.6	7.23252 24.4766 0.323899	
8.61	7.24122 24.4681 0.31417	
8.62	7.2329 24.4677 0.314209	
8.63	7.23309 24.4638 0.306823	
8.64	7.23309 24.4638 0.306823	
8.65	7.23006 24.4637 0.306823	
8.66	7.23857 24.4601 0.299404	
8.67	7.23044 24.4558 0.292067	
8.68	7.23876 24.4562 0.292028	
8.69	7.23063 24.4518 0.284696	
8.7	7.23895 24.4522 0.284658	
8.71	7.23914 24.4483 0.277292	
8.72	7.2361 24.4482 0.277292	
8.73	7.22759 24.4517 0.284696	
8.74	7.22778 24.4478 0.277331	
8.75	7.22778 24.4478 0.277331	
8.76	7.23629 24.4442 0.269931	
8.77	7.066 24.4387 0.276514	
8.78	7.10279 24.4401 0.274745	
8.79	7.11862 24.4405 0.273888	
8.8	7.14369 24.4416 0.272976	
8.81	7.15193 24.4328 0.262819	
8.82	7.1496 24.437 0.270691	
8.83	7.16877 24.4321 0.266376	
8.84	7.14316 24.4197 0.264057	
8.85	7.16776 24.4112 0.252874	
8.86	7.14446 24.41 0.252857	
8.87	7.16873 24.4057 0.249306	
8.88	7.15205 24.4002 0.24741	
8.89	7.16838 24.3906 0.241772	
8.9	7.1613 24.375 0.238388	
8.91	7.16893 24.3685 0.231991	
8.92	7.16189 24.354 0.219245	
8.93	7.16856 24.352 0.221374	
8.94	7.17107 24.3465 0.223979	
8.95	7.19829 24.3342 0.213533	
8.96	7.1982 24.3136 0.204373	
8.97	7.22013 24.3001 0.193507	
8.98	7.2136 24.2766 0.205198	
8.99	7.2361 24.2827 0.194052	
9	7.21152 24.2737 0.189591	
9.01	7.23286 24.267 0.177919	
9.02	7.21133 24.2572 0.174586	
9.03	7.23355 24.2548 0.176611	
9.04	7.2095 24.2478 0.171864	
9.05	7.23452 24.2485 0.17269	
9.06	7.21042 24.239 0.165287	
9.07	7.24224 24.2267 0.157231	
9.08	7.2058 24.2194 0.158316	
9.09	7.27258 24.206 0.147271	
9.1	7.19131 24.1264 0.0266854	
9.11	7.28668 24.1731 0.112	
9.12	7.20256 24.1913 0.138975	
9.13	7.29317 24.1909 0.144519	
9.14	7.20655 24.1767 0.131806	
9.15	7.28123 24.178 0.142826	
9.16	7.21727 24.1629 0.13709	
9.17	7.30826 24.2356 0.279432	
9.18	7.17747 24.1399 0.159978	
9.19	7.29447 24.1469 0.162878	
9.2	7.18354 24.1645 0.218579	
9.21	7.29982 24.0775 0.0604869	
9.22	7.14666 24.1318 0.145985	
9.23	7.32405 24.1214 0.146706	
9.24	7.15851 24.0932 0.130464	
9.25	7.32847 24.0741 0.0987066	
9.26	7.12465 24.1063 0.150042	
9.27	7.35524 24.0997 0.145564	
9.28	7.10769 24.0917 0.151041	
9.29	7.34052 24.0627 0.121759	
9.3	7.11104 24.056 0.127151	
9.31	7.34348 24.0362 0.101646	
9.32	7.12591 24.0462 0.124149	
9.33	7.34316 24.0231 0.0945106	
9.34	7.13379 24.028 0.1072	
9.35	7.33818 24.0057 0.0882454	
9.36	7.13918 24.0014 0.0955422	
9.37	7.33304 23.9758 0.0795883	
9.38	7.15246 23.9811 0.104946	
9.39	7.3238 23.965 0.0869808	
9.4	7.15392 23.9636 0.101586	
9.41	7.32723 23.9535 0.0881362	
9.42	7.15917 23.9584 0.103676	
9.43	7.3269 23.9402 0.0758606	
9.44	7.16545 23.9352 0.0980149	
9.45	7.33102 23.9335 0.0912987	
9.46	7.15508 23.9233 0.0892088	
9.47	7.34468 23.9225 0.092158	
9.48	7.14831 23.8884 0.0640052	
9.49	7.34926 23.8936 0.0618427	
9.5	7.14372 23.8929 0.0677335	
9.51	7.34728 23.8982 0.0790577	
9.52	7.14317 23.8643 0.0515757	
9.53	7.37734 23.8372 0.00739205	
9.54	7.166 23.9198 0.113152	
9.55	7.23501 23.8431 0.0352534	
9.56	7.21202 23.7876 -0.0139528	
9.57	7.24632 23.7964 0.00837041	
9.58	7.23113 23.8018 0.0384311	
9.59	7.25034 23.7369 -0.0564877	
9.6	7.25419 23.7744 0.0239833	
9.61	7.27583 23.795 0.0703921	
9.62	7.26054 23.7542 0.0169736	
9.63	7.31538 23.737 0.00235291	
9.64	7.23039 23.7797 0.0852357	
9.65	7.24088 23.8539 0.216651	
9.66	7.25434 23.8065 0.203158	
9.67	7.16716 23.8141 0.209318	
9.68	7.3289 23.778 0.256748	
9.69	7.67238 23.8285 0.380665	
9.7	8.94386 22.8709 -0.0593265	
9.71	8.75028 23.81 0.926233	
9.72	8.44007 23.742 0.701961	
9.73	7.77344 23.8318 0.453763	
9.74	7.54529 23.8444 0.409801	
9.75	7.35822 23.8404 0.347424	
9.76	7.23129 23.7945 0.281462	
9.77	7.14593 23.7561 0.214104	
9.78	7.07228 23.7254 0.174188	
9.79	7.0197 23.6997 0.128753	
9.8	6.97027 23.6965 0.112591	
9.81	6.95841 23.7089 0.112766	
9.82	6.95455 23.7153 0.111107	
9.83	6.96582 23.7144 0.104651	
9.84	6.97973 23.7142 0.100306	
9.85	6.9789 23.7089 0.0983418	
9.86	6.98331 23.7009 0.0967033	
9.87	6.98892 23.7005 0.10085	
9.88	6.98732 23.69 0.104209	
9.89	6.99409 23.6916 0.110644	
9.9	6.99177 23.6921 0.116642	
9.91	6.99746 23.6957 0.119023	
9.92	6.99759 23.6958 0.11817	
9.93	7.00425 23.6885 0.116724	
9.94	7.00271 23.6882 0.116169	
9.95	7.00146 23.6887 0.116535	
9.96	7.00983 23.6898 0.117388	
9.97	7.01125 23.69 0.117351	
9.98	7.01155 23.6903 0.117755	
9.99	7.00994 23.6947 0.119727	
10	7.01389 23.6992 0.117838	
10.01	7.02779 23.6961 0.114466	
10.02	7.03241 23.6629 0.0829339	
10.03	7.28839 23.5857 -0.0324806	
10.04	6.98628 23.553 -0.0357847	
10.05	7.0143 23.546 -0.0395255	
10.06	7.273 23.54 -0.0294374	
10.07	7.03848 23.511 -0.0571645	
10.08	7.28543 23.5124 -0.0558406	
10.09	6.70666 23.4459 -0.129308	
10.1	7.69171 23.383 -0.100521	
10.11	7.45386 23.5803 0.0401519	
10.12	6.79544 23.4391 -0.109841	
10.13	7.45663 23.4582 -0.158415	
10.14	6.95522 23.4518 -0.138981	
10.15	7.52012 23.4092 -0.207489	
10.16	7.1917 23.3302 -0.357485	
10.17	7.27322 23.3759 -0.301295	
10.18	7.39907 23.4082 -0.285077	
10.19	7.48034 23.3752 -0.298004	
10.2	7.54184 23.3799 -0.279681	
10.21	7.561 23.3714 -0.271943	
10.22	7.56177 23.3319 -0.275613	
10.23	7.54057 23.3071 -0.269394	
10.24	7.50875 23.2792 -0.257793	
10.25	7.47127 23.2428 -0.260282	
10.26	7.41333 23.2168 -0.256592	
10.27	7.13263 23.2209 -0.237753	
10.28	7.27129 23.3145 -0.0395893	
10.29	7.04117 23.3428 0.0190596	
10.3	7.2133 23.358 0.0317061	
10.31	7.01292 23.3692 0.0360417	
10.32	7.18636 23.379 0.0322813	
10.33	7.01095 23.4002 0.0533405	
10.34	7.1771 23.406 0.0486626	
10.35	7.0116 23.4144 0.0541594	
10.36	7.18289 23.4216 0.0578462	
10.37	7.01134 23.426 0.0615392	
10.38	7.18353 23.4316 0.0706855	
10.39	7.00849 23.4243 0.0609873	
10.4	7.20493 23.4253 0.0492281	
10.41	6.99911 23.3634 -0.0488168	
10.42	7.20673 23.4249 0.0526272	
10.43	6.99322 23.4262 0.0539475	
10.44	7.20432 23.4354 0.0615739	
10.45	6.98973 23.43 0.0576045	
10.46	7.19282 23.4254 0.04923	
10.47	6.99116 23.4209 0.0441407	
10.48	7.20681 23.4227 0.0357377	
10.49	6.99615 23.4176 0.0288446	
10.5	7.22341 23.4334 0.0570518	
10.51	6.9898 23.4279 0.049665	
10.52	7.22355 23.4316 0.055019	
10.53	6.98822 23.4223 0.0420507	
10.54	7.23628 23.4276 0.0487249	
10.55	6.97703 23.4205 0.0390215	
10.56	7.2761 23.4167 0.0354398	
10.57	6.99774 23.4239 0.0336105	
10.58	7.28376 23.4152 0.0439531	
10.59	7.00461 23.3975 0.0260688	
10.6	7.30404 23.3823 0.0226891	
10.61	7.00238 23.4206 0.117606	
10.62	7.31996 23.3855 0.0590624	
10.63	7.01963 23.3348 -0.00763707	
10.64	7.30102 23.327 0.0140224	
10.65	7.01887 23.3018 0.00175984	
10.66	7.28703 23.2782 -0.0160666	
10.67	7.03534 23.2571 -0.0431049	
10.68	7.28795 23.2564 -0.0333561	
10.69	7.05231 23.2212 -0.0557594	
10.7	7.27513 23.2313 -0.0394027	
10.71	7.08796 23.199 -0.0661136	
10.72	7.26375 23.1973 -0.0571008	
10.73	7.10251 23.1675 -0.0724923	
10.74	7.26193 23.1734 -0.0497261	
10.75	7.12316 23.1512 -0.0726041	
10.76	7.26092 23.1439 -0.0691255	
10.77	7.12289 23.1267 -0.0810231	
10.78	7.24481 23.1126 -0.086711	
10.79	7.127 23.0979 -0.0995755	
10.8	7.22644 23.0737 -0.108971	
10.81	7.1422 23.0588 -0.109184	
10.82	7.2099 23.003 -0.220407	
10.83	7.14033 23.011 -0.181395	
10.84	7.20742 23.0239 -0.215462	
10.85	7.16854 22.9988 -0.184487	
10.86	7.17976 22.9901 -0.163294	
10.87	7.18737 22.9636 -0.189892	
10.88	7.17505 22.9561 -0.192024	
10.89	7.40573 22.9589 -0.19021	
10.9	6.99135 22.9183 -0.199245	
10.91	7.44144 22.8983 -0.198793	
10.92	7.2093 22.6643 -0.607172	
10.93	7.41525 22.7753 -0.524308	
10.94	6.76756 22.7569 -0.421626	
10.95	6.92651 22.7093 -0.445216	
10.96	7.3219 22.7683 -0.368962	
10.97	6.99412 22.7489 -0.335059	
10.98	7.3512 22.7313 -0.315761	
10.99	7.02069 22.7313 -0.285687	
11	7.39683 22.7429 -0.237575	
11.01	7.09734 22.5211 -0.622785	
11.02	7.34316 22.6457 -0.555118	
11.03	7.08981 22.6765 -0.480386	
11.04	7.35131 22.6494 -0.435833	
11.05	7.11751 22.6335 -0.419345	
11.06	7.33912 22.6622 -0.357924	
11.07	7.11286 22.652 -0.335524	
11.08	7.33433 22.6437 -0.315985	
11.09	7.11758 22.6306 -0.311182	
11.1	7.33654 22.6272 -0.30065	
11.11	7.12609 22.622 -0.290096	
11.12	7.34101 22.6164 -0.289224	
11.13	7.13029 22.6044 -0.288209	
11.14	7.33341 22.5927 -0.294423	
11.15	7.13433 22.5861 -0.287866	
11.16	7.34248 22.571 -0.299701	
11.17	7.13985 22.5727 -0.286972	
11.18	7.33875 22.5639 -0.290796	
11.19	7.1323 22.5503 -0.301899	
11.2	7.34054 22.5486 -0.294301	
11.21	7.14125 22.5217 -0.317739	
11.22	7.33457 22.5082 -0.304494	
11.23	7.15463 22.4833 -0.320914	
11.24	7.35087 22.472 -0.316372	
11.25	7.17094 22.4705 -0.30157	
11.26	7.30982 22.2988 -0.533512	
11.27	7.07858 22.441 -0.326491	
11.28	7.33992 22.4016 -0.332103	
11.29	7.11217 22.356 -0.358384	
11.3	7.32176 22.3521 -0.347127	
11.31	7.10471 22.3107 -0.356638	
11.32	7.32407 22.2811 -0.373943	
11.33	7.12495 22.263 -0.371599	
11.34	7.33155 22.2533 -0.380405	
11.35	7.14434 22.239 -0.379868	
11.36	7.3352 22.2284 -0.380131	
11.37	7.14689 22.1961 -0.397712	
11.38	7.33677 22.1885 -0.388904	
11.39	7.15341 22.1618 -0.398289	
11.4	7.33864 22.1555 -0.395095	
11.41	7.16247 22.1238 -0.411409	
11.42	7.33702 22.1123 -0.407782	
11.43	7.16768 22.0783 -0.415108	
11.44	7.35117 22.0868 -0.392617	
11.45	7.15754 22.0533 -0.396678	
11.46	7.32858 21.9724 -0.512689	
11.47	7.17382 22.0099 -0.434652	
11.48	7.30472 22.0034 -0.438231	
11.49	7.16838 21.9753 -0.439266	
11.5	7.29468 21.9668 -0.454222	
11.51	7.2317 21.9816 -0.419967	
11.52	7.274 21.9852 -0.388258	
11.53	7.19286 21.9371 -0.422667	
11.54	7.29073 21.9372 -0.419584	
11.55	7.21928 21.9023 -0.454546	
11.56	7.25779 21.9216 -0.428662	
11.57	7.19346 21.9023 -0.434313	
11.58	7.23196 21.9674 -0.33128	
11.59	7.18297 21.9757 -0.307762	
11.6	7.10404 22.3492 0.298193	
11.61	7.43483 22.191 -0.00601929	
11.62	7.06865 21.8708 -0.412598	
11.63	6.9485 21.8593 -0.420847	
11.64	7.16636 21.8415 -0.46426	
11.65	7.01276 21.8199 -0.47311	
11.66	7.26442 21.8256 -0.475817	
11.67	7.11408 21.8079 -0.469342	
11.68	7.34992 21.842 -0.422869	
11.69	7.16832 21.7311 -0.613041	
11.7	7.25741 21.7132 -0.572451	
11.71	7.17094 21.5961 -0.714598	
11.72	7.10856 21.6594 -0.708068	
11.73	6.84643 21.7057 -0.642133	
11.74	7.81175 21.6795 -0.547338	
11.75	7.38008 21.9539 -0.055637	
11.76	7.28501 21.5911 -0.647158	
11.77	7.25703 21.6353 -0.597806	
11.78	7.31539 21.6241 -0.5925	
11.79	7.2049 21.6129 -0.600616	
11.8	7.3343 21.6006 -0.622019	
11.81	7.20108 21.5944 -0.621251	
11.82	7.33436 21.5872 -0.614764	
11.83	7.19994 21.5898 -0.598393	
11.84	7.32248 21.5817 -0.60444	
11.85	7.20532 21.5863 -0.588589	
11.86	7.31809 21.565 -0.602241	
11.87	7.1978 21.5744 -0.569498	
11.88	7.31387 21.5593 -0.588536	
11.89	7.19428 21.5576 -0.57574	
11.9	7.31223 21.5419 -0.588657	
11.91	7.19365 21.5481 -0.576546	
11.92	7.31027 21.5242 -0.595999	
11.93	7.19156 21.5257 -0.587034	
11.94	7.30954 21.5099 -0.604753	
11.95	7.19984 21.5214 -0.585083	
11.96	7.31105 21.5026 -0.607961	
11.97	7.19129 21.5139 -0.586992	
11.98	7.31118 21.4938 -0.612538	
11.99	7.19533 21.4961 -0.595639	
12	7.30588 21.4847 -0.608769	
12.01	7.19529 21.4808 -0.610322	
12.02	7.3062 21.4732 -0.618039	
12.03	7.19694 21.4673 -0.612708	
12.04	7.30441 21.4541 -0.62911	
12.05	7.20689 21.4603 -0.604063	
12.06	7.29612 21.4478 -0.623218	
12.07	7.20692 21.4408 -0.615701	
12.08	7.29548 21.4376 -0.625898	
12.09	7.21596 21.4323 -0.619768	
12.1	7.28814 21.4214 -0.625252	
12.11	7.21618 21.4059 -0.634388	
12.12	7.28959 21.3972 -0.635198	
12.13	7.21807 21.3928 -0.625896	
12.14	7.29148 21.3862 -0.623195	
12.15	7.21959 21.3693 -0.644642	
12.16	7.29168 21.3623 -0.642087	
12.17	7.22045 21.3465 -0.658793	
12.18	7.31191 21.3622 -0.636812	
12.19	7.20614 21.3296 -0.656309	
12.2	7.31642 21.3328 -0.655973	
12.21	7.21588 21.3139 -0.674279	
12.22	7.30408 21.3056 -0.687663	
12.23	7.20647 21.3089 -0.662175	
12.24	7.30567 21.3073 -0.66341	
12.25	7.19482 21.3081 -0.657205	
12.26	7.30346 21.2944 -0.668041	
12.27	7.20445 21.2911 -0.666297	
12.28	7.29676 21.2834 -0.677148	
12.29	7.20544 21.2811 -0.672969	
12.3	7.29893 21.2718 -0.687012	
12.31	7.20764 21.2745 -0.675338	
12.32	7.29766 21.2659 -0.688383	
12.33	7.20535 21.2737 -0.702961	
12.34	7.2989 21.253 -0.704175	
12.35	7.2133 21.255 -0.688673	
12.36	7.29162 21.2337 -0.715438	
12.37	7.21232 21.218 -0.715106	
12.38	7.29183 21.2099 -0.724772	
12.39	7.21421 21.1998 -0.726611	
12.4	7.30703 21.1731 -0.764462	
12.41	7.23312 21.1865 -0.738249	
12.42	7.30762 21.0501 -0.927703	
12.43	7.20077 21.1994 -0.738662	
12.44	7.31814 21.1827 -0.74341	
12.45	7.20851 21.1709 -0.746074	
12.46	7.33345 21.211 -0.687608	
12.47	7.20932 21.1651 -0.734028	
12.48	7.31217 21.1463 -0.760087	
12.49	7.20242 21.146 -0.758732	
12.5	7.30476 21.1311 -0.774363	
12.51	7.20258 21.1312 -0.77168	
12.52	7.30763 21.1181 -0.788556	
12.53	7.19951 21.1213 -0.778926	
12.54	7.30597 21.1146 -0.789285	
12.55	7.2011 21.1071 -0.796621	
12.56	7.30865 21.1093 -0.794858	
12.57	7.19789 21.1045 -0.797524	
12.58	7.3067 21.1069 -0.793896	
12.59	7.19975 21.0934 -0.808381	
12.6	7.30639 21.0944 -0.806762	
12.61	7.20322 21.0844 -0.815598	
12.62	7.30442 21.0876 -0.809481	
12.63	7.21165 21.0725 -0.830255	
12.64	7.29623 21.0797 -0.81909	
12.65	7.2128 21.0683 -0.830957	
12.66	7.29661 21.0702 -0.824718	
12.67	7.21483 21.043 -0.850127	
12.68	7.29756 21.0523 -0.8338	
12.69	7.21589 21.0368 -0.851895	
12.7	7.31803 21.0325 -0.846753	
12.71	7.22988 21.0529 -0.806554	
12.72	7.28774 21.0429 -0.810917	
12.73	7.22664 21.0097 -0.84265	
12.74	7.28634 20.9895 -0.849644	
12.75	7.23536 20.9873 -0.842168	
12.76	7.27775 20.9719 -0.858996	
12.77	7.23556 20.9761 -0.849692	
12.78	7.27928 20.9641 -0.864243	
12.79	7.23797 20.9605 -0.851381	
12.8	7.27488 20.9458 -0.866031	
12.81	7.23675 20.9433 -0.861471	
12.82	7.28051 20.9282 -0.875761	
12.83	7.2279 20.9238 -0.863309	
12.84	7.28771 20.9087 -0.882338	
12.85	7.22765 20.8946 -0.887525	
12.86	7.28014 20.8862 -0.893109	
12.87	7.23781 20.8738 -0.898398	
12.88	7.28225 20.8689 -0.898804	
12.89	7.23678 20.8528 -0.908597	
12.9	7.28379 20.8525 -0.907527	
12.91	7.23801 20.8283 -0.92503	
12.92	7.2862 20.8307 -0.919678	
12.93	7.23918 20.8108 -0.933694	
12.94	7.29763 20.818 -0.914579	
12.95	7.24059 20.7946 -0.933822	
12.96	7.29963 20.7943 -0.923324	
12.97	7.24177 20.7639 -0.933078	
12.98	7.31159 20.7583 -0.930839	
12.99	7.25682 20.7397 -0.93958	
13	7.33385 20.731 -0.954905	
13.01	7.26572 20.7247 -0.952858	
13.02	7.33591 20.7486 -0.894099	
13.03	7.27424 20.7025 -0.95057	
13.04	7.32449 20.7024 -0.951422	
13.05	7.27277 20.7052 -0.93907	
13.06	7.30881 20.6994 -0.940828	
13.07	7.27121 20.6961 -0.932536	
13.08	7.3154 20.6856 -0.937346	
13.09	7.26545 20.6832 -0.937738	
13.1	7.32378 20.6751 -0.940211	
13.11	7.26936 20.6612 -0.944214	
13.12	7.3515 20.6482 -0.965263	
13.13	7.25816 20.6787 -0.929428	
13.14	7.34077 20.6626 -0.931776	
13.15	7.25841 20.6421 -0.947903	
13.16	7.34458 20.6301 -0.945778	
13.17	7.26474 20.6375 -0.934587	
13.18	7.37888 20.6294 -0.932079	
13.19	7.28083 20.5708 -0.990832	
13.2	7.3352 20.6279 -0.909448	
13.21	7.31261 20.5865 -0.949168	
13.22	7.31285 20.6074 -0.919749	
13.23	7.31217 20.609 -0.90565	
13.24	7.31191 20.6 -0.907106	
13.25	7.31238 20.6002 -0.899169	
13.26	7.31174 20.5857 -0.900261	
13.27	7.31992 20.5891 -0.889234	
13.28	7.31524 20.5778 -0.888698	
13.29	7.32166 20.5714 -0.877975	
13.3	7.32205 20.5545 -0.876391	
13.31	7.32999 20.5225 -0.833014	
13.32	7.30608 20.5147 -0.855241	
13.33	7.33674 20.5156 -0.843881	
13.34	7.30571 20.5032 -0.839968	
13.35	7.33692 20.4923 -0.829721	
13.36	7.3165 20.4833 -0.813083	
13.37	7.33264 20.4705 -0.802623	
13.38	7.32986 20.4558 -0.792309	
13.39	7.34129 20.4418 -0.783168	
13.4	7.34876 20.4302 -0.761336	
13.41	7.40279 20.4327 -0.733188	
13.42	7.38495 20.4236 -0.698627	
13.43	7.35781 20.419 -0.699672	
13.44	7.35172 20.3924 -0.701676	
13.45	7.34024 20.3849 -0.677541	
13.46	7.35982 20.3645 -0.667681	
13.47	7.34606 20.3555 -0.643191	
13.48	7.37124 20.3391 -0.625326	
13.49	7.35569 20.3385 -0.595543	
13.5	7.3808 20.3199 -0.56575	
13.51	7.37273 20.3248 -0.547004	
13.52	7.4143 20.2972 -0.548903	
13.53	7.52588 20.0735 -0.880429	
13.54	7.61345 20.1415 -0.758204	
13.55	7.45533 20.2132 -0.600311	
13.56	7.45069 20.2212 -0.570598	
13.57	7.34248 20.235 -0.527685	
13.58	7.40748 20.2255 -0.506197	
13.59	7.31268 20.2252 -0.493659	
13.6	7.38275 20.232 -0.471767	
13.61	7.2966 20.2122 -0.46956	
13.62	7.37077 20.2155 -0.45011	
13.63	7.28996 20.1936 -0.455568	
13.64	7.35981 20.1762 -0.449926	
13.65	7.29655 20.1711 -0.445618	
13.66	7.36848 20.1755 -0.433512	
13.67	7.3253 20.1537 -0.452123	
13.68	7.36704 20.1368 -0.468279	
13.69	7.31576 20.111 -0.495171	
13.7	7.35082 20.1169 -0.488416	
13.71	7.3096 20.0959 -0.498185	
13.72	7.34464 20.0894 -0.491693	
13.73	7.30654 20.0686 -0.502932	
13.74	7.33102 20.0582 -0.502038	
13.75	7.30263 20.044 -0.505963	
13.76	7.335 20.0269 -0.512805	
13.77	7.30053 20.0186 -0.518667	
13.78	7.33937 20.0126 -0.506747	
13.79	7.30698 19.9998 -0.513475	
13.8	7.34214 19.986 -0.51521	
13.81	7.29384 19.967 -0.515777	
13.82	7.3332 19.9453 -0.537135	
13.83	7.28836 19.9377 -0.52551	
13.84	7.33937 19.9111 -0.540167	
13.85	7.28897 19.9019 -0.529644	
13.86	7.33159 19.8846 -0.534804	
13.87	7.29084 19.8755 -0.519242	
13.88	7.34267 19.8522 -0.529441	
13.89	7.28614 19.8437 -0.515672	
13.9	7.36852 19.8153 -0.536364	
13.91	7.27409 19.7919 -0.516214	
13.92	7.36208 19.76 -0.517295	
13.93	7.28338 19.7443 -0.509826	
13.94	7.35536 19.7088 -0.514443	
13.95	7.28287 19.6828 -0.511433	
13.96	7.35539 19.6446 -0.512301	
13.97	7.28544 19.6133 -0.50979	
13.98	7.35515 19.5821 -0.511312	
13.99	7.27889 19.562 -0.502228	
14	7.36251 19.5313 -0.493882	
14.01	7.27671 19.502 -0.504374	
14.02	7.3719 19.4714 -0.490973	
14.03	7.27145 19.4331 -0.486942	
14.04	7.39241 19.4076 -0.471595	
14.05	7.30103 19.3373 -0.514628	
14.06	7.38076 19.3625 -0.467135	
14.07	7.32028 19.3066 -0.496481	
14.08	7.34734 19.3347 -0.446255	
14.09	7.38083 19.2963 -0.464153	
14.1	7.39619 19.2864 -0.447762	
14.11	7.36653 19.2767 -0.438352	
14.12	7.44698 19.2417 -0.47531	
14.13	7.41517 19.2383 -0.448036	
14.14	7.48613 19.2114 -0.475265	
14.15	7.43938 19.2067 -0.445424	
14.16	7.5511 19.1497 -0.512848	
14.17	7.50493 19.1482 -0.469923	
14.18	7.50757 19.1208 -0.446587	
14.19	7.52675 19.0859 -0.443357	
14.2	7.60363 19.0251 -0.480211	
14.21	7.62283 18.9931 -0.477673	
14.22	7.50005 19.0188 -0.425385	
14.23	7.40564 18.9581 -0.500591	
14.24	7.29696 18.9677 -0.447688	
14.25	7.39756 18.968 -0.403149	
14.26	7.48994 18.9002 -0.512306	
14.27	7.3458 18.9114 -0.459353	
14.28	7.25927 18.894 -0.495263	
14.29	7.4576 18.7782 -0.593115	
14.3	7.22192 18.981 -0.341129	
14.31	7.43621 18.9046 -0.330033	
14.32	7.43611 18.7266 -0.631567	
14.33	7.34668 18.4966 -0.875422	
14.34	7.04041 18.7319 -0.561266	
14.35	7.24769 18.8392 -0.397401	
14.36	7.09122 18.8562 -0.34005	
14.37	7.33165 18.8526 -0.331519	
14.38	7.35916 18.7141 -0.578807	
14.39	7.37622 18.7264 -0.533332	
14.4	7.05356 18.7945 -0.378062	
14.41	7.40365 18.8306 -0.130909	
14.42	7.37757 18.7297 -0.287615	
14.43	7.19448 18.6677 -0.440283	
14.44	7.08825 18.7767 -0.202813	
14.45	7.05798 18.7273 -0.267143	
14.46	7.34263 18.707 -0.31245	
14.47	7.34136 18.7239 -0.293527	
14.48	7.22424 18.638 -0.491061	
14.49	7.49385 18.6524 -0.458524	
14.5	7.15481 18.6332 -0.446308	
14.51	7.50566 18.646 -0.407456	
14.52	7.32017 18.5453 -0.555394	
14.53	7.24562 18.6281 -0.451896	
14.54	6.82573 18.5056 -0.54572	
14.55	7.6832 18.5358 -0.438138	
14.56	7.47383 18.4972 -0.490313	
14.57	7.17913 18.5321 -0.417895	
14.58	7.24588 18.5298 -0.401723	
14.59	7.1939 18.5292 -0.396768	
14.6	7.27045 18.5026 -0.400811	
14.61	7.21719 18.5073 -0.383148	
14.62	7.27395 18.4853 -0.398517	
14.63	7.23549 18.4799 -0.397848	
14.64	7.29019 18.4678 -0.406887	
14.65	7.23602 18.4608 -0.405328	
14.66	7.2959 18.4415 -0.424559	
14.67	7.24302 18.4284 -0.431526	
14.68	7.30089 18.4265 -0.424968	
14.69	7.24896 18.4026 -0.452984	
14.7	7.3085 18.3947 -0.460817	
14.71	7.24852 18.3706 -0.486444	
14.72	7.32336 18.3623 -0.490377	
14.73	7.24702 18.3365 -0.515906	
14.74	7.34573 18.356 -0.483033	
14.75	7.24644 18.3009 -0.549654	
14.76	7.32379 18.2892 -0.56141	
14.77	7.25212 18.2961 -0.540858	
14.78	7.32723 18.2734 -0.570286	
14.79	7.23765 18.2576 -0.573241	
14.8	7.32145 18.2473 -0.589264	
14.81	7.23879 18.2393 -0.580461	
14.82	7.30236 18.2344 -0.588726	
14.83	7.24273 18.2224 -0.598102	
14.84	7.30028 18.1991 -0.622027	
14.85	7.24491 18.1761 -0.631927	
14.86	7.29971 18.1591 -0.643556	
14.87	7.24814 18.1439 -0.642667	
14.88	7.29878 18.1232 -0.65771	
14.89	7.24157 18.1056 -0.657149	
14.9	7.30647 18.0762 -0.674891	
14.91	7.24468 18.0648 -0.674412	
14.92	7.30966 18.0344 -0.684658	
14.93	7.2474 18.0115 -0.681978	
14.94	7.31201 17.9896 -0.676865	
14.95	7.25473 17.9635 -0.681445	
14.96	7.32019 17.9426 -0.686432	
14.97	7.25784 17.9129 -0.689276	
14.98	7.32079 17.8848 -0.688381	
14.99	7.2582 17.8671 -0.682867	
15	7.31728 17.8479 -0.671803	
15.01	7.25942 17.8314 -0.661503	
15.02	7.30588 17.8022 -0.671307	
15.03	7.25866 17.7875 -0.672832	
15.04	7.30311 17.7791 -0.655397	
15.05	7.2499 17.76 -0.649818	
15.06	7.30993 17.7341 -0.645186	
15.07	7.25259 17.7187 -0.623493	
15.08	7.31244 17.6859 -0.626072	
15.09	7.25505 17.673 -0.607854	
15.1	7.30405 17.6439 -0.613611	
15.11	7.27426 17.6278 -0.600251	
15.12	7.30107 17.6095 -0.601507	
15.13	7.27964 17.5931 -0.590001	
15.14	7.30853 17.5737 -0.594606	
15.15	7.28295 17.5411 -0.593499	
15.16	7.34253 17.5391 -0.561333	
15.17	7.31045 17.5143 -0.547663	
15.18	7.32303 17.5362 -0.507069	
15.19	7.28864 17.4847 -0.529809	
15.2	7.32985 17.5589 -0.369614	
15.21	7.26226 17.4488 -0.524705	
15.22	7.24793 17.4365 -0.543328	
15.23	7.06171 17.3487 -0.634686	
15.24	7.23225 17.3179 -0.602033	
15.25	7.10446 17.3128 -0.578194	
15.26	7.28515 17.3007 -0.532323	
15.27	7.13819 17.2808 -0.50493	
15.28	7.32169 17.263 -0.472636	
15.29	7.17407 17.2387 -0.449595	
15.3	7.34339 17.2385 -0.416341	
15.31	7.19141 17.2028 -0.418528	
15.32	7.37078 17.191 -0.400724	
15.33	7.15266 17.1677 -0.394759	
15.34	7.38746 17.1606 -0.38013	
15.35	7.24097 17.0385 -0.602446	
15.36	7.1106 16.9402 -0.546625	
15.37	7.34251 17.0728 -0.42242	
15.38	7.31938 17.1196 -0.338255	
15.39	7.15576 16.8933 -0.68068	
15.4	7.57051 16.9286 -0.603988	
15.41	7.42482 16.9545 -0.496607	
15.42	7.01779 16.8691 -0.56252	
15.43	7.41409 16.9632 -0.424503	
15.44	7.08471 16.9402 -0.397011	
15.45	7.43851 16.8981 -0.390695	
15.46	7.15651 16.7662 -0.59427	
15.47	7.44232 16.7795 -0.5278	
15.48	6.96984 16.7994 -0.454062	
15.49	7.4474 16.7566 -0.478107	
15.5	6.94442 16.7635 -0.43004	
15.51	7.13113 16.7468 -0.435043	
15.52	7.2844 16.7634 -0.348902	
15.53	7.17179 16.7357 -0.319592	
15.54	7.29147 16.7147 -0.296398	
15.55	7.11846 16.6985 -0.263771	
15.56	7.14977 16.6979 -0.202368	
15.57	7.14001 16.6687 -0.180993	
15.58	7.17924 16.6671 -0.130616	
15.59	7.15757 16.6142 -0.182465	
15.6	7.22373 16.6299 -0.136823	
15.61	7.1295 16.6128 -0.0827357	
15.62	7.25779 16.5902 -0.0767913	
15.63	7.09928 16.5171 -0.107678	
15.64	7.41095 16.5298 -0.0905864	
15.65	7.14369 16.3706 -0.280418	
15.66	6.94475 16.3957 -0.212749	
15.67	7.14496 16.3651 -0.217291	
15.68	6.9919 16.3379 -0.2009	
15.69	7.15958 16.3212 -0.21461	
15.7	7.03111 16.2965 -0.230043	
15.71	7.23893 16.2607 -0.267541	
15.72	7.03554 16.272 -0.225243	
15.73	7.23911 16.2528 -0.284271	
15.74	7.08177 16.2261 -0.273688	
15.75	7.30651 16.2305 -0.247352	
15.76	6.94153 16.1985 -0.215669	
15.77	7.28474 16.1821 -0.238715	
15.78	6.96601 16.1467 -0.213546	
15.79	7.31177 16.1371 -0.198712	
15.8	7.04235 16.1802 0.0152184	
15.81	7.26317 16.1538 -0.0802496	
15.82	7.05092 16.0419 -0.186076	
15.83	7.22656 16.0451 -0.169558	
15.84	7.06439 15.9996 -0.143234	
15.85	7.24501 15.9602 -0.209495	
15.86	7.168 15.9386 -0.163864	
15.87	7.30162 15.9076 -0.170995	
15.88	7.19164 15.8599 -0.196547	
15.89	7.27435 15.8782 -0.208412	
15.9	7.31417 15.8871 -0.193897	
15.91	7.26047 15.9598 0.00176071	
15.92	7.44139 15.752 -0.260492	
15.93	6.67849 15.747 -0.203328	
15.94	7.36371 15.7903 -0.264887	
15.95	6.84542 15.665 -0.330686	
15.96	7.38011 15.6182 -0.310803	
15.97	7.11596 15.6269 -0.305597	
15.98	7.26461 15.6338 -0.214993	
15.99	6.43408 15.4458 -0.332938	
16	6.58806 15.4082 -0.399596	
16.01	6.70731 15.4401 -0.366522	
16.02	6.75805 15.4553 -0.339651	
16.03	6.82367 15.4571 -0.319382	
16.04	6.98607 15.4434 -0.322669	
16.05	7.05501 15.4646 -0.261399	
16.06	7.19832 15.4642 -0.221328	
16.07	7.0187 15.4268 -0.230622	
16.08	7.22506 15.3833 -0.243607	
16.09	7.02075 15.3615 -0.213709	
16.1	7.19174 15.3399 -0.211239	
16.11	7.00826 15.2915 -0.207562	
16.12	7.15592 15.2721 -0.201513	
16.13	7.01756 15.2506 -0.19077	
16.14	7.14826 15.2229 -0.197796	
16.15	7.04453 15.1907 -0.204189	
16.16	7.13998 15.1509 -0.201243	
16.17	7.13649 15.1247 -0.208016	
16.18	7.12988 15.092 -0.185907	
16.19	7.15941 15.0337 -0.251262	
16.2	7.09563 14.9891 -0.257584	
16.21	7.32185 15.0113 -0.203617	
16.22	7.05784 14.9212 -0.238421	
16.23	7.35618 15.0144 -0.150661	
16.24	6.96055 15.0016 -0.205299	
16.25	7.1809 14.9286 -0.231206	
16.26	7.05006 14.8894 -0.198973	
16.27	7.11125 14.7773 -0.20435	
16.28	7.03786 14.7511 -0.216004	
16.29	7.0972 14.7254 -0.18339	
16.3	7.12319 14.6691 -0.218552	
16.31	7.04611 14.6807 -0.111722	
16.32	7.37415 14.6286 -0.183064	
16.33	6.98207 14.5986 -0.129319	
16.34	7.49055 14.6157 -0.0724926	
16.35	6.81668 14.5085 -0.234333	
16.36	6.89489 14.49 -0.194956	
16.37	6.91415 14.481 -0.202056	
16.38	6.93161 14.4494 -0.190824	
16.39	6.94325 14.4129 -0.196093	
16.4	6.94894 14.3972 -0.171737	
16.41	6.94086 14.3826 -0.164218	
16.42	6.93366 14.3565 -0.173376	
16.43	6.94025 14.3455 -0.170296	
16.44	6.93606 14.3256 -0.172328	
16.45	6.94146 14.3026 -0.179046	
16.46	6.94125 14.2931 -0.174678	
16.47	6.95113 14.2727 -0.187476	
16.48	6.9467 14.2627 -0.183959	
16.49	6.9427 14.2419 -0.188825	
16.5	6.94456 14.2215 -0.193404	
16.51	6.939 14.1961 -0.205545	
16.52	6.93388 14.1752 -0.194223	
16.53	6.91945 14.1413 -0.202208	
16.54	6.92767 14.1045 -0.19833	
16.55	6.91463 14.0794 -0.185224	
16.56	6.91656 14.0373 -0.172831	
16.57	6.91668 13.9902 -0.160662	
16.58	6.92437 13.9555 -0.147111	
16.59	6.91569 13.9203 -0.133793	
16.6	6.91547 13.8977 -0.127675	
16.61	6.91621 13.8775 -0.108999	
16.62	6.91491 13.8592 -0.104886	
16.63	6.9158 13.8423 -0.0981072	
16.64	6.91571 13.828 -0.095886	
16.65	6.92283 13.8192 -0.0854098	
16.66	6.92179 13.8081 -0.0780473	
16.67	6.92309 13.8003 -0.0740799	
16.68	6.92322 13.8003 -0.0667783	
16.69	6.93066 13.7955 -0.0667698	
16.7	6.9312 13.7916 -0.0727096	
16.71	6.93864 13.7989 -0.0615769	
16.72	6.95984 13.7967 -0.0653239	
16.73	6.96081 13.8005 -0.0600563	
16.74	6.96822 13.7978 -0.0642721	
16.75	6.96809 13.7974 -0.0650413	
16.76	6.97409 13.7983 -0.0553786	
16.77	6.98196 13.7949 -0.0613214	
16.78	6.99637 13.7938 -0.063053	
16.79	6.98893 13.7944 -0.0617104	
16.8	6.99607 13.7947 -0.0612274	
16.81	7.00945 13.7886 -0.0713183	
16.82	7.01776 13.8019 -0.0498505	
16.83	7.21637 13.7957 -0.0425776	
16.84	6.89109 13.8348 0.0252628	
16.85	7.15178 13.8312 0.0215953	
16.86	7.0716 13.837 0.0392731	
16.87	7.14241 13.8458 0.0596216	
16.88	7.08084 13.8134 0.0389713	
16.89	7.15716 13.777 0.0238231	
16.9	7.08893 13.7546 0.00841384	
16.91	7.17185 13.7169 0.00455513	
16.92	7.09695 13.703 0.0176257	
16.93	7.17739 13.6863 0.0340013	
16.94	7.10847 13.6578 0.0247267	
16.95	7.17731 13.6406 0.0315918	
16.96	7.10124 13.6136 0.0356809	
16.97	7.1882 13.5892 0.0172236	
16.98	7.08733 13.56 0.0247382	
16.99	7.18734 13.534 0.0318728	
17	7.07433 13.4944 0.01791	
17.01	7.18336 13.4595 0.008306	
17.02	7.06953 13.4349 0.000220221	
17.03	7.18763 13.4018 0.00576877	
17.04	7.06493 13.3539 -0.0103443	
17.05	7.19715 13.3092 -0.0546251	
17.06	6.97009 13.2829 -0.0407989	
17.07	7.1366 13.2953 -0.0405251	
17.08	7.0809 13.2808 -0.0323851	
17.09	7.2435 13.2133 -0.0183118	
17.1	7.10469 13.154 -0.0806078	
17.11	7.09135 13.1129 -0.0572417	
17.12	7.09571 13.033 -0.0732975	
17.13	7.1224 12.9996 -0.0628836	
17.14	7.11847 12.9611 -0.067455	
17.15	7.16105 12.8791 -0.111606	
17.16	7.11821 12.9012 -0.0545435	
17.17	7.39055 12.8333 -0.115616	
17.18	6.86848 12.7468 -0.173138	
17.19	6.99549 12.6122 -0.339029	
17.2	7.24273 12.7094 -0.195411	
17.21	6.99672 12.7231 -0.175157	
17.22	7.07681 12.7065 -0.233642	
17.23	6.99329 12.69 -0.2625	
17.24	7.27775 12.5939 -0.351604	
17.25	7.07532 12.6429 -0.334015	
17.26	7.18452 12.656 -0.340955	
17.27	7.14986 12.6408 -0.380236	
17.28	7.11441 12.6306 -0.414431	
17.29	7.13519 12.6395 -0.436652	
17.3	7.10657 12.6383 -0.491589	
17.31	7.1429 12.653 -0.535466	
17.32	7.09874 12.6651 -0.590089	
17.33	7.09502 12.6633 -0.684942	
17.34	7.05786 12.6983 -0.769033	
17.35	6.95394 12.6817 -0.920467	
17.36	6.93335 12.6939 -1.04285	
17.37	6.91588 12.7176 -1.12617	
17.38	6.89881 12.7406 -1.20191	
17.39	6.88917 12.7623 -1.27959	
17.4	6.88077 12.7886 -1.35629	
17.41	6.87285 12.8173 -1.46404	
17.42	6.86491 12.855 -1.55863	
17.43	6.87161 12.888 -1.68832	
17.44	6.8645 12.9135 -1.83965	
17.45	6.86454 12.9327 -1.97637	
17.46	6.86467 12.96 -2.11858	
17.47	6.86496 12.9947 -2.28843	
17.48	6.86438 13.0294 -2.46794	
17.49	6.85753 13.087 -2.67675	
17.5	6.86566 13.172 -2.94922	
17.51	6.86624 13.2534 -3.15156	
17.52	6.87517 13.3381 -3.34323	
17.53	6.89077 13.4322 -3.56704	
17.54	6.90619 13.5467 -3.80803	
17.55	6.92902 13.6594 -4.05058	
17.56	6.95041 13.7974 -4.29917	
17.57	6.97946 13.9549 -4.5061	
17.58	7.00852 14.1282 -4.72755	
17.59	7.04277 14.3226 -4.9551	
17.6	7.08319 14.5784 -5.23566	
17.61	7.11746 14.8117 -5.43965	
17.62	7.1544 15.0627 -5.64606	
17.63	7.17739 15.3158 -5.83081	
17.64	7.19896 15.5974 -6.03328	
17.65	7.19835 15.8716 -6.20558	
17.66	7.19754 16.2077 -6.37653	
17.67	7.16898 16.5562 -6.52323	
17.68	7.13096 16.8787 -6.63067	
17.69	7.09905 17.2014 -6.72221	
17.7	7.05498 17.5823 -6.83195	
17.71	7.02779 17.9344 -6.94379	
17.72	6.98848 18.1934 -7.02262	
17.73	6.95192 18.4536 -7.09919	
17.74	6.92537 18.6477 -7.152	
17.75	6.8887 18.8825 -7.20384	
17.76	6.8398 19.1103 -7.23075	
17.77	6.79743 19.3377 -7.259	
17.78	6.75685 19.5489 -7.28484	
17.79	6.72393 19.7451 -7.30485	
17.8	6.7026 19.9831 -7.31188	
17.81	6.67702 20.1406 -7.32648	
17.82	6.66525 20.3222 -7.32853	
17.83	6.64456 20.4822 -7.33974	
17.84	6.61195 20.6487 -7.33111	
17.85	6.59594 20.7695 -7.3229	
17.86	6.56847 20.9368 -7.28712	
17.87	6.54438 21.1244 -7.25836	
17.88	6.51246 21.2904 -7.22239	
17.89	6.48489 21.4597 -7.17725	
17.9	6.45823 21.6379 -7.12465	
17.91	6.42849 21.8178 -7.07762	
17.92	6.40231 21.9658 -7.03738	
17.93	6.39207 22.0918 -6.99773	
17.94	6.36515 22.2217 -6.95573	
17.95	6.34543 22.4254 -6.90336	
17.96	6.33522 22.5505 -6.87428	
17.97	6.32464 22.7019 -6.8377	
17.98	6.30629 22.8173 -6.81246	
17.99	6.29593 22.9555 -6.78953	
18	6.29365 23.1047 -6.76473	
18.01	6.28305 23.2624 -6.74657	
18.02	6.2726 23.4041 -6.71996	
18.03	6.27032 23.5605 -6.70376	
18.04	6.2766 23.6999 -6.69085	
18.05	6.28297 23.8334 -6.67824	
18.06	6.28916 23.971 -6.64819	
18.07	6.28746 24.0911 -6.63644	
18.08	6.29431 24.1864 -6.61651	
18.09	6.31 24.3187 -6.60415	
18.1	6.31606 24.4074 -6.60428	
18.11	6.32793 24.536 -6.60647	
18.12	6.3238 24.6265 -6.5998	
18.13	6.32775 24.7402 -6.59281	
18.14	6.33509 24.8238 -6.59517	
18.15	6.33427 24.8961 -6.5929	
18.16	6.34178 24.9636 -6.59245	
18.17	6.34105 25.03 -6.59159	
18.18	6.34321 25.0944 -6.59858	
18.19	6.34247 25.1609 -6.59708	
18.2	6.35016 25.2207 -6.60571	
18.21	6.34964 25.2794 -6.614	
18.22	6.34918 25.3279 -6.61836	
18.23	6.34838 25.407 -6.61443	
18.24	6.35581 25.4849 -6.61501	
18.25	6.35511 25.5515 -6.61162	
18.26	6.35357 25.6203 -6.62225	
18.27	6.35375 25.7033 -6.61882	
18.28	6.3529 25.7964 -6.61854	
18.29	6.35947 25.8579 -6.61648	
18.3	6.35156 25.9231 -6.60762	
18.31	6.35804 25.9906 -6.60247	
18.32	6.35847 26.0448 -6.59807	
18.33	6.35754 26.1228 -6.58352	
18.34	6.34871 26.192 -6.57933	
18.35	6.3557 26.2931 -6.56156	
18.36	6.37002 26.3728 -6.54592	
18.37	6.3599 26.4416 -6.53677	
18.38	6.35913 26.511 -6.52758	
18.39	6.3657 26.5737 -6.52934	
18.4	6.37299 26.6397 -6.51398	
18.41	6.37105 26.7233 -6.50799	
18.42	6.3706 26.7814 -6.50628	
18.43	6.36993 26.855 -6.50057	
18.44	6.36862 26.9114 -6.50686	
18.45	6.37727 26.9708 -6.50385	
18.46	6.36857 27.042 -6.49021	
18.47	6.37645 27.0834 -6.49595	
18.48	6.37584 27.1453 -6.47943	
18.49	6.38364 27.2005 -6.48889	
18.5	6.38334 27.2503 -6.49298	
18.51	6.39114 27.2953 -6.49985	
18.52	6.3909 27.3405 -6.51339	
18.53	6.39875 27.3808 -6.52976	
18.54	6.4067 27.4232 -6.55599	
18.55	6.40545 27.4777 -6.58286	
18.56	6.42138 27.5188 -6.6135	
18.57	6.41321 27.5704 -6.64447	
18.58	6.42123 27.6143 -6.69139	
18.59	6.42918 27.6716 -6.75308	
18.6	6.42939 27.7052 -6.80114	
18.61	6.43763 27.7501 -6.86538	
18.62	6.43888 27.8023 -6.92068	
18.63	6.44603 27.8513 -6.97461	
18.64	6.43854 27.8987 -7.02807	
18.65	6.44636 27.9513 -7.06457	
18.66	6.44642 27.9992 -7.09931	
18.67	6.44666 28.0472 -7.14854	
18.68	6.44761 28.0951 -7.17919	
18.69	6.45542 28.1339 -7.21185	
18.7	6.4544 28.1896 -7.24887	
18.71	6.45459 28.2318 -7.28582	
18.72	6.45452 28.2818 -7.31074	
18.73	6.45544 28.3339 -7.34152	
18.74	6.45455 28.406 -7.38905	
18.75	6.45454 28.4663 -7.42531	
18.76	6.46194 28.5513 -7.4606	
18.77	6.45445 28.5929 -7.49281	
18.78	6.46192 28.6844 -7.53769	
18.79	6.46179 28.755 -7.56947	
18.8	6.46175 28.8441 -7.61806	
18.81	6.4692 28.9081 -7.65753	
18.82	6.4693 28.9634 -7.6944	
18.83	6.47689 29.0259 -7.7412	
18.84	6.47597 29.0811 -7.7777	
18.85	6.48437 29.1664 -7.79849	
18.86	6.49046 29.2411 -7.80459	
18.87	6.48923 29.3052 -7.81049	
18.88	6.49654 29.368 -7.82398	
18.89	6.50397 29.4192 -7.84547	
18.9	6.50269 29.4808 -7.84112	
18.91	6.50989 29.5338 -7.85385	
18.92	6.5171 29.5963 -7.8659	
18.93	6.51679 29.6576 -7.86052	
18.94	6.51677 29.7097 -7.87253	
18.95	6.52369 29.7764 -7.88137	
18.96	6.52259 29.8325 -7.89394	
18.97	6.53054 29.8937 -7.90602	
18.98	6.52973 29.9503 -7.93505	
18.99	6.53067 30.0051 -7.95109	
19	6.53732 30.0362 -7.99318	
19.01	6.53608 30.0824 -8.02702	
19.02	6.52691 30.1047 -8.0459	
19.03	6.6975 30.056 -8.51032	
19.04	6.6975 30.056 -8.51032	
19.05	6.69648 30.0559 -8.51067	
19.06	6.6975 30.051 -8.52629	
19.07	6.6975 30.056 -8.51032	
19.08	6.69648 30.0559 -8.51067	
19.09	6.6975 30.056 -8.51032	
19.1	6.6975 30.056 -8.51032	
19.11	6.6975 30.0535 -8.5183	
19.12	6.6975 30.0535 -8.5183	
19.13	6.70401 30.0463 -8.54211	
19.14	6.71155 30.0468 -8.54162	
19.15	6.72007 30.0424 -8.55674	
19.16	6.73503 30.0356 -8.5797	
19.17	6.74444 30.026 -8.61038	
19.18	6.74744 30.0212 -8.62526	
19.19	6.75787 30.0141 -8.64764	
19.2	6.76734 30.0122 -8.65448	
19.21	6.77142 30.0101 -8.66113	
19.22	6.78082 30.0054 -8.67593	
19.23	6.78173 30.0001 -8.69145	
19.24	6.72628 30.0578 -8.50893	
19.25	6.7349 30.0584 -8.50817	
19.26	6.73593 30.056 -8.51585	
19.27	6.738 30.0538 -8.52321	
19.28	6.74452 30.0516 -8.53108	
19.29	6.74555 30.0517 -8.53077	
19.3	6.74006 30.0491 -8.53856	
19.31	6.74658 30.0494 -8.53844	
19.32	6.74658 30.0494 -8.53844	
19.33	6.7476 30.047 -8.54611	
19.34	6.7476 30.047 -8.54611	
19.35	6.74213 30.0468 -8.54592	
19.36	6.74967 30.0447 -8.55347	
19.37	6.74967 30.0447 -8.55347	
19.38	6.74967 30.0447 -8.55347	
19.39	6.75618 30.045 -8.55336	
19.4	6.75616 30.0424 -8.56133	
19.41	6.73665 30.0617 -8.49782	
19.42	6.74321 30.062 -8.4977	
19.43	6.73769 30.0643 -8.48952	
19.44	6.74872 30.0622 -8.49789	
19.45	6.74976 30.0623 -8.49758	
19.46	6.73665 30.0617 -8.49782	
19.47	6.73769 30.0618 -8.49751	
19.48	6.73769 30.0618 -8.49751	
19.49	6.73665 30.0592 -8.50581	
19.5	6.73665 30.0642 -8.48982	
19.51	6.73665 30.0617 -8.49782	
19.52	6.73665 30.0617 -8.49782	
19.53	6.73769 30.0643 -8.48952	
19.54	6.73769 30.0643 -8.48952	
19.55	6.73665 30.0617 -8.49782	
19.56	6.73769 30.0618 -8.49751	
19.57	6.73665 30.0617 -8.49782	
19.58	6.73769 30.0668 -8.48152	
19.59	6.73769 30.0618 -8.49751	
19.6	6.73769 30.0618 -8.49751	
19.61	6.73769 30.0618 -8.49751	
19.62	6.73665 30.0617 -8.49782	
19.63	6.73665 30.0642 -8.48982	
19.64	6.73561 30.0616 -8.49813	
19.65	6.73561 30.064 -8.49013	
19.66	6.73561 30.0665 -8.48213	
19.67	6.73561 30.069 -8.47412	
19.68	6.73561 30.0738 -8.45811	
19.69	6.73561 30.0763 -8.4501	
19.7	6.73561 30.0763 -8.4501	
19.71	6.73561 30.0787 -8.44208	
19.72	6.73561 30.0811 -8.43406	
19.73	6.73457 30.0809 -8.43437	
19.74	6.73457 30.0809 -8.43437	
19.75	6.73457 30.0833 -8.42635	
19.76	6.73457 30.0833 -8.42635	
19.77	6.73457 30.0857 -8.41832	
19.78	6.73457 30.0857 -8.41832	
19.79	6.73457 30.0857 -8.41832	
19.8	6.73457 30.0881 -8.41029	
19.81	6.72794 30.0878 -8.41042	
19.82	6.73457 30.0881 -8.41029	
19.83	6.73457 30.0881 -8.41029	
19.84	6.73457 30.0881 -8.41029	
19.85	6.73457 30.0881 -8.41029	
19.86	6.73457 30.0904 -8.40226	
19.87	6.73353 30.088 -8.41061	
19.88	6.73457 30.0904 -8.40226	
19.89	6.73457 30.0904 -8.40226	
19.9	6.73457 30.0904 -8.40226	
19.91	6.73457 30.0904 -8.40226	
19.92	6.73457 30.0904 -8.40226	
19.93	6.72794 30.0901 -8.40239	
19.94	6.73457 30.0904 -8.40226	
19.95	6.73457 30.0904 -8.40226	
19.96	6.73457 30.0904 -8.40226	
19.97	6.73457 30.0904 -8.40226	
19.98	6.73457 30.0904 -8.40226	
19.99	6.73457 30.0904 -8.40226	
20	6.73457 30.0904 -8.40226	
20.01	6.72794 30.0901 -8.40239	
20.02	6.72794 30.0901 -8.40239	
20.03	6.73457 30.0904 -8.40226	
20.04	6.73457 30.0904 -8.40226	
20.05	6.72793 30.0925 -8.39435	
20.06	6.72794 30.0901 -8.40239	
20.07	6.73353 30.0903 -8.40257	
20.08	6.73457 30.0904 -8.40226	
20.09	6.73457 30.0904 -8.40226	
20.1	6.7269 30.09 -8.4027	
20.11	6.7269 30.09 -8.4027	
20.12	6.72794 30.0901 -8.40239	
20.13	6.73353 30.0903 -8.40257	
20.14	6.73353 30.0903 -8.40257	
20.15	6.73353 30.0903 -8.40257	
20.16	6.73354 30.0613 -8.49874	
20.17	6.72698 30.061 -8.49887	
20.18	6.73457 30.0614 -8.49843	
20.19	6.73457 30.0639 -8.49044	
20.2	6.73354 30.0613 -8.49874	
20.21	6.73457 30.0614 -8.49843	
20.22	6.73457 30.0614 -8.49843	
20.23	6.73457 30.0614 -8.49843	
20.24	6.73457 30.0614 -8.49843	
20.25	6.73354 30.0613 -8.49874	
20.26	6.73354 30.0613 -8.49874	
20.27	6.73457 30.0614 -8.49843	
20.28	6.73354 30.0613 -8.49874	
20.29	6.72698 30.061 -8.49887	
20.3	6.73354 30.0613 -8.49874	
20.31	6.72802 30.0611 -8.49856	
20.32	6.72698 30.061 -8.49887	
20.33	6.73354 30.0613 -8.49874	
20.34	6.72698 30.061 -8.49887	
20.35	6.73354 30.0613 -8.49874	
20.36	6.73354 30.0613 -8.49874	
20.37	6.73354 30.0613 -8.49874	
20.38	6.73354 30.0613 -8.49874	
20.39	6.72698 30.061 -8.49887	
20.4	6.72698 30.061 -8.49887	
20.41	6.73457 30.0614 -8.49843	
20.42	6.72802 30.0611 -8.49856	
20.43	6.73354 30.0613 -8.49874	
20.44	6.73354 30.0613 -8.49874	
20.45	6.72698 30.061 -8.49887	
20.46	6.73354 30.0613 -8.49874	
20.47	6.73354 30.0613 -8.49874	
20.48	6.73354 30.0613 -8.49874	
20.49	6.73354 30.0613 -8.49874	
20.5	6.73354 30.0613 -8.49874	
20.51	6.73354 30.0613 -8.49874	
20.52	6.73457 30.0614 -8.49843	
20.53	6.72802 30.0611 -8.49856	
20.54	6.72698 30.061 -8.49887	
20.55	6.73457 30.0614 -8.49843	
20.56	6.72698 30.061 -8.49887	
20.57	6.72698 30.061 -8.49887	
20.58	6.72801 30.0636 -8.49056	
20.59	6.72802 30.0611 -8.49856	
20.6	6.72698 30.061 -8.49887	
20.61	6.73354 30.0613 -8.49874	
20.62	6.73354 30.0613 -8.49874	
20.63	6.73457 30.0614 -8.49843	
20.64	6.73457 30.0614 -8.49843	
20.65	6.73354 30.0613 -8.49874	
20.66	6.73354 30.0613 -8.49874	
20.67	6.73354 30.0613 -8.49874	
20.68	6.73354 30.0613 -8.49874	
20.69	6.73354 30.0613 -8.49874	
20.7	6.72802 30.0611 -8.49856	
20.71	6.73354 30.0613 -8.49874	
20.72	6.73354 30.0613 -8.49874	
20.73	6.72802 30.0611 -8.49856	
20.74	6.72698 30.061 -8.49887	
20.75	6.73354 30.0613 -8.49874	
20.76	6.73354 30.0613 -8.49874	
20.77	6.73354 30.0613 -8.49874	
20.78	6.73354 30.0588 -8.50674	
20.79	6.72698 30.061 -8.49887	
20.8	6.73354 30.0613 -8.49874	
20.81	6.73354 30.0613 -8.49874	
20.82	6.73354 30.0613 -8.49874	
20.83	6.72698 30.061 -8.49887	
20.84	6.73354 30.0613 -8.49874	
20.85	6.72698 30.061 -8.49887	
20.86	6.73354 30.0613 -8.49874	
20.87	6.73354 30.0613 -8.49874	
20.88	6.72698 30.061 -8.49887	
20.89	6.73354 30.0613 -8.49874	
20.9	6.73457 30.0614 -8.49843	
20.91	6.72698 30.061 -8.49887	
20.92	6.72698 30.061 -8.49887	
20.93	6.73354 30.0613 -8.49874	
20.94	6.72698 30.061 -8.49887	
20.95	6.72698 30.061 -8.49887	
20.96	6.74008 30.0591 -8.50661	
20.97	6.73457 30.0614 -8.49843	
20.98	6.73354 30.0613 -8.49874	
20.99	6.73354 30.0613 -8.49874	
21	6.73354 30.0613 -8.49874	
21.01	6.74009 30.0616 -8.49862	
21.02	6.74009 30.0616 -8.49862	
21.03	6.73354 30.0613 -8.49874	
21.04	6.73354 30.0613 -8.49874	
21.05	6.73354 30.0613 -8.49874	
21.06	6.73354 30.0613 -8.49874	
21.07	6.74009 30.0616 -8.49862	
21.08	6.74009 30.0616 -8.49862	
21.09	6.73354 30.0613 -8.49874	
21.1	6.73354 30.0613 -8.49874	
21.11	6.73354 30.0613 -8.49874	
21.12	6.73354 30.0613 -8.49874	
21.13	6.74009 30.0616 -8.49862	
21.14	6.73354 30.0613 -8.49874	
21.15	6.73354 30.0613 -8.49874	
21.16	6.73354 30.0613 -8.49874	
21.17	6.73354 30.0613 -8.49874	
21.18	6.74009 30.0616 -8.49862	
21.19	6.74008 30.0591 -8.50661	
21.2	6.74009 30.0616 -8.49862	
21.21	6.74008 30.0591 -8.50661	
21.22	6.73457 30.0614 -8.49843	
21.23	6.74009 30.0616 -8.49862	
21.24	6.73354 30.0613 -8.49874	
21.25	6.74009 30.0616 -8.49862	
21.26	6.73457 30.0614 -8.49843	
21.27	6.73354 30.0613 -8.49874	
21.28	6.73354 30.0613 -8.49874	
21.29	6.74008 30.0591 -8.50661	
21.3	6.74009 30.0616 -8.49862	
21.31	6.73354 30.0588 -8.50674	
21.32	6.74009 30.0616 -8.49862	
21.33	6.73457 30.0614 -8.49843	
21.34	6.74009 30.0616 -8.49862	
21.35	6.74009 30.0616 -8.49862	
21.36	6.74009 30.0616 -8.49862	
21.37	6.74009 30.0616 -8.49862	
21.38	6.73354 30.0613 -8.49874	
21.39	6.74009 30.0616 -8.49862	
21.4	6.74009 30.0616 -8.49862	
21.41	6.73354 30.0613 -8.49874	
21.42	6.74009 30.0616 -8.49862	
21.43	6.73354 30.0613 -8.49874	
21.44	6.73354 30.0613 -8.49874	
21.45	6.74009 30.0616 -8.49862	
21.46	6.73354 30.0613 -8.49874	
21.47	6.74009 30.0616 -8.49862	
21.48	6.74008 30.0591 -8.50661	
21.49	6.73354 30.0613 -8.49874	
21.5	6.73354 30.0613 -8.49874	
21.51	6.73354 30.0613 -8.49874	
21.52	6.73354 30.0613 -8.49874	
21.53	6.74009 30.0616 -8.49862	
21.54	6.73354 30.0613 -8.49874	
21.55	6.73354 30.0613 -8.49874	
21.56	6.74113 30.0617 -8.49831	
21.57	6.74008 30.0591 -8.50661	
21.58	6.74009 30.0616 -8.49862	
21.59	6.73354 30.0613 -8.49874	
