# Gnuplot File : velocities of 1 particle(s) Monitored
# 1st Column : time, others : particle(s) number 0 
0.01	0 0 -0.0737101	
0.02	3.50241e-16 0 -0.134079	
0.03	2.85642e-16 0 -0.183521	
0.04	2.3395e-16 0 -0.224014	
0.05	1.91605e-16 0 -0.257177	
0.06	1.56919e-16 0 -0.284339	
0.07	1.28521e-16 0 -0.306584	
0.08	1.05696e-16 0 -0.324802	
0.09	8.62043e-17 0 -0.339723	
0.1	7.06038e-17 0 -0.351944	
0.11	5.78293e-17 0 -0.361952	
0.12	4.75588e-17 0 -0.370149	
0.13	3.89521e-17 0 -0.376863	
0.14	3.17662e-17 0 -0.382361	
0.15	2.61267e-17 0 -0.386864	
0.16	2.13086e-17 0 -0.390552	
0.17	1.75234e-17 0 -0.393572	
0.18	1.42923e-17 0 -0.396046	
0.19	1.17054e-17 0 -0.398072	
0.2	9.58642e-18 0 -0.399732	
0.21	7.88415e-18 0 -0.401091	
0.22	6.45713e-18 0 -0.402204	
0.23	5.26653e-18 0 -0.403115	
0.24	4.31314e-18 0 -0.403862	
0.25	3.53247e-18 0 -0.404473	
0.26	2.89343e-18 0 -0.404974	
0.27	2.36972e-18 0 -0.405384	
0.28	1.94058e-18 0 -0.40572	
0.29	1.58947e-18 0 -0.405995	
0.3	1.30722e-18 0 -0.40622	
0.31	1.30716e-18 0 -0.40622	
0.32	1.30171e-18 0 -0.40622	
0.33	1.30167e-18 0 -0.40622	
0.34	1.30727e-18 0 -0.40622	
0.35	1.30182e-18 0 -0.40622	
0.36	1.30167e-18 0 -0.40622	
0.37	1.30167e-18 0 -0.40622	
0.38	1.30171e-18 0 -0.40622	
0.39	1.30716e-18 0 -0.40622	
0.4	1.30712e-18 0 -0.40622	
0.41	1.30182e-18 0 -0.40622	
0.42	1.30727e-18 0 -0.40622	
0.43	1.30171e-18 0 -0.40622	
0.44	1.30722e-18 0 -0.40622	
0.45	1.30727e-18 0 -0.40622	
0.46	1.30722e-18 0 -0.40622	
0.47	1.30722e-18 0 -0.40622	
0.48	1.30727e-18 0 -0.40622	
0.49	1.30716e-18 0 -0.40622	
0.5	1.30722e-18 0 -0.40622	
0.51	1.30712e-18 0 -0.40622	
0.52	1.30167e-18 0 -0.40622	
0.53	1.30171e-18 0 -0.40622	
0.54	1.30712e-18 0 -0.40622	
0.55	1.30712e-18 0 -0.40622	
0.56	1.30722e-18 0 -0.40622	
0.57	1.30712e-18 0 -0.40622	
0.58	1.30167e-18 0 -0.40622	
0.59	1.30712e-18 0 -0.40622	
0.6	1.30722e-18 0 -0.40622	
0.61	1.30722e-18 0 -0.40622	
0.62	1.30727e-18 0 -0.40622	
0.63	1.30177e-18 0 -0.40622	
0.64	1.30171e-18 0 -0.40622	
0.65	1.30167e-18 0 -0.40622	
0.66	1.30167e-18 0 -0.40622	
0.67	1.30722e-18 0 -0.40622	
0.68	1.30716e-18 0 -0.40622	
0.69	1.30171e-18 0 -0.40622	
0.7	1.30171e-18 0 -0.40622	
0.71	1.30167e-18 0 -0.40622	
0.72	1.30722e-18 0 -0.40622	
0.73	1.30716e-18 0 -0.40622	
0.74	1.30722e-18 0 -0.40622	
0.75	1.30722e-18 0 -0.40622	
0.76	1.30167e-18 0 -0.40622	
0.77	1.30722e-18 0 -0.40622	
0.78	1.30722e-18 0 -0.40622	
0.79	1.30716e-18 0 -0.40622	
0.8	1.30171e-18 0 -0.40622	
0.81	1.30722e-18 0 -0.40622	
0.82	1.30716e-18 0 -0.40622	
0.83	1.30712e-18 0 -0.40622	
0.84	1.30171e-18 0 -0.40622	
0.85	1.30712e-18 0 -0.40622	
0.86	1.30722e-18 0 -0.40622	
0.87	1.30171e-18 0 -0.40622	
0.88	1.30171e-18 0 -0.40622	
0.89	1.30722e-18 0 -0.40622	
0.9	1.30171e-18 0 -0.40622	
0.91	1.30722e-18 0 -0.40622	
0.92	1.30716e-18 0 -0.40622	
0.93	1.30722e-18 0 -0.40622	
0.94	1.30722e-18 0 -0.40622	
0.95	1.30712e-18 0 -0.40622	
0.96	1.30722e-18 0 -0.40622	
0.97	1.30167e-18 0 -0.40622	
0.98	1.30727e-18 0 -0.40622	
0.99	1.30716e-18 0 -0.40622	
1	1.30716e-18 0 -0.40622	
1.01	1.30171e-18 0 -0.40622	
1.02	1.30716e-18 0 -0.40622	
1.03	1.30716e-18 0 -0.40622	
1.04	1.30722e-18 0 -0.40622	
1.05	1.30177e-18 0 -0.40622	
1.06	1.30171e-18 0 -0.40622	
1.07	1.30177e-18 0 -0.40622	
1.08	1.30722e-18 0 -0.40622	
1.09	1.30171e-18 0 -0.40622	
1.1	1.30171e-18 0 -0.40622	
1.11	1.30167e-18 0 -0.40622	
1.12	1.30722e-18 0 -0.40622	
1.13	1.30722e-18 0 -0.40622	
1.14	1.30171e-18 0 -0.40622	
1.15	1.30167e-18 0 -0.40622	
1.16	1.30177e-18 0 -0.40622	
1.17	1.30722e-18 0 -0.40622	
1.18	1.30716e-18 0 -0.40622	
1.19	1.30171e-18 0 -0.40622	
1.2	1.30167e-18 0 -0.40622	
1.21	1.30712e-18 0 -0.40622	
1.22	1.30722e-18 0 -0.40622	
1.23	1.30712e-18 0 -0.40622	
1.24	1.30182e-18 0 -0.40622	
1.25	1.30177e-18 0 -0.40622	
1.26	1.30712e-18 0 -0.40622	
1.27	1.30716e-18 0 -0.40622	
1.28	1.30167e-18 0 -0.40622	
1.29	1.30171e-18 0 -0.40622	
1.3	1.30171e-18 0 -0.40622	
1.31	1.30722e-18 0 -0.40622	
1.32	1.30716e-18 0 -0.40622	
1.33	1.30727e-18 0 -0.40622	
1.34	1.30182e-18 0 -0.40622	
1.35	1.30171e-18 0 -0.40622	
1.36	1.30167e-18 0 -0.40622	
1.37	1.30712e-18 0 -0.40622	
1.38	1.30722e-18 0 -0.40622	
1.39	1.30722e-18 0 -0.40622	
1.4	1.30722e-18 0 -0.40622	
1.41	1.30167e-18 0 -0.40622	
1.42	1.30167e-18 0 -0.40622	
1.43	1.30712e-18 0 -0.40622	
1.44	1.30171e-18 0 -0.40622	
1.45	1.30167e-18 0 -0.40622	
1.46	1.30712e-18 0 -0.40622	
1.47	1.30716e-18 0 -0.40622	
1.48	1.30167e-18 0 -0.40622	
1.49	1.30177e-18 0 -0.40622	
1.5	1.30716e-18 0 -0.40622	
1.51	1.30712e-18 0 -0.40622	
1.52	1.30722e-18 0 -0.40622	
1.53	1.30712e-18 0 -0.40622	
1.54	1.30712e-18 0 -0.40622	
1.55	1.30167e-18 0 -0.40622	
1.56	1.30722e-18 0 -0.40622	
1.57	1.30716e-18 0 -0.40622	
1.58	1.30171e-18 0 -0.40622	
1.59	1.30167e-18 0 -0.40622	
1.6	1.30167e-18 0 -0.40622	
1.61	1.30177e-18 0 -0.40622	
1.62	1.30722e-18 0 -0.40622	
1.63	1.30171e-18 0 -0.40622	
1.64	1.30167e-18 0 -0.40622	
1.65	1.30182e-18 0 -0.40622	
1.66	1.30171e-18 0 -0.40622	
1.67	1.30722e-18 0 -0.40622	
1.68	1.30167e-18 0 -0.40622	
1.69	1.30722e-18 0 -0.40622	
1.7	1.30177e-18 0 -0.40622	
1.71	1.30712e-18 0 -0.40622	
1.72	1.30714e-18 0 -0.40622	
1.73	1.30699e-18 0 -0.40622	
1.74	1.29617e-18 0 -0.40622	
1.75	1.30173e-18 0 -0.40622	
1.76	1.29617e-18 0 -0.40622	
1.77	1.29617e-18 0 -0.40622	
1.78	1.30162e-18 0 -0.40622	
1.79	1.29613e-18 0 -0.40622	
1.8	1.29613e-18 0 -0.40622	
1.81	1.30169e-18 0 -0.40622	
1.82	1.30158e-18 0 -0.40622	
1.83	1.29624e-18 0 -0.40622	
1.84	1.29613e-18 0 -0.40622	
1.85	1.30154e-18 0 -0.40622	
1.86	1.29613e-18 0 -0.40622	
1.87	1.29613e-18 0 -0.40622	
1.88	1.29613e-18 0 -0.40622	
1.89	1.29613e-18 0 -0.40622	
1.9	1.29613e-18 0 -0.40622	
1.91	1.29613e-18 0 -0.40622	
1.92	1.29609e-18 0 -0.40622	
1.93	1.29613e-18 0 -0.40622	
1.94	1.30165e-18 0 -0.40622	
1.95	1.30169e-18 0 -0.40622	
1.96	1.30165e-18 0 -0.40622	
1.97	1.30154e-18 0 -0.40622	
1.98	1.30169e-18 0 -0.40622	
1.99	1.29613e-18 0 -0.40622	
2	1.29624e-18 0 -0.40622	
2.01	1.30158e-18 0 -0.40622	
2.02	1.29624e-18 0 -0.40622	
2.03	1.29613e-18 0 -0.40622	
2.04	1.29613e-18 0 -0.40622	
2.05	1.29613e-18 0 -0.40622	
2.06	1.30158e-18 0 -0.40622	
2.07	1.30158e-18 0 -0.40622	
2.08	1.29624e-18 0 -0.40622	
2.09	1.30165e-18 0 -0.40622	
2.1	1.30169e-18 0 -0.40622	
2.11	1.29624e-18 0 -0.40622	
2.12	1.30158e-18 0 -0.40622	
2.13	1.29613e-18 0 -0.40622	
2.14	1.29624e-18 0 -0.40622	
2.15	1.30158e-18 0 -0.40622	
2.16	1.29613e-18 0 -0.40622	
2.17	1.29613e-18 0 -0.40622	
2.18	1.29613e-18 0 -0.40622	
2.19	1.30169e-18 0 -0.40622	
2.2	1.29617e-18 0 -0.40622	
2.21	1.29613e-18 0 -0.40622	
2.22	1.30169e-18 0 -0.40622	
2.23	1.29613e-18 0 -0.40622	
2.24	1.2962e-18 0 -0.40622	
2.25	1.29617e-18 0 -0.40622	
2.26	1.29624e-18 0 -0.40622	
2.27	1.30169e-18 0 -0.40622	
2.28	1.30158e-18 0 -0.40622	
2.29	1.30158e-18 0 -0.40622	
2.3	1.30169e-18 0 -0.40622	
2.31	1.29613e-18 0 -0.40622	
2.32	1.30169e-18 0 -0.40622	
2.33	1.30158e-18 0 -0.40622	
2.34	1.30165e-18 0 -0.40622	
2.35	1.29613e-18 0 -0.40622	
2.36	1.30158e-18 0 -0.40622	
2.37	1.29613e-18 0 -0.40622	
2.38	1.30165e-18 0 -0.40622	
2.39	1.30169e-18 0 -0.40622	
2.4	1.30173e-18 0 -0.40622	
2.41	1.30169e-18 0 -0.40622	
2.42	1.30158e-18 0 -0.40622	
2.43	1.30158e-18 0 -0.40622	
2.44	1.30158e-18 0 -0.40622	
2.45	1.29613e-18 0 -0.40622	
2.46	1.30158e-18 0 -0.40622	
2.47	1.29617e-18 0 -0.40622	
2.48	1.30158e-18 0 -0.40622	
2.49	1.30158e-18 0 -0.40622	
2.5	1.29613e-18 0 -0.40622	
2.51	1.30165e-18 0 -0.40622	
2.52	1.30169e-18 0 -0.40622	
2.53	1.29613e-18 0 -0.40622	
2.54	1.30169e-18 0 -0.40622	
2.55	1.29613e-18 0 -0.40622	
2.56	1.29613e-18 0 -0.40622	
2.57	1.30158e-18 0 -0.40622	
2.58	1.29613e-18 0 -0.40622	
2.59	1.29613e-18 0 -0.40622	
2.6	1.29613e-18 0 -0.40622	
2.61	1.30169e-18 0 -0.40622	
2.62	1.29613e-18 0 -0.40622	
2.63	1.29613e-18 0 -0.40622	
2.64	1.30154e-18 0 -0.40622	
2.65	1.30158e-18 0 -0.40622	
2.66	1.29613e-18 0 -0.40622	
2.67	1.29613e-18 0 -0.40622	
2.68	1.30158e-18 0 -0.40622	
2.69	1.30158e-18 0 -0.40622	
2.7	1.29613e-18 0 -0.40622	
2.71	1.29624e-18 0 -0.40622	
2.72	1.30158e-18 0 -0.40622	
2.73	1.30158e-18 0 -0.40622	
2.74	1.30169e-18 0 -0.40622	
2.75	1.29613e-18 0 -0.40622	
2.76	1.30165e-18 0 -0.40622	
2.77	1.30165e-18 0 -0.40622	
2.78	1.29613e-18 0 -0.40622	
2.79	1.30158e-18 0 -0.40622	
2.8	1.29613e-18 0 -0.40622	
2.81	1.29617e-18 0 -0.40622	
2.82	1.29613e-18 0 -0.40622	
2.83	1.29609e-18 0 -0.40622	
2.84	1.30158e-18 0 -0.40622	
2.85	1.29624e-18 0 -0.40622	
2.86	1.30165e-18 0 -0.40622	
2.87	1.29624e-18 0 -0.40622	
2.88	1.29613e-18 0 -0.40622	
2.89	1.30169e-18 0 -0.40622	
2.9	1.30165e-18 0 -0.40622	
2.91	1.29613e-18 0 -0.40622	
2.92	1.29622e-18 0 -0.40622	
2.93	1.29622e-18 0 -0.40622	
2.94	1.29626e-18 0 -0.40622	
2.95	1.29626e-18 0 -0.40622	
2.96	1.30173e-18 0 -0.40622	
2.97	1.29628e-18 0 -0.40622	
2.98	1.30718e-18 0 -0.40622	
2.99	1.30173e-18 0 -0.40622	
3	1.30162e-18 0 -0.40622	
3.01	1.30173e-18 0 -0.40622	
3.02	1.30173e-18 0 -0.40622	
3.03	1.30707e-18 0 -0.40622	
3.04	1.30162e-18 0 -0.40622	
3.05	1.30162e-18 0 -0.40622	
3.06	1.30162e-18 0 -0.40622	
3.07	1.30162e-18 0 -0.40622	
3.08	1.30173e-18 0 -0.40622	
3.09	1.30272e-18 0 -0.40622	
3.1	1.30354e-18 0 -0.40622	
3.11	1.30366e-18 0 -0.40622	
3.12	1.30491e-18 0 -0.40622	
3.13	1.31836e-18 0 -0.40622	
3.14	1.33107e-18 0 -0.40622	
3.15	1.34572e-18 0 -0.40622	
3.16	1.35633e-18 0 -0.40622	
3.17	1.36353e-18 0 -0.40622	
3.18	1.37246e-18 0 -0.40622	
3.19	1.37961e-18 0 -0.40622	
3.2	1.38475e-18 0 -0.40622	
3.21	1.38633e-18 0 -0.40622	
3.22	1.38797e-18 0 -0.40622	
3.23	1.38961e-18 0 -0.40622	
3.24	1.38952e-18 0 -0.40622	
3.25	1.38944e-18 0 -0.40622	
3.26	1.38724e-18 0 -0.40622	
3.27	1.38873e-18 0 -0.40622	
3.28	1.38674e-18 0 -0.40622	
3.29	1.39364e-18 0 -0.40622	
3.3	1.39159e-18 0 -0.40622	
3.31	1.40188e-18 0 -0.40622	
3.32	1.39974e-18 0 -0.40622	
3.33	1.39932e-18 0 -0.40622	
3.34	1.40976e-18 0 -0.40622	
3.35	1.40934e-18 0 -0.40622	
3.36	1.41433e-18 0 -0.40622	
3.37	1.41932e-18 0 -0.40622	
3.38	1.41712e-18 0 -0.40622	
3.39	1.41333e-18 0 -0.40622	
3.4	1.4166e-18 0 -0.40622	
3.41	1.41986e-18 0 -0.40622	
3.42	1.41969e-18 0 -0.40622	
3.43	1.41584e-18 0 -0.40622	
3.44	1.41755e-18 0 -0.40622	
3.45	1.41911e-18 0 -0.40622	
3.46	1.41887e-18 0 -0.40622	
3.47	1.42589e-18 0 -0.40622	
3.48	1.42573e-18 0 -0.40622	
3.49	1.42385e-18 0 -0.40622	
3.5	1.42729e-18 0 -0.40622	
3.51	1.4272e-18 0 -0.40622	
3.52	1.42524e-18 0 -0.40622	
3.53	1.42712e-18 0 -0.40622	
3.54	1.43048e-18 0 -0.40622	
3.55	1.43416e-18 0 -0.40622	
3.56	1.43213e-18 0 -0.40622	
3.57	1.43572e-18 0 -0.40622	
3.58	1.43916e-18 0 -0.40622	
3.59	1.44595e-18 0 -0.40622	
3.6	1.44946e-18 0 -0.40622	
3.61	1.44931e-18 0 -0.40622	
3.62	1.45445e-18 0 -0.40622	
3.63	1.45985e-18 0 -0.40622	
3.64	1.4667e-18 0 -0.40622	
3.65	1.47192e-18 0 -0.40622	
3.66	1.4751e-18 0 -0.40622	
3.67	1.48203e-18 0 -0.40622	
3.68	1.48725e-18 0 -0.40622	
3.69	1.48872e-18 0 -0.40622	
3.7	1.49384e-18 0 -0.40622	
3.71	1.49873e-18 0 -0.40622	
3.72	1.5054e-18 0 -0.40622	
3.73	1.51384e-18 0 -0.40622	
3.74	1.52237e-18 0 -0.40622	
3.75	1.52894e-18 0 -0.40622	
3.76	1.54247e-18 0 -0.40622	
3.77	1.54904e-18 0 -0.40622	
3.78	1.56433e-18 0 -0.40622	
3.79	1.57597e-18 0 -0.40622	
3.8	1.5859e-18 0 -0.40622	
3.81	1.59421e-18 0 -0.40622	
3.82	1.60566e-18 0 -0.40622	
3.83	1.61733e-18 0 -0.40622	
3.84	1.62208e-18 0 -0.40622	
3.85	1.63358e-18 0 -0.40622	
3.86	1.64882e-18 0 -0.40622	
3.87	1.65699e-18 0 -0.40622	
3.88	1.66332e-18 0 -0.40622	
3.89	1.66804e-18 0 -0.40622	
3.9	1.68634e-18 0 -0.40622	
3.91	1.68738e-18 0 -0.40622	
3.92	1.69911e-18 0 -0.40622	
3.93	1.69998e-18 0 -0.40622	
3.94	1.70986e-18 0 -0.40622	
3.95	1.71439e-18 0 -0.40622	
3.96	1.72592e-18 0 -0.40622	
3.97	1.74254e-18 0 -0.40622	
3.98	1.74696e-18 0 -0.40622	
3.99	1.75837e-18 0 -0.40622	
4	1.77126e-18 0 -0.40622	
4.01	1.77417e-18 0 -0.40622	
4.02	1.78199e-18 0 -0.40622	
4.03	1.78299e-18 0 -0.40622	
4.04	1.79276e-18 0 -0.40622	
4.05	1.80197e-18 0 -0.40622	
4.06	1.80982e-18 0 -0.40622	
4.07	1.81405e-18 0 -0.40622	
4.08	1.8233e-18 0 -0.40622	
4.09	1.82422e-18 0 -0.40622	
4.1	1.82844e-18 0 -0.40622	
4.11	1.83247e-18 0 -0.40622	
4.12	1.82819e-18 0 -0.40622	
4.13	1.82746e-18 0 -0.40622	
4.14	1.82289e-18 0 -0.40622	
4.15	1.81146e-18 0 -0.40622	
4.16	1.814e-18 0 -0.40622	
4.17	1.80233e-18 0 -0.40622	
4.18	1.798e-18 0 -0.40622	
4.19	1.79305e-18 0 -0.40622	
4.2	1.7941e-18 0 -0.40622	
4.21	1.78915e-18 0 -0.40622	
4.22	1.78487e-18 0 -0.40622	
4.23	1.7853e-18 0 -0.40622	
4.24	1.78612e-18 0 -0.40622	
4.25	1.79039e-18 0 -0.40622	
4.26	1.79755e-18 0 -0.40622	
4.27	1.80195e-18 0 -0.40622	
4.28	1.8076e-18 0 -0.40622	
4.29	1.8187e-18 0 -0.40622	
4.3	1.8279e-18 0 -0.40622	
4.31	1.83859e-18 0 -0.40622	
4.32	1.84777e-18 0 -0.40622	
4.33	1.86023e-18 0 -0.40622	
4.34	1.86609e-18 0 -0.40622	
4.35	1.8851e-18 0 -0.40622	
4.36	1.89563e-18 0 -0.40622	
4.37	1.90629e-18 0 -0.40622	
4.38	1.91376e-18 0 -0.40622	
4.39	1.92285e-18 0 -0.40622	
4.4	1.92969e-18 0 -0.40622	
4.41	1.93856e-18 0 -0.40622	
4.42	1.949e-18 0 -0.40622	
4.43	1.9547e-18 0 -0.40622	
4.44	1.96291e-18 0 -0.40622	
4.45	1.96827e-18 0 -0.40622	
4.46	1.97169e-18 0 -0.40622	
4.47	1.9821e-18 0 -0.40622	
4.48	1.98931e-18 0 -0.40622	
4.49	1.99433e-18 0 -0.40622	
4.5	1.99934e-18 0 -0.40622	
4.51	2.00308e-18 0 -0.40622	
4.52	2.00328e-18 0 -0.40622	
4.53	2.00834e-18 0 -0.40622	
4.54	2.01218e-18 0 -0.40622	
4.55	2.01121e-18 0 -0.40622	
4.56	2.01121e-18 0 -0.40622	
4.57	2.0098e-18 0 -0.40622	
4.58	2.01162e-18 0 -0.40622	
4.59	2.01875e-18 0 -0.40622	
4.6	2.01564e-18 0 -0.40622	
4.61	2.01769e-18 0 -0.40622	
4.62	2.01466e-18 0 -0.40622	
4.63	0.353268 -3.55971 -7.32302	
4.64	1.12242 -10.8177 -20.2851	
4.65	0.904631 -8.774 -16.7328	
4.66	0.729287 -7.11821 -13.8156	
4.67	0.588365 -5.77757 -11.4165	
4.68	0.475557 -4.6948 -9.44328	
4.69	0.38531 -3.82057 -7.82052	
4.7	0.312242 -3.10959 -6.48925	
4.71	0.252906 -2.53017 -5.39683	
4.72	0.205053 -2.05994 -4.49964	
4.73	0.165901 -1.6751 -3.76493	
4.74	0.134269 -1.36249 -3.16205	
4.75	0.108998 -1.11017 -2.66624	
4.76	0.0883077 -0.903529 -2.25999	
4.77	0.0720351 -0.738285 -1.92548	
4.78	0.0582223 -0.600097 -1.65297	
4.79	0.0473291 -0.489381 -1.42849	
4.8	0.0381588 -0.397232 -1.24533	
4.81	0.0310311 -0.324025 -1.09425	
4.82	0.0250153 -0.263019 -0.97104	
4.83	0.0202891 -0.21423 -0.869498	
4.84	0.016331 -0.173764 -0.786631	
4.85	0.0133408 -0.142113 -0.718072	
4.86	0.0107858 -0.115557 -0.662185	
4.87	0.0087739 -0.0942837 -0.616183	
4.88	0.00709186 -0.0766618 -0.578623	
4.89	0.00579524 -0.0627064 -0.547623	
4.9	0.00471343 -0.0511624 -0.522308	
4.91	0.0038269 -0.0417044 -0.501573	
4.92	0.00312721 -0.0341141 -0.484517	
4.93	0.00255459 -0.0279001 -0.470546	
4.94	0.0020811 -0.022784 -0.459117	
4.95	0.0017032 -0.0186529 -0.44973	
4.96	0.00138942 -0.0152439 -0.442054	
4.97	0.00112801 -0.0124256 -0.435778	
4.98	0.000914105 -0.0101188 -0.430638	
4.99	0.000741995 -0.00824753 -0.42642	
5	0.000606397 -0.00674702 -0.422952	
5.01	0.000492952 -0.00550379 -0.420117	
5.02	0.000402769 -0.00450201 -0.417789	
5.03	0.000327993 -0.00367595 -0.415884	
5.04	0.000267091 -0.00300143 -0.414324	
5.05	0.000218643 -0.00245755 -0.413042	
5.06	0.000218109 -0.00245434 -0.413043	
5.07	0.000217963 -0.00245354 -0.413044	
5.08	0.000216758 -0.00244634 -0.413047	
5.09	0.000216632 -0.00244565 -0.413047	
5.1	0.000215397 -0.00243826 -0.41305	
5.11	0.000214541 -0.00243314 -0.413052	
5.12	0.000214124 -0.00243067 -0.413054	
5.13	0.00021332 -0.00242586 -0.413055	
5.14	0.000212059 -0.00241837 -0.413059	
5.15	0.000211636 -0.00241579 -0.41306	
5.16	0.000209703 -0.00240428 -0.413065	
5.17	0.000208898 -0.00239946 -0.413067	
5.18	0.00020769 -0.00239222 -0.413069	
5.19	0.000206534 -0.00238529 -0.413072	
5.2	0.000205326 -0.00237805 -0.413075	
5.21	0.000203063 -0.00236448 -0.41308	
5.22	0.000201125 -0.00235292 -0.413085	
5.23	0.000199212 -0.00234143 -0.41309	
5.24	0.000196947 -0.00232783 -0.413095	
5.25	0.000195787 -0.00232086 -0.413097	
5.26	0.00019352 -0.00230724 -0.413103	
5.27	0.00019239 -0.00230045 -0.413105	
5.28	0.000189739 -0.0022845 -0.413111	
5.29	0.000189687 -0.00228418 -0.413111	
5.3	0.000188174 -0.00227508 -0.413115	
5.31	0.000187019 -0.00226815 -0.413117	
5.32	0.00018694 -0.00226773 -0.413118	
5.33	0.000186165 -0.00226302 -0.413119	
5.34	0.000185328 -0.00225804 -0.413121	
5.35	0.000185636 -0.00225991 -0.413121	
5.36	0.000185538 -0.00225934 -0.413121	
5.37	0.000185845 -0.00226121 -0.413121	
5.38	0.000187239 -0.00226962 -0.413118	
5.39	0.00018676 -0.00226675 -0.413119	
5.4	0.00018772 -0.00227254 -0.413117	
5.41	0.000187645 -0.0022721 -0.413117	
5.42	0.000188281 -0.00227588 -0.413115	
5.43	0.000188889 -0.00227956 -0.413114	
5.44	0.000190281 -0.00228789 -0.413111	
5.45	0.000191679 -0.00229621 -0.413107	
5.46	0.000193402 -0.0023066 -0.413103	
5.47	0.000193641 -0.00230801 -0.413103	
5.48	0.000193111 -0.00230484 -0.413104	
5.49	0.000194106 -0.00231079 -0.413101	
5.5	0.000195056 -0.00231649 -0.413099	
5.51	0.00019605 -0.00232244 -0.413097	
5.52	0.000196651 -0.00232612 -0.413096	
5.53	0.000196915 -0.00232773 -0.413095	
5.54	0.000197564 -0.00233163 -0.413094	
5.55	0.000197805 -0.00233312 -0.413094	
5.56	0.000197377 -0.00233055 -0.413095	
5.57	0.000197656 -0.00233229 -0.413094	
5.58	0.000198715 -0.00233866 -0.413092	
5.59	0.000197454 -0.00233115 -0.413095	
5.6	0.000197423 -0.0023309 -0.413095	
5.61	0.000198159 -0.00233535 -0.413093	
5.62	0.000195454 -0.00231919 -0.4131	
5.63	0.0001947 -0.00231467 -0.413102	
5.64	0.000193226 -0.0023058 -0.413105	
5.65	0.000192097 -0.00229908 -0.413108	
5.66	0.000191368 -0.00229467 -0.41311	
5.67	0.000189905 -0.00228588 -0.413113	
5.68	0.00018844 -0.00227708 -0.413116	
5.69	0.000187716 -0.0022727 -0.413118	
5.7	0.000187022 -0.00226848 -0.413119	
5.71	0.000185949 -0.00226202 -0.413121	
5.72	0.000184893 -0.00225563 -0.413124	
5.73	0.000183779 -0.0022489 -0.413126	
5.74	0.000183799 -0.00224898 -0.413126	
5.75	0.000182696 -0.00224235 -0.413128	
5.76	0.000183833 -0.00224918 -0.413126	
5.77	0.000183872 -0.00224944 -0.413126	
5.78	0.00018277 -0.00224281 -0.413128	
5.79	0.000182785 -0.00224293 -0.413128	
5.8	0.000181699 -0.00223637 -0.41313	
5.81	0.000182836 -0.00224312 -0.413127	
5.82	0.000182866 -0.00224323 -0.413127	
5.83	0.000182116 -0.00223873 -0.413129	
5.84	0.000182131 -0.00223878 -0.413128	
5.85	0.000182138 -0.00223884 -0.413129	
5.86	0.000182151 -0.00223888 -0.413128	
5.87	0.000182157 -0.00223885 -0.413128	
5.88	0.000182162 -0.00223882 -0.413128	
5.89	0.000182162 -0.00223882 -0.413128	
5.9	0.000182162 -0.00223882 -0.413128	
5.91	0.000182167 -0.00223879 -0.413127	
5.92	0.000182162 -0.00223882 -0.413128	
5.93	0.000182134 -0.00223858 -0.413127	
5.94	0.000183277 -0.00224548 -0.413125	
5.95	0.000183311 -0.00224568 -0.413125	
5.96	0.000182167 -0.00223879 -0.413127	
5.97	0.000183282 -0.00224544 -0.413124	
5.98	0.000182167 -0.00223879 -0.413127	
5.99	0.000182171 -0.00223875 -0.413127	
6	0.000182171 -0.00223875 -0.413127	
6.01	0.000182205 -0.00223896 -0.413127	
6.02	0.000182208 -0.00223891 -0.413126	
6.03	0.000183285 -0.00224539 -0.413124	
6.04	0.000183285 -0.00224539 -0.413124	
6.05	0.000182175 -0.0022387 -0.413126	
6.06	0.000183285 -0.00224539 -0.413124	
6.07	0.000184399 -0.00225203 -0.413121	
6.08	0.000185502 -0.00225865 -0.413119	
6.09	0.000186615 -0.00226528 -0.413116	
6.1	0.00018772 -0.00227184 -0.413113	
6.11	0.00018994 -0.00228512 -0.413107	
6.12	0.000191036 -0.00229166 -0.413105	
6.13	0.00019214 -0.0022982 -0.413102	
6.14	0.000193589 -0.00230686 -0.413098	
6.15	0.000195432 -0.00231776 -0.413093	
6.16	0.000197206 -0.00232846 -0.413089	
6.17	0.000199767 -0.00234372 -0.413083	
6.18	0.000201573 -0.00235445 -0.413078	
6.19	0.000203026 -0.00236314 -0.413074	
6.2	0.000203373 -0.00236519 -0.413073	
6.21	0.000205968 -0.00238059 -0.413066	
6.22	0.000207034 -0.00238693 -0.413063	
6.23	0.000208136 -0.00239335 -0.41306	
6.24	0.000208888 -0.00239785 -0.413058	
6.25	0.000212197 -0.00241757 -0.41305	
6.26	0.000212976 -0.00242204 -0.413047	
6.27	0.000215148 -0.00243502 -0.413041	
6.28	0.000217338 -0.00244789 -0.413035	
6.29	0.000218425 -0.00245414 -0.413031	
6.3	0.000222415 -0.0024778 -0.41302	
6.31	0.000223851 -0.00248619 -0.413015	
6.32	0.000225603 -0.00249645 -0.41301	
6.33	0.000227076 -0.00250509 -0.413005	
6.34	0.000229616 -0.00252017 -0.412998	
6.35	0.000231053 -0.00252857 -0.412994	
6.36	0.000232147 -0.00253506 -0.412991	
6.37	0.000233582 -0.00254345 -0.412986	
6.38	0.000234676 -0.00254992 -0.412983	
6.39	0.00023576 -0.00255621 -0.41298	
6.4	0.000236857 -0.00256274 -0.412977	
6.41	0.000237953 -0.00256926 -0.412974	
6.42	0.000237953 -0.00256926 -0.412974	
6.43	0.00024017 -0.00258233 -0.412967	
6.44	0.000241221 -0.00258843 -0.412964	
6.45	0.000242354 -0.00259522 -0.412961	
6.46	0.000243438 -0.00260153 -0.412958	
6.47	0.000244521 -0.00260784 -0.412954	
6.48	0.000245626 -0.00261415 -0.41295	
6.49	0.000245575 -0.00261365 -0.412949	
6.5	0.000248132 -0.00262871 -0.412941	
6.51	0.000248453 -0.00263033 -0.412939	
6.52	0.000249911 -0.00263882 -0.412934	
6.53	0.000251702 -0.00264911 -0.412927	
6.54	0.000253125 -0.0026574 -0.412923	
6.55	0.000254544 -0.00266562 -0.412918	
6.56	0.000255635 -0.00267179 -0.412913	
6.57	0.000256001 -0.00267382 -0.412911	
6.58	0.000257014 -0.00267944 -0.412906	
6.59	0.000257009 -0.00267911 -0.412905	
6.6	0.000258114 -0.00268551 -0.412901	
6.61	0.000259159 -0.00269136 -0.412896	
6.62	0.000260252 -0.00269735 -0.41289	
6.63	0.000261675 -0.00270545 -0.412885	
6.64	0.000262748 -0.0027114 -0.41288	
6.65	0.000264205 -0.0027197 -0.412874	
6.66	0.000265274 -0.00272562 -0.412868	
6.67	0.00026563 -0.0027275 -0.412866	
6.68	0.000266697 -0.00273339 -0.412861	
6.69	0.000266746 -0.00273353 -0.41286	
6.7	0.000268156 -0.00274149 -0.412854	
6.71	0.000269217 -0.00274739 -0.412849	
6.72	0.000269225 -0.00274726 -0.412848	
6.73	0.000270283 -0.00275312 -0.412843	
6.74	0.000271374 -0.00275938 -0.412839	
6.75	0.000271387 -0.00275909 -0.412837	
6.76	0.00027244 -0.00276491 -0.412831	
6.77	0.000273878 -0.00277302 -0.412825	
6.78	0.000273845 -0.00277235 -0.412823	
6.79	0.000273856 -0.00277177 -0.412819	
6.8	0.000275292 -0.00277971 -0.412812	
6.81	0.000275648 -0.002781 -0.412807	
6.82	0.000276044 -0.00278282 -0.412803	
6.83	0.000276006 -0.00278201 -0.412799	
6.84	0.000276446 -0.00278432 -0.412797	
6.85	0.000277881 -0.00279212 -0.412789	
6.86	0.000276852 -0.00278573 -0.41279	
6.87	0.000277156 -0.00278691 -0.412786	
6.88	0.000277162 -0.00278657 -0.412784	
6.89	0.000277559 -0.00278857 -0.412781	
6.9	0.000278602 -0.00279399 -0.412774	
6.91	0.00027753 -0.00278699 -0.412773	
6.92	0.000277588 -0.0027869 -0.41277	
6.93	0.000278679 -0.0027926 -0.412763	
6.94	0.000278743 -0.00279245 -0.41276	
6.95	0.0002788 -0.00279242 -0.412758	
6.96	0.000277789 -0.00278585 -0.412757	
6.97	0.000277856 -0.0027857 -0.412754	
6.98	0.000278314 -0.00278822 -0.412752	
6.99	0.000279469 -0.00279413 -0.412744	
7	0.000279484 -0.0027937 -0.412741	
7.01	0.000278576 -0.00278838 -0.412744	
7.02	0.000278654 -0.00278819 -0.41274	
7.03	0.000278721 -0.00278836 -0.412738	
7.04	0.000278856 -0.0027887 -0.412735	
7.05	0.00027903 -0.00278975 -0.412735	
7.06	0.000279156 -0.00279022 -0.412733	
7.07	0.000279283 -0.00279069 -0.412731	
7.08	0.000279403 -0.00279138 -0.412731	
7.09	0.000278496 -0.00278607 -0.412734	
7.1	0.000279646 -0.00279261 -0.412729	
7.11	0.000279861 -0.00279421 -0.41273	
7.12	0.000279931 -0.00279439 -0.412729	
7.13	0.000280091 -0.00279553 -0.412729	
7.14	0.000280197 -0.00279632 -0.41273	
7.15	0.000279221 -0.00279074 -0.412734	
7.16	0.000279359 -0.00279211 -0.412736	
7.17	0.000280548 -0.00279918 -0.412733	
7.18	0.00027956 -0.0027937 -0.412738	
7.19	0.000279309 -0.00279255 -0.412741	
7.2	0.000279345 -0.00279306 -0.412742	
7.21	0.000279455 -0.00279378 -0.412742	
7.22	0.000279491 -0.00279428 -0.412744	
7.23	0.000279527 -0.00279478 -0.412745	
7.24	0.000279561 -0.00279528 -0.412747	
7.25	0.000279651 -0.00279613 -0.412748	
7.26	0.00028082 -0.00280333 -0.412746	
7.27	0.000281197 -0.00280583 -0.412747	
7.28	0.000281174 -0.00280595 -0.412748	
7.29	0.000282282 -0.00281283 -0.412747	
7.3	0.000282368 -0.00281365 -0.412749	
7.31	0.000283509 -0.00282091 -0.412748	
7.32	0.000282749 -0.00281668 -0.412752	
7.33	0.000283908 -0.00282389 -0.41275	
7.34	0.000282857 -0.00281798 -0.412755	
7.35	0.000284336 -0.00282721 -0.412754	
7.36	0.000284336 -0.00282721 -0.412754	
7.37	0.000284359 -0.00282769 -0.412755	
7.38	0.00028365 -0.00282379 -0.412759	
7.39	0.00028473 -0.00283013 -0.412756	
7.4	0.000284784 -0.00283048 -0.412756	
7.41	0.000284755 -0.00283055 -0.412757	
7.42	0.00028407 -0.00282703 -0.412762	
7.43	0.000285173 -0.00283378 -0.41276	
7.44	0.000284094 -0.00282743 -0.412763	
7.45	0.000284094 -0.00282743 -0.412763	
7.46	0.00028525 -0.00283452 -0.412762	
7.47	0.00028414 -0.00282821 -0.412766	
7.48	0.000284506 -0.00283062 -0.412766	
7.49	0.000285607 -0.00283734 -0.412764	
7.5	0.000284569 -0.00283173 -0.41277	
7.51	0.000286012 -0.00284047 -0.412767	
7.52	0.000286103 -0.00284152 -0.41277	
7.53	0.00028643 -0.00284389 -0.412771	
7.54	0.000286853 -0.00284754 -0.412777	
7.55	0.000286944 -0.00284885 -0.412781	
7.56	0.000287323 -0.00285175 -0.412783	
7.57	0.000288387 -0.00285895 -0.412785	
7.58	0.000288811 -0.00286249 -0.41279	
7.59	0.000289172 -0.00286538 -0.412793	
7.6	0.000290608 -0.00287473 -0.412793	
7.61	0.00029062 -0.00287563 -0.412798	
7.62	0.000289894 -0.00287192 -0.412803	
7.63	0.000291324 -0.00288092 -0.412802	
7.64	0.00029128 -0.002881 -0.412804	
7.65	0.000290258 -0.00287533 -0.412809	
7.66	0.000290262 -0.00287545 -0.41281	
7.67	0.000290267 -0.00287562 -0.41281	
7.68	0.000290271 -0.00287589 -0.412812	
7.69	0.000290326 -0.00287648 -0.412813	
7.7	0.000290279 -0.00287643 -0.412815	
7.71	0.000288911 -0.00286865 -0.41282	
7.72	0.000288863 -0.00286839 -0.41282	
7.73	0.000288917 -0.00286897 -0.412822	
7.74	0.00028892 -0.00286902 -0.412822	
7.75	0.000288923 -0.00286927 -0.412823	
7.76	0.000288926 -0.00286933 -0.412823	
7.77	0.000288929 -0.00286957 -0.412825	
7.78	0.000288937 -0.00286956 -0.412824	
7.79	0.000288938 -0.00286975 -0.412825	
7.8	0.000288995 -0.00287018 -0.412826	
7.81	0.00028895 -0.00286998 -0.412826	
7.82	0.000288956 -0.00287009 -0.412826	
7.83	0.000288962 -0.00287021 -0.412827	
7.84	0.000290043 -0.0028766 -0.412824	
7.85	0.000288625 -0.0028683 -0.412828	
7.86	0.000288626 -0.00286817 -0.412828	
7.87	0.000288285 -0.00286621 -0.412829	
7.88	0.000288285 -0.00286621 -0.412829	
7.89	0.000288285 -0.00286621 -0.412829	
7.9	0.000288285 -0.00286621 -0.412829	
7.91	0.000288285 -0.00286621 -0.412829	
7.92	0.000288285 -0.00286621 -0.412829	
7.93	0.000288234 -0.00286589 -0.412829	
7.94	0.000288285 -0.00286621 -0.412829	
7.95	0.000288282 -0.00286615 -0.412829	
7.96	0.000288282 -0.00286615 -0.412829	
7.97	0.00028828 -0.00286628 -0.412829	
7.98	0.000287199 -0.00285988 -0.412832	
7.99	0.000288277 -0.00286622 -0.412829	
8	0.000288272 -0.00286598 -0.412828	
8.01	0.000288268 -0.00286605 -0.412828	
8.02	0.000288262 -0.00286593 -0.412828	
8.03	0.000288259 -0.00286588 -0.412828	
8.04	0.000288253 -0.00286576 -0.412827	
8.05	0.00028825 -0.0028657 -0.412827	
8.06	0.000289376 -0.0028723 -0.412824	
8.07	0.000288247 -0.00286565 -0.412827	
8.08	0.000288244 -0.00286559 -0.412827	
8.09	0.000288244 -0.00286559 -0.412827	
8.1	0.000288244 -0.00286559 -0.412827	
8.11	0.000288241 -0.00286571 -0.412828	
8.12	0.000288244 -0.00286559 -0.412827	
8.13	0.000288244 -0.00286559 -0.412827	
8.14	0.000288193 -0.00286527 -0.412827	
8.15	0.000288244 -0.00286559 -0.412827	
8.16	0.000288244 -0.00286559 -0.412827	
8.17	0.000289322 -0.00287192 -0.412824	
8.18	0.000289322 -0.00287192 -0.412824	
8.19	0.000288247 -0.00286565 -0.412827	
8.2	0.000288249 -0.00286552 -0.412826	
8.21	0.000288249 -0.00286552 -0.412826	
8.22	0.000288249 -0.00286552 -0.412826	
8.23	0.00028825 -0.00286538 -0.412825	
8.24	0.00028825 -0.00286538 -0.412825	
8.25	0.00028825 -0.00286538 -0.412825	
8.26	0.00028825 -0.00286538 -0.412825	
8.27	0.00028825 -0.00286538 -0.412825	
8.28	0.00028825 -0.00286538 -0.412825	
8.29	0.000289329 -0.00287172 -0.412822	
8.3	0.00028825 -0.00286538 -0.412825	
8.31	0.000289329 -0.00287158 -0.412821	
8.32	0.0002882 -0.00286493 -0.412825	
8.33	0.00028933 -0.00287144 -0.412821	
8.34	0.00028938 -0.0028719 -0.412821	
8.35	0.000288988 -0.00286962 -0.412823	
8.36	0.000289039 -0.00286993 -0.412823	
8.37	0.000288988 -0.00286962 -0.412823	
8.38	0.000288991 -0.00286953 -0.412822	
8.39	0.000289725 -0.00287399 -0.412821	
8.4	0.000289725 -0.00287399 -0.412821	
8.41	0.000290805 -0.00288023 -0.412817	
8.42	0.000290805 -0.00288023 -0.412817	
8.43	0.000290808 -0.00288043 -0.412818	
8.44	0.00029081 -0.00288034 -0.412817	
8.45	0.000291887 -0.00288681 -0.412815	
8.46	0.000291546 -0.00288471 -0.412815	
8.47	0.000291154 -0.00288243 -0.412817	
8.48	0.000291254 -0.00288307 -0.412817	
8.49	0.000291306 -0.00288346 -0.412817	
8.5	0.000291011 -0.00288177 -0.412818	
8.51	0.00029214 -0.00288848 -0.412815	
8.52	0.000292532 -0.00289082 -0.412814	
8.53	0.000294735 -0.00290369 -0.412807	
8.54	0.000296545 -0.00291425 -0.412801	
8.55	0.000298012 -0.00292289 -0.412797	
8.56	0.000298746 -0.00292724 -0.412795	
8.57	0.000299823 -0.00293359 -0.412792	
8.58	0.000301966 -0.002946 -0.412784	
8.59	0.000303042 -0.00295234 -0.412781	
8.6	0.000303042 -0.00295234 -0.412781	
8.61	0.00030411 -0.00295845 -0.412777	
8.62	0.000304114 -0.00295862 -0.412778	
8.63	0.000305186 -0.00296489 -0.412774	
8.64	0.000305186 -0.00296489 -0.412774	
8.65	0.000305183 -0.00296483 -0.412774	
8.66	0.00030625 -0.00297093 -0.41277	
8.67	0.000307325 -0.00297737 -0.412767	
8.68	0.000307321 -0.0029772 -0.412767	
8.69	0.000308395 -0.00298363 -0.412764	
8.7	0.000308391 -0.00298346 -0.412763	
8.71	0.000309461 -0.00298971 -0.41276	
8.72	0.000309459 -0.00298966 -0.41276	
8.73	0.000308393 -0.00298357 -0.412764	
8.74	0.000309463 -0.00298982 -0.41276	
8.75	0.000309463 -0.00298982 -0.41276	
8.76	0.000310528 -0.00299591 -0.412756	
8.77	-16.2889 -0.683542 0.330819	
8.78	-13.3454 -0.505492 0.151319	
8.79	-10.9315 -0.39543 0.034528	
8.8	-8.95521 -0.293486 -0.0711017	
8.81	-7.33671 -0.234105 -0.137215	
8.82	-7.56766 0.185041 0.65196	
8.83	-6.19936 0.168552 0.445809	
8.84	-8.79985 -0.0211598 0.39082	
8.85	-7.2105 0.00282042 0.229449	
8.86	-8.70652 -0.0943633 0.235498	
8.87	-7.13209 -0.0581816 0.102955	
8.88	-8.81799 -0.130152 0.156939	
8.89	-7.22294 -0.0939589 0.0440986	
8.9	-8.8225 -0.140954 0.111664	
8.91	-8.0959 0.107925 0.432782	
8.92	-8.83933 -0.366524 -0.3705	
8.93	-8.18976 -0.068946 0.0696578	
8.94	-8.80681 0.316775 0.803948	
8.95	-6.9578 0.0554632 0.213465	
8.96	-7.04466 -0.0482331 0.4267	
8.97	-4.90762 0.00462129 0.52938	
8.98	-5.6011 -1.28588 1.8643	
8.99	-4.30431 -0.234775 0.94414	
9	-6.70112 -0.0602813 0.706536	
9.01	-4.60511 0.185931 0.49504	
9.02	-6.89549 0.149218 0.610841	
9.03	-4.59039 0.432525 1.07123	
9.04	-7.01548 0.203969 0.845677	
9.05	-4.61375 0.264157 0.880618	
9.06	-6.94273 -0.184023 0.423165	
9.07	-4.65258 0.044607 0.499338	
9.08	-7.48486 -0.100244 0.549668	
9.09	-0.847905 -0.344243 -0.41892	
9.1	-9.08683 -8.3452 -13.1986	
9.11	-0.318368 -2.52209 -4.08788	
9.12	-7.89032 -0.690865 -1.36965	
9.13	1.12698 0.375078 -0.681575	
9.14	-8.37017 -1.04203 -2.41305	
9.15	-0.107157 0.233324 -1.18325	
9.16	-7.39516 0.136445 -0.83896	
9.17	1.72605 7.36736 12.9539	
9.18	-11.4334 -1.06541 1.15875	
9.19	1.10224 0.229278 1.6233	
9.2	-10.0389 3.44241 7.6657	
9.21	1.55758 -4.71934 -7.94719	
9.22	-13.7738 1.55652 1.62858	
9.23	3.92649 1.26035 1.05235	
9.24	-12.6523 -1.14236 -0.263505	
9.25	3.4691 -1.94515 -3.34134	
9.26	-16.0764 1.65889 2.14442	
9.27	6.95288 1.60217 1.83462	
9.28	-17.8415 1.72429 2.67999	
9.29	4.88565 -0.0567127 0.0860742	
9.3	-17.2807 0.623992 1.65111	
9.31	5.10197 -0.750257 -0.789258	
9.32	-16.6456 0.19174 1.09198	
9.33	5.03263 -1.08558 -1.02115	
9.34	-15.9147 -0.227861 0.59764	
9.35	4.47604 -1.26899 -1.24406	
9.36	-15.475 -0.339028 0.482343	
9.37	3.84169 -1.13742 -1.13345	
9.38	-15.0804 0.307794 1.66799	
9.39	2.85735 -0.569282 -0.31307	
9.4	-14.1644 0.239612 1.40461	
9.41	2.65129 -0.605953 -0.519792	
9.42	-14.1663 0.263639 1.37047	
9.43	2.56302 -0.54631 -0.534365	
9.44	-14.1032 -0.682668 2.01697	
9.45	2.43271 -0.193544 1.00997	
9.46	-14.0406 -0.212088 1.05956	
9.47	4.06851 0.269703 1.50986	
9.48	-15.2875 -2.25826 -0.551439	
9.49	4.79141 -1.14057 -0.625135	
9.5	-15.7764 -0.753604 -0.00937779	
9.51	4.57689 -0.030272 0.531993	
9.52	-15.9095 -1.58874 -0.968206	
9.53	7.81511 -3.71627 -5.21583	
9.54	-13.8776 5.75339 5.49897	
9.55	-6.55361 0.45011 -1.74977	
9.56	-8.56232 -2.5138 -6.01159	
9.57	-4.37898 -0.427785 -3.64601	
9.58	-5.61171 1.12475 -0.17677	
9.59	-2.98184 -5.38972 -10.0668	
9.6	-3.2015 0.033771 -1.68983	
9.61	-1.05714 2.60024 3.19407	
9.62	-2.58777 -0.924834 -2.22487	
9.63	2.84381 -1.15622 -2.77969	
9.64	-6.62472 3.08729 4.51415	
9.65	-5.44076 11.3087 18.4246	
9.66	-5.14761 7.9352 17.5625	
9.67	-13.8307 7.25109 14.37	
9.68	-1.42257 8.07881 29.3167	
9.69	35.0365 10.919 42.3612	
9.7	125.249 -164.024 -47.3517	
9.71	196.009 -84.6729 48.5476	
9.72	155.997 -50.5288 46.7878	
9.73	93.834 -5.89502 39.3265	
9.74	76.2229 6.47889 38.9096	
9.75	60.1227 12.4232 35.1099	
9.76	47.1911 14.7355 30.5223	
9.77	37.1348 15.2311 26.1543	
9.78	29.4961 14.5793 22.2105	
9.79	23.3605 13.5235 18.7133	
9.8	15.3672 14.0056 17.3892	
9.81	10.8718 14.853 17.0931	
9.82	8.64365 15.3398 16.8201	
9.83	6.6776 15.4824 16.2876	
9.84	5.37794 15.5953 15.9196	
9.85	4.33761 15.7186 15.6891	
9.86	3.50768 16.0155 15.7335	
9.87	2.82444 16.5629 16.1	
9.88	2.25347 17.1629 16.5404	
9.89	1.8087 17.8935 17.1622	
9.9	1.43148 18.4914 17.66	
9.91	1.13113 18.8322 17.9153	
9.92	0.872947 18.8683 17.8636	
9.93	0.673185 18.7189 17.6348	
9.94	0.499994 18.6918 17.578	
9.95	0.36025 18.7455 17.6155	
9.96	0.24948 18.8137 17.6754	
9.97	0.140126 18.857 17.7055	
9.98	0.060593 18.8688 17.7124	
9.99	-0.00070663 18.8542 17.6892	
10	-0.0490841 18.7038 17.5494	
10.01	-0.0826064 18.4121 17.2438	
10.02	-0.0771389 15.2002 13.9832	
10.03	23.7729 6.89559 2.31281	
10.04	-7.99104 3.94309 1.80363	
10.05	-6.54675 3.23537 1.39874	
10.06	18.3 2.44224 2.52214	
10.07	-7.70884 -0.323408 -0.349026	
10.08	15.1828 -0.339966 -0.192577	
10.09	-44.209 -14.0173 -11.8646	
10.1	48.8997 -18.388 -6.65206	
10.11	22.3426 3.58385 8.77333	
10.12	-44.4859 -14.9162 -8.13014	
10.13	12.2359 -7.77215 -12.9866	
10.14	-46.6716 -14.1185 -8.17913	
10.15	4.05459 -15.9734 -21.1368	
10.16	-39.8791 -22.8629 -23.4773	
10.17	-29.4196 -17.8152 -23.3207	
10.18	-19.8954 -15.4599 -23.8648	
10.19	-13.538 -14.3301 -24.587	
10.2	-10.0747 -12.7743 -23.4527	
10.21	-7.51117 -12.0021 -22.9138	
10.22	-5.67634 -11.8244 -22.8953	
10.23	-4.41082 -11.6316 -22.6364	
10.24	-3.46634 -11.6199 -22.6424	
10.25	-2.71327 -12.0898 -23.3273	
10.26	-2.16692 -12.522 -23.9631	
10.27	-19.4422 -11.8164 -23.5986	
10.28	-1.08524 -1.465 -4.05487	
10.29	-17.8931 -0.408747 -0.0536947	
10.3	3.03042 0.429849 0.828572	
10.31	-15.3724 -0.82899 0.104315	
10.32	4.53815 -0.359184 -0.265971	
10.33	-12.4871 -0.930269 -0.445152	
10.34	5.83307 -0.440822 -0.599114	
10.35	-10.2375 -0.874574 -0.643949	
10.36	7.7039 0.162671 0.317091	
10.37	-8.56482 -0.575736 -0.407766	
10.38	9.43572 0.31552 0.666984	
10.39	-8.26497 -0.698558 -0.463179	
10.4	11.3717 0.0819824 -0.757729	
10.41	-9.13931 -7.09888 -11.4588	
10.42	11.1002 -0.483552 -0.69786	
10.43	-10.2342 -1.25583 -1.16804	
10.44	10.8797 0.0111112 0.302782	
10.45	-10.8865 -1.39897 -1.08628	
10.46	10.2023 -0.537474 -0.236061	
10.47	-10.2369 -1.834 -1.70037	
10.48	10.6044 -1.32407 -1.81096	
10.49	-10.0459 -2.62886 -3.41853	
10.5	11.7057 -0.300049 0.302319	
10.51	-11.8163 -1.25775 -0.666459	
10.52	10.8734 -0.0831054 0.786883	
10.53	-12.8952 -1.52064 -0.777792	
10.54	10.9956 -0.512301 0.164735	
10.55	-15.1239 -2.38026 -1.90148	
10.56	12.9992 -1.24661 -0.918717	
10.57	-14.2084 -1.52483 -2.02765	
10.58	13.3955 -0.416965 -0.0185773	
10.59	-15.1602 -2.16666 -2.12632	
10.6	14.184 -1.75041 -1.47374	
10.61	-18.0833 1.75688 7.99227	
10.62	13.4417 1.12052 2.76338	
10.63	-17.66 -2.99591 -3.54444	
10.64	11.3728 -1.32605 -0.468708	
10.65	-18.7051 -2.78716 -1.56749	
10.66	8.42196 -2.23522 -2.27307	
10.67	-17.8324 -3.72415 -4.38814	
10.68	7.25367 -1.56577 -2.99706	
10.69	-17.5467 -3.3545 -3.83989	
10.7	5.52949 -1.114 -2.48104	
10.71	-14.3792 -2.85589 -4.26272	
10.72	4.00299 -1.51353 -3.0518	
10.73	-13.0749 -2.9207 -3.76571	
10.74	3.41439 -0.897646 -1.11121	
10.75	-12.0758 -2.06129 -2.44592	
10.76	1.41843 -1.04607 -1.57732	
10.77	-11.8509 -1.60092 -1.70331	
10.78	0.978421 -0.801275 -1.02208	
10.79	-11.1332 -1.19483 -1.32619	
10.8	-0.716533 -0.837199 -1.1522	
10.81	-9.91549 -1.74115 -0.575301	
10.82	-1.48578 -4.40071 -9.68223	
10.83	-8.72195 -2.80891 -5.07144	
10.84	-1.27459 -0.329678 -8.34043	
10.85	-6.92999 -2.06891 -4.83477	
10.86	-4.66956 -0.580345 -1.84662	
10.87	-5.89479 -2.6451 -3.84613	
10.88	-6.40446 -1.21033 -3.67518	
10.89	15.063 -0.475861 -2.38811	
10.9	-25.7694 -1.79825 -2.33532	
10.91	19.1224 -1.57858 -1.71728	
10.92	-8.82531 -27.5746 -36.454	
10.93	12.1572 -10.153 -30.4785	
10.94	-42.5942 -17.5458 -27.1378	
10.95	-30.0803 -15.2585 -26.395	
10.96	10.7276 -6.25741 -17.9774	
10.97	-22.0364 -6.86982 -15.6417	
10.98	13.5222 -4.13513 -11.1935	
10.99	-18.4813 -4.31333 -9.62166	
11	18.8427 -1.6368 -4.33647	
11.01	-7.44112 -28.6199 -37.871	
11.02	14.8474 -11.2948 -31.2128	
11.03	-8.69858 -12.5039 -28.8558	
11.04	16.5168 -7.86972 -21.5519	
11.05	-6.81333 -9.44474 -21.6218	
11.06	14.726 -2.81511 -13.1998	
11.07	-7.83509 -3.84647 -11.7411	
11.08	14.1252 -3.31045 -9.6486	
11.09	-7.58497 -3.2307 -8.4369	
11.1	14.1972 -2.48202 -6.5277	
11.11	-6.96174 -2.06859 -5.32677	
11.12	14.4785 -2.12082 -4.70597	
11.13	-6.53489 -1.39664 -3.31723	
11.14	14.4722 -1.64392 -3.21617	
11.15	-5.46728 -0.83433 -1.94896	
11.16	14.5725 -1.00798 -1.6694	
11.17	-6.18132 -0.307981 -0.753725	
11.18	13.7698 0.168008 0.284253	
11.19	-6.1451 -0.649423 -1.13604	
11.2	14.6531 0.0472081 0.298244	
11.21	-6.0527 -0.609281 -0.972245	
11.22	13.9678 0.0750311 0.337472	
11.23	-4.90299 -0.376031 -0.679206	
11.24	15.5228 -0.0816392 0.350734	
11.25	-3.36296 1.80257 2.84778	
11.26	11.9754 -14.0091 -19.41	
11.27	-13.0372 0.840597 0.951381	
11.28	13.9017 1.77233 2.07659	
11.29	-10.13 -1.90485 -0.954638	
11.3	10.6329 1.54189 2.33525	
11.31	-10.1574 0.274308 1.52986	
11.32	10.4138 0.0559131 0.735576	
11.33	-9.5639 0.133071 1.04981	
11.34	11.0867 0.239634 0.970922	
11.35	-7.67836 0.213555 1.28251	
11.36	11.3787 0.722723 1.88772	
11.37	-6.66156 -0.453742 0.33008	
11.38	12.2864 0.415205 1.42114	
11.39	-6.0968 -0.178519 0.704227	
11.4	12.393 0.672953 1.60228	
11.41	-5.67164 -0.404564 0.213656	
11.42	11.7365 0.486919 1.01904	
11.43	-5.236 -1.2737 0.265945	
11.44	13.0654 1.18667 2.31961	
11.45	-7.57506 0.155058 2.18301	
11.46	8.93441 -5.73586 -8.17751	
11.47	-6.92862 -0.248335 -0.0580121	
11.48	6.31513 0.40784 0.0970367	
11.49	-7.03855 -0.537934 0.0781307	
11.5	4.72098 0.237793 -0.776792	
11.51	-1.66676 3.02468 3.41677	
11.52	3.31438 5.49371 6.6211	
11.53	-5.08104 2.07163 3.90871	
11.54	4.44359 3.23883 4.1408	
11.55	-3.36018 0.526413 1.04141	
11.56	1.16691 3.03907 4.06738	
11.57	-5.19886 1.88315 3.36882	
11.58	-2.12275 9.46011 14.1603	
11.59	-7.81675 10.3784 16.4715	
11.6	-27.6317 40.8071 79.9876	
11.61	9.30529 30.4751 46.8366	
11.62	-15.8485 3.09692 12.1551	
11.63	-29.8347 0.116629 7.57735	
11.64	-11.8611 2.22196 4.57519	
11.65	-29.2434 -0.360916 4.45042	
11.66	-5.80799 2.12428 3.47708	
11.67	-23.3196 0.0787033 4.4426	
11.68	0.938118 6.69197 10.9212	
11.69	-15.6302 -4.47437 -8.8586	
11.7	-8.84692 -4.65173 -5.12484	
11.71	-12.5553 -15.984 -19.2466	
11.72	-14.8932 -12.8539 -21.4088	
11.73	-43.7768 -10.4738 -19.339	
11.74	49.7251 -8.49587 -3.41366	
11.75	11.1118 24.5394 47.7293	
11.76	-10.5476 -1.40106 -4.19962	
11.77	-7.17577 -1.15563 -4.12935	
11.78	-3.8986 -1.36036 -4.54353	
11.79	-16.0015 -2.10754 -4.89896	
11.8	-6.30079 -3.00204 -7.82345	
11.81	-19.3514 -2.43291 -6.26508	
11.82	-5.9721 -2.39911 -6.62608	
11.83	-18.8355 -1.49099 -4.3724	
11.84	-6.19618 -1.96626 -5.0788	
11.85	-17.7995 -0.512669 -2.41457	
11.86	-6.62531 -1.66502 -4.10999	
11.87	-17.8132 0.190393 0.0877873	
11.88	-6.19539 -0.825703 -1.87748	
11.89	-18.1285 -0.0400401 -0.500747	
11.9	-6.49396 -0.668161 -1.54318	
11.91	-18.2242 0.351288 0.259443	
11.92	-6.64603 -0.46467 -1.07002	
11.93	-18.5027 0.0144107 -0.039109	
11.94	-6.75784 -0.530489 -1.04332	
11.95	-18.5313 0.460947 0.729324	
11.96	-7.46748 -0.379102 -0.758865	
11.97	-18.5805 0.62676 1.12931	
11.98	-6.64754 -0.331786 -0.61753	
11.99	-18.669 0.766627 1.43612	
12	-7.63086 -0.255344 -0.442758	
12.01	-18.7089 0.132698 0.563988	
12.02	-7.72922 -0.520528 -0.796911	
12.03	-18.5906 0.25841 0.803688	
12.04	-7.87444 -0.467874 -0.688036	
12.05	-18.456 0.435967 2.26778	
12.06	-8.72995 -0.201645 0.515744	
12.07	-17.6741 -0.00192217 1.57697	
12.08	-8.82691 -0.200108 0.431984	
12.09	-17.6376 0.143832 1.34769	
12.1	-9.62635 0.211271 0.871652	
12.11	-16.8557 -0.409534 0.240671	
12.12	-9.54967 -0.168137 0.24271	
12.13	-16.7272 0.322881 1.45523	
12.14	-9.42311 0.771429 1.81055	
12.15	-16.6326 -0.555166 0.066506	
12.16	-9.46874 0.309211 0.714172	
12.17	-16.6108 -0.919725 -0.554808	
12.18	-7.47001 1.21221 1.83732	
12.19	-18.1037 -0.714753 0.51716	
12.2	-7.08761 0.195812 0.713323	
12.21	-18.012 -0.834648 -0.795852	
12.22	-8.348 -1.99648 -2.95052	
12.23	-18.1347 -0.321409 0.217293	
12.24	-9.09246 0.539283 0.965775	
12.25	-19.3363 0.491904 1.74187	
12.26	-8.49877 -0.172568 -0.00758029	
12.27	-19.2557 0.239454 1.31801	
12.28	-9.19884 -0.37982 -0.296796	
12.29	-18.3358 -0.286608 0.558145	
12.3	-9.11316 -0.664557 -0.701104	
12.31	-18.1592 0.413313 1.62863	
12.32	-9.16784 -0.333256 -0.18803	
12.33	-18.4185 1.20941 -0.899785	
12.34	-9.10457 0.179776 -0.148744	
12.35	-18.4852 0.205585 1.14846	
12.36	-9.88003 -0.409068 -0.339174	
12.37	-17.8505 -0.629714 0.304512	
12.38	-9.91767 -0.907737 -0.847698	
12.39	-17.7181 -0.661062 0.392637	
12.4	-8.46659 -2.80236 -3.58034	
12.41	-16.7135 -0.208079 0.450089	
12.42	-9.35017 -13.1459 -17.7741	
12.43	-19.1034 2.38833 1.38826	
12.44	-8.29275 1.73741 1.38893	
12.45	-18.4183 0.422599 0.886582	
12.46	-6.75713 5.39804 7.23254	
12.47	-18.3883 1.17372 3.03594	
12.48	-8.1292 0.327074 0.906469	
12.49	-19.1086 0.590681 1.51096	
12.5	-8.9139 0.128755 0.426336	
12.51	-19.1372 0.4387 1.15726	
12.52	-9.1168 0.164783 0.329767	
12.53	-19.9136 0.309105 1.07672	
12.54	-9.2961 0.259945 0.573193	
12.55	-19.7928 -0.201788 0.311383	
12.56	-9.48384 0.156406 0.332074	
12.57	-20.5676 -0.048049 0.552017	
12.58	-9.68861 0.329321 0.367281	
12.59	-20.4144 -0.269939 0.0927201	
12.6	-9.8693 0.407667 0.37258	
12.61	-20.1985 -0.303475 -0.0359054	
12.62	-9.9936 0.633534 0.766528	
12.63	-20.1274 -0.573393 -0.465748	
12.64	-10.8454 0.746859 0.822767	
12.65	-19.2054 -0.071635 0.0811283	
12.66	-10.8383 0.686488 0.892353	
12.67	-19.076 -0.668941 -0.637693	
12.68	-10.7938 0.353203 0.492797	
12.69	-18.9802 -0.877601 -0.8745	
12.7	-8.80013 -0.153007 -0.312689	
12.71	-17.6375 3.21023 4.35218	
12.72	-11.8849 2.86566 3.70148	
12.73	-18.0591 0.950189 1.49955	
12.74	-12.1255 0.131392 0.0828093	
12.75	-18.081 0.806402 1.1127	
12.76	-13.0469 0.254453 -0.0114541	
12.77	-17.2701 1.04813 1.30461	
12.78	-13.0254 0.32753 0.0677726	
12.79	-17.0602 0.374134 1.77024	
12.8	-13.4256 0.407507 0.759734	
12.81	-17.2591 0.971746 1.91723	
12.82	-13.761 0.510171 0.620706	
12.83	-18.2059 0.99245 1.76881	
12.84	-13.1174 0.893328 1.10956	
12.85	-19.1546 0.398723 0.885626	
12.86	-13.1031 0.555775 0.871602	
12.87	-18.3051 0.199766 0.585169	
12.88	-13.7881 0.680981 1.14594	
12.89	-18.3717 0.00445704 0.437579	
12.9	-13.6844 0.487395 0.788777	
12.91	-18.3161 -0.564501 -0.367842	
12.92	-13.5078 0.189347 0.410476	
12.93	-18.249 -0.861998 -0.717281	
12.94	-13.2497 0.483792 0.981656	
12.95	-18.9961 -0.944797 -0.651207	
12.96	-13.1029 -0.345447 -0.193134	
12.97	-18.9637 -1.34329 -1.13069	
12.98	-12.9512 -0.844289 -0.849861	
12.99	-19.664 -1.38754 -1.06443	
13	-12.0864 -1.72887 -2.42861	
13.01	-18.8048 -1.90282 -2.57707	
13.02	-12.7199 1.10037 3.03391	
13.03	-18.8551 -2.57656 -2.28285	
13.04	-14.7036 -1.04644 -1.57096	
13.05	-20.7213 -0.326475 -0.363183	
13.06	-16.3101 -0.232434 -0.745284	
13.07	-20.0784 -0.107396 -0.337281	
13.08	-16.533 -0.10667 -0.698905	
13.09	-20.6898 -0.405318 -0.649927	
13.1	-15.7295 -0.140902 -0.80457	
13.11	-21.2034 -0.620922 -0.905321	
13.12	-13.0165 -1.35197 -2.82785	
13.13	-22.3171 1.6244 0.105032	
13.14	-14.1264 1.64447 0.598732	
13.15	-22.3714 -0.551215 -0.857769	
13.16	-14.6277 -0.492802 -1.06646	
13.17	-22.5988 0.188564 -0.611675	
13.18	-11.2315 0.612271 -0.00600915	
13.19	-21.1028 -4.2917 -5.96112	
13.2	-15.6312 2.19543 1.10385	
13.21	-17.9524 -1.41504 -2.95696	
13.22	-18.7515 1.20751 -0.14699	
13.23	-18.8406 1.93634 1.13521	
13.24	-18.9923 1.57218 0.824999	
13.25	-18.8458 1.75469 1.19045	
13.26	-18.9526 1.44062 0.814065	
13.27	-18.9679 1.88786 1.44864	
13.28	-19.5654 1.4191 0.884581	
13.29	-18.8554 1.95237 1.70716	
13.3	-19.7 1.49269 1.13787	
13.31	-18.9235 -1.00227 4.86917	
13.32	-20.6467 -0.123557 2.2431	
13.33	-18.3318 0.795742 1.93467	
13.34	-21.4774 0.762916 1.65212	
13.35	-18.394 0.943392 1.51485	
13.36	-21.3009 1.17621 2.13055	
13.37	-18.892 1.16706 2.03689	
13.38	-20.1412 0.838459 1.94676	
13.39	-19.0352 0.660388 1.73416	
13.4	-19.1581 0.811962 2.33818	
13.41	-13.8017 2.90385 3.81807	
13.42	-15.5354 3.7332 6.09616	
13.43	-18.286 4.51597 4.09954	
13.44	-18.936 3.04549 2.78944	
13.45	-20.0861 3.05742 2.60355	
13.46	-18.9976 2.29426 1.60679	
13.47	-20.3777 2.1498 1.45411	
13.48	-17.9926 1.79844 1.20793	
13.49	-19.4287 1.95824 1.75886	
13.5	-16.9263 0.926081 2.04915	
13.51	-18.6507 1.50089 2.24309	
13.52	-13.5825 -0.353674 -0.636262	
13.53	-6.03683 -24.6542 -34.7122	
13.54	4.46021 -15.7144 -24.426	
13.55	-9.60571 -5.91886 -10.2399	
13.56	-10.1749 -4.54485 -9.52199	
13.57	-20.538 -2.96781 -6.73592	
13.58	-14.0475 -2.35148 -5.78393	
13.59	-23.4713 -2.32709 -5.04216	
13.6	-16.4191 -1.53947 -4.02438	
13.61	-25.0519 -3.0021 -4.50177	
13.62	-17.6107 -1.6385 -3.04651	
13.63	-25.7255 -3.00459 -3.53159	
13.64	-17.9577 -2.69194 -3.23055	
13.65	-25.129 -1.91234 -2.11852	
13.66	-17.9638 -0.0443997 -0.146953	
13.67	-22.3659 -0.993656 -1.27191	
13.68	-17.4271 -0.286992 -1.80581	
13.69	-23.4477 -1.67783 -3.33943	
13.7	-19.9337 0.24997 -1.82626	
13.71	-24.1288 -0.0761243 -1.84977	
13.72	-20.656 0.728974 -0.81026	
13.73	-24.5337 0.410169 -0.992204	
13.74	-21.2987 0.84821 -0.480247	
13.75	-24.1835 0.777755 -0.289202	
13.76	-21.8379 0.939567 -0.213177	
13.77	-25.3102 0.88566 -0.0485436	
13.78	-20.636 1.80775 1.54904	
13.79	-24.7343 1.36382 0.784155	
13.8	-21.2831 1.92719 1.72765	
13.81	-25.425 1.28286 1.90879	
13.82	-21.439 0.20326 -0.116533	
13.83	-25.9478 0.744605 1.67448	
13.84	-21.7475 -0.312345 0.116625	
13.85	-26.8143 0.0475589 1.81403	
13.86	-21.7691 -0.503486 0.519031	
13.87	-25.876 0.0107816 2.20678	
13.88	-21.6178 0.259253 1.27421	
13.89	-26.4581 0.34148 2.12328	
13.9	-19.1132 -0.870461 -0.464213	
13.91	-27.7547 -1.81208 0.955252	
13.92	-19.0776 -1.28128 0.174837	
13.93	-27.8252 -0.561926 0.123352	
13.94	-20.7612 0.00781182 -0.644048	
13.95	-28.0948 0.510215 0.368637	
13.96	-20.9777 0.792786 -0.0264212	
13.97	-28.0651 0.869899 0.435629	
13.98	-21.1958 0.87357 -0.201543	
13.99	-28.0324 0.654874 0.0551864	
14	-20.5916 0.697911 0.379926	
14.01	-28.7446 0.0515041 -0.264084	
14.02	-19.3334 0.696884 0.367323	
14.03	-28.1222 -0.305855 -0.166831	
14.04	-16.9432 0.432431 0.270896	
14.05	-25.6836 -3.84996 -4.14633	
14.06	-17.7226 1.00522 -1.45164	
14.07	-23.8723 -2.22496 -4.90954	
14.08	-20.3509 2.65536 -0.463553	
14.09	-17.2088 0.431581 -3.22431	
14.1	-16.4345 0.642871 -2.93658	
14.11	-19.4068 1.08332 -2.24973	
14.12	-10.9445 -1.18242 -6.70953	
14.13	-13.9224 0.333882 -4.39595	
14.14	-8.15821 -2.17431 -8.59749	
14.15	-11.6986 -0.282504 -5.66636	
14.16	-2.18975 -5.60092 -13.2945	
14.17	-5.1664 -2.43883 -8.9679	
14.18	-4.92696 -3.55113 -9.89266	
14.19	-3.01429 -2.98329 -9.0078	
14.2	3.70413 -8.16541 -15.2305	
14.21	7.06588 -8.53277 -15.1038	
14.22	-2.48555 -3.15726 -10.7732	
14.23	-11.8471 -7.70374 -17.9245	
14.24	-20.5597 -4.60104 -13.6051	
14.25	-10.6476 -3.43897 -10.7463	
14.26	-2.55203 -10.8178 -21.4781	
14.27	-16.6612 -7.02909 -16.1574	
14.28	-21.4204 -8.94529 -20.3825	
14.29	-3.117 -19.1452 -30.3241	
14.3	-24.4381 2.75873 -7.28483	
14.31	-1.99723 -1.20775 -5.26866	
14.32	-5.0343 -23.2576 -33.0733	
14.33	-10.8238 -45.1961 -55.8425	
14.34	-34.4811 -22.3658 -32.6489	
14.35	-16.467 -5.10681 -14.2192	
14.36	-32.3648 -4.06221 -9.52975	
14.37	-9.33571 -1.49816 -7.05938	
14.38	-8.93802 -18.2409 -29.7769	
14.39	-8.55088 -14.1452 -26.3342	
14.4	-34.3364 -8.52467 -17.2862	
14.41	-12.9547 4.91249 15.4142	
14.42	2.36194 -6.58358 -5.641	
14.43	-16.9666 -12.5478 -24.7191	
14.44	-32.5852 0.339516 0.937282	
14.45	-33.0755 -4.9145 -5.80932	
14.46	-5.37729 -0.660806 -5.11132	
14.47	-7.93017 1.34937 -3.30876	
14.48	-14.7718 -7.69132 -20.7801	
14.49	8.04502 -2.01171 -15.2353	
14.5	-23.0799 -5.34789 -16.5195	
14.51	10.9904 1.66992 -8.57593	
14.52	-7.32786 -10.5693 -23.3973	
14.53	-16.1736 0.283347 -12.6482	
14.54	-50.1721 -17.1761 -26.2826	
14.55	27.5042 -2.01182 -4.37068	
14.56	9.78772 -9.12911 -15.7713	
14.57	-23.4946 -5.53991 -10.2856	
14.58	-18.4833 -2.70933 -6.50238	
14.59	-23.8947 -2.19465 -5.49311	
14.6	-16.4315 -1.72944 -4.23408	
14.61	-22.3839 -1.04273 -3.09383	
14.62	-16.2221 -1.22838 -3.58812	
14.63	-20.1895 -0.202319 -1.77219	
14.64	-15.5394 -0.523517 -2.23316	
14.65	-20.2149 0.300653 -0.597572	
14.66	-14.2572 -0.260773 -1.42216	
14.67	-19.6263 0.385061 0.0716477	
14.68	-13.8559 1.07299 1.10665	
14.69	-19.0747 -0.216096 -0.541014	
14.7	-13.1745 0.388175 0.0512816	
14.71	-18.3881 -0.90154 -1.34216	
14.72	-11.7688 -0.0266409 -0.339826	
14.73	-18.6308 -1.10232 -1.32688	
14.74	-8.81477 2.65813 3.65709	
14.75	-19.6162 -1.42753 -1.40213	
14.76	-11.1074 -0.846953 -1.20808	
14.77	-18.284 0.534183 1.68681	
14.78	-10.8526 0.436339 0.818762	
14.79	-19.8163 -0.56053 1.0811	
14.8	-11.4748 -0.270152 0.468309	
14.81	-19.7974 0.973757 3.10877	
14.82	-12.7351 0.919109 2.1928	
14.83	-19.4454 0.918286 1.95709	
14.84	-13.8695 0.836381 1.06484	
14.85	-19.3653 0.684047 0.95707	
14.86	-14.0377 0.739829 0.610706	
14.87	-19.1388 0.97679 1.20314	
14.88	-14.1299 0.691882 0.555522	
14.89	-19.0913 1.07341 1.46087	
14.9	-13.489 0.416837 0.347061	
14.91	-19.8058 0.834391 1.41629	
14.92	-13.3721 0.144093 0.168614	
14.93	-19.5711 0.445167 2.02682	
14.94	-13.1683 0.602417 2.31934	
14.95	-19.071 0.580586 2.50294	
14.96	-12.4726 0.459477 1.43693	
14.97	-18.772 0.129104 0.953918	
14.98	-12.6603 0.220321 0.915293	
14.99	-18.8764 0.685398 1.79559	
15	-13.0052 0.716311 1.43515	
15.01	-18.927 0.777072 2.03649	
15.02	-13.4406 0.715927 0.693778	
15.03	-19.1006 0.427288 0.293533	
15.04	-14.581 1.11901 1.11392	
15.05	-19.1369 1.35157 1.64247	
15.06	-13.9934 1.06676 1.01754	
15.07	-19.8359 1.14846 1.57575	
15.08	-13.8098 0.602207 0.631324	
15.09	-19.6639 0.912799 1.71989	
15.1	-13.4178 0.23864 0.620041	
15.11	-17.246 0.73394 1.89962	
15.12	-13.6723 0.213236 1.14347	
15.13	-15.95 0.308201 1.79555	
15.14	-13.0999 0.0848484 1.37148	
15.15	-15.6205 -0.505229 1.24344	
15.16	-9.68075 1.18215 2.99706	
15.17	-13.0212 0.456246 2.98003	
15.18	-11.1056 4.01989 5.81389	
15.19	-14.0015 1.02906 2.62147	
15.2	-11.5687 10.9548 18.114	
15.21	-12.2773 1.8089 0.641454	
15.22	-13.7053 1.0843 -3.53356	
15.23	-31.5941 -5.54001 -13.3371	
15.24	-13.485 -4.32364 -11.4757	
15.25	-25.5974 -4.03469 -9.70958	
15.26	-7.85137 -1.93427 -7.20999	
15.27	-21.0955 -2.42719 -5.72262	
15.28	-2.98142 -0.854854 -4.24159	
15.29	-17.6365 -2.23023 -3.81311	
15.3	-0.790963 -0.0650124 -1.85397	
15.31	-15.1755 -2.52195 -3.02487	
15.32	2.66969 -0.713246 -1.41146	
15.33	-19.1459 -1.70466 -2.23082	
15.34	4.37752 1.26719 -0.92395	
15.35	-7.50021 -9.2583 -20.7271	
15.36	-23.7752 -20.3279 -22.4949	
15.37	9.50734 -4.20121 -13.9798	
15.38	-0.25246 5.82883 -0.184076	
15.39	-14.5657 -20.8149 -34.0863	
15.4	22.9315 -13.8193 -26.7097	
15.41	18.8449 -10.2605 -22.8229	
15.42	-24.7011 -15.6522 -25.9186	
15.43	15.8896 -3.96158 -15.9407	
15.44	-13.9178 -4.62245 -14.3918	
15.45	21.0105 -6.25259 -14.232	
15.46	-7.51411 -18.4945 -30.8782	
15.47	22.5843 -14.052 -25.4927	
15.48	-19.0779 -10.2562 -21.6764	
15.49	27.9779 -11.0493 -21.3019	
15.5	-18.6196 -7.56903 -19.0174	
15.51	-5.70799 -10.0922 -22.856	
15.52	12.8331 -6.70071 -16.5367	
15.53	0.721049 -3.93234 -11.5774	
15.54	12.8331 -3.64119 -10.041	
15.55	-2.25914 -2.37183 -7.00291	
15.56	0.275124 -0.0204266 -1.21592	
15.57	2.05281 -0.276274 -0.673903	
15.58	1.4748 1.20065 4.25822	
15.59	-1.33769 -2.11514 -2.43817	
15.6	1.101 2.31449 2.52342	
15.61	-7.17215 2.69792 7.61382	
15.62	0.0471718 2.53737 7.71821	
15.63	-12.459 0.552046 5.34487	
15.64	17.8641 5.9066 9.21958	
15.65	-1.68218 -6.59216 -11.4372	
15.66	-20.2211 -1.14834 -1.96642	
15.67	2.13253 0.570216 -0.441533	
15.68	-11.1856 -0.45213 1.06861	
15.69	5.0872 0.518333 0.696162	
15.7	-8.26714 -1.15724 -1.18006	
15.71	12.2797 -3.1432 -5.26945	
15.72	-9.80491 -0.206775 0.0651137	
15.73	9.61403 -0.932091 -6.10497	
15.74	-5.30629 -1.06007 -4.44513	
15.75	15.6496 0.0880129 -3.83119	
15.76	-20.1273 -1.32569 1.13497	
15.77	14.1485 0.180954 -1.90686	
15.78	-19.1245 -0.963101 2.44259	
15.79	15.9599 0.937611 1.08787	
15.8	-12.1433 7.46295 25.1515	
15.81	9.89111 8.66846 12.7393	
15.82	-14.8058 1.56885 3.78223	
15.83	2.64708 4.53635 4.12558	
15.84	-15.4473 1.16197 5.43283	
15.85	1.43124 -0.253064 -1.20106	
15.86	-6.95503 0.379416 4.66456	
15.87	6.09017 -1.00746 1.62596	
15.88	-5.68391 -2.6957 3.15913	
15.89	-0.287767 2.2129 -0.297729	
15.9	-1.95323 5.6905 3.25125	
15.91	-1.46923 13.6152 22.7256	
15.92	9.80512 -2.22029 -0.0109307	
15.93	-63.1624 -10.4214 -6.36861	
15.94	6.28518 12.9962 -0.184142	
15.95	-37.1838 -6.40108 -16.634	
15.96	18.0211 -3.42013 -8.84286	
15.97	-6.44827 -0.950758 -8.61088	
15.98	14.3677 3.95512 3.28522	
15.99	-62.1432 -31.7539 -25.3397	
16	-45.0931 -22.8422 -21.2839	
16.01	-37.229 -16.8815 -16.9491	
16.02	-31.3842 -12.1064 -12.7142	
16.03	-26.1566 -8.73907 -9.62893	
16.04	-10.1332 -6.33836 -8.5405	
16.05	-3.38765 -1.40047 -1.62651	
16.06	10.6912 1.06916 2.40961	
16.07	-4.4201 -0.390889 0.533321	
16.08	16.9007 -1.13578 -1.36209	
16.09	-5.73734 -0.767057 0.321553	
16.1	12.0594 0.522916 -1.0268	
16.11	-7.66082 -1.01882 -1.66986	
16.12	7.88072 0.184143 -0.796464	
16.13	-6.68966 -0.617757 -0.748532	
16.14	7.73448 0.0170938 -0.831492	
16.15	-4.79694 -0.793628 -0.973645	
16.16	6.68494 -0.411654 -1.33662	
16.17	2.86601 -0.303384 -0.404033	
16.18	3.70492 0.110663 1.37166	
16.19	2.40542 -2.99758 -4.43112	
16.2	-2.18733 -2.9298 -5.72789	
16.21	15.8215 3.4106 -2.12207	
16.22	-7.81655 0.0710712 -4.51116	
16.23	18.5933 12.4759 3.91103	
16.24	-15.2711 14.1054 -2.95128	
16.25	2.47895 10.4565 -5.25124	
16.26	-3.98169 7.92949 -0.979396	
16.27	1.38663 1.28986 -2.69846	
16.28	-6.51656 -0.544187 -2.65753	
16.29	0.732067 -0.188123 -1.37915	
16.3	-0.0812257 -3.01358 -4.94685	
16.31	-3.26903 1.07678 4.07307	
16.32	21.9469 -0.424498 -3.10028	
16.33	-14.1941 -0.620487 0.518181	
16.34	30.9982 4.72343 8.13552	
16.35	-31.8129 -6.67699 -13.3436	
16.36	-26.2026 -5.13025 -11.0158	
16.37	-21.6666 -3.92348 -9.17542	
16.38	-17.826 -3.05036 -7.60278	
16.39	-14.6391 -2.39401 -6.29977	
16.4	-12.0404 -1.88724 -5.25141	
16.41	-9.90311 -1.47451 -4.38628	
16.42	-7.73112 -1.45455 -4.09202	
16.43	-6.35669 -1.15762 -3.43546	
16.44	-4.59138 -1.34553 -3.55348	
16.45	-3.3232 -1.38453 -3.44985	
16.46	-2.72884 -1.12283 -2.90256	
16.47	-1.63842 -1.30896 -3.09268	
16.48	-1.34578 -1.06862 -2.6114	
16.49	-1.02658 -0.924861 -2.30045	
16.5	-0.842183 -0.755446 -1.95894	
16.51	-0.6891 -0.619147 -1.67712	
16.52	-0.565581 -0.505049 -1.44799	
16.53	-0.461834 -0.416009 -1.25884	
16.54	-0.377412 -0.341216 -1.10342	
16.55	-0.309385 -0.279335 -0.977895	
16.56	-0.00658714 -0.696821 -1.64204	
16.57	-0.0769919 -1.48831 -2.8945	
16.58	-0.0120342 -2.40461 -4.3499	
16.59	-0.0264865 -3.34656 -5.83331	
16.6	-0.0187336 -4.23819 -7.24832	
16.61	-0.0180317 -4.82073 -8.17407	
16.62	-0.0155322 -5.64723 -9.49189	
16.63	-0.00927713 -6.21019 -10.3782	
16.64	0.000804557 -6.57196 -10.9616	
16.65	0.0150272 -6.68985 -11.1697	
16.66	0.0343591 -6.9989 -11.6715	
16.67	0.0627609 -7.39605 -12.3229	
16.68	0.0999147 -7.66598 -12.7892	
16.69	0.140811 -7.96656 -13.2693	
16.7	0.169519 -8.06375 -13.415	
16.71	0.187881 -7.77825 -13.0074	
16.72	0.218829 -7.99016 -13.3282	
16.73	0.229962 -8.09924 -13.5305	
16.74	0.232854 -8.37053 -13.9457	
16.75	0.219979 -8.42042 -14.0215	
16.76	0.194963 -8.38705 -13.9929	
16.77	0.169214 -8.7778 -14.5933	
16.78	0.133418 -8.88905 -14.7636	
16.79	0.10119 -8.81274 -14.6477	
16.8	0.0774919 -8.78161 -14.6002	
16.81	0.0610175 -8.80476 -14.6334	
16.82	0.0482996 -7.1608 -12.093	
16.83	18.4578 -7.01461 -10.5344	
16.84	-13.9806 -3.78463 -3.77146	
16.85	12.1784 -1.1404 -1.81689	
16.86	0.45374 0.0834477 0.159879	
16.87	8.07298 1.84768 2.75669	
16.88	1.19657 1.37078 1.78369	
16.89	8.07277 0.444619 1.16384	
16.9	0.507632 0.636572 1.226	
16.91	8.72422 0.238355 0.118787	
16.92	-0.113028 0.410138 0.761794	
16.93	7.20557 1.11359 1.73526	
16.94	-1.1729 0.69802 0.604082	
16.95	5.69864 0.514555 0.442456	
16.96	-1.111 0.13504 0.418162	
16.97	6.78574 0.297168 -0.394648	
16.98	-1.82452 0.153444 0.591168	
16.99	8.14712 0.694648 1.42807	
17	-1.72921 0.138846 0.652678	
17.01	9.92217 0.291021 0.751584	
17.02	-0.721554 0.146901 0.394668	
17.03	11.0199 0.815861 1.78452	
17.04	-0.491866 -0.145253 2.05487	
17.05	12.9241 -0.946362 -0.725757	
17.06	-13.8368 -2.38267 -0.56775	
17.07	5.72837 4.76446 4.15736	
17.08	-4.05957 4.23818 2.75492	
17.09	16.4049 1.86808 0.714895	
17.1	0.302876 0.386969 -1.21507	
17.11	-0.391021 1.07301 1.41336	
17.12	3.31164 -0.419117 -0.246023	
17.13	1.43215 -0.776984 -0.559796	
17.14	2.70278 -1.18505 -1.65636	
17.15	0.76631 -5.94713 -3.61202	
17.16	1.04398 -1.14802 0.292654	
17.17	17.0686 -3.13947 -2.79276	
17.18	-28.5987 -7.37139 -8.40532	
17.19	-13.965 -14.2515 -17.0634	
17.2	13.2299 -1.95191 -1.65411	
17.21	-9.01181 0.186547 1.28531	
17.22	2.38561 0.465305 -0.464522	
17.23	-6.53896 -0.544484 -1.60137	
17.24	22.2698 -10.2809 -9.68464	
17.25	3.31332 -4.42987 -3.23583	
17.26	14.2254 -1.73324 -0.512636	
17.27	11.6441 -1.39441 -0.531953	
17.28	9.53559 -1.12329 -0.540315	
17.29	12.4215 -0.833157 -0.578537	
17.3	11.1168 -0.597372 -0.498186	
17.31	15.4442 -0.460109 -0.373239	
17.32	12.696 -0.329739 -0.388007	
17.33	14.4872 -3.10047 -3.29394	
17.34	12.895 -3.03966 -3.35704	
17.35	3.99761 -6.34789 -7.33169	
17.36	1.85294 -6.45075 -7.4042	
17.37	1.51744 -5.27116 -6.14567	
17.38	1.24266 -4.30521 -5.11484	
17.39	1.01768 -3.51902 -4.26742	
17.4	0.833401 -2.8751 -3.57325	
17.41	0.682523 -2.35258 -3.00152	
17.42	0.558901 -1.91931 -2.53681	
17.43	0.457753 -1.57232 -2.15115	
17.44	0.374926 -1.29109 -1.83323	
17.45	0.307095 -1.06055 -1.57304	
17.46	0.251527 -0.87038 -1.36084	
17.47	0.206012 -0.714066 -1.18742	
17.48	0.168738 -0.586533 -1.04506	
17.49	0.138196 -0.480703 -0.92937	
17.5	0.113187 -0.393905 -0.834744	
17.51	0.0926915 -0.321831 -0.757872	
17.52	0.0759071 -0.262732 -0.694975	
17.53	0.0621654 -0.21497 -0.643029	
17.54	0.0509099 -0.175725 -0.600571	
17.55	0.0416961 -0.144102 -0.565451	
17.56	0.0341487 -0.118063 -0.53678	
17.57	0.0279634 -0.0963008 -0.513589	
17.58	0.0229003 -0.078672 -0.494473	
17.59	0.0187515 -0.0641869 -0.478836	
17.6	0.015354 -0.052317 -0.466037	
17.61	0.0125709 -0.0425049 -0.455617	
17.62	0.0102912 -0.0345186 -0.447044	
17.63	0.0084246 -0.0280158 -0.439998	
17.64	0.0068963 -0.0227388 -0.434196	
17.65	0.00564504 -0.0184595 -0.429415	
17.66	0.00461983 -0.0149317 -0.425513	
17.67	0.00378048 -0.0120743 -0.422297	
17.68	0.00309281 -0.00974581 -0.419652	
17.69	0.00252906 -0.00782801 -0.417491	
17.7	0.00206654 -0.00624817 -0.415721	
17.71	0.0016889 -0.00500273 -0.414245	
17.72	0.00138094 -0.00403291 -0.413008	
17.73	0.00112938 -0.00325856 -0.411985	
17.74	0.000924087 -0.00264546 -0.411137	
17.75	0.000923055 -0.00261986 -0.411149	
17.76	0.000921708 -0.0025873 -0.411164	
17.77	0.000920284 -0.00255426 -0.411178	
17.78	0.000919143 -0.00252822 -0.411189	
17.79	0.000917937 -0.00250135 -0.4112	
17.8	0.000916326 -0.00246446 -0.411216	
17.81	0.000915445 -0.00244591 -0.411224	
17.82	0.000914399 -0.00242258 -0.411233	
17.83	0.000913631 -0.00240526 -0.411241	
17.84	0.00091234 -0.00237963 -0.41125	
17.85	0.00091165 -0.00236528 -0.411256	
17.86	0.000910105 -0.00233294 -0.411269	
17.87	0.000908684 -0.00230464 -0.41128	
17.88	0.000907185 -0.00227675 -0.41129	
17.89	0.000905333 -0.00224271 -0.411302	
17.9	0.000903342 -0.00220662 -0.411315	
17.91	0.000900892 -0.00216309 -0.41133	
17.92	0.000898867 -0.00212842 -0.411341	
17.93	0.000897153 -0.00209764 -0.411352	
17.94	0.000895021 -0.00206269 -0.411362	
17.95	0.000892048 -0.00201214 -0.411379	
17.96	0.000890092 -0.00197927 -0.411389	
17.97	0.000888004 -0.00194474 -0.4114	
17.98	0.000885933 -0.00191254 -0.411409	
17.99	0.000883877 -0.0018798 -0.411419	
18	0.000881319 -0.00183826 -0.411432	
18.01	0.000879074 -0.00180379 -0.411442	
18.02	0.000876374 -0.00176291 -0.411453	
18.03	0.000874186 -0.00172939 -0.411462	
18.04	0.000872489 -0.00170261 -0.41147	
18.05	0.000870891 -0.0016777 -0.411477	
18.06	0.000868427 -0.00164054 -0.411487	
18.07	0.00086689 -0.00161834 -0.411493	
18.08	0.000865295 -0.00159457 -0.411499	
18.09	0.000863719 -0.00157031 -0.411506	
18.1	0.000862957 -0.00155885 -0.411509	
18.11	0.000862263 -0.00154718 -0.411513	
18.12	0.000861389 -0.00153482 -0.411516	
18.13	0.00086052 -0.00152181 -0.41152	
18.14	0.000860315 -0.00151821 -0.411521	
18.15	0.000859815 -0.00151137 -0.411522	
18.16	0.000859582 -0.00150744 -0.411524	
18.17	0.000859223 -0.00150254 -0.411525	
18.18	0.000859279 -0.0015035 -0.411524	
18.19	0.000858919 -0.0014986 -0.411526	
18.2	0.00085928 -0.00150274 -0.411525	
18.21	0.000859517 -0.00150593 -0.411524	
18.22	0.000859588 -0.00150686 -0.411524	
18.23	0.000859395 -0.00150422 -0.411525	
18.24	0.000859324 -0.00150251 -0.411525	
18.25	0.000858963 -0.0014976 -0.411527	
18.26	0.000859374 -0.00150321 -0.411525	
18.27	0.000859032 -0.00149846 -0.411526	
18.28	0.000858863 -0.00149613 -0.411527	
18.29	0.000858769 -0.00149425 -0.411528	
18.3	0.000857826 -0.00148212 -0.41153	
18.31	0.000857585 -0.00147828 -0.411531	
18.32	0.000857044 -0.00147095 -0.411533	
18.33	0.000855921 -0.00145598 -0.411536	
18.34	0.00085529 -0.00144823 -0.411537	
18.35	0.000854146 -0.00143249 -0.411541	
18.36	0.000853235 -0.00141942 -0.411544	
18.37	0.000852151 -0.00140561 -0.411547	
18.38	0.000851144 -0.00139254 -0.411549	
18.39	0.000850882 -0.00138865 -0.41155	
18.4	0.000849645 -0.00137221 -0.411554	
18.41	0.000848674 -0.00135955 -0.411556	
18.42	0.000848441 -0.00135657 -0.411557	
18.43	0.000847745 -0.00134771 -0.411559	
18.44	0.000848009 -0.00135109 -0.411558	
18.45	0.000847872 -0.00134878 -0.411559	
18.46	0.000847224 -0.00134103 -0.41156	
18.47	0.000847559 -0.00134477 -0.41156	
18.48	0.000846834 -0.00133559 -0.411561	
18.49	0.000847193 -0.00133962 -0.411561	
18.5	0.000847113 -0.0013386 -0.411561	
18.51	0.000847289 -0.00134035 -0.411561	
18.52	0.000847209 -0.00133932 -0.411561	
18.53	0.000847384 -0.00134107 -0.411561	
18.54	0.000847892 -0.00134705 -0.41156	
18.55	0.000847846 -0.00134649 -0.41156	
18.56	0.000848446 -0.00135326 -0.411559	
18.57	0.000848296 -0.00135173 -0.41156	
18.58	0.000848978 -0.00135995 -0.411558	
18.59	0.000849527 -0.00136651 -0.411557	
18.6	0.000850418 -0.00137785 -0.411555	
18.61	0.000851901 -0.00139646 -0.411552	
18.62	0.000853123 -0.00141214 -0.411549	
18.63	0.000854593 -0.00143089 -0.411545	
18.64	0.000855867 -0.00144791 -0.411541	
18.65	0.00085637 -0.00145411 -0.41154	
18.66	0.000856933 -0.0014615 -0.411539	
18.67	0.000857812 -0.00147311 -0.411536	
18.68	0.000857897 -0.00147416 -0.411536	
18.69	0.000858369 -0.00148003 -0.411535	
18.7	0.000858642 -0.00148368 -0.411534	
18.71	0.000859344 -0.00149302 -0.411532	
18.72	0.000859437 -0.00149424 -0.411532	
18.73	0.000859376 -0.00149334 -0.411532	
18.74	0.000859985 -0.0015015 -0.411531	
18.75	0.000860102 -0.00150303 -0.41153	
18.76	0.00086003 -0.00150167 -0.411531	
18.77	0.00086019 -0.00150414 -0.41153	
18.78	0.000860286 -0.00150502 -0.41153	
18.79	0.000860112 -0.00150265 -0.411531	
18.8	0.00086013 -0.00150283 -0.411531	
18.81	0.000860176 -0.00150309 -0.411531	
18.82	0.000860438 -0.00150656 -0.41153	
18.83	0.00086094 -0.00151296 -0.411529	
18.84	0.000861209 -0.00151661 -0.411528	
18.85	0.00086172 -0.00152312 -0.411527	
18.86	0.000861788 -0.00152362 -0.411527	
18.87	0.000861619 -0.00152121 -0.411528	
18.88	0.000861944 -0.00152532 -0.411527	
18.89	0.000862555 -0.00153332 -0.411525	
18.9	0.000862073 -0.0015267 -0.411527	
18.91	0.000862227 -0.00152854 -0.411526	
18.92	0.000862546 -0.00153262 -0.411526	
18.93	0.000862036 -0.0015257 -0.411527	
18.94	0.000862125 -0.0015269 -0.411527	
18.95	0.000861841 -0.00152285 -0.411528	
18.96	0.000861796 -0.00152226 -0.411528	
18.97	0.000861643 -0.00151999 -0.411529	
18.98	0.000862367 -0.00152975 -0.411526	
18.99	0.000862301 -0.00152881 -0.411527	
19	0.000863357 -0.00154289 -0.411524	
19.01	0.000863948 -0.0015508 -0.411522	
19.02	0.000864449 -0.00155769 -0.41152	
19.03	0.000892025 -0.00196918 -0.41141	
19.04	0.000892025 -0.00196918 -0.41141	
19.05	0.000892036 -0.00196933 -0.41141	
19.06	0.000892749 -0.00198117 -0.411406	
19.07	0.000892025 -0.00196918 -0.41141	
19.08	0.000892036 -0.00196933 -0.41141	
19.09	0.000892025 -0.00196918 -0.41141	
19.1	0.000892025 -0.00196918 -0.41141	
19.11	0.000892388 -0.00197517 -0.411408	
19.12	0.000892388 -0.00197517 -0.411408	
19.13	0.000893495 -0.00199375 -0.411402	
19.14	0.000893512 -0.00199421 -0.411402	
19.15	0.000894231 -0.00200649 -0.411398	
19.16	0.000895321 -0.00202536 -0.411392	
19.17	0.000896709 -0.00204941 -0.411384	
19.18	0.000897369 -0.00206091 -0.41138	
19.19	0.000898378 -0.00207885 -0.411374	
19.2	0.00089871 -0.00208502 -0.411372	
19.21	0.00089901 -0.00209046 -0.41137	
19.22	0.000899675 -0.00210259 -0.411365	
19.23	0.000900332 -0.00211434 -0.411361	
19.24	0.000892107 -0.00197129 -0.411409	
19.25	0.000892113 -0.00197166 -0.411409	
19.26	0.000892467 -0.00197753 -0.411407	
19.27	0.00089281 -0.00198329 -0.411405	
19.28	0.000893195 -0.0019899 -0.411403	
19.29	0.000893185 -0.00198978 -0.411403	
19.3	0.000893511 -0.00199503 -0.411401	
19.31	0.000893535 -0.00199565 -0.411401	
19.32	0.000893535 -0.00199565 -0.411401	
19.33	0.000893884 -0.00200152 -0.411399	
19.34	0.000893884 -0.00200152 -0.411399	
19.35	0.000893851 -0.00200078 -0.4114	
19.36	0.000894223 -0.00200728 -0.411397	
19.37	0.000894223 -0.00200728 -0.411397	
19.38	0.000894223 -0.00200728 -0.411397	
19.39	0.000894246 -0.0020079 -0.411397	
19.4	0.000894601 -0.00201388 -0.411395	
19.41	0.000891649 -0.00196408 -0.411411	
19.42	0.000891673 -0.00196471 -0.411411	
19.43	0.000891273 -0.00195796 -0.411413	
19.44	0.000891706 -0.00196545 -0.411411	
19.45	0.000891697 -0.00196533 -0.411411	
19.46	0.000891649 -0.00196408 -0.411411	
19.47	0.00089164 -0.00196396 -0.411411	
19.48	0.00089164 -0.00196396 -0.411411	
19.49	0.000892014 -0.00197008 -0.411409	
19.5	0.000891283 -0.00195808 -0.411413	
19.51	0.000891649 -0.00196408 -0.411411	
19.52	0.000891649 -0.00196408 -0.411411	
19.53	0.000891273 -0.00195796 -0.411413	
19.54	0.000891273 -0.00195796 -0.411413	
19.55	0.000891649 -0.00196408 -0.411411	
19.56	0.00089164 -0.00196396 -0.411411	
19.57	0.000891649 -0.00196408 -0.411411	
19.58	0.000890906 -0.00195196 -0.411415	
19.59	0.00089164 -0.00196396 -0.411411	
19.6	0.00089164 -0.00196396 -0.411411	
19.61	0.00089164 -0.00196396 -0.411411	
19.62	0.000891649 -0.00196408 -0.411411	
19.63	0.000891283 -0.00195808 -0.411413	
19.64	0.000891658 -0.0019642 -0.411411	
19.65	0.000891292 -0.00195819 -0.411413	
19.66	0.000890924 -0.00195219 -0.411415	
19.67	0.000890555 -0.00194618 -0.411417	
19.68	0.000889813 -0.00193416 -0.41142	
19.69	0.00088944 -0.00192815 -0.411422	
19.7	0.00088944 -0.00192815 -0.411422	
19.71	0.000889065 -0.00192213 -0.411424	
19.72	0.00088869 -0.00191611 -0.411426	
19.73	0.000888699 -0.00191623 -0.411426	
19.74	0.000888699 -0.00191623 -0.411426	
19.75	0.000888322 -0.00191021 -0.411428	
19.76	0.000888322 -0.00191021 -0.411428	
19.77	0.000887944 -0.00190418 -0.411429	
19.78	0.000887944 -0.00190418 -0.411429	
19.79	0.000887944 -0.00190418 -0.411429	
19.8	0.000887564 -0.00189816 -0.411431	
19.81	0.000887539 -0.00189753 -0.411431	
19.82	0.000887564 -0.00189816 -0.411431	
19.83	0.000887564 -0.00189816 -0.411431	
19.84	0.000887564 -0.00189816 -0.411431	
19.85	0.000887564 -0.00189816 -0.411431	
19.86	0.000887183 -0.00189213 -0.411433	
19.87	0.000887574 -0.00189828 -0.411431	
19.88	0.000887183 -0.00189213 -0.411433	
19.89	0.000887183 -0.00189213 -0.411433	
19.9	0.000887183 -0.00189213 -0.411433	
19.91	0.000887183 -0.00189213 -0.411433	
19.92	0.000887183 -0.00189213 -0.411433	
19.93	0.000887158 -0.0018915 -0.411433	
19.94	0.000887183 -0.00189213 -0.411433	
19.95	0.000887183 -0.00189213 -0.411433	
19.96	0.000887183 -0.00189213 -0.411433	
19.97	0.000887183 -0.00189213 -0.411433	
19.98	0.000887183 -0.00189213 -0.411433	
19.99	0.000887183 -0.00189213 -0.411433	
20	0.000887183 -0.00189213 -0.411433	
20.01	0.000887158 -0.0018915 -0.411433	
20.02	0.000887158 -0.0018915 -0.411433	
20.03	0.000887183 -0.00189213 -0.411433	
20.04	0.000887183 -0.00189213 -0.411433	
20.05	0.000886775 -0.00188547 -0.411435	
20.06	0.000887158 -0.0018915 -0.411433	
20.07	0.000887193 -0.00189225 -0.411433	
20.08	0.000887183 -0.00189213 -0.411433	
20.09	0.000887183 -0.00189213 -0.411433	
20.1	0.000887167 -0.00189162 -0.411433	
20.11	0.000887167 -0.00189162 -0.411433	
20.12	0.000887158 -0.0018915 -0.411433	
20.13	0.000887193 -0.00189225 -0.411433	
20.14	0.000887193 -0.00189225 -0.411433	
20.15	0.000887193 -0.00189225 -0.411433	
20.16	0.000891677 -0.00196443 -0.411411	
20.17	0.000891652 -0.00196381 -0.411411	
20.18	0.000891667 -0.00196431 -0.411411	
20.19	0.000891301 -0.00195831 -0.411413	
20.2	0.000891677 -0.00196443 -0.411411	
20.21	0.000891667 -0.00196431 -0.411411	
20.22	0.000891667 -0.00196431 -0.411411	
20.23	0.000891667 -0.00196431 -0.411411	
20.24	0.000891667 -0.00196431 -0.411411	
20.25	0.000891677 -0.00196443 -0.411411	
20.26	0.000891677 -0.00196443 -0.411411	
20.27	0.000891667 -0.00196431 -0.411411	
20.28	0.000891677 -0.00196443 -0.411411	
20.29	0.000891652 -0.00196381 -0.411411	
20.3	0.000891677 -0.00196443 -0.411411	
20.31	0.000891642 -0.00196369 -0.411411	
20.32	0.000891652 -0.00196381 -0.411411	
20.33	0.000891677 -0.00196443 -0.411411	
20.34	0.000891652 -0.00196381 -0.411411	
20.35	0.000891677 -0.00196443 -0.411411	
20.36	0.000891677 -0.00196443 -0.411411	
20.37	0.000891677 -0.00196443 -0.411411	
20.38	0.000891677 -0.00196443 -0.411411	
20.39	0.000891652 -0.00196381 -0.411411	
20.4	0.000891652 -0.00196381 -0.411411	
20.41	0.000891667 -0.00196431 -0.411411	
20.42	0.000891642 -0.00196369 -0.411411	
20.43	0.000891677 -0.00196443 -0.411411	
20.44	0.000891677 -0.00196443 -0.411411	
20.45	0.000891652 -0.00196381 -0.411411	
20.46	0.000891677 -0.00196443 -0.411411	
20.47	0.000891677 -0.00196443 -0.411411	
20.48	0.000891677 -0.00196443 -0.411411	
20.49	0.000891677 -0.00196443 -0.411411	
20.5	0.000891677 -0.00196443 -0.411411	
20.51	0.000891677 -0.00196443 -0.411411	
20.52	0.000891667 -0.00196431 -0.411411	
20.53	0.000891642 -0.00196369 -0.411411	
20.54	0.000891652 -0.00196381 -0.411411	
20.55	0.000891667 -0.00196431 -0.411411	
20.56	0.000891652 -0.00196381 -0.411411	
20.57	0.000891652 -0.00196381 -0.411411	
20.58	0.000891276 -0.00195769 -0.411413	
20.59	0.000891642 -0.00196369 -0.411411	
20.6	0.000891652 -0.00196381 -0.411411	
20.61	0.000891677 -0.00196443 -0.411411	
20.62	0.000891677 -0.00196443 -0.411411	
20.63	0.000891667 -0.00196431 -0.411411	
20.64	0.000891667 -0.00196431 -0.411411	
20.65	0.000891677 -0.00196443 -0.411411	
20.66	0.000891677 -0.00196443 -0.411411	
20.67	0.000891677 -0.00196443 -0.411411	
20.68	0.000891677 -0.00196443 -0.411411	
20.69	0.000891677 -0.00196443 -0.411411	
20.7	0.000891642 -0.00196369 -0.411411	
20.71	0.000891677 -0.00196443 -0.411411	
20.72	0.000891677 -0.00196443 -0.411411	
20.73	0.000891642 -0.00196369 -0.411411	
20.74	0.000891652 -0.00196381 -0.411411	
20.75	0.000891677 -0.00196443 -0.411411	
20.76	0.000891677 -0.00196443 -0.411411	
20.77	0.000891677 -0.00196443 -0.411411	
20.78	0.000892041 -0.00197043 -0.411409	
20.79	0.000891652 -0.00196381 -0.411411	
20.8	0.000891677 -0.00196443 -0.411411	
20.81	0.000891677 -0.00196443 -0.411411	
20.82	0.000891677 -0.00196443 -0.411411	
20.83	0.000891652 -0.00196381 -0.411411	
20.84	0.000891677 -0.00196443 -0.411411	
20.85	0.000891652 -0.00196381 -0.411411	
20.86	0.000891677 -0.00196443 -0.411411	
20.87	0.000891677 -0.00196443 -0.411411	
20.88	0.000891652 -0.00196381 -0.411411	
20.89	0.000891677 -0.00196443 -0.411411	
20.9	0.000891667 -0.00196431 -0.411411	
20.91	0.000891652 -0.00196381 -0.411411	
20.92	0.000891652 -0.00196381 -0.411411	
20.93	0.000891677 -0.00196443 -0.411411	
20.94	0.000891652 -0.00196381 -0.411411	
20.95	0.000891652 -0.00196381 -0.411411	
20.96	0.000892066 -0.00197106 -0.411409	
20.97	0.000891667 -0.00196431 -0.411411	
20.98	0.000891677 -0.00196443 -0.411411	
20.99	0.000891677 -0.00196443 -0.411411	
21	0.000891677 -0.00196443 -0.411411	
21.01	0.000891701 -0.00196506 -0.411411	
21.02	0.000891701 -0.00196506 -0.411411	
21.03	0.000891677 -0.00196443 -0.411411	
21.04	0.000891677 -0.00196443 -0.411411	
21.05	0.000891677 -0.00196443 -0.411411	
21.06	0.000891677 -0.00196443 -0.411411	
21.07	0.000891701 -0.00196506 -0.411411	
21.08	0.000891701 -0.00196506 -0.411411	
21.09	0.000891677 -0.00196443 -0.411411	
21.1	0.000891677 -0.00196443 -0.411411	
21.11	0.000891677 -0.00196443 -0.411411	
21.12	0.000891677 -0.00196443 -0.411411	
21.13	0.000891701 -0.00196506 -0.411411	
21.14	0.000891677 -0.00196443 -0.411411	
21.15	0.000891677 -0.00196443 -0.411411	
21.16	0.000891677 -0.00196443 -0.411411	
21.17	0.000891677 -0.00196443 -0.411411	
21.18	0.000891701 -0.00196506 -0.411411	
21.19	0.000892066 -0.00197106 -0.411409	
21.2	0.000891701 -0.00196506 -0.411411	
21.21	0.000892066 -0.00197106 -0.411409	
21.22	0.000891667 -0.00196431 -0.411411	
21.23	0.000891701 -0.00196506 -0.411411	
21.24	0.000891677 -0.00196443 -0.411411	
21.25	0.000891701 -0.00196506 -0.411411	
21.26	0.000891667 -0.00196431 -0.411411	
21.27	0.000891677 -0.00196443 -0.411411	
21.28	0.000891677 -0.00196443 -0.411411	
21.29	0.000892066 -0.00197106 -0.411409	
21.3	0.000891701 -0.00196506 -0.411411	
21.31	0.000892041 -0.00197043 -0.411409	
21.32	0.000891701 -0.00196506 -0.411411	
21.33	0.000891667 -0.00196431 -0.411411	
21.34	0.000891701 -0.00196506 -0.411411	
21.35	0.000891701 -0.00196506 -0.411411	
21.36	0.000891701 -0.00196506 -0.411411	
21.37	0.000891701 -0.00196506 -0.411411	
21.38	0.000891677 -0.00196443 -0.411411	
21.39	0.000891701 -0.00196506 -0.411411	
21.4	0.000891701 -0.00196506 -0.411411	
21.41	0.000891677 -0.00196443 -0.411411	
21.42	0.000891701 -0.00196506 -0.411411	
21.43	0.000891677 -0.00196443 -0.411411	
21.44	0.000891677 -0.00196443 -0.411411	
21.45	0.000891701 -0.00196506 -0.411411	
21.46	0.000891677 -0.00196443 -0.411411	
21.47	0.000891701 -0.00196506 -0.411411	
21.48	0.000892066 -0.00197106 -0.411409	
21.49	0.000891677 -0.00196443 -0.411411	
21.5	0.000891677 -0.00196443 -0.411411	
21.51	0.000891677 -0.00196443 -0.411411	
21.52	0.000891677 -0.00196443 -0.411411	
21.53	0.000891701 -0.00196506 -0.411411	
21.54	0.000891677 -0.00196443 -0.411411	
21.55	0.000891677 -0.00196443 -0.411411	
21.56	0.000891692 -0.00196494 -0.411411	
21.57	0.000892066 -0.00197106 -0.411409	
21.58	0.000891701 -0.00196506 -0.411411	
21.59	0.000891677 -0.00196443 -0.411411	
