# Gnuplot File : positions of 1 particle(s) Monitored
# 1st Column : time, others : particle(s) number 0 
0.01	9.96237 19.9489 3.19928	
0.02	9.96268 19.9489 3.19905	
0.03	9.96144 19.9489 3.19884	
0.04	9.96237 19.9489 3.19867	
0.05	9.96112 19.9488 3.19855	
0.06	9.96237 19.9489 3.19849	
0.07	9.96237 19.9489 3.19843	
0.08	9.96268 19.9489 3.19844	
0.09	9.96112 19.9488 3.19834	
0.1	9.96112 19.9488 3.19832	
0.11	9.96112 19.9488 3.19831	
0.12	9.96144 19.9489 3.19834	
0.13	9.96237 19.9489 3.1983	
0.14	9.96237 19.9489 3.1983	
0.15	9.96144 19.9489 3.19832	
0.16	9.96268 19.9489 3.19834	
0.17	9.96268 19.9489 3.19834	
0.18	9.96237 19.9489 3.19829	
0.19	9.96268 19.9489 3.19834	
0.2	9.96237 19.9489 3.19829	
0.21	9.96237 19.9489 3.19829	
0.22	9.96144 19.9489 3.19832	
0.23	9.96144 19.9489 3.19832	
0.24	9.96237 19.9489 3.19829	
0.25	9.96237 19.9489 3.19829	
0.26	9.96112 19.9488 3.19828	
0.27	9.96174 19.9492 3.19967	
0.28	9.95983 19.9493 3.20051	
0.29	9.95295 19.9485 3.19828	
0.3	9.94952 19.9483 3.19807	
0.31	9.94859 19.9483 3.1981	
0.32	9.95391 19.9487 3.199	
0.33	9.97501 19.9502 3.20267	
0.34	9.97046 19.471 3.40556	
0.35	9.93439 18.786 4.16316	
0.36	9.9219 18.5273 4.48595	
0.37	9.93875 18.141 4.4652	
0.38	9.99329 17.6735 4.38981	
0.39	10.2005 17.2823 4.37264	
0.4	10.5101 17.0107 4.45185	
0.41	10.8766 16.8614 4.45072	
0.42	11.1975 16.7085 4.45207	
0.43	11.5175 16.5945 4.49724	
0.44	11.7449 16.4812 4.62793	
0.45	11.9753 16.5171 4.6738	
0.46	12.2642 16.5892 4.68114	
0.47	12.5277 16.6529 4.68642	
0.48	12.6944 16.6397 4.67678	
0.49	12.7452 16.5146 4.67261	
0.5	12.7832 16.3957 4.66527	
0.51	12.8116 16.2695 4.66784	
0.52	12.84 16.1128 4.665	
0.53	12.8735 15.9363 4.66618	
0.54	12.9116 15.741 4.67521	
0.55	12.9561 15.5313 4.6927	
0.56	12.9887 15.3436 4.71564	
0.57	13.0055 15.1608 4.73662	
0.58	12.9924 14.9266 4.81826	
0.59	12.9706 14.7081 4.92353	
0.6	12.9692 14.5182 5.04334	
0.61	12.9647 14.3675 5.10895	
0.62	12.9441 14.2183 5.1632	
0.63	12.9237 14.0301 5.23179	
0.64	12.9369 13.8352 5.27735	
0.65	12.885 13.58 5.33065	
0.66	12.7545 13.223 5.40097	
0.67	12.6173 12.9201 5.39325	
0.68	12.5336 12.7085 5.31848	
0.69	12.509 12.6049 5.26654	
0.7	12.4507 12.5376 5.18831	
0.71	12.3203 12.4147 5.13854	
0.72	12.1211 12.291 5.06585	
0.73	11.9381 12.1761 4.98865	
0.74	11.7886 12.1356 4.95375	
0.75	11.6215 12.1117 4.94232	
0.76	11.3866 12.0934 4.94111	
0.77	11.1235 12.0682 4.9348	
0.78	10.9918 12.0744 4.93166	
0.79	10.7873 12.1151 4.92232	
0.8	10.5459 12.177 4.905	
0.81	10.3552 12.2423 4.88269	
0.82	10.2376 12.3329 4.8566	
0.83	10.1768 12.4728 4.81966	
0.84	10.1661 12.6086 4.78187	
0.85	10.1589 12.6654 4.76377	
0.86	10.1363 12.7089 4.75467	
0.87	10.1118 12.7499 4.74101	
0.88	10.0817 12.7914 4.72893	
0.89	10.046 12.8275 4.71778	
0.9	9.99763 12.8585 4.70898	
0.91	9.94791 12.8954 4.70096	
0.92	9.89813 12.9374 4.69096	
0.93	9.85283 12.9853 4.68183	
0.94	9.80332 13.0273 4.67077	
0.95	9.76006 13.113 4.65435	
0.96	9.7133 13.2392 4.63758	
0.97	9.65975 13.3435 4.62294	
0.98	9.60491 13.44 4.61484	
0.99	9.55515 13.537 4.60875	
1	9.49875 13.6304 4.59644	
1.01	9.43287 13.7134 4.58431	
1.02	9.36822 13.7917 4.57436	
1.03	9.30427 13.8751 4.56163	
1.04	9.23877 13.9637 4.54759	
1.05	9.1757 14.061 4.54018	
1.06	9.11955 14.1677 4.53077	
1.07	9.06306 14.2642 4.52415	
1.08	8.97596 14.352 4.5171	
1.09	8.89275 14.4237 4.51242	
1.1	8.81496 14.4846 4.50828	
1.11	8.73619 14.5566 4.5041	
1.12	8.64037 14.6459 4.49658	
1.13	8.54644 14.7415 4.48949	
1.14	8.42495 14.8461 4.47034	
1.15	8.31683 14.9198 4.44533	
1.16	8.18397 14.973 4.40277	
1.17	8.07345 15.0252 4.34903	
1.18	7.96864 15.0652 4.27903	
1.19	7.85632 15.0848 4.19678	
1.2	7.75873 15.0866 4.11268	
1.21	7.6578 15.0763 4.0232	
1.22	7.55995 15.0521 3.92622	
1.23	7.47558 15.0255 3.82747	
1.24	7.40418 14.9931 3.71991	
1.25	7.3512 14.9695 3.64006	
1.26	7.30698 14.9355 3.56497	
1.27	7.27136 14.8858 3.49593	
1.28	7.24579 14.8299 3.42959	
1.29	7.2277 14.7593 3.38708	
1.3	7.21287 14.6916 3.36646	
1.31	7.1893 14.581 3.33381	
1.32	7.16687 14.4833 3.32224	
1.33	7.14961 14.3841 3.3253	
1.34	7.13494 14.291 3.33033	
1.35	7.11153 14.1885 3.33785	
1.36	7.08558 14.0651 3.34843	
1.37	7.0644 13.9689 3.35886	
1.38	7.04746 13.9002 3.36988	
1.39	7.03808 13.8273 3.38657	
1.4	7.03016 13.7691 3.39898	
1.41	7.02484 13.716 3.40979	
1.42	7.0212 13.6455 3.42216	
1.43	7.01972 13.5884 3.44136	
1.44	7.0172 13.5424 3.45611	
1.45	7.00675 13.4916 3.47019	
1.46	7.00145 13.4454 3.50127	
1.47	7.00289 13.3999 3.52187	
1.48	6.99784 13.3482 3.55245	
1.49	6.98874 13.2964 3.59386	
1.5	6.97548 13.2308 3.64395	
1.51	6.96758 13.1617 3.70244	
1.52	6.95652 13.0695 3.77402	
1.53	6.9376 12.9801 3.83578	
1.54	6.92536 12.8903 3.89979	
1.55	6.90667 12.7961 3.94941	
1.56	6.89553 12.7096 3.99312	
1.57	6.88378 12.5882 4.05309	
1.58	6.88801 12.4919 4.11194	
1.59	6.89913 12.4156 4.16238	
1.6	6.90526 12.3259 4.20922	
1.61	6.92865 12.2454 4.25575	
1.62	6.95208 12.169 4.31294	
1.63	6.97743 12.087 4.38267	
1.64	7.00438 12.0182 4.45721	
1.65	7.01959 11.9445 4.54086	
1.66	7.04346 11.8843 4.63125	
1.67	7.05835 11.8172 4.74381	
1.68	7.07316 11.7499 4.85415	
1.69	7.08907 11.691 4.99691	
1.7	7.10079 11.6384 5.12384	
1.71	7.1112 11.5854 5.2485	
1.72	7.11568 11.5245 5.35089	
1.73	7.12661 11.4729 5.45104	
1.74	7.14401 11.4087 5.55093	
1.75	7.14853 11.3469 5.62966	
1.76	7.14854 11.264 5.69771	
1.77	7.15959 11.1639 5.7598	
1.78	7.15283 11.034 5.82942	
1.79	7.13938 10.9197 5.8812	
1.8	7.12908 10.8175 5.91926	
1.81	7.12367 10.7388 5.94543	
1.82	7.13516 10.6561 5.97251	
1.83	7.1595 10.5921 5.98916	
1.84	7.18542 10.5451 5.99234	
1.85	7.21882 10.4922 5.98422	
1.86	7.24489 10.4338 5.95133	
1.87	7.24557 10.3401 5.88548	
1.88	7.24153 10.2128 5.80818	
1.89	7.23179 10.0948 5.74716	
1.9	7.24309 9.97077 5.67915	
1.91	7.26412 9.8647 5.639	
1.92	7.29488 9.77042 5.6147	
1.93	7.34139 9.68521 5.61557	
1.94	7.37885 9.63763 5.6311	
1.95	7.43699 9.57144 5.66211	
1.96	7.47862 9.53321 5.68241	
1.97	7.50526 9.51082 5.69531	
1.98	7.53462 9.49128 5.69925	
1.99	7.57692 9.45535 5.70964	
2	7.63505 9.42942 5.72074	
2.01	7.70925 9.41631 5.72532	
2.02	7.78386 9.40797 5.72629	
2.03	7.86729 9.40151 5.73202	
2.04	7.94628 9.39437 5.73081	
2.05	8.02236 9.38662 5.72863	
2.06	8.10146 9.38259 5.73395	
2.07	8.17729 9.37541 5.73185	
2.08	8.28487 9.38096 5.72442	
2.09	8.38723 9.39301 5.7146	
2.1	8.50238 9.40892 5.70295	
2.11	8.62472 9.42989 5.68924	
2.12	8.7538 9.44602 5.67624	
2.13	8.86286 9.47487 5.6604	
2.14	9.00077 9.51258 5.64045	
2.15	9.132 9.53487 5.62025	
2.16	9.25057 9.5616 5.60636	
2.17	9.39057 9.5982 5.58845	
2.18	9.53759 9.66007 5.55908	
2.19	9.6863 9.7389 5.52537	
2.2	9.8457 9.8223 5.4847	
2.21	9.98467 9.89772 5.44834	
2.22	10.1183 9.95318 5.41906	
2.23	10.2396 10.0052 5.39316	
2.24	10.3383 10.0521 5.36803	
2.25	10.4338 10.0937 5.34369	
2.26	10.5395 10.1417 5.31744	
2.27	10.6202 10.1944 5.29143	
2.28	10.7018 10.2586 5.26484	
2.29	10.7746 10.3175 5.24048	
2.3	10.8537 10.3775 5.21784	
2.31	10.9532 10.4543 5.18877	
2.32	11.0411 10.5189 5.15839	
2.33	11.1331 10.569 5.13495	
2.34	11.2265 10.6144 5.11184	
2.35	11.3051 10.6551 5.08043	
2.36	11.3776 10.6887 5.04717	
2.37	11.4481 10.7232 5.00253	
2.38	11.5313 10.7607 4.93337	
2.39	11.6097 10.8069 4.85615	
2.4	11.6741 10.8361 4.78098	
2.41	11.7385 10.8546 4.72194	
2.42	11.8039 10.8755 4.66649	
2.43	11.87 10.8924 4.59946	
2.44	11.9159 10.894 4.54356	
2.45	11.9448 10.9025 4.48108	
2.46	11.9551 10.9015 4.41345	
2.47	11.958 10.8922 4.34077	
2.48	11.9614 10.8789 4.28766	
2.49	11.9646 10.8651 4.24911	
2.5	11.9657 10.844 4.2069	
2.51	11.9757 10.8293 4.16316	
2.52	11.9842 10.8169 4.12588	
2.53	11.9909 10.802 4.08214	
2.54	12.0057 10.791 4.02879	
2.55	12.0287 10.7821 3.99507	
2.56	12.0446 10.7743 3.96652	
2.57	12.0607 10.7647 3.93282	
2.58	12.0894 10.7621 3.89762	
2.59	12.1253 10.7677 3.86608	
2.6	12.1494 10.763 3.84254	
2.61	12.1725 10.7638 3.81904	
2.62	12.1943 10.7629 3.8073	
2.63	12.2306 10.7675 3.8058	
2.64	12.2591 10.7675 3.79406	
2.65	12.2898 10.7644 3.78887	
2.66	12.3119 10.764 3.7785	
2.67	12.3274 10.7606 3.7616	
2.68	12.3501 10.756 3.73803	
2.69	12.3798 10.75 3.70699	
2.7	12.4106 10.7346 3.68123	
2.71	12.4229 10.698 3.6694	
2.72	12.4377 10.6544 3.65254	
2.73	12.446 10.6107 3.63856	
2.74	12.4501 10.5734 3.60988	
2.75	12.454 10.5473 3.56248	
2.76	12.4579 10.5214 3.49648	
2.77	12.4697 10.4987 3.43559	
2.78	12.4876 10.4709 3.39188	
2.79	12.4956 10.4176 3.36253	
2.8	12.5045 10.3587 3.35209	
2.81	12.5129 10.293 3.3569	
2.82	12.5239 10.2299 3.34994	
2.83	12.5314 10.1727 3.34531	
2.84	12.5403 10.1116 3.34551	
2.85	12.555 10.0583 3.35047	
2.86	12.577 9.99923 3.36982	
2.87	12.5933 9.94088 3.39471	
2.88	12.6081 9.89077 3.40879	
2.89	12.6213 9.84155 3.42688	
2.9	12.6301 9.79387 3.43293	
2.91	12.6358 9.74733 3.44435	
2.92	12.6426 9.70513 3.45024	
2.93	12.6468 9.67563 3.44276	
2.94	12.6516 9.64479 3.43003	
2.95	12.6556 9.6107 3.42578	
2.96	12.6607 9.57592 3.4189	
2.97	12.6663 9.53951 3.42582	
2.98	12.673 9.49549 3.44473	
2.99	12.68 9.44238 3.47141	
3	12.6879 9.38954 3.49847	
3.01	12.6938 9.34158 3.52373	
3.02	12.7029 9.29372 3.54771	
3.03	12.7074 9.25492 3.56651	
3.04	12.7163 9.20676 3.58949	
3.05	12.7216 9.15316 3.61469	
3.06	12.721 9.10832 3.63459	
3.07	12.7283 9.0607 3.65958	
3.08	12.7276 9.01648 3.68124	
3.09	12.7342 8.97346 3.70306	
3.1	12.7392 8.93078 3.72645	
3.11	12.7396 8.87896 3.75956	
3.12	12.7404 8.82634 3.78902	
3.13	12.7403 8.7752 3.82409	
3.14	12.7389 8.72447 3.86074	
3.15	12.7423 8.65185 3.91454	
3.16	12.7372 8.58455 3.97182	
3.17	12.7312 8.51305 4.03423	
3.18	12.7204 8.43001 4.09656	
3.19	12.7158 8.34682 4.15426	
3.2	12.7073 8.23797 4.21934	
3.21	12.6978 8.12968 4.28554	
3.22	12.6903 8.00852 4.36162	
3.23	12.6793 7.90184 4.43121	
3.24	12.6594 7.78527 4.50712	
3.25	12.6348 7.66514 4.58961	
3.26	12.5989 7.54526 4.67619	
3.27	12.5614 7.4357 4.7599	
3.28	12.5205 7.32504 4.83952	
3.29	12.4779 7.23486 4.89656	
3.3	12.4136 7.15874 4.91775	
3.31	12.3414 7.10057 4.91008	
3.32	12.2588 7.046 4.87962	
3.33	12.1751 6.99735 4.83005	
3.34	12.0896 6.95909 4.77862	
3.35	11.9858 6.9196 4.72728	
3.36	11.8909 6.8837 4.68355	
3.37	11.7867 6.8489 4.64528	
3.38	11.6626 6.81418 4.61253	
3.39	11.5495 6.78139 4.57958	
3.4	11.4268 6.75795 4.56503	
3.41	11.3094 6.73535 4.5507	
3.42	11.194 6.7174 4.55221	
3.43	11.0858 6.69677 4.56057	
3.44	10.9781 6.68196 4.56899	
3.45	10.8702 6.67128 4.57156	
3.46	10.7891 6.65837 4.57832	
3.47	10.7093 6.64998 4.58053	
3.48	10.6175 6.645 4.57789	
3.49	10.5376 6.63959 4.56802	
3.5	10.4576 6.62886 4.55586	
3.51	10.3847 6.6204 4.53024	
3.52	10.3049 6.60914 4.51271	
3.53	10.2163 6.59332 4.49676	
3.54	10.1264 6.57574 4.4718	
3.55	10.0307 6.56456 4.44886	
3.56	9.93147 6.5544 4.43164	
3.57	9.84016 6.55349 4.43284	
3.58	9.7417 6.55288 4.43245	
3.59	9.63639 6.5535 4.43331	
3.6	9.52974 6.5544 4.43438	
3.61	9.42121 6.55908 4.42994	
3.62	9.32346 6.57387 4.42316	
3.63	9.24145 6.60132 4.40781	
3.64	9.16246 6.63511 4.39447	
3.65	9.09231 6.66893 4.38114	
3.66	9.03272 6.71522 4.37775	
3.67	8.97537 6.77096 4.36843	
3.68	8.92553 6.83808 4.34422	
3.69	8.86801 6.91368 4.33201	
3.7	8.81968 6.98542 4.32428	
3.71	8.77273 7.05375 4.32091	
3.72	8.71775 7.11732 4.29371	
3.73	8.62951 7.18979 4.25103	
3.74	8.53904 7.24696 4.20899	
3.75	8.44944 7.30105 4.1727	
3.76	8.35954 7.35143 4.14083	
3.77	8.28437 7.40062 4.10942	
3.78	8.19468 7.44199 4.07931	
3.79	8.09566 7.47649 4.06006	
3.8	8.01362 7.50306 4.03267	
3.81	7.92271 7.52865 3.99634	
3.82	7.84039 7.54899 3.96105	
3.83	7.76514 7.57119 3.91423	
3.84	7.69144 7.58988 3.87117	
3.85	7.6146 7.60644 3.82047	
3.86	7.55669 7.62005 3.76003	
3.87	7.49607 7.62518 3.70893	
3.88	7.43545 7.62649 3.66177	
3.89	7.38115 7.62634 3.61345	
3.9	7.33707 7.6311 3.56511	
3.91	7.30172 7.63162 3.49906	
3.92	7.26445 7.62759 3.43581	
3.93	7.23787 7.62323 3.37198	
3.94	7.2079 7.61117 3.29512	
3.95	7.17934 7.59981 3.21792	
3.96	7.16002 7.58976 3.15113	
3.97	7.15749 7.58045 3.09779	
3.98	7.15481 7.57219 3.05234	
3.99	7.16155 7.56275 3.00261	
4	7.15812 7.54971 2.95576	
4.01	7.16463 7.53729 2.91534	
4.02	7.17149 7.52508 2.87485	
4.03	7.17549 7.50565 2.82115	
4.04	7.18078 7.48179 2.76823	
4.05	7.1861 7.45934 2.72212	
4.06	7.19856 7.43129 2.67865	
4.07	7.20333 7.40401 2.62974	
4.08	7.20675 7.36435 2.59547	
4.09	7.21806 7.32333 2.55987	
4.1	7.22881 7.28809 2.53391	
4.11	7.24448 7.25499 2.53549	
4.12	7.26857 7.18911 2.50922	
4.13	7.30263 7.11114 2.55343	
4.14	7.33127 7.00707 2.59046	
4.15	7.32738 6.9103 2.6487	
4.16	7.34144 6.82103 2.70621	
4.17	7.35046 6.75063 2.7533	
4.18	7.37828 6.70014 2.78006	
4.19	7.39056 6.65707 2.77628	
4.2	7.42053 6.61927 2.75532	
4.21	7.45075 6.58246 2.69418	
4.22	7.47187 6.54132 2.62818	
4.23	7.48497 6.50022 2.5899	
4.24	7.50748 6.46064 2.58683	
4.25	7.51289 6.42577 2.60876	
4.26	7.51856 6.3915 2.6323	
4.27	7.51414 6.34468 2.66765	
4.28	7.50878 6.28981 2.71074	
4.29	7.50367 6.23569 2.75554	
4.3	7.49825 6.17706 2.80228	
4.31	7.49313 6.11966 2.85618	
4.32	7.48703 6.06655 2.90366	
4.33	7.48213 6.01023 2.95562	
4.34	7.47552 5.94973 3.01141	
4.35	7.46727 5.88053 3.07266	
4.36	7.45956 5.81548 3.12976	
4.37	7.45195 5.75123 3.19271	
4.38	7.44485 5.69192 3.25824	
4.39	7.43978 5.65031 3.31781	
4.4	7.43432 5.61635 3.36991	
4.41	7.43123 5.58252 3.42006	
4.42	7.42761 5.54125 3.47835	
4.43	7.4114 5.47679 3.55329	
4.44	7.39282 5.38494 3.64429	
4.45	7.38356 5.3017 3.7324	
4.46	7.37462 5.21155 3.82787	
4.47	7.36427 5.12246 3.92608	
4.48	7.36191 5.02171 4.03579	
4.49	7.38595 4.91873 4.14692	
4.5	7.42224 4.82785 4.24528	
4.51	7.47833 4.74619 4.33468	
4.52	7.54533 4.67095 4.41025	
4.53	7.62228 4.59468 4.47543	
4.54	7.71964 4.52396 4.52647	
4.55	7.82087 4.46149 4.56415	
4.56	7.96022 4.38959 4.60528	
4.57	8.09174 4.32885 4.61774	
4.58	8.22343 4.27115 4.61307	
4.59	8.35589 4.21753 4.59395	
4.6	8.49052 4.18038 4.57564	
4.61	8.6464 4.16113 4.54726	
4.62	8.78284 4.15051 4.51947	
4.63	8.93851 4.13598 4.48457	
4.64	9.0863 4.13048 4.44711	
4.65	9.23414 4.12561 4.40826	
4.66	9.40098 4.12051 4.36638	
4.67	9.53814 4.11728 4.32656	
4.68	9.69578 4.1147 4.27548	
4.69	9.87128 4.11324 4.23015	
4.7	10.048 4.11277 4.17222	
4.71	10.2354 4.11394 4.11802	
4.72	10.4309 4.11695 4.06018	
4.73	10.6384 4.12257 3.99634	
4.74	10.8371 4.13308 3.92177	
4.75	11.068 4.14478 3.86258	
4.76	11.3043 4.18343 3.78814	
4.77	11.5483 4.23755 3.6984	
4.78	11.7825 4.30734 3.60158	
4.79	12.0537 4.39981 3.49116	
4.8	12.2782 4.47759 3.41569	
4.81	12.4927 4.55309 3.34457	
4.82	12.6956 4.66169 3.24727	
4.83	12.8585 4.78237 3.13525	
4.84	12.9628 4.88415 3.03712	
4.85	13.0331 4.96653 2.93678	
4.86	13.091 5.05558 2.836	
4.87	13.1318 5.13281 2.7619	
4.88	13.1316 5.21205 2.70218	
4.89	13.1287 5.30383 2.64932	
4.9	13.1234 5.39892 2.56977	
4.91	13.1152 5.49556 2.47779	
4.92	13.1055 5.60956 2.42212	
4.93	13.1076 5.65815 2.39589	
4.94	13.1187 5.73701 2.33307	
4.95	13.2292 5.85909 2.24397	
4.96	13.303 5.90515 2.24495	
4.97	13.3666 6.03263 2.15683	
4.98	13.3897 6.05636 2.15845	
4.99	13.3943 6.15622 2.11918	
5	13.3725 6.25228 2.15127	
5.01	13.318 6.54973 2.16229	
5.02	13.2881 6.85619 2.26074	
5.03	13.2395 7.12939 2.5176	
5.04	13.1918 7.39714 2.65156	
5.05	13.1508 7.66342 2.63467	
5.06	13.1112 7.87881 2.56984	
5.07	13.0435 8.36282 2.42913	
5.08	12.9944 8.73994 2.29251	
5.09	12.9471 8.70182 2.37833	
5.1	12.7838 9.06333 2.34266	
5.11	12.8074 8.9082 2.51391	
5.12	12.6501 9.35817 2.52666	
5.13	12.513 9.32872 2.78918	
5.14	12.3298 9.90316 2.89342	
5.15	11.9932 10.8102 3.29897	
5.16	11.8524 11.8113 3.59417	
5.17	11.7134 12.6643 3.5828	
5.18	11.529 13.484 3.47682	
5.19	11.3415 14.3535 3.36967	
5.2	11.1672 15.1705 3.28826	
5.21	10.9875 15.9255 3.29318	
5.22	10.7303 16.6867 3.35159	
5.23	10.6023 16.6215 3.29179	
5.24	10.3278 17.525 3.46367	
5.25	10.1425 17.8793 3.54373	
5.26	10.0464 18.08 3.59301	
5.27	10.0041 18.4951 3.68085	
5.28	10.0049 18.9606 3.78879	
5.29	10.0024 19.3374 3.63235	
5.3	9.97946 19.7462 3.2767	
5.31	9.93867 19.9476 3.19514	
5.32	9.9359 19.9472 3.19456	
5.33	9.93491 19.9467 3.19291	
5.34	9.93539 19.947 3.19451	
5.35	9.93984 19.9454 3.18633	
5.36	9.94241 19.946 3.18863	
5.37	9.94714 19.9477 3.19546	
5.38	9.94657 19.9478 3.19581	
5.39	9.94879 19.9485 3.19894	
5.4	9.95287 19.9485 3.19824	
5.41	9.95227 19.9485 3.19833	
5.42	9.9479 19.9507 3.20965	
5.43	9.94696 19.9513 3.2124	
5.44	9.94696 19.9519 3.21533	
5.45	9.94666 19.9521 3.21674	
5.46	9.9454 19.9521 3.21672	
5.47	9.9454 19.9521 3.21672	
5.48	9.9454 19.9521 3.21672	
5.49	9.9454 19.9521 3.21672	
5.5	9.9454 19.9521 3.21672	
5.51	9.9454 19.9521 3.21672	
5.52	9.9454 19.9521 3.21672	
5.53	9.94571 19.9521 3.21678	
