# Gnuplot File : positions of 1 particle(s) Monitored
# 1st Column : time, others : particle(s) number 0 
0.01	7.17393 14.6025 2.71267	
0.02	7.17429 14.6023 2.77054	
0.03	7.17426 14.6032 2.76799	
0.04	7.17425 14.6022 2.76606	
0.05	7.17423 14.6031 2.76367	
0.06	7.17421 14.6031 2.76163	
0.07	7.17327 14.6046 2.76296	
0.08	7.17325 14.6036 2.76133	
0.09	7.17417 14.603 2.75595	
0.1	7.17415 14.602 2.75446	
0.11	7.17414 14.603 2.7525	
0.12	7.1732 14.6035 2.75442	
0.13	7.17318 14.6044 2.75258	
0.14	7.17317 14.6044 2.75106	
0.15	7.174 14.6031 2.74903	
0.16	7.15445 14.6366 2.8228	
0.17	7.13359 14.6778 2.91094	
0.18	7.13006 14.6847 2.92629	
0.19	7.13022 14.6747 2.92614	
0.2	7.12858 14.6884 2.93	
0.21	7.12853 14.6876 2.92883	
0.22	7.12848 14.6883 2.92739	
0.23	7.15855 14.6287 2.79653	
0.24	7.13551 13.6683 3.55202	
0.25	7.06173 12.9815 4.26069	
0.26	7.03526 11.9907 4.82614	
0.27	7.02338 11.0591 5.57591	
0.28	7.02627 10.1986 6.04522	
0.29	7.04948 9.25848 6.45816	
0.3	7.14602 8.40329 6.92674	
0.31	7.20729 7.75199 7.21506	
0.32	7.25484 7.14819 7.45654	
0.33	7.34401 6.5708 7.77865	
0.34	7.50047 6.10502 8.05237	
0.35	7.63431 5.65061 8.19866	
0.36	7.99636 5.38329 8.21278	
0.37	8.70159 5.06261 8.22646	
0.38	9.11603 4.69481 8.55061	
0.39	9.38715 4.4938 8.83348	
0.4	9.70691 4.34206 9.03	
0.41	10.1268 4.32236 9.05937	
0.42	10.717 4.19855 9.04278	
0.43	11.0005 4.09617 8.99881	
0.44	11.164 3.90541 8.92772	
0.45	11.2645 3.97464 8.88452	
0.46	11.2697 3.98269 8.83108	
0.47	11.2432 3.95642 8.75466	
0.48	11.3431 3.92639 8.60949	
0.49	11.4098 3.89886 8.4936	
0.5	11.3669 3.84666 8.38837	
0.51	11.465 3.92086 8.29447	
0.52	11.6214 4.00529 8.22296	
0.53	11.7479 4.09459 8.15453	
0.54	11.789 4.1496 8.01487	
0.55	11.8193 4.23264 7.87119	
0.56	11.852 4.29627 7.73317	
0.57	11.8707 4.35656 7.63896	
0.58	11.8644 4.41677 7.49437	
0.59	11.8809 4.48278 7.3741	
0.6	11.9127 4.53981 7.23178	
0.61	11.9534 4.59997 7.05335	
0.62	11.977 4.66482 6.87367	
0.63	12.0184 4.75707 6.72673	
0.64	12.0519 4.82932 6.58124	
0.65	12.068 4.87452 6.43019	
0.66	12.0659 4.89135 6.34923	
0.67	12.0631 4.92037 6.3063	
0.68	12.0324 4.95601 6.25207	
0.69	11.9939 4.97842 6.21982	
0.7	11.9538 5.05596 6.09748	
0.71	11.9142 5.13577 5.97688	
0.72	11.8491 5.1905 5.84858	
0.73	11.8126 5.25554 5.73253	
0.74	11.8038 5.3334 5.65826	
0.75	11.7975 5.3973 5.59915	
0.76	11.8025 5.44981 5.55556	
0.77	11.8036 5.48257 5.52911	
0.78	11.8108 5.51628 5.51639	
0.79	11.8069 5.55585 5.47982	
0.8	11.8096 5.59442 5.44305	
0.81	11.8137 5.65312 5.38862	
0.82	11.8156 5.7286 5.30022	
0.83	11.8181 5.80749 5.16434	
0.84	11.8304 5.87773 5.05418	
0.85	11.8636 5.93939 4.93792	
0.86	11.8756 6.01428 4.82253	
0.87	11.9029 6.09862 4.70488	
0.88	11.9313 6.16797 4.62546	
0.89	11.9542 6.25016 4.55245	
0.9	11.9648 6.32633 4.49477	
0.91	11.9733 6.43203 4.41706	
0.92	11.9861 6.56067 4.34916	
0.93	12.0074 6.67677 4.29905	
0.94	12.014 6.77179 4.26763	
0.95	12.0146 6.86086 4.23919	
0.96	12.0393 6.97655 4.20489	
0.97	12.058 7.08688 4.1626	
0.98	12.0991 7.18137 4.12003	
0.99	12.1541 7.27698 4.06158	
1	12.1926 7.3427 4.0251	
1.01	12.2326 7.40265 3.98744	
1.02	12.2741 7.46636 3.94068	
1.03	12.3232 7.53573 3.89224	
1.04	12.4049 7.62001 3.83508	
1.05	12.4956 7.69749 3.78922	
1.06	12.5905 7.78299 3.75256	
1.07	12.7045 7.89857 3.71145	
1.08	12.8212 8.01775 3.67398	
1.09	12.9142 8.14236 3.63702	
1.1	12.9424 8.21341 3.61862	
1.11	12.9434 8.27992 3.59616	
1.12	12.9436 8.33624 3.5706	
1.13	12.9401 8.40251 3.55703	
1.14	12.9312 8.46324 3.52843	
1.15	12.9261 8.55275 3.49554	
1.16	12.923 8.65677 3.42117	
1.17	12.9193 8.725 3.3348	
1.18	12.9122 8.77366 3.26709	
1.19	12.9051 8.81143 3.21188	
1.2	12.8939 8.86405 3.15745	
1.21	12.861 8.89853 3.10096	
1.22	12.8321 8.91188 3.03959	
1.23	12.7863 8.93318 2.94773	
1.24	12.7298 8.94121 2.86933	
1.25	12.6685 8.95353 2.80619	
1.26	12.6351 8.97551 2.76654	
1.27	12.6073 8.99623 2.73253	
1.28	12.5776 9.00061 2.69864	
1.29	12.5348 9.01477 2.65418	
1.3	12.5011 9.02861 2.59186	
1.31	12.4606 9.05287 2.52426	
1.32	12.4129 9.06023 2.46787	
1.33	12.3776 9.08282 2.41176	
1.34	12.3018 9.07635 2.43108	
1.35	12.2655 9.09623 2.49378	
1.36	12.2571 9.13561 2.51972	
1.37	12.2522 9.21047 2.53552	
1.38	12.258 9.33018 2.54796	
1.39	12.2624 9.42396 2.55308	
1.4	12.2655 9.50539 2.54878	
1.41	12.2449 9.54994 2.52107	
1.42	12.174 9.55997 2.45134	
1.43	12.0225 9.52617 2.3538	
1.44	11.8026 9.50057 2.2168	
1.45	11.741 9.56244 2.02529	
1.46	11.4121 9.54278 1.58178	
1.47	11.2113 9.48876 1.39114	
1.48	10.9041 9.4186 1.26266	
1.49	10.6849 9.33265 1.20108	
1.5	10.549 9.29325 1.19901	
1.51	10.3702 9.29305 1.1996	
1.52	10.2089 9.31199 1.2166	
1.53	10.2169 9.27215 1.2371	
1.54	10.0239 9.33842 1.22207	
1.55	9.3758 9.72538 0.960959	
1.56	9.07421 10.7879 0.467795	
1.57	8.68333 10.7931 0.208605	
1.58	8.49982 10.8782 0.0699058	
1.59	8.39863 10.9298 -0.210712	
1.6	8.49148 10.9741 -0.268572	
1.61	8.4683 11.104 -0.43536	
1.62	8.54742 11.2135 -0.480132	
1.63	8.66115 11.4163 -0.607495	
1.64	8.5323 11.37 -0.574941	
1.65	8.23106 11.252 -0.27099	
1.66	8.08099 11.0533 0.030075	
1.67	7.94883 10.8191 0.398098	
1.68	7.72003 10.2041 1.16497	
1.69	7.68121 9.43214 2.01946	
1.7	7.65644 7.83908 3.22091	
1.71	7.6555 5.85351 4.86308	
1.72	7.83407 4.47895 6.07051	
1.73	8.12817 2.93228 7.49574	
1.74	8.51982 1.56374 8.69794	
1.75	9.06142 0.393916 9.52236	
1.76	9.86135 -0.333625 10.0115	
1.77	10.4974 -0.718531 10.2965	
1.78	10.9261 -1.06297 10.4021	
1.79	11.0867 -1.24533 10.1141	
1.8	11.1195 -1.37528 9.62899	
1.81	11.0932 -1.45459 9.13037	
1.82	11.0151 -1.39854 8.62963	
1.83	11.0932 -1.3088 8.34543	
1.84	11.1567 -1.15629 8.04165	
1.85	11.0937 -1.06101 7.88417	
1.86	10.9833 -1.00896 7.85712	
1.87	10.7427 -0.993337 7.89047	
1.88	10.4915 -0.938995 7.89058	
1.89	10.4396 -0.701992 7.7689	
1.9	10.5793 -0.431999 7.70594	
1.91	10.622 -0.207012 7.67371	
1.92	10.5882 0.0101228 7.7021	
1.93	10.5221 0.225987 7.71253	
1.94	10.4007 0.341113 7.67493	
1.95	10.2574 0.508142 7.64912	
1.96	9.83129 0.515608 7.60673	
1.97	9.35932 0.517408 7.60129	
1.98	9.05217 0.524848 7.60434	
1.99	8.79996 0.591981 7.5215	
2	8.6195 0.664645 7.39846	
2.01	8.49221 0.642629 7.32851	
2.02	8.4668 0.584375 7.30394	
2.03	8.43853 0.551451 7.27549	
2.04	8.43225 0.548703 7.27869	
2.05	8.48523 0.605173 7.25608	
2.06	8.46801 0.715106 7.19775	
2.07	8.41063 0.895688 7.07329	
2.08	8.35935 1.12204 6.95153	
2.09	8.2352 1.26661 6.86262	
2.1	8.15105 1.45338 6.75786	
2.11	8.05022 1.60878 6.67097	
2.12	7.99434 1.75283 6.62136	
2.13	7.97255 1.89338 6.53136	
2.14	8.03822 1.91241 6.50627	
2.15	8.18075 1.83981 6.55379	
2.16	8.33891 1.73275 6.64762	
2.17	8.57875 1.58675 6.76534	
2.18	8.78605 1.38239 6.96639	
2.19	8.88899 1.25562 7.11902	
2.2	8.96128 1.21804 7.20297	
2.21	9.14559 1.23787 7.21014	
2.22	9.54246 1.24213 7.22545	
2.23	10.0393 1.2361 7.24573	
2.24	10.3931 1.15281 7.33029	
2.25	10.6527 1.11555 7.3373	
2.26	10.8872 1.09892 7.28	
2.27	11.1105 1.01899 7.22092	
2.28	11.2798 0.962157 7.07427	
2.29	11.41 0.923621 6.98498	
2.3	11.4542 0.942034 6.77381	
2.31	11.4918 1.0312 6.499	
2.32	11.5341 1.10865 6.23217	
2.33	11.6053 1.24321 6.05632	
2.34	11.7081 1.40275 5.99094	
2.35	11.7806 1.60443 5.88767	
2.36	11.869 1.80013 5.79399	
2.37	11.9766 1.99536 5.73498	
2.38	12.0613 2.12115 5.70692	
2.39	12.212 2.23075 5.68197	
2.4	12.4215 2.27542 5.67221	
2.41	12.6249 2.25534 5.6786	
2.42	12.7202 2.17592 5.56105	
2.43	12.8367 2.11697 5.44667	
2.44	12.9297 2.04809 5.31861	
2.45	12.9402 1.96841 5.17217	
2.46	12.8748 1.91192 5.03193	
2.47	12.7977 1.88593 4.87414	
2.48	12.7939 1.93099 4.70709	
2.49	12.7928 1.99385 4.5721	
2.5	12.7939 2.06349 4.42042	
2.51	12.7981 2.12541 4.32115	
2.52	12.829 2.20459 4.1994	
2.53	12.8484 2.27173 4.08414	
2.54	12.8866 2.3762 3.96998	
2.55	12.9148 2.46923 3.86799	
2.56	12.9347 2.53806 3.80103	
2.57	12.9421 2.61724 3.72546	
2.58	12.939 2.68424 3.65176	
2.59	12.9651 2.81365 3.54797	
2.6	12.9873 2.8958 3.48007	
2.61	13.0227 2.97032 3.42562	
2.62	13.06 3.07612 3.36134	
2.63	13.0968 3.21199 3.28231	
2.64	13.163 3.40705 3.17971	
2.65	13.231 3.60406 3.07947	
2.66	13.2605 3.74215 3.00545	
2.67	13.2286 3.83119 2.9015	
2.68	13.2168 3.9468 2.79898	
2.69	13.2661 4.06721 2.7179	
2.7	13.3717 4.24911 2.63231	
2.71	13.5266 4.46263 2.5433	
2.72	13.6583 4.64955 2.37808	
2.73	13.7519 4.76943 2.27113	
2.74	13.933 4.87543 2.25001	
2.75	14.061 4.98995 2.18106	
2.76	14.1723 5.05906 2.16035	
2.77	14.1626 5.09061 2.03801	
2.78	14.0971 5.12502 1.85064	
2.79	14.0144 5.10023 1.65826	
2.8	13.8904 5.02573 1.47136	
2.81	13.6303 4.88233 1.20226	
2.82	13.2159 4.82481 0.855209	
2.83	12.6803 4.69925 0.477291	
2.84	12.1772 4.59451 0.207164	
2.85	11.6309 4.52739 0.0709484	
2.86	11.1251 4.52197 0.0283696	
2.87	10.718 4.60309 -0.0396264	
2.88	10.4588 4.68486 -0.164928	
2.89	10.0822 4.68659 -0.0782423	
2.9	10.0117 4.72199 -0.111226	
2.91	9.6822 4.80969 -0.141239	
2.92	9.45791 4.85936 -0.217563	
2.93	9.33165 4.96501 -0.386423	
2.94	9.32756 5.06733 -0.547586	
2.95	8.62051 6.03299 -0.765598	
2.96	6.77005 1.94966 5.20803	
2.97	9.04865 14.0284 0.833527	
2.98	8.98132 13.8773 0.893829	
2.99	8.84006 13.8974 0.938559	
3	8.40586 13.888 1.16048	
3.01	8.34811 13.898 1.19444	
3.02	8.34414 13.8816 1.20593	
3.03	8.3407 13.8841 1.20743	
3.04	8.34007 13.8856 1.20742	
3.05	8.33947 13.8871 1.20741	
3.06	8.33889 13.8885 1.20741	
3.07	8.33833 13.8899 1.20741	
3.08	8.3378 13.8912 1.20741	
3.09	8.33728 13.8925 1.20742	
3.1	8.3346 13.8957 1.20822	
3.11	8.33632 13.895 1.20743	
3.12	8.33368 13.8981 1.20824	
3.13	8.33543 13.8974 1.20745	
3.14	8.33501 13.8985 1.20747	
3.15	8.33473 13.8984 1.20803	
3.16	8.33453 13.8962 1.20959	
3.17	8.33422 13.8968 1.2098	
3.18	8.33387 13.8936 1.21206	
3.19	8.3314 13.8967 1.21273	
3.2	8.33303 13.8903 1.21503	
3.21	8.33277 13.8917 1.21471	
3.22	8.33236 13.8901 1.21614	
3.23	8.33209 13.8904 1.21646	
3.24	8.3318 13.8851 1.21934	
