# Gnuplot File : positions of 1 particle(s) Monitored
# 1st Column : time, others : particle(s) number 0 
0.01	6.35878 30.0213 -8.53575	
0.02	6.35878 30.0213 -8.53636	
0.03	6.35879 30.0238 -8.52891	
0.04	6.35879 30.0238 -8.52931	
0.05	6.35878 30.0213 -8.53759	
0.06	6.35878 30.0213 -8.53786	
0.07	6.35879 30.0238 -8.53014	
0.08	6.35879 30.0238 -8.53032	
0.09	6.35878 30.0213 -8.53841	
0.1	6.35878 30.0213 -8.53854	
0.11	6.35878 30.0213 -8.53864	
0.12	6.35878 30.0213 -8.53872	
0.13	6.35878 30.0213 -8.53878	
0.14	6.35878 30.0213 -8.53884	
0.15	6.35878 30.0213 -8.53888	
0.16	6.36526 30.0221 -8.53863	
0.17	6.35807 30.021 -8.53972	
0.18	6.35807 30.021 -8.53975	
0.19	6.35878 30.0213 -8.539	
0.2	6.35878 30.0213 -8.53901	
0.21	6.35878 30.0213 -8.53903	
0.22	6.35878 30.0213 -8.53904	
0.23	6.35878 30.0213 -8.53905	
0.24	6.35878 30.0213 -8.53905	
0.25	6.35878 30.0213 -8.53906	
0.26	6.35878 30.0213 -8.53907	
0.27	6.35878 30.0213 -8.53907	
0.28	6.35878 30.0213 -8.53907	
0.29	6.35878 30.0213 -8.53908	
0.3	6.35878 30.0213 -8.53908	
0.31	6.35878 30.0213 -8.53908	
0.32	6.35878 30.0213 -8.53908	
0.33	6.35878 30.0213 -8.53908	
0.34	6.35879 30.0238 -8.53113	
0.35	6.36526 30.0221 -8.53878	
0.36	6.35879 30.0238 -8.53113	
0.37	6.35878 30.0213 -8.53908	
0.38	6.35878 30.0213 -8.53908	
0.39	6.35878 30.0213 -8.53908	
0.4	6.35878 30.0213 -8.53908	
0.41	6.35878 30.0213 -8.53908	
0.42	6.35879 30.0238 -8.53113	
0.43	6.3523 30.0231 -8.53143	
0.44	6.35878 30.0213 -8.53908	
0.45	6.35879 30.0238 -8.53113	
0.46	6.35878 30.0213 -8.53908	
0.47	6.35879 30.0238 -8.53113	
0.48	6.35878 30.0213 -8.53908	
0.49	6.35878 30.0213 -8.53908	
0.5	6.35878 30.0213 -8.53908	
0.51	6.35878 30.0213 -8.53908	
0.52	6.35807 30.021 -8.53985	
0.53	6.36526 30.0221 -8.53878	
0.54	6.35878 30.0213 -8.53908	
0.55	6.35878 30.0213 -8.53908	
0.56	6.34582 29.9533 -8.73719	
0.57	6.34582 29.9533 -8.73719	
0.58	6.34582 29.9533 -8.73719	
0.59	6.34582 29.9533 -8.73719	
0.6	6.35213 29.954 -8.73689	
0.61	6.34582 29.9533 -8.73719	
0.62	6.34582 29.9533 -8.73719	
0.63	6.34582 29.9533 -8.73719	
0.64	6.34582 29.9533 -8.73719	
0.65	6.34582 29.9561 -8.72933	
0.66	6.34582 29.9533 -8.73719	
0.67	6.34582 29.9533 -8.73719	
0.68	6.35213 29.954 -8.73689	
0.69	6.34582 29.9533 -8.73719	
0.7	6.34582 29.9533 -8.73719	
0.71	6.34582 29.9561 -8.72933	
0.72	6.34582 29.9533 -8.73719	
0.73	6.34582 29.9533 -8.73719	
0.74	6.34582 29.9533 -8.73719	
0.75	6.34582 29.9561 -8.72933	
0.76	6.34512 29.9529 -8.73795	
0.77	6.34582 29.9533 -8.73719	
0.78	6.34582 29.9533 -8.73719	
0.79	6.35213 29.954 -8.73689	
0.8	6.34582 29.9561 -8.72933	
0.81	6.34582 29.9533 -8.73719	
0.82	6.35213 29.954 -8.73689	
0.83	6.34582 29.9533 -8.73719	
0.84	6.34582 29.9533 -8.73719	
0.85	6.34582 29.9533 -8.73719	
0.86	6.34582 29.9533 -8.73719	
0.87	6.34582 29.9533 -8.73719	
0.88	6.34582 29.9561 -8.72933	
0.89	6.35143 29.9537 -8.73765	
0.9	6.34582 29.9533 -8.73719	
0.91	6.34582 29.9561 -8.72933	
0.92	6.34582 29.9533 -8.73719	
0.93	6.34582 29.9533 -8.73719	
0.94	6.35143 29.9537 -8.73765	
0.95	6.34582 29.9533 -8.73719	
0.96	6.34582 29.9533 -8.73719	
0.97	6.34582 29.9533 -8.73719	
0.98	6.34582 29.9561 -8.72933	
0.99	6.34582 29.9561 -8.72933	
1	6.34582 29.9533 -8.73719	
1.01	6.34582 29.9533 -8.73719	
1.02	6.34512 29.9529 -8.73795	
1.03	6.34582 29.9533 -8.73719	
1.04	6.34582 29.9533 -8.73719	
1.05	6.34582 29.9533 -8.73719	
1.06	6.34582 29.9533 -8.73719	
1.07	6.34582 29.9533 -8.73719	
1.08	6.34582 29.9533 -8.73719	
1.09	6.34582 29.9533 -8.73719	
1.1	6.34582 29.9533 -8.73719	
1.11	6.34512 29.9529 -8.73795	
1.12	6.34512 29.9529 -8.73795	
1.13	6.34582 29.9533 -8.73719	
1.14	6.34582 29.9533 -8.73719	
1.15	6.34512 29.9529 -8.73795	
1.16	6.34582 29.9533 -8.73719	
1.17	6.34582 29.9533 -8.73719	
1.18	6.34582 29.9533 -8.73719	
1.19	6.34582 29.9533 -8.73719	
1.2	6.34582 29.9533 -8.73719	
1.21	6.34582 29.9533 -8.73719	
1.22	6.34582 29.9533 -8.73719	
1.23	6.35213 29.954 -8.73689	
1.24	6.34582 29.9533 -8.73719	
1.25	6.34582 29.9533 -8.73719	
1.26	6.34582 29.9533 -8.73719	
1.27	6.34582 29.9533 -8.73719	
1.28	6.34582 29.9533 -8.73719	
1.29	6.34582 29.9533 -8.73719	
1.3	6.34582 29.9533 -8.73719	
1.31	6.34582 29.9533 -8.73719	
1.32	6.35143 29.9537 -8.73765	
1.33	6.34582 29.9533 -8.73719	
1.34	6.34582 29.9533 -8.73719	
1.35	6.34582 29.9533 -8.73719	
1.36	6.35213 29.954 -8.73689	
1.37	6.34582 29.9533 -8.73719	
1.38	6.34582 29.9533 -8.73719	
1.39	6.34582 29.9533 -8.73719	
1.4	6.34582 29.9533 -8.73719	
1.41	6.34582 29.9533 -8.73719	
1.42	6.34512 29.9529 -8.73795	
1.43	6.35213 29.954 -8.73689	
1.44	6.34582 29.9533 -8.73719	
1.45	6.34582 29.9533 -8.73719	
1.46	6.34582 29.9533 -8.73719	
1.47	6.35143 29.9537 -8.73765	
1.48	6.34582 29.9533 -8.73719	
1.49	6.34582 29.9533 -8.73719	
1.5	6.34582 29.9561 -8.72933	
1.51	6.34582 29.9533 -8.73719	
1.52	6.33951 29.9525 -8.73749	
1.53	6.34582 29.9533 -8.73719	
1.54	6.34582 29.9533 -8.73719	
1.55	6.34582 29.9561 -8.72933	
1.56	6.34582 29.9533 -8.73719	
1.57	6.35213 29.954 -8.73689	
1.58	6.34582 29.9533 -8.73719	
1.59	6.34582 29.9533 -8.73719	
1.6	6.34582 29.9533 -8.73719	
1.61	6.34582 29.9533 -8.73719	
1.62	6.34582 29.9533 -8.73719	
1.63	6.34582 29.9533 -8.73719	
1.64	6.35213 29.954 -8.73689	
1.65	6.34512 29.9529 -8.73795	
1.66	6.34582 29.9533 -8.73719	
1.67	6.34582 29.9561 -8.72933	
1.68	6.35213 29.954 -8.73689	
1.69	6.35143 29.9537 -8.73765	
1.7	6.34582 29.9533 -8.73719	
1.71	6.34582 29.9533 -8.73719	
1.72	6.34582 29.9533 -8.73719	
1.73	6.34582 29.9533 -8.73719	
1.74	6.34582 29.9533 -8.73719	
1.75	6.34582 29.9533 -8.73719	
1.76	6.34582 29.9533 -8.73719	
1.77	6.3395 29.9553 -8.72963	
1.78	6.34582 29.9533 -8.73719	
1.79	6.34582 29.9533 -8.73719	
1.8	6.35143 29.9537 -8.73765	
1.81	6.34582 29.9533 -8.73719	
1.82	6.34582 29.9533 -8.73719	
1.83	6.34582 29.9533 -8.73719	
1.84	6.34582 29.9533 -8.73719	
1.85	6.34582 29.9533 -8.73719	
1.86	6.34582 29.9533 -8.73719	
1.87	6.34512 29.9557 -8.73009	
1.88	6.34582 29.9533 -8.73719	
1.89	6.34582 29.9533 -8.73719	
1.9	6.34582 29.9533 -8.73719	
1.91	6.34582 29.9561 -8.72933	
1.92	6.34582 29.9533 -8.73719	
1.93	6.34582 29.9533 -8.73719	
1.94	6.34582 29.9533 -8.73719	
1.95	6.34582 29.9533 -8.73719	
1.96	6.34582 29.9533 -8.73719	
1.97	6.34582 29.9533 -8.73719	
1.98	6.34582 29.9533 -8.73719	
1.99	6.34582 29.9533 -8.73719	
2	6.34582 29.9533 -8.73719	
2.01	6.34582 29.9533 -8.73719	
2.02	6.34582 29.9533 -8.73719	
2.03	6.34512 29.9529 -8.73795	
2.04	6.3395 29.9553 -8.72963	
2.05	6.34582 29.9533 -8.73719	
2.06	6.34582 29.9533 -8.73719	
2.07	6.34582 29.9533 -8.73719	
2.08	6.34582 29.9533 -8.73719	
2.09	6.34582 29.9561 -8.72933	
2.1	6.34582 29.9561 -8.72933	
2.11	6.34652 29.9536 -8.73643	
2.12	6.34723 29.9512 -8.74353	
2.13	6.35006 29.9553 -8.73264	
2.14	6.35576 29.9581 -8.72661	
2.15	6.36154 29.9608 -8.72064	
2.16	6.37519 29.9649 -8.71297	
2.17	6.38336 29.9685 -8.70495	
2.18	6.38455 29.971 -8.69803	
2.19	6.40239 29.9765 -8.68711	
2.2	6.40459 29.9793 -8.67972	
2.21	6.41725 29.987 -8.66085	
2.22	6.42691 29.9879 -8.66068	
2.23	6.43834 29.9921 -8.65144	
2.24	6.45554 29.9992 -8.63486	
2.25	6.46393 29.9994 -8.63642	
2.26	6.47499 30.0031 -8.6283	
2.27	6.481 30.005 -8.624	
2.28	6.48792 30.0072 -8.61915	
2.29	6.49959 30.0095 -8.61532	
2.3	6.50397 30.0108 -8.61235	
2.31	6.50749 30.0119 -8.60999	
2.32	6.51103 30.0129 -8.60765	
2.33	6.51369 30.0137 -8.60591	
2.34	6.51724 30.0147 -8.6036	
2.35	6.52637 30.0161 -8.60166	
2.36	6.52083 30.0184 -8.59337	
2.37	6.5106 30.0154 -8.60004	
2.38	6.51149 30.0156 -8.59947	
2.39	6.51329 30.0162 -8.59834	
2.4	6.51418 30.0164 -8.59777	
2.41	6.51508 30.0167 -8.59721	
2.42	6.51688 30.0172 -8.59608	
2.43	6.51779 30.0174 -8.59552	
2.44	6.51869 30.0177 -8.59496	
2.45	6.51869 30.0177 -8.59496	
2.46	6.51959 30.0179 -8.5944	
2.47	6.51959 30.0179 -8.5944	
2.48	6.52049 30.0182 -8.59384	
2.49	6.52049 30.0182 -8.59384	
2.5	6.51494 30.0179 -8.59351	
2.51	6.5214 30.0184 -8.59329	
2.52	6.51585 30.0181 -8.59295	
2.53	6.5223 30.0187 -8.59273	
2.54	6.52876 30.0193 -8.59251	
2.55	6.5223 30.0187 -8.59273	
2.56	6.5223 30.0187 -8.59273	
2.57	6.5223 30.0187 -8.59273	
2.58	6.52321 30.0189 -8.59218	
2.59	6.51675 30.0184 -8.5924	
2.6	6.5223 30.0187 -8.59273	
2.61	6.5223 30.0187 -8.59273	
2.62	6.52321 30.0189 -8.59218	
2.63	6.52321 30.0189 -8.59218	
2.64	6.52321 30.0189 -8.59218	
2.65	6.52412 30.0192 -8.59162	
2.66	6.52412 30.0192 -8.59162	
2.67	6.52412 30.0218 -8.58368	
2.68	6.52412 30.0192 -8.59162	
2.69	6.51766 30.0186 -8.59184	
2.7	6.52412 30.0192 -8.59162	
2.71	6.52412 30.0192 -8.59162	
2.72	6.52412 30.0192 -8.59162	
2.73	6.52412 30.0192 -8.59162	
2.74	6.52502 30.0194 -8.59107	
2.75	6.52412 30.0192 -8.59162	
2.76	6.52502 30.0194 -8.59107	
2.77	6.52502 30.0194 -8.59107	
2.78	6.52502 30.0194 -8.59107	
2.79	6.52502 30.0194 -8.59107	
2.8	6.52593 30.0197 -8.59052	
2.81	6.52593 30.0197 -8.59052	
2.82	6.52684 30.0199 -8.58997	
2.83	6.52866 30.0204 -8.58887	
2.84	6.5314 30.0212 -8.58723	
2.85	6.53506 30.0222 -8.58506	
2.86	6.5452 30.0237 -8.58269	
2.87	6.54334 30.0269 -8.57228	
2.88	6.54704 30.0253 -8.57812	
2.89	6.55168 30.0265 -8.5755	
2.9	6.55447 30.0272 -8.57394	
2.91	6.5582 30.0281 -8.57187	
2.92	6.56101 30.0288 -8.57034	
2.93	6.56101 30.0288 -8.57034	
2.94	6.56383 30.0295 -8.56881	
2.95	6.56477 30.0298 -8.5683	
2.96	6.56665 30.0302 -8.56729	
2.97	6.56759 30.0304 -8.56679	
2.98	6.56947 30.0309 -8.56579	
2.99	6.56947 30.0309 -8.56579	
3	6.57136 30.0314 -8.56479	
3.01	6.57231 30.0316 -8.56429	
3.02	6.57231 30.0316 -8.56429	
3.03	6.57325 30.0318 -8.56379	
3.04	6.5742 30.032 -8.5633	
3.05	6.5742 30.032 -8.5633	
3.06	6.56695 29.9363 -8.56943	
3.07	6.55584 29.8039 -8.5724	
3.08	6.54121 29.6569 -8.52984	
3.09	6.5264 29.5593 -8.48177	
3.1	6.50861 29.4474 -8.40823	
3.11	6.48484 29.3298 -8.32649	
3.12	6.46904 29.1583 -8.29284	
3.13	6.45145 29.0463 -8.23713	
3.14	6.42882 28.9256 -8.19099	
3.15	6.40506 28.8427 -8.12104	
3.16	6.38284 28.7271 -8.02946	
3.17	6.3592 28.6532 -7.95122	
3.18	6.33682 28.5971 -7.85761	
3.19	6.31437 28.5408 -7.77529	
3.2	6.2916 28.4816 -7.7214	
3.21	6.27584 28.4327 -7.63492	
3.22	6.25114 28.3672 -7.56371	
3.23	6.22576 28.3067 -7.49313	
3.24	6.20563 28.2464 -7.41302	
3.25	6.18469 28.1927 -7.34981	
3.26	6.15836 28.127 -7.28125	
3.27	6.13049 28.0849 -7.18362	
3.28	6.09848 28.0242 -7.11359	
3.29	6.07445 27.9754 -7.02341	
3.3	6.05258 27.9089 -6.95838	
3.31	6.02283 27.8453 -6.86761	
3.32	5.98521 27.7593 -6.79032	
3.33	5.9635 27.7017 -6.70949	
3.34	5.93333 27.6147 -6.59863	
3.35	5.91769 27.5586 -6.51033	
3.36	5.89478 27.4813 -6.40764	
3.37	5.88553 27.4009 -6.30696	
3.38	5.86116 27.3084 -6.18055	
3.39	5.85212 27.244 -6.07905	
3.4	5.83508 27.1825 -5.96923	
3.41	5.82385 27.1097 -5.84152	
3.42	5.80829 27.0445 -5.74228	
3.43	5.79067 26.9831 -5.63835	
3.44	5.77477 26.897 -5.49102	
3.45	5.75759 26.8284 -5.38855	
3.46	5.73826 26.7515 -5.25953	
3.47	5.72819 26.671 -5.14129	
3.48	5.70949 26.5992 -5.02841	
3.49	5.69968 26.5279 -4.90599	
3.5	5.67997 26.4605 -4.77834	
3.51	5.66976 26.3957 -4.65373	
3.52	5.64946 26.3299 -4.54073	
3.53	5.63708 26.2496 -4.36104	
3.54	5.62731 26.1979 -4.24068	
3.55	5.60813 26.1388 -4.11737	
3.56	5.59678 26.0896 -3.9671	
3.57	5.58708 26.0478 -3.83949	
3.58	5.57503 25.998 -3.65903	
3.59	5.55571 25.9614 -3.49342	
3.6	5.53646 25.9283 -3.36266	
3.61	5.52558 25.8925 -3.19998	
3.62	5.51303 25.8596 -3.06805	
3.63	5.50751 25.73 -3.14459	
3.64	5.48658 25.7253 -2.96898	
3.65	5.46385 25.7235 -2.79549	
3.66	5.43202 25.6972 -2.59629	
3.67	5.40331 25.6794 -2.41579	
3.68	5.37414 25.6599 -2.24746	
3.69	5.35621 25.6334 -2.09375	
3.7	5.3266 25.6121 -1.92796	
3.71	5.30001 25.5843 -1.77964	
3.72	5.27929 25.555 -1.63658	
3.73	5.24782 25.5085 -1.48717	
3.74	5.22486 25.471 -1.35146	
3.75	5.19027 25.4272 -1.18954	
3.76	5.15338 25.384 -1.0226	
3.77	5.10301 25.3365 -0.823273	
3.78	5.05403 25.3112 -0.645967	
3.79	4.99178 25.2729 -0.45985	
3.8	4.9362 25.2396 -0.299388	
3.81	4.86959 25.1996 -0.118627	
3.82	4.83461 25.1654 0.00898666	
3.83	4.77808 25.1388 0.197356	
3.84	4.75367 25.141 0.323726	
3.85	4.70905 25.1407 0.480588	
3.86	4.65076 25.1406 0.626602	
3.87	4.59538 25.1344 0.761907	
3.88	4.51724 25.1243 0.925218	
3.89	4.44112 25.1032 1.06377	
3.9	4.35712 25.0735 1.19227	
3.91	4.28826 25.0443 1.30149	
3.92	4.21789 25.0374 1.42173	
3.93	4.12634 25.0201 1.55516	
3.94	4.07305 25.021 1.64907	
3.95	3.99801 25.0242 1.76417	
3.96	3.94572 25.0412 1.86136	
3.97	3.89518 25.0496 1.95689	
3.98	3.85219 25.0568 2.03757	
3.99	3.81159 25.0564 2.11102	
4	3.77801 25.0612 2.17142	
4.01	3.74853 25.0614 2.24262	
4.02	3.71599 25.0557 2.30492	
4.03	3.693 25.0536 2.3482	
4.04	3.66161 25.0566 2.40125	
4.05	3.63641 25.0589 2.45676	
4.06	3.61849 25.0709 2.50391	
4.07	3.60439 25.0785 2.55401	
4.08	3.58839 25.0897 2.60233	
4.09	3.57925 25.1108 2.65305	
4.1	3.58204 25.1334 2.69018	
4.11	3.57823 25.1591 2.72842	
4.12	3.57779 25.1744 2.75274	
4.13	3.58943 25.1905 2.77475	
4.14	3.6011 25.2031 2.78895	
4.15	3.61501 25.2189 2.80254	
4.16	3.63093 25.2317 2.82189	
4.17	3.64516 25.2426 2.8304	
4.18	3.66922 25.2537 2.83419	
4.19	3.69762 25.2746 2.83073	
4.2	3.73838 25.298 2.83051	
4.21	3.78697 25.3269 2.82915	
4.22	3.82887 25.3524 2.82047	
4.23	3.87003 25.3766 2.82051	
4.24	3.92489 25.4115 2.80898	
4.25	3.9825 25.4448 2.79675	
4.26	4.03131 25.4676 2.78875	
4.27	4.09112 25.4941 2.78598	
4.28	4.15351 25.5136 2.76754	
4.29	4.22465 25.5275 2.75409	
4.3	4.29526 25.5515 2.7425	
4.31	4.37179 25.5739 2.73103	
4.32	4.43799 25.591 2.71932	
4.33	4.51117 25.6106 2.70626	
4.34	4.60173 25.6334 2.68887	
4.35	4.66446 25.648 2.67579	
4.36	4.72701 25.663 2.6629	
4.37	4.82372 25.6797 2.64085	
4.38	4.88826 25.6849 2.62677	
4.39	4.96242 25.6905 2.60066	
4.4	5.03153 25.6995 2.58556	
4.41	5.12162 25.7032 2.54696	
4.42	5.19226 25.7011 2.52235	
4.43	5.24968 25.6975 2.49093	
4.44	5.31658 25.693 2.46436	
4.45	5.38817 25.7015 2.43855	
4.46	5.4453 25.7013 2.41314	
4.47	5.49256 25.6989 2.38815	
4.48	5.55228 25.6974 2.35715	
4.49	5.59296 25.6824 2.31826	
4.5	5.65069 25.6805 2.30163	
4.51	5.69268 25.6737 2.25903	
4.52	5.72594 25.6658 2.21991	
4.53	5.77073 25.6501 2.1677	
4.54	5.81186 25.6397 2.12281	
4.55	5.83549 25.631 2.07712	
4.56	5.86539 25.6131 2.02009	
4.57	5.89174 25.6044 1.95944	
4.58	5.91551 25.5852 1.90309	
4.59	5.93912 25.5714 1.84649	
4.6	5.95136 25.5497 1.78258	
4.61	5.97661 25.5319 1.7034	
4.62	5.99453 25.5234 1.63815	
4.63	6.00186 25.5032 1.57383	
4.64	6.00082 25.4744 1.48602	
4.65	6.01743 25.4586 1.42615	
4.66	6.02442 25.438 1.35052	
4.67	6.03119 25.4137 1.28301	
4.68	6.03859 25.3885 1.20701	
4.69	6.03784 25.3617 1.14513	
4.7	6.03897 25.3305 1.06678	
4.71	6.03887 25.3034 0.993611	
4.72	6.04484 25.2806 0.916729	
4.73	6.0513 25.26 0.845321	
4.74	6.05177 25.217 0.757831	
4.75	6.05193 25.1897 0.686683	
4.76	6.05641 25.1674 0.646164	
4.77	6.07211 25.151 0.594607	
4.78	6.07025 25.1257 0.538735	
4.79	6.08665 25.1154 0.472515	
4.8	6.09152 25.1101 0.424958	
4.81	6.0953 25.1079 0.386432	
4.82	6.10219 25.1013 0.358431	
4.83	6.10682 25.1024 0.346037	
4.84	6.11957 25.0922 0.322617	
4.85	6.12831 25.0929 0.314609	
4.86	6.13332 25.0849 0.30332	
4.87	6.14739 25.0867 0.29662	
4.88	6.15239 25.0861 0.296088	
4.89	6.1655 25.0859 0.28726	
4.9	6.17868 25.0854 0.278228	
4.91	6.19495 25.0863 0.277588	
4.92	6.19791 25.0837 0.268932	
4.93	6.20925 25.0837 0.260916	
4.94	6.2148 25.083 0.26086	
4.95	6.22932 25.0847 0.260238	
4.96	6.24162 25.0881 0.253663	
4.97	6.24809 25.0887 0.244523	
4.98	6.27136 25.0948 0.243015	
4.99	6.27551 25.0881 0.232868	
5	6.2986 25.0932 0.228516	
5.01	6.30312 25.0944 0.229746	
5.02	6.32333 25.0982 0.222909	
5.03	6.32759 25.0948 0.221643	
5.04	6.35217 25.0998 0.216257	
5.05	6.36732 25.1031 0.216647	
5.06	6.3822 25.1013 0.215043	
5.07	6.40557 25.1074 0.218789	
5.08	6.42802 25.1114 0.218631	
5.09	6.43492 25.1066 0.217451	
5.1	6.46379 25.1112 0.212455	
5.11	6.48571 25.112 0.209467	
5.12	6.50489 25.1236 0.219885	
5.13	6.51811 25.1172 0.205876	
5.14	6.54423 25.1297 0.211231	
5.15	6.56441 25.1271 0.205061	
5.16	6.58979 25.1276 0.205799	
5.17	6.61513 25.1285 0.204166	
5.18	6.63811 25.1307 0.202798	
5.19	6.66126 25.1371 0.203853	
5.2	6.68828 25.1392 0.200016	
5.21	6.70729 25.1427 0.201706	
5.22	6.73808 25.1483 0.199698	
5.23	6.75035 25.1499 0.199555	
5.24	6.77381 25.1536 0.199378	
5.25	6.78579 25.166 0.203318	
5.26	6.79699 25.1684 0.204515	
5.27	6.81156 25.1741 0.213883	
5.28	6.82124 25.1761 0.207282	
5.29	6.82879 25.176 0.206113	
5.3	6.83601 25.1827 0.216095	
5.31	6.83954 25.1815 0.215561	
5.32	6.85746 25.1866 0.208971	
5.33	6.85432 25.1884 0.211991	
5.34	6.86712 25.1939 0.214139	
5.35	6.86925 25.1979 0.216795	
5.36	6.88042 25.204 0.218958	
5.37	6.88201 25.2033 0.218887	
5.38	6.883 25.2032 0.218703	
5.39	6.88188 25.2027 0.218679	
5.4	6.88018 25.2028 0.218533	
5.41	6.887 25.2021 0.209939	
5.42	6.88807 25.2042 0.217964	
5.43	6.88861 25.1986 0.217746	
5.44	6.88907 25.1939 0.214848	
5.45	6.88633 25.1939 0.21482	
5.46	6.88631 25.1938 0.214797	
5.47	6.89368 25.1907 0.211531	
5.48	6.88725 25.1845 0.209031	
5.49	6.89524 25.1882 0.216715	
5.5	6.89568 25.1816 0.205688	
5.51	6.8887 25.1726 0.208534	
5.52	6.89607 25.1695 0.205271	
5.53	6.88965 25.1634 0.202771	
5.54	6.89137 25.1625 0.208917	
5.55	6.89361 25.1546 0.202475	
5.56	6.89635 25.1497 0.19995	
5.57	6.89909 25.1456 0.195331	
5.58	6.90109 25.142 0.19081	
5.59	6.90313 25.1383 0.185856	
5.6	6.9051 25.1343 0.181054	
5.61	6.90453 25.1318 0.184514	
5.62	6.90569 25.1319 0.179619	
5.63	6.89855 25.1212 0.165887	
5.64	6.90052 25.1125 0.160615	
5.65	6.90429 25.1116 0.165709	
5.66	6.90526 25.1082 0.157104	
5.67	6.90651 25.1104 0.149475	
5.68	6.90599 25.1098 0.140097	
5.69	6.9069 25.1037 0.128805	
5.7	6.90682 25.0986 0.119429	
5.71	6.90968 25.0897 0.106671	
5.72	6.90294 25.0808 0.0981847	
5.73	6.90406 25.074 0.0809291	
5.74	6.90697 25.0771 0.0794125	
5.75	6.89722 25.0681 0.0665943	
5.76	6.90021 25.0603 0.0493558	
5.77	6.90056 25.0589 0.0426975	
5.78	6.89144 25.051 0.039758	
5.79	6.90001 25.0451 0.0188442	
5.8	6.89756 25.0357 0.00311689	
5.81	6.89093 25.0281 -0.0026062	
5.82	6.87403 24.9897 -0.0222312	
5.83	6.86759 24.9566 -0.0380946	
5.84	6.82726 24.8253 -0.374413	
5.85	6.81977 24.8148 -0.32361	
5.86	6.82883 24.7928 -0.302345	
5.87	6.82672 24.7688 -0.288292	
5.88	6.82177 24.7492 -0.268884	
5.89	6.82166 24.7312 -0.255062	
5.9	6.82388 24.7174 -0.242372	
5.91	6.82691 24.6935 -0.236423	
5.92	6.82152 24.6712 -0.226833	
5.93	6.83196 24.6524 -0.220485	
5.94	6.82649 24.629 -0.212148	
5.95	6.82731 24.6126 -0.205566	
5.96	6.8387 24.5928 -0.201026	
5.97	6.83257 24.5769 -0.188176	
5.98	6.83531 24.5476 -0.193196	
5.99	6.8376 24.5279 -0.182472	
6	6.82883 24.5045 -0.179919	
6.01	6.83106 24.4848 -0.17017	
6.02	6.8307 24.4576 -0.169004	
6.03	6.82235 24.4287 -0.167594	
6.04	6.832 24.4131 -0.16421	
6.05	6.82366 24.3863 -0.155055	
6.06	6.82328 24.3582 -0.151609	
6.07	6.82286 24.33 -0.148225	
6.08	6.81411 24.3067 -0.133172	
6.09	7.02882 24.3162 -0.146189	
6.1	6.98685 24.2804 -0.12025	
6.11	6.79266 24.2262 -0.0831018	
6.12	6.98186 24.1958 -0.0610614	
6.13	6.78881 24.1599 -0.0325531	
6.14	6.97567 24.1292 -0.00932537	
6.15	6.80262 24.0955 0.0259849	
6.16	6.97312 24.0627 0.0338189	
6.17	6.82861 24.0398 0.0783829	
6.18	6.97408 24.0259 0.0953968	
6.19	6.83952 24.0044 0.123724	
6.2	7.00864 24.0001 0.143768	
6.21	6.86215 23.9991 0.156852	
6.22	7.01863 24.058 0.262501	
6.23	6.86138 24.035 0.32536	
6.24	7.07812 24.031 0.414419	
6.25	6.82671 23.9823 0.293552	
6.26	7.08299 23.9947 0.238029	
6.27	6.80489 23.927 0.248057	
6.28	6.86577 23.9223 0.24604	
6.29	6.94774 23.9088 0.252756	
6.3	6.86936 23.8794 0.280208	
6.31	6.88917 23.8532 0.275516	
6.32	6.88807 23.8358 0.291599	
6.33	6.89456 23.8067 0.300207	
6.34	6.89302 23.8053 0.342136	
6.35	6.87634 23.7819 0.357438	
6.36	6.88947 23.7941 0.382767	
6.37	6.85506 23.7702 0.394838	
6.38	6.89235 23.7889 0.415347	
6.39	6.84889 23.7589 0.409215	
6.4	6.85952 23.7737 0.444544	
6.41	6.90542 23.7429 0.394995	
6.42	6.87095 23.7538 0.425435	
6.43	6.91514 23.7201 0.402345	
6.44	6.91184 23.7364 0.383175	
6.45	6.92626 23.6979 0.372111	
6.46	6.9291 23.7141 0.390228	
6.47	6.92919 23.676 0.370898	
6.48	6.92703 23.696 0.365221	
6.49	6.93225 23.6557 0.350446	
6.5	6.93002 23.6782 0.334278	
6.51	6.93358 23.6349 0.315134	
6.52	6.93785 23.5939 0.286888	
6.53	6.92767 23.5483 0.26636	
6.54	6.93398 23.4844 0.247229	
6.55	6.92066 23.3894 -0.0767485	
6.56	6.9304 23.3725 -0.0142755	
6.57	6.92601 23.3666 0.0237146	
6.58	6.91801 23.3294 0.0565905	
6.59	6.96542 23.2812 0.0662353	
6.6	6.88793 23.22 0.0474175	
6.61	6.93485 23.1938 0.0259014	
6.62	7.00487 23.1705 -0.0229608	
6.63	7.01526 23.1387 -0.00057643	
6.64	6.96324 23.1016 -0.00278861	
6.65	6.98674 23.0779 0.0182279	
6.66	6.9411 23.0427 0.0206092	
6.67	6.97174 23.0124 0.00140236	
6.68	6.96084 22.9773 0.0339372	
6.69	6.96317 22.9451 0.0444318	
6.7	6.95995 22.9123 0.0181795	
6.71	6.97634 22.8938 0.0197319	
6.72	6.97344 22.8647 -0.0191475	
6.73	7.00386 22.8568 0.0124977	
6.74	7.01971 22.8317 -0.0155475	
6.75	7.04231 22.8158 -0.00785973	
6.76	7.0006 22.7927 -0.0279197	
6.77	7.03539 22.7721 -0.0535263	
6.78	7.01488 22.7667 -0.0204007	
6.79	7.03649 22.7509 -0.0122149	
6.8	7.01818 22.7355 -0.00362017	
6.81	7.03911 22.7218 0.00452713	
6.82	7.02904 22.705 -0.0020203	
6.83	7.04093 22.6928 0.00527738	
6.84	7.03608 22.6787 0.00568465	
6.85	7.05794 22.6584 -0.0616925	
6.86	7.05438 22.6523 -0.0114709	
6.87	7.03974 22.6277 0.00853994	
6.88	7.06635 22.5959 -0.0169934	
6.89	7.09281 22.5815 0.0201088	
6.9	7.08729 22.5645 -0.0464951	
6.91	7.12353 22.5545 -0.0760889	
6.92	7.104 22.5341 -0.117365	
6.93	7.11189 22.5142 -0.077072	
6.94	7.02959 22.4622 -0.109773	
6.95	7.08452 22.4226 -0.0577709	
6.96	6.95226 22.3614 -0.0522921	
6.97	7.04879 22.3127 -0.0560476	
6.98	6.93516 22.2603 -0.0602748	
6.99	7.00499 22.2127 -0.0738035	
7	6.91233 22.1531 -0.102528	
7.01	6.80293 22.0925 -0.132597	
7.02	6.71353 22.0359 -0.158264	
7.03	6.56329 21.9077 -0.475611	
7.04	6.50941 21.8806 -0.456891	
7.05	6.45872 21.8442 -0.448366	
7.06	6.42455 21.8231 -0.435366	
7.07	6.39069 21.7962 -0.433318	
7.08	6.36928 21.7775 -0.430987	
7.09	6.35407 21.7537 -0.437407	
7.1	6.33255 21.7372 -0.444099	
7.11	6.32135 21.7197 -0.450651	
7.12	6.31153 21.706 -0.456441	
7.13	6.30189 21.6971 -0.464961	
7.14	6.30217 21.6826 -0.471384	
7.15	6.29183 21.6656 -0.490793	
7.16	6.29554 21.6542 -0.496215	
7.17	6.29464 21.6448 -0.507078	
7.18	6.29432 21.6374 -0.510688	
7.19	6.29392 21.6226 -0.522598	
7.2	6.28611 21.6134 -0.526631	
7.21	6.28987 21.6033 -0.54003	
7.22	6.2904 21.5966 -0.533481	
7.23	6.302 21.588 -0.548389	
7.24	6.29848 21.5823 -0.550131	
7.25	6.31082 21.5706 -0.556946	
7.26	6.47949 21.5887 -0.566211	
7.27	6.45534 21.5697 -0.579626	
7.28	6.44495 21.5583 -0.582138	
7.29	6.43858 21.5401 -0.592505	
7.3	6.42792 21.522 -0.606474	
7.31	6.42749 21.491 -0.636629	
7.32	6.42283 21.478 -0.63478	
7.33	6.4165 21.4522 -0.652591	
7.34	6.41709 21.4216 -0.68293	
7.35	6.41228 21.4011 -0.701361	
7.36	6.41305 21.3755 -0.719406	
7.37	6.4181 21.3517 -0.738329	
7.38	6.41607 21.3279 -0.760809	
7.39	6.40695 21.3013 -0.778309	
7.4	6.40601 21.2764 -0.796664	
7.41	6.41293 21.2583 -0.816363	
7.42	6.40933 21.2318 -0.834044	
7.43	6.41689 21.2125 -0.849541	
7.44	6.41712 21.1879 -0.868107	
7.45	6.42192 21.1631 -0.886722	
7.46	6.42694 21.1371 -0.901035	
7.47	6.42793 21.1062 -0.914863	
7.48	6.42529 21.0826 -0.924568	
7.49	6.43045 21.0605 -0.935078	
7.5	6.43923 21.035 -0.945872	
7.51	6.44499 21.0139 -0.94394	
7.52	6.43864 20.9816 -0.957	
7.53	6.44439 20.9532 -0.962571	
7.54	6.45359 20.9326 -0.956991	
7.55	6.45545 20.8941 -0.961386	
7.56	6.46115 20.8576 -0.957558	
7.57	6.46457 20.8203 -0.949416	
7.58	6.45943 20.7776 -0.944143	
7.59	6.46116 20.7431 -0.944361	
7.6	6.47144 20.7035 -0.94056	
7.61	6.47318 20.669 -0.940629	
7.62	6.47589 20.6455 -0.912665	
7.63	6.47061 20.6068 -0.903086	
7.64	6.48121 20.5811 -0.87971	
7.65	6.47595 20.5426 -0.86997	
7.66	6.48363 20.514 -0.841032	
7.67	6.49412 20.481 -0.824768	
7.68	6.48988 20.4548 -0.791419	
7.69	6.49255 20.4243 -0.770262	
7.7	6.49567 20.3849 -0.752171	
7.71	6.49914 20.3605 -0.71944	
7.72	6.49512 20.3221 -0.692278	
7.73	6.49307 20.2921 -0.670768	
7.74	6.49685 20.2516 -0.648161	
7.75	6.49239 20.2235 -0.622291	
7.76	6.49673 20.1844 -0.586728	
7.77	6.50015 20.1408 -0.567097	
7.78	6.50307 20.1071 -0.549033	
7.79	6.50001 20.0657 -0.507429	
7.8	6.51099 20.0348 -0.477218	
7.81	6.51516 20.0011 -0.441896	
7.82	6.5124 19.9563 -0.403761	
7.83	6.51562 19.9182 -0.384272	
7.84	6.51992 19.8837 -0.343743	
7.85	6.52781 19.8285 -0.340151	
7.86	6.52486 19.7834 -0.338776	
7.87	6.531 19.7455 -0.337181	
7.88	6.5366 19.6896 -0.333905	
7.89	6.53382 19.6374 -0.338979	
7.9	6.53682 19.5928 -0.348546	
7.91	6.54248 19.5507 -0.323542	
7.92	6.54771 19.4992 -0.343844	
7.93	6.54982 19.4594 -0.333006	
7.94	6.55413 19.4195 -0.326453	
7.95	6.5506 19.3841 -0.317392	
7.96	6.56123 19.3552 -0.322292	
7.97	6.55882 19.3254 -0.310707	
7.98	6.55843 19.3212 -0.221938	
7.99	6.55219 19.3061 -0.155475	
8	6.55478 19.289 -0.094178	
8.01	6.56244 19.2767 -0.0473813	
8.02	6.55489 19.2583 -0.0172064	
8.03	6.55898 19.2312 -0.0430506	
8.04	6.55904 19.2135 -0.0199664	
8.05	6.56353 19.1891 -0.0196301	
8.06	6.56531 19.1738 -0.0191577	
8.07	6.5677 19.1578 -0.0130228	
8.08	6.57093 19.1347 -0.0236045	
8.09	6.56403 19.1167 -0.0167007	
8.1	6.57319 19.0955 -0.0259598	
8.11	6.56868 19.0739 -0.024858	
8.12	6.57595 19.0512 -0.0379429	
8.13	6.57732 19.0321 -0.033043	
8.14	6.5786 19.0077 -0.0477365	
8.15	6.5729 18.9864 -0.0366058	
8.16	6.57598 18.9676 -0.0518792	
8.17	6.57553 18.9469 -0.0511441	
8.18	6.57627 18.9317 -0.0601911	
8.19	6.57762 18.9164 -0.0608269	
8.2	6.57858 18.8967 -0.068301	
8.21	6.58018 18.8768 -0.0679006	
8.22	6.58094 18.8615 -0.0776204	
8.23	6.58251 18.841 -0.0704093	
8.24	6.58439 18.8072 -0.0856711	
8.25	6.58428 18.7808 -0.080015	
8.26	6.59208 18.7517 -0.0787393	
8.27	6.5952 18.7212 -0.0654395	
8.28	6.59769 18.6944 -0.0663172	
8.29	6.60088 18.664 -0.0531288	
8.3	6.604 18.6399 -0.0450487	
8.31	6.60004 18.6147 -0.0352304	
8.32	6.60147 18.5881 -0.0343023	
8.33	6.6041 18.5697 -0.0142211	
8.34	6.6138 18.547 -0.0245543	
8.35	6.60878 18.5311 0.00253831	
8.36	6.60918 18.5197 0.0433398	
8.37	6.60947 18.5091 0.0866281	
8.38	6.61189 18.4899 0.0930469	
8.39	6.61991 18.4705 0.0993395	
8.4	6.62101 18.4594 0.109242	
8.41	6.61556 18.4452 0.104859	
8.42	6.62489 18.4306 0.114973	
8.43	6.61919 18.4155 0.125868	
8.44	6.62083 18.4026 0.120333	
8.45	6.62324 18.3867 0.131485	
8.46	6.62305 18.3665 0.128549	
8.47	6.61789 18.347 0.132735	
8.48	6.62518 18.3373 0.135414	
8.49	6.62597 18.3182 0.135952	
8.5	6.62752 18.3042 0.136682	
8.51	6.6346 18.2903 0.138664	
8.52	6.63618 18.2764 0.139674	
8.53	6.63774 18.2624 0.14068	
8.54	6.63721 18.2509 0.134634	
8.55	6.63927 18.2407 0.149326	
8.56	6.63904 18.2269 0.133412	
8.57	6.63997 18.2206 0.146657	
8.58	6.64642 18.2068 0.130569	
8.59	6.64751 18.1974 0.141609	
8.6	6.64756 18.1773 0.129791	
8.61	6.64889 18.1661 0.132932	
8.62	6.6503 18.1542 0.132768	
8.63	6.65024 18.1432 0.128512	
8.64	6.65065 18.1293 0.122379	
8.65	6.64496 18.1173 0.128584	
8.66	6.64513 18.0965 0.105284	
8.67	6.65195 18.0904 0.12482	
8.68	6.6536 18.075 0.10915	
8.69	6.6541 18.0635 0.113027	
8.7	6.65269 18.0468 0.0970348	
8.71	6.65541 18.0261 0.0999012	
8.72	6.65641 18.0014 0.0879299	
8.73	6.65721 17.984 0.0958121	
8.74	6.66483 17.9587 0.0806472	
8.75	6.66673 17.9385 0.0857472	
8.76	6.6745 17.9176 0.0785388	
8.77	6.67616 17.8939 0.0691254	
8.78	6.6836 17.873 0.0719364	
8.79	6.68516 17.8505 0.0664574	
8.8	6.692 17.8296 0.059014	
8.81	6.69377 17.8068 0.0579244	
8.82	6.7006 17.7866 0.0468521	
8.83	6.70672 17.7601 0.0268284	
8.84	6.71619 17.7415 0.0287509	
8.85	6.71638 17.7156 0.0156017	
8.86	6.72526 17.6933 0.00855579	
8.87	6.92792 17.6964 -0.0310451	
8.88	6.85435 17.6322 -0.204637	
8.89	6.90291 17.6144 -0.170693	
8.9	6.9155 17.6032 -0.122601	
8.91	6.91688 17.5887 -0.107253	
8.92	6.94847 17.5742 -0.106509	
8.93	6.93132 17.5462 -0.119314	
8.94	6.99445 17.5315 -0.119627	
8.95	6.9608 17.5146 -0.111476	
8.96	7.06153 17.4446 -0.361351	
8.97	6.92253 17.4246 -0.234821	
8.98	6.93289 17.4083 -0.187666	
8.99	6.94944 17.4443 -0.0634002	
9	6.9555 17.3992 -0.131047	
9.01	6.91867 17.3496 -0.164474	
9.02	6.96968 17.3349 -0.105503	
9.03	6.94354 17.2849 -0.196383	
9.04	7.00749 17.3209 -0.0913913	
9.05	6.96796 17.275 -0.0400768	
9.06	6.97242 17.2559 -0.12541	
9.07	6.97682 17.1921 -0.162161	
9.08	7.08204 17.2031 -0.0676352	
9.09	7.01733 17.1155 -0.208893	
9.1	7.15217 17.1833 0.0176166	
9.11	6.81591 17.0572 0.0823909	
9.12	7.22045 17.124 -0.0703508	
9.13	6.68111 16.9748 -0.0113988	
9.14	6.89866 16.9495 -0.0598176	
9.15	6.98505 16.8988 -0.0482597	
9.16	6.81533 16.8134 -0.0663054	
9.17	6.7437 16.7766 -0.0237907	
9.18	6.74674 16.7565 -0.0376701	
9.19	6.66863 16.7325 -0.0227541	
9.2	6.5917 16.688 -0.0507324	
9.21	6.56318 16.6704 -0.0438905	
9.22	6.51998 16.6516 -0.0463541	
9.23	6.49571 16.6458 -0.039554	
9.24	6.48245 16.632 -0.0581847	
9.25	6.47627 16.6283 -0.0506252	
9.26	6.47337 16.6188 -0.0624481	
9.27	6.46377 16.6133 -0.0591774	
9.28	6.46802 16.6074 -0.0700765	
9.29	6.46837 16.6061 -0.067107	
9.3	6.47331 16.5993 -0.0761885	
9.31	6.47303 16.5977 -0.0740124	
9.32	6.47943 16.5913 -0.0828833	
9.33	6.48573 16.5855 -0.0789527	
9.34	6.49217 16.583 -0.0706232	
9.35	6.49916 16.5747 -0.0853189	
9.36	6.51067 16.5703 -0.0700862	
9.37	6.518 16.5588 -0.0808653	
9.38	6.51798 16.5529 -0.067893	
9.39	6.51892 16.5421 -0.0764214	
9.4	6.51989 16.5381 -0.0574779	
9.41	6.52105 16.5259 -0.0719344	
9.42	6.5277 16.5119 -0.0638325	
9.43	6.53089 16.4916 -0.0712732	
9.44	6.53149 16.4727 -0.0602738	
9.45	6.53442 16.4577 -0.0550628	
9.46	6.543 16.4384 -0.0635249	
9.47	6.54347 16.4227 -0.0676173	
9.48	6.54078 16.4038 -0.0573578	
9.49	6.5413 16.3738 -0.0758883	
9.5	6.54251 16.3588 -0.0605759	
9.51	6.55092 16.3257 -0.0912858	
9.52	6.54578 16.3019 -0.073157	
9.53	6.54211 16.2738 -0.0880758	
9.54	6.54353 16.2556 -0.0793914	
9.55	6.54604 16.2285 -0.0900239	
9.56	6.54763 16.2094 -0.0851616	
9.57	6.55615 16.1873 -0.0925791	
9.58	6.55798 16.1671 -0.093274	
9.59	6.56012 16.1421 -0.0994974	
9.6	6.56841 16.1194 -0.0984187	
9.61	6.57575 16.0988 -0.106447	
9.62	6.58288 16.0795 -0.108638	
9.63	6.58565 16.0636 -0.0910764	
9.64	6.58827 16.0415 -0.108718	
9.65	6.59616 16.0232 -0.0908841	
9.66	6.59991 15.9999 -0.0977259	
9.67	6.60177 15.9793 -0.090608	
9.68	6.61032 15.962 -0.0847318	
9.69	6.61352 15.9448 -0.0841843	
9.7	6.61557 15.9256 -0.0798769	
9.71	6.6251 15.9099 -0.0789253	
9.72	6.6259 15.8944 -0.0760472	
9.73	6.62683 15.8765 -0.0821209	
9.74	6.62829 15.8656 -0.0686621	
9.75	6.63038 15.8517 -0.0780451	
9.76	6.63052 15.8432 -0.0705066	
9.77	6.63202 15.8378 -0.0701188	
9.78	6.63277 15.8237 -0.0784566	
9.79	6.62755 15.8199 -0.0653526	
9.8	6.63573 15.8103 -0.0702177	
9.81	6.63725 15.7999 -0.0655596	
9.82	6.63665 15.7904 -0.0781415	
9.83	6.63679 15.7816 -0.0658702	
9.84	6.63751 15.7726 -0.0782405	
9.85	6.63311 15.7648 -0.0645476	
9.86	6.63324 15.7473 -0.0758735	
9.87	6.63335 15.7364 -0.0711796	
9.88	6.63484 15.7279 -0.0661808	
9.89	6.63649 15.7193 -0.0717572	
9.9	6.63022 15.7098 -0.0694112	
9.91	6.63257 15.7058 -0.0644818	
9.92	6.62549 15.6952 -0.0763608	
9.93	6.62661 15.6893 -0.0604926	
9.94	6.61985 15.6767 -0.0806852	
9.95	6.61394 15.6722 -0.0692709	
9.96	6.61609 15.6553 -0.0746717	
9.97	6.60993 15.6429 -0.077482	
9.98	6.60296 15.6324 -0.0725418	
9.99	6.59893 15.625 -0.0752109	
10	6.59911 15.6118 -0.0710074	
10.01	6.59361 15.5969 -0.0781934	
10.02	6.58833 15.5876 -0.0705659	
10.03	6.575 15.5762 -0.0811413	
10.04	6.5762 15.57 -0.0669224	
10.05	6.56316 15.5568 -0.0847343	
10.06	6.56921 15.5488 -0.0745851	
10.07	6.55819 15.538 -0.0751266	
10.08	6.545 15.5209 -0.0850653	
10.09	6.55241 15.5126 -0.0677889	
10.1	6.54741 15.495 -0.0868454	
10.11	6.54845 15.485 -0.0647174	
10.12	6.54892 15.4631 -0.0884154	
10.13	6.5497 15.4569 -0.0579004	
10.14	6.55148 15.4356 -0.081461	
10.15	6.55212 15.433 -0.0534393	
10.16	6.55277 15.4099 -0.0822913	
10.17	6.55336 15.4048 -0.0471459	
10.18	6.5491 15.383 -0.083488	
10.19	6.55452 15.3829 -0.0502927	
10.2	6.55594 15.3603 -0.0777361	
10.21	6.55565 15.3522 -0.048342	
10.22	6.56273 15.335 -0.0756469	
10.23	6.56444 15.3332 -0.0407533	
10.24	6.56739 15.3112 -0.0682079	
10.25	6.562 15.306 -0.0400948	
10.26	6.5635 15.2892 -0.0626592	
10.27	6.57507 15.2821 -0.0490971	
10.28	6.57711 15.2689 -0.0583148	
10.29	6.57131 15.2594 -0.0466067	
10.3	6.57937 15.2476 -0.055853	
10.31	6.58641 15.2367 -0.0531116	
10.32	6.58699 15.2261 -0.0513558	
10.33	6.58882 15.2125 -0.056372	
10.34	6.59697 15.2067 -0.05242	
10.35	6.59759 15.1958 -0.0517494	
10.36	6.59832 15.1802 -0.0634898	
10.37	6.60542 15.177 -0.0546071	
10.38	6.60606 15.1643 -0.0712187	
10.39	6.59915 15.1513 -0.0663559	
10.4	6.60076 15.1439 -0.0696978	
10.41	6.60825 15.1362 -0.0732137	
10.42	6.60143 15.1271 -0.0754345	
10.43	6.61563 15.1222 -0.0732729	
10.44	6.6149 15.1114 -0.0973872	
10.45	6.61544 15.113 -0.0696627	
10.46	6.60978 15.0941 -0.106361	
10.47	6.61622 15.0957 -0.0939202	
10.48	6.61568 15.0831 -0.0990978	
10.49	6.61592 15.0752 -0.10277	
10.5	6.61616 15.0674 -0.106123	
10.51	6.61766 15.0583 -0.100139	
10.52	6.62405 15.052 -0.108644	
10.53	6.62318 15.0442 -0.110937	
10.54	6.61745 15.0355 -0.113218	
10.55	6.62696 15.0262 -0.10835	
10.56	6.63238 15.0172 -0.121031	
10.57	6.63235 15.0132 -0.114857	
10.58	6.63482 15.0092 -0.111701	
10.59	6.63429 14.9992 -0.123604	
10.6	6.63401 14.9969 -0.110337	
10.61	6.63566 14.99 -0.128998	
10.62	6.63558 14.9842 -0.113478	
10.63	6.63522 14.9721 -0.134075	
10.64	6.63635 14.9638 -0.123992	
10.65	6.63189 14.9579 -0.122962	
10.66	6.63831 14.9487 -0.126688	
10.67	6.63874 14.9373 -0.128994	
10.68	6.63893 14.9341 -0.120595	
10.69	6.64074 14.9228 -0.124668	
10.7	6.64701 14.9154 -0.132306	
10.71	6.64248 14.9064 -0.121159	
10.72	6.64427 14.897 -0.123231	
10.73	6.64589 14.8873 -0.120601	
10.74	6.64645 14.875 -0.127035	
10.75	6.65156 14.8674 -0.123675	
10.76	6.64838 14.8566 -0.121414	
10.77	6.64998 14.8488 -0.116989	
10.78	6.65547 14.8364 -0.127935	
10.79	6.65176 14.834 -0.11347	
10.8	6.65131 14.825 -0.127724	
10.81	6.65255 14.8185 -0.11207	
10.82	6.65324 14.809 -0.129187	
10.83	6.65521 14.8094 -0.108385	
10.84	6.65523 14.7926 -0.132934	
10.85	6.65637 14.787 -0.1138	
10.86	6.66311 14.7734 -0.131436	
10.87	6.65034 14.7666 -0.112042	
10.88	6.65262 14.7532 -0.125579	
10.89	6.65278 14.7444 -0.118078	
10.9	6.65291 14.7276 -0.126704	
10.91	6.64857 14.7177 -0.122163	
10.92	6.65057 14.7082 -0.120243	
10.93	6.64573 14.6925 -0.122851	
10.94	6.63382 14.6741 -0.125057	
10.95	6.62843 14.663 -0.125084	
10.96	6.61639 14.6421 -0.136912	
10.97	6.6096 14.63 -0.134921	
10.98	6.59791 14.6201 -0.124829	
10.99	6.59327 14.6009 -0.153925	
11	6.58875 14.589 -0.1468	
11.01	6.58068 14.5777 -0.156033	
11.02	6.57378 14.5659 -0.157939	
11.03	6.56882 14.4816 -0.462677	
11.04	6.5666 14.4799 -0.417118	
11.05	6.55322 14.4713 -0.379177	
11.06	6.54602 14.4635 -0.35227	
11.07	6.54704 14.4575 -0.326116	
11.08	6.54282 14.4442 -0.309119	
11.09	6.53581 14.4218 -0.335043	
11.1	6.53701 14.414 -0.316395	
11.11	6.53038 14.3958 -0.314876	
11.12	6.53275 14.3773 -0.343399	
11.13	6.53173 14.3682 -0.332406	
11.14	6.53207 14.3547 -0.336605	
11.15	6.53367 14.3425 -0.32611	
11.16	6.53551 14.328 -0.337834	
11.17	6.5386 14.3153 -0.324081	
11.18	6.54629 14.2985 -0.334577	
11.19	6.54572 14.2835 -0.333281	
11.2	6.54779 14.2614 -0.328714	
11.21	6.55123 14.2452 -0.331465	
11.22	6.55302 14.2333 -0.326135	
11.23	6.55629 14.2122 -0.336031	
11.24	6.55805 14.2021 -0.323194	
11.25	6.56861 14.1862 -0.33235	
11.26	6.57791 14.1689 -0.329257	
11.27	6.58004 14.1565 -0.327233	
11.28	6.59525 14.142 -0.33429	
11.29	6.59128 14.128 -0.329469	
11.3	6.60175 14.1161 -0.322732	
11.31	6.60402 14.101 -0.328697	
11.32	6.61078 14.0847 -0.334563	
11.33	6.61226 14.0723 -0.327895	
11.34	6.62389 14.0606 -0.322303	
11.35	6.6296 14.0414 -0.343275	
11.36	6.62738 14.0323 -0.320951	
11.37	6.63466 14.0176 -0.337865	
11.38	6.64142 14.0099 -0.332488	
11.39	6.64295 13.9985 -0.334668	
11.4	6.64433 13.9875 -0.334351	
11.41	6.6457 13.9766 -0.33383	
11.42	6.6459 13.9631 -0.342534	
11.43	6.65469 13.9537 -0.33954	
11.44	6.65629 13.9422 -0.342567	
11.45	6.65659 13.9303 -0.349341	
11.46	6.65703 13.9162 -0.361815	
11.47	6.66404 13.9105 -0.3654	
11.48	6.6644 13.8994 -0.381175	
11.49	6.65832 13.884 -0.393727	
11.5	6.66117 13.8723 -0.400095	
11.51	6.66163 13.86 -0.409512	
11.52	6.6633 13.8513 -0.418529	
11.53	6.66373 13.8401 -0.435655	
11.54	6.66556 13.8282 -0.442714	
11.55	6.6638 13.8113 -0.465652	
11.56	6.6655 13.8025 -0.475225	
11.57	6.66599 13.7903 -0.485467	
11.58	6.67177 13.784 -0.494239	
11.59	6.66799 13.7745 -0.502796	
11.6	6.66729 13.7652 -0.515398	
11.61	6.66892 13.7585 -0.520214	
11.62	6.67036 13.7497 -0.533095	
11.63	6.66988 13.7353 -0.548572	
11.64	6.76626 13.731 -0.586367	
11.65	6.74626 13.7166 -0.590024	
11.66	6.73453 13.7012 -0.603434	
11.67	6.72322 13.6826 -0.614772	
11.68	6.7161 13.67 -0.620954	
11.69	6.71073 13.6545 -0.625123	
11.7	6.70669 13.6392 -0.629535	
11.71	6.70382 13.6222 -0.639244	
11.72	6.70176 13.6072 -0.644026	
11.73	6.70056 13.5894 -0.646618	
11.74	6.69748 13.5721 -0.659463	
11.75	6.69992 13.5521 -0.657212	
11.76	6.70021 13.5346 -0.66007	
11.77	6.6955 13.5146 -0.666875	
11.78	6.69532 13.4971 -0.669735	
11.79	6.69768 13.4835 -0.672296	
11.8	6.69478 13.471 -0.66854	
11.81	6.6948 13.4546 -0.681877	
11.82	6.70146 13.4445 -0.69091	
11.83	6.69752 13.4328 -0.69751	
11.84	6.69137 13.4239 -0.700224	
11.85	6.69198 13.41 -0.705627	
11.86	6.6882 13.4002 -0.707136	
11.87	6.68846 13.3889 -0.717804	
11.88	6.69137 13.3836 -0.720166	
11.89	6.6864 13.3716 -0.729621	
11.9	6.69204 13.3612 -0.741556	
11.91	6.69916 13.3531 -0.751661	
11.92	6.69413 13.3441 -0.763507	
11.93	6.69582 13.3366 -0.773846	
11.94	6.69611 13.3285 -0.786949	
11.95	6.6964 13.3204 -0.800058	
11.96	6.69055 13.3066 -0.814615	
11.97	6.69121 13.2991 -0.824893	
11.98	6.69833 13.2896 -0.834153	
11.99	6.69643 13.2743 -0.857894	
12	6.70604 13.2611 -0.863543	
12.01	6.70158 13.2499 -0.870234	
12.02	6.70223 13.2345 -0.8838	
12.03	6.70613 13.2162 -0.908788	
12.04	6.70429 13.2033 -0.910497	
12.05	6.70394 13.1862 -0.92917	
12.06	6.70606 13.1701 -0.945247	
12.07	6.71209 13.1609 -0.954491	
12.08	6.70644 13.1446 -0.979553	
12.09	6.70849 13.1304 -0.990465	
12.1	6.70917 13.1234 -1.0009	
12.11	6.71122 13.1094 -1.01183	
12.12	6.71072 13.0956 -1.03299	
12.13	6.70921 13.0802 -1.05928	
12.14	6.71126 13.0664 -1.07025	
12.15	6.71487 13.0534 -1.09261	
12.16	6.7028 13.0417 -1.10467	
12.17	6.70228 13.0283 -1.12589	
12.18	6.70218 13.0142 -1.13672	
12.19	6.70153 13.0038 -1.16039	
12.2	6.70095 12.992 -1.17641	
12.21	6.70695 12.982 -1.19105	
12.22	6.70867 12.9759 -1.20171	
12.23	6.70155 12.961 -1.22438	
12.24	6.70226 12.9533 -1.24023	
12.25	6.70682 12.9425 -1.25755	
12.26	6.70729 12.9311 -1.27369	
12.27	6.69897 12.9183 -1.29502	
12.28	6.69481 12.903 -1.31003	
12.29	6.68765 12.8877 -1.329	
12.3	6.67804 12.8698 -1.35578	
12.31	6.6763 12.8577 -1.36809	
12.32	6.67195 12.8469 -1.38032	
12.33	6.66594 12.8385 -1.38862	
12.34	6.66913 12.8243 -1.41916	
12.35	6.66061 12.8147 -1.43001	
12.36	6.65997 12.8036 -1.44613	
12.37	6.65291 12.7939 -1.45968	
12.38	6.6402 12.7866 -1.47179	
12.39	6.64457 12.7792 -1.49168	
12.4	6.64364 12.7752 -1.50748	
12.41	6.64424 12.7697 -1.51824	
12.42	6.6419 12.7644 -1.53663	
12.43	6.64346 12.762 -1.54994	
12.44	6.6436 12.7582 -1.56583	
12.45	6.64268 12.7543 -1.58166	
12.46	6.64149 12.7469 -1.61073	
12.47	6.64818 12.7453 -1.62534	
12.48	6.64725 12.7414 -1.64119	
12.49	6.64738 12.7378 -1.6571	
12.5	6.64752 12.7342 -1.67302	
12.51	6.64654 12.7316 -1.68358	
12.52	6.65181 12.7288 -1.70078	
12.53	6.65194 12.7253 -1.71671	
12.54	6.64693 12.7199 -1.74173	
12.55	6.64711 12.7152 -1.76298	
12.56	6.64617 12.7116 -1.77887	
12.57	6.6463 12.7081 -1.79482	
12.58	6.64638 12.7058 -1.80545	
12.59	6.65027 12.7017 -1.82522	
12.6	6.65036 12.6994 -1.83586	
12.61	6.65564 12.6968 -1.85308	
12.62	6.65709 12.6959 -1.86118	
12.63	6.66104 12.6908 -1.88627	
12.64	6.66249 12.69 -1.89437	
12.65	6.66542 12.6835 -1.92475	
12.66	6.66554 12.6802 -1.94073	
12.67	6.67082 12.6777 -1.95796	
12.68	6.67095 12.6744 -1.97395	
12.69	6.66996 12.672 -1.98457	
12.7	6.67008 12.6688 -2.00057	
12.71	6.67532 12.6674 -2.01248	
12.72	6.68203 12.6615 -2.03636	
12.73	6.68219 12.6573 -2.0577	
12.74	6.67714 12.6535 -2.07247	
12.75	6.68251 12.649 -2.10041	
12.76	6.69337 12.6427 -2.13084	
12.77	6.69464 12.6378 -2.1576	
12.78	6.69244 12.631 -2.18681	
12.79	6.69535 12.6252 -2.2123	
12.8	6.70076 12.62 -2.24563	
12.81	6.70092 12.6161 -2.26704	
12.82	6.70097 12.6069 -2.31242	
12.83	6.70796 12.6028 -2.3338	
12.84	6.70925 12.5974 -2.36598	
12.85	6.71604 12.5909 -2.39528	
12.86	6.72031 12.5878 -2.41792	
12.87	6.72715 12.5805 -2.4526	
12.88	6.73522 12.5768 -2.47405	
12.89	6.73536 12.5732 -2.49552	
12.9	6.73822 12.5688 -2.51574	
12.91	6.74247 12.5667 -2.53305	
12.92	6.7556 12.5606 -2.56903	
12.93	6.75049 12.5573 -2.58391	
12.94	6.7586 12.553 -2.61077	
12.95	6.76316 12.5424 -2.65869	
12.96	6.76559 12.5427 -2.667	
12.97	6.77134 12.5365 -2.69633	
12.98	6.78183 12.534 -2.70216	
12.99	6.78369 12.5247 -2.72735	
13	6.78663 12.5186 -2.73976	
13.01	6.80013 12.512 -2.74679	
13.02	6.79922 12.502 -2.76042	
13.03	6.80856 12.501 -2.75547	
13.04	6.81561 12.4909 -2.76909	
13.05	6.81483 12.4842 -2.76944	
13.06	6.82415 12.4779 -2.76987	
13.07	6.8339 12.4683 -2.75742	
13.08	6.84903 12.4562 -2.76312	
13.09	6.86278 12.4455 -2.75432	
13.1	6.86605 12.4334 -2.74302	
13.11	6.88783 12.4219 -2.73958	
13.12	6.89126 12.4069 -2.72572	
13.13	6.90794 12.3927 -2.71307	
13.14	6.91817 12.375 -2.6929	
13.15	6.9361 12.3637 -2.6724	
13.16	6.95158 12.3469 -2.6534	
13.17	6.97193 12.3221 -2.63211	
13.18	6.99423 12.3035 -2.61541	
13.19	7.01125 12.2839 -2.56516	
13.2	7.03507 12.2629 -2.53541	
13.21	7.05497 12.2433 -2.50197	
13.22	7.07501 12.2221 -2.46047	
13.23	7.09402 12.2008 -2.41886	
13.24	7.11162 12.1816 -2.36324	
13.25	7.13404 12.1642 -2.31381	
13.26	7.15456 12.1431 -2.26698	
13.27	7.17254 12.1222 -2.20849	
13.28	7.20191 12.1041 -2.13657	
13.29	7.22107 12.0901 -2.0674	
13.3	7.23679 12.0767 -2.00984	
13.31	7.26008 12.0612 -1.93903	
13.32	7.28464 12.0437 -1.8655	
13.33	7.3029 12.0279 -1.80379	
13.34	7.33027 12.0145 -1.71185	
13.35	7.34622 11.9986 -1.6604	
13.36	7.36401 11.9788 -1.59303	
13.37	7.37301 11.9635 -1.54149	
13.38	7.39363 11.9514 -1.49377	
13.39	7.41574 11.94 -1.43552	
13.4	7.42515 11.928 -1.37602	
13.41	7.44556 11.9151 -1.3033	
13.42	7.45855 11.904 -1.24484	
13.43	7.46281 11.899 -1.19737	
13.44	7.46962 11.907 -1.13504	
13.45	7.48516 11.9086 -1.08339	
13.46	7.49514 11.9117 -1.01589	
13.47	7.50109 11.9119 -0.961235	
13.48	7.50614 11.9105 -0.917289	
13.49	7.51457 11.9152 -0.863017	
13.5	7.52168 11.9164 -0.821902	
13.51	7.52363 11.9155 -0.77141	
13.52	7.52264 11.9166 -0.730288	
13.53	7.52733 11.915 -0.696892	
13.54	7.53304 11.9145 -0.658174	
13.55	7.53215 11.9157 -0.617048	
13.56	7.53443 11.9143 -0.571892	
13.57	7.53348 11.9176 -0.533506	
13.58	7.52954 11.9146 -0.516044	
13.59	7.52461 11.9165 -0.481787	
13.6	7.52363 11.9151 -0.473608	
13.61	7.50938 11.9186 -0.442022	
13.62	7.51113 11.9193 -0.4315	
13.63	7.48661 11.9176 -0.428993	
13.64	7.46153 11.9191 -0.413195	
13.65	7.44523 11.9177 -0.410646	
13.66	7.41211 11.9181 -0.400173	
13.67	7.39371 11.9163 -0.397441	
13.68	7.3631 11.9137 -0.393366	
13.69	7.34366 11.9116 -0.390498	
13.7	7.30871 11.9106 -0.37709	
13.71	7.28751 11.9058 -0.381884	
13.72	7.26516 11.9034 -0.377595	
13.73	7.24361 11.9033 -0.365462	
13.74	7.22132 11.9009 -0.361068	
13.75	7.2009 11.8985 -0.357916	
13.76	7.18262 11.8967 -0.354882	
13.77	7.15407 11.8941 -0.362263	
13.78	7.13383 11.8935 -0.355371	
13.79	7.10631 11.8912 -0.36275	
13.8	7.08792 11.8913 -0.362346	
13.81	7.06348 11.8922 -0.351497	
13.82	7.04117 11.885 -0.363624	
13.83	7.02793 11.8841 -0.362009	
13.84	6.99856 11.8819 -0.357277	
13.85	6.97502 11.8805 -0.355487	
13.86	6.95573 11.8763 -0.359901	
13.87	6.93324 11.8752 -0.358164	
13.88	6.91209 11.8731 -0.353291	
13.89	6.88564 11.8714 -0.34991	
13.9	6.85921 11.8697 -0.346504	
13.91	6.83879 11.8652 -0.350678	
13.92	6.8229 11.8642 -0.336858	
13.93	6.79355 11.8631 -0.326415	
13.94	6.77821 11.8576 -0.329484	
13.95	6.76018 11.8528 -0.315053	
13.96	6.74109 11.8538 -0.297571	
13.97	6.71686 11.8457 -0.28895	
13.98	6.70902 11.8443 -0.272002	
13.99	6.69728 11.8429 -0.238152	
14	6.69243 11.8399 -0.220063	
14.01	6.68658 11.8356 -0.193746	
14.02	6.68026 11.8338 -0.156622	
14.03	6.6694 11.8213 -0.166453	
14.04	6.65731 11.8219 -0.125373	
14.05	6.64528 11.811 -0.128415	
14.06	6.63117 11.8112 -0.0761433	
14.07	6.61646 11.7952 -0.105872	
14.08	6.61168 11.8005 -0.0449409	
14.09	6.59974 11.7858 -0.0615131	
14.1	6.59573 11.7861 -0.0121863	
14.11	6.59656 11.7745 -0.0188586	
14.12	6.58836 11.7718 0.0365604	
14.13	6.58294 11.7794 0.103018	
14.14	6.58232 11.7771 0.138686	
14.15	6.58819 11.769 0.145718	
14.16	6.58896 11.76 0.153723	
14.17	6.5911 11.7595 0.18178	
14.18	6.58636 11.7723 0.276104	
14.19	6.59096 11.7842 0.358659	
14.2	6.57792 11.7932 0.419851	
14.21	6.58261 11.8059 0.503423	
14.22	6.5722 11.8142 0.570366	
14.23	6.57151 11.8207 0.628236	
14.24	6.57005 11.832 0.685837	
14.25	6.56067 11.8371 0.738308	
14.26	6.54705 11.8399 0.768178	
14.27	6.53443 11.8454 0.815979	
14.28	6.51723 11.8525 0.844334	
14.29	6.48945 11.8553 0.867881	
14.3	6.46987 11.8582 0.881451	
14.31	6.45895 11.8631 0.903488	
14.32	6.44498 11.8627 0.908268	
14.33	6.43728 11.8655 0.918119	
14.34	6.43888 11.8682 0.927491	
14.35	6.42888 11.8706 0.93838	
14.36	6.42774 11.8705 0.939699	
14.37	6.43047 11.8733 0.948164	
14.38	6.42869 11.877 0.955569	
14.39	6.43138 11.8813 0.960905	
14.4	6.43013 11.8845 0.955947	
14.41	6.42987 11.8896 0.948036	
14.42	6.43195 11.8949 0.938256	
14.43	6.43459 11.9009 0.94045	
14.44	6.44246 11.9074 0.929567	
14.45	6.44502 11.9151 0.928897	
14.46	6.45254 11.9165 0.90615	
14.47	6.47536 11.924 0.891506	
14.48	6.47495 11.9325 0.877751	
14.49	6.47994 11.9383 0.856501	
14.5	6.49367 11.9542 0.815971	
14.51	6.49633 11.9704 0.789373	
14.52	6.5045 11.9945 0.726702	
14.53	6.50519 12.0204 0.657376	
14.54	6.49937 12.0481 0.556827	
14.55	6.4979 12.0713 0.482883	
14.56	6.49556 12.1016 0.358326	
14.57	6.4892 12.1313 0.243752	
14.58	6.49284 12.1367 0.00811802	
14.59	6.48564 12.1838 -0.105779	
14.6	6.47981 12.224 -0.1983	
14.61	6.45812 12.2856 -0.366217	
14.62	6.44663 12.3528 -0.498195	
14.63	6.43978 12.4408 -0.635765	
14.64	6.42667 12.5317 -0.766556	
14.65	6.42877 12.6482 -0.893661	
14.66	6.42486 12.7435 -0.983116	
14.67	6.4365 12.9367 -1.11523	
14.68	6.44196 13.131 -1.24313	
14.69	6.44816 13.3191 -1.35785	
14.7	6.46955 13.5663 -1.48256	
14.71	6.49556 13.8042 -1.62283	
14.72	6.54049 14.0385 -1.76298	
14.73	6.58466 14.2509 -1.88904	
14.74	6.64511 14.4436 -2.00716	
14.75	6.71073 14.6192 -2.13756	
14.76	6.76245 14.7696 -2.24289	
14.77	6.82012 14.8418 -2.58852	
14.78	6.86135 14.9783 -2.62562	
14.79	6.90771 15.1278 -2.68725	
14.8	6.9312 15.2657 -2.73546	
14.81	6.96612 15.4176 -2.81432	
14.82	6.99181 15.5281 -2.87027	
14.83	7.02395 15.7047 -2.96285	
14.84	7.04093 15.8406 -3.02539	
14.85	7.05498 15.9487 -3.07844	
14.86	7.07723 16.12 -3.14932	
14.87	7.08628 16.2278 -3.19449	
14.88	7.0891 16.391 -3.27224	
14.89	7.09761 16.5177 -3.32065	
14.9	7.09468 16.6876 -3.39441	
14.91	7.09578 16.8861 -3.4828	
14.92	7.08698 17.0677 -3.56066	
14.93	7.07294 17.3045 -3.67115	
14.94	7.05982 17.5387 -3.76913	
14.95	7.04241 17.8584 -3.88396	
14.96	7.01384 18.0755 -3.95713	
14.97	6.99919 18.3103 -4.02528	
14.98	6.97781 18.5128 -4.0904	
14.99	6.95815 18.7311 -4.12408	
15	6.93945 18.9262 -4.16336	
15.01	6.91472 19.1254 -4.19581	
15.02	6.88944 19.3403 -4.2127	
15.03	6.86559 19.5732 -4.22506	
15.04	6.84854 19.8412 -4.25032	
15.05	6.81837 20.0676 -4.26854	
15.06	6.79231 20.3025 -4.27572	
15.07	6.76051 20.5289 -4.28051	
15.08	6.7459 20.7557 -4.29601	
15.09	6.71802 21.0369 -4.32937	
15.1	6.69032 21.2681 -4.36252	
15.11	6.66637 21.4813 -4.39879	
15.12	6.63151 21.6976 -4.43553	
15.13	6.61179 21.8532 -4.46983	
15.14	6.56875 22.1084 -4.50469	
15.15	6.54521 22.2616 -4.52727	
15.16	6.49171 22.5182 -4.55456	
15.17	6.4478 22.7931 -4.59228	
15.18	6.39542 23.0087 -4.6115	
15.19	6.34904 23.2159 -4.63035	
15.2	6.30688 23.4079 -4.64215	
15.21	6.26796 23.6132 -4.64987	
15.22	6.23278 23.7551 -4.65749	
15.23	6.17947 23.9559 -4.66494	
15.24	6.14275 24.1624 -4.66187	
15.25	6.10965 24.3096 -4.66716	
15.26	6.06198 24.5381 -4.68096	
15.27	6.03048 24.6775 -4.69645	
15.28	5.99989 24.8409 -4.71517	
15.29	5.96644 25.0345 -4.74922	
15.3	5.93666 25.2197 -4.78685	
15.31	5.91957 25.3925 -4.8228	
15.32	5.89601 25.5423 -4.85587	
15.33	5.88478 25.679 -4.90408	
15.34	5.85849 25.8041 -4.94971	
15.35	5.85819 25.9613 -4.99137	
15.36	5.84142 26.0971 -5.02628	
15.37	5.825 26.2274 -5.062	
15.38	5.82758 26.3568 -5.10237	
15.39	5.81169 26.5293 -5.14052	
15.4	5.81428 26.6365 -5.15991	
15.41	5.81817 26.7751 -5.19453	
15.42	5.82128 26.9108 -5.23269	
15.43	5.81628 27.0562 -5.26361	
15.44	5.81408 27.1713 -5.28997	
15.45	5.82015 27.3067 -5.32463	
15.46	5.81741 27.4045 -5.35763	
15.47	5.8321 27.551 -5.42854	
15.48	5.83064 27.6471 -5.48461	
15.49	5.83756 27.7409 -5.54606	
15.5	5.84458 27.8493 -5.61644	
15.51	5.85309 27.9187 -5.67049	
15.52	5.86118 28.0221 -5.74129	
15.53	5.86878 28.1016 -5.81841	
15.54	5.87621 28.1789 -5.88492	
15.55	5.89295 28.2821 -5.96872	
15.56	5.89145 28.3617 -6.04971	
15.57	5.9089 28.447 -6.12327	
15.58	5.91655 28.5236 -6.19757	
15.59	5.9262 28.5749 -6.26093	
15.6	5.93513 28.6486 -6.34656	
15.61	5.94418 28.7115 -6.41225	
15.62	5.955 28.7892 -6.5267	
15.63	5.972 28.8529 -6.59911	
15.64	5.98305 28.9239 -6.68366	
15.65	5.99392 29.0037 -6.78367	
15.66	6.01105 29.0619 -6.85872	
15.67	6.03796 29.1356 -6.95942	
15.68	6.06073 29.1847 -7.05606	
15.69	6.07841 29.2362 -7.13819	
15.7	6.10122 29.2885 -7.21766	
15.71	6.12509 29.3557 -7.31152	
15.72	6.14692 29.4177 -7.40952	
15.73	6.16898 29.4767 -7.48354	
15.74	6.18918 29.5409 -7.57294	
15.75	6.20917 29.5909 -7.65001	
15.76	6.22004 29.6401 -7.72767	
15.77	6.24248 29.7035 -7.79924	
15.78	6.25116 29.7597 -7.84053	
15.79	6.25674 29.8205 -7.88583	
15.8	6.26321 29.8713 -7.9314	
15.81	6.27119 29.9043 -7.97231	
15.82	6.27092 29.9527 -8.02296	
15.83	6.27448 29.9917 -8.05357	
15.84	6.27797 30.0275 -8.07863	
15.85	6.28239 30.0521 -8.11197	
15.86	6.28755 30.065 -8.1378	
15.87	6.50435 30.0136 -8.60411	
15.88	6.50346 30.0133 -8.60468	
15.89	6.50169 30.0128 -8.60584	
15.9	6.5008 30.0125 -8.60642	
15.91	6.49991 30.0122 -8.607	
15.92	6.49903 30.012 -8.60759	
15.93	6.49726 30.0114 -8.60875	
15.94	6.49726 30.0114 -8.60875	
15.95	6.49638 30.0112 -8.60934	
15.96	6.49638 30.0112 -8.60934	
15.97	6.49549 30.0109 -8.60992	
15.98	6.49461 30.0107 -8.61051	
15.99	6.49461 30.0107 -8.61051	
16	6.49461 30.0107 -8.61051	
16.01	6.49373 30.0104 -8.6111	
16.02	6.49373 30.0104 -8.6111	
16.03	6.49373 30.0104 -8.6111	
16.04	6.49373 30.0104 -8.6111	
16.05	6.49373 30.0104 -8.6111	
16.06	6.51569 30.0103 -8.61658	
16.07	6.53119 30.0096 -8.62232	
16.08	6.54668 30.0088 -8.62808	
16.09	6.55663 30.0077 -8.6335	
16.1	6.57218 30.0095 -8.6314	
16.11	6.58131 30.0108 -8.6295	
16.12	6.59128 30.0096 -8.63499	
16.13	6.60134 30.0111 -8.63258	
16.14	6.60498 30.0121 -8.63037	
16.15	6.61497 30.0108 -8.63593	
16.16	6.61772 30.0115 -8.6343	
16.17	6.62783 30.0129 -8.63197	
16.18	6.54062 30.0251 -8.57749	
16.19	6.54337 30.0258 -8.57587	
16.2	6.54613 30.0265 -8.57426	
16.21	6.5415 30.0239 -8.58135	
16.22	6.5415 30.0239 -8.58135	
16.23	6.54334 30.0243 -8.58029	
16.24	6.54426 30.0246 -8.57976	
16.25	6.54611 30.0251 -8.5787	
16.26	6.54889 30.0258 -8.57712	
16.27	6.54707 30.0238 -8.58267	
16.28	6.55447 30.0272 -8.57399	
16.29	6.55541 30.0274 -8.57348	
16.3	6.55821 30.0281 -8.57193	
16.31	6.56195 30.0291 -8.56988	
16.32	6.56571 30.03 -8.56785	
16.33	6.56948 30.0309 -8.56584	
16.34	6.57705 30.0301 -8.56983	
16.35	6.5799 30.0256 -8.58426	
16.36	6.58276 30.034 -8.55894	
16.37	6.59211 30.0326 -8.56526	
16.38	6.58562 30.0347 -8.55749	
16.39	6.58849 30.0302 -8.57197	
16.4	6.59689 30.0337 -8.56287	
16.41	6.59785 30.0339 -8.56239	
16.42	6.59232 30.0311 -8.57006	
16.43	6.59424 30.0366 -8.5532	
16.44	6.5952 30.0368 -8.55273	
16.45	6.58871 30.0363 -8.55292	
16.46	6.59617 30.037 -8.55226	
16.47	6.59713 30.0347 -8.55975	
16.48	6.60363 30.0377 -8.5516	
16.49	6.60459 30.0379 -8.55114	
16.5	6.60459 30.0379 -8.55114	
16.51	6.60556 30.0381 -8.55067	
16.52	6.60556 30.0407 -8.5427	
16.53	6.61206 30.0386 -8.55049	
16.54	6.60653 30.0409 -8.54224	
16.55	6.60653 30.0409 -8.54224	
16.56	6.60653 30.0409 -8.54224	
16.57	6.60749 30.0411 -8.54177	
16.58	6.60653 30.0409 -8.54224	
16.59	6.61304 30.0414 -8.54206	
16.6	6.61302 30.0388 -8.55002	
16.61	6.61302 30.0388 -8.55002	
16.62	6.61304 30.0414 -8.54206	
16.63	6.60749 30.0411 -8.54177	
16.64	6.60749 30.0411 -8.54177	
16.65	6.60846 30.0413 -8.54131	
16.66	6.60749 30.0411 -8.54177	
16.67	6.614 30.0416 -8.54159	
16.68	6.59449 30.0376 -8.55011	
16.69	6.60099 30.0381 -8.54992	
16.7	6.60749 30.0411 -8.54177	
16.71	6.60099 30.0381 -8.54992	
16.72	6.60195 30.0383 -8.54946	
16.73	6.60195 30.0383 -8.54946	
16.74	6.60099 30.0381 -8.54992	
16.75	6.60195 30.0383 -8.54946	
16.76	6.60099 30.0406 -8.54196	
16.77	6.60099 30.0381 -8.54992	
16.78	6.60099 30.0381 -8.54992	
16.79	6.60099 30.0381 -8.54992	
16.8	6.60099 30.0381 -8.54992	
16.81	6.60099 30.0381 -8.54992	
16.82	6.59447 30.0427 -8.53417	
16.83	6.58889 30.0474 -8.51794	
16.84	6.58985 30.0502 -8.5095	
16.85	6.58424 30.0548 -8.49326	
16.86	6.58518 30.0575 -8.4848	
16.87	6.58516 30.06 -8.47681	
16.88	6.58514 30.0624 -8.46881	
16.89	6.58609 30.0651 -8.46035	
16.9	6.58046 30.0672 -8.45208	
16.91	6.58046 30.0672 -8.45208	
16.92	6.5814 30.0698 -8.44361	
16.93	6.58234 30.0724 -8.43514	
16.94	6.60776 30.0396 -8.5467	
16.95	6.60126 30.0391 -8.54689	
16.96	6.60222 30.0418 -8.53846	
16.97	6.60222 30.0418 -8.53846	
16.98	6.59571 30.0414 -8.53865	
16.99	6.60222 30.0418 -8.53846	
17	6.60319 30.0446 -8.53003	
17.01	6.60319 30.0446 -8.53003	
17.02	6.60221 30.0444 -8.53049	
17.03	6.60319 30.0446 -8.53003	
17.04	6.59665 30.0466 -8.52224	
17.05	6.59665 30.0466 -8.52224	
17.06	6.60318 30.0471 -8.52206	
17.07	6.59665 30.0466 -8.52224	
17.08	6.59665 30.0466 -8.52224	
17.09	6.59665 30.0466 -8.52224	
17.1	6.59665 30.0466 -8.52224	
17.11	6.59762 30.0468 -8.52179	
17.12	6.60318 30.0471 -8.52206	
17.13	6.59761 30.0493 -8.51381	
17.14	6.59761 30.0493 -8.51381	
17.15	6.59762 30.0468 -8.52179	
17.16	6.59665 30.0466 -8.52224	
17.17	6.59665 30.0466 -8.52224	
17.18	6.59665 30.0466 -8.52224	
17.19	6.59665 30.0466 -8.52224	
17.2	6.60415 30.0473 -8.5216	
17.21	6.59761 30.0493 -8.51381	
17.22	6.59761 30.0493 -8.51381	
17.23	6.59762 30.0468 -8.52179	
17.24	6.59665 30.0466 -8.52224	
17.25	6.59762 30.0468 -8.52179	
17.26	6.59761 30.0493 -8.51381	
17.27	6.60415 30.0473 -8.5216	
17.28	6.59761 30.0493 -8.51381	
17.29	6.59664 30.0491 -8.51426	
17.3	6.59762 30.0468 -8.52179	
17.31	6.59762 30.0468 -8.52179	
17.32	6.59761 30.0493 -8.51381	
17.33	6.59761 30.0493 -8.51381	
17.34	6.59761 30.0493 -8.51381	
17.35	6.60318 30.0471 -8.52206	
17.36	6.59665 30.0466 -8.52224	
17.37	6.59762 30.0468 -8.52179	
17.38	6.59762 30.0468 -8.52179	
17.39	6.60415 30.0473 -8.5216	
17.4	6.59665 30.0466 -8.52224	
17.41	6.59762 30.0468 -8.52179	
17.42	6.5911 30.0463 -8.52197	
17.43	6.59108 30.0488 -8.514	
17.44	6.59108 30.0488 -8.514	
17.45	6.59665 30.0466 -8.52224	
17.46	6.59108 30.0488 -8.514	
17.47	6.59761 30.0493 -8.51381	
17.48	6.59762 30.0468 -8.52179	
17.49	6.59762 30.0468 -8.52179	
17.5	6.59108 30.0488 -8.514	
17.51	6.59762 30.0468 -8.52179	
17.52	6.59665 30.0466 -8.52224	
17.53	6.59665 30.0466 -8.52224	
17.54	6.59761 30.0493 -8.51381	
17.55	6.59108 30.0488 -8.514	
17.56	6.59762 30.0468 -8.52179	
17.57	6.59762 30.0468 -8.52179	
17.58	6.59762 30.0468 -8.52179	
17.59	6.59762 30.0468 -8.52179	
17.6	6.59762 30.0468 -8.52179	
17.61	6.59762 30.0468 -8.52179	
17.62	6.59761 30.0493 -8.51381	
17.63	6.59762 30.0468 -8.52179	
17.64	6.5911 30.0463 -8.52197	
17.65	6.59665 30.0466 -8.52224	
17.66	6.59762 30.0468 -8.52179	
17.67	6.59665 30.0466 -8.52224	
17.68	6.59665 30.0466 -8.52224	
17.69	6.59762 30.0468 -8.52179	
17.7	6.59762 30.0468 -8.52179	
17.71	6.59762 30.0468 -8.52179	
17.72	6.59665 30.0466 -8.52224	
17.73	6.59665 30.0466 -8.52224	
17.74	6.59761 30.0493 -8.51381	
17.75	6.59665 30.0466 -8.52224	
17.76	6.59761 30.0493 -8.51381	
17.77	6.59762 30.0468 -8.52179	
17.78	6.59761 30.0493 -8.51381	
17.79	6.59761 30.0493 -8.51381	
17.8	6.59761 30.0493 -8.51381	
17.81	6.59761 30.0493 -8.51381	
17.82	6.59761 30.0493 -8.51381	
17.83	6.59205 30.049 -8.51354	
17.84	6.59762 30.0468 -8.52179	
17.85	6.59762 30.0468 -8.52179	
17.86	6.59761 30.0493 -8.51381	
17.87	6.5911 30.0463 -8.52197	
17.88	6.5911 30.0463 -8.52197	
17.89	6.5911 30.0463 -8.52197	
17.9	6.5911 30.0463 -8.52197	
17.91	6.59761 30.0493 -8.51381	
17.92	6.59762 30.0468 -8.52179	
17.93	6.5911 30.0463 -8.52197	
17.94	6.59761 30.0493 -8.51381	
17.95	6.59762 30.0468 -8.52179	
17.96	6.59762 30.0468 -8.52179	
17.97	6.59665 30.0466 -8.52224	
17.98	6.59762 30.0468 -8.52179	
17.99	6.59761 30.0493 -8.51381	
18	6.59762 30.0468 -8.52179	
18.01	6.59762 30.0468 -8.52179	
18.02	6.59108 30.0488 -8.514	
18.03	6.59761 30.0493 -8.51381	
18.04	6.59762 30.0468 -8.52179	
18.05	6.59108 30.0488 -8.514	
18.06	6.59761 30.0493 -8.51381	
18.07	6.59762 30.0468 -8.52179	
18.08	6.59665 30.0466 -8.52224	
18.09	6.59665 30.0466 -8.52224	
18.1	6.59665 30.0466 -8.52224	
18.11	6.59762 30.0468 -8.52179	
18.12	6.59762 30.0468 -8.52179	
18.13	6.59762 30.0468 -8.52179	
18.14	6.59762 30.0468 -8.52179	
18.15	6.59762 30.0468 -8.52179	
18.16	6.59762 30.0468 -8.52179	
18.17	6.59762 30.0468 -8.52179	
18.18	6.59762 30.0468 -8.52179	
18.19	6.59762 30.0468 -8.52179	
18.2	6.5911 30.0463 -8.52197	
18.21	6.59108 30.0488 -8.514	
18.22	6.59762 30.0468 -8.52179	
18.23	6.59665 30.0466 -8.52224	
18.24	6.59013 30.0461 -8.52243	
18.25	6.59762 30.0468 -8.52179	
18.26	6.60415 30.0473 -8.5216	
18.27	6.59762 30.0468 -8.52179	
18.28	6.5911 30.0463 -8.52197	
18.29	6.59762 30.0468 -8.52179	
18.3	6.59762 30.0468 -8.52179	
18.31	6.5911 30.0463 -8.52197	
18.32	6.59762 30.0468 -8.52179	
18.33	6.59665 30.0466 -8.52224	
18.34	6.5911 30.0463 -8.52197	
18.35	6.5911 30.0463 -8.52197	
18.36	6.59761 30.0493 -8.51381	
18.37	6.59762 30.0468 -8.52179	
18.38	6.60319 30.0446 -8.53003	
18.39	6.59108 30.0488 -8.514	
18.4	6.59761 30.0493 -8.51381	
18.41	6.59762 30.0468 -8.52179	
18.42	6.59762 30.0468 -8.52179	
18.43	6.59762 30.0468 -8.52179	
18.44	6.59762 30.0468 -8.52179	
18.45	6.59665 30.0466 -8.52224	
18.46	6.59762 30.0468 -8.52179	
18.47	6.59762 30.0468 -8.52179	
18.48	6.59762 30.0468 -8.52179	
18.49	6.59762 30.0468 -8.52179	
18.5	6.59762 30.0468 -8.52179	
18.51	6.59013 30.0461 -8.52243	
18.52	6.59762 30.0468 -8.52179	
18.53	6.59762 30.0468 -8.52179	
18.54	6.59762 30.0468 -8.52179	
18.55	6.59762 30.0468 -8.52179	
18.56	6.59762 30.0468 -8.52179	
18.57	6.59762 30.0468 -8.52179	
18.58	6.60318 30.0471 -8.52206	
18.59	6.59762 30.0468 -8.52179	
18.6	6.59108 30.0488 -8.514	
18.61	6.59761 30.0493 -8.51381	
18.62	6.59761 30.0493 -8.51381	
18.63	6.59665 30.0466 -8.52224	
18.64	6.59108 30.0488 -8.514	
18.65	6.59761 30.0493 -8.51381	
18.66	6.5911 30.0463 -8.52197	
18.67	6.59762 30.0468 -8.52179	
18.68	6.59665 30.0466 -8.52224	
18.69	6.59665 30.0466 -8.52224	
18.7	6.59205 30.049 -8.51354	
18.71	6.5911 30.0463 -8.52197	
18.72	6.59762 30.0468 -8.52179	
18.73	6.59762 30.0468 -8.52179	
18.74	6.59762 30.0468 -8.52179	
18.75	6.59762 30.0468 -8.52179	
18.76	6.5911 30.0463 -8.52197	
18.77	6.59762 30.0468 -8.52179	
18.78	6.59762 30.0468 -8.52179	
18.79	6.59762 30.0468 -8.52179	
18.8	6.5911 30.0463 -8.52197	
18.81	6.59762 30.0468 -8.52179	
18.82	6.59762 30.0468 -8.52179	
18.83	6.59013 30.0461 -8.52243	
18.84	6.59762 30.0468 -8.52179	
18.85	6.59762 30.0468 -8.52179	
18.86	6.59665 30.0466 -8.52224	
18.87	6.5911 30.0463 -8.52197	
18.88	6.5911 30.0463 -8.52197	
18.89	6.59762 30.0468 -8.52179	
18.9	6.59665 30.0466 -8.52224	
18.91	6.59762 30.0468 -8.52179	
18.92	6.59762 30.0468 -8.52179	
18.93	6.59665 30.0466 -8.52224	
18.94	6.59665 30.0466 -8.52224	
18.95	6.59761 30.0493 -8.51381	
18.96	6.59762 30.0468 -8.52179	
18.97	6.59762 30.0468 -8.52179	
18.98	6.59762 30.0468 -8.52179	
18.99	6.59762 30.0468 -8.52179	
19	6.59762 30.0468 -8.52179	
19.01	6.60318 30.0471 -8.52206	
19.02	6.59762 30.0468 -8.52179	
19.03	6.59762 30.0468 -8.52179	
19.04	6.59762 30.0468 -8.52179	
19.05	6.59665 30.0466 -8.52224	
19.06	6.59108 30.0488 -8.514	
19.07	6.59762 30.0468 -8.52179	
19.08	6.59762 30.0468 -8.52179	
19.09	6.5911 30.0463 -8.52197	
19.1	6.59762 30.0468 -8.52179	
19.11	6.60318 30.0471 -8.52206	
19.12	6.60318 30.0471 -8.52206	
19.13	6.59762 30.0468 -8.52179	
19.14	6.59761 30.0493 -8.51381	
19.15	6.59762 30.0468 -8.52179	
19.16	6.59762 30.0468 -8.52179	
19.17	6.59762 30.0468 -8.52179	
19.18	6.59762 30.0468 -8.52179	
19.19	6.59762 30.0468 -8.52179	
19.2	6.5911 30.0463 -8.52197	
19.21	6.59762 30.0468 -8.52179	
19.22	6.59762 30.0468 -8.52179	
19.23	6.59665 30.0466 -8.52224	
19.24	6.59762 30.0468 -8.52179	
19.25	6.59762 30.0468 -8.52179	
19.26	6.59665 30.0466 -8.52224	
19.27	6.59108 30.0488 -8.514	
19.28	6.59762 30.0468 -8.52179	
19.29	6.59762 30.0468 -8.52179	
19.3	6.60415 30.0473 -8.5216	
19.31	6.59762 30.0468 -8.52179	
19.32	6.59762 30.0468 -8.52179	
19.33	6.59762 30.0468 -8.52179	
19.34	6.59665 30.0466 -8.52224	
19.35	6.59762 30.0468 -8.52179	
19.36	6.60415 30.0473 -8.5216	
19.37	6.59762 30.0468 -8.52179	
19.38	6.59762 30.0468 -8.52179	
19.39	6.59762 30.0468 -8.52179	
19.4	6.59665 30.0466 -8.52224	
19.41	6.59762 30.0468 -8.52179	
19.42	6.59762 30.0468 -8.52179	
19.43	6.59762 30.0468 -8.52179	
19.44	6.59761 30.0493 -8.51381	
19.45	6.59762 30.0468 -8.52179	
19.46	6.59762 30.0468 -8.52179	
19.47	6.60415 30.0473 -8.5216	
19.48	6.59762 30.0468 -8.52179	
19.49	6.59762 30.0468 -8.52179	
19.5	6.59762 30.0468 -8.52179	
19.51	6.59665 30.0466 -8.52224	
19.52	6.59762 30.0468 -8.52179	
19.53	6.59762 30.0468 -8.52179	
19.54	6.59665 30.0466 -8.52224	
19.55	6.60318 30.0471 -8.52206	
19.56	6.59762 30.0468 -8.52179	
19.57	6.59762 30.0468 -8.52179	
19.58	6.59762 30.0468 -8.52179	
19.59	6.59761 30.0493 -8.51381	
19.6	6.59762 30.0468 -8.52179	
19.61	6.59762 30.0468 -8.52179	
19.62	6.59762 30.0468 -8.52179	
19.63	6.59665 30.0466 -8.52224	
19.64	6.59762 30.0468 -8.52179	
19.65	6.59762 30.0468 -8.52179	
19.66	6.59762 30.0468 -8.52179	
19.67	6.59762 30.0468 -8.52179	
19.68	6.59762 30.0468 -8.52179	
19.69	6.59762 30.0468 -8.52179	
19.7	6.59665 30.0466 -8.52224	
19.71	6.59762 30.0468 -8.52179	
19.72	6.59665 30.0466 -8.52224	
19.73	6.59665 30.0466 -8.52224	
19.74	6.59762 30.0468 -8.52179	
19.75	6.59665 30.0466 -8.52224	
19.76	6.59762 30.0468 -8.52179	
19.77	6.59762 30.0468 -8.52179	
19.78	6.59762 30.0468 -8.52179	
19.79	6.5911 30.0463 -8.52197	
19.8	6.59762 30.0468 -8.52179	
19.81	6.59762 30.0468 -8.52179	
19.82	6.59665 30.0466 -8.52224	
19.83	6.59665 30.0466 -8.52224	
19.84	6.59762 30.0468 -8.52179	
19.85	6.59762 30.0468 -8.52179	
19.86	6.59762 30.0468 -8.52179	
19.87	6.59665 30.0466 -8.52224	
19.88	6.59665 30.0466 -8.52224	
19.89	6.59762 30.0468 -8.52179	
19.9	6.59762 30.0468 -8.52179	
19.91	6.59762 30.0468 -8.52179	
19.92	6.60318 30.0471 -8.52206	
19.93	6.59013 30.0461 -8.52243	
19.94	6.59762 30.0468 -8.52179	
19.95	6.59762 30.0468 -8.52179	
19.96	6.59762 30.0468 -8.52179	
19.97	6.59762 30.0468 -8.52179	
19.98	6.59762 30.0468 -8.52179	
19.99	6.59665 30.0466 -8.52224	
20	6.59762 30.0468 -8.52179	
20.01	6.59762 30.0468 -8.52179	
20.02	6.59762 30.0468 -8.52179	
20.03	6.59762 30.0468 -8.52179	
20.04	6.59762 30.0468 -8.52179	
20.05	6.59762 30.0468 -8.52179	
20.06	6.59762 30.0468 -8.52179	
20.07	6.59762 30.0468 -8.52179	
