# Gnuplot File : positions of 1 particle(s) Monitored
# 1st Column : time, others : particle(s) number 0 
0.01	9.75727 19.8705 3.02688	
0.02	9.75727 19.87 3.02526	
0.03	9.75727 19.87 3.02506	
0.04	9.75834 19.8703 3.02503	
0.05	9.75727 19.87 3.02481	
0.06	9.75727 19.8705 3.0261	
0.07	9.75727 19.8705 3.02604	
0.08	9.75834 19.8708 3.02611	
0.09	9.75727 19.87 3.02461	
0.1	9.75727 19.8705 3.02595	
0.11	9.75834 19.8703 3.02468	
0.12	9.75834 19.8703 3.02467	
0.13	9.75727 19.87 3.02455	
0.14	9.75727 19.8705 3.02591	
0.15	9.75727 19.8705 3.0259	
0.16	9.75727 19.87 3.02454	
0.17	9.75834 19.8708 3.02601	
0.18	9.75727 19.87 3.02454	
0.19	9.75727 19.87 3.02454	
0.2	9.75727 19.87 3.02454	
0.21	9.75719 19.8699 3.02426	
0.22	9.75705 19.8702 3.02505	
0.23	9.75083 19.8508 2.98256	
0.24	9.75483 19.8282 2.93262	
0.25	9.75816 19.8225 2.92003	
0.26	9.75987 19.8199 2.91414	
0.27	9.76057 19.8188 2.91191	
0.28	9.76153 19.8191 2.91202	
0.29	9.75863 19.8218 2.91834	
0.3	9.70971 18.6343 3.71816	
0.31	9.65911 18.0101 4.44235	
0.32	9.6153 17.6381 4.67233	
0.33	9.55034 17.0307 5.19383	
0.34	9.51365 16.5735 5.7305	
0.35	9.47129 16.0785 6.14561	
0.36	9.43472 15.6503 6.69723	
0.37	9.38739 15.1547 7.27143	
0.38	9.36752 14.8426 7.69443	
0.39	9.44029 14.5522 8.03447	
0.4	9.56192 14.3555 8.26173	
0.41	9.76396 14.1933 8.47243	
0.42	10.1178 14.1056 8.65278	
0.43	10.3727 14.0512 8.67374	
0.44	10.537 13.9378 8.59877	
0.45	10.6549 13.8044 8.49275	
0.46	10.7439 13.721 8.38246	
0.47	10.8069 13.7024 8.33899	
0.48	10.8225 13.7494 8.32276	
0.49	10.8296 13.8492 8.29049	
0.5	10.8464 13.9219 8.21412	
0.51	10.8454 13.988 8.11692	
0.52	10.8406 14.0645 7.96585	
0.53	10.8335 14.162 7.73999	
0.54	10.8222 14.2489 7.47629	
0.55	10.8257 14.2705 7.34425	
0.56	10.8284 14.2971 7.28943	
0.57	10.83 14.3857 7.23862	
0.58	10.8265 14.4955 7.1592	
0.59	10.8228 14.5327 7.10491	
0.6	10.8163 14.6106 6.99374	
0.61	10.8167 14.7323 6.84821	
0.62	10.8509 14.8532 6.71429	
0.63	10.9058 14.9715 6.58004	
0.64	10.9785 15.117 6.49583	
0.65	11.0839 15.2825 6.4493	
0.66	11.1858 15.4531 6.41989	
0.67	11.2713 15.6748 6.39269	
0.68	11.3563 15.9226 6.37333	
0.69	11.4128 16.1638 6.35668	
0.7	11.4004 16.4329 6.35303	
0.71	11.3911 16.6866 6.34569	
0.72	11.3994 16.8544 6.33152	
0.73	11.3937 16.946 6.24725	
0.74	11.3925 16.9551 6.05597	
0.75	11.4067 16.8663 5.85643	
0.76	11.4218 16.7471 5.65632	
0.77	11.4434 16.6314 5.48918	
0.78	11.4635 16.557 5.3974	
0.79	11.4953 16.4488 5.28901	
0.8	11.5269 16.3302 5.20892	
0.81	11.5464 16.2654 5.20699	
0.82	11.5733 16.188 5.20297	
0.83	11.616 16.0885 5.19438	
0.84	11.6676 15.9756 5.18092	
0.85	11.6973 15.8783 5.16703	
0.86	11.7256 15.7601 5.16133	
0.87	11.7457 15.6705 5.1682	
0.88	11.7638 15.5775 5.1566	
0.89	11.7757 15.4718 5.15857	
0.9	11.8022 15.4109 5.18945	
0.91	11.789 15.3448 5.2179	
0.92	11.8046 15.2732 5.19995	
0.93	11.8204 15.219 5.18771	
0.94	11.8524 15.1543 5.20202	
0.95	11.8657 15.1289 5.20375	
0.96	11.871 15.0562 5.20912	
0.97	11.8817 14.9841 5.21894	
0.98	11.8903 14.9231 5.23282	
0.99	11.8909 14.9162 5.24309	
1	11.9 14.8937 5.2423	
1.01	11.9212 14.9013 5.24961	
1.02	11.9593 14.9155 5.24438	
1.03	11.9904 14.9325 5.24586	
1.04	12.0278 14.9527 5.24122	
1.05	12.0585 14.9788 5.22829	
1.06	12.0951 15.0034 5.19908	
1.07	12.1095 15.0346 5.1633	
1.08	12.148 15.0953 5.0894	
1.09	12.1932 15.141 5.03599	
1.1	12.219 15.1932 4.95356	
1.11	12.2259 15.227 4.8454	
1.12	12.2291 15.2421 4.75896	
1.13	12.2283 15.2815 4.63316	
1.14	12.2173 15.3459 4.4464	
1.15	12.211 15.388 4.28953	
1.16	12.2107 15.4016 4.15076	
1.17	12.212 15.3958 4.06541	
1.18	12.216 15.3761 4.00937	
1.19	12.2192 15.3611 3.98806	
1.2	12.2171 15.3246 3.95883	
1.21	12.2197 15.2893 3.91744	
1.22	12.2278 15.251 3.89187	
1.23	12.2391 15.1976 3.86955	
1.24	12.249 15.1455 3.86372	
1.25	12.2605 15.0969 3.86378	
1.26	12.2675 15.0578 3.86318	
1.27	12.2755 15.0138 3.8639	
1.28	12.2827 14.9799 3.86116	
1.29	12.2882 14.93 3.86207	
1.3	12.29 14.8912 3.8645	
1.31	12.283 14.8451 3.86703	
1.32	12.2636 14.7905 3.86842	
1.33	12.2352 14.7401 3.87129	
1.34	12.2076 14.6842 3.87435	
1.35	12.1572 14.6305 3.87883	
1.36	12.0973 14.5759 3.88724	
1.37	12.0271 14.5178 3.89083	
1.38	11.9406 14.4604 3.90084	
1.39	11.849 14.4061 3.90457	
1.4	11.7508 14.3485 3.91488	
1.41	11.6596 14.3002 3.93018	
1.42	11.5486 14.2407 3.93827	
1.43	11.4549 14.1932 3.95389	
1.44	11.3536 14.1501 3.96842	
1.45	11.2536 14.1024 3.98276	
1.46	11.1627 14.0645 4.00244	
1.47	11.0836 14.0345 4.02132	
1.48	10.9985 14.0103 4.04023	
1.49	10.9068 13.9834 4.05429	
1.5	10.8213 13.9595 4.07201	
1.51	10.7411 13.9332 4.09504	
1.52	10.6086 13.9085 4.12976	
1.53	10.5014 13.8798 4.15948	
1.54	10.3812 13.8587 4.19367	
1.55	10.2605 13.8455 4.21757	
1.56	10.1407 13.8362 4.24634	
1.57	9.98731 13.8307 4.28167	
1.58	9.86963 13.8432 4.31775	
1.59	9.7654 13.8564 4.35028	
1.6	9.64958 13.867 4.37668	
1.61	9.53 13.8764 4.39678	
1.62	9.39851 13.8827 4.40847	
1.63	9.24996 13.8874 4.41407	
1.64	9.11755 13.8959 4.4144	
1.65	8.97997 13.9061 4.41473	
1.66	8.8426 13.9198 4.41973	
1.67	8.70157 13.9401 4.4209	
1.68	8.56526 13.9643 4.41844	
1.69	8.43041 13.9907 4.4167	
1.7	8.3129 14.0175 4.41591	
1.71	8.19193 14.0451 4.41219	
1.72	8.08366 14.0801 4.41113	
1.73	7.98498 14.11 4.4027	
1.74	7.87004 14.1562 4.39998	
1.75	7.78323 14.1919 4.39232	
1.76	7.68971 14.2232 4.38537	
1.77	7.60751 14.249 4.36855	
1.78	7.5176 14.273 4.34729	
1.79	7.4457 14.2936 4.32147	
1.8	7.38615 14.3219 4.2673	
1.81	7.3457 14.3539 4.18778	
1.82	7.2925 14.3726 4.06206	
1.83	7.26093 14.3925 3.94635	
1.84	7.22908 14.4047 3.82171	
1.85	7.20147 14.4102 3.70749	
1.86	7.17821 14.4048 3.62006	
1.87	7.15696 14.3883 3.54942	
1.88	7.14328 14.3733 3.49509	
1.89	7.12998 14.3605 3.44573	
1.9	7.12188 14.3533 3.38595	
1.91	7.1132 14.3428 3.34641	
1.92	7.11211 14.34 3.29785	
1.93	7.11209 14.3355 3.24308	
1.94	7.1103 14.3258 3.19177	
1.95	7.1031 14.3125 3.13843	
1.96	7.0953 14.3021 3.09477	
1.97	7.08181 14.2853 3.04244	
1.98	7.07893 14.2724 2.99383	
1.99	7.07711 14.2608 2.96185	
2	7.07928 14.2474 2.92992	
2.01	7.07736 14.2367 2.89915	
2.02	7.07517 14.2276 2.87617	
2.03	7.07274 14.2201 2.85596	
2.04	7.07309 14.2145 2.83897	
2.05	7.07113 14.2081 2.82261	
2.06	7.0718 14.2043 2.81075	
2.07	7.07058 14.2004 2.80317	
2.08	7.07096 14.2025 2.79275	
2.09	7.07048 14.1983 2.7812	
2.1	7.07017 14.1965 2.77606	
2.11	7.07489 14.1911 2.76451	
2.12	7.07479 14.1891 2.74253	
2.13	7.07424 14.1828 2.70897	
2.14	7.07297 14.1726 2.68044	
2.15	7.07184 14.1664 2.64418	
2.16	7.07292 14.1632 2.60003	
2.17	7.07065 14.1534 2.5561	
2.18	7.07021 14.1434 2.52373	
2.19	7.06717 14.1292 2.50073	
2.2	7.0666 14.12 2.46956	
2.21	7.06222 14.1 2.42676	
2.22	7.06533 14.0853 2.38398	
2.23	7.06354 14.0641 2.37841	
2.24	7.07242 14.048 2.36152	
2.25	7.08285 14.0149 2.35998	
2.26	7.09403 13.9782 2.36293	
2.27	7.09694 13.9305 2.36347	
2.28	7.08928 13.8628 2.36724	
2.29	7.08383 13.7712 2.37252	
2.3	7.07888 13.6747 2.37172	
2.31	7.07336 13.5804 2.3668	
2.32	7.06981 13.5037 2.34865	
2.33	7.06323 13.4445 2.34972	
2.34	7.05863 13.3783 2.34074	
2.35	7.05858 13.3165 2.32477	
2.36	7.05633 13.2399 2.31495	
2.37	7.05113 13.1459 2.33337	
2.38	7.04605 13.0478 2.34159	
2.39	7.04385 12.9843 2.35489	
2.4	7.03862 12.9479 2.35885	
2.41	7.04251 12.955 2.40091	
2.42	7.04694 12.9743 2.46717	
2.43	7.05286 13.006 2.58675	
2.44	7.05359 13.0167 2.77756	
2.45	7.0485 12.9956 2.965	
2.46	7.04425 12.9825 3.14978	
2.47	7.03307 12.9535 3.26582	
2.48	7.02962 12.9052 3.33622	
2.49	7.02931 12.8451 3.3649	
2.5	7.03154 12.7579 3.38337	
2.51	7.03212 12.6605 3.40527	
2.52	7.01772 12.5438 3.43148	
2.53	7.01955 12.4499 3.4483	
2.54	7.01242 12.3739 3.46159	
2.55	7.01682 12.2923 3.48166	
2.56	7.01791 12.1896 3.50724	
2.57	7.02321 12.1034 3.52933	
2.58	7.03232 12.0147 3.55217	
2.59	7.04688 11.9421 3.56939	
2.6	7.07568 11.8783 3.58499	
2.61	7.10708 11.7949 3.61585	
2.62	7.14847 11.7172 3.64555	
2.63	7.19021 11.6329 3.68512	
2.64	7.23313 11.5603 3.72707	
2.65	7.2828 11.4803 3.77923	
2.66	7.33476 11.4133 3.83434	
2.67	7.38777 11.352 3.91772	
2.68	7.42215 11.3043 3.99873	
2.69	7.44288 11.2596 4.06851	
2.7	7.47157 11.2127 4.11952	
2.71	7.49842 11.1587 4.18393	
2.72	7.54041 11.099 4.24956	
2.73	7.59978 11.0271 4.3215	
2.74	7.65687 10.978 4.35819	
2.75	7.72164 10.9442 4.38024	
2.76	7.80193 10.9192 4.39575	
2.77	7.91062 10.8973 4.41151	
2.78	8.02002 10.8816 4.426	
2.79	8.14758 10.879 4.44038	
2.8	8.2791 10.8754 4.45531	
2.81	8.40416 10.8755 4.47526	
2.82	8.5371 10.8762 4.49395	
2.83	8.6693 10.8918 4.51934	
2.84	8.80139 10.9129 4.52697	
2.85	8.93857 10.9415 4.5384	
2.86	9.05686 10.9729 4.53469	
2.87	9.18264 11.006 4.53308	
2.88	9.30923 11.0408 4.5316	
2.89	9.44943 11.0881 4.52813	
2.9	9.58645 11.1349 4.51142	
2.91	9.71739 11.1852 4.49748	
2.92	9.85549 11.2311 4.48368	
2.93	9.99045 11.2714 4.47186	
2.94	10.1326 11.312 4.45719	
2.95	10.2744 11.3484 4.44401	
2.96	10.3952 11.3852 4.4314	
2.97	10.516 11.4133 4.42377	
2.98	10.6498 11.4321 4.4188	
2.99	10.7852 11.4472 4.41497	
3	10.9195 11.4719 4.40335	
3.01	11.0432 11.4882 4.38344	
3.02	11.1777 11.5103 4.36121	
3.03	11.3084 11.5321 4.33371	
3.04	11.4316 11.5406 4.30462	
3.05	11.5217 11.5495 4.26944	
3.06	11.6002 11.5484 4.22622	
3.07	11.6591 11.5419 4.18965	
3.08	11.69 11.5335 4.14304	
3.09	11.728 11.5204 4.08379	
3.1	11.7578 11.511 4.03593	
3.11	11.7806 11.495 3.98914	
3.12	11.7981 11.4826 3.93609	
3.13	11.815 11.4644 3.88435	
3.14	11.8253 11.4476 3.83761	
3.15	11.8547 11.4427 3.7692	
3.16	11.8879 11.4548 3.71066	
3.17	11.9343 11.4659 3.66128	
3.18	11.9833 11.4777 3.62664	
3.19	12.0239 11.4925 3.60097	
3.2	12.07 11.513 3.57314	
3.21	12.1301 11.5438 3.549	
3.22	12.1819 11.5673 3.5261	
3.23	12.2288 11.5898 3.516	
3.24	12.2683 11.6179 3.49215	
3.25	12.3118 11.6505 3.46319	
3.26	12.3562 11.6861 3.42572	
3.27	12.3954 11.706 3.39694	
3.28	12.4344 11.7268 3.36943	
3.29	12.4587 11.7421 3.33604	
3.3	12.4746 11.7417 3.31101	
3.31	12.4882 11.7462 3.28497	
3.32	12.4992 11.7563 3.24267	
3.33	12.5239 11.7768 3.20397	
3.34	12.5508 11.8115 3.15338	
3.35	12.5673 11.8406 3.091	
3.36	12.5887 11.8696 3.02755	
3.37	12.6095 11.9011 2.97032	
3.38	12.6281 11.918 2.9215	
3.39	12.6413 11.9227 2.895	
3.4	12.6494 11.9287 2.87113	
3.41	12.6551 11.9394 2.84611	
3.42	12.6697 11.9685 2.81818	
3.43	12.6906 11.9982 2.78933	
3.44	12.7216 12.0467 2.73964	
3.45	12.7708 12.1108 2.67041	
3.46	12.8178 12.1541 2.61298	
3.47	12.855 12.1829 2.56723	
3.48	12.8774 12.2151 2.507	
3.49	12.8943 12.2375 2.45533	
3.5	12.9131 12.2504 2.41036	
3.51	12.9283 12.273 2.35981	
3.52	12.9517 12.2865 2.34026	
3.53	12.9789 12.2825 2.30554	
3.54	13.0121 12.287 2.27808	
3.55	13.0402 12.2849 2.23558	
3.56	13.0691 12.2804 2.22138	
3.57	13.092 12.2693 2.1903	
3.58	13.1119 12.2441 2.17069	
3.59	13.1235 12.2273 2.13383	
3.6	13.1311 12.2162 2.11257	
3.61	13.159 12.2048 2.09264	
3.62	13.1767 12.1891 2.08286	
3.63	13.179 12.1802 2.0607	
3.64	13.203 12.1583 2.06369	
3.65	13.2187 12.1245 2.03294	
3.66	13.2287 12.0826 2.02039	
3.67	13.2558 12.022 1.97416	
3.68	13.2763 11.9628 1.9627	
3.69	13.3199 11.8878 1.93844	
3.7	13.3549 11.8243 1.94518	
3.71	13.3785 11.7781 1.91789	
3.72	13.3929 11.7455 1.92484	
3.73	13.4046 11.7244 1.90016	
3.74	13.4154 11.702 1.89253	
3.75	13.4247 11.682 1.87885	
3.76	13.4327 11.6642 1.88256	
3.77	13.4523 11.6323 1.87945	
3.78	13.4672 11.5915 1.86854	
3.79	13.4977 11.505 1.87706	
3.8	13.5201 11.4308 1.86066	
3.81	13.5606 11.3524 1.86872	
3.82	13.5931 11.2702 1.85591	
3.83	13.6194 11.2215 1.84789	
3.84	13.6466 11.1879 1.81976	
3.85	13.6517 11.1841 1.81615	
3.86	13.6573 11.1595 1.77943	
3.87	13.659 11.1532 1.79086	
3.88	13.7069 11.1513 1.77979	
3.89	13.713 11.1207 1.7669	
3.9	13.713 11.1218 1.79204	
3.91	13.7657 11.1123 1.7911	
3.92	13.7595 11.0409 1.8078	
3.93	13.7288 10.9974 1.82695	
3.94	13.7519 10.8371 1.84902	
3.95	13.7639 10.7627 1.87357	
3.96	13.7738 10.7063 1.8928	
3.97	13.7902 10.6648 1.90044	
3.98	13.8044 10.6067 1.89914	
3.99	13.8154 10.546 1.89509	
4	13.8371 10.4614 1.89903	
4.01	13.8416 10.3709 1.89808	
4.02	13.8512 10.3195 1.91115	
4.03	13.844 10.2891 1.92682	
4.04	13.8422 10.1738 1.9504	
4.05	13.8302 10.0965 1.97648	
4.06	13.8015 10.0229 1.99439	
4.07	13.7717 9.97696 2.03509	
4.08	13.745 9.9246 2.13054	
4.09	13.7378 9.94415 2.17071	
4.1	13.7221 9.85147 2.30285	
4.11	13.6709 9.77454 2.42848	
4.12	13.6178 9.70461 2.56275	
4.13	13.5964 9.6557 2.68435	
4.14	13.5971 9.61325 2.77073	
4.15	13.5962 9.55742 2.80907	
4.16	13.5931 9.49172 2.83673	
4.17	13.593 9.38479 2.88139	
4.18	13.5837 9.24942 2.94566	
4.19	13.5728 9.11882 3.00865	
4.2	13.5546 8.97832 3.08331	
4.21	13.5232 8.89906 3.15094	
4.22	13.4809 8.77229 3.2043	
4.23	13.4181 8.63004 3.27981	
4.24	13.3037 8.43982 3.37328	
4.25	13.1902 8.26445 3.46808	
4.26	13.0709 8.04835 3.57969	
4.27	12.9808 7.8216 3.71074	
4.28	12.8921 7.62961 3.80911	
4.29	12.7867 7.41657 3.86249	
4.3	12.6342 7.17342 3.88777	
4.31	12.4 6.90671 3.87392	
4.32	12.0949 6.62181 3.87122	
4.33	11.7035 6.34447 3.85046	
4.34	11.2417 6.09271 3.81864	
4.35	10.7917 5.91849 3.81742	
4.36	10.3912 5.83187 3.85039	
4.37	10.0245 5.81766 3.8664	
4.38	9.70118 5.82001 3.87414	
4.39	9.41664 5.87315 3.83422	
4.4	9.20762 5.93475 3.80736	
4.41	9.07898 6.02446 3.80638	
4.42	9.02621 6.17517 3.83801	
4.43	9.02945 6.34767 3.85224	
4.44	9.06299 6.52197 3.83005	
4.45	9.0947 6.68259 3.81633	
4.46	9.14403 6.85156 3.84758	
4.47	9.14832 7.04031 3.89689	
4.48	9.11907 7.2309 3.89531	
4.49	9.02655 7.36387 3.87825	
4.5	8.86362 7.41063 3.85783	
4.51	8.65489 7.42832 3.84488	
4.52	8.46017 7.4301 3.83094	
4.53	8.29656 7.43895 3.82343	
4.54	8.16063 7.44183 3.81147	
4.55	8.06575 7.4397 3.78883	
4.56	7.94118 7.43643 3.74307	
4.57	7.83345 7.42892 3.69708	
4.58	7.73236 7.42244 3.63383	
4.59	7.66435 7.41204 3.56455	
4.6	7.59363 7.40068 3.49538	
4.61	7.54152 7.38915 3.42553	
4.62	7.4827 7.37967 3.35517	
4.63	7.42899 7.36573 3.27798	
4.64	7.3846 7.35179 3.20027	
4.65	7.34019 7.33835 3.1225	
4.66	7.29742 7.32896 3.06026	
4.67	7.26942 7.31825 2.9998	
4.68	7.24305 7.31191 2.95159	
4.69	7.21771 7.30299 2.89043	
4.7	7.19887 7.3024 2.82562	
4.71	7.17442 7.3016 2.74802	
4.72	7.16648 7.30304 2.65835	
4.73	7.15711 7.30129 2.56515	
4.74	7.15832 7.29978 2.49259	
4.75	7.15593 7.28874 2.43158	
4.76	7.15489 7.27849 2.37009	
4.77	7.15563 7.26561 2.35672	
4.78	7.15425 7.25623 2.32256	
4.79	7.15981 7.23458 2.32249	
4.8	7.16589 7.2267 2.30655	
4.81	7.16402 7.2121 2.26888	
4.82	7.17143 7.19405 2.25731	
4.83	7.17568 7.17335 2.20401	
4.84	7.18581 7.13469 2.15414	
4.85	7.19979 7.09698 2.11942	
4.86	7.22009 7.0701 2.07299	
4.87	7.24112 7.02739 2.0677	
4.88	7.2606 6.97881 2.0603	
4.89	7.26346 6.92774 2.04319	
4.9	7.26629 6.8769 2.03618	
4.91	7.26788 6.81451 2.02218	
4.92	7.2585 6.73864 2.0318	
4.93	7.24 6.64425 2.02	
4.94	7.23029 6.5669 2.04112	
4.95	7.22342 6.51408 2.06241	
4.96	7.22695 6.48122 2.08051	
4.97	7.2239 6.45235 2.10952	
4.98	7.22005 6.42179 2.14209	
4.99	7.21591 6.37878 2.17049	
5	7.21545 6.30747 2.22027	
5.01	7.20677 6.23136 2.28364	
5.02	7.21348 6.14219 2.33927	
5.03	7.22205 6.05617 2.40939	
5.04	7.24955 6.00208 2.42917	
5.05	7.2888 5.95053 2.43641	
5.06	7.31586 5.87365 2.47637	
5.07	7.33895 5.80929 2.54513	
5.08	7.34859 5.7708 2.56599	
5.09	7.36682 5.70404 2.63518	
5.1	7.38066 5.63368 2.68717	
5.11	7.38663 5.53209 2.76604	
5.12	7.39126 5.42788 2.8607	
5.13	7.39144 5.34006 2.94276	
5.14	7.40426 5.26814 3.00992	
5.15	7.41892 5.19387 3.0774	
5.16	7.41517 5.11477 3.14458	
5.17	7.37281 5.09052 3.21711	
5.18	7.32099 5.09765 3.25915	
5.19	7.2685 5.10608 3.31329	
5.2	7.21437 5.10418 3.34302	
5.21	7.18303 5.07482 3.39115	
5.22	7.16807 5.03144 3.4363	
5.23	7.16165 4.97215 3.49166	
5.24	7.17096 4.90028 3.56121	
5.25	7.19896 4.81789 3.64002	
5.26	7.2173 4.73924 3.718	
5.27	7.24619 4.65939 3.77999	
5.28	7.26796 4.58766 3.83226	
5.29	7.29725 4.50978 3.89273	
5.3	7.34602 4.43875 3.95199	
5.31	7.40591 4.35414 4.01706	
5.32	7.47167 4.24969 4.08812	
5.33	7.53155 4.164 4.14521	
5.34	7.60232 4.07459 4.19544	
5.35	7.67252 3.98551 4.23625	
5.36	7.74403 3.90983 4.24888	
5.37	7.82744 3.84219 4.23306	
5.38	7.91368 3.78001 4.17235	
5.39	8.01802 3.71359 4.08942	
5.4	8.13203 3.6384 3.98086	
5.41	8.27842 3.60229 3.87526	
5.42	8.42729 3.59998 3.87202	
5.43	8.62398 3.59316 3.87399	
5.44	8.81338 3.58844 3.8736	
5.45	9.00248 3.58341 3.87098	
5.46	9.18069 3.57907 3.86814	
5.47	9.33982 3.57679 3.86558	
5.48	9.5073 3.57473 3.86341	
5.49	9.67479 3.57387 3.86125	
5.5	9.81359 3.57422 3.85886	
5.51	9.9595 3.57444 3.85767	
5.52	10.0971 3.57637 3.85641	
5.53	10.2357 3.57886 3.85368	
5.54	10.3733 3.58296 3.85323	
5.55	10.5216 3.58931 3.85324	
5.56	10.6792 3.6005 3.84949	
5.57	10.8571 3.62998 3.82772	
5.58	11.0448 3.67273 3.79409	
5.59	11.2025 3.70447 3.7697	
5.6	11.3321 3.74399 3.76501	
5.61	11.4211 3.81121 3.77835	
5.62	11.4772 3.89665 3.81318	
5.63	11.5073 3.93766 3.83182	
5.64	11.5178 3.96946 3.85274	
5.65	11.5143 4.03823 3.8997	
5.66	11.509 4.14065 3.96968	
5.67	11.5005 4.27842 4.04795	
5.68	11.5042 4.38235 4.10506	
5.69	11.4988 4.46825 4.1808	
5.7	11.4901 4.57734 4.26037	
5.71	11.472 4.70169 4.33857	
5.72	11.4556 4.80976 4.39482	
5.73	11.4388 4.92118 4.43468	
5.74	11.4122 5.02678 4.4619	
5.75	11.3869 5.10545 4.48023	
5.76	11.3824 5.18264 4.50038	
5.77	11.3573 5.26378 4.53732	
5.78	11.3333 5.33318 4.55466	
5.79	11.3085 5.41301 4.55016	
5.8	11.2923 5.49825 4.56749	
5.81	11.2767 5.57722 4.59726	
5.82	11.2727 5.63814 4.64858	
5.83	11.2662 5.71552 4.74377	
5.84	11.2774 5.80593 4.81366	
5.85	11.2734 5.98627 4.90262	
5.86	11.2437 6.25251 4.95594	
5.87	11.2171 6.60092 4.9768	
5.88	11.1943 7.03402 4.97833	
5.89	11.1664 7.47865 4.94364	
5.9	11.1222 8.0581 4.8682	
5.91	11.0817 8.58014 4.78728	
5.92	11.0321 9.21119 4.68154	
5.93	10.9549 9.6106 4.66122	
5.94	10.8079 10.1318 4.70267	
5.95	10.6032 11.1232 4.67162	
5.96	10.526 11.7038 4.58547	
5.97	10.5037 12.1148 4.46469	
5.98	10.4915 12.4921 4.38829	
5.99	10.4718 12.9726 4.33442	
6	10.4399 13.585 4.27442	
6.01	10.4152 14.1879 4.20946	
6.02	10.3945 14.7975 4.15498	
6.03	10.3589 15.3859 4.13111	
6.04	10.301 16.0244 4.11886	
6.05	10.2831 16.1416 4.07159	
6.06	10.2152 16.5983 4.07892	
6.07	10.1221 17.1307 4.10235	
6.08	10.0578 17.6123 4.02916	
6.09	10.0547 17.9769 3.83727	
6.1	10.053 18.2742 3.5899	
6.11	10.0508 18.5982 3.31649	
6.12	10.0058 18.901 3.16578	
6.13	9.91487 19.1783 3.0601	
6.14	9.86326 19.4659 2.93184	
6.15	9.77647 19.7994 2.86957	
6.16	9.77854 19.7984 2.86735	
6.17	9.75068 19.8014 2.86134	
6.18	9.69472 19.8011 2.84903	
6.19	9.67203 19.8043 2.85012	
6.2	9.68812 19.8044 2.84798	
6.21	9.68296 19.8094 2.8577	
6.22	9.66091 19.7894 2.86993	
6.23	9.70435 19.7362 2.88161	
6.24	9.75628 19.7194 2.88803	
6.25	9.76784 19.8099 2.89216	
6.26	9.7653 19.8127 2.89839	
6.27	9.76131 19.8177 2.90941	
6.28	9.75629 19.8257 2.9271	
6.29	9.75296 19.8335 2.94423	
6.3	9.7513 19.84 2.95866	
6.31	9.75079 19.8439 2.96735	
6.32	9.75066 19.8463 2.97257	
6.33	9.75064 19.8475 2.97518	
6.34	9.75065 19.8484 2.97722	
6.35	9.75172 19.8499 2.97994	
6.36	9.7528 19.8489 2.97705	
6.37	9.75086 19.8512 2.98342	
6.38	9.75196 19.8522 2.98499	
6.39	9.75304 19.8529 2.98597	
6.4	9.74998 19.8523 2.98621	
6.41	9.75103 19.8533 2.98795	
6.42	9.75104 19.8534 2.98824	
6.43	9.75106 19.8547 2.99121	
6.44	9.75104 19.854 2.98958	
6.45	9.75104 19.8546 2.99092	
6.46	9.74896 19.8563 2.99605	
6.47	9.74687 19.8581 3.00148	
6.48	9.74687 19.8587 3.00283	
6.49	9.74686 19.8592 3.00417	
6.5	9.74686 19.8592 3.00417	
6.51	9.74686 19.8598 3.00552	
6.52	9.74686 19.8598 3.00552	
6.53	9.74686 19.8598 3.00552	
6.54	9.74685 19.8604 3.00687	
6.55	9.74685 19.8604 3.00687	
6.56	9.75106 19.8535 2.98853	
6.57	9.75106 19.8535 2.98853	
6.58	9.75106 19.8535 2.98853	
6.59	9.75212 19.854 2.98893	
6.6	9.7521 19.8532 2.98731	
6.61	9.75106 19.8535 2.98853	
6.62	9.7521 19.8538 2.98864	
6.63	9.7521 19.8538 2.98864	
6.64	9.75106 19.8535 2.98853	
6.65	9.75108 19.8531 2.98748	
6.66	9.75106 19.8535 2.98853	
6.67	9.7521 19.8532 2.98731	
6.68	9.7521 19.8532 2.98731	
6.69	9.75106 19.853 2.98719	
6.7	9.75106 19.8535 2.98853	
6.71	9.75106 19.8535 2.98853	
6.72	9.75106 19.8535 2.98853	
6.73	9.75106 19.8535 2.98853	
6.74	9.7521 19.8538 2.98864	
6.75	9.7521 19.8532 2.98731	
6.76	9.75212 19.8534 2.98759	
6.77	9.7521 19.8532 2.98731	
6.78	9.7521 19.8532 2.98731	
6.79	9.75108 19.8537 2.98882	
6.8	9.75106 19.853 2.98719	
6.81	9.7521 19.8532 2.98731	
6.82	9.75106 19.8535 2.98853	
6.83	9.75106 19.853 2.98719	
6.84	9.7521 19.8532 2.98731	
6.85	9.7521 19.8538 2.98864	
6.86	9.7521 19.8532 2.98731	
6.87	9.7521 19.8538 2.98864	
6.88	9.7521 19.8532 2.98731	
6.89	9.75108 19.8531 2.98748	
6.9	9.7521 19.8532 2.98731	
6.91	9.7521 19.8538 2.98864	
6.92	9.7521 19.8538 2.98864	
6.93	9.75212 19.8534 2.98759	
6.94	9.75108 19.8537 2.98882	
6.95	9.7521 19.8532 2.98731	
6.96	9.75108 19.8531 2.98748	
6.97	9.7521 19.8538 2.98864	
6.98	9.7521 19.8532 2.98731	
6.99	9.75108 19.8531 2.98748	
7	9.75212 19.8534 2.98759	
7.01	9.7521 19.8532 2.98731	
7.02	9.7521 19.8532 2.98731	
7.03	9.7521 19.8538 2.98864	
7.04	9.75106 19.8535 2.98853	
7.05	9.7521 19.8532 2.98731	
7.06	9.7521 19.8532 2.98731	
7.07	9.75106 19.8535 2.98853	
7.08	9.7521 19.8538 2.98864	
7.09	9.7521 19.8532 2.98731	
7.1	9.7521 19.8538 2.98864	
7.11	9.7521 19.8538 2.98864	
7.12	9.7521 19.8532 2.98731	
7.13	9.75106 19.8535 2.98853	
7.14	9.7521 19.8538 2.98864	
7.15	9.75212 19.8534 2.98759	
7.16	9.75106 19.8535 2.98853	
7.17	9.75106 19.8535 2.98853	
7.18	9.7521 19.8532 2.98731	
7.19	9.75106 19.8535 2.98853	
7.2	9.7521 19.8532 2.98731	
7.21	9.75108 19.8531 2.98748	
7.22	9.7521 19.8532 2.98731	
7.23	9.75106 19.853 2.98719	
7.24	9.75106 19.8535 2.98853	
7.25	9.75108 19.8537 2.98882	
7.26	9.75212 19.8534 2.98759	
7.27	9.75106 19.853 2.98719	
7.28	9.75106 19.853 2.98719	
7.29	9.75212 19.8534 2.98759	
7.3	9.75108 19.8531 2.98748	
7.31	9.75106 19.853 2.98719	
7.32	9.75212 19.8534 2.98759	
7.33	9.75212 19.854 2.98893	
7.34	9.7521 19.8532 2.98731	
7.35	9.75212 19.8534 2.98759	
7.36	9.75212 19.854 2.98893	
7.37	9.75212 19.8534 2.98759	
7.38	9.7521 19.8538 2.98864	
7.39	9.7521 19.8532 2.98731	
7.4	9.7521 19.8532 2.98731	
7.41	9.75212 19.8534 2.98759	
7.42	9.75212 19.854 2.98893	
7.43	9.7521 19.8532 2.98731	
7.44	9.75212 19.8534 2.98759	
7.45	9.75108 19.8531 2.98748	
7.46	9.75106 19.853 2.98719	
7.47	9.7521 19.8532 2.98731	
7.48	9.75106 19.853 2.98719	
7.49	9.75106 19.853 2.98719	
7.5	9.75108 19.8537 2.98882	
7.51	9.7521 19.8532 2.98731	
7.52	9.7521 19.8532 2.98731	
7.53	9.75108 19.8531 2.98748	
7.54	9.75212 19.8534 2.98759	
7.55	9.75212 19.8534 2.98759	
7.56	9.7521 19.8532 2.98731	
7.57	9.75108 19.8531 2.98748	
7.58	9.75212 19.8534 2.98759	
7.59	9.7521 19.8532 2.98731	
7.6	9.7521 19.8532 2.98731	
7.61	9.75108 19.8531 2.98748	
7.62	9.75108 19.8537 2.98882	
7.63	9.7521 19.8532 2.98731	
7.64	9.75108 19.8531 2.98748	
7.65	9.7521 19.8532 2.98731	
7.66	9.75212 19.8534 2.98759	
7.67	9.7521 19.8532 2.98731	
7.68	9.75108 19.8531 2.98748	
7.69	9.75108 19.8531 2.98748	
7.7	9.7521 19.8532 2.98731	
7.71	9.7521 19.8532 2.98731	
7.72	9.75108 19.8537 2.98882	
7.73	9.75108 19.8531 2.98748	
7.74	9.75212 19.8534 2.98759	
7.75	9.7521 19.8532 2.98731	
7.76	9.75212 19.8534 2.98759	
7.77	9.75212 19.8534 2.98759	
7.78	9.75212 19.8534 2.98759	
7.79	9.7521 19.8532 2.98731	
7.8	9.75108 19.8531 2.98748	
7.81	9.75108 19.8531 2.98748	
7.82	9.75212 19.8534 2.98759	
7.83	9.75212 19.8534 2.98759	
7.84	9.7521 19.8532 2.98731	
7.85	9.75108 19.8531 2.98748	
7.86	9.75212 19.8534 2.98759	
7.87	9.7521 19.8532 2.98731	
7.88	9.7521 19.8532 2.98731	
7.89	9.75106 19.8535 2.98853	
7.9	9.75212 19.8534 2.98759	
7.91	9.75108 19.8531 2.98748	
7.92	9.75108 19.8531 2.98748	
7.93	9.75212 19.8534 2.98759	
7.94	9.7521 19.8532 2.98731	
7.95	9.75212 19.8534 2.98759	
7.96	9.7521 19.8532 2.98731	
7.97	9.75106 19.853 2.98719	
