# Gnuplot File : positions of 1 particle(s) Monitored
# 1st Column : time, others : particle(s) number 0 
0.01	9.75267 19.8352 2.94884	
0.02	9.75267 19.8345 2.94725	
0.03	9.75267 19.8352 2.94837	
0.04	9.75267 19.8352 2.94823	
0.05	9.75271 19.8344 2.94652	
0.06	9.75267 19.8345 2.94673	
0.07	9.75267 19.8345 2.94668	
0.08	9.75271 19.8344 2.94635	
0.09	9.75167 19.8342 2.94649	
0.1	9.75267 19.8345 2.94659	
0.11	9.75267 19.8345 2.94657	
0.12	9.75267 19.8345 2.94656	
0.13	9.75271 19.8344 2.94626	
0.14	9.75271 19.8344 2.94626	
0.15	9.75267 19.8345 2.94654	
0.16	9.75271 19.8344 2.94625	
0.17	9.75271 19.8344 2.94625	
0.18	9.75267 19.8345 2.94654	
0.19	9.75267 19.8345 2.94654	
0.2	9.75267 19.8345 2.94654	
0.21	9.75271 19.8344 2.94625	
0.22	9.75271 19.8344 2.94625	
0.23	9.75271 19.8344 2.94625	
0.24	9.75267 19.8352 2.94785	
0.25	9.75271 19.835 2.94757	
0.26	9.75267 19.8345 2.94654	
0.27	9.75171 19.8341 2.94614	
0.28	9.75267 19.8345 2.94654	
0.29	9.75267 19.8345 2.94654	
0.3	9.75167 19.8342 2.94642	
0.31	9.75271 19.8344 2.94625	
0.32	9.75267 19.8352 2.94785	
0.33	9.75267 19.8345 2.94654	
0.34	9.75267 19.8345 2.94654	
0.35	9.75271 19.8344 2.94625	
0.36	9.75267 19.8345 2.94654	
0.37	9.75267 19.8345 2.94654	
0.38	9.75267 19.8345 2.94654	
0.39	9.75267 19.8345 2.94654	
0.4	9.75267 19.8345 2.94654	
0.41	9.75167 19.8349 2.94774	
0.42	9.75271 19.8344 2.94625	
0.43	9.75267 19.8345 2.94654	
0.44	9.75271 19.8344 2.94625	
0.45	9.75267 19.8352 2.94785	
0.46	9.75167 19.8342 2.94642	
0.47	9.75267 19.8352 2.94785	
0.48	9.75271 19.8344 2.94625	
0.49	9.75267 19.8345 2.94654	
0.5	9.75267 19.8345 2.94654	
0.51	9.75271 19.8344 2.94625	
0.52	9.75271 19.8344 2.94625	
0.53	9.75267 19.8345 2.94654	
0.54	9.75271 19.8344 2.94625	
0.55	9.75271 19.8344 2.94625	
0.56	9.75271 19.8344 2.94625	
0.57	9.75271 19.8344 2.94625	
0.58	9.75271 19.8344 2.94625	
0.59	9.75267 19.8345 2.94654	
0.6	9.75271 19.8344 2.94625	
0.61	9.75271 19.8344 2.94625	
0.62	9.75167 19.8342 2.94642	
0.63	9.75271 19.835 2.94757	
0.64	9.75267 19.8345 2.94654	
0.65	9.75267 19.8345 2.94654	
0.66	9.75171 19.8341 2.94614	
0.67	9.75114 19.8361 2.95046	
0.68	9.75006 19.8534 2.98871	
0.69	9.75232 19.8624 3.00862	
0.7	9.75221 19.8646 3.01395	
0.71	9.75249 19.8658 3.01674	
0.72	9.7526 19.866 3.01731	
0.73	9.75391 19.8581 2.99745	
0.74	9.75087 19.8518 2.98477	
0.75	9.75377 19.8468 2.97193	
0.76	9.75088 19.8432 2.96562	
0.77	9.74907 19.4132 3.32265	
0.78	9.73552 19.0622 3.60119	
0.79	9.69881 18.8487 3.72501	
0.8	9.67522 18.4859 3.73367	
0.81	9.65733 18.0526 4.11523	
0.82	9.69413 17.8276 4.56626	
0.83	9.79402 17.6236 4.7467	
0.84	10.1798 17.4001 4.83427	
0.85	10.4807 17.3115 4.98596	
0.86	10.7927 17.2428 5.13298	
0.87	11.0499 17.1995 5.26489	
0.88	11.2585 17.1808 5.36048	
0.89	11.4677 17.1638 5.44327	
0.9	11.661 17.1633 5.49875	
0.91	11.8622 17.1709 5.53139	
0.92	12.0555 17.1648 5.53978	
0.93	12.1981 17.1382 5.53815	
0.94	12.3071 17.0991 5.53756	
0.95	12.3956 17.0327 5.53594	
0.96	12.4595 16.9663 5.5285	
0.97	12.4956 16.9186 5.51867	
0.98	12.5065 16.9004 5.50489	
0.99	12.5107 16.8911 5.4893	
1	12.5127 16.8895 5.4863	
1.01	12.512 16.8986 5.48428	
1.02	12.5096 16.9189 5.48297	
1.03	12.5055 16.9299 5.48453	
1.04	12.4949 16.9703 5.48395	
1.05	12.4883 17.0069 5.47585	
1.06	12.477 17.0496 5.45245	
1.07	12.4619 17.1124 5.39323	
1.08	12.446 17.1666 5.29098	
1.09	12.4337 17.2123 5.19737	
1.1	12.428 17.2373 5.0793	
1.11	12.412 17.2633 4.94527	
1.12	12.3908 17.2782 4.81016	
1.13	12.3741 17.275 4.68609	
1.14	12.3611 17.2423 4.57343	
1.15	12.363 17.2003 4.46521	
1.16	12.3741 17.1552 4.3661	
1.17	12.3838 17.1156 4.27792	
1.18	12.3889 17.0785 4.19609	
1.19	12.401 17.0311 4.12167	
1.2	12.4063 16.9757 4.05622	
1.21	12.411 16.8955 4.00765	
1.22	12.4146 16.801 3.97585	
1.23	12.419 16.7024 3.95941	
1.24	12.4238 16.6009 3.94928	
1.25	12.4315 16.5176 3.94322	
1.26	12.4433 16.4407 3.93693	
1.27	12.4561 16.3777 3.93725	
1.28	12.4672 16.3033 3.93813	
1.29	12.481 16.2422 3.95492	
1.3	12.4865 16.1957 3.98415	
1.31	12.4975 16.1471 4.03081	
1.32	12.5052 16.1111 4.08202	
1.33	12.516 16.0687 4.15325	
1.34	12.5224 16.0247 4.23419	
1.35	12.5322 15.9863 4.30138	
1.36	12.5447 15.9366 4.37757	
1.37	12.5584 15.8818 4.45382	
1.38	12.5725 15.8195 4.51449	
1.39	12.5823 15.7556 4.55206	
1.4	12.5811 15.6764 4.5764	
1.41	12.5775 15.6053 4.58416	
1.42	12.5863 15.5174 4.5876	
1.43	12.597 15.4409 4.59016	
1.44	12.6109 15.3772 4.59464	
1.45	12.6238 15.318 4.59676	
1.46	12.6291 15.2691 4.60056	
1.47	12.6303 15.2227 4.59966	
1.48	12.6217 15.1682 4.59894	
1.49	12.6209 15.1231 4.60186	
1.5	12.6163 15.0721 4.60634	
1.51	12.6141 15.0102 4.61114	
1.52	12.6055 14.9466 4.61596	
1.53	12.5963 14.8916 4.62632	
1.54	12.5711 14.825 4.63332	
1.55	12.5517 14.7598 4.64029	
1.56	12.531 14.6998 4.64625	
1.57	12.5042 14.6052 4.65654	
1.58	12.4747 14.5204 4.67578	
1.59	12.4538 14.4425 4.70496	
1.6	12.4389 14.3596 4.74501	
1.61	12.4399 14.2833 4.79184	
1.62	12.4466 14.1859 4.8638	
1.63	12.4581 14.091 4.95102	
1.64	12.469 13.9863 5.03016	
1.65	12.4737 13.8695 5.10161	
1.66	12.4669 13.7607 5.1595	
1.67	12.445 13.6401 5.20002	
1.68	12.4236 13.52 5.23319	
1.69	12.4016 13.3985 5.26512	
1.7	12.3975 13.286 5.2958	
1.71	12.3904 13.1793 5.31759	
1.72	12.3721 13.0755 5.33616	
1.73	12.3412 12.9667 5.34989	
1.74	12.3026 12.839 5.3529	
1.75	12.2534 12.7141 5.34218	
1.76	12.2031 12.5908 5.32337	
1.77	12.1461 12.4649 5.28922	
1.78	12.0587 12.312 5.23504	
1.79	11.9659 12.1724 5.18253	
1.8	11.8523 12.0361 5.12634	
1.81	11.7489 11.9128 5.07747	
1.82	11.6094 11.7912 5.02643	
1.83	11.5031 11.7047 4.99981	
1.84	11.4039 11.6318 4.97597	
1.85	11.3416 11.5875 4.97705	
1.86	11.2827 11.5696 4.98313	
1.87	11.2309 11.5577 4.9864	
1.88	11.1659 11.5496 4.98671	
1.89	11.0787 11.5414 4.98729	
1.9	10.9634 11.5312 4.98931	
1.91	10.8353 11.5199 4.988	
1.92	10.7127 11.5152 4.98567	
1.93	10.5575 11.5043 4.98484	
1.94	10.4136 11.4948 4.98448	
1.95	10.268 11.4912 4.98273	
1.96	10.1565 11.5011 4.97887	
1.97	10.0524 11.5222 4.97029	
1.98	9.94225 11.5498 4.96215	
1.99	9.85155 11.5783 4.95493	
2	9.76746 11.5965 4.94977	
2.01	9.69235 11.6426 4.93824	
2.02	9.62526 11.6887 4.9239	
2.03	9.57103 11.7429 4.91511	
2.04	9.53224 11.8003 4.89723	
2.05	9.50471 11.8687 4.89201	
2.06	9.50373 11.9481 4.90269	
2.07	9.49224 12.0153 4.90363	
2.08	9.48094 12.0833 4.92005	
2.09	9.46006 12.1524 4.94918	
2.1	9.45083 12.2171 4.97215	
2.11	9.44034 12.2994 5.00237	
2.12	9.42745 12.3736 5.01915	
2.13	9.41776 12.4464 5.0421	
2.14	9.40722 12.5288 5.0731	
2.15	9.38536 12.6179 5.09273	
2.16	9.35092 12.7042 5.10663	
2.17	9.28789 12.7845 5.11775	
2.18	9.22286 12.8589 5.1306	
2.19	9.14128 12.9269 5.1281	
2.2	9.0354 13.0051 5.12007	
2.21	8.93526 13.0898 5.11478	
2.22	8.81303 13.1873 5.09643	
2.23	8.70507 13.2886 5.07378	
2.24	8.59812 13.4043 5.04557	
2.25	8.47568 13.5121 5.02031	
2.26	8.2926 13.6249 4.96735	
2.27	8.12344 13.6993 4.93146	
2.28	7.95128 13.7447 4.91527	
2.29	7.78449 13.7848 4.88709	
2.3	7.64337 13.8296 4.85816	
2.31	7.49972 13.8898 4.83204	
2.32	7.37373 13.9449 4.79846	
2.33	7.23884 13.9888 4.72831	
2.34	7.10457 14.0384 4.64354	
2.35	6.9599 14.0587 4.56292	
2.36	6.85356 14.0664 4.50456	
2.37	6.74318 14.0772 4.45898	
2.38	6.63555 14.0811 4.38844	
2.39	6.57804 14.0764 4.3341	
2.4	6.54894 14.0751 4.28971	
2.41	6.53879 14.0693 4.25296	
2.42	6.533 14.0573 4.20493	
2.43	6.52924 14.0289 4.14808	
2.44	6.52098 13.9952 4.072	
2.45	6.50964 13.9473 3.96106	
2.46	6.49811 13.8979 3.84363	
2.47	6.50202 13.8458 3.729	
2.48	6.52899 13.7849 3.65754	
2.49	6.55151 13.7246 3.60965	
2.5	6.5745 13.6385 3.57057	
2.51	6.59114 13.5696 3.56703	
2.52	6.60169 13.5035 3.56894	
2.53	6.62546 13.4386 3.56505	
2.54	6.64875 13.3828 3.57311	
2.55	6.6747 13.3323 3.579	
2.56	6.69846 13.2771 3.58843	
2.57	6.70807 13.2314 3.59592	
2.58	6.71569 13.1755 3.60618	
2.59	6.71338 13.1053 3.62149	
2.6	6.7192 13.0399 3.63629	
2.61	6.7136 12.9808 3.64819	
2.62	6.71271 12.9162 3.66375	
2.63	6.71296 12.8571 3.67884	
2.64	6.71136 12.7866 3.69449	
2.65	6.70691 12.7006 3.71435	
2.66	6.69784 12.6276 3.73695	
2.67	6.68915 12.5432 3.75633	
2.68	6.68318 12.4798 3.77269	
2.69	6.69506 12.413 3.79069	
2.7	6.71314 12.3449 3.809	
2.71	6.74221 12.2723 3.82519	
2.72	6.76134 12.1985 3.84228	
2.73	6.78773 12.1294 3.85999	
2.74	6.81925 12.0586 3.87822	
2.75	6.86152 11.9904 3.90113	
2.76	6.90229 11.9116 3.94052	
2.77	6.93244 11.8428 3.98423	
2.78	6.96814 11.767 4.04218	
2.79	7.00413 11.6975 4.10334	
2.8	7.04086 11.6389 4.16397	
2.81	7.07606 11.5942 4.20912	
2.82	7.10103 11.5384 4.25597	
2.83	7.12119 11.4931 4.29672	
2.84	7.14282 11.4479 4.33607	
2.85	7.15773 11.4087 4.3748	
2.86	7.17349 11.3749 4.4123	
2.87	7.18368 11.3469 4.44689	
2.88	7.18616 11.3108 4.48706	
2.89	7.18562 11.261 4.52419	
2.9	7.17801 11.208 4.57881	
2.91	7.18306 11.1501 4.64095	
2.92	7.18262 11.0994 4.71708	
2.93	7.17598 11.0607 4.77893	
2.94	7.17284 11.0385 4.83599	
2.95	7.17179 11.0313 4.88677	
2.96	7.16488 11.0296 4.93357	
2.97	7.16475 11.0289 4.99814	
2.98	7.15548 11.0194 5.06779	
2.99	7.15157 10.9913 5.13571	
3	7.14245 10.9342 5.2189	
3.01	7.13122 10.8621 5.29516	
3.02	7.12267 10.7601 5.36096	
3.03	7.11279 10.6477 5.41748	
3.04	7.11095 10.5429 5.46754	
3.05	7.13521 10.4249 5.52523	
3.06	7.16704 10.351 5.56077	
3.07	7.22098 10.2839 5.59285	
3.08	7.28376 10.2284 5.61342	
3.09	7.35753 10.1828 5.62816	
3.1	7.44615 10.1423 5.64459	
3.11	7.52945 10.0916 5.65805	
3.12	7.61872 10.0381 5.6816	
3.13	7.69314 9.97194 5.69815	
3.14	7.75827 9.90298 5.7094	
3.15	7.83364 9.82057 5.70124	
3.16	7.89975 9.73496 5.68639	
3.17	7.963 9.66364 5.67037	
3.18	8.03301 9.61322 5.63968	
3.19	8.12085 9.57234 5.60264	
3.2	8.21675 9.54068 5.55996	
3.21	8.33482 9.51644 5.52369	
3.22	8.47489 9.49774 5.50234	
3.23	8.62427 9.49451 5.49978	
3.24	8.76089 9.5015 5.48664	
3.25	8.90224 9.51994 5.47505	
3.26	9.03981 9.53189 5.46667	
3.27	9.16903 9.56606 5.45372	
3.28	9.32627 9.61851 5.42941	
3.29	9.46396 9.64319 5.4139	
3.3	9.59999 9.67933 5.3975	
3.31	9.72286 9.70683 5.3836	
3.32	9.83698 9.74022 5.36979	
3.33	9.93525 9.77877 5.35443	
3.34	10.0328 9.82794 5.33531	
3.35	10.1297 9.88222 5.3131	
3.36	10.211 9.93123 5.29334	
3.37	10.2831 9.98976 5.26949	
3.38	10.3495 10.0435 5.24585	
3.39	10.4055 10.1064 5.21958	
3.4	10.4689 10.1754 5.19125	
3.41	10.5171 10.2387 5.16563	
3.42	10.5722 10.2969 5.14042	
3.43	10.6417 10.3564 5.11523	
3.44	10.7104 10.4212 5.08752	
3.45	10.7867 10.4876 5.06098	
3.46	10.8683 10.5649 5.03067	
3.47	10.9558 10.6431 5.00081	
3.48	11.0568 10.726 4.96322	
3.49	11.1498 10.814 4.92399	
3.5	11.2738 10.9133 4.86227	
3.51	11.4075 10.9987 4.81585	
3.52	11.5199 11.0767 4.76998	
3.53	11.6181 11.1565 4.70281	
3.54	11.7081 11.2329 4.61604	
3.55	11.7881 11.302 4.53803	
3.56	11.8615 11.3492 4.46749	
3.57	11.9224 11.3905 4.39956	
3.58	11.983 11.4232 4.33956	
3.59	12.0251 11.4395 4.28869	
3.6	12.0537 11.4595 4.2218	
3.61	12.0755 11.4627 4.161	
3.62	12.0795 11.4564 4.09634	
3.63	12.0819 11.4511 4.02004	
3.64	12.0865 11.4632 3.91213	
3.65	12.0846 11.4755 3.77343	
3.66	12.1008 11.4638 3.65398	
3.67	12.117 11.4528 3.56677	
3.68	12.1398 11.4319 3.49856	
3.69	12.1437 11.4079 3.44447	
3.7	12.1477 11.3836 3.38816	
3.71	12.1574 11.3637 3.32482	
3.72	12.167 11.3443 3.26167	
3.73	12.1906 11.3286 3.18402	
3.74	12.2121 11.3173 3.1398	
3.75	12.2345 11.309 3.12009	
3.76	12.2572 11.2993 3.09548	
3.77	12.2838 11.2968 3.07467	
3.78	12.3137 11.2918 3.06003	
3.79	12.3417 11.2902 3.03938	
3.8	12.3637 11.2853 3.03005	
3.81	12.3916 11.2842 3.01044	
3.82	12.4193 11.2843 2.99498	
3.83	12.4548 11.2861 2.97939	
3.84	12.492 11.2784 2.97008	
3.85	12.521 11.2718 2.95031	
3.86	12.5432 11.2667 2.91945	
3.87	12.5813 11.2554 2.89582	
3.88	12.6105 11.2485 2.87467	
3.89	12.6424 11.2348 2.8458	
3.9	12.6752 11.2103 2.81977	
3.91	12.7083 11.1832 2.80489	
3.92	12.7382 11.1396 2.7941	
3.93	12.7602 11.0957 2.78879	
3.94	12.7835 11.0522 2.78095	
3.95	12.8003 11.0085 2.77713	
3.96	12.8091 10.9559 2.76975	
3.97	12.8207 10.9046 2.7623	
3.98	12.8381 10.8501 2.76175	
3.99	12.8472 10.7963 2.76917	
4	12.8576 10.7504 2.7804	
4.01	12.8735 10.7045 2.78829	
4.02	12.8832 10.6549 2.80801	
4.03	12.8894 10.6157 2.82648	
4.04	12.8956 10.5841 2.83015	
4.05	12.9018 10.5605 2.83917	
4.06	12.9123 10.5346 2.84133	
4.07	12.916 10.5156 2.85137	
4.08	12.926 10.5004 2.8497	
4.09	12.9312 10.4738 2.85336	
4.1	12.9371 10.444 2.86521	
4.11	12.9431 10.4137 2.87578	
4.12	12.9486 10.3782 2.88947	
4.13	12.9544 10.3487 2.90183	
4.14	12.9538 10.3164 2.90873	
4.15	12.9529 10.285 2.91962	
4.16	12.961 10.2439 2.93017	
4.17	12.9626 10.1997 2.93396	
4.18	12.9691 10.159 2.92719	
4.19	12.9701 10.1102 2.91557	
4.2	12.971 10.0691 2.90887	
4.21	12.9708 10.0254 2.8955	
4.22	12.9785 9.98578 2.88926	
4.23	12.985 9.94494 2.88162	
4.24	12.9907 9.91549 2.87182	
4.25	12.9955 9.88364 2.85559	
4.26	13.0009 9.85559 2.85115	
4.27	13.0079 9.81944 2.8595	
4.28	13.0143 9.77894 2.87517	
4.29	13.0199 9.75034 2.88991	
4.3	13.0266 9.71631 2.90547	
4.31	13.0262 9.68093 2.92084	
4.32	13.0318 9.65172 2.9342	
4.33	13.0305 9.62088 2.94657	
4.34	13.0347 9.59126 2.96051	
4.35	13.0366 9.55106 2.97661	
4.36	13.0352 9.51268 3.00246	
4.37	13.0282 9.47244 3.023	
4.38	13.0195 9.4335 3.05046	
4.39	13.0186 9.39959 3.06932	
4.4	13.0121 9.35582 3.09747	
4.41	13.0103 9.31845 3.12791	
4.42	13.0167 9.28484 3.16493	
4.43	13.0236 9.2483 3.19046	
4.44	13.0299 9.21533 3.20854	
4.45	13.0357 9.17686 3.22892	
4.46	13.0429 9.13907 3.24925	
4.47	13.051 9.09642 3.27177	
4.48	13.0578 9.05269 3.29328	
4.49	13.0691 9.001 3.32013	
4.5	13.0714 8.94887 3.35268	
4.51	13.0663 8.89559 3.38547	
4.52	13.0606 8.83678 3.41826	
4.53	13.0545 8.78788 3.44542	
4.54	13.0499 8.73082 3.48275	
4.55	13.0431 8.67658 3.51248	
4.56	13.045 8.62444 3.54253	
4.57	13.0438 8.58146 3.56847	
4.58	13.0429 8.5445 3.59344	
4.59	13.0429 8.50226 3.61948	
4.6	13.0512 8.45713 3.64935	
4.61	13.06 8.40157 3.68323	
4.62	13.0557 8.3399 3.72062	
4.63	13.0529 8.26947 3.76447	
4.64	13.051 8.1851 3.81759	
4.65	13.043 8.09046 3.87625	
4.66	13.0288 7.98439 3.93541	
4.67	13.0041 7.88227 3.9945	
4.68	12.9782 7.78478 4.05048	
4.69	12.9525 7.68481 4.11392	
4.7	12.9169 7.58432 4.15991	
4.71	12.8746 7.48188 4.19751	
4.72	12.836 7.38535 4.21699	
4.73	12.7858 7.30806 4.21192	
4.74	12.7329 7.23664 4.18959	
4.75	12.6685 7.17421 4.14601	
4.76	12.6143 7.11531 4.10589	
4.77	12.5648 7.05962 4.05658	
4.78	12.5106 7.00642 4.01209	
4.79	12.4632 6.95209 3.95725	
4.8	12.4095 6.89147 3.8943	
4.81	12.3547 6.82723 3.83849	
4.82	12.3001 6.75791 3.77891	
4.83	12.2356 6.69892 3.72063	
4.84	12.17 6.65517 3.65812	
4.85	12.1018 6.61028 3.59115	
4.86	12.0342 6.56741 3.53184	
4.87	11.9731 6.54001 3.50001	
4.88	11.913 6.51472 3.47754	
4.89	11.8669 6.50217 3.46676	
4.9	11.8321 6.49792 3.46544	
4.91	11.7882 6.48906 3.47014	
4.92	11.745 6.48409 3.46854	
4.93	11.6909 6.47789 3.46899	
4.94	11.6297 6.47172 3.4691	
4.95	11.5768 6.46573 3.46757	
4.96	11.5226 6.46033 3.46912	
4.97	11.4588 6.45339 3.46966	
4.98	11.415 6.45322 3.46456	
4.99	11.3785 6.45392 3.46175	
5	11.3412 6.46335 3.45276	
5.01	11.2959 6.46752 3.44566	
5.02	11.2503 6.47632 3.43592	
5.03	11.1799 6.47962 3.42992	
5.04	11.1097 6.48184 3.41718	
5.05	11.0308 6.48895 3.40318	
5.06	10.9509 6.4906 3.39054	
5.07	10.8895 6.49151 3.38915	
5.08	10.8184 6.49053 3.38512	
5.09	10.7551 6.49908 3.37557	
5.1	10.683 6.51066 3.35982	
5.11	10.6197 6.51843 3.3473	
5.12	10.5643 6.53592 3.33008	
5.13	10.5197 6.55898 3.30818	
5.14	10.4819 6.58585 3.28279	
5.15	10.445 6.60008 3.26773	
5.16	10.4252 6.63405 3.24626	
5.17	10.3967 6.67708 3.2195	
5.18	10.3843 6.72908 3.18938	
5.19	10.3731 6.78454 3.17584	
5.2	10.3622 6.83599 3.1661	
5.21	10.3451 6.87593 3.17148	
5.22	10.3188 6.90422 3.17477	
5.23	10.2855 6.93996 3.1871	
5.24	10.25 6.97073 3.20432	
5.25	10.2076 7.00592 3.21313	
5.26	10.1492 7.03781 3.23085	
5.27	10.0974 7.08094 3.22885	
5.28	10.0377 7.12677 3.23904	
5.29	9.97688 7.17567 3.24065	
5.3	9.90953 7.22213 3.25377	
5.31	9.84118 7.27496 3.27203	
5.32	9.77329 7.3187 3.29507	
5.33	9.6872 7.35584 3.31219	
5.34	9.61061 7.39688 3.31945	
5.35	9.51966 7.43208 3.31728	
5.36	9.41858 7.47157 3.31043	
5.37	9.31902 7.50173 3.30602	
5.38	9.22651 7.53686 3.30086	
5.39	9.13427 7.57022 3.28483	
5.4	9.04385 7.61426 3.26377	
5.41	8.95259 7.66644 3.23531	
5.42	8.86957 7.71331 3.20524	
5.43	8.78816 7.75842 3.18779	
5.44	8.70616 7.81216 3.16125	
5.45	8.62599 7.86995 3.12517	
5.46	8.55453 7.93753 3.08515	
5.47	8.48474 8.00181 3.04851	
5.48	8.41335 8.05149 3.01988	
5.49	8.34949 8.0911 2.99611	
5.5	8.27125 8.12324 2.97672	
5.51	8.19302 8.15147 2.96104	
5.52	8.12532 8.18031 2.94434	
5.53	8.05464 8.21832 2.92615	
5.54	7.99311 8.25565 2.90605	
5.55	7.94537 8.28616 2.889	
5.56	7.884 8.305 2.87803	
5.57	7.8268 8.32599 2.86225	
5.58	7.77846 8.34512 2.83948	
5.59	7.73939 8.36625 2.82401	
5.6	7.69297 8.39018 2.79032	
5.61	7.64436 8.40333 2.76051	
5.62	7.5957 8.41507 2.72105	
5.63	7.56278 8.41792 2.69663	
5.64	7.52231 8.42174 2.67192	
5.65	7.48812 8.42405 2.6476	
5.66	7.45553 8.42964 2.60592	
5.67	7.42399 8.43354 2.55212	
5.68	7.39179 8.44282 2.50154	
5.69	7.37606 8.45086 2.45084	
5.7	7.3528 8.46015 2.40014	
5.71	7.34405 8.46159 2.34627	
5.72	7.33441 8.45404 2.31544	
5.73	7.333 8.44113 2.28916	
5.74	7.32997 8.42056 2.25054	
5.75	7.32454 8.39737 2.19588	
5.76	7.32886 8.36811 2.16011	
5.77	7.32612 8.3571 2.08781	
5.78	7.32935 8.33163 2.03399	
5.79	7.32774 8.31951 1.97595	
5.8	7.32334 8.29474 1.95847	
5.81	7.31864 8.26438 1.92473	
5.82	7.32104 8.22964 1.90272	
5.83	7.32215 8.18249 1.88178	
5.84	7.32412 8.13097 1.83165	
5.85	7.32199 8.04868 1.84318	
5.86	7.33843 8.0065 1.82342	
5.87	7.32419 7.80879 1.84309	
5.88	7.33017 7.74783 1.85413	
5.89	7.34414 7.63651 1.88514	
5.9	7.35036 7.58953 1.89723	
5.91	7.35826 7.51838 1.93776	
5.92	7.37261 7.45192 1.9777	
5.93	7.3501 7.30154 2.07417	
5.94	7.31834 7.1567 2.16822	
5.95	7.30735 7.04726 2.24995	
5.96	7.30703 6.97553 2.28864	
5.97	7.31639 6.90586 2.34609	
5.98	7.31779 6.84984 2.37768	
5.99	7.34661 6.80441 2.40344	
6	7.34389 6.77617 2.42191	
6.01	7.34047 6.75424 2.43341	
6.02	7.34067 6.74342 2.44116	
6.03	7.33895 6.73848 2.43732	
6.04	7.33813 6.73008 2.44198	
6.05	7.33498 6.71069 2.44675	
6.06	7.33963 6.67079 2.47499	
6.07	7.32616 6.62879 2.50833	
6.08	7.32156 6.59037 2.53471	
6.09	7.31659 6.54939 2.54776	
6.1	7.31036 6.49635 2.53892	
6.11	7.31183 6.43368 2.52285	
6.12	7.30498 6.36086 2.53568	
6.13	7.29944 6.31267 2.55737	
6.14	7.30146 6.25492 2.59497	
6.15	7.29304 6.1867 2.64581	
6.16	7.28415 6.11421 2.70439	
6.17	7.28507 6.04112 2.7575	
6.18	7.28567 5.96177 2.82533	
6.19	7.27511 5.86709 2.90838	
6.2	7.27473 5.77061 2.99872	
6.21	7.2566 5.68725 3.07732	
6.22	7.24766 5.60749 3.15307	
6.23	7.23965 5.5368 3.22309	
6.24	7.23554 5.4835 3.27776	
6.25	7.22726 5.42403 3.33671	
6.26	7.21852 5.34577 3.41369	
6.27	7.21038 5.25775 3.50293	
6.28	7.18961 5.16046 3.59751	
6.29	7.17734 5.05583 3.70138	
6.3	7.17387 4.94732 3.80998	
6.31	7.19081 4.84353 3.91769	
6.32	7.21817 4.74757 4.01016	
6.33	7.26488 4.65512 4.10138	
6.34	7.32275 4.56568 4.17307	
6.35	7.38977 4.4705 4.23178	
6.36	7.45746 4.37249 4.28002	
6.37	7.52638 4.26738 4.30894	
6.38	7.58819 4.18299 4.31439	
6.39	7.68664 4.07964 4.30187	
6.4	7.78769 4.0136 4.28053	
6.41	7.91208 3.97159 4.24222	
6.42	8.06508 3.92228 4.21341	
6.43	8.21804 3.86681 4.18597	
6.44	8.36403 3.81906 4.1511	
6.45	8.53182 3.77609 4.10563	
6.46	8.70073 3.74613 4.0605	
6.47	8.86009 3.72377 4.01589	
6.48	9.02904 3.7085 3.9839	
6.49	9.18982 3.70887 3.96253	
6.5	9.35032 3.70957 3.95086	
6.51	9.50942 3.71043 3.95042	
6.52	9.67774 3.71481 3.94447	
6.53	9.83729 3.72352 3.9324	
6.54	10.0259 3.73709 3.91602	
6.55	10.1952 3.75634 3.89813	
6.56	10.3643 3.78401 3.87281	
6.57	10.5511 3.82235 3.83323	
6.58	10.756 3.86665 3.7905	
6.59	10.9621 3.90741 3.75714	
6.6	11.1766 3.94875 3.72039	
6.61	11.3995 4.00587 3.66482	
6.62	11.6329 4.08555 3.58911	
6.63	11.8807 4.19263 3.48331	
6.64	12.145 4.31715 3.37363	
6.65	12.3799 4.42724 3.27381	
6.66	12.6081 4.55735 3.16132	
6.67	12.8233 4.73015 3.00676	
6.68	13.0193 4.89099 2.87058	
6.69	13.2001 5.07022 2.7303	
6.7	13.338 5.26661 2.58541	
6.71	13.4418 5.43319 2.47398	
6.72	13.5093 5.62989 2.3767	
6.73	13.5512 5.84614 2.28584	
6.74	13.5803 6.08699 2.19899	
6.75	13.5453 6.36488 2.21734	
6.76	13.357 6.99183 2.25168	
6.77	13.0066 7.71731 2.33888	
6.78	12.6241 8.4018 2.57779	
6.79	12.1825 9.36224 2.94545	
6.8	12.0549 9.50623 3.07608	
6.81	11.7032 10.4669 3.1777	
6.82	11.3912 12.0046 3.36274	
6.83	11.2778 12.8916 3.49074	
6.84	11.0869 13.8986 3.51477	
6.85	10.8613 14.9915 3.47392	
6.86	10.6526 15.9214 3.47299	
6.87	10.4157 16.8286 3.54334	
6.88	10.2843 16.8053 3.43339	
6.89	9.99359 18.118 3.68855	
6.9	9.82987 18.5531 3.72402	
6.91	9.74787 19.0386 3.52197	
6.92	9.75373 19.6274 3.03029	
6.93	9.76232 19.8183 2.90807	
6.94	9.76253 19.8176 2.90708	
6.95	9.76229 19.8175 2.90751	
6.96	9.7632 19.8169 2.90624	
6.97	9.76222 19.8171 2.90735	
6.98	9.76182 19.8175 2.90841	
6.99	9.75634 19.8227 2.92091	
7	9.75679 19.8251 2.92545	
7.01	9.754 19.8271 2.93067	
7.02	9.75392 19.8311 2.93881	
7.03	9.75272 19.8345 2.94627	
7.04	9.75322 19.8371 2.95144	
7.05	9.75211 19.8365 2.95087	
7.06	9.75301 19.8397 2.95712	
7.07	9.754 19.8432 2.96413	
7.08	9.75397 19.8446 2.96706	
7.09	9.75397 19.8458 2.96972	
7.1	9.75394 19.8459 2.97001	
7.11	9.75395 19.8465 2.97134	
7.12	9.75395 19.8465 2.97134	
7.13	9.75397 19.8458 2.96972	
7.14	9.75395 19.8465 2.97134	
7.15	9.75395 19.8465 2.97134	
7.16	9.75397 19.8458 2.96972	
7.17	9.75395 19.8465 2.97134	
7.18	9.75395 19.8465 2.97134	
7.19	9.75398 19.8464 2.97105	
7.2	9.75395 19.8465 2.97134	
7.21	9.75394 19.8459 2.97001	
7.22	9.75394 19.8459 2.97001	
7.23	9.75395 19.8465 2.97134	
7.24	9.75398 19.8464 2.97105	
7.25	9.75395 19.8465 2.97134	
7.26	9.75395 19.8465 2.97134	
7.27	9.75398 19.8464 2.97105	
7.28	9.75395 19.8465 2.97134	
7.29	9.75394 19.8459 2.97001	
7.3	9.75394 19.8459 2.97001	
7.31	9.75395 19.8465 2.97134	
7.32	9.75394 19.8459 2.97001	
