# Gnuplot File : velocities of 1 particle(s) Monitored
# 1st Column : time, others : particle(s) number 0 
0.01	0 0 -0.0365586	
0.02	2.03118e-16 0 -0.0632893	
0.03	1.48124e-16 0 -0.082834	
0.04	1.08304e-16 0 -0.0971245	
0.05	2.14933e-16 0 -0.107573	
0.06	3.6018e-16 0 -0.115213	
0.07	4.66471e-16 0 -0.120799	
0.08	4.76757e-16 0 -0.124884	
0.09	3.48471e-16 0 -0.12787	
0.1	4.57851e-16 0 -0.130054	
0.11	5.37886e-16 0 -0.13165	
0.12	5.96405e-16 0 -0.132818	
0.13	5.71815e-16 0 -0.133671	
0.14	5.53585e-16 0 -0.134295	
0.15	6.07651e-16 0 -0.134752	
0.16	6.08e-16 0 -0.134752	
0.17	6.08e-16 0 -0.134752	
0.18	6.07651e-16 0 -0.134752	
0.19	6.07651e-16 0 -0.134752	
0.2	6.07651e-16 0 -0.134752	
0.21	6.08e-16 0 -0.134752	
0.22	6.08e-16 0 -0.134752	
0.23	6.08e-16 0 -0.134752	
0.24	6.06055e-16 0 -0.134752	
0.25	6.06405e-16 0 -0.134752	
0.26	6.07651e-16 0 -0.134752	
0.27	6.0814e-16 0 -0.134752	
0.28	6.07651e-16 0 -0.134752	
0.29	6.07651e-16 0 -0.134752	
0.3	6.0779e-16 0 -0.134752	
0.31	6.08e-16 0 -0.134752	
0.32	6.06055e-16 0 -0.134752	
0.33	6.07651e-16 0 -0.134752	
0.34	6.07651e-16 0 -0.134752	
0.35	6.08e-16 0 -0.134752	
0.36	6.07651e-16 0 -0.134752	
0.37	6.07651e-16 0 -0.134752	
0.38	6.07651e-16 0 -0.134752	
0.39	6.07651e-16 0 -0.134752	
0.4	6.07651e-16 0 -0.134752	
0.41	6.06194e-16 0 -0.134752	
0.42	6.08e-16 0 -0.134752	
0.43	6.07651e-16 0 -0.134752	
0.44	6.08e-16 0 -0.134752	
0.45	6.06055e-16 0 -0.134752	
0.46	6.0779e-16 0 -0.134752	
0.47	6.06055e-16 0 -0.134752	
0.48	6.08e-16 0 -0.134752	
0.49	6.07651e-16 0 -0.134752	
0.5	6.07651e-16 0 -0.134752	
0.51	6.08e-16 0 -0.134752	
0.52	6.08e-16 0 -0.134752	
0.53	6.07651e-16 0 -0.134752	
0.54	6.08e-16 0 -0.134752	
0.55	6.08e-16 0 -0.134752	
0.56	6.08e-16 0 -0.134752	
0.57	6.08e-16 0 -0.134752	
0.58	6.08e-16 0 -0.134752	
0.59	6.07651e-16 0 -0.134752	
0.6	6.08e-16 0 -0.134752	
0.61	6.08e-16 0 -0.134752	
0.62	6.0779e-16 0 -0.134752	
0.63	6.06405e-16 0 -0.134752	
0.64	6.07651e-16 0 -0.134752	
0.65	6.07651e-16 0 -0.134752	
0.66	6.0814e-16 0 -0.134752	
0.67	6.02891e-16 0 -0.134752	
0.68	5.56436e-16 0 -0.134752	
0.69	5.32254e-16 0 -0.134752	
0.7	5.25781e-16 0 -0.134752	
0.71	5.22401e-16 0 -0.134752	
0.72	5.21707e-16 0 -0.134752	
0.73	5.45828e-16 0 -0.134752	
0.74	5.61224e-16 0 -0.134752	
0.75	5.76812e-16 0 -0.134752	
0.76	5.84479e-16 0 -0.134752	
0.77	6.51531e-16 0 -0.134752	
0.78	6.60009e-16 0 -0.134752	
0.79	6.21875e-16 0 -0.134752	
0.8	6.15102e-16 0 -0.134752	
0.81	6.10215e-16 0 -0.134752	
0.82	5.54527e-16 0 -0.134752	
0.83	5.08817e-16 0 -0.134752	
0.84	4.97126e-16 0 -0.134752	
0.85	4.88096e-16 0 -0.134752	
0.86	4.7633e-16 0 -0.134752	
0.87	4.70044e-16 0 -0.134752	
0.88	4.66455e-16 0 -0.134752	
0.89	4.62161e-16 0 -0.134752	
0.9	4.59147e-16 0 -0.134752	
0.91	4.56576e-16 0 -0.134752	
0.92	4.55441e-16 0 -0.134752	
0.93	4.55252e-16 0 -0.134752	
0.94	4.53981e-16 0 -0.134752	
0.95	4.53918e-16 0 -0.134752	
0.96	4.50435e-16 0 -0.134752	
0.97	4.44906e-16 0 -0.134752	
0.98	4.38917e-16 0 -0.134752	
0.99	4.35201e-16 0 -0.134752	
1	4.33172e-16 0 -0.134752	
1.01	4.30044e-16 0 -0.134752	
1.02	4.26152e-16 0 -0.134752	
1.03	4.24372e-16 0 -0.134752	
1.04	4.1997e-16 0 -0.134752	
1.05	4.13522e-16 0 -0.134752	
1.06	4.09151e-16 0 -0.134752	
1.07	3.98647e-16 0 -0.134752	
1.08	3.90203e-16 0 -0.134752	
1.09	3.88201e-16 0 -0.134752	
1.1	3.92418e-16 0 -0.134752	
1.11	3.99277e-16 0 -0.134752	
1.12	4.06548e-16 0 -0.134752	
1.13	4.15546e-16 0 -0.134752	
1.14	4.24651e-16 0 -0.134752	
1.15	4.32342e-16 0 -0.134752	
1.16	4.39429e-16 0 -0.134752	
1.17	4.4482e-16 0 -0.134752	
1.18	4.48185e-16 0 -0.134752	
1.19	4.52852e-16 0 -0.134752	
1.2	4.57596e-16 0 -0.134752	
1.21	4.6328e-16 0 -0.134752	
1.22	4.71462e-16 0 -0.134752	
1.23	4.79039e-16 0 -0.134752	
1.24	4.85471e-16 0 -0.134752	
1.25	4.88611e-16 0 -0.134752	
1.26	4.92859e-16 0 -0.134752	
1.27	4.9602e-16 0 -0.134752	
1.28	4.98592e-16 0 -0.134752	
1.29	5.00617e-16 0 -0.134752	
1.3	5.00236e-16 0 -0.134752	
1.31	4.96946e-16 0 -0.134752	
1.32	4.94566e-16 0 -0.134752	
1.33	4.92138e-16 0 -0.134752	
1.34	4.90247e-16 0 -0.134752	
1.35	4.87275e-16 0 -0.134752	
1.36	4.85921e-16 0 -0.134752	
1.37	4.85107e-16 0 -0.134752	
1.38	4.85953e-16 0 -0.134752	
1.39	4.85381e-16 0 -0.134752	
1.4	4.84014e-16 0 -0.134752	
1.41	4.84692e-16 0 -0.134752	
1.42	4.86308e-16 0 -0.134752	
1.43	4.88838e-16 0 -0.134752	
1.44	4.88632e-16 0 -0.134752	
1.45	4.91216e-16 0 -0.134752	
1.46	4.91055e-16 0 -0.134752	
1.47	4.9037e-16 0 -0.134752	
1.48	4.90207e-16 0 -0.134752	
1.49	4.91167e-16 0 -0.134752	
1.5	4.91e-16 0 -0.134752	
1.51	4.91908e-16 0 -0.134752	
1.52	4.93124e-16 0 -0.134752	
1.53	4.93154e-16 0 -0.134752	
1.54	4.92339e-16 0 -0.134752	
1.55	4.91876e-16 0 -0.134752	
1.56	4.92201e-16 0 -0.134752	
1.57	4.92354e-16 0 -0.134752	
1.58	4.93283e-16 0 -0.134752	
1.59	4.94528e-16 0 -0.134752	
1.6	4.96824e-16 0 -0.134752	
1.61	4.9748e-16 0 -0.134752	
1.62	4.98048e-16 0 -0.134752	
1.63	4.94151e-16 0 -0.134752	
1.64	4.90876e-16 0 -0.134752	
1.65	4.88022e-16 0 -0.134752	
1.66	4.81936e-16 0 -0.134752	
1.67	4.80846e-16 0 -0.134752	
1.68	4.77009e-16 0 -0.134752	
1.69	4.70126e-16 0 -0.134752	
1.7	4.64493e-16 0 -0.134752	
1.71	4.56004e-16 0 -0.134752	
1.72	4.50727e-16 0 -0.134752	
1.73	4.46353e-16 0 -0.134752	
1.74	4.41775e-16 0 -0.134752	
1.75	4.39625e-16 0 -0.134752	
1.76	4.3454e-16 0 -0.134752	
1.77	4.29221e-16 0 -0.134752	
1.78	4.23027e-16 0 -0.134752	
1.79	4.1727e-16 0 -0.134752	
1.8	4.14296e-16 0 -0.134752	
1.81	4.12549e-16 0 -0.134752	
1.82	4.11629e-16 0 -0.134752	
1.83	4.10873e-16 0 -0.134752	
1.84	4.08684e-16 0 -0.134752	
1.85	4.08045e-16 0 -0.134752	
1.86	4.04899e-16 0 -0.134752	
1.87	4.03053e-16 0 -0.134752	
1.88	4.02686e-16 0 -0.134752	
1.89	4.01977e-16 0 -0.134752	
1.9	3.99532e-16 0 -0.134752	
1.91	4.01131e-16 0 -0.134752	
1.92	4.01836e-16 0 -0.134752	
1.93	4.02846e-16 0 -0.134752	
1.94	4.03283e-16 0 -0.134752	
1.95	4.03293e-16 0 -0.134752	
1.96	4.01636e-16 0 -0.134752	
1.97	4.01527e-16 0 -0.134752	
1.98	3.98869e-16 0 -0.134752	
1.99	3.9518e-16 0 -0.134752	
2	3.93185e-16 0 -0.134752	
2.01	3.88764e-16 0 -0.134752	
2.02	3.87967e-16 0 -0.134752	
2.03	3.84636e-16 0 -0.134752	
2.04	3.8465e-16 0 -0.134752	
2.05	3.85644e-16 0 -0.134752	
2.06	2.01982 0.14997 0.698474	
2.07	1.47592 0.112834 0.472888	
2.08	1.07828 0.0854261 0.308037	
2.09	0.788246 0.0634499 0.188331	
2.1	0.576051 0.0471935 0.100801	
2.11	0.421414 0.034165 0.0373327	
2.12	0.308115 0.0250578 -0.00928807	
2.13	0.225417 0.0180902 -0.0432299	
2.14	0.164871 0.0131619 -0.0681268	
2.15	0.120615 0.00950411 -0.0863105	
2.16	0.0882257 0.00690084 -0.099638	
2.17	0.0645621 0.00494558 -0.109361	
2.18	0.0472193 0.00359816 -0.11651	
2.19	0.0345435 0.00260375 -0.121732	
2.2	0.0252617 0.00191247 -0.125566	
2.21	0.0184697 0.00140624 -0.128372	
2.22	0.0135044 0.00103289 -0.130422	
2.23	0.00987534 0.000754523 -0.131919	
2.24	0.00721992 0.000553353 -0.133015	
2.25	0.00527982 0.000402976 -0.133814	
2.26	0.0038622 0.000291818 -0.134398	
2.27	0.00282356 0.000215262 -0.134828	
2.28	0.00206348 0.000160747 -0.135142	
2.29	0.00150803 0.000119562 -0.135372	
2.3	0.00150765 0.000120787 -0.135372	
2.31	0.00150741 0.000121739 -0.135373	
2.32	0.00150738 0.000121945 -0.135373	
2.33	0.00150652 0.000124197 -0.135374	
2.34	0.00150498 0.000128232 -0.135375	
2.35	0.00150339 0.000132337 -0.135377	
2.36	0.0015017 0.000136531 -0.135379	
2.37	0.00150075 0.000138907 -0.13538	
2.38	0.00149927 0.000142298 -0.135382	
2.39	0.0014975 0.000146183 -0.135384	
2.4	0.00149516 0.00015113 -0.135386	
2.41	0.00149392 0.000153662 -0.135387	
2.42	0.00149239 0.000156837 -0.135389	
2.43	0.00149063 0.000160446 -0.13539	
2.44	0.00149 0.000161764 -0.135391	
2.45	0.0014894 0.000162994 -0.135392	
2.46	0.00148868 0.000164504 -0.135392	
2.47	0.00148685 0.000168223 -0.135394	
2.48	0.00148529 0.000171366 -0.135396	
2.49	0.00148452 0.000172906 -0.135396	
2.5	0.00148347 0.000174987 -0.135397	
2.51	0.00148314 0.000175672 -0.135398	
2.52	0.00148251 0.000176935 -0.135398	
2.53	0.00148205 0.000177843 -0.135399	
2.54	0.00148101 0.000179788 -0.1354	
2.55	0.00148027 0.000181201 -0.1354	
2.56	0.00147936 0.000182858 -0.135401	
2.57	0.00147923 0.000183096 -0.135401	
2.58	0.00147916 0.000183218 -0.135401	
2.59	0.00147895 0.000183556 -0.135402	
2.6	0.00147912 0.000183178 -0.135401	
2.61	0.00147882 0.000183713 -0.135402	
2.62	0.00147868 0.000183891 -0.135402	
2.63	0.0014786 0.000183931 -0.135402	
2.64	0.00147822 0.000184586 -0.135402	
2.65	0.00147784 0.000185225 -0.135403	
2.66	0.00147708 0.000186558 -0.135403	
2.67	0.00147715 0.000186445 -0.135403	
2.68	0.001477 0.000186668 -0.135403	
2.69	0.00147658 0.000187301 -0.135404	
2.7	0.00147601 0.000188189 -0.135404	
2.71	0.0014743 0.000191218 -0.135406	
2.72	0.00147379 0.000192153 -0.135406	
2.73	0.00147337 0.000192835 -0.135407	
2.74	0.00147231 0.000194611 -0.135408	
2.75	0.00147256 0.000194147 -0.135407	
2.76	0.001473 0.000193253 -0.135407	
2.77	0.0014738 0.000191688 -0.135406	
2.78	0.00147452 0.000190221 -0.135405	
2.79	0.00147464 0.000189852 -0.135405	
2.8	0.00147455 0.000189652 -0.135405	
2.81	0.00147557 0.000187542 -0.135404	
2.82	0.00147547 0.000187567 -0.135404	
2.83	0.00147578 0.000186656 -0.135404	
2.84	0.00147641 0.000185315 -0.135403	
2.85	0.00147679 0.00018431 -0.135403	
2.86	0.00147722 0.000183174 -0.135402	
2.87	0.00147766 0.000182152 -0.135402	
2.88	0.00147845 0.000180249 -0.135401	
2.89	0.00147852 0.000179834 -0.135401	
2.9	0.00147912 0.000177993 -0.1354	
2.91	0.00147891 0.00017819 -0.1354	
2.92	0.00147871 0.000178537 -0.1354	
2.93	0.00147828 0.000179163 -0.135401	
2.94	0.00147846 0.000178586 -0.135401	
2.95	0.00147858 0.000178174 -0.1354	
2.96	0.00147865 0.000178143 -0.1354	
2.97	0.00147867 0.000178068 -0.1354	
2.98	0.00147845 0.000178246 -0.1354	
2.99	0.0014783 0.00017868 -0.135401	
3	0.00147742 0.000180664 -0.135402	
3.01	0.0014769 0.000181551 -0.135402	
3.02	0.00147624 0.000182637 -0.135403	
3.03	0.00147586 0.000182918 -0.135403	
3.04	0.00147554 0.000182836 -0.135403	
3.05	0.00147484 0.000183026 -0.135403	
3.06	0.00147435 0.000183226 -0.135404	
3.07	0.00147346 0.000183985 -0.135404	
3.08	0.00147238 0.000185005 -0.135405	
3.09	0.00147207 0.000184929 -0.135405	
3.1	0.00147133 0.000185747 -0.135406	
3.11	0.00147156 0.000185417 -0.135405	
3.12	0.00147135 0.00018534 -0.135405	
3.13	0.00147127 0.000185424 -0.135405	
3.14	0.00147022 0.00018728 -0.135406	
3.15	0.00147087 0.000185763 -0.135406	
3.16	0.00147042 0.000186483 -0.135406	
3.17	0.00147107 0.000185589 -0.135406	
3.18	0.0014707 0.000185945 -0.135406	
3.19	0.00147095 0.000185507 -0.135406	
3.2	0.00147097 0.00018557 -0.135406	
3.21	0.00147041 0.000186793 -0.135406	
3.22	0.00146937 0.000188826 -0.135407	
3.23	0.00146882 0.00018976 -0.135408	
3.24	0.00146907 0.000189474 -0.135408	
3.25	0.00146819 0.000190798 -0.135408	
3.26	0.00146895 0.000189701 -0.135408	
3.27	0.00146933 0.000189182 -0.135407	
3.28	0.00146932 0.000188734 -0.135407	
3.29	0.0014704 0.000187522 -0.135406	
3.3	0.00147125 0.000185985 -0.135406	
3.31	0.00147276 0.000183737 -0.135404	
3.32	0.00147408 0.000181365 -0.135403	
3.33	0.00147523 0.000179127 -0.135402	
3.34	0.00147642 0.000176644 -0.135401	
3.35	0.00147753 0.000174451 -0.1354	
3.36	0.00147843 0.000172634 -0.135399	
3.37	0.00147899 0.000171356 -0.135398	
3.38	0.00148006 0.000169581 -0.135397	
3.39	0.00148037 0.000168852 -0.135397	
3.4	0.00148102 0.00016753 -0.135396	
3.41	0.00148149 0.000166502 -0.135396	
3.42	0.00148169 0.000166358 -0.135396	
3.43	0.00148208 0.000165913 -0.135396	
3.44	0.00148243 0.000165641 -0.135395	
3.45	0.00148318 0.000164472 -0.135395	
3.46	0.00148379 0.000163535 -0.135394	
3.47	0.00148426 0.000162852 -0.135394	
3.48	0.00148486 0.000162116 -0.135393	
3.49	0.00148559 0.000161139 -0.135393	
3.5	0.00148547 0.000162132 -0.135393	
3.51	0.00148601 0.000162349 -0.135393	
3.52	0.0014867 0.000161712 -0.135392	
3.53	0.00148781 0.000159969 -0.135391	
3.54	0.00148867 0.000158404 -0.135391	
3.55	0.00149075 0.000154546 -0.135389	
3.56	0.001492 0.000152234 -0.135388	
3.57	0.00149356 0.000149192 -0.135386	
3.58	0.0014946 0.000147249 -0.135385	
3.59	0.00149552 0.000145681 -0.135384	
3.6	0.00149688 0.000142863 -0.135383	
3.61	0.0014972 0.000142692 -0.135383	
3.62	0.00149789 0.000141781 -0.135382	
3.63	0.00149812 0.000141749 -0.135382	
3.64	0.00149791 0.000142339 -0.135382	
3.65	0.00149771 0.000143124 -0.135383	
3.66	0.00149724 0.000145019 -0.135383	
3.67	0.00149701 0.000145979 -0.135384	
3.68	0.00149608 0.000148434 -0.135385	
3.69	0.00149572 0.000149468 -0.135385	
3.7	0.00149564 0.000149722 -0.135385	
3.71	0.00149538 0.000150339 -0.135386	
3.72	0.00149516 0.000150859 -0.135386	
3.73	0.0014949 0.000151602 -0.135386	
3.74	0.00149424 0.000153105 -0.135387	
3.75	0.00149423 0.000153145 -0.135387	
3.76	0.00149427 0.000153087 -0.135387	
3.77	0.00149372 0.000154193 -0.135387	
3.78	0.00149403 0.000153611 -0.135387	
3.79	0.00149397 0.000153723 -0.135387	
3.8	0.00149396 0.000153761 -0.135387	
3.81	0.00149399 0.000153637 -0.135387	
3.82	0.00149393 0.000153749 -0.135387	
3.83	0.00149418 0.000153239 -0.135387	
3.84	0.00149422 0.00015327 -0.135387	
3.85	0.00149408 0.000153582 -0.135387	
3.86	0.0014942 0.000153319 -0.135387	
3.87	0.00149437 0.000153016 -0.135387	
3.88	0.0014941 0.000153655 -0.135387	
3.89	0.00149441 0.000153072 -0.135387	
3.9	0.00149423 0.000153499 -0.135387	
3.91	0.00149391 0.000154223 -0.135387	
3.92	0.00149365 0.000154881 -0.135388	
3.93	0.00149307 0.000156158 -0.135388	
3.94	0.00149321 0.000155889 -0.135388	
3.95	0.00149334 0.000155666 -0.135388	
3.96	0.00149267 0.000157069 -0.135389	
3.97	0.00149289 0.000156671 -0.135388	
3.98	0.00149248 0.000157547 -0.135389	
3.99	0.00149201 0.000158505 -0.135389	
4	0.00149247 0.000157564 -0.135389	
4.01	0.00149255 0.000157377 -0.135389	
4.02	0.00149267 0.000157115 -0.135389	
4.03	0.00149258 0.000157225 -0.135389	
4.04	0.00149287 0.00015655 -0.135388	
4.05	0.00149384 0.000154447 -0.135387	
4.06	0.00149353 0.000154936 -0.135388	
4.07	0.00149376 0.000154371 -0.135387	
4.08	0.00149393 0.000153878 -0.135387	
4.09	0.00149386 0.000154069 -0.135387	
4.1	0.00149387 0.000154037 -0.135387	
4.11	0.00149375 0.000154333 -0.135387	
4.12	0.00149327 0.000155301 -0.135388	
4.13	0.00149333 0.000155169 -0.135388	
4.14	0.00149348 0.00015486 -0.135388	
4.15	0.0014935 0.000154879 -0.135388	
4.16	0.00149347 0.000154953 -0.135388	
4.17	0.00149341 0.000155179 -0.135388	
4.18	0.00149293 0.000156145 -0.135388	
4.19	0.00149241 0.000157264 -0.135389	
4.2	0.00149252 0.000157058 -0.135389	
4.21	0.001492 0.000158173 -0.135389	
4.22	0.00149201 0.000158142 -0.135389	
4.23	0.00149139 0.000159429 -0.13539	
4.24	0.00149145 0.000159292 -0.13539	
4.25	0.00149092 0.000160372 -0.13539	
4.26	0.00149098 0.000160234 -0.13539	
4.27	0.00149081 0.000160627 -0.13539	
4.28	0.00149014 0.000162013 -0.135391	
4.29	0.0014903 0.000161652 -0.135391	
4.3	0.00149031 0.000161619 -0.135391	
4.31	0.00149042 0.000161411 -0.135391	
4.32	0.00149039 0.000161475 -0.135391	
4.33	0.0014904 0.00016149 -0.135391	
4.34	0.00148997 0.000162342 -0.135391	
4.35	0.00149034 0.000161673 -0.135391	
4.36	0.00149024 0.000161804 -0.135391	
4.37	0.00149073 0.000160769 -0.13539	
4.38	0.00149091 0.00016029 -0.13539	
4.39	0.0014913 0.000159419 -0.13539	
4.4	0.00149173 0.000158478 -0.135389	
4.41	0.00149149 0.000158924 -0.13539	
4.42	0.00149169 0.000158426 -0.135389	
4.43	0.0014918 0.000158158 -0.135389	
4.44	0.00149191 0.000157887 -0.135389	
4.45	0.00149152 0.000158601 -0.135389	
4.46	0.00149159 0.000158432 -0.135389	
4.47	0.00149162 0.000158367 -0.135389	
4.48	0.00149106 0.000159517 -0.13539	
4.49	0.00149146 0.00015878 -0.13539	
4.5	0.00149154 0.000158647 -0.135389	
4.51	0.00149177 0.000158238 -0.135389	
4.52	0.00149177 0.000158139 -0.135389	
4.53	0.00149216 0.000157287 -0.135389	
4.54	0.00149252 0.00015654 -0.135388	
4.55	0.00149239 0.000156766 -0.135389	
4.56	0.00149261 0.000156289 -0.135388	
4.57	0.00149246 0.000156473 -0.135388	
4.58	0.00149292 0.000155334 -0.135388	
4.59	0.00149322 0.000154639 -0.135388	
4.6	0.00149345 0.000153981 -0.135387	
4.61	0.00149309 0.000154642 -0.135388	
4.62	0.0014935 0.000153743 -0.135387	
4.63	0.00149394 0.000152708 -0.135387	
4.64	0.00149396 0.000152505 -0.135387	
4.65	0.00149405 0.00015223 -0.135387	
4.66	0.00149421 0.000151882 -0.135386	
4.67	0.00149423 0.000151642 -0.135386	
4.68	0.00149417 0.000151631 -0.135386	
4.69	0.00149442 0.000150637 -0.135386	
4.7	0.0014944 0.000150064 -0.135386	
4.71	0.00149509 0.000147852 -0.135385	
4.72	0.00149455 0.000148281 -0.135385	
4.73	0.00149424 0.000147977 -0.135385	
4.74	0.00149342 0.00014871 -0.135386	
4.75	0.00149219 0.000150354 -0.135387	
4.76	0.0014916 0.000150994 -0.135387	
4.77	0.00148988 0.000153896 -0.135389	
4.78	0.00148968 0.000153958 -0.135389	
4.79	0.00148888 0.000155085 -0.13539	
4.8	0.00148866 0.000155228 -0.13539	
4.81	0.0014879 0.000156668 -0.135391	
4.82	0.00148702 0.000158611 -0.135391	
4.83	0.00148646 0.000159512 -0.135392	
4.84	0.00148635 0.000159504 -0.135392	
4.85	0.00148537 0.000160931 -0.135393	
4.86	0.00148467 0.000162391 -0.135393	
4.87	0.00148391 0.000163593 -0.135394	
4.88	0.00148354 0.000164313 -0.135394	
4.89	0.00148252 0.000165823 -0.135395	
4.9	0.00148254 0.000166025 -0.135395	
4.91	0.00148243 0.000165985 -0.135395	
4.92	0.00148257 0.000166029 -0.135395	
4.93	0.00148204 0.000166908 -0.135396	
4.94	0.00148212 0.000166738 -0.135396	
4.95	0.00148192 0.000167392 -0.135396	
4.96	0.00148146 0.00016795 -0.135396	
4.97	0.00148059 0.00016942 -0.135397	
4.98	0.00148067 0.000169586 -0.135397	
4.99	0.00148032 0.000170123 -0.135397	
5	0.00147997 0.000170543 -0.135398	
5.01	0.00147969 0.000171122 -0.135398	
5.02	0.00147947 0.00017147 -0.135398	
5.03	0.00147972 0.000170894 -0.135398	
5.04	0.00147986 0.000170758 -0.135398	
5.05	0.00148032 0.000169671 -0.135397	
5.06	0.00148013 0.000170132 -0.135398	
5.07	0.00148035 0.000169379 -0.135397	
5.08	0.00148001 0.000170114 -0.135398	
5.09	0.0014796 0.00017078 -0.135398	
5.1	0.00147907 0.000172181 -0.135399	
5.11	0.00147838 0.000173865 -0.135399	
5.12	0.00147767 0.000175253 -0.1354	
5.13	0.00147767 0.000175627 -0.1354	
5.14	0.00147698 0.000177259 -0.135401	
5.15	0.00147637 0.000178678 -0.135401	
5.16	0.00147601 0.000179424 -0.135402	
5.17	0.0014759 0.000179554 -0.135402	
5.18	0.00147521 0.000181121 -0.135403	
5.19	0.00147506 0.000181701 -0.135403	
5.2	0.00147494 0.00018216 -0.135403	
5.21	0.00147554 0.000181365 -0.135403	
5.22	0.00147549 0.000182179 -0.135403	
5.23	0.00147622 0.000181381 -0.135402	
5.24	0.00147611 0.000181802 -0.135402	
5.25	0.00147666 0.000181057 -0.135402	
5.26	0.00147755 0.000179648 -0.135401	
5.27	0.00147777 0.000179383 -0.135401	
5.28	0.00147829 0.000178402 -0.135401	
5.29	0.00147827 0.000178424 -0.135401	
5.3	0.00147866 0.00017805 -0.1354	
5.31	0.00147883 0.000177697 -0.1354	
5.32	0.00147885 0.000177785 -0.1354	
5.33	0.00147836 0.000178574 -0.135401	
5.34	0.00147803 0.000179279 -0.135401	
5.35	0.00147833 0.000179113 -0.135401	
5.36	0.00147814 0.000179343 -0.135401	
5.37	0.00147808 0.000179814 -0.135401	
5.38	0.00147758 0.000180786 -0.135402	
5.39	0.00147705 0.000181858 -0.135402	
5.4	0.00147709 0.00018181 -0.135402	
5.41	0.00147639 0.000183315 -0.135403	
5.42	0.00147561 0.000184856 -0.135403	
5.43	0.00147523 0.00018582 -0.135404	
5.44	0.00147453 0.000187146 -0.135405	
5.45	0.00147414 0.000188108 -0.135405	
5.46	0.00147374 0.000188917 -0.135405	
5.47	0.00147392 0.000188694 -0.135405	
5.48	0.00147353 0.000189524 -0.135406	
5.49	0.00147288 0.00019086 -0.135406	
5.5	0.00147294 0.000191101 -0.135406	
5.51	0.00147312 0.000191011 -0.135406	
5.52	0.00147406 0.000189686 -0.135405	
5.53	0.00147392 0.000189887 -0.135406	
5.54	0.00147388 0.000190096 -0.135406	
5.55	0.00147304 0.000191673 -0.135406	
5.56	0.00147331 0.000191476 -0.135406	
5.57	0.00147226 0.000193284 -0.135407	
5.58	0.00147135 0.000195013 -0.135408	
5.59	0.0014711 0.000195402 -0.135408	
5.6	0.00147107 0.000195404 -0.135408	
5.61	0.00147029 0.000196802 -0.135409	
5.62	0.00146966 0.000197832 -0.13541	
5.63	0.00146914 0.00019876 -0.13541	
5.64	0.00146874 0.000199502 -0.13541	
5.65	0.0014677 0.000201299 -0.135411	
5.66	0.00146739 0.000201735 -0.135412	
5.67	0.00146741 0.000201752 -0.135412	
5.68	0.00146695 0.000202519 -0.135412	
5.69	0.0014667 0.00020295 -0.135412	
5.7	0.00146661 0.000203114 -0.135412	
5.71	0.00146615 0.000203928 -0.135413	
5.72	0.00941932 -0.0306641 1.16626	
5.73	0.105778 -0.330501 4.03347	
5.74	0.142799 -0.452719 4.78972	
5.75	0.109046 -0.325231 3.98298	
5.76	0.0873476 -0.372202 4.90073	
5.77	0.0609473 -0.325038 5.16826	
5.78	0.0296032 -0.195236 5.80405	
5.79	0.0141577 -0.0387453 5.45443	
5.8	-0.0187382 0.069782 6.26895	
5.81	-0.0341329 0.116402 6.04436	
5.82	-0.0649447 0.179254 5.27252	
5.83	-0.0934171 0.222573 6.31163	
5.84	-0.118343 0.308054 5.17607	
5.85	-0.101804 0.395342 5.28588	
5.86	-0.129079 0.336439 5.11481	
5.87	-0.125372 0.481614 6.14275	
5.88	-0.35932 0.496658 5.64847	
5.89	-0.259294 0.22648 5.38355	
5.9	-0.639224 -0.69419 4.33802	
5.91	-0.706213 -0.615867 4.61639	
5.92	-0.161762 -0.0489799 4.9379	
5.93	0.0440288 0.164571 4.94224	
5.94	0.0554597 0.0554342 4.93273	
5.95	0.138387 -0.199292 5.14864	
5.96	0.110931 -0.123638 3.98168	
5.97	0.167622 -0.323097 4.77445	
5.98	0.122155 -0.235391 3.45394	
5.99	0.0894538 -0.172399 2.48897	
6	0.0656272 -0.126516 1.78366	
6.01	0.0477498 -0.0920129 1.26729	
6.02	0.0350029 -0.0674645 0.890259	
6.03	0.025608 -0.0493595 0.614347	
6.04	0.0186878 -0.0360147 0.412605	
6.05	0.0135646 -0.0261246 0.264992	
6.06	0.00991998 -0.0191057 0.157198	
6.07	0.00730369 -0.0140754 0.0784271	
6.08	0.00540951 -0.0104367 0.0208513	
6.09	0.00395925 -0.00763938 -0.0213151	
6.1	0.00287785 -0.00555 -0.0521672	
6.11	0.00211133 -0.00407297 -0.0746991	
6.12	0.00152859 -0.00294627 -0.0911918	
6.13	0.00112357 -0.00216662 -0.103231	
6.14	0.000819038 -0.00157898 -0.112043	
6.15	0.000604133 -0.00116557 -0.118478	
6.16	0.000442598 -0.000854069 -0.123187	
6.17	0.000323493 -0.000624217 -0.12663	
6.18	0.000238287 -0.000460097 -0.129146	
6.19	0.000175862 -0.000339836 -0.130985	
6.2	0.000131309 -0.000254187 -0.132328	
6.21	9.72656e-05 -0.000188488 -0.133312	
6.22	7.20515e-05 -0.000139775 -0.134032	
6.23	5.35704e-05 -0.000104062 -0.134558	
6.24	5.42272e-05 -0.000105438 -0.134558	
6.25	5.49327e-05 -0.000106918 -0.134557	
6.26	5.54145e-05 -0.000107929 -0.134557	
6.27	5.59523e-05 -0.000109056 -0.134556	
6.28	5.58193e-05 -0.000108778 -0.134557	
6.29	5.58096e-05 -0.000108759 -0.134557	
6.3	5.57318e-05 -0.000108597 -0.134557	
6.31	5.6049e-05 -0.000109263 -0.134557	
6.32	5.68906e-05 -0.000111028 -0.134556	
6.33	5.81229e-05 -0.000113612 -0.134555	
6.34	5.93434e-05 -0.000116171 -0.134554	
6.35	6.02256e-05 -0.000118021 -0.134554	
6.36	6.12901e-05 -0.000120254 -0.134553	
6.37	6.2056e-05 -0.00012186 -0.134552	
6.38	6.32438e-05 -0.00012435 -0.134551	
6.39	6.38049e-05 -0.000125527 -0.134551	
6.4	6.44424e-05 -0.000126865 -0.13455	
6.41	6.431e-05 -0.000126587 -0.134551	
6.42	6.43507e-05 -0.000126673 -0.134551	
6.43	6.39787e-05 -0.000125894 -0.134551	
6.44	6.40581e-05 -0.00012606 -0.134551	
6.45	6.39244e-05 -0.000125779 -0.134551	
6.46	6.42892e-05 -0.000126543 -0.13455	
6.47	6.42904e-05 -0.000126544 -0.13455	
6.48	6.41908e-05 -0.000126335 -0.13455	
6.49	6.42752e-05 -0.000126511 -0.13455	
6.5	6.41098e-05 -0.000126163 -0.13455	
6.51	6.40158e-05 -0.000125965 -0.13455	
6.52	6.36801e-05 -0.000125261 -0.13455	
6.53	6.2971e-05 -0.000123774 -0.13455	
6.54	6.22698e-05 -0.000122303 -0.134551	
6.55	6.2168e-05 -0.000122089 -0.134551	
6.56	6.23262e-05 -0.000122419 -0.134551	
6.57	6.22034e-05 -0.000122161 -0.134551	
6.58	6.23057e-05 -0.000122376 -0.13455	
6.59	6.25434e-05 -0.000122873 -0.13455	
6.6	6.20414e-05 -0.00012182 -0.13455	
6.61	6.11624e-05 -0.000119977 -0.134551	
6.62	6.04843e-05 -0.000118553 -0.134551	
6.63	5.96128e-05 -0.000116725 -0.134552	
6.64	5.92555e-05 -0.000115974 -0.134552	
6.65	5.84073e-05 -0.000114194 -0.134552	
6.66	5.79173e-05 -0.000113166 -0.134553	
6.67	5.65864e-05 -0.000110373 -0.134553	
6.68	5.38287e-05 -0.000104589 -0.134555	
6.69	5.19787e-05 -0.000100708 -0.134557	
6.7	5.0431e-05 -9.74617e-05 -0.134558	
6.71	4.85133e-05 -9.34394e-05 -0.134559	
6.72	4.73875e-05 -9.10774e-05 -0.13456	
6.73	0.00312672 -0.00973206 0.319921	
6.74	0.0999627 -0.288652 3.57149	
6.75	0.059697 -0.2145 4.53488	
6.76	0.129082 -0.383201 5.12231	
6.77	0.0951102 -0.282759 3.71498	
6.78	0.522109 -0.777478 4.6642	
6.79	-0.0475305 -1.37641 3.35025	
6.8	-0.0692212 -0.987753 2.39757	
6.81	-0.055047 -0.720978 1.70967	
6.82	-0.00755092 -0.546835 1.21992	
6.83	0.00531162 -0.406624 0.856391	
6.84	0.0114038 -0.30248 0.588413	
6.85	0.0135063 -0.224728 0.392804	
6.86	1.3138 -1.68111 0.174421	
6.87	0.242383 0.990544 0.317162	
6.88	0.160521 0.734597 0.188393	
6.89	0.129485 0.522215 0.102731	
6.9	0.093505 0.383248 0.0383966	
6.91	0.0693267 0.277742 -0.00897632	
6.92	0.0502733 0.202027 -0.0439131	
6.93	0.0268356 0.152089 -0.0736308	
6.94	0.0195741 0.11123 -0.0904161	
6.95	0.0143258 0.0813278 -0.102659	
6.96	0.0104464 0.0594651 -0.11164	
6.97	0.00765542 0.0434833 -0.118172	
6.98	0.00561124 0.031789 -0.122955	
6.99	0.0042186 0.0232083 -0.126395	
7	0.00311937 0.0169416 -0.128963	
7.01	0.00230546 0.0123822 -0.130838	
7.02	0.00171775 0.00903047 -0.132212	
7.03	0.00127642 0.00659074 -0.133219	
7.04	0.000944262 0.00480995 -0.133962	
7.05	0.000689135 0.0035193 -0.134507	
7.06	0.00051101 0.00256704 -0.134905	
7.07	0.000379433 0.0018719 -0.135195	
7.08	0.000279132 0.00136741 -0.135409	
7.09	0.000280667 0.00136624 -0.135409	
7.1	0.00028083 0.00136614 -0.135409	
7.11	0.000281596 0.00136555 -0.135408	
7.12	0.000281596 0.00136555 -0.135408	
7.13	0.000280667 0.00136624 -0.135409	
7.14	0.000281596 0.00136555 -0.135408	
7.15	0.000281596 0.00136555 -0.135408	
7.16	0.000280667 0.00136624 -0.135409	
7.17	0.000281596 0.00136555 -0.135408	
7.18	0.000281596 0.00136555 -0.135408	
7.19	0.000281433 0.00136566 -0.135408	
7.2	0.000281596 0.00136555 -0.135408	
7.21	0.00028083 0.00136614 -0.135409	
7.22	0.00028083 0.00136614 -0.135409	
7.23	0.000281596 0.00136555 -0.135408	
7.24	0.000281433 0.00136566 -0.135408	
7.25	0.000281596 0.00136555 -0.135408	
7.26	0.000281596 0.00136555 -0.135408	
7.27	0.000281433 0.00136566 -0.135408	
7.28	0.000281596 0.00136555 -0.135408	
7.29	0.00028083 0.00136614 -0.135409	
7.3	0.00028083 0.00136614 -0.135409	
7.31	0.000281596 0.00136555 -0.135408	
7.32	0.00028083 0.00136614 -0.135409	
