

1631259117.6715398
1631259117.8434246
1631259117.9215558
1631259117.984058
1631259118.0621881
1631259118.1403177
1631259118.202822
1631259118.2809527
1631259118.359083
1631259118.437217
1631259118.4997165
1631259118.5778465
1631259118.65778
1631259118.7202823
1631259118.7984123
1631259118.8768988
1631259118.939406
1631259119.0175362
1631259119.0956666
1631259119.1595616
1631259119.237693
1631259119.3158221
1631259119.3939517
1631259119.4564562
1631259119.5345867
1631259119.6127164
1631259119.6752205
1631259119.753352
1631259119.8314822
1631259119.9096107
1631259119.9721153
1631259120.050245
1631259120.128375
1631259120.2065067
1631259120.2690094
1631259120.3471406
1631259120.42527
1631259120.5025709
1631259120.5650775
1631259120.643208
1631259120.7227728
1631259120.7852771
1631259120.8634086
1631259120.9415374
1631259121.0196671
1631259121.0977983
1631259121.160302
1631259121.238433
1631259121.3165627
1631259121.3790667
1631259121.4571958
1631259121.5353262
1631259121.5998597
1631259121.6779943
1631259121.756125
1631259121.820015
1631259121.898145
1631259121.9762785
1631259122.0387802
1631259122.1169095
1631259122.1950405
1631259122.2575443
1631259122.3376303
1631259122.4157608
1631259122.4796543
1631259122.5577872
1631259122.6359184
1631259122.6984212
1631259122.7609258
1631259122.8390567
1631259122.9015598
1631259122.98159
1631259123.0597193
1631259123.1378496
1631259123.201741
1631259123.2798722
1631259123.3423755
1631259123.4048812
1631259123.4673843
1631259123.5298886
1631259123.5767663
1631259123.6548967
1631259123.7330265
1631259123.7799046
1631259123.8558347
1631259123.9183373
1631259123.9652157
1631259124.0447366
1631259124.1072407
1631259124.1697445
1631259124.216623
1631259124.279127
1631259124.3433323
1631259124.4058368
1631259124.4683409
1631259124.5322483
1631259124.5947533
1631259124.6572573
1631259124.7041354
1631259124.7666395
1631259124.8135178
1631259124.8518567
1631259124.898735
1631259124.9299877
1631259124.9924912
1631259125.0563858
1631259125.1032634
1631259125.1501422
1631259125.2126455
1631259125.2595239
1631259125.3064015
1631259125.3689067
1631259125.415785
1631259125.4773073
1631259125.5241842
1631259125.5866876
1631259125.633566
1631259125.6960704
1631259125.7585745
1631259125.8054526
1631259125.8679557
1631259125.9304614
1631259125.9929671
1631259126.0554695
1631259126.1037252
1631259126.166229
1631259126.2221682
1631259126.265217
1631259126.312095
1631259126.3589735
1631259126.3902266
1631259126.4384816
1631259126.4697359
1631259126.500988
1631259126.547866
1631259126.5791183
1631259126.6259973
1631259126.6572485
1631259126.6885004
1631259126.7197526
1631259126.7353797
1631259126.766632
1631259126.7978826
1631259126.8291347
1631259126.860387
1631259126.89164
1631259126.9072654
1631259126.9385178
1631259126.9697688
1631259127.0010216
1631259127.0166488
1631259127.049612
1631259127.080867
1631259127.1121194
1631259127.1433713
1631259127.1589985
1631259127.19025
1631259127.221501
1631259127.2541394
1631259127.2853947
1631259127.3030772
1631259127.3343296
1631259127.3655813
1631259127.3968332
1631259127.4124603
1631259127.4437118
1631259127.4749632
1631259127.507603
1631259127.5232298
1631259127.5701072
1631259127.5857337
1631259127.6169858
1631259127.6482394
1631259127.6794894
1631259127.7107413
1631259127.7263684
1631259127.7576203
1631259127.788872
1631259127.8201234
1631259127.83575
1631259127.8670027
1631259127.8982546
1631259127.9295063
1631259127.9607587
1631259127.9763849
1631259128.0076368
1631259128.03889
1631259128.0545151
1631259128.0857673
1631259128.1170177
1631259128.148271
1631259128.1638978
1631259128.1951482
1631259128.2107754
1631259128.2420268
1631259128.2576532
1631259128.288905
1631259128.3045318
1631259128.3357837
1631259128.367035
1631259128.3826628
1631259128.41561
1631259128.43124
1631259128.4624908
1631259128.4937444
1631259128.50937
1631259128.540622
1631259128.5718746
1631259128.5874996
1631259128.6202483
1631259128.6515033
1631259128.6671295
1631259128.698381
1631259128.7296329
1631259128.7452598
1631259128.776511
1631259128.8077643
1631259128.8233898
1631259128.854642
1631259128.8702683
1631259128.90152
1631259128.932772
1631259128.9484
1631259128.9796493
1631259128.9952762
1631259129.0265286
1631259129.0577798
1631259129.0890315
1631259129.1046584
1631259129.1359107
1631259129.1671631
1631259129.1827905
1631259129.2140398
1631259129.245294
1631259129.2609189
1631259129.2921705
1631259129.307797
1631259129.3390486
1631259129.3703008
1631259129.3859277
1631259129.417179
1631259129.4328063
1631259129.4640582
1631259129.4953089
1631259129.5109365
1631259129.5421875
1631259129.5578141
1631259129.5890658
1631259129.6046917
1631259129.6359434
1631259129.65157
1631259129.6828213
1631259129.7140732
1631259129.7453253
1631259129.7609522
1631259129.793921
1631259129.8095474
1631259129.840799
1631259129.8720508
1631259129.8876781
1631259129.9189298
1631259129.9501805
1631259129.9658089
1631259129.9985013
1631259130.0141306
1631259130.0453818
1631259130.0766344
1631259130.0922594
1631259130.1235108
1631259130.1391373
1631259130.170389
1631259130.1860151
1631259130.2172668
1631259130.2328947
1631259130.2641463
1631259130.2797718
1631259130.3110235
1631259130.3266497
1631259130.3579018
1631259130.3891535
1631259130.4360313
1631259130.4672844
1631259130.5141637
1631259130.5922937
1631259130.6547968
1631259130.7016754
1631259130.7641783
1631259130.8266828
1631259130.873561
1631259130.9360652
1631259130.9985695
1631259131.0454493
1631259131.1079512
1631259131.1721857
1631259131.2346907
1631259131.297195
1631259131.3611062
1631259131.42361
1631259131.4861135
1631259131.5329916
1631259131.6111226
1631259131.6892533
1631259131.767384
1631259131.845514
1631259131.9080172
1631259131.9705215
1631259132.0486526
1631259132.1111562
1631259132.1892865
1631259132.267419
1631259132.3299196
1631259132.4080498
1631259132.4861798
1631259132.5503557
1631259132.6128595
1631259132.675364
1631259132.739265
1631259132.8173964
1631259132.8798997
1631259132.9443982
1631259133.0069036
1631259133.0694067
1631259133.1333046
1631259133.1958084
1631259133.6645887
1631259134.2771533
1631259134.3709095
1631259134.4334128
1631259134.4959164
1631259134.5584207
1631259134.6365511
1631259134.699055
1631259134.7615585
1631259134.824063
1631259134.886567
1631259134.9490712
1631259135.011575
1631259135.0740793
1631259135.1365833
1631259135.1990876
1631259135.2633455
1631259135.3258498
1631259135.388354
1631259135.4366078
1631259135.499114
1631259135.5772452
1631259135.639748
1631259135.7022524
1631259135.7647567
1631259135.8428872
1631259135.9053922
1631259135.9835217
1631259136.0460258
1631259136.1085296
1631259136.1866603
1631259136.249164
1631259136.3116682
1631259136.3897986
1631259136.452302
1631259136.5148063
1631259136.5946136
1631259136.6571207
1631259136.735251
1631259136.8148422
1631259136.8929718
1631259136.9711032
1631259137.0336063
1631259137.1117365
1631259137.189867
1631259137.2679973
1631259137.330501
1631259137.393006
1631259137.4711344
1631259137.5336392
1631259137.5961473
1631259137.6586466
1631259137.7211533
1631259137.7836547
1631259137.8461597
1631259137.9095075
1631259137.957392
1631259138.0198958
1631259138.0824
1631259138.1462848
1631259138.208791
1631259138.2712953
1631259138.3337994
1631259138.3963037
1631259138.4613314
1631259138.5238383
1631259138.5863419
1631259138.6488461
1631259138.7113502
1631259138.7738545
1631259138.8363585
1631259138.8988626
1631259138.9613683
1631259139.023871
1631259139.086375
1631259139.1488795
1631259139.2113833
1631259139.2738874
1631259139.338139
1631259139.385017
1631259139.447521
1631259139.5113986
1631259139.573905
1631259139.636409
1631259139.6989136
1631259139.7614174
1631259139.8239214
1631259139.8864255
1631259139.9489298
1631259140.011434
1631259140.0739381
1631259140.1364422
1631259140.1989467
1631259140.2614505
1631259140.323955
1631259140.3708339
1631259140.4333367
1631259140.4802148
1631259140.5427196
1631259140.5895972
1631259140.6364753
1631259140.6850529
1631259140.731931
1631259140.778809
1631259140.825687
1631259140.8739464
1631259140.9208267
1631259140.9677045
1631259141.0145829
1631259141.061461
1631259141.1083386
1631259141.1552174
1631259141.2177222
1631259141.2646027
1631259141.2958512
1631259141.3427296
1631259141.3896077
1631259141.436486
1631259141.4833636
1631259141.5302417
1631259141.57712
1631259141.623998
1631259141.6708763
1631259141.7177544
1631259141.7646322
1631259141.8115108
1631259141.8427625
1631259141.8896408
1631259141.9365191
1631259141.983398
1631259142.030275
1631259142.078869
1631259142.1257472
1631259142.1726253
1631259142.2195036
1631259142.2521348
1631259142.2990158
1631259142.3458934
1631259142.3927712
1631259142.43965
1631259142.4865274
1631259142.5334055
1631259142.5802836
1631259142.6271622
1631259142.67404
1631259142.705292
1631259142.7521703
1631259142.7990482
1631259142.8459277
1631259142.8928044
1631259142.9396825
1631259142.9865606
1631259143.017813
1631259143.0646913
1631259143.111569
1631259143.1603756
1631259143.2077594
1631259143.2546372
1631259143.3015158
1631259143.3327682
1631259143.3796468
1631259143.4282002
1631259143.4750783
1631259143.5063303
1631259143.5532093
1631259143.600087
1631259143.6469648
1631259143.6938431
1631259143.742104
1631259143.773356
1631259143.820235
1631259143.8671122
1631259143.9139903
1631259143.9608693
1631259143.9921205
1631259144.0389988
1631259144.0858767
1631259144.1327553
1631259144.1796334
1631259144.210885
1631259144.2577634
1631259144.3046412
1631259144.3515205
1631259144.3983977
1631259144.4452763
1631259144.5077806
1631259144.5546587
1631259144.6327884
1631259144.7109194
1631259144.7750978
1631259144.8532276
1631259144.9313598
1631259144.995243
1631259145.0889995
1631259145.1515043
1631259145.2296333
1631259145.3077626
1631259145.3858936
1631259145.4483984
1631259145.526527
1631259145.589031
1631259145.667162
1631259145.7296653
1631259145.8077958
1631259145.870299
1631259145.9484298
1631259146.010934
1631259146.0890641
1631259146.1688612
1631259146.2313654
1631259146.3094952
1631259146.373385
1631259146.451515
1631259146.5296457
1631259146.5921488
1631259146.6702802
1631259146.7327836
1631259146.8109136
1631259146.8734176
1631259146.9359214
1631259146.9984252
1631259147.076556
1631259147.1390598
1631259147.2171915
1631259147.2953231
1631259147.357825
1631259147.4359555
1631259147.5001705
1631259147.5783045
1631259147.6408076
1631259147.720331
1631259147.7984622
1631259147.860965
1631259147.9390955
1631259148.017226
1631259148.0953565
1631259148.1734858
1631259148.2516165
1631259148.3141193
1631259148.3922505
1631259148.4703798
1631259148.5502698
1631259148.6284008
1631259148.6909044
1631259148.7704473
1631259148.8502982
1631259148.9284315
1631259149.006562
1631259149.0704467
1631259149.1485772
1631259149.2267075
1631259149.3048368
1631259149.3829687
1631259149.4610984
1631259149.5392294
1631259149.617359
1631259149.6798615
1631259149.7423663
1631259149.820496
1631259149.883
1631259149.945504
1631259150.0080082
1631259150.0705123
1631259150.1486428
1631259150.2128165
1631259150.2753227
1631259150.3378267
1631259150.4003308
1631259150.4642208
1631259150.5110989
1631259150.5736034
1631259150.620481
1631259150.667359
1631259150.7298634
1631259150.7767413
1631259150.8236194
1631259150.8704975
1631259150.9173765
1631259150.9798813
1631259151.0267582
1631259151.073636
1631259151.1205142
1631259151.1673923
1631259151.2142708
1631259151.2611485
1631259151.2924006
1631259151.3392792
1631259151.386157
1631259151.4330347
1631259151.4799135
1631259151.5267909
1631259151.5753322
1631259151.6222122
1631259151.6690903
1631259151.7003434
1631259151.7472208
1631259151.7954783
1631259151.8423564
1631259151.8892345
1631259151.9361124
1631259151.9829905
1631259152.0298688
1631259152.076747
1631259152.107999
1631259152.1548772
1631259152.2017553
1631259152.2486331
1631259152.2955112
1631259152.3423896
1631259152.3892677
1631259152.4361467
1631259152.4673982
1631259152.5142756
1631259152.5611541
1631259152.608032
1631259152.6549098
1631259152.6861627
1631259152.7330406
1631259152.7799187
1631259152.8267965
1631259152.8736744
1631259152.904927
1631259152.9538436
1631259153.0007215
1631259153.0475993
1631259153.094478
1631259153.1257296
1631259153.1740034
1631259153.2208812
1631259153.267759
1631259153.299011
1631259153.3458893
1631259153.392768
1631259153.4396462
1631259153.4708982
1631259153.5177755
1631259153.5664353
1631259153.5976872
1631259153.6445656
1631259153.6914437
1631259153.7396996
1631259153.7865796
1631259153.8178332
1631259153.8647099
1631259153.9115882
1631259153.9584663
1631259154.0053442
1631259154.0522227
1631259154.0834744
1631259154.1303525
1631259154.1772306
1631259154.2241085
1631259154.270987
1631259154.3039365
1631259154.3508167
1631259154.3976948
1631259154.444573
1631259154.4914508
1631259154.5241103
1631259154.5709887
1631259154.617867
1631259154.6647446
1631259154.7116232
1631259154.7428749
1631259154.7897537
1631259154.8366308
1631259154.883509
1631259154.9460142
1631259155.0085187
1631259155.0710227
1631259155.1335275
1631259155.180405
1631259155.2429097
1631259155.3054135
1631259155.3522913
1631259155.4147959
1631259155.4772992
1631259155.5398045
1631259155.6335604
1631259155.7134259
1631259155.8071818
1631259155.902362
1631259155.9961183
1631259156.0742488
1631259156.168004
1631259156.2461348
1631259156.324265
1631259156.4023933
1631259156.4648979
1631259156.5430279
1631259156.6211593
1631259156.8086724
1631259156.9649327
1631259157.0603864
1631259157.138515
1631259157.216647
1631259157.296154
1631259157.3742843
1631259157.4524174
1631259157.530544
1631259157.6086755
1631259157.6711795
1631259157.7493098
1631259157.843067
1631259157.9055707
1631259157.9837005
1631259158.0618308
1631259158.1399608
1631259158.218091
1631259158.2805948
1631259158.358725
1631259158.422894
1631259158.501024
1631259158.5635288
1631259158.641659
1631259158.7197897
1631259158.7836788
1631259158.8774343
1631259158.9399385
1631259159.0024421
1631259159.0805724
1631259159.1587033
1631259159.2212067
1631259159.2993367
1631259159.3774693
1631259159.4399724
1631259159.5024755
1631259159.5649796
1631259159.6274834
1631259159.6899881
1631259159.7542946
1631259159.8168015
1631259159.8793046
1631259159.9418104
1631259160.005734
1631259160.068238
1631259160.1307425
1631259160.1932464
1631259160.2557507
1631259160.3182547
1631259160.3807595
1631259160.443263
1631259160.505767
1631259160.5682716
1631259160.6307755
1631259160.6932795
1631259160.7557838
1631259160.8182876
1631259160.8807921
1631259160.9432964
1631259161.0058002
1631259161.0683043
1631259161.13254
1631259161.195044
1631259161.2575479
1631259161.3204384
1631259161.3683233
1631259161.4308267
1631259161.4933307
1631259161.5558352
1631259161.6183393
1631259161.6808448
1631259161.7433474
1631259161.8058515
1631259161.868357
1631259161.9464881
1631259162.00899
1631259162.0558681
1631259162.1183722
1631259162.1808763
1631259162.2433805
1631259162.3058846
1631259162.3683891
1631259162.4308946
1631259162.4950876
1631259162.557592
1631259162.620096
1631259162.6839814
1631259162.7464871
1631259162.8089912
1631259162.8558693
1631259162.9027474
1631259162.9496255
1631259163.0121298
1631259163.0590076
1631259163.121512
1631259163.1683898
1631259163.2152681
1631259163.2621462
1631259163.3090246
1631259163.3559027
1631259163.4027805
1631259163.4496586
1631259163.4965367
1631259163.543416
1631259163.5920212
1631259163.6388988
1631259163.6857772
1631259163.7326553
1631259163.7809474
1631259163.8278255
1631259163.8765159
1631259163.9233937
1631259163.9546466
1631259164.0171502
1631259164.0654173
1631259164.127923
1631259164.1904268
1631259164.2685568
1631259164.3466873
1631259164.4091911
1631259164.4873219
1631259164.5498252
1631259164.6123292
1631259164.6748326
1631259164.737338
1631259164.799842
1631259164.8623464
1631259164.9248502
1631259165.0029805
1631259165.0967367
1631259165.2077975
1631259165.3015578
1631259165.4123242
1631259165.5217102
1631259165.6154666
1631259165.7092226
1631259165.834231
1631259165.9123611
1631259165.9904902
1631259166.0686214
1631259166.162377
1631259166.259287
1631259166.36867
1631259166.4950824
1631259166.6061893
1631259166.6999454
1631259166.795096
1631259166.8732255
1631259166.966982
1631259167.0451117
1631259167.138869
1631259167.2169983
1631259167.3107548
1631259167.3888845
1631259167.4826417
1631259167.5781357
1631259167.6562657
1631259167.735783
1631259167.8139136
1631259167.8920443
1631259167.9718604
1631259168.0499907
1631259168.1124942
1631259168.1919978
1631259168.2701275
1631259168.348258
1631259168.4263883
1631259168.5045178
1631259168.5844536
1631259168.678211
1631259168.7407146
1631259168.8045893
1631259168.8670933
1631259168.929597
1631259168.9921014
1631259169.0546052
1631259169.1171095
1631259169.1796134
1631259169.242118
1631259169.3062968
1631259169.3688047
1631259169.431307
1631259169.4938111
1631259169.5577211
1631259169.6202252
1631259169.6827295
1631259169.7452338
1631259169.8077378
1631259169.8702419
1631259169.932746
1631259169.9952505
1631259170.0577543
1631259170.120259
1631259170.1671364
1631259170.2296417
1631259170.2765188
1631259170.323397
1631259170.385901
1631259170.432779
1631259170.4952831
1631259170.5421615
1631259170.5890396
1631259170.635918
1631259170.684889
1631259170.716141
1631259170.7630196
1631259170.8098974
1631259170.8567755
1631259170.9050798
1631259170.951958
1631259170.9988363
1631259171.0457146
1631259171.0925922
1631259171.1394703
1631259171.1863484
1631259171.2332265
1631259171.2801046
1631259171.3162172
1631259171.3630948
1631259171.409973
1631259171.456851
1631259171.5051048
1631259171.5363572
1631259171.6021385
1631259171.6487958
1631259171.680047
1631259171.7269256
1631259171.773804
1631259171.8206818
1631259171.8675601
1631259171.9144382
1631259171.9613159
1631259172.008194
1631259172.0568097
1631259172.103688
1631259172.1505663
1631259172.1974452
1631259172.245738
1631259172.292615
1631259172.3394964
1631259172.3707452
1631259172.4176235
1631259172.464501
1631259172.5113792
1631259172.5582573
1631259172.6051357
1631259172.6520128
1631259172.6988907
1631259172.7457693
1631259172.7770224
1631259172.8239
1631259172.8707776
1631259172.9176555
1631259172.9645338
1631259172.9957862
1631259173.0426645
1631259173.0895422
1631259173.13642
1631259173.183298
1631259173.2145507
1631259173.2614286
1631259173.3083065
1631259173.3551843
1631259173.4037602
1631259173.4506383
1631259173.4818902
1631259173.5287688
1631259173.5756464
1631259173.622525
1631259173.6694028
1631259173.7006552
1631259173.7475338
1631259173.795813
1631259173.8426912
1631259173.8895698
1631259173.9208224
1631259173.9676993
1631259174.0145774
1631259174.061456
1631259174.1083338
1631259174.139586
1631259174.1864638
1631259174.2333417
1631259174.2802217
1631259174.3270981
1631259174.3583505
1631259174.4052284
1631259174.4521065
1631259174.498984
1631259174.5458632
1631259174.577115
1631259174.623993
1631259174.670871
1631259174.7177489
1631259174.7506962
1631259174.7975776
1631259174.8444543
1631259174.8913324
1631259174.9225848
1631259174.9708304
1631259175.0177085
1631259175.0645866
1631259175.1114647
1631259175.1427171
1631259175.189595
1631259175.236473
1631259175.283351
1631259175.3302295
1631259175.3614824
1631259175.4083595
1631259175.4552374
1631259175.5021157
1631259175.5489938
1631259175.5802464
1631259175.627124
1631259175.674002
1631259175.72088
1631259175.7521322
1631259175.799011
1631259175.8458886
1631259175.8927665
1631259175.9396443
1631259175.9865227
1631259176.0177746
1631259176.0646534
1631259176.1132462
1631259176.1601267
1631259176.1913786
1631259176.2382567
1631259176.2851348
1631259176.3334126
1631259176.3802934
1631259176.4115434
1631259176.458421
1631259176.505299
1631259176.5521772
1631259176.5834293
1631259176.6303077
1631259176.6771855
1631259176.7240648
1631259176.7553158
1631259176.8021936
1631259176.8490725
1631259176.8959498
1631259176.9272025
1631259176.97408
1631259177.0209584
1631259177.0678365
1631259177.0990887
1631259177.145967
1631259177.1928446
1631259177.239723
1631259177.2709746
1631259177.3178532
1631259177.3647308
1631259177.4116092
1631259177.4428616
1631259177.491417
1631259177.5382953
1631259177.5851731
1631259177.6164255
1631259177.6633034
1631259177.7115653
1631259177.7584436
1631259177.7896957
1631259177.8365736
1631259177.8834524
1631259177.9147046
1631259177.9615827
1631259178.0084598
1631259178.0553384
1631259178.1334684
1631259178.242853
1631259178.3366094
1631259178.4303646
1631259178.5241206
1631259178.6197045
1631259178.713461
1631259178.7930262
1631259178.8729036
1631259178.951034
1631259179.0291646
1631259179.108759
1631259179.202514
1631259179.280645
1631259179.3744001
1631259179.468158
1631259179.5462866
1631259179.6400433
1631259179.7181737
1631259179.8119311
1631259179.8900602
1631259179.9838164
1631259180.0619469
1631259180.1400766
1631259180.2043097
1631259180.2824454
1631259180.344949
1631259180.408839
1631259180.4869742
1631259180.5494792
1631259180.6119826
1631259180.9870067
1631259181.0807633
1631259181.1432674
1631259181.1901453
1631259181.2526486
1631259181.3151531
1631259181.3776574
1631259181.440161
1631259181.5026658
1631259181.5668437
1631259181.6137257
1631259181.6762304
1631259181.7387345
1631259181.8026283
1631259181.8651326
1631259181.9276376
1631259181.9901412
1631259182.03702
1631259182.0995238
1631259182.1620276
1631259182.224533
1631259182.27141
1631259182.333914
1631259182.3964179
1631259182.4589224
1631259182.5058002
1631259182.5683043
1631259182.6308086
1631259182.6933122
1631259182.7558172
1631259182.8026946
1631259182.880825
1631259182.9450624
1631259183.0231931
1631259183.1169488
1631259183.212103
1631259183.3058572
1631259183.3996139
1631259183.4777439
1631259183.5715003
1631259183.6514094
1631259183.745166
1631259183.8247194
1631259183.8872235
1631259183.9653535
1631259184.0434885
1631259184.1216156
1631259184.1997437
1631259184.277874
1631259184.3577254
1631259184.4358509
1631259184.513981
1631259184.5935419
1631259184.6560452
1631259184.7185512
1631259184.7810538
1631259184.8435571
1631259184.906062
1631259184.984191
1631259185.0466945
1631259185.1248248
1631259185.1873293
1631259185.2498326
1631259185.3123376
1631259185.3748424
1631259185.4373472
1631259185.5154777
1631259185.57798
1631259185.6248586
1631259185.689047
1631259185.751551
1631259185.814055
1631259185.8935654
1631259185.956068
1631259186.0341985
1631259186.1279557
1631259186.2060845
1631259186.26859
1631259186.34672
1631259186.409224
1631259186.4717276
1631259186.5342312
1631259186.6123607
1631259186.676333
1631259186.739882
1631259186.8023856
1631259186.86489
1631259186.9273934
1631259186.989898
1631259187.0541224
1631259187.1166272
1631259187.179131
1631259187.243042
1631259187.3055468
1631259187.3836777
1631259187.4461818
1631259187.508686
1631259187.555564
1631259187.633694
1631259187.6961987
1631259187.7587028
1631259187.8212068
1631259187.8837116
1631259187.9462159
1631259188.0087192
1631259188.0712228
1631259188.1337276
1631259188.1962311
1631259188.2743614
1631259188.3524923
1631259188.4166954
1631259188.5104523
1631259188.6074212
1631259188.7011812
1631259188.794938
1631259188.8901083
1631259188.9838648
1631259189.0932472
1631259189.2026308
1631259189.312014
1631259189.4213946
1631259189.5307758
1631259189.640158
1631259189.7512836
1631259189.8450441
1631259189.9388003
1631259190.0183666
1631259190.0964963
1631259190.1902528
1631259190.268383
1631259190.3621404
1631259190.440271
1631259190.5340261
1631259190.6277819
1631259190.7059126
1631259190.799669
1631259190.8777997
1631259190.971555
1631259191.0653114
1631259191.1764338
1631259191.2701912
1631259191.3341672
1631259191.4122963
1631259191.4748
1631259191.5529308
1631259191.6154344
1631259191.6935647
1631259191.7716951
1631259191.8341987
1631259191.9123292
1631259191.9748335
1631259192.0373375
1631259192.1154675
1631259192.177972
1631259192.2561023
1631259192.318606
1631259192.3967366
1631259192.4592402
1631259192.539274
1631259192.6017785
1631259192.6812859
1631259192.743792
1631259192.8219223
1631259192.8844266
1631259192.9625564
1631259193.0250611
1631259193.103192
1631259193.1656954
1631259193.2450893
1631259193.3130763
1631259193.3755803
1631259193.4537106
1631259193.5162148
1631259193.5943446
1631259193.656849
1631259193.7349792
1631259193.7995443
1631259193.8776743
1631259193.971431
1631259194.0495613
1631259194.1433175
1631259194.2214477
1631259194.2995782
1631259194.377707
1631259194.4714644
1631259194.549594
1631259194.627725
1631259194.7214806
1631259194.7996106
1631259194.8777413
1631259194.9714973
1631259195.0496285
1631259195.1433847
1631259195.2215142
1631259195.2996454
1631259195.3777735
1631259195.4729145
1631259195.5666702
1631259195.6447997
1631259195.7229297
1631259195.8010607
1631259195.8791893
1631259195.9573197
1631259196.0354507
1631259196.1292074
1631259196.2073374
1631259196.2854664
1631259196.3635964
1631259196.441727
1631259196.5198572
1631259196.5997016
1631259196.6778314
1631259196.755962
1631259196.835506
1631259196.9136367
1631259196.991766
1631259197.0855262
1631259197.163653
1631259197.2417827
1631259197.319913
1631259197.3980432
1631259197.476174
1631259197.5543036
1631259197.6324346
1631259197.7261922
1631259197.804321
1631259197.8824503
1631259197.9622686
1631259198.0403984
1631259198.1185286
1631259198.1980386
1631259198.2761686
1631259198.3543
1631259198.432429
1631259198.510559
1631259198.588689
1631259198.6668196
1631259198.7627282
1631259198.8408563
1631259198.9203632
1631259198.9984934
1631259199.0766244
1631259199.1547542
1631259199.2347472
1631259199.312877
1631259199.3910072
1631259199.469137
1631259199.547267
1631259199.6267686
1631259199.7049003
1631259199.7986567
1631259199.8767872
1631259199.9705422
1631259200.048672
1631259200.1268022
1631259200.2049322
1631259200.2830627
1631259200.3768206
1631259200.4549491
1631259200.5330787
1631259200.6112096
1631259200.6910446
1631259200.7848012
1631259200.8643088
1631259200.942442
1631259201.0205715
1631259201.1006324
1631259201.1787622
1631259201.258262
1631259201.3363948
1631259201.414525
1631259201.5082831
1631259201.5864115
1631259201.6645417
1631259201.7426722
1631259201.8208025
1631259201.898933
1631259201.992689
1631259202.072543
1631259202.150671
1631259202.2301764
1631259202.3083098
1631259202.3864396
1631259202.4801967
1631259202.5583274
1631259202.636456
1631259202.7145863
1631259202.7927163
1631259202.8708467
1631259202.9489768
1631259203.042735
1631259203.1208634
1631259203.198994
1631259203.2771244
1631259203.3552554
1631259203.435092
1631259203.5132222
1631259203.608372
1631259203.686502
1631259203.7646315
1631259203.8583884
1631259203.9365177
1631259204.0146477
1631259204.092778
1631259204.170908
1631259204.2507925
1631259204.3289223
1631259204.4070528
1631259204.4865718
1631259204.5803282
1631259204.6584585
1631259204.7383125
1631259204.8164468
1631259204.894578
1631259204.9740977
1631259205.0678551
1631259205.1459835
1631259205.2241142
1631259205.3022459
1631259205.3960009
1631259205.474131
1631259205.552261
1631259205.630391
1631259205.708522
1631259205.7866518
1631259205.8647819
1631259205.9585383
1631259206.0366673
1631259206.1169677
1631259206.1950965
1631259206.2732267
1631259206.352751
1631259206.430881
1631259206.50901
1631259206.6027677
1631259206.6808977
1631259206.7590272
1631259206.8371565
1631259206.9152877
1631259206.9934182
1631259207.0715477
1631259207.1653047
1631259207.2434342
1631259207.3215644
1631259207.3996947
1631259207.4795392
1631259207.5576725
1631259207.635803
1631259207.7309532
1631259207.8090823
1631259207.8872125
1631259207.9653425
1631259208.0591
1631259208.13723
1631259208.2153592
1631259208.3091178
1631259208.3872466
1631259208.465376
1631259208.5435064
1631259208.6216373
1631259208.6997662
1631259208.7778962
1631259208.8577297
1631259208.9358602
1631259209.029617
1631259209.1091456
1631259209.2029018
1631259209.2828298
1631259209.36096
1631259209.4390907
1631259209.518603
1631259209.6123617
1631259209.6904905
1631259209.7842455
1631259209.8623753
1631259209.9405062
1631259210.0186362
1631259210.112393
1631259210.1922207
1631259210.2703552
1631259210.3484855
1631259210.4436367
1631259210.5217667
1631259210.5998964
1631259210.6780267
1631259210.7561579
1631259210.834286
1631259210.9280438
1631259211.0061731
1631259211.084303
1631259211.1624334
1631259211.2405632
1631259211.3186934
1631259211.412451
1631259211.4905808
1631259211.5704074
1631259211.648538
1631259211.7266681
1631259211.8061924
1631259211.8843217
1631259211.9780781
1631259212.056208
1631259212.1343386
1631259212.2124684
1631259212.2905984
1631259212.3687298
1631259212.4624858
1631259212.5406153
1631259212.6187453
1631259212.6968753
1631259212.7750056
1631259212.8531353
1631259212.93297
1631259213.011101
1631259213.1048567
1631259213.1843889
1631259213.2625194
1631259213.34065
1631259213.4187799
1631259213.4969096
1631259213.57504
1631259213.6687963
1631259213.746926
1631259213.8250566
1631259213.903186
1631259213.9813173
1631259214.0750735
1631259214.1532042
1631259214.2313347
1631259214.3111966
1631259214.3893251
1631259214.4674551
1631259214.5626123
1631259214.6407418
1631259214.7188718
1631259214.7970028
1631259214.875133
1631259214.9532623
1631259215.0313935
1631259215.12515


1631259221.3560965
1631259221.5279818
1631259221.6061194
1631259221.6686168
1631259221.7467465
1631259221.8248768
1631259221.9030073
1631259221.9655108
1631259222.0436418
1631259222.1217713
1631259222.1999025
1631259222.2624056
1631259222.3405359
1631259222.4186661
1631259222.482919
1631259222.5610495
1631259222.6235533
1631259222.7016842
1631259222.7798133
1631259222.8436956
1631259222.921826
1631259222.9843307
1631259223.0624604
1631259223.140591
1631259223.2030945
1631259223.2862175
1631259223.3487213
1631259223.426852
1631259223.504982
1631259223.5674877
1631259223.6456165
1631259223.7237475
1631259223.7862515
1631259223.8660805
1631259223.9285805
1631259224.0067108
1631259224.0706115
1631259224.1561935
1631259224.218701
1631259224.2968311
1631259224.3593354
1631259224.4374661
1631259224.5170052
1631259224.5795085
1631259224.657639
1631259224.7357693
1631259224.798273
1631259224.8764036
1631259224.9389074
1631259225.0170386
1631259225.0951672
1631259225.1576734
1631259225.2375057
1631259225.3000095
1631259225.3781407
1631259225.442034
1631259225.5201645
1631259225.5982947
1631259225.6607988
1631259225.7389283
1631259225.817059
1631259225.879563
1631259225.9576933
1631259226.035827
1631259226.0983279
1631259226.1764576
1631259226.238962
1631259226.3170927
1631259226.3952234
1631259226.4577267
1631259226.5358572
1631259226.6157846
1631259226.6782892
1631259226.7577965
1631259226.8359303
1631259226.8984337
1631259226.976564
1631259227.0390685
1631259227.1171978
1631259227.179702
1631259227.2578323
1631259227.320336
1631259227.398466
1631259227.4609702
1631259227.5391023
1631259227.6172328
1631259227.6797345
1631259227.7578652
1631259227.820369
1631259227.898499
1631259227.9627507
1631259228.0408814
1631259228.103385
1631259228.1815152
1631259228.2440197
1631259228.3221505
1631259228.4002802
1631259228.462785
1631259228.5409136
1631259228.5891871
1631259228.636067
1631259228.6673195
1631259228.714197
1631259228.7454503
1631259228.7767015
1631259228.8079538
1631259228.8548315
1631259228.8860846
1631259228.9329612
1631259228.9642143
1631259228.9954665
1631259229.0267184
1631259229.0579708
1631259229.0892227
1631259229.1204739
1631259229.1361017
1631259229.1673534
1631259229.1986046
1631259229.2298572
1631259229.2454832
1631259229.2784927
1631259229.3097472
1631259229.3409991
1631259229.3722525
1631259229.4191294
1631259229.4347575
1631259229.4660084
1631259229.4986672
1631259229.5299194
1631259229.5611715
1631259229.5924256
1631259229.6080506
1631259229.6393027
1631259229.670553
1631259229.7018058
1631259229.7330575
1631259229.7643104
1631259229.7799366
1631259229.8111885
1631259229.84244
1631259229.8736913
1631259229.8912725
1631259229.9225276
1631259229.9537787
1631259229.9694064
1631259230.0006576
1631259230.03191
1631259230.0475357
1631259230.0787878
1631259230.111432
1631259230.1270595
1631259230.1583114
1631259230.1895626
1631259230.220814
1631259230.2364428
1631259230.2676933
1631259230.2989452
1631259230.3301976
1631259230.345824
1631259230.3770754
1631259230.4083285
1631259230.4395785
1631259230.4552062
1631259230.4864612
1631259230.5177093
1631259230.5489635
1631259230.5645878
1631259230.5958393
1631259230.6114662
1631259230.6445522
1631259230.6758082
1631259230.7070587
1631259230.7383108
1631259230.75394
1631259230.7851892
1631259230.8008156
1631259230.8320677
1631259230.8647082
1631259230.8803353
1631259230.911586
1631259230.9428384
1631259230.97409
1631259230.989718
1631259231.0209694
1631259231.0522203
1631259231.0678473
1631259231.0990994
1631259231.1303508
1631259231.1459775
1631259231.1772292
1631259231.208481
1631259231.2241073
1631259231.2553596
1631259231.2709875
1631259231.3022377
1631259231.317864
1631259231.3491156
1631259231.3647418
1631259231.395994
1631259231.4272459
1631259231.4428723
1631259231.4741237
1631259231.4897506
1631259231.5210044
1631259231.5522535
1631259231.5678802
1631259231.5991318
1631259231.614759
1631259231.6460109
1631259231.677262
1631259231.6928895
1631259231.72414
1631259231.7397666
1631259231.771018
1631259231.7866461
1631259231.8178966
1631259231.8335228
1631259231.864775
1631259231.8960268
1631259231.9116533
1631259231.9429057
1631259231.9585311
1631259231.9897833
1631259232.007243
1631259232.0384986
1631259232.06975
1631259232.0853772
1631259232.1166284
1631259232.1478806
1631259232.1635072
1631259232.1947582
1631259232.2117636
1631259232.2430189
1631259232.2586453
1631259232.2898965
1631259232.3055265
1631259232.3367743
1631259232.3524046
1631259232.3836532
1631259232.3992798
1631259232.4305317
1631259232.461783
1631259232.47741
1631259232.5086615
1631259232.524288
1631259232.5555396
1631259232.5867908
1631259232.6024191
1631259232.6336696
1631259232.649296
1631259232.6805472
1631259232.6961749
1631259232.7274258
1631259232.7586787
1631259232.7899292
1631259232.8368073
1631259232.883685
1631259232.9305632
1631259232.9618156
1631259233.008694
1631259233.055572
1631259233.10245
1631259233.133703
1631259233.18058
1631259233.227458
1631259233.2743373
1631259233.3212142
1631259233.3699348
1631259233.416815
1631259233.463695
1631259233.5105715
1631259233.5574505
1631259233.6057243
1631259233.6526034
1631259233.7151074
1631259233.7619853
1631259233.8088653
1631259233.8713686
1631259233.9182458
1631259233.9651246
1631259234.027628
1631259234.074507
1631259234.1370122
1631259234.1995149
1631259234.2463937
1631259234.3088968
1631259234.355774
1631259234.41828
1631259234.4807837
1631259234.558914
1631259234.637045
1631259234.7325857
1631259234.81072
1631259234.9044764
1631259234.9982328
1631259235.0763633
1631259235.155942
1631259235.23407
1631259235.3590782
1631259235.4840875
1631259235.6403472
1631259235.8122346
1631259235.9684963
1631259237.56774
1631259239.8224957
1631259239.9006257
1631259239.980959
1631259240.0434618
1631259240.121974
1631259240.1871934
1631259240.2496998
1631259240.3122041
1631259240.3917181
1631259240.454224
1631259240.5167284
1631259240.5792325
1631259240.657363
1631259240.719867
1631259240.7823708
1631259240.860501
1631259240.9230053
1631259241.0011353
1631259241.0792658
1631259241.1573956
1631259241.2355263
1631259241.313656
1631259241.391787
1631259241.4699166
1631259241.5497448
1631259241.6278784
1631259241.7060075
1631259241.78552
1631259241.86365
1631259241.9417813
1631259242.019913
1631259242.0824144
1631259242.1605442
1631259242.2230484
1631259242.3011787
1631259242.3636827
1631259242.441813
1631259242.504317
1631259242.582447
1631259242.6449513
1631259242.7230816
1631259242.7855856
1631259242.84809
1631259242.9279306
1631259242.9904354
1631259243.052939
1631259243.1324444
1631259243.1949484
1631259243.2574522
1631259243.3355827
1631259243.398087
1631259243.4762185
1631259243.5543475
1631259243.6324775
1631259243.7106075
1631259243.788738
1631259243.8668678
1631259243.944998
1631259244.0387561
1631259244.1325111
1631259244.2262685
1631259244.306106
1631259244.399863
1631259244.4950116
1631259244.6043959
1631259244.6981504
1631259245.2969131
1631259246.0670831
1631259246.457734
1631259246.5671165
1631259246.6921244
1631259246.785881
1631259246.8640096
1631259246.9577656
1631259247.0532212
1631259247.1313512
1631259247.2360191
1631259247.3246212
1631259247.402751
1631259247.4965074
1631259247.5902634
1631259247.6683934
1631259247.762151
1631259247.8559058
1631259247.9340367
1631259248.0277925
1631259248.1059225
1631259248.1996787
1631259248.2960515
1631259248.4054341
1631259248.5304432
1631259248.671077
1631259248.7960858
1631259248.9210935
1631259249.0461032
1631259249.1711118
1631259249.284204
1631259249.4106033
1631259249.5356119
1631259249.66062
1631259249.7873363
1631259249.9123452
1631259250.0251234
1631259250.1515617
1631259250.2765737
1631259250.4015832


1631259252.9584439
1631259253.1146908
1631259253.177207
1631259253.2397115
1631259253.3178473
1631259253.3803515
1631259253.4428556
1631259253.5209858
1631259253.58349
1631259253.6616158
1631259253.7397459
1631259253.802256
1631259253.8823152
1631259253.9448133
1631259254.0073175
1631259254.0836346
1631259254.1461627
1631259254.2086656
1631259254.2867973
1631259254.3493
1631259254.413214
1631259254.4913664
1631259254.5538707
1631259254.6163745
1631259254.6862838
1631259254.7644138
1631259254.8581731
1631259254.9363031
1631259255.0315084
1631259255.1096616
1631259255.1738706
1631259255.2363958
1631259255.298901
1631259255.345772
1631259255.4097676
1631259255.4722703
1631259255.5347748
1631259255.6108122
1631259255.6733325
1631259255.7358425
1631259255.7983465
1631259255.8623521
1631259255.9248571
1631259255.9717405
1631259256.0342388
1631259256.0967426
1631259256.1592526
1631259256.2217574
1631259256.2842612
1631259256.3467593
1631259256.409273
1631259256.4717734
1631259256.5342777
1631259256.5985441
1631259256.6610484
1631259256.723547
1631259256.7874982
1631259256.8500085
1631259256.9125128
1631259256.975017
1631259257.0375206
1631259257.1000252
1631259257.162529
1631259257.2250333
1631259257.2875373
1631259257.3500416
1631259257.4125457
1631259257.4750497
1631259257.5219278
1631259257.5844321
1631259257.6469362
1631259257.7094405
1631259257.7719445
1631259257.8344486
1631259257.8969529
1631259257.961316
1631259258.0081925
1631259258.0550709
1631259258.101949
1631259258.1502717
1631259258.1815226
1631259258.2284012
1631259258.2752793
1631259258.3377829
1631259258.3846617
1631259258.433114
1631259258.4811156
1631259258.5436165
1631259258.5904949
1631259258.6373725
1631259258.6842506
1631259258.7311292
1631259258.778007
1631259258.824885
1631259258.8717635
1631259258.918641
1631259258.9811394
1631259259.0280235
1631259259.0905275
1631259259.1530323
1631259259.215531
1631259259.279807
1631259259.3423114
1631259259.4048154
1631259259.4516933
1631259259.5176082
1631259259.5801125
1631259259.6426165
1631259259.706546
1631259259.8003247
1631259259.894081
1631259259.989722
1631259260.0834785
1631259260.1787364
1631259260.553761
1631259260.6492934
1631259260.8055537
1631259260.8851244
1631259260.9632547
1631259261.0413847
1631259261.119515
1631259261.1976447
1631259261.2757752
1631259261.3539054
1631259261.4476562
1631259261.5101657
1631259261.588296
1631259261.6820467
1631259261.7601824
1631259261.8695648
1631259261.978947
1631259262.0744975
1631259262.1526275
1631259262.2166073
1631259262.2791114
1631259262.3416154
1631259262.4041197
1631259262.466624
1631259262.5291276
1631259262.5916321
1631259262.6541364
1631259262.7166343
1631259262.7791448
1631259262.8416483
1631259262.9041529
1631259262.9666512
1631259263.0291612
1631259263.0916648
1631259263.154169
1631259263.2166734
1631259263.2791774
1631259263.3416817
1631259263.4059193
1631259263.4684215
1631259263.5309255
1631259263.5948982
1631259263.6574023
1631259263.7199063
1631259263.7824109
1631259263.8449147
1631259263.9074128
1631259263.9699228
1631259264.0324278
1631259264.0949311
1631259264.1574354
1631259264.2199395
1631259264.2824435
1631259264.3449478
1631259264.4074526
1631259264.4699562
1631259264.5324628
1631259264.594965
1631259264.6574683
1631259264.7217245
1631259264.7842507
1631259264.8467548
1631259264.909259
1631259264.9749498
1631259265.037477
1631259265.099981
1631259265.1624856
1631259265.2107887
1631259265.2732868
1631259265.335797
1631259265.398301
1631259265.4764328
1631259265.5389352
1631259265.6014395
1631259265.6639438
1631259265.7264476
1631259265.7733197
1631259265.83583
1631259265.8983283
1631259265.9452124
1631259266.0077014
1631259266.0702202
1631259266.1343808
1631259266.2125242
1631259266.275029
1631259266.3702238
1631259266.44836
1631259266.542116
1631259266.8390107
1631259266.932767
1631259267.042149
1631259267.1359053
1631259267.3390436
1631259267.5283754
1631259267.6377592
1631259267.7641976
1631259267.9517236
1631259268.7955291
1631259268.9379246
1631259269.0175457
1631259269.111323
1631259269.1894534
1631259269.2675781
1631259269.3300877
1631259269.3925917
1631259269.470722
1631259269.5332263
1631259269.59573
1631259269.6738544
1631259269.7363646
1631259269.8144946
1631259269.876999
1631259269.9551291
1631259270.0351784
1631259270.0976827
1631259270.1758127
1631259270.253943
1631259270.332073
1631259270.396061
1631259270.474191
1631259270.536695
1631259270.5991995
1631259270.6773293
1631259270.7398276
1631259270.8179576
1631259270.8804677
1631259270.9585981
1631259271.021104
1631259271.0992322
1631259271.1617365
1631259271.2398608
1631259271.3023708
1631259271.364875
1631259271.4430063
1631259271.5211353
1631259271.5854313
1631259271.6479356
1631259271.7260654
1631259271.7900417
1631259271.868172
1631259271.9306817
1631259271.9931858
1631259272.0713165
1631259272.1494465
1631259272.2119503
1631259272.2744484
1631259272.352585
1631259272.4150887
1631259272.493219
1631259272.555723
1631259272.6338532
1631259272.6963618
1631259272.7744918
1631259272.8526149
1631259272.9326756
1631259273.0264318
1631259273.121693
1631259273.2154489
1631259273.3092053
1631259273.4029422
1631259273.5123277
1631259273.6217103
1631259273.7154658
1631259273.8092191
1631259273.9186044
1631259274.043612
1631259274.1686203
1631259274.279704
1631259274.4515922
1631259274.5779984
1631259274.7030215
1631259274.890534
1631259275.0955799
1631259275.3001652
1631259275.5658102
1631259275.755104
1631259275.8659425
1631259275.9909506
1631259276.084707
1631259276.1784632
1631259276.2565875
1631259276.3503494
1631259276.4441056
1631259276.5378616
1631259276.615992
1631259276.7097483
1631259276.8034985
1631259276.8816345
1631259276.9753907
1631259277.0708396
1631259277.1645982
1631259277.2583532
1631259277.367734
1631259277.461493
1631259277.555252
1631259277.666126
1631259277.759882
1631259277.8536417
1631259277.9630208
1631259278.0567713
1631259278.1661592
1631259278.2599156
1631259278.3555346
1631259278.4649165


1631259281.4958782
1631259281.636499
1631259281.6990218
1631259281.777152
1631259281.8396559
1631259281.9021606
1631259281.9802904
1631259282.0427945
1631259282.1209247
1631259282.183429
1631259282.261559
1631259282.324057
1631259282.3865674
1631259282.4665167
1631259282.5446491
1631259282.6071436
1631259282.6696541
1631259282.7477841
1631259282.8102882
1631259282.874216
1631259282.955624
1631259283.018133
1631259283.096261
1631259283.1587677
1631259283.2212713
1631259283.2994013
1631259283.363365
1631259283.4258707
1631259283.4883738
1631259283.550877
1631259283.613382
1631259283.6758857
1631259283.7383897
1631259283.8026009
1631259283.8651264
1631259283.9276304
1631259283.9901283
1631259284.0676649
1631259284.1301918
1631259284.192696
1631259284.2552
1631259284.3194273
1631259284.3819368
1631259284.444441
1631259284.5069392
1631259284.5694494
1631259284.6319563
1631259284.7100844
1631259284.7725818
1631259284.835092
1631259284.8975961
1631259284.9601004
1631259285.0246272
1631259285.0871525
1631259285.1496568
1631259285.2180676
1631259285.2804098
1631259285.342913
1631259285.4068148
1631259285.4693182
1631259285.531823
1631259285.5943456
1631259285.6568437
1631259285.719354
1631259285.781858
1631259285.844362
1631259285.9068606
1631259285.9537444
1631259286.0162485
1631259286.0631268
1631259286.1256313
1631259286.2037444
1631259286.2662652
1631259286.3287692
1631259286.3756475
1631259286.4225261
1631259286.469404
1631259286.5162818
1631259286.5649073
1631259286.6117857
1631259286.658657
1631259286.705541
1631259286.7538984
1631259286.8007765
1631259286.8320286
1631259286.8789067
1631259286.9257848
1631259286.9726636
1631259287.019541
1631259287.066419
1631259287.1132972
1631259287.1601753
1631259287.2070477
1631259287.2539315
1631259287.300811
1631259287.3476906
1631259287.410193
1631259287.45707
1631259287.5039477
1631259287.5508265
1631259287.597704
1631259287.6445825
1631259287.7070801
1631259287.7539659
1631259287.8164713
1631259287.8633487
1631259288.0213144
1631259288.068192
1631259288.1165068
1631259288.179011
1631259288.241509
1631259288.3040192
1631259288.366523
1631259288.4446535
1631259288.5071516
1631259288.6165397
1631259288.9290607
1631259289.0071847
1631259289.100947
1631259289.210329
1631259289.3058314
1631259289.7760727
1631259290.3107688
1631259290.4982812
1631259290.5764115
1631259290.656334
1631259290.7500896
1631259290.8296132
1631259290.9233854
1631259291.032775
1631259291.1265292
1631259291.2046595
1631259291.2984157
1631259291.3921723
1631259291.4703019
1631259291.5328062
1631259291.5953104
1631259291.6734405
1631259291.7359447
1631259291.7984486
1631259291.860953
1631259291.923451
1631259291.9877384
1631259292.0502641
1631259292.1127682
1631259292.175275
1631259292.2392163
1631259292.306686
1631259292.3691885
1631259292.4316926
1631259292.4956183
1631259292.5581453
1631259292.62065
1631259292.6831546
1631259292.7456577
1631259292.8394141
1631259292.9487965
1631259293.0269265
1631259293.1206825
1631259293.230059
1631259293.323821
1631259293.4193008
1631259293.5286832
1631259293.639479
1631259293.7559547
1631259293.976171
1631259294.1949499
1631259294.3199685
1631259294.429847
1631259294.5704713
1631259294.695494
1631259294.8517408
1631259295.014451
1631259297.6853588
1631259300.7881021
1631259300.8662262
1631259300.9756107
1631259301.0537403
1631259301.1318705
1631259301.1943746
1631259301.272505
1631259301.335009
1631259301.4131334
1631259301.4756434
1631259301.5555646
1631259301.6180687
1631259301.696193
1631259301.7602112
1631259301.8227165
1631259301.9008489
1631259301.9789762
1631259302.041474
1631259302.1196103
1631259302.1840005
1631259302.24652
1631259302.324656
1631259302.3871553
1631259302.4652903
1631259302.529255
1631259302.6073792
1631259302.6698892
1631259302.7480197
1631259302.8105237
1631259302.8893614
1631259302.9528937
1631259303.0310318
1631259303.1106465
1631259303.188777
1631259303.2512808
1631259303.329411
1631259303.4075356
1631259303.4856715
1631259303.5638018
1631259303.641932
1631259303.7044363
1631259303.7825663
1631259303.8606904
1631259303.9231946
1631259304.0013306
1631259304.0638373
1631259304.1419654
1631259304.2200952
1631259304.284357
1631259304.3624873
1631259304.4406116
1631259304.5202055
1631259304.5983357
1631259304.676466
1631259304.754596
1631259304.8327262
1631259304.9264827
1631259305.0202386
1631259305.1003346
1631259305.194092
1631259305.2892904
1631259305.3830473
1631259305.476803
1631259305.5705595
1631259305.666092
1631259305.7598484
1631259306.0425894
1631259306.4019883
1631259306.4957445
1631259306.6363788
1631259306.7926395
1631259306.9176416
1631259307.0288246
1631259307.186516
1631259307.3427994
1631259307.545938
1631259307.7490764
1631259307.9053366
1631259308.0772228
1631259308.407142
1631259309.0179968
1631259309.3305173
1631259309.7072923
1631259309.847949
1631259309.9900548
1631259310.163858
1631259310.3215408
1631259310.4934273
1631259310.6340613
1631259310.8372
1631259310.977834
1631259311.1202478
1631259311.260882
1631259311.5592113
1631259311.7623496
1631259311.902984
1631259312.0748703
1631259312.3873913
1631259312.5297508
1631259312.6405807
1631259312.7343597
1631259312.828116
1631259312.9062462
1631259313.0000024
1631259313.0937588
1631259313.1875148
1631259313.282315
1631259313.3760748
1631259313.4854584
1631259313.5792122
1631259313.6729758
1631259313.7823532
1631259313.8761094
1631259313.9698656
1631259314.0807135
1631259314.174464
1631259314.288188
1631259314.38869
1631259314.4824462
1631259314.591828


1631259317.5720515
1631259317.7126784
1631259317.7752016
1631259317.8533318
1631259317.9175894
1631259317.9957194
1631259318.0582237
1631259318.1377892
1631259318.200293
1631259318.2784235
1631259318.3565538
1631259318.4190578
1631259318.497188
1631259318.5596921
1631259318.6378224
1631259318.7132978
1631259318.7758255
1631259318.8539553
1631259318.9164612
1631259318.9945908
1631259319.0570922
1631259319.1352315
1631259319.213355
1631259319.2758582
1631259319.3383565
1631259319.400863
1631259319.463368
1631259319.5258749
1631259319.588379
1631259319.6523845
1631259319.714916
1631259319.7774162
1631259319.83992
1631259319.9024243
1631259319.9649286
1631259320.0276964
1631259320.0918574
1631259320.1543837
1631259320.216888
1631259320.2793941
1631259320.3418798
1631259320.4094226
1631259320.4719315
1631259320.5344489
1631259320.58284
1631259320.6471145
1631259320.7096171
1631259320.7721155
1631259320.836104
1631259320.898608
1631259320.961112
1631259321.0236163
1631259321.0861204
1631259321.1486244
1631259321.2111285
1631259321.2736285
1631259321.336137
1631259321.3986409
1631259321.4645407
1631259321.5270448
1631259321.5895488
1631259321.6535172
1631259321.7160218
1631259321.7785254
1631259321.8410234
1631259321.9035347
1631259321.966038
1631259322.014719
1631259322.0615969
1631259322.1241012
1631259322.1709793
1631259322.2349088
1631259322.2974255
1631259322.3599296
1631259322.406802
1631259322.45368
1631259322.5005643
1631259322.5474422
1631259322.59432
1631259322.6411984
1631259322.6880703
1631259322.7349546
1631259322.7818327
1631259322.8287108
1631259322.8599634
1631259322.9068348
1631259322.9537134
1631259323.000597
1631259323.0474749
1631259323.0943537
1631259323.1412315
1631259323.1724844
1631259323.219362
1631259323.2662394
1631259323.313118
1631259323.3617456
1631259323.4086237
1631259323.4555044
1631259323.4867558
1631259323.5180109
1631259323.5506914
1631259323.5819678
1631259323.6132188
1631259323.6444716
1631259323.6757228
1631259323.7069745
1631259323.7538538
1631259323.7851064
1631259323.8319829
1631259323.863235
1631259323.878864
1631259323.9101105
1631259323.9413621
1631259323.9726171
1631259324.003871
1631259324.0351226
1631259324.0663693
1631259324.082001
1631259324.1132529
1631259324.1445053
1631259324.175751
1631259324.2070076
1631259324.238254
1631259324.2695138
1631259324.3163898
1631259324.3632681
1631259324.410146
1631259324.4413934
1631259324.4882722
1631259324.535156
1631259324.5820343
1631259324.6289108
1631259324.675789
1631259324.724357
1631259324.7712407
1631259324.818119
1631259324.8649971
1631259324.9133222
1631259324.9602234
1631259325.0071018
1631259325.0539806
1631259325.1027265
1631259325.1652522
1631259325.243382
1631259325.3073049
1631259325.3698304
1631259325.4479606
1631259325.947988
1631259326.04175
1631259326.1216543
1631259326.2310364
1631259326.3262212
1631259326.4199777
1631259326.4981077
1631259326.5918639
1631259326.6856203
1631259326.779376
1631259326.8575003
1631259326.9356365
1631259327.0137672
1631259327.0918965
1631259327.154401
1631259327.2325318
1631259327.310661
1631259327.4531178
1631259327.5468738
1631259327.6576986
1631259327.7514532
1631259327.8295836
1631259327.9233398
1631259328.0014699
1631259328.063974
1631259328.1421049
1631259328.2046094
1631259328.3139904
1631259328.4546266
1631259328.5640068
1631259328.6577632
1631259328.7358935
1631259328.8158252
1631259328.9095814
1631259329.0048022
1631259329.1141846
1631259329.239194
1631259329.317323
1631259329.3954532
1631259329.4892097
1631259329.5829656
1631259329.692348
1631259329.817356
1631259329.9267385
1631259330.0517468
1631259330.1473854
1631259330.2411366
1631259330.3348978
1631259330.4457066
1631259330.5394683
1631259330.6332242
1631259330.7426066
1631259330.867615
1631259330.9457486
1631259331.008249
1631259331.0863795
1631259331.1645095
1631259331.2270136
1631259331.3051438
1631259331.3832753
1631259331.461404
1631259331.5412376
1631259331.6506257
1631259331.7614756
1631259331.855232
1631259331.9333622
1631259332.0114923
1631259332.0896225
1631259332.1677525
1631259332.245883
1631259332.3240068
1631259332.402143
1631259332.4958997
1631259332.5740235
1631259332.6521611
1631259332.7146642
1631259332.7771678
1631259332.8396723
1631259332.919607
1631259332.9821112
1631259333.0602415
1631259333.1398907
1631259333.2180207
1631259333.296151
1631259333.374275
1631259333.4680362
1631259333.5617924
1631259333.7336805
1631259333.8743188
1631259334.077459
1631259334.2024622
1631259334.2824
1631259334.3605304
1631259334.4386573
1631259334.5182266
1631259334.580723
1631259334.6588619
1631259334.7363062
1631259334.814439
1631259334.8925803
1631259334.972146
1631259335.0502703
1631259335.1302738
1631259335.1927834
1631259335.2865407
1631259335.364667
1631259335.4428132
1631259335.5209448
1631259335.6020818
1631259335.6802332
1631259335.7583458
1631259335.8208706
1631259335.898999
1631259335.9771094
1631259336.0567343
1631259336.1192381
1631259336.1973684
1631259336.2598724
1631259336.3380027
1631259336.4005067
1631259336.4786372
1631259336.556767
1631259336.6192715
1631259336.6974015
1631259336.7599053
1631259336.8380358
1631259336.9005399
1631259336.9804025
1631259337.0429065
1631259337.1210368
1631259337.2006352
1631259337.2787652
1631259337.3725216
1631259337.450652
1631259337.544412
1631259337.6381643
1631259337.7319205
1631259337.8413026
1631259337.9350586
1631259338.028815
1631259338.122571
1631259338.2475796
1631259338.4368758
1631259338.5633311
1631259338.7039652
1631259338.8289738
1631259338.985234
1631259339.1258683
1631259339.2821286
1631259339.500893
1631259339.6727796
1631259339.862032
1631259340.050983
1631259340.177887
1631259340.302895
1631259340.4137032
1631259340.5230854
1631259340.6324675
1631259340.7574756
1631259340.866858
1631259340.9918664
1631259341.1186802
1631259341.260745
1631259341.4014027
1631259341.5264108
1631259341.620167
1631259341.713923
1631259341.8096426
1631259341.903399
1631259341.9829767
1631259342.0767329
1631259342.170489
1631259342.2486193
1631259342.3423755
1631259342.437874
1631259342.5160046
1631259342.6097605
1631259342.6893494
1631259342.7831056
1631259342.8768618
1631259342.9549918
1631259343.048748
1631259343.1425045
1631259343.2206347
1631259343.314391
1631259343.4081469
1631259343.486277
1631259343.5800333
1631259343.6737895
1631259343.7519195
1631259343.8474288
1631259343.925559
1631259344.0207696
1631259344.1145263
1631259344.1926558
1631259344.2889202
1631259344.367072
1631259344.4608278
1631259344.556101
1631259344.6342309
1631259344.7279875
1631259344.8061173
1631259344.8998733
1631259344.9936295
1631259345.07176
1631259345.1673
1631259345.2610576
1631259345.3391862
1631259345.434369
1631259345.5125024
1631259345.6062586
1631259345.7000148
1631259345.7781453
1631259345.8719013
1631259345.9656572
1631259346.0437875
1631259346.1375458
1631259346.2313
1631259346.3094306
1631259346.4031863
1631259346.4969368
1631259346.576843
1631259346.6705995
1631259346.7501802
1631259346.8439367
1631259346.9376926
1631259347.0168622
1631259347.1106186
1631259347.2199855
1631259347.329387
1631259347.4387681
1631259347.5481503
1631259347.674605
1631259347.8308654
1631259347.9889462
1631259348.146683


1631259350.6981056
1631259350.8699923
1631259350.948122
1631259351.043278
1631259351.1214085
1631259351.2151644
1631259351.2932942
1631259351.3870513
1631259351.4651804
1631259351.5589366
1631259351.6370676
1631259351.7308233
1631259351.808953
1631259351.9027092
1631259351.9825566
1631259352.0763128
1631259352.1544437
1631259352.232573
1631259352.3263304
1631259352.40446
1631259352.48259
1631259352.56072
1631259352.6388497
1631259352.7169802
1631259352.7951102
1631259352.8746634
1631259352.9371672
1631259352.9996712
1631259353.0621755
1631259353.1246793
1631259353.1871836
1631259353.2340615
1631259353.296566
1631259353.3607614
1631259353.423266
1631259353.4857697
1631259353.5496535
1631259353.6161733
1631259353.6786788
1631259353.725557
1631259353.788061
1631259353.8519683
1631259353.9144735
1631259353.9769764
1631259354.0394814
1631259354.1019845
1631259354.16449
1631259354.2269926
1631259354.289498
1631259354.3520014
1631259354.4164922
1631259354.4777508
1631259354.5402532
1631259354.6027575
1631259354.6652615
1631259354.7295196
1631259354.792024
1631259354.854528
1631259354.9184034
1631259354.9809074
1631259355.0434117
1631259355.1059158
1631259355.1684198
1631259355.2309241
1631259355.2934282
1631259355.3559325
1631259355.4184363
1631259355.4653146
1631259355.5278187
1631259355.5746975
1631259355.6372008
1631259355.6997056
1631259355.7640011
1631259355.8265057
1631259355.873384
1631259355.9202619
1631259355.9685295
1631259356.0154088
1631259356.063968
1631259356.1108463
1631259356.1577249
1631259356.204602
1631259356.2528489
1631259356.2997284
1631259356.3466058
1631259356.393484
1631259356.455988
1631259356.5028663
1631259356.5497448
1631259356.596622
1631259356.6435003
1631259356.6903784
1631259356.7372568
1631259356.7841346
1631259356.8310127
1631259356.8778908
1631259356.924769
1631259356.971647
1631259357.0185251
1631259357.0497773
1631259357.0810301
1631259357.1122818
1631259357.1435342
1631259357.1747856
1631259357.2060387
1631259357.23729
1631259357.268542
1631259357.31542
1631259357.3466723
1631259357.3935504
1631259357.4265199
1631259357.4421458
1631259357.473398
1631259357.5046506
1631259357.535902
1631259357.5671546
1631259357.5984077
1631259357.6154125
1631259357.646666
1631259357.6622925
1631259357.6935441
1631259357.7247958
1631259357.7560482
1631259357.7873008
1631259357.8185525
1631259357.8498054
1631259357.8810565
1631259357.9123085
1631259357.9435604
1631259357.9591877
1631259358.0060668
1631259358.0216908
1631259358.052943
1631259358.099821
1631259358.1466994
1631259358.1935773
1631259358.2404563
1631259358.2717075
1631259358.3185854
1631259358.3654637
1631259358.4123425
1631259358.4592202
1631259358.490472
1631259358.537351
1631259358.584228
1631259358.631106
1631259358.679678
1631259358.7421815
1631259358.7890599
1631259358.8359385
1631259358.8984425
1631259358.9609458
1631259359.024844
1631259359.0873482
1631259359.4623737
1631259359.9780326
1631259360.18291
1631259360.3079195
1631259360.3874493
1631259360.4655793
1631259360.574962
1631259360.7155962
1631259360.8267014
1631259360.9360838
1631259361.0312297
1631259361.1562378
1631259361.328124
1631259361.5486188
1631259361.7376225
1631259361.9095094
1631259362.018891
1631259362.097021
1631259362.1595252
1631259362.2376556
1631259362.3001597
1631259362.3782895
1631259362.4407935
1631259362.5032978
1631259362.5814283
1631259362.6439323
1631259362.7064366
1631259362.7845674
1631259362.8644218
1631259362.9269276
1631259363.0050573
1631259363.068949
1631259363.1470807
1631259363.2095852
1631259363.2877147
1631259363.3502197
1631259363.4127228
1631259363.4908535
1631259363.5533574
1631259363.6314878
1631259363.6939921
1631259363.756496
1631259363.834627
1631259363.8971305
1631259363.9596348
1631259364.0221384
1631259364.1002684
1631259364.1627724
1631259364.2273555
1631259364.289862
1631259364.3679926
1631259364.4318795
1631259364.4943857
1631259364.5725157
1631259364.6350198
1631259364.6975236
1631259364.760028
1631259364.8381584
1631259364.9006622
1631259364.9765155
1631259365.0390203
1631259365.1015246
1631259365.1654055
1631259365.2435374
1631259365.3060427
1631259365.3685458
1631259365.4310508
1631259365.5091803
1631259365.5716844
1631259365.6359255
1631259365.7140558
1631259365.7765608
1631259365.8419845
1631259365.9044888
1631259365.9826188
1631259366.046526
1631259366.1090305
1631259366.1871603
1631259366.2496653
1631259366.3121686
1631259366.3902986
1631259366.452803
1631259366.5153074
1631259366.5934374
1631259366.6715672
1631259366.734072
1631259366.7965758
1631259366.874706
1631259366.9372106
1631259367.001461
1631259367.063965
1631259367.1420958
1631259367.2059898
1631259367.2684944
1631259367.3466246
1631259367.409129
1631259367.4716327
1631259367.549763
1631259367.612267
1631259367.6747708
1631259367.7529013
1631259367.8154054
1631259367.8935354
1631259367.9560397
1631259368.0185442
1631259368.0810478
1631259368.159179
1631259368.2321293
1631259368.2920055
1631259368.3545089
1631259368.432639
1631259368.4951437
1631259368.5590248
1631259368.6371555
1631259368.6996589
1631259368.7621639
1631259368.8402932
1631259368.902797
1631259368.9809275
1631259369.043432
1631259369.121562
1631259369.1840663
1631259369.2621958
1631259369.3246999
1631259369.4184575
1631259369.4965866
1631259369.590343
1631259369.6857646
1631259369.7795227
1631259369.8576517
1631259369.952832
1631259370.062215
1631259370.1715968
1631259370.2809792
1631259370.3903618
1631259370.5153694
1631259370.6403775
1631259370.7810123
1631259370.907851
1631259371.0342364
1631259371.1922252
1631259372.825176
1631259374.9460945
1631259375.024224
1631259375.133606
1631259375.258621
1631259375.367997
1631259375.463132
1631259375.5725138
1631259375.681897
1631259375.7912793
1631259375.9027183
1631259375.9964747
1631259376.1072376
1631259376.2166197
1631259376.326002
1631259376.4353878
1631259376.5308414
1631259376.6402235
1631259376.7509794
1631259376.8447366
1631259376.9541183
1631259377.0635004
1631259377.1728823
1631259377.2666388
1631259377.3760204
1631259377.4854035
1631259377.579159
1631259377.6885417
1631259377.7979233


1631259380.349574
1631259380.521461
1631259380.5857177
1631259380.6638708
1631259380.7419987
1631259380.80597
1631259380.8703585
1631259380.9484863
1631259381.028054
1631259381.09058
1631259381.16871
1631259381.246842
1631259381.3093452
1631259381.3874753
1631259381.4499793
1631259381.5238273
1631259381.6019783
1631259381.6644826
1631259381.7426116
1631259381.8051195
1631259381.8847268
1631259381.9489517
1631259382.0114768
1631259382.0739813
1631259382.1521094
1631259382.2146146
1631259382.2771213
1631259382.3552492
1631259382.417753
1631259382.4817102
1631259382.5442164
1631259382.6067188
1631259382.6692245
1631259382.7317266
1631259382.794233
1631259382.8567345
1631259382.9192407
1631259382.9928274
1631259383.0553532
1631259383.1178565
1631259383.1803613
1631259383.2444515
1631259383.3069537
1631259383.3555815
1631259383.4180834
1631259383.4805882
1631259383.544586
1631259383.607088
1631259383.6695924
1631259383.7320964
1631259383.794601
1631259383.8571045
1631259383.9196086
1631259383.9821136
1631259384.0446177
1631259384.1071227
1631259384.169625
1631259384.2321293
1631259384.2946336
1631259384.357138
1631259384.419642
1631259384.4821465
1631259384.5446508
1631259384.6071546
1631259384.6696584
1631259384.7339003
1631259384.7964036
1631259384.8432844
1631259384.8916066
1631259384.9541335
1631259385.0166383
1631259385.0791423
1631259385.141646
1631259385.2041504
1631259385.2666545
1631259385.3135362
1631259385.360413
1631259385.4072917
1631259385.454167
1631259385.5010445
1631259385.547923
1631259385.5948012
1631259385.6416793
1631259385.7041814
1631259385.7510605
1631259385.7979393
1631259385.8467703
1631259385.893648
1631259385.9405272
1631259385.9874108
1631259386.0186572
1631259386.06865
1631259386.11553
1631259386.162408
1631259386.209284
1631259386.2576327
1631259386.3045099
1631259386.3357627
1631259386.3826408
1631259386.4138944
1631259386.4451485
1631259386.4763954
1631259386.507649
1631259386.538901
1631259386.5701528
1631259386.6014078
1631259386.6326587
1631259386.6795352
1631259386.7264132
1631259386.7576644
1631259386.7889166
1631259386.8201692
1631259386.8514206
1631259386.8670478
1631259386.8982997
1631259386.9295568
1631259386.960803
1631259386.9920573
1631259387.007683
1631259387.0389347
1631259387.0701866
1631259387.1014378
1631259387.1326897
1631259387.163944
1631259387.1952
1631259387.2264469
1631259387.2576985
1631259387.2889528
1631259387.3202024
1631259387.3358288
1631259387.3670814
1631259387.4000947
1631259387.4313505
1631259387.4470024
1631259387.478248
1631259387.5094988
1631259387.5563765
1631259387.604808
1631259387.6360826
1631259387.6829634
1631259387.729839
1631259387.7767158
1631259387.8235953
1631259387.870472
1631259387.9173498
1631259387.9642289
1631259388.011106
1631259388.1048594
1631259388.1673675
1631259388.2298713
1631259388.2767498
1631259388.3392532
1631259388.4017582
1631259388.4486353
1631259388.5111392
1631259388.7299035
1631259388.9834855
1631259389.0772462
1631259389.1553748
1631259389.2647586
1631259389.3741407
1631259389.4522712
1631259389.5616531
1631259389.6710353
1631259389.7960455
1631259389.9366775
1631259390.108565
1631259390.2197158
1631259390.3930526
1631259390.5024354
1631259390.6118174
1631259390.6899474
1631259390.752452
1631259390.8305817
1631259390.894935
1631259390.9574392
1631259391.0355704
1631259391.0995104
1631259391.1620126
1631259391.2401423
1631259391.3026476
1631259391.365154
1631259391.4432807
1631259391.5075312
1631259391.5700357
1631259391.6481636
1631259391.7121298
1631259391.79026
1631259391.8527646
1631259391.9308944
1631259391.9933994
1631259392.0715292
1631259392.134033
1631259392.2121637
1631259392.2746677
1631259392.3527975
1631259392.4309275
1631259392.4934318
1631259392.5559368
1631259392.634066
1631259392.6965704
1631259392.774701
1631259392.837205
1631259392.9014528
1631259392.9795837
1631259393.0420895
1631259393.1216903
1631259393.1876597
1631259393.2501671
1631259393.3282936
1631259393.390797
1631259393.453302
1631259393.5314326
1631259393.593936
1631259393.6720674
1631259393.7345705
1631259393.797075
1631259393.8752055
1631259393.9377086
1631259394.0158377
1631259394.078342
1631259394.1564722
1631259394.2207413
1631259394.28327
1631259394.361396
1631259394.425371
1631259394.5035236
1631259394.5816524
1631259394.6597834
1631259394.7379131
1631259394.8316693
1631259394.9098012
1631259395.0035524
1631259395.4098332
1631259395.6616755
1631259395.788122
1631259395.9149234
1631259396.0569832
1631259396.1663864
1631259396.3226457
1631259396.4789083
1631259396.6195471
1631259396.7601755
1631259396.916436
1631259397.1214285
1631259397.3416762
1631259398.4685724
1631259398.5794199
1631259398.6888018
1631259398.81381
1631259398.94109
1631259399.0660925
1631259399.2082071
1631259399.3332143
1631259399.4425964
1631259399.5519783
1631259399.678785
1631259399.8194423
1631259399.9772017
1631259400.1022038
1631259400.2584684
1631259400.4459746
1631259400.6647406
1631259400.7741232
1631259400.901042
1631259401.0104227
1631259401.0885487
1631259401.1823053
1631259401.2635174
1631259401.357273
1631259401.45245
1631259401.5462239
1631259401.6399834
1631259401.7181118
1631259401.8118653
1631259401.9056218
1631259401.9993823
1631259402.0775082
1631259402.171264
1631259402.265027
1631259402.3431506
1631259402.4587502
1631259402.5525136
1631259402.661887
1631259402.7712724
1631259402.880654
1631259402.9900353
1631259403.1165361
1631259403.2259088
1631259403.3352902
1631259403.4446797
1631259403.5696821
1631259403.6790621
1631259403.7903416
1631259403.91535
1631259404.0262108
1631259404.135583
1631259404.244965
1631259404.3699749
1631259404.4793558
1631259404.5887382
1631259404.7137477
1631259404.823129
1631259404.9325104


1631259407.477594
1631259407.6494837
1631259407.7290077
1631259407.8071375
1631259407.871371
1631259407.9651284
1631259408.0432572
1631259408.1071515
1631259408.1852815
1631259408.263412
1631259408.341543
1631259408.419672
1631259408.4978025
1631259408.56216
1631259408.6402905
1631259408.7184205
1631259408.7809246
1631259408.8590548
1631259408.9528108
1631259409.030942
1631259409.093445
1631259409.1715755
1631259409.2653322
1631259409.3434622
1631259409.405966
1631259409.469959
1631259409.5349615
1631259409.597465
1631259409.6599693
1631259409.7238545
1631259409.786358
1631259409.8488622
1631259409.9113667
1631259409.9738705
1631259410.036375
1631259410.0988789
1631259410.1613832
1631259410.2243915
1631259410.286897
1631259410.3494005
1631259410.4119048
1631259410.47579
1631259410.5226684
1631259410.5869162
1631259410.6494226
1631259410.711928
1631259410.774431
1631259410.838316
1631259410.9025543
1631259410.965059
1631259411.027563
1631259411.0914469
1631259411.1539547
1631259411.2164578
1631259411.2789626
1631259411.341466
1631259411.4039707
1631259411.4664745
1631259411.5289793
1631259411.5914834
1631259411.6383605
1631259411.7164907
1631259411.7789962
1631259411.8414993
1631259411.9040034
1631259411.9682486
1631259412.0307536
1631259412.0776308
1631259412.1245089
1631259412.1884034
1631259412.2509074
1631259412.315931
1631259412.3784368
1631259412.4409406
1631259412.487819
1631259412.5361214
1631259412.5829992
1631259412.6298776
1631259412.6767561
1631259412.7080083
1631259412.754886
1631259412.8017638
1631259412.8486423
1631259412.8955204
1631259412.9580245
1631259413.0049024
1631259413.0517805
1631259413.0986586
1631259413.1455371
1631259413.1924152
1631259413.2392929
1631259413.2861714
1631259413.3227248
1631259413.369603
1631259413.416481
1631259413.4633589
1631259413.5116212
1631259413.558501
1631259413.6053793
1631259413.6420379
1631259413.6889155
1631259413.7357938
1631259413.782672
1631259413.82955
1631259413.877824
1631259413.924702
1631259413.9715803
1631259414.0184581
1631259414.065336
1631259414.1122143
1631259414.1590936
1631259414.2059705
1631259414.2528486
1631259414.3153527
1631259414.36223
1631259414.424734
1631259414.4716125
1631259414.5184903
1631259414.5809948
1631259414.6435
1631259414.7077239
1631259414.817107
1631259414.9278889
1631259415.037271
1631259415.131027
1631259415.2404099
1631259415.3341653
1631259415.4435494
1631259415.5216787
1631259415.615434
1631259415.7248175
1631259415.8185728
1631259415.9142036
1631259416.0079598
1631259416.101718
1631259416.1798463
1631259416.27499
1631259416.3687465
1631259416.4625032
1631259416.5406322
1631259416.6343887
1631259416.71252
1631259416.7906492
1631259416.8844073
1631259416.9625351
1631259417.0406656
1631259417.134422
1631259417.228179
1631259417.306308
1631259417.417414
1631259417.526796
1631259417.6375923
1631259417.731352
1631259417.825105
1631259417.9188612
1631259418.0126176
1631259418.090748
1631259418.1688776
1631259418.247008
1631259418.325138
1631259418.4032679
1631259418.4657724
1631259418.5282762
1631259418.5907805
1631259418.6532845
1631259418.7157886
1631259418.7800355
1631259418.8425395
1631259418.9050455
1631259418.9689233
1631259419.03143
1631259419.0939333
1631259419.1408112
1631259419.203316
1631259419.2522254
1631259419.3147292
1631259419.3772333
1631259419.4401128
1631259419.4879963
1631259419.5348744
1631259419.5817525
1631259419.6286309
1631259419.6755087
1631259419.7380133
1631259419.8005168
1631259419.878647
1631259419.9724033
1631259420.050533
1631259420.3974333
1631259421.480499
1631259421.574257
1631259421.6680129
1631259421.7631707
1631259421.841301
1631259421.919432
1631259422.0131874
1631259422.0913177
1631259422.1850736
1631259422.2632039
1631259422.341334
1631259422.4038377
1631259422.4663417
1631259422.5288458
1631259422.5913498
1631259422.6538541
1631259422.7163582
1631259422.7944884
1631259422.843055
1631259422.9055614
1631259422.9680653
1631259423.0305696
1631259423.0945017
1631259423.1726315
1631259423.2351358
1631259423.2976398
1631259423.360144
1631259423.4226484
1631259423.4851525
1631259423.5476565
1631259423.6101608
1631259423.7039168
1631259423.7976732
1631259423.9070556
1631259424.0320635
1631259424.2368965
1631259424.3462777
1631259424.4414146
1631259424.5195446
1631259424.6133003
1631259424.6914308
1631259424.7695613
1631259424.8633168
1631259425.3946018
1631259425.6932044
1631259425.8508658
1631259425.9463403
1631259426.0244706
1631259426.086974
1631259426.1664808
1631259426.2289846
1631259426.307115
1631259426.3852448
1631259426.4477503
1631259426.5102544
1631259426.5883842
1631259426.6665144
1631259426.729019
1631259426.8071482
1631259426.885279
1631259426.9495268
1631259427.0276575
1631259427.090162
1631259427.1696768
1631259427.2321815
1631259427.3103123
1631259427.3728156
1631259427.450946
1631259427.5134497
1631259427.5915806
1631259427.6697102
1631259427.7478402
1631259427.8103445
1631259427.888475
1631259427.9978573
1631259428.0916133
1631259428.2009962
1631259428.2964737
1631259428.405859
1631259428.5634954
1631259428.70413
1631259428.8760161
1631259429.001025
1631259429.1260324
1631259429.2354145
1631259429.376049
1631259429.4854312
1631259429.579188
1631259429.6745985
1631259429.7839806
1631259429.8791308
1631259429.9572604
1631259430.0353904
1631259430.1291468
1631259430.2072768
1631259430.3010333
1631259430.3791637
1631259430.4729195
1631259430.566676
1631259430.6448066
1631259430.738562
1631259430.8323188
1631259430.9104483
1631259431.0060086
1631259431.084139
1631259431.1778948
1631259431.273036
1631259431.3511667
1631259431.4449224
1631259431.5386786
1631259431.632435
1631259431.726191
1631259431.8355737
1631259431.9449558
1631259432.0855906
1631259432.2418509
1631259432.366859
1631259432.4937685
1631259432.6201687
1631259432.745177
1631259432.901437
1631259434.5687482
1631259434.9437733
1631259435.0531554
1631259435.1958208
1631259435.313407
1631259435.4398208
1631259435.5648293
1631259435.7367156
1631259435.8929758
1631259436.0041082
1631259436.0822382
1631259436.1773741
1631259436.2555037
1631259436.3492599
1631259436.443016
1631259436.5228264
1631259436.6165826
1631259436.7117178
1631259436.805474
1631259436.8992302
1631259436.9773605
1631259437.0711164
1631259437.1805
1631259437.2742553
1631259437.3836377
1631259437.4930208
1631259437.6805327
1631259437.8211668
1631259438.0103464
1631259438.1367495
1631259438.2773833
1631259438.4492707
1631259438.5586524
1631259438.6680346
1631259438.7461643
1631259438.839921
1631259438.9180505
1631259438.9961815
1631259439.0899377
1631259439.1680682
1631259439.247915
1631259439.3416712
1631259439.4211814
1631259439.5461893
1631259439.7180767
1631259439.8587103
1631259440.8150263
1631259441.4902616
1631259441.7100325
1631259441.9787936
1631259442.214567
1631259442.3395748
1631259443.4195206
1631259443.7021976
1631259443.795954
1631259443.905336
1631259444.0459707
1631259444.186605
1631259444.3272398
1631259444.4834998
1631259444.577256
1631259444.657087
1631259444.750845
1631259444.8289742
1631259444.908581
1631259445.0023372
1631259445.0804675
1631259445.1585984
1631259445.2523534
1631259445.330485
1631259445.42424
1631259445.5023704
1631259445.5961263
1631259445.6898835
1631259445.7680123
1631259445.8617697
1631259445.9399
1631259446.035361
1631259446.1291177
1631259446.2072473
1631259446.3023906
1631259446.3805203
1631259446.4742765
1631259446.5680332
1631259446.6617897
1631259446.7711716
1631259446.880554
1631259447.8056672
1631259447.9463015
1631259448.0869358
1631259448.2744484
1631259448.3994565
1631259448.4932122
1631259448.5869687
1631259448.6650984
1631259448.7605639
1631259448.8386939
1631259448.916825
1631259449.0119593
1631259449.0900898
1631259449.1682193
1631259449.2951562
1631259449.404539
1631259449.5153177
1631259449.6090739
1631259449.7184563
1631259449.8122122
1631259449.9059694
1631259450.0153508
1631259450.1108027
1631259450.2201867
1631259450.3153653
1631259450.393498
1631259450.4872544
1631259450.5810099
1631259450.6747668
1631259450.768522
1631259450.8779047
1631259450.9716609
1631259451.0829382
1631259451.3031192
1631259451.4281273
1631259451.5704808
1631259451.7676215
1631259451.9354172
1631259452.0291724
1631259452.1541784
1631259452.279189
1631259452.388569
1631259452.4823248
1631259452.5604553
1631259452.6542108
1631259452.7323413
1631259452.8260975
1631259452.9058897
1631259452.9996455
1631259453.0947852
1631259453.3916805
1631259453.4854362
1631259453.6104448
1631259453.735453
1631259453.829209
1631259453.9229653
1631259454.0167215
1631259454.0948515
1631259454.1886075
1631259454.2841177
1631259454.3622477
1631259454.4574108
1631259454.551167
1631259454.644924
1631259454.7230532
1631259454.8168097
1631259454.9105663
1631259454.9886963
1631259455.082452
1631259455.1762087
1631259455.2543383
1631259455.3480945
1631259455.4693406
1631259455.5943494
1631259455.7193573
1631259455.8443658
1631259455.953748
1631259456.0631301
1631259456.172513
1631259456.2818952
1631259456.3926713
1631259456.5020545
1631259456.6114354
1631259456.7208185
1631259456.8301997
1631259456.9412785
1631259457.050661


1631259459.568639
1631259459.7266083
1631259459.8047395
1631259459.867243
1631259459.9453743
1631259460.009277
1631259460.0717819
1631259460.149912
1631259460.2124171
1631259460.2905467
1631259460.35305
1631259460.431181
1631259460.493684
1631259460.556188
1631259460.634318
1631259460.6968222
1631259460.7732327
1631259460.8357384
1631259460.9138682
1631259460.9763722
1631259461.0388765
1631259461.117007
1631259461.1951368
1631259461.2576416
1631259461.335771
1631259461.4139013
1631259461.4764056
1631259461.5545356
1631259461.6170397
1631259461.6951702
1631259461.757675
1631259461.8201785
1631259461.8840926
1631259461.9465964
1631259462.0091004
1631259462.0716045
1631259462.134109
1631259462.2005496
1631259462.263055
1631259462.3255594
1631259462.3724375
1631259462.4349415
1631259462.4974458
1631259462.5599499
1631259462.6239228
1631259462.686427
1631259462.7489312
1631259462.8114355
1631259462.8739398
1631259462.9364436
1631259462.9989479
1631259463.0614522
1631259463.1239564
1631259463.170834
1631259463.2333384
1631259463.2958426
1631259463.3583465
1631259463.4208512
1631259463.4833548
1631259463.545859
1631259463.608363
1631259463.6708672
1631259463.7333715
1631259463.7976172
1631259463.860121
1631259463.906999
1631259463.9709017
1631259464.033406
1631259464.080284
1631259464.1271625
1631259464.189666
1631259464.2521708
1631259464.3146744
1631259464.377179
1631259464.4396827
1631259464.4865608
1631259464.5334396
1631259464.580317
1631259464.6115692
1631259464.658448
1631259464.7053256
1631259464.7522035
1631259464.7990823
1631259464.8459597
1631259464.892838
1631259464.9397156
1631259464.9865937
1631259465.0178463
1631259465.064724
1631259465.113374
1631259465.1602542
1631259465.2071323
1631259465.2540102
1631259465.3008883
1631259465.3633928
1631259465.4102702
1631259465.458538
1631259465.48979
1631259465.5366678
1631259465.5835462
1631259465.6304243
1631259465.6773024
1631259465.7398064
1631259465.7866848
1631259465.9585705
1631259466.2573123
1631259466.446211
1631259466.5416594
1631259466.6680503
1631259466.7930608
1631259466.8868172
1631259466.996199
1631259467.089955
1631259467.1993377
1631259467.2774677
1631259467.3868499
1631259467.464981
1631259467.5587363
1631259467.6837454
1631259467.7931268
1631259467.8886259
1631259467.9823825
1631259468.0775917
1631259468.1869743
1631259468.2963564
1631259468.4057384
1631259468.515121
1631259468.624503
1631259468.7026331
1631259468.7651374
1631259468.843267
1631259468.9057717
1631259468.9682758
1631259469.0464056
1631259469.10891
1631259469.1714144
1631259469.2513134
1631259469.3138173
1631259469.3763218
1631259469.4402182
1631259469.5183485
1631259469.582592
1631259469.6450963
1631259469.7232263
1631259469.7871187
1631259469.849623
1631259469.9277532
1631259469.9902575
1631259470.052762
1631259470.1308916
1631259470.1933956
1631259470.2715256
1631259470.3340302
1631259470.3965342
1631259470.4746644
1631259470.5371685
1631259470.6169586
1631259470.6794636
1631259470.741967
1631259470.8214972
1631259470.8840008
1631259470.9621308
1631259471.0246348
1631259471.088928
1631259471.1670585
1631259471.2295623
1631259471.2934618
1631259471.3715923
1631259471.4340959
1631259471.5122263
1631259471.5747306
1631259471.6528609
1631259471.7153645
1631259471.7934947
1631259471.855999
1631259471.9202127
1631259471.9983454
1631259472.076475
1631259472.1560242
1631259472.2341542
1631259472.3279107
1631259472.4216673
1631259472.515423
1631259472.609179
1631259472.7029355
1631259472.8123176
1631259472.9217007
1631259473.0623345
1631259473.2185948
1631259473.4234385
1631259473.5498328
1631259473.674841
1631259473.909232
1631259474.0342398
1631259474.1905
1631259474.3155081
1631259474.4092648
1631259474.5030217
1631259474.5811508
1631259474.6609826
1631259474.7391129
1631259474.832869
1631259474.9123945
1631259474.9905248
1631259475.0842812
1631259475.1624105
1631259475.2561672
1631259475.3342974
1631259475.4280548
1631259475.6624446
1631259475.8187046
1631259475.9593387
1631259476.603111
1631259477.290657
1631259477.401799
1631259477.4799294
1631259477.5750527
1631259477.6688101
1631259477.7469406
1631259477.840696
1631259477.9344525
1631259478.0282106
1631259478.1063387
1631259478.2000952
1631259478.2782254
1631259478.3769357
1631259478.4706917
1631259478.5800734
1631259478.6894565
1631259478.7988384
1631259478.9082212
1631259479.017603
1631259479.1426117
1631259479.4252815
