# Gnuplot File : velocities of 1 particle(s) Monitored
# 1st Column : time, others : particle(s) number 0 
0.01	0 0 -0.019274	
0.02	0 0 -0.0378484	
0.03	0 0 -0.0557485	
0.04	-4.25166e-17 0 -0.0729989	
0.05	-4.08696e-17 0 -0.0896231	
0.06	-3.9386e-17 0 -0.105644	
0.07	-3.79877e-17 0 -0.121083	
0.08	-3.66272e-17 0 -0.135962	
0.09	-3.52331e-17 0 -0.150301	
0.1	-3.40164e-17 0 -0.164119	
0.11	-3.27816e-17 0 -0.177435	
0.12	-4.08533e-17 0 -0.190269	
0.13	-3.93032e-17 0 -0.202636	
0.14	-3.78955e-17 0 -0.214554	
0.15	-3.65016e-17 0 -0.22604	
0.16	-3.51766e-17 0 -0.237109	
0.17	-3.32747e-17 0 -0.247776	
0.18	-4.2178e-17 0 -0.258056	
0.19	-3.20019e-17 0 -0.267963	
0.2	-2.3649e-17 0 -0.27751	
0.21	-1.68464e-17 0 -0.28671	
0.22	-1.4608e-17 0 -0.295577	
0.23	-1.26982e-17 0 -0.304122	
0.24	1.19466e-18 0 -0.312356	
0.25	-1.16193 0.305652 6.30951	
0.26	-1.44066 0.376718 6.01039	
0.27	-1.87358 0.487197 5.63905	
0.28	-2.0492 0.531822 5.32615	
0.29	-2.12172 0.550084 5.05699	
0.3	-2.22031 0.574998 4.76624	
0.31	-2.38944 0.617904 4.41468	
0.32	-2.58318 0.667078 4.03521	
0.33	-2.53882 0.655464 3.82396	
0.34	-2.44326 0.630808 3.67237	
0.35	-2.35838 0.608883 3.51818	
0.36	-2.26948 0.585925 3.36299	
0.37	-2.19081 0.565607 3.22094	
0.38	-2.11881 0.547013 3.09199	
0.39	-2.05171 0.52968 2.96694	
0.4	-1.91609 0.494893 2.91988	
0.41	-1.62554 0.42054 2.97485	
0.42	-1.31134 0.340064 2.98397	
0.43	-0.87068 0.227126 2.94935	
0.44	-0.341088 0.091255 2.80608	
0.45	0.129758 -0.0297157 2.54853	
0.46	0.479118 -0.11959 2.2666	
0.47	0.734186 -0.185313 1.97753	
0.48	0.930606 -0.236029 1.67301	
0.49	1.05594 -0.268535 1.36623	
0.5	1.13726 -0.289779 1.04646	
0.51	1.17043 -0.298667 0.740991	
0.52	1.16936 -0.29879 0.431099	
0.53	1.12328 -0.287348 0.143476	
0.54	1.04712 -0.268128 -0.0905572	
0.55	0.960411 -0.246165 -0.293271	
0.56	0.842191 -0.216162 -0.522211	
0.57	0.762431 -0.195817 -0.601635	
0.58	0.693971 -0.178336 -0.658082	
0.59	0.684857 -0.175922 -0.60802	
0.6	0.665019 -0.170806 -0.592252	
0.61	0.634833 -0.16308 -0.607715	
0.62	0.599324 -0.154014 -0.640901	
0.63	0.568548 -0.146146 -0.662698	
0.64	0.541468 -0.139219 -0.679313	
0.65	0.521311 -0.134047 -0.681525	
0.66	0.495848 -0.127522 -0.68852	
0.67	0.471548 -0.121289 -0.691045	
0.68	0.446248 -0.114804 -0.69631	
0.69	0.424311 -0.109178 -0.698983	
0.7	0.402327 -0.103542 -0.703339	
0.71	0.384165 -0.0988814 -0.704114	
0.72	0.369423 -0.095091 -0.700112	
0.73	0.350619 -0.0902676 -0.702033	
0.74	0.335935 -0.0864941 -0.699144	
0.75	0.319256 -0.0822135 -0.69938	
0.76	0.307189 -0.0791075 -0.693915	
0.77	0.291109 -0.0749786 -0.692169	
0.78	0.269626 -0.0694754 -0.69806	
0.79	0.261031 -0.0672569 -0.690494	
0.8	0.258614 -0.0666164 -0.678921	
0.81	0.257163 -0.0662234 -0.667203	
0.82	0.253121 -0.0651698 -0.657647	
0.83	0.248818 -0.0640494 -0.648085	
0.84	0.242721 -0.0624734 -0.641535	
0.85	0.235821 -0.0606928 -0.635651	
0.86	0.231665 -0.0596113 -0.626622	
0.87	0.226876 -0.0583699 -0.619375	
0.88	0.223269 -0.0574302 -0.610973	
0.89	0.217667 -0.0559832 -0.605379	
0.9	0.213841 -0.0549893 -0.598183	
0.91	0.205567 -0.0528641 -0.597228	
0.92	0.201684 -0.0518566 -0.590578	
0.93	0.194048 -0.049895 -0.589458	
0.94	0.185016 -0.0475791 -0.590888	
0.95	0.177823 -0.0457314 -0.589962	
0.96	0.169933 -0.0437069 -0.590206	
0.97	0.164129 -0.0422132 -0.587643	
0.98	0.158093 -0.0406602 -0.585105	
0.99	0.152333 -0.0391776 -0.582226	
1	0.146202 -0.0376015 -0.580508	
1.01	0.140652 -0.0361742 -0.578637	
1.02	0.134407 -0.0345709 -0.578205	
1.03	0.130904 -0.0336661 -0.574579	
1.04	0.127041 -0.0326704 -0.572002	
1.05	0.122631 -0.0315358 -0.570241	
1.06	0.118388 -0.0304443 -0.568625	
1.07	0.114686 -0.0294907 -0.56665	
1.08	0.110872 -0.0285091 -0.564893	
1.09	0.107534 -0.0276492 -0.562969	
1.1	0.103276 -0.0265561 -0.562868	
1.11	0.100017 -0.0257173 -0.56142	
1.12	0.0967888 -0.0248867 -0.560125	
1.13	0.0945396 -0.0243054 -0.557669	
1.14	0.0920641 -0.0236668 -0.555683	
1.15	-2.11114 1.27286 5.6715	
1.16	-5.4189 2.29824 18.4958	
1.17	-11.4822 4.35355 44.0488	
1.18	-12.3619 4.6672 45.0949	
1.19	-12.0529 4.5805 43.2749	
1.2	-6.85409 -0.502695 35.091	
1.21	8.05769 7.43727 0.584366	
1.22	4.41279 5.92578 2.38074	
1.23	-2.46418 7.92288 0.887561	
1.24	-5.19461 13.6885 4.96293	
1.25	-4.49367 14.8803 4.69511	
1.26	-1.57601 -0.932403 -20.5114	
1.27	-22.612 6.53693 -28.456	
1.28	-8.06176 -3.76609 -16.6051	
1.29	3.8369 -11.3827 -5.76388	
1.3	3.37307 -12.283 -7.9237	
1.31	-4.00531 -0.875409 28.0825	
1.32	-4.51872 1.48603 6.90639	
1.33	-5.6978 2.61498 1.40112	
1.34	-5.638 2.71717 1.28857	
1.35	-7.75298 1.90313 5.70988	
1.36	-6.44438 2.21498 1.35134	
1.37	-7.22644 2.27286 1.52128	
1.38	-9.79416 1.57057 6.11814	
1.39	-10.3087 1.4072 7.31613	
1.4	-9.50827 1.26056 7.39161	
1.41	-7.71154 0.893314 7.97002	
1.42	-5.9835 0.544318 8.14685	
1.43	-4.82653 0.638063 5.71512	
1.44	-4.10702 0.447018 5.47035	
1.45	-3.73934 0.362031 5.21815	
1.46	-3.17436 -5.61547 2.39874	
1.47	-3.07874 -5.41404 2.30121	
1.48	-4.35661 -2.07494 -2.83704	
1.49	-1.77625 -2.7107 6.84774	
1.5	-1.73167 -2.62182 6.61206	
1.51	-1.69343 -2.53599 6.35077	
1.52	-1.66286 -2.45883 6.10109	
1.53	-1.62851 -2.37961 5.85838	
1.54	-1.5807 -2.29599 5.62427	
1.55	-1.52271 -2.21161 5.40021	
1.56	-1.45861 -2.12764 5.18535	
1.57	-1.40108 -2.04774 4.97746	
1.58	-1.34036 -1.97054 4.77902	
1.59	-1.27999 -1.88845 4.58216	
1.6	-1.16069 -1.7778 4.39048	
1.61	-17.3833 -1.82948 -4.66847	
1.62	-2.46245 0.708855 -26.0384	
1.63	4.56174 -4.53072 -30.406	
1.64	8.89507 -3.56068 -29.4114	
1.65	8.61735 -3.41899 -28.3366	
1.66	8.43278 -3.29257 -27.3602	
1.67	8.23138 -3.17627 -26.43	
1.68	8.76565 -3.10202 -25.8879	
1.69	9.49222 -3.03128 -25.435	
1.7	9.87905 -2.93564 -24.8096	
1.71	10.5196 -2.81644 -24.203	
1.72	11.0713 -2.68188 -23.5333	
1.73	3.32964 2.84191 -20.9085	
1.74	-14.5548 -0.224687 35.2115	
1.75	-14.9376 1.53871 25.2106	
1.76	-14.8259 1.62325 24.227	
1.77	-14.4396 1.61362 23.3202	
1.78	-14.0912 1.61238 22.4331	
1.79	-13.6867 1.58821 21.6068	
1.8	-13.2101 1.53675 20.8161	
1.81	-12.7372 1.48267 20.0575	
1.82	-12.1342 1.38195 19.3642	
1.83	-10.5845 0.970144 18.7668	
1.84	-8.48438 0.380668 18.064	
1.85	-6.61701 -0.131554 17.1898	
1.86	-6.83665 0.742902 9.95285	
1.87	18.3661 0.0691478 4.47101	
1.88	8.10025 3.92457 -12.6918	
1.89	11.9395 6.64583 -23.9553	
1.9	11.1329 6.06222 -22.7634	
1.91	10.6149 5.71945 -21.8197	
1.92	10.1841 5.49553 -21.0505	
1.93	9.7742 5.29288 -20.3287	
1.94	9.39717 5.09287 -19.612	
1.95	9.11824 4.90791 -18.8748	
1.96	8.98731 4.85483 -18.2882	
1.97	9.40508 5.20218 -18.0423	
1.98	10.2893 5.81346 -17.9526	
1.99	11.4381 6.43171 -17.7061	
2	-3.58468 6.47914 -19.6841	
2.01	-21.3376 4.03734 -4.75077	
2.02	-14.5386 2.87888 -2.42322	
2.03	-8.82668 7.53186 0.959303	
2.04	-8.27047 7.07883 0.974341	
2.05	-7.66847 6.67406 0.979646	
2.06	-7.32849 6.37035 0.947918	
2.07	-7.02709 6.10471 0.907197	
2.08	-6.62991 5.84433 0.872508	
2.09	-6.28511 5.59507 0.83742	
2.1	-5.97404 5.35219 0.803929	
2.11	-5.62212 5.13069 0.768769	
2.12	-5.30421 4.9519 0.722227	
2.13	-5.24379 5.01951 0.587003	
2.14	-5.42876 5.18335 0.415482	
2.15	-5.68088 5.22844 0.287302	
2.16	-6.00603 5.15462 0.202205	
2.17	-6.36587 4.94373 0.167456	
2.18	-6.68551 4.59855 0.184081	
2.19	-6.91393 4.15236 0.241826	
2.2	-7.08344 3.64037 0.327419	
2.21	-7.30023 3.08418 0.430209	
2.22	-7.43762 2.5073 0.545509	
2.23	-20.3407 0.434483 -3.44028	
2.24	-1.823 -2.69783 1.4605	
2.25	11.571 -4.88674 2.74112	
2.26	11.1719 -4.71984 2.63343	
2.27	12.263 -3.58104 3.15746	
2.28	17.7265 -3.10306 -4.03741	
2.29	16.6267 -3.04747 -3.67225	
2.3	12.5013 -3.28459 -2.12644	
2.31	2.34496 -14.9088 40.835	
2.32	5.11465 0.92986 7.20682	
2.33	18.9087 6.50244 -15.5375	
2.34	28.5519 10.8409 -5.13748	
2.35	29.7349 11.5266 -3.3638	
2.36	29.7924 11.6615 -2.40983	
2.37	29.6968 11.7284 -0.929615	
2.38	29.0504 11.5281 0.409088	
2.39	27.0872 10.6834 0.728111	
2.4	23.8779 9.21956 -0.508146	
2.41	18.5318 6.71415 -3.26671	
2.42	13.8118 4.51793 -5.08396	
2.43	9.86286 2.70319 -5.74418	
2.44	6.56929 1.20856 -5.67004	
2.45	3.53216 -0.157414 -4.991	
2.46	1.20546 -1.18244 -3.93454	
2.47	-0.342086 -1.83933 -2.86003	
2.48	-1.66243 -2.38695 -1.55519	
2.49	-2.86107 -2.87127 0.246134	
2.5	-3.56223 -3.11808 2.25579	
2.51	-3.56326 -3.02351 4.96267	
2.52	-2.65439 -2.50536 7.22893	
2.53	-2.67432 -2.48178 6.16188	
2.54	-2.53863 -2.36604 6.39281	
2.55	-2.38481 -2.24069 6.80001	
2.56	-2.23369 -2.11889 7.16954	
2.57	-2.08722 -2.00239 7.44167	
2.58	-1.94612 -1.89193 7.58924	
2.59	-1.75031 -1.75511 7.85683	
2.6	-1.60405 -1.64638 7.92284	
2.61	-1.45099 -1.53558 8.00357	
2.62	-1.37652 -1.46601 7.91923	
2.63	-1.30231 -1.39936 7.73664	
2.64	-1.26161 -1.3509 7.48751	
2.65	-1.2224 -1.30428 7.24228	
2.66	-1.14607 -1.24065 7.03145	
2.67	-1.08635 -1.1862 6.80975	
2.68	-1.0092 -1.12412 6.61474	
2.69	-0.924818 -1.05975 6.41223	
2.7	-0.832192 -0.992243 6.22364	
2.71	-0.73004 -0.920896 6.05281	
2.72	-0.620931 -0.846107 5.95082	
2.73	-0.544738 -0.788729 5.79157	
2.74	-0.482966 -0.739009 5.6357	
2.75	-0.451015 -0.704838 5.44386	
2.76	-0.441793 -0.68335 5.1816	
2.77	-0.42098 -0.657109 4.92019	
2.78	-0.355704 -0.609985 4.69108	
2.79	-0.19011 -0.513484 4.61929	
2.8	-0.00874442 -0.409003 4.62362	
2.81	-0.0213313 -0.399696 4.47489	
2.82	-0.0537359 -0.400773 4.3047	
2.83	-0.0787929 -0.398729 4.15046	
2.84	-0.107147 -0.398804 3.99876	
2.85	-0.134508 -0.39879 3.85935	
2.86	-0.14735 -0.392643 3.70599	
2.87	-0.179103 -0.396082 3.548	
2.88	-0.208307 -0.399109 3.37142	
2.89	-0.271846 -0.418978 3.19244	
2.9	-0.304753 -0.424159 3.05296	
2.91	-0.527168 0.739428 5.11832	
2.92	-7.34273 5.20705 33.3308	
2.93	-7.41811 5.16595 31.752	
2.94	-7.31167 5.04853 30.404	
2.95	-4.23602 3.03768 24.7263	
2.96	5.21151 -1.23128 10.7768	
2.97	5.99777 -8.7154 5.88909	
2.98	7.95726 -7.61814 4.2385	
2.99	16.1385 -6.89496 -4.21202	
3	4.9349 -4.11527 1.63687	
3.01	21.773 -8.16336 17.1974	
3.02	-0.0586223 5.27294 2.43495	
3.03	-1.36529 2.20722 0.327623	
3.04	-0.847885 -18.7149 7.36961	
3.05	-3.43737 0.623484 6.73529	
3.06	-2.83006 -0.594564 9.14078	
3.07	-3.16909 -1.23101 1.15624	
3.08	18.6302 -2.51869 16.4472	
3.09	22.339 0.85507 13.0784	
3.1	20.5436 -0.92438 -7.42612	
3.11	23.5929 3.53651 -9.78017	
3.12	24.7592 4.65651 -33.6748	
3.13	19.143 6.23802 -1.86348	
3.14	18.2066 6.36361 -1.98344	
3.15	17.375 6.46957 -1.92143	
3.16	16.4999 6.51235 -2.15569	
3.17	16.0278 6.26352 -1.75722	
3.18	15.7395 5.79825 -1.23164	
3.19	15.366 5.40239 -0.91817	
3.2	15.0847 4.89346 -0.580274	
3.21	15.1796 3.78223 -0.12683	
3.22	15.4251 2.09997 -0.145853	
3.23	15.5314 0.421091 -0.615717	
3.24	15.5968 -1.32967 -1.36644	
3.25	15.564 -2.8677 -2.14271	
3.26	15.1751 -3.30859 -2.38169	
3.27	14.6242 -3.1858 -2.31056	
3.28	14.0492 -2.96919 -2.22352	
3.29	13.4985 -2.6594 -1.98266	
3.3	12.9742 -2.35798 -1.72822	
3.31	12.5317 -2.16284 -1.44491	
3.32	12.142 -2.07023 -1.20739	
3.33	11.7057 -2.00396 -1.18336	
3.34	11.26 -1.94807 -1.24265	
3.35	5.81833 -0.481604 6.04481	
3.36	6.04108 -2.20663 31.2717	
3.37	-4.52882 -2.21488 4.45743	
3.38	0.923564 0.471367 12.3811	
3.39	-0.134906 0.139656 12.2612	
3.4	-0.181304 0.120923 11.795	
3.41	-0.173019 0.116731 11.35	
3.42	-0.171875 0.0882677 10.9292	
3.43	-0.363229 -0.480407 10.7835	
3.44	-0.477627 -0.806831 10.5416	
3.45	-0.452576 -0.776174 10.1389	
3.46	-0.495522 -0.883657 9.82431	
3.47	-0.588113 -1.11003 9.59167	
3.48	-0.754519 -1.41086 9.43671	
3.49	-0.837532 -1.53645 9.20035	
3.5	-0.890988 -1.59276 8.93606	
3.51	-0.877808 -1.51205 8.65169	
3.52	-0.89996 -1.53797 8.38782	
3.53	-1.00441 -1.62496 8.22005	
3.54	-1.09008 -1.65902 8.04321	
3.55	-1.09093 -1.58549 7.83225	
3.56	-1.15103 -1.59262 7.66601	
3.57	-1.22431 -1.58429 7.53259	
3.58	-1.43919 -1.60014 7.59721	
