# Gnuplot File : velocities of 1 particle(s) Monitored
# 1st Column : time, others : particle(s) number 0 
0.01	1.65574e-16 0 -0.0365586	
0.02	2.86636e-16 0 -0.0632893	
0.03	3.75154e-16 0 -0.082834	
0.04	2.76886e-16 0 -0.0971245	
0.05	1.90827e-16 0 -0.107573	
0.06	1.56339e-16 0 -0.115213	
0.07	1.17908e-16 0 -0.120799	
0.08	8.69024e-17 0 -0.124884	
0.09	6.15097e-17 0 -0.12787	
0.1	4.10955e-17 0 -0.130054	
0.11	3.02503e-17 0 -0.13165	
0.12	2.15068e-17 0 -0.132818	
0.13	1.55079e-17 0 -0.133671	
0.14	1.13177e-17 0 -0.134295	
0.15	8.34982e-18 0 -0.134752	
0.16	8.74941e-18 0 -0.134752	
0.17	9.18532e-18 0 -0.134752	
0.18	1.00448e-17 0 -0.134752	
0.19	1.05022e-17 0 -0.134752	
0.2	1.08579e-17 0 -0.134752	
0.21	1.10491e-17 0 -0.134752	
0.22	1.10046e-17 0 -0.134752	
0.23	1.10555e-17 0 -0.134752	
0.24	1.10908e-17 0 -0.134752	
0.25	1.08938e-17 0 -0.134752	
0.26	1.27718e-17 0 -0.134752	
0.27	9.99916e-18 0 -0.134752	
0.28	7.87943e-18 0 -0.134752	
0.29	7.60298e-18 0 -0.134752	
0.3	8.17723e-18 0 -0.134752	
0.31	9.1692e-18 0 -0.134752	
0.32	9.49863e-18 0 -0.134752	
0.33	9.62364e-18 0 -0.134752	
0.34	9.58232e-18 0 -0.134752	
0.35	9.28742e-18 0 -0.134752	
0.36	8.9549e-18 0 -0.134752	
0.37	8.52358e-18 0 -0.134752	
0.38	7.91059e-18 0 -0.134752	
0.39	7.38743e-18 0 -0.134752	
0.4	7.04276e-18 0 -0.134752	
0.41	6.64564e-18 0 -0.134752	
0.42	6.34938e-18 0 -0.134752	
0.43	6.00592e-18 0 -0.134752	
0.44	5.63839e-18 0 -0.134752	
0.45	5.46337e-18 0 -0.134752	
0.46	5.34596e-18 0 -0.134752	
0.47	5.3065e-18 0 -0.134752	
0.48	5.04213e-18 0 -0.134752	
0.49	4.88085e-18 0 -0.134752	
0.5	4.77518e-18 0 -0.134752	
0.51	4.72969e-18 0 -0.134752	
0.52	4.70528e-18 0 -0.134752	
0.53	4.74865e-18 0 -0.134752	
0.54	4.90187e-18 0 -0.134752	
0.55	4.66203e-18 0 -0.134752	
0.56	4.607e-18 0 -0.134752	
0.57	4.45425e-18 0 -0.134752	
0.58	4.40692e-18 0 -0.134752	
0.59	4.36693e-18 0 -0.134752	
0.6	4.30521e-18 0 -0.134752	
0.61	4.4356e-18 0 -0.134752	
0.62	4.48343e-18 0 -0.134752	
0.63	4.42684e-18 0 -0.134752	
0.64	4.45256e-18 0 -0.134752	
0.65	4.48497e-18 0 -0.134752	
0.66	4.4738e-18 0 -0.134752	
0.67	4.51393e-18 0 -0.134752	
0.68	4.55437e-18 0 -0.134752	
0.69	4.54177e-18 0 -0.134752	
0.7	4.58835e-18 0 -0.134752	
0.71	4.55796e-18 0 -0.134752	
0.72	4.61099e-18 0 -0.134752	
0.73	4.60472e-18 0 -0.134752	
0.74	4.62641e-18 0 -0.134752	
0.75	-0.236527 1.19693 0.344935	
0.76	-0.442415 2.42901 0.675458	
0.77	-0.424605 2.67638 0.606638	
0.78	-0.479311 3.20933 0.583982	
0.79	-0.432346 3.48924 -0.215263	
0.8	-0.120947 3.5724 -0.323439	
0.81	-0.343199 3.66417 0.290344	
0.82	-0.495197 3.71051 0.434985	
0.83	-0.376743 3.57707 0.0583905	
0.84	-0.551123 3.66294 0.488199	
0.85	-0.372122 3.75001 -0.3556	
0.86	-0.272033 2.73708 -0.295605	
0.87	-0.19887 1.99812 -0.252071	
0.88	-0.145439 1.46025 -0.220702	
0.89	-0.106336 1.06631 -0.19765	
0.9	-0.0777891 0.779321 -0.180983	
0.91	-0.0569245 0.569734 -0.168844	
0.92	-0.0416578 0.416618 -0.160001	
0.93	-0.0304899 0.304701 -0.153546	
0.94	-0.0223198 0.222819 -0.148819	
0.95	-0.0163431 0.16306 -0.145386	
0.96	-0.0119639 0.119394 -0.142888	
0.97	-0.00875531 0.0873826 -0.141047	
0.98	-0.00640118 0.0639911 -0.139709	
0.99	-0.00467805 0.0468684 -0.138728	
1	-0.00341855 0.0343227 -0.138004	
1.01	-0.0024974 0.0251508 -0.137476	
1.02	-0.00182422 0.018421 -0.137085	
1.03	-0.0013322 0.0134902 -0.136797	
1.04	-0.00097305 0.00987625 -0.136584	
1.05	-0.000710852 0.00722835 -0.136427	
1.06	-0.000519139 0.00529187 -0.136312	
1.07	-0.000379217 0.0038729 -0.136227	
1.08	-0.000277006 0.00283419 -0.136165	
1.09	-0.000202427 0.00207342 -0.136119	
1.1	-0.000147867 0.00151714 -0.136085	
1.11	-0.000108045 0.00111004 -0.13606	
1.12	-0.000107957 0.00111091 -0.136061	
1.13	-0.000107885 0.00111167 -0.136061	
1.14	-0.000107767 0.00111284 -0.136061	
1.15	-0.000107588 0.00111429 -0.136062	
1.16	-0.000107356 0.0011159 -0.136062	
1.17	-0.000107215 0.00111698 -0.136062	
1.18	-0.000107058 0.00111809 -0.136063	
1.19	-0.000106893 0.0011191 -0.136063	
1.2	-0.000106745 0.00112008 -0.136063	
1.21	-0.000106622 0.00112075 -0.136063	
1.22	-0.000106567 0.00112115 -0.136064	
1.23	-0.000106412 0.0011221 -0.136064	
1.24	-0.00010635 0.00112251 -0.136064	
1.25	-0.000106257 0.00112308 -0.136064	
1.26	-0.000106119 0.00112386 -0.136064	
1.27	-0.000106043 0.00112425 -0.136065	
1.28	-0.000105885 0.00112514 -0.136065	
1.29	-0.000105798 0.00112557 -0.136065	
1.3	-0.000105744 0.00112585 -0.136065	
1.31	-0.000105577 0.00112672 -0.136065	
1.32	-0.000105335 0.001128 -0.136066	
1.33	-0.000105198 0.00112874 -0.136066	
1.34	-0.00010498 0.00112982 -0.136066	
1.35	-0.000104961 0.00112984 -0.136066	
1.36	-0.000104823 0.00113039 -0.136066	
1.37	-0.000104651 0.00113116 -0.136067	
1.38	-0.000104717 0.0011308 -0.136067	
1.39	-0.000104655 0.00113103 -0.136067	
1.4	-0.000104587 0.00113138 -0.136067	
1.41	-0.000104534 0.00113162 -0.136067	
1.42	-0.000104546 0.00113158 -0.136067	
1.43	-0.000104461 0.001132 -0.136067	
1.44	-0.000104398 0.00113228 -0.136067	
1.45	-0.000104488 0.00113187 -0.136067	
1.46	-0.000104479 0.00113188 -0.136067	
1.47	-0.000104515 0.00113169 -0.136067	
1.48	-0.000104561 0.0011314 -0.136067	
1.49	-0.000104572 0.0011313 -0.136067	
1.5	-0.000104656 0.00113079 -0.136067	
1.51	-0.00010467 0.0011307 -0.136067	
1.52	-0.000104732 0.00113023 -0.136067	
1.53	-0.000104765 0.00113005 -0.136066	
1.54	-0.000104811 0.00112984 -0.136066	
1.55	-0.000104947 0.00112924 -0.136066	
1.56	-0.000104977 0.00112904 -0.136066	
1.57	-0.000105267 0.00112754 -0.136066	
1.58	-0.000105478 0.00112653 -0.136065	
1.59	-0.000105741 0.00112512 -0.136065	
1.6	-0.000105977 0.00112385 -0.136064	
1.61	-0.000106203 0.00112265 -0.136064	
1.62	-0.000106415 0.00112147 -0.136064	
1.63	-0.000106592 0.00112051 -0.136063	
1.64	-0.000106735 0.0011197 -0.136063	
1.65	-0.000106912 0.00111862 -0.136063	
1.66	-0.00010696 0.00111835 -0.136063	
1.67	-0.000107063 0.00111776 -0.136063	
1.68	-0.000107128 0.00111734 -0.136063	
1.69	-0.000107185 0.00111695 -0.136062	
1.7	-0.000107236 0.00111655 -0.136062	
1.71	-0.000107315 0.00111588 -0.136062	
1.72	-0.00010739 0.00111529 -0.136062	
1.73	-0.000107465 0.00111478 -0.136062	
1.74	-0.00010761 0.00111361 -0.136061	
1.75	-0.000107727 0.00111275 -0.136061	
1.76	-0.000107914 0.00111116 -0.136061	
1.77	-0.000108056 0.00111017 -0.136061	
1.78	-0.000108356 0.0011078 -0.13606	
1.79	-0.000108507 0.00110658 -0.13606	
1.8	-0.000108718 0.0011048 -0.136059	
1.81	-0.000108816 0.00110411 -0.136059	
1.82	-0.000108916 0.0011032 -0.136059	
1.83	-0.000109006 0.00110233 -0.136058	
1.84	-0.000109054 0.00110192 -0.136058	
1.85	-0.000109163 0.00110072 -0.136058	
1.86	-0.00010926 0.0010997 -0.136058	
1.87	-0.000109365 0.00109841 -0.136057	
1.88	-0.000109447 0.00109732 -0.136057	
1.89	-0.000109516 0.00109632 -0.136057	
1.9	-0.000109584 0.00109522 -0.136057	
1.91	-0.000109639 0.00109427 -0.136056	
1.92	-0.000109669 0.00109372 -0.136056	
1.93	-0.000109681 0.0010935 -0.136056	
1.94	-0.000109668 0.00109373 -0.136056	
1.95	-0.00010964 0.00109426 -0.136056	
1.96	-0.000109635 0.00109433 -0.136056	
1.97	-0.000109632 0.00109427 -0.136056	
1.98	-0.000109645 0.00109384 -0.136056	
1.99	-0.000109713 0.00109231 -0.136056	
2	-0.000109713 0.00109176 -0.136056	
2.01	-0.000109713 0.00109106 -0.136056	
2.02	-0.000109684 0.00109085 -0.136056	
2.03	-0.000109644 0.00109048 -0.136056	
2.04	-0.000109584 0.00109069 -0.136056	
2.05	-0.000109523 0.00109097 -0.136056	
2.06	-0.000109448 0.00109127 -0.136056	
2.07	-0.000109379 0.00109129 -0.136056	
2.08	-0.000109282 0.00109187 -0.136056	
2.09	-0.000109196 0.00109212 -0.136056	
2.1	-0.000109105 0.00109291 -0.136056	
2.11	-0.000109042 0.00109318 -0.136056	
2.12	-0.00010895 0.0010938 -0.136057	
2.13	-0.000108895 0.00109377 -0.136057	
2.14	-0.000108858 0.00109391 -0.136057	
2.15	-0.000108843 0.00109365 -0.136057	
2.16	-0.000108805 0.00109372 -0.136057	
2.17	-0.000108818 0.00109353 -0.136057	
2.18	-0.000108805 0.00109373 -0.136057	
2.19	-0.000108835 0.00109355 -0.136057	
2.2	-0.000108848 0.00109344 -0.136057	
2.21	-0.000108787 0.00109373 -0.136057	
2.22	-0.000108799 0.00109363 -0.136057	
2.23	-0.000108761 0.00109407 -0.136057	
2.24	-0.000108778 0.00109427 -0.136057	
2.25	-0.000108793 0.00109376 -0.136057	
2.26	-0.000108793 0.00109387 -0.136057	
2.27	-0.000108799 0.00109385 -0.136057	
2.28	-0.00010877 0.0010938 -0.136057	
2.29	-0.00010869 0.00109414 -0.136057	
2.3	-0.000108645 0.00109457 -0.136057	
2.31	-0.000108609 0.00109475 -0.136057	
2.32	-0.000108543 0.00109497 -0.136057	
2.33	-0.000108525 0.00109508 -0.136057	
2.34	-0.000108474 0.00109528 -0.136057	
2.35	-0.000108418 0.00109573 -0.136057	
2.36	-0.000108428 0.00109569 -0.136057	
2.37	-0.000108514 0.00109513 -0.136057	
2.38	-0.000108558 0.00109544 -0.136057	
2.39	-0.000108639 0.00109516 -0.136057	
2.4	-0.000108663 0.00109502 -0.136057	
2.41	-0.000108611 0.00109571 -0.136057	
2.42	-0.000108611 0.00109575 -0.136057	
2.43	-0.000108541 0.00109603 -0.136057	
2.44	-0.000108474 0.00109653 -0.136057	
2.45	-0.000108446 0.00109661 -0.136058	
2.46	-0.000108417 0.00109695 -0.136058	
2.47	-0.000108424 0.00109721 -0.136058	
2.48	-0.000108439 0.00109725 -0.136058	
2.49	-0.000108452 0.00109729 -0.136058	
2.5	-0.000108567 0.00109667 -0.136057	
2.51	-0.000108562 0.00109682 -0.136057	
2.52	-0.000108624 0.00109659 -0.136057	
2.53	-0.000108633 0.00109677 -0.136057	
2.54	-0.00010859 0.0010973 -0.136058	
2.55	-0.000108589 0.00109722 -0.136058	
2.56	-0.000108568 0.00109753 -0.136058	
2.57	-0.000108533 0.00109767 -0.136058	
2.58	-0.00010845 0.00109874 -0.136058	
2.59	-0.000108439 0.0010991 -0.136058	
2.6	-0.00010832 0.00110024 -0.136058	
2.61	-0.00010834 0.00110019 -0.136058	
2.62	-0.000108267 0.00110067 -0.136058	
2.63	-0.000108288 0.00109996 -0.136058	
2.64	-0.000108283 0.00109994 -0.136058	
2.65	-0.000108297 0.00109979 -0.136058	
2.66	-0.000108302 0.00109949 -0.136058	
2.67	-0.000108329 0.00109922 -0.136058	
2.68	-0.000108341 0.0010996 -0.136058	
2.69	-0.000108369 0.00109947 -0.136058	
2.7	-0.000108333 0.00110034 -0.136058	
2.71	-0.000108319 0.00110114 -0.136059	
2.72	-0.000108384 0.00110141 -0.136059	
2.73	-0.000108486 0.0011012 -0.136058	
2.74	-0.000108529 0.00110146 -0.136058	
2.75	-0.000108623 0.00110114 -0.136058	
2.76	-0.000108643 0.00110104 -0.136058	
2.77	-0.000108572 0.00110186 -0.136059	
2.78	-0.000108593 0.0011018 -0.136058	
2.79	-0.000108654 0.0011016 -0.136058	
2.8	-0.000108728 0.00110144 -0.136058	
2.81	-0.000108754 0.00110146 -0.136058	
2.82	-0.000108808 0.00110127 -0.136058	
2.83	-0.000108812 0.00110146 -0.136058	
2.84	-0.000108776 0.00110202 -0.136058	
2.85	-0.000108782 0.00110201 -0.136058	
2.86	-0.000108689 0.00110276 -0.136059	
2.87	-0.000108705 0.00110259 -0.136059	
2.88	-0.000108651 0.00110326 -0.136059	
2.89	-0.000108627 0.00110346 -0.136059	
2.9	-0.000108579 0.00110409 -0.136059	
2.91	-0.000108541 0.00110455 -0.136059	
2.92	-0.000108549 0.00110456 -0.136059	
2.93	-0.000108534 0.00110489 -0.136059	
2.94	-0.000108588 0.00110459 -0.136059	
2.95	-0.000108577 0.00110499 -0.136059	
2.96	-0.000108633 0.00110471 -0.136059	
2.97	-0.000108652 0.00110475 -0.136059	
2.98	-0.000108673 0.00110464 -0.136059	
2.99	-0.000108576 0.00110537 -0.136059	
3	-0.000108545 0.00110563 -0.136059	
3.01	-0.0001085 0.00110605 -0.136059	
3.02	-0.000108461 0.00110639 -0.13606	
3.03	-0.000108365 0.00110708 -0.13606	
3.04	-0.000108284 0.00110773 -0.13606	
3.05	-0.000108227 0.00110824 -0.13606	
3.06	-0.000108194 0.00110851 -0.13606	
3.07	-0.000108161 0.00110877 -0.13606	
3.08	-0.000108153 0.00110888 -0.13606	
3.09	-0.000108066 0.00110961 -0.13606	
3.1	-0.000108053 0.00110977 -0.13606	
3.11	-0.000107893 0.00111094 -0.136061	
3.12	-0.000107838 0.00111147 -0.136061	
3.13	-0.000107788 0.0011119 -0.136061	
3.14	-0.000107763 0.00111206 -0.136061	
3.15	-0.000107726 0.00111226 -0.136061	
3.16	-0.000107651 0.00111294 -0.136061	
3.17	-0.000107672 0.00111281 -0.136061	
3.18	-0.000107596 0.0011134 -0.136061	
3.19	-0.000107603 0.0011135 -0.136061	
3.2	-0.000107528 0.0011142 -0.136062	
3.21	-0.000107439 0.001115 -0.136062	
3.22	-0.000107393 0.00111546 -0.136062	
3.23	-0.000107376 0.00111561 -0.136062	
3.24	-0.000107321 0.00111596 -0.136062	
3.25	-0.000107276 0.00111633 -0.136062	
3.26	-0.000107247 0.00111655 -0.136062	
3.27	-0.00010723 0.00111675 -0.136062	
3.28	-0.000107086 0.00111783 -0.136063	
3.29	-0.000106956 0.00111862 -0.136063	
3.3	-0.000106809 0.00111957 -0.136063	
3.31	-0.000106677 0.00112037 -0.136063	
3.32	-0.000106576 0.00112098 -0.136064	
3.33	-0.000106472 0.00112162 -0.136064	
3.34	-0.000106356 0.0011223 -0.136064	
3.35	-0.000106206 0.00112316 -0.136064	
3.36	-0.000106114 0.00112368 -0.136064	
3.37	-0.000105974 0.00112442 -0.136065	
3.38	-0.000105834 0.00112519 -0.136065	
3.39	-0.0001057 0.0011259 -0.136065	
3.4	-0.000105524 0.00112674 -0.136065	
3.41	-0.000105418 0.00112725 -0.136066	
3.42	-0.000105295 0.00112787 -0.136066	
3.43	-0.000104956 0.00112945 -0.136066	
3.44	-0.000104856 0.00112991 -0.136066	
3.45	-0.000104672 0.00113075 -0.136067	
3.46	-0.000104468 0.00113161 -0.136067	
3.47	-0.000104432 0.00113176 -0.136067	
3.48	-0.000104251 0.00113257 -0.136067	
3.49	-0.000104111 0.00113316 -0.136067	
3.5	-0.000103889 0.00113402 -0.136068	
3.51	-0.000103795 0.00113429 -0.136068	
3.52	-0.000103627 0.00113487 -0.136068	
3.53	-0.000103412 0.00113568 -0.136068	
3.54	-0.000103301 0.00113604 -0.136069	
3.55	-0.000103019 0.00113701 -0.136069	
3.56	-0.000102973 0.00113716 -0.136069	
3.57	-0.000102663 0.00113819 -0.136069	
3.58	-0.000102542 0.00113861 -0.136069	
3.59	-0.000102398 0.00113911 -0.13607	
3.6	-0.000102308 0.00113948 -0.13607	
3.61	-0.000102339 0.00113933 -0.13607	
3.62	-0.000102274 0.00113953 -0.13607	
3.63	-0.000102289 0.00113946 -0.13607	
3.64	-0.000102237 0.00113951 -0.13607	
3.65	-0.000102261 0.00113928 -0.13607	
3.66	-0.000102368 0.0011387 -0.13607	
3.67	-0.000102357 0.00113857 -0.13607	
3.68	-0.000102393 0.00113821 -0.136069	
3.69	-0.000102309 0.00113842 -0.13607	
3.7	-0.000102336 0.00113825 -0.13607	
3.71	-0.000102185 0.00113866 -0.13607	
3.72	-0.000102111 0.00113877 -0.13607	
3.73	-0.000102042 0.00113892 -0.13607	
3.74	-0.000101814 0.00113953 -0.13607	
3.75	-0.000101698 0.0011397 -0.13607	
3.76	-0.00010142 0.0011405 -0.13607	
3.77	-0.000101376 0.00114051 -0.136071	
3.78	-0.00010121 0.0011409 -0.136071	
3.79	-0.000100922 0.00114173 -0.136071	
3.8	-0.000100901 0.00114174 -0.136071	
3.81	-0.000100734 0.00114213 -0.136071	
3.82	-0.000100709 0.00114228 -0.136071	
3.83	-0.000100704 0.00114235 -0.136071	
3.84	-0.000100599 0.0011426 -0.136071	
3.85	-0.000100495 0.00114295 -0.136072	
3.86	-0.000100406 0.00114321 -0.136072	
3.87	-0.000100302 0.00114354 -0.136072	
3.88	-0.000100126 0.00114401 -0.136072	
3.89	-0.000100143 0.00114395 -0.136072	
3.9	-9.99239e-05 0.00114459 -0.136072	
3.91	-9.97838e-05 0.001145 -0.136072	
3.92	-9.98211e-05 0.0011449 -0.136072	
3.93	-9.966e-05 0.00114545 -0.136072	
3.94	-9.95175e-05 0.00114586 -0.136073	
3.95	-9.94626e-05 0.00114609 -0.136073	
3.96	-9.94359e-05 0.00114616 -0.136073	
3.97	-9.93821e-05 0.00114635 -0.136073	
3.98	-9.93002e-05 0.00114645 -0.136073	
3.99	-9.92461e-05 0.00114664 -0.136073	
4	-9.91259e-05 0.00114693 -0.136073	
4.01	-9.90691e-05 0.00114698 -0.136073	
4.02	-9.90966e-05 0.00114684 -0.136073	
4.03	-9.90437e-05 0.00114701 -0.136073	
4.04	-9.88512e-05 0.00114744 -0.136073	
4.05	-9.87213e-05 0.00114763 -0.136073	
4.06	-9.85958e-05 0.00114794 -0.136074	
4.07	-9.8593e-05 0.00114789 -0.136074	
4.08	-9.84946e-05 0.00114805 -0.136074	
4.09	-9.84789e-05 0.00114785 -0.136074	
4.1	-9.83585e-05 0.00114816 -0.136074	
4.11	-9.83016e-05 0.0011481 -0.136074	
4.12	-9.81506e-05 0.00114846 -0.136074	
4.13	-9.80268e-05 0.00114863 -0.136074	
4.14	-9.79308e-05 0.00114878 -0.136074	
4.15	-9.77189e-05 0.00114917 -0.136074	
4.16	-9.74742e-05 0.00114959 -0.136075	
4.17	-9.724e-05 0.00115004 -0.136075	
4.18	-9.70397e-05 0.00115054 -0.136075	
4.19	-9.69362e-05 0.00115075 -0.136075	
4.2	-9.67724e-05 0.00115125 -0.136075	
4.21	-9.67481e-05 0.00115132 -0.136075	
4.22	-9.67149e-05 0.00115147 -0.136075	
4.23	-9.65931e-05 0.00115178 -0.136076	
4.24	-9.65043e-05 0.00115201 -0.136076	
4.25	-9.64729e-05 0.00115208 -0.136076	
4.26	-9.6579e-05 0.00115193 -0.136076	
4.27	-9.65825e-05 0.00115184 -0.136076	
4.28	-9.67051e-05 0.0011516 -0.136075	
4.29	-9.68029e-05 0.00115144 -0.136075	
4.3	-9.68827e-05 0.00115138 -0.136075	
4.31	-9.69232e-05 0.00115135 -0.136075	
4.32	-9.6926e-05 0.00115138 -0.136075	
4.33	-9.70519e-05 0.00115094 -0.136075	
4.34	-9.67161e-05 0.00115172 -0.136075	
4.35	-9.67815e-05 0.00115165 -0.136075	
4.36	-9.64267e-05 0.00115246 -0.136076	
4.37	-9.63336e-05 0.00115254 -0.136076	
4.38	-9.62129e-05 0.00115284 -0.136076	
4.39	-9.61522e-05 0.00115286 -0.136076	
4.4	-9.6031e-05 0.00115315 -0.136076	
4.41	-9.60272e-05 0.00115309 -0.136076	
4.42	-9.59224e-05 0.00115346 -0.136076	
4.43	-9.59028e-05 0.00115343 -0.136076	
4.44	-9.5839e-05 0.00115372 -0.136076	
4.45	-9.59281e-05 0.0011535 -0.136076	
4.46	-9.59271e-05 0.00115337 -0.136076	
4.47	-9.60085e-05 0.00115312 -0.136076	
4.48	-9.59558e-05 0.00115312 -0.136076	
4.49	-9.59188e-05 0.00115308 -0.136076	
4.5	-9.57283e-05 0.00115339 -0.136076	
4.51	-9.54601e-05 0.00115395 -0.136077	
4.52	-9.54536e-05 0.00115385 -0.136077	
4.53	-9.53199e-05 0.00115408 -0.136077	
4.54	-9.53382e-05 0.00115383 -0.136077	
4.55	-9.49884e-05 0.0011544 -0.136077	
4.56	-9.51696e-05 0.00115375 -0.136077	
4.57	-9.50173e-05 0.00115388 -0.136077	
4.58	-9.51122e-05 0.00115345 -0.136077	
4.59	-9.49465e-05 0.00115386 -0.136077	
4.6	-9.53098e-05 0.00115291 -0.136076	
4.61	-9.56303e-05 0.00115219 -0.136076	
4.62	-9.56777e-05 0.00115206 -0.136076	
4.63	-9.58376e-05 0.00115136 -0.136076	
4.64	-9.59212e-05 0.00115086 -0.136076	
4.65	-9.60642e-05 0.00115028 -0.136076	
4.66	-9.61351e-05 0.00114991 -0.136075	
4.67	-9.63898e-05 0.00114926 -0.136075	
4.68	-9.63686e-05 0.00114912 -0.136075	
4.69	-9.63859e-05 0.00114879 -0.136075	
4.7	-9.65857e-05 0.00114814 -0.136075	
4.71	-9.68096e-05 0.00114741 -0.136075	
4.72	-9.68806e-05 0.00114687 -0.136074	
4.73	-9.70726e-05 0.00114614 -0.136074	
4.74	-9.71702e-05 0.00114569 -0.136074	
4.75	-9.6981e-05 0.00114576 -0.136074	
4.76	-9.69221e-05 0.00114564 -0.136074	
4.77	-9.69212e-05 0.00114524 -0.136074	
4.78	-9.68355e-05 0.00114516 -0.136074	
4.79	-9.66299e-05 0.00114543 -0.136074	
4.8	-9.66382e-05 0.00114489 -0.136074	
4.81	-9.65781e-05 0.00114483 -0.136074	
4.82	-9.64566e-05 0.00114499 -0.136074	
4.83	-9.64669e-05 0.00114473 -0.136074	
4.84	-9.63102e-05 0.00114509 -0.136074	
4.85	-9.64134e-05 0.00114451 -0.136074	
4.86	-9.62432e-05 0.00114487 -0.136074	
4.87	-9.64065e-05 0.00114423 -0.136074	
4.88	-9.64304e-05 0.00114416 -0.136074	
4.89	-9.62249e-05 0.00114468 -0.136074	
4.9	-9.61806e-05 0.00114449 -0.136074	
4.91	-9.62663e-05 0.0011442 -0.136074	
4.92	-9.62347e-05 0.00114411 -0.136074	
4.93	-9.62819e-05 0.00114406 -0.136074	
4.94	-9.65501e-05 0.00114338 -0.136074	
4.95	-9.66638e-05 0.00114304 -0.136074	
4.96	-9.67482e-05 0.00114281 -0.136074	
4.97	-9.71803e-05 0.0011416 -0.136073	
4.98	-9.7255e-05 0.00114108 -0.136073	
4.99	-9.70237e-05 0.00114097 -0.136073	
5	-9.70573e-05 0.00114034 -0.136073	
5.01	-9.66624e-05 0.00114064 -0.136073	
5.02	-9.66473e-05 0.00114034 -0.136073	
5.03	-9.64162e-05 0.00114012 -0.136073	
5.04	-9.63013e-05 0.0011398 -0.136073	
5.05	-9.6254e-05 0.00113933 -0.136073	
5.06	-9.61858e-05 0.00113902 -0.136073	
5.07	-9.60542e-05 0.00113913 -0.136073	
5.08	-9.61478e-05 0.00113846 -0.136073	
5.09	-9.60788e-05 0.00113856 -0.136073	
5.1	-9.61973e-05 0.00113802 -0.136073	
5.11	-9.62824e-05 0.00113786 -0.136073	
5.12	-9.65331e-05 0.00113737 -0.136073	
5.13	-9.678e-05 0.00113672 -0.136072	
5.14	-9.68675e-05 0.00113684 -0.136072	
5.15	-9.71273e-05 0.00113619 -0.136072	
5.16	-9.73194e-05 0.00113541 -0.136072	
5.17	-9.72505e-05 0.00113529 -0.136072	
5.18	-9.72299e-05 0.00113499 -0.136072	
5.19	-9.70806e-05 0.00113502 -0.136072	
5.2	-9.71521e-05 0.00113446 -0.136072	
5.21	-9.70598e-05 0.00113419 -0.136072	
5.22	-9.72998e-05 0.00113326 -0.136071	
5.23	-9.73035e-05 0.00113258 -0.136071	
5.24	-9.7403e-05 0.00113168 -0.136071	
5.25	-9.75152e-05 0.00113082 -0.136071	
5.26	-9.76385e-05 0.00112953 -0.13607	
5.27	-9.72382e-05 0.00112993 -0.136071	
5.28	-9.70023e-05 0.00112951 -0.136071	
5.29	-9.66395e-05 0.00112934 -0.136071	
5.3	-9.6369e-05 0.00112906 -0.136071	
5.31	-9.59403e-05 0.00112943 -0.136071	
5.32	-9.56402e-05 0.00112887 -0.136071	
5.33	-9.54618e-05 0.00112902 -0.136072	
5.34	-9.5268e-05 0.00112884 -0.136072	
5.35	-9.50887e-05 0.00112873 -0.136072	
5.36	-9.50092e-05 0.00112838 -0.136072	
5.37	-9.48232e-05 0.00112826 -0.136072	
5.38	-9.47452e-05 0.00112816 -0.136072	
5.39	-9.48265e-05 0.00112784 -0.136072	
5.4	-9.4661e-05 0.00112797 -0.136072	
5.41	-9.45907e-05 0.001128 -0.136072	
5.42	-9.46445e-05 0.00112755 -0.136072	
5.43	-9.4403e-05 0.00112792 -0.136072	
5.44	-9.42949e-05 0.00112779 -0.136072	
5.45	-9.41329e-05 0.00112776 -0.136072	
5.46	-9.37746e-05 0.00112854 -0.136072	
5.47	-9.37759e-05 0.00112834 -0.136072	
5.48	-9.34233e-05 0.00112868 -0.136073	
5.49	-9.31673e-05 0.00112892 -0.136073	
5.5	-9.29313e-05 0.00112916 -0.136073	
5.51	-9.27468e-05 0.00112905 -0.136073	
5.52	-9.24726e-05 0.00112948 -0.136073	
5.53	-9.23151e-05 0.00112956 -0.136073	
5.54	-9.20789e-05 0.00112952 -0.136074	
5.55	-9.19039e-05 0.00112985 -0.136074	
5.56	-9.17336e-05 0.0011299 -0.136074	
5.57	-9.18252e-05 0.0011298 -0.136074	
5.58	-9.17569e-05 0.0011296 -0.136074	
5.59	-9.16788e-05 0.00112991 -0.136074	
5.6	-9.17283e-05 0.00113006 -0.136074	
5.61	-9.18189e-05 0.00112974 -0.136074	
5.62	-9.1833e-05 0.00112977 -0.136074	
5.63	-9.19588e-05 0.0011299 -0.136074	
5.64	-9.20292e-05 0.00112984 -0.136074	
5.65	-9.18169e-05 0.00113047 -0.136074	
5.66	-9.18543e-05 0.00113043 -0.136074	
5.67	-9.19078e-05 0.00113015 -0.136074	
5.68	-9.18583e-05 0.00113043 -0.136074	
5.69	-9.1825e-05 0.00113046 -0.136074	
5.7	-9.17583e-05 0.00113052 -0.136074	
5.71	-9.17723e-05 0.00113055 -0.136074	
5.72	-9.16548e-05 0.00113041 -0.136074	
5.73	-9.14706e-05 0.00113082 -0.136074	
5.74	-9.11312e-05 0.00113105 -0.136074	
5.75	-9.09993e-05 0.00113116 -0.136074	
5.76	-9.08355e-05 0.00113124 -0.136075	
5.77	-9.06339e-05 0.00113142 -0.136075	
5.78	-9.05699e-05 0.00113169 -0.136075	
5.79	-9.04042e-05 0.00113177 -0.136075	
5.8	-9.02559e-05 0.00113208 -0.136075	
5.81	-9.01464e-05 0.00113261 -0.136075	
5.82	-9.01085e-05 0.00113244 -0.136075	
5.83	-9.01865e-05 0.00113237 -0.136075	
5.84	-9.00718e-05 0.00113243 -0.136075	
5.85	-9.00124e-05 0.00113252 -0.136075	
5.86	-9.00232e-05 0.00113223 -0.136075	
5.87	-8.98099e-05 0.00113289 -0.136076	
5.88	-8.99925e-05 0.00113225 -0.136075	
5.89	-8.99057e-05 0.00113257 -0.136075	
5.9	-8.96163e-05 0.00113281 -0.136076	
5.91	-8.97655e-05 0.00113268 -0.136076	
5.92	-8.9677e-05 0.00113252 -0.136076	
5.93	-8.95544e-05 0.00113286 -0.136076	
5.94	-8.93946e-05 0.00113275 -0.136076	
5.95	-8.94165e-05 0.00113271 -0.136076	
5.96	-8.90897e-05 0.00113313 -0.136076	
5.97	-8.90734e-05 0.00113319 -0.136076	
5.98	-8.88415e-05 0.00113361 -0.136076	
5.99	-8.87302e-05 0.0011336 -0.136076	
6	-8.87668e-05 0.00113337 -0.136076	
6.01	-8.87423e-05 0.00113333 -0.136076	
6.02	-8.86242e-05 0.0011336 -0.136076	
6.03	-8.8523e-05 0.00113362 -0.136076	
6.04	-8.85453e-05 0.00113359 -0.136076	
6.05	-8.86071e-05 0.0011333 -0.136076	
6.06	-8.85032e-05 0.00113338 -0.136076	
6.07	-8.83483e-05 0.00113368 -0.136077	
6.08	-8.8102e-05 0.00113407 -0.136077	
6.09	-8.798e-05 0.00113387 -0.136077	
6.1	-8.79659e-05 0.00113386 -0.136077	
6.11	-8.79382e-05 0.00113388 -0.136077	
6.12	-8.78412e-05 0.00113415 -0.136077	
6.13	-8.77071e-05 0.00113446 -0.136077	
6.14	-8.79069e-05 0.00113414 -0.136077	
6.15	-8.79524e-05 0.00113411 -0.136077	
6.16	-8.79202e-05 0.00113413 -0.136077	
6.17	-8.78229e-05 0.0011344 -0.136077	
6.18	-8.79336e-05 0.00113412 -0.136077	
6.19	-8.78474e-05 0.00113443 -0.136077	
6.2	-8.777e-05 0.00113438 -0.136077	
6.21	-8.78635e-05 0.00113435 -0.136077	
6.22	-8.79373e-05 0.00113419 -0.136077	
6.23	-8.78711e-05 0.00113418 -0.136077	
6.24	-8.79019e-05 0.00113434 -0.136077	
6.25	-8.80587e-05 0.00113389 -0.136077	
6.26	-8.78278e-05 0.00113403 -0.136077	
6.27	-8.77967e-05 0.00113427 -0.136077	
6.28	-8.75885e-05 0.00113463 -0.136077	
6.29	-8.75067e-05 0.00113439 -0.136077	
6.3	-8.75141e-05 0.00113413 -0.136077	
6.31	-8.73631e-05 0.00113436 -0.136077	
6.32	-8.70414e-05 0.0011348 -0.136077	
6.33	-8.71482e-05 0.0011347 -0.136077	
6.34	-8.69819e-05 0.00113496 -0.136078	
6.35	-8.72595e-05 0.00113449 -0.136077	
6.36	-8.71968e-05 0.00113501 -0.136077	
6.37	-8.72119e-05 0.00113472 -0.136077	
6.38	-8.73113e-05 0.00113468 -0.136077	
6.39	-8.7059e-05 0.00113507 -0.136078	
6.4	-8.69889e-05 0.00113512 -0.136078	
6.41	-8.68438e-05 0.00113523 -0.136078	
6.42	-8.67124e-05 0.00113531 -0.136078	
6.43	-8.64732e-05 0.00113573 -0.136078	
6.44	-8.60471e-05 0.00113594 -0.136078	
6.45	-8.58391e-05 0.00113614 -0.136078	
6.46	-8.54416e-05 0.00113612 -0.136079	
6.47	-8.51241e-05 0.00113659 -0.136079	
6.48	-8.49441e-05 0.00113671 -0.136079	
6.49	-8.4563e-05 0.00113698 -0.136079	
6.5	-8.42328e-05 0.0011374 -0.13608	
6.51	-8.4164e-05 0.00113725 -0.13608	
6.52	-8.41257e-05 0.0011375 -0.13608	
6.53	-8.42411e-05 0.00113746 -0.13608	
6.54	-8.41694e-05 0.00113746 -0.13608	
6.55	-8.43954e-05 0.00113729 -0.136079	
6.56	-8.46581e-05 0.00113737 -0.136079	
6.57	-8.45291e-05 0.00113764 -0.136079	
6.58	-8.48282e-05 0.00113722 -0.136079	
6.59	-8.46354e-05 0.00113731 -0.136079	
6.6	-8.4423e-05 0.00113764 -0.13608	
6.61	-8.45175e-05 0.00113737 -0.136079	
6.62	-8.43612e-05 0.0011377 -0.13608	
6.63	-8.4365e-05 0.00113745 -0.13608	
6.64	-8.44386e-05 0.00113738 -0.136079	
6.65	-8.43293e-05 0.00113751 -0.13608	
6.66	-8.40581e-05 0.00113766 -0.13608	
6.67	-8.4035e-05 0.00113767 -0.13608	
6.68	-8.39265e-05 0.00113758 -0.13608	
6.69	-8.37943e-05 0.00113765 -0.13608	
6.7	-8.3394e-05 0.00113814 -0.13608	
6.71	-8.33164e-05 0.00113815 -0.13608	
6.72	-8.31807e-05 0.00113816 -0.13608	
6.73	-8.32289e-05 0.00113796 -0.13608	
6.74	-8.34636e-05 0.00113771 -0.13608	
6.75	-8.37e-05 0.0011374 -0.13608	
6.76	-8.36436e-05 0.00113742 -0.13608	
6.77	-8.35494e-05 0.00113784 -0.13608	
6.78	-8.37029e-05 0.00113763 -0.13608	
6.79	-8.42951e-05 0.00113829 -0.13608	
6.8	-8.50745e-05 0.00113863 -0.136079	
6.81	-8.5461e-05 0.00113897 -0.136079	
6.82	-8.57252e-05 0.00113961 -0.136079	
6.83	-8.61079e-05 0.00114049 -0.136079	
6.84	-8.63215e-05 0.00114137 -0.136079	
6.85	-8.67114e-05 0.00114157 -0.136079	
6.86	-8.67811e-05 0.00114244 -0.136079	
6.87	-8.6795e-05 0.00114286 -0.136079	
6.88	-8.66638e-05 0.0011434 -0.136079	
6.89	-8.64099e-05 0.00114437 -0.13608	
6.9	-8.61259e-05 0.00114474 -0.13608	
6.91	-8.61594e-05 0.00114472 -0.13608	
6.92	-8.59249e-05 0.00114502 -0.13608	
6.93	-8.59729e-05 0.00114466 -0.13608	
6.94	-8.58307e-05 0.00114467 -0.13608	
6.95	-8.58836e-05 0.00114454 -0.13608	
6.96	-8.58862e-05 0.00114451 -0.13608	
6.97	-8.57345e-05 0.00114477 -0.13608	
6.98	-8.57035e-05 0.00114491 -0.13608	
6.99	-8.54394e-05 0.001145 -0.13608	
7	-8.52503e-05 0.00114479 -0.136081	
7.01	-8.50707e-05 0.00114464 -0.136081	
7.02	-8.50599e-05 0.00114437 -0.136081	
7.03	-8.52196e-05 0.00114373 -0.13608	
7.04	-8.54579e-05 0.00114347 -0.13608	
7.05	-8.51193e-05 0.0011437 -0.13608	
7.06	-8.52289e-05 0.00114305 -0.13608	
7.07	-8.52682e-05 0.00114275 -0.13608	
7.08	-8.52906e-05 0.00114247 -0.13608	
7.09	-8.55541e-05 0.00114183 -0.13608	
7.1	2.34064 -0.0270755 4.87194	
7.11	2.80654 -0.0290425 4.86158	
7.12	3.95979 0.0844891 4.43449	
7.13	3.74834 0.0257885 5.45149	
7.14	2.75785 0.035361 3.92589	
7.15	2.01708 0.0293603 2.83061	
7.16	1.47504 0.0234744 2.03103	
7.17	1.07745 0.0121969 1.45301	
7.18	0.787067 0.00641365 1.0279	
7.19	0.575163 0.00435415 0.71505	
7.2	0.420457 0.00345977 0.485857	
7.21	0.307421 0.00307029 0.318063	
7.22	0.224626 0.00197512 0.196144	
7.23	0.163969 0.00066469 0.107452	
7.24	0.119631 -0.000238386 0.0425539	
7.25	0.0872937 -0.000542388 -0.0052164	
7.26	0.0637003 -0.000659998 -0.0402091	
7.27	0.0465011 -0.000556964 -0.0659547	
7.28	0.0339438 -0.000378174 -0.0848775	
7.29	0.0247474 -0.000330786 -0.0986341	
7.3	0.018029 -0.000353642 -0.108621	
7.31	0.0131357 -0.000333364 -0.115944	
7.32	0.00957233 -0.000287908 -0.121318	
7.33	0.00697852 -0.000238546 -0.125253	
7.34	0.00508799 -0.000196569 -0.128131	
7.35	0.00370619 -0.000163333 -0.130237	
7.36	0.00270083 -0.000134281 -0.131777	
7.37	0.00196864 -0.000105889 -0.132908	
7.38	0.00143427 -8.66315e-05 -0.133733	
7.39	0.0010446 -6.94419e-05 -0.134338	
7.4	0.000760477 -5.67645e-05 -0.134779	
7.41	0.000756886 -6.32206e-05 -0.134776	
7.42	0.000753922 -6.81229e-05 -0.134774	
7.43	0.000750646 -7.37686e-05 -0.134771	
7.44	0.000746354 -7.91911e-05 -0.134769	
7.45	0.000742498 -8.41186e-05 -0.134768	
7.46	0.000738623 -8.84032e-05 -0.134767	
7.47	0.000734471 -9.27976e-05 -0.134766	
7.48	0.000730678 -9.6097e-05 -0.134767	
7.49	0.000727642 -9.85045e-05 -0.134767	
7.5	0.000725348 -9.96259e-05 -0.134769	
7.51	0.000723462 -0.00010142 -0.134769	
7.52	0.000721301 -0.000104092 -0.134768	
7.53	0.000717506 -0.000109392 -0.134766	
7.54	0.000711202 -0.000115968 -0.134765	
7.55	-4.6535 -0.701084 -5.27497	
7.56	-3.3856 -0.423956 -3.91194	
7.57	-1.58075 -0.158163 -2.38295	
7.58	6.36147 -0.26969 -0.0327686	
7.59	5.53417 -0.156253 0.0098345	
7.6	3.18341 -0.176639 6.11081	
7.61	2.33267 -0.223208 4.4295	
7.62	1.70824 -0.238731 3.19861	
7.63	1.24329 -0.0626571 2.30494	
7.64	0.877917 0.131199 1.62224	
7.65	0.640095 0.104439 1.14786	
7.66	0.467999 0.076533 0.802712	
7.67	0.342562 0.0541937 0.550716	
7.68	0.250953 0.0378046 0.366607	
7.69	0.18331 0.028273 0.231303	
7.7	0.134135 0.0202857 0.132671	
7.71	0.0980797 0.0147975 0.0604495	
7.72	0.0717094 0.0108356 0.00763671	
7.73	0.05243 0.00793132 -0.0309768	
7.74	0.0383425 0.00578023 -0.0591998	
7.75	0.0280312 0.0042474 -0.0798471	
7.76	0.0204933 0.00310588 -0.0949439	
7.77	0.014984 0.00227164 -0.105979	
7.78	0.0109558 0.00166133 -0.114048	
7.79	0.0080096 0.00122023 -0.119948	
7.8	0.00585704 0.000888425 -0.124261	
7.81	0.00428274 0.000648526 -0.127414	
7.82	0.00313207 0.000471859 -0.12972	
7.83	0.00228996 0.000345944 -0.131406	
7.84	0.00167399 0.000253981 -0.13264	
7.85	0.00122398 0.000185709 -0.133541	
7.86	0.000895128 0.000135238 -0.1342	
7.87	0.000895128 0.000135238 -0.1342	
7.88	0.000895128 0.000135238 -0.1342	
