# Gnuplot File : positions of 1 particle(s) Monitored
# 1st Column : time, others : particle(s) number 0 
0.01	6.59763 30.0443 -8.52638	
0.02	6.59762 30.0468 -8.51901	
0.03	6.59762 30.0468 -8.5195	
0.04	6.59762 30.0468 -8.51991	
0.05	6.59762 30.0468 -8.52024	
0.06	6.5911 30.0463 -8.5207	
0.07	6.59762 30.0468 -8.52074	
0.08	6.59665 30.0466 -8.52137	
0.09	6.59762 30.0468 -8.52107	
0.1	6.59762 30.0468 -8.52119	
0.11	6.59762 30.0468 -8.52129	
0.12	6.59762 30.0468 -8.52137	
0.13	6.59762 30.0468 -8.52144	
0.14	6.59762 30.0468 -8.52149	
0.15	6.59762 30.0468 -8.52154	
0.16	6.59762 30.0468 -8.52158	
0.17	6.59762 30.0468 -8.52161	
0.18	6.5911 30.0463 -8.52182	
0.19	6.59763 30.0443 -8.52963	
0.2	6.59762 30.0468 -8.52167	
0.21	6.59762 30.0468 -8.52168	
0.22	6.59762 30.0468 -8.52169	
0.23	6.59762 30.0468 -8.5217	
0.24	6.5911 30.0463 -8.5219	
0.25	6.59762 30.0468 -8.52171	
0.26	6.59762 30.0468 -8.52172	
0.27	6.59762 30.0468 -8.52172	
0.28	6.59762 30.0468 -8.52173	
0.29	6.59762 30.0468 -8.52173	
0.3	6.59762 30.0468 -8.52173	
0.31	6.59762 30.0468 -8.52173	
0.32	6.59665 30.0466 -8.52219	
0.33	6.59762 30.0468 -8.52173	
0.34	6.59762 30.0468 -8.52173	
0.35	6.59762 30.0468 -8.52173	
0.36	6.59666 30.0441 -8.53016	
0.37	6.59762 30.0468 -8.52173	
0.38	6.59762 30.0468 -8.52173	
0.39	6.59762 30.0468 -8.52173	
0.4	6.59762 30.0468 -8.52173	
0.41	6.59762 30.0468 -8.52173	
0.42	6.59762 30.0468 -8.52173	
0.43	6.59762 30.0468 -8.52173	
0.44	6.59762 30.0468 -8.52173	
0.45	6.59762 30.0468 -8.52173	
0.46	6.59762 30.0468 -8.52173	
0.47	6.59762 30.0468 -8.52173	
0.48	6.59666 30.0441 -8.53016	
0.49	6.59762 30.0468 -8.52173	
0.5	6.59665 30.0466 -8.52219	
0.51	6.59665 30.0466 -8.52219	
0.52	6.59762 30.0468 -8.52173	
0.53	6.59762 30.0468 -8.52173	
0.54	6.59762 30.0468 -8.52173	
0.55	6.59762 30.0468 -8.52173	
0.56	6.59762 30.0468 -8.52173	
0.57	6.59762 30.0468 -8.52173	
0.58	6.59762 30.0468 -8.52173	
0.59	6.59762 30.0468 -8.52173	
0.6	6.59666 30.0441 -8.53016	
0.61	6.59762 30.0468 -8.52173	
0.62	6.59665 30.0466 -8.52219	
0.63	6.59762 30.0468 -8.52173	
0.64	6.59762 30.0468 -8.52173	
0.65	6.59763 30.0443 -8.52971	
0.66	6.5911 30.0463 -8.52192	
0.67	6.59762 30.0468 -8.52173	
0.68	6.59763 30.0443 -8.52971	
0.69	6.5911 30.0463 -8.52192	
0.7	6.60415 30.0473 -8.52155	
0.71	6.59665 30.0466 -8.52219	
0.72	6.59665 30.0466 -8.52219	
0.73	6.5911 30.0463 -8.52192	
0.74	6.59762 30.0468 -8.52173	
0.75	6.59762 30.0468 -8.52173	
0.76	6.59762 30.0468 -8.52173	
0.77	6.59762 30.0468 -8.52173	
0.78	6.59762 30.0468 -8.52173	
0.79	6.59665 30.0466 -8.52219	
0.8	6.59666 30.0441 -8.53016	
0.81	6.59013 30.0461 -8.52238	
0.82	6.59762 30.0468 -8.52173	
0.83	6.59762 30.0468 -8.52173	
0.84	6.59762 30.0468 -8.52173	
0.85	6.59762 30.0468 -8.52173	
0.86	6.5911 30.0463 -8.52192	
0.87	6.59762 30.0468 -8.52173	
0.88	6.59762 30.0468 -8.52173	
0.89	6.59762 30.0468 -8.52173	
0.9	6.59762 30.0468 -8.52173	
0.91	6.59762 30.0468 -8.52173	
0.92	6.59762 30.0468 -8.52173	
0.93	6.59762 30.0468 -8.52173	
0.94	6.59763 30.0443 -8.52971	
0.95	6.59762 30.0468 -8.52173	
0.96	6.59762 30.0468 -8.52173	
0.97	6.59762 30.0468 -8.52173	
0.98	6.59762 30.0468 -8.52173	
0.99	6.5911 30.0463 -8.52192	
1	6.59762 30.0468 -8.52173	
1.01	6.59762 30.0468 -8.52173	
1.02	6.59762 30.0468 -8.52173	
1.03	6.59762 30.0468 -8.52173	
1.04	6.59762 30.0468 -8.52173	
1.05	6.59762 30.0468 -8.52173	
1.06	6.59762 30.0468 -8.52173	
1.07	6.59666 30.0441 -8.53016	
1.08	6.59762 30.0468 -8.52173	
1.09	6.59762 30.0468 -8.52173	
1.1	6.59762 30.0468 -8.52173	
1.11	6.59665 30.0466 -8.52219	
1.12	6.59762 30.0468 -8.52173	
1.13	6.59762 30.0468 -8.52173	
1.14	6.59762 30.0468 -8.52173	
1.15	6.59762 30.0468 -8.52173	
1.16	6.59762 30.0468 -8.52173	
1.17	6.5911 30.0463 -8.52192	
1.18	6.59762 30.0468 -8.52173	
1.19	6.59762 30.0468 -8.52173	
1.2	6.59763 30.0443 -8.52971	
1.21	6.59763 30.0443 -8.52971	
1.22	6.59763 30.0443 -8.52971	
1.23	6.59762 30.0468 -8.52173	
1.24	6.5911 30.0463 -8.52192	
1.25	6.5911 30.0463 -8.52192	
1.26	6.59762 30.0468 -8.52173	
1.27	6.59763 30.0443 -8.52971	
1.28	6.59762 30.0468 -8.52173	
1.29	6.59762 30.0468 -8.52173	
1.3	6.59762 30.0468 -8.52173	
1.31	6.59762 30.0468 -8.52173	
1.32	6.5911 30.0463 -8.52192	
1.33	6.59762 30.0468 -8.52173	
1.34	6.59762 30.0468 -8.52173	
1.35	6.59762 30.0468 -8.52173	
1.36	6.59763 30.0443 -8.52971	
1.37	6.59763 30.0443 -8.52971	
1.38	6.59762 30.0468 -8.52173	
1.39	6.59763 30.0443 -8.52971	
1.4	6.59763 30.0443 -8.52971	
1.41	6.59762 30.0468 -8.52173	
1.42	6.5911 30.0463 -8.52192	
1.43	6.59762 30.0468 -8.52173	
1.44	6.59762 30.0468 -8.52173	
1.45	6.60415 30.0473 -8.52155	
1.46	6.60317 30.0471 -8.522	
1.47	6.59763 30.0443 -8.52971	
1.48	6.59762 30.0468 -8.52173	
1.49	6.59762 30.0468 -8.52173	
1.5	6.59762 30.0468 -8.52173	
1.51	6.5911 30.0463 -8.52192	
1.52	6.59762 30.0468 -8.52173	
1.53	6.59762 30.0468 -8.52173	
1.54	6.59762 30.0468 -8.52173	
1.55	6.59762 30.0468 -8.52173	
1.56	6.59762 30.0468 -8.52173	
1.57	6.59665 30.0466 -8.52219	
1.58	6.59762 30.0468 -8.52173	
1.59	6.59762 30.0468 -8.52173	
1.6	6.59762 30.0468 -8.52173	
1.61	6.59762 30.0468 -8.52173	
1.62	6.59762 30.0468 -8.52173	
1.63	6.59665 30.0466 -8.52219	
1.64	6.59665 30.0466 -8.52219	
1.65	6.59666 30.0441 -8.53016	
1.66	6.59762 30.0468 -8.52173	
1.67	6.59762 30.0468 -8.52173	
1.68	6.59762 30.0468 -8.52173	
1.69	6.59762 30.0468 -8.52173	
1.7	6.59665 30.0466 -8.52219	
1.71	6.59762 30.0468 -8.52173	
1.72	6.59665 30.0466 -8.52219	
1.73	6.59112 30.0438 -8.5299	
1.74	6.5911 30.0463 -8.52192	
1.75	6.59762 30.0468 -8.52173	
1.76	6.59762 30.0468 -8.52173	
1.77	6.59763 30.0443 -8.52971	
1.78	6.59763 30.0443 -8.52971	
1.79	6.59763 30.0443 -8.52971	
1.8	6.59763 30.0443 -8.52971	
1.81	6.5911 30.0463 -8.52192	
1.82	6.59762 30.0468 -8.52173	
1.83	6.59762 30.0468 -8.52173	
1.84	6.59762 30.0468 -8.52173	
1.85	6.5911 30.0463 -8.52192	
1.86	6.59665 30.0466 -8.52219	
1.87	6.59762 30.0468 -8.52173	
1.88	6.59762 30.0468 -8.52173	
1.89	6.59665 30.0466 -8.52219	
1.9	6.5911 30.0463 -8.52192	
1.91	6.59762 30.0468 -8.52173	
1.92	6.5911 30.0463 -8.52192	
1.93	6.59762 30.0468 -8.52173	
1.94	6.59762 30.0468 -8.52173	
1.95	6.59762 30.0468 -8.52173	
1.96	6.59762 30.0468 -8.52173	
1.97	6.59762 30.0468 -8.52173	
1.98	6.59762 30.0468 -8.52173	
1.99	6.59665 30.0466 -8.52219	
2	6.59762 30.0468 -8.52173	
2.01	6.59762 30.0468 -8.52173	
2.02	6.59762 30.0468 -8.52173	
2.03	6.59665 30.0466 -8.52219	
2.04	6.59762 30.0468 -8.52173	
2.05	6.59763 30.0443 -8.52971	
2.06	6.59763 30.0443 -8.52971	
2.07	6.59762 30.0468 -8.52173	
2.08	6.59762 30.0468 -8.52173	
2.09	6.59762 30.0468 -8.52173	
2.1	6.59763 30.0443 -8.52971	
2.11	6.59762 30.0468 -8.52173	
2.12	6.59762 30.0468 -8.52173	
2.13	6.59762 30.0468 -8.52173	
2.14	6.59763 30.0443 -8.52971	
2.15	6.59763 30.0443 -8.52971	
2.16	6.59762 30.0468 -8.52173	
2.17	6.5911 30.0463 -8.52192	
2.18	6.5911 30.0463 -8.52192	
2.19	6.59762 30.0468 -8.52173	
2.2	6.59666 30.0441 -8.53016	
2.21	6.59666 30.0441 -8.53016	
2.22	6.59762 30.0468 -8.52173	
2.23	6.59859 30.047 -8.52128	
2.24	6.59762 30.0468 -8.52173	
2.25	6.59762 30.0468 -8.52173	
2.26	6.59665 30.0466 -8.52219	
2.27	6.59665 30.0466 -8.52219	
2.28	6.59762 30.0468 -8.52173	
2.29	6.59762 30.0468 -8.52173	
2.3	6.59762 30.0468 -8.52173	
2.31	6.59665 30.0466 -8.52219	
2.32	6.59665 30.0466 -8.52219	
2.33	6.59762 30.0468 -8.52173	
2.34	6.59762 30.0468 -8.52173	
2.35	6.59762 30.0468 -8.52173	
2.36	6.59762 30.0468 -8.52173	
2.37	6.60415 30.0473 -8.52155	
2.38	6.59762 30.0468 -8.52173	
2.39	6.59762 30.0468 -8.52173	
2.4	6.59762 30.0468 -8.52173	
2.41	6.59762 30.0468 -8.52173	
2.42	6.59762 30.0468 -8.52173	
2.43	6.59762 30.0468 -8.52173	
2.44	6.59762 30.0468 -8.52173	
2.45	6.5911 30.0463 -8.52192	
2.46	6.59762 30.0468 -8.52173	
2.47	6.59762 30.0468 -8.52173	
2.48	6.59762 30.0468 -8.52173	
2.49	6.59762 30.0468 -8.52173	
2.5	6.59762 30.0468 -8.52173	
2.51	6.59665 30.0466 -8.52219	
2.52	6.59665 30.0466 -8.52219	
2.53	6.59762 30.0468 -8.52173	
2.54	6.59762 30.0468 -8.52173	
2.55	6.59763 30.0443 -8.52971	
2.56	6.59762 30.0468 -8.52173	
2.57	6.59762 30.0468 -8.52173	
2.58	6.59763 30.0443 -8.52971	
2.59	6.60415 30.0473 -8.52155	
2.6	6.59762 30.0468 -8.52173	
2.61	6.59763 30.0443 -8.52971	
2.62	6.59762 30.0468 -8.52173	
2.63	6.59762 30.0468 -8.52173	
2.64	6.59762 30.0468 -8.52173	
2.65	6.59762 30.0468 -8.52173	
2.66	6.59762 30.0468 -8.52173	
2.67	6.59762 30.0468 -8.52173	
2.68	6.59666 30.0441 -8.53016	
2.69	6.59762 30.0468 -8.52173	
2.7	6.59762 30.0468 -8.52173	
2.71	6.59665 30.0466 -8.52219	
2.72	6.5911 30.0463 -8.52192	
2.73	6.59666 30.0441 -8.53016	
2.74	6.59762 30.0468 -8.52173	
2.75	6.59762 30.0468 -8.52173	
2.76	6.59762 30.0468 -8.52173	
2.77	6.59665 30.0466 -8.52219	
2.78	6.59762 30.0468 -8.52173	
2.79	6.59762 30.0468 -8.52173	
2.8	6.59762 30.0468 -8.52173	
2.81	6.59666 30.0441 -8.53016	
2.82	6.60318 30.0446 -8.52998	
2.83	6.60317 30.0471 -8.522	
2.84	6.59763 30.0443 -8.52971	
2.85	6.59762 30.0468 -8.52173	
2.86	6.5911 30.0463 -8.52192	
2.87	6.5911 30.0463 -8.52192	
2.88	6.59762 30.0468 -8.52173	
2.89	6.59762 30.0468 -8.52173	
2.9	6.59762 30.0468 -8.52173	
2.91	6.59762 30.0468 -8.52173	
2.92	6.59762 30.0468 -8.52173	
2.93	6.59666 30.0441 -8.53016	
2.94	6.59665 30.0466 -8.52219	
2.95	6.59665 30.0466 -8.52219	
2.96	6.59762 30.0468 -8.52173	
2.97	6.59762 30.0468 -8.52173	
2.98	6.59762 30.0468 -8.52173	
2.99	6.5911 30.0463 -8.52192	
3	6.59762 30.0468 -8.52173	
3.01	6.59762 30.0468 -8.52173	
3.02	6.59762 30.0468 -8.52173	
3.03	6.5911 30.0463 -8.52192	
3.04	6.59762 30.0468 -8.52173	
3.05	6.59665 30.0466 -8.52219	
3.06	6.59666 30.0441 -8.53016	
3.07	6.59763 30.0443 -8.52971	
3.08	6.59762 30.0468 -8.52173	
3.09	6.59762 30.0468 -8.52173	
3.1	6.60415 30.0448 -8.52952	
3.11	6.59666 30.0441 -8.53016	
3.12	6.59665 30.0466 -8.52219	
3.13	6.59762 30.0468 -8.52173	
3.14	6.59762 30.0468 -8.52173	
3.15	6.59762 30.0468 -8.52173	
3.16	6.59762 30.0468 -8.52173	
3.17	6.59762 30.0468 -8.52173	
3.18	6.59762 30.0468 -8.52173	
3.19	6.59763 30.0443 -8.52971	
3.2	6.59762 30.0468 -8.52173	
3.21	6.59762 30.0468 -8.52173	
3.22	6.59762 30.0468 -8.52173	
3.23	6.59762 30.0468 -8.52173	
3.24	6.60317 30.0471 -8.522	
3.25	6.59762 30.0468 -8.52173	
3.26	6.59762 30.0468 -8.52173	
3.27	6.59763 30.0443 -8.52971	
3.28	6.59762 30.0468 -8.52173	
3.29	6.59762 30.0468 -8.52173	
3.3	6.59762 30.0468 -8.52173	
3.31	6.59762 30.0468 -8.52173	
3.32	6.59762 30.0468 -8.52173	
3.33	6.5911 30.0463 -8.52192	
3.34	6.59762 30.0468 -8.52173	
3.35	6.59013 30.0461 -8.52238	
3.36	6.5911 30.0463 -8.52192	
3.37	6.5911 30.0463 -8.52192	
3.38	6.59762 30.0468 -8.52173	
3.39	6.5911 30.0463 -8.52192	
3.4	6.5911 30.0463 -8.52192	
3.41	6.59762 30.0468 -8.52173	
3.42	6.59762 30.0468 -8.52173	
3.43	6.59859 30.047 -8.52128	
3.44	6.59762 30.0468 -8.52173	
3.45	6.59762 30.0468 -8.52173	
3.46	6.59762 30.0468 -8.52173	
3.47	6.59762 30.0468 -8.52173	
3.48	6.59762 30.0468 -8.52173	
3.49	6.59762 30.0468 -8.52173	
3.5	6.5911 30.0463 -8.52192	
3.51	6.59762 30.0468 -8.52173	
3.52	6.59762 30.0468 -8.52173	
3.53	6.59762 30.0468 -8.52173	
3.54	6.5911 30.0463 -8.52192	
3.55	6.59665 30.0466 -8.52219	
3.56	6.5911 30.0463 -8.52192	
3.57	6.5911 30.0463 -8.52192	
3.58	6.59762 30.0468 -8.52173	
3.59	6.59762 30.0468 -8.52173	
3.6	6.59665 30.0466 -8.52219	
3.61	6.59665 30.0466 -8.52219	
3.62	6.5911 30.0463 -8.52192	
3.63	6.59762 30.0468 -8.52173	
3.64	6.59762 30.0468 -8.52173	
3.65	6.59762 30.0468 -8.52173	
3.66	6.59762 30.0468 -8.52173	
3.67	6.59762 30.0468 -8.52173	
3.68	6.59762 30.0468 -8.52173	
3.69	6.60415 30.0473 -8.52155	
3.7	6.59762 30.0468 -8.52173	
3.71	6.59762 30.0468 -8.52173	
3.72	6.59762 30.0468 -8.52173	
3.73	6.59762 30.0468 -8.52173	
3.74	6.59762 30.0468 -8.52173	
3.75	6.59762 30.0468 -8.52173	
3.76	6.59666 30.0441 -8.53016	
3.77	6.59666 30.0441 -8.53016	
3.78	6.59666 30.0441 -8.53016	
3.79	6.59762 30.0468 -8.52173	
3.8	6.59763 30.0443 -8.52971	
3.81	6.59763 30.0443 -8.52971	
3.82	6.59763 30.0443 -8.52971	
3.83	6.59762 30.0468 -8.52173	
3.84	6.59762 30.0468 -8.52173	
3.85	6.59762 30.0468 -8.52173	
3.86	6.59762 30.0468 -8.52173	
3.87	6.59762 30.0468 -8.52173	
3.88	6.59762 30.0468 -8.52173	
3.89	6.59762 30.0468 -8.52173	
3.9	6.59762 30.0468 -8.52173	
3.91	6.5911 30.0463 -8.52192	
3.92	6.59762 30.0468 -8.52173	
3.93	6.59763 30.0443 -8.52971	
3.94	6.59762 30.0468 -8.52173	
3.95	6.59763 30.0443 -8.52971	
3.96	6.59762 30.0468 -8.52173	
3.97	6.59665 30.0466 -8.52219	
3.98	6.59762 30.0468 -8.52173	
3.99	6.59762 30.0468 -8.52173	
4	6.59665 30.0466 -8.52219	
4.01	6.59762 30.0468 -8.52173	
4.02	6.59762 30.0468 -8.52173	
4.03	6.59762 30.0468 -8.52173	
4.04	6.59762 30.0468 -8.52173	
4.05	6.59665 30.0466 -8.52219	
4.06	6.59762 30.0468 -8.52173	
4.07	6.5911 30.0463 -8.52192	
4.08	6.59762 30.0468 -8.52173	
4.09	6.59112 30.0438 -8.5299	
4.1	6.59112 30.0438 -8.5299	
4.11	6.59762 30.0468 -8.52173	
4.12	6.59762 30.0468 -8.52173	
4.13	6.59665 30.0466 -8.52219	
4.14	6.59762 30.0468 -8.52173	
4.15	6.59762 30.0468 -8.52173	
4.16	6.59762 30.0468 -8.52173	
4.17	6.59763 30.0443 -8.52971	
4.18	6.59762 30.0468 -8.52173	
4.19	6.59762 30.0468 -8.52173	
4.2	6.59762 30.0468 -8.52173	
4.21	6.59013 30.0461 -8.52238	
4.22	6.59762 30.0468 -8.52173	
4.23	6.59762 30.0468 -8.52173	
4.24	6.5911 30.0463 -8.52192	
4.25	6.59665 30.0466 -8.52219	
4.26	6.59665 30.0466 -8.52219	
4.27	6.59762 30.0468 -8.52173	
4.28	6.5911 30.0463 -8.52192	
4.29	6.5911 30.0463 -8.52192	
4.3	6.59762 30.0468 -8.52173	
4.31	6.59665 30.0466 -8.52219	
4.32	6.59762 30.0468 -8.52173	
4.33	6.59762 30.0468 -8.52173	
4.34	6.59762 30.0468 -8.52173	
4.35	6.59762 30.0468 -8.52173	
4.36	6.59762 30.0468 -8.52173	
4.37	6.59762 30.0468 -8.52173	
4.38	6.59762 30.0468 -8.52173	
4.39	6.59762 30.0468 -8.52173	
4.4	6.59762 30.0468 -8.52173	
4.41	6.59762 30.0468 -8.52173	
4.42	6.59762 30.0468 -8.52173	
4.43	6.59762 30.0468 -8.52173	
4.44	6.59762 30.0468 -8.52173	
4.45	6.59763 30.0443 -8.52971	
4.46	6.59763 30.0443 -8.52971	
4.47	6.59762 30.0468 -8.52173	
4.48	6.59762 30.0468 -8.52173	
4.49	6.59762 30.0468 -8.52173	
4.5	6.59762 30.0468 -8.52173	
4.51	6.59762 30.0468 -8.52173	
4.52	6.5911 30.0463 -8.52192	
4.53	6.59762 30.0468 -8.52173	
4.54	6.59762 30.0468 -8.52173	
4.55	6.59762 30.0468 -8.52173	
4.56	6.59762 30.0468 -8.52173	
4.57	6.59666 30.0441 -8.53016	
4.58	6.59763 30.0443 -8.52971	
4.59	6.59762 30.0468 -8.52173	
4.6	6.59762 30.0468 -8.52173	
4.61	6.59762 30.0468 -8.52173	
4.62	6.59665 30.0466 -8.52219	
4.63	6.59665 30.0466 -8.52219	
4.64	6.59762 30.0468 -8.52173	
4.65	6.59762 30.0468 -8.52173	
4.66	6.59665 30.0466 -8.52219	
4.67	6.59763 30.0443 -8.52971	
4.68	6.59666 30.0441 -8.53016	
4.69	6.59665 30.0466 -8.52219	
4.7	6.59762 30.0468 -8.52173	
4.71	6.59762 30.0468 -8.52173	
4.72	6.59666 30.0441 -8.53016	
4.73	6.59665 30.0466 -8.52219	
4.74	6.59471 30.0462 -8.5231	
4.75	6.59471 30.0462 -8.5231	
4.76	6.59374 30.046 -8.52356	
4.77	6.59277 30.0458 -8.52402	
4.78	6.59277 30.0458 -8.52402	
4.79	6.58528 30.0451 -8.52467	
4.8	6.58432 30.0449 -8.52513	
4.81	6.59084 30.0454 -8.52494	
4.82	6.60388 30.0387 -8.54848	
4.83	6.60292 30.0385 -8.54894	
4.84	6.60195 30.0358 -8.55737	
4.85	6.60292 30.0385 -8.54894	
4.86	6.60195 30.0358 -8.55737	
4.87	6.59641 30.0381 -8.54913	
4.88	6.60195 30.0383 -8.5494	
4.89	6.60195 30.0383 -8.5494	
4.9	6.60195 30.0358 -8.55737	
4.91	6.60195 30.0358 -8.55737	
4.92	6.60748 30.036 -8.55765	
4.93	6.60098 30.0381 -8.54987	
4.94	6.60195 30.0383 -8.5494	
4.95	6.60098 30.0381 -8.54987	
4.96	6.60748 30.0386 -8.54969	
4.97	6.60748 30.0386 -8.54969	
4.98	6.60098 30.0381 -8.54987	
4.99	6.60748 30.0386 -8.54969	
5	6.60098 30.0381 -8.54987	
5.01	6.60098 30.0381 -8.54987	
5.02	6.60748 30.0386 -8.54969	
5.03	6.60748 30.0386 -8.54969	
5.04	6.60195 30.0383 -8.5494	
5.05	6.60845 30.0388 -8.54922	
5.06	6.60748 30.0386 -8.54969	
5.07	6.61399 30.039 -8.5495	
5.08	6.60748 30.0386 -8.54969	
5.09	6.60748 30.0386 -8.54969	
5.1	6.60748 30.0386 -8.54969	
5.11	6.61302 30.0388 -8.54997	
5.12	6.61302 30.0388 -8.54997	
5.13	6.61302 30.0388 -8.54997	
5.14	6.61205 30.0386 -8.55043	
5.15	6.60459 30.038 -8.55108	
5.16	6.59809 30.0375 -8.55127	
5.17	6.59712 30.0373 -8.55173	
5.18	6.59616 30.0371 -8.5522	
5.19	6.59616 30.0371 -8.5522	
5.2	6.59616 30.0371 -8.5522	
5.21	6.5952 30.0368 -8.55267	
5.22	6.5952 30.0368 -8.55267	
5.23	6.5952 30.0368 -8.55267	
5.24	6.5952 30.0368 -8.55267	
5.25	6.59424 30.0366 -8.55314	
5.26	6.58774 30.0361 -8.55333	
5.27	6.58774 30.0361 -8.55333	
5.28	6.58774 30.0361 -8.55333	
5.29	6.58679 30.0334 -8.56177	
5.3	6.58679 30.0334 -8.56177	
5.31	6.58124 30.0356 -8.55353	
5.32	6.58028 30.0354 -8.554	
5.33	6.58028 30.0354 -8.554	
5.34	6.58028 30.0354 -8.554	
5.35	6.58678 30.0359 -8.55381	
5.36	6.58678 30.0359 -8.55381	
5.37	6.59328 30.0339 -8.56158	
5.38	6.58678 30.0359 -8.55381	
5.39	6.59328 30.0364 -8.55362	
5.4	6.58678 30.0359 -8.55381	
5.41	6.59328 30.0364 -8.55362	
5.42	6.59328 30.0364 -8.55362	
5.43	6.59978 30.0369 -8.55343	
5.44	6.59328 30.0364 -8.55362	
5.45	6.59328 30.0364 -8.55362	
5.46	6.58678 30.0359 -8.55381	
5.47	6.58677 30.0385 -8.54584	
5.48	6.58678 30.0359 -8.55381	
5.49	6.58678 30.0359 -8.55381	
5.5	6.59328 30.0364 -8.55362	
5.51	6.59328 30.039 -8.54565	
5.52	6.59978 30.0369 -8.55343	
5.53	6.59328 30.039 -8.54565	
5.54	6.58677 30.0385 -8.54584	
5.55	6.58678 30.0359 -8.55381	
5.56	6.59881 30.0367 -8.5539	
5.57	6.59328 30.0364 -8.55362	
5.58	6.59328 30.0364 -8.55362	
5.59	6.59232 30.0362 -8.55409	
5.6	6.59882 30.0392 -8.54594	
5.61	6.59232 30.0362 -8.55409	
5.62	6.58582 30.0357 -8.55428	
5.63	6.58581 30.0383 -8.54631	
5.64	6.59232 30.0336 -8.56205	
5.65	6.59328 30.0339 -8.56158	
5.66	6.59328 30.0364 -8.55362	
5.67	6.59232 30.0362 -8.55409	
5.68	6.58582 30.0357 -8.55428	
5.69	6.59232 30.0362 -8.55409	
5.7	6.59232 30.0362 -8.55409	
5.71	6.59232 30.0362 -8.55409	
5.72	6.59232 30.0362 -8.55409	
5.73	6.59232 30.0362 -8.55409	
5.74	6.59232 30.0362 -8.55409	
5.75	6.59232 30.0362 -8.55409	
5.76	6.59232 30.0362 -8.55409	
5.77	6.59232 30.0362 -8.55409	
5.78	6.59232 30.0362 -8.55409	
5.79	6.59232 30.0362 -8.55409	
5.8	6.59136 30.036 -8.55456	
5.81	6.58583 29.9906 -8.54699	
5.82	6.57287 29.941 -8.52248	
5.83	6.57193 29.8823 -8.5154	
5.84	6.55908 29.8229 -8.47957	
5.85	6.54605 29.7663 -8.44995	
5.86	6.53205 29.6921 -8.41903	
5.87	6.51989 29.6284 -8.39771	
5.88	6.49836 29.5762 -8.36869	
5.89	6.47839 29.4957 -8.34287	
5.9	6.46417 29.4363 -8.32233	
5.91	6.45278 29.3822 -8.30107	
5.92	6.4404 29.3132 -8.28204	
5.93	6.4232 29.2576 -8.25107	
5.94	6.41816 29.2094 -8.22933	
5.95	6.4065 29.1544 -8.21157	
5.96	6.39008 29.0908 -8.1906	
5.97	6.37805 29.0279 -8.16951	
5.98	6.36782 28.9658 -8.14718	
5.99	6.3636 28.9048 -8.13407	
6	6.35205 28.8564 -8.10119	
6.01	6.3336 28.7858 -8.07561	
6.02	6.32077 28.7334 -8.04135	
6.03	6.30902 28.6739 -8.01278	
6.04	6.28309 28.5989 -7.96236	
6.05	6.27122 28.5243 -7.9043	
6.06	6.25195 28.4523 -7.85931	
6.07	6.2316 28.3706 -7.79522	
6.08	6.21071 28.3075 -7.73207	
6.09	6.19624 28.2328 -7.67513	
6.1	6.17538 28.1544 -7.59556	
6.11	6.15354 28.0926 -7.52181	
6.12	6.1342 28.0012 -7.4492	
6.13	6.10591 27.9084 -7.34021	
6.14	6.09175 27.8298 -7.27386	
6.15	6.07029 27.7664 -7.18683	
6.16	6.0467 27.6632 -7.06565	
6.17	6.02416 27.5818 -6.97677	
6.18	6.00773 27.5161 -6.90681	
6.19	5.98389 27.4345 -6.78484	
6.2	5.95871 27.3408 -6.66767	
6.21	5.92504 27.2368 -6.5504	
6.22	5.89885 27.1319 -6.43905	
6.23	5.87285 27.0526 -6.33349	
6.24	5.84666 26.971 -6.22497	
6.25	5.81258 26.8633 -6.09914	
6.26	5.7777 26.7792 -5.99288	
6.27	5.74221 26.6708 -5.86847	
6.28	5.70654 26.5639 -5.73577	
6.29	5.67908 26.4824 -5.6199	
6.3	5.65034 26.3851 -5.51131	
6.31	5.61519 26.273 -5.37939	
6.32	5.58658 26.1981 -5.26204	
6.33	5.54979 26.0926 -5.11942	
6.34	5.51164 25.9722 -4.94716	
6.35	5.47613 25.8937 -4.82658	
6.36	5.45491 25.81 -4.70461	
6.37	5.418 25.7089 -4.55196	
6.38	5.38771 25.6348 -4.38654	
6.39	5.35076 25.5275 -4.23521	
6.4	5.32049 25.442 -4.06625	
6.41	5.30019 25.3661 -3.92382	
6.42	5.27858 25.2889 -3.77387	
6.43	5.24711 25.2046 -3.55498	
6.44	5.22599 25.1319 -3.40174	
6.45	5.2014 25.0551 -3.19453	
6.46	5.17156 24.987 -2.99093	
6.47	5.15822 24.9299 -2.79261	
6.48	5.13742 24.8563 -2.61853	
6.49	5.10886 24.8037 -2.40799	
6.5	5.08678 24.74 -2.20033	
6.51	5.06775 24.6717 -2.03563	
6.52	5.04563 24.5984 -1.83536	
6.53	5.01947 24.5456 -1.66472	
6.54	4.99871 24.4913 -1.49376	
6.55	4.97268 24.393 -1.25494	
6.56	4.95608 24.3468 -1.10792	
6.57	4.93157 24.2705 -0.910406	
6.58	4.91711 24.2128 -0.696965	
6.59	4.90212 24.1651 -0.524024	
6.6	4.8722 24.1089 -0.307907	
6.61	4.85154 24.0668 -0.0840945	
6.62	4.83133 24.0085 0.129119	
6.63	4.81296 23.9419 0.388403	
6.64	4.79283 23.9082 0.600585	
6.65	4.75951 23.9006 0.903495	
6.66	4.75315 23.8589 1.09912	
6.67	4.73842 23.8084 1.39997	
6.68	4.72807 23.7633 1.69735	
6.69	4.72143 23.733 1.96141	
6.7	4.70414 23.67 2.29426	
6.71	4.69249 23.6291 2.5577	
6.72	4.68962 23.5793 2.8199	
6.73	4.68763 23.5553 3.04838	
6.74	4.67174 23.508 3.29714	
6.75	4.66442 23.4757 3.50156	
6.76	4.6498 23.4502 3.65022	
6.77	4.63299 23.4197 3.85305	
6.78	4.62409 23.4019 4.03257	
6.79	4.61401 23.3849 4.17037	
6.8	4.59982 23.3697 4.33514	
6.81	4.58211 23.3563 4.50073	
6.82	4.57387 23.3455 4.65198	
6.83	4.56333 23.3404 4.82505	
6.84	4.55583 23.3333 4.96873	
6.85	4.54932 23.3361 5.11279	
6.86	4.53919 23.3368 5.21984	
6.87	4.53239 23.3445 5.32303	
6.88	4.52517 23.3483 5.43826	
6.89	4.51149 23.3628 5.52727	
6.9	4.50659 23.367 5.60654	
6.91	4.49618 23.3804 5.69567	
6.92	4.4906 23.4059 5.79241	
6.93	4.47922 23.4254 5.85702	
6.94	4.47541 23.447 5.90964	
6.95	4.47622 23.4767 5.9759	
6.96	4.47309 23.5093 6.0228	
6.97	4.47598 23.5471 6.06542	
6.98	4.48014 23.5904 6.10952	
6.99	4.48186 23.6211 6.14276	
7	4.49058 23.6549 6.18138	
7.01	4.49379 23.6906 6.22045	
7.02	4.50786 23.7145 6.23629	
7.03	4.50737 23.738 6.2516	
7.04	4.51482 23.7618 6.26458	
7.05	4.52853 23.7734 6.27423	
7.06	4.5336 23.7951 6.28069	
7.07	4.53391 23.8052 6.28533	
7.08	4.54113 23.8202 6.29037	
7.09	4.55031 23.8311 6.28437	
7.1	4.556 23.8384 6.27518	
7.11	4.56403 23.8453 6.27103	
7.12	4.57317 23.8563 6.26515	
7.13	4.57986 23.8603 6.24998	
7.14	4.58474 23.8755 6.24239	
7.15	4.58803 23.8754 6.2258	
7.16	4.60032 23.8853 6.19848	
7.17	4.60364 23.8873 6.17697	
7.18	4.60725 23.904 6.14861	
7.19	4.60834 23.9101 6.0993	
7.2	4.60713 23.9117 6.05722	
7.21	4.60823 23.9146 6.00974	
7.22	4.6072 23.9207 5.94461	
7.23	4.59833 23.921 5.88686	
7.24	4.60204 23.9271 5.82455	
7.25	4.59761 23.9241 5.77791	
7.26	4.59678 23.9269 5.72284	
7.27	4.59706 23.9249 5.65339	
7.28	4.59633 23.9243 5.58871	
7.29	4.59572 23.9267 5.53059	
7.3	4.58986 23.9224 5.44679	
7.31	4.58724 23.919 5.37906	
7.32	4.57936 23.913 5.29689	
7.33	4.57502 23.914 5.22302	
7.34	4.57063 23.9039 5.14233	
7.35	4.56652 23.9016 5.06996	
7.36	4.55954 23.8966 4.98627	
7.37	4.55378 23.8923 4.9027	
7.38	4.55394 23.8876 4.85568	
7.39	4.55136 23.8815 4.78161	
7.4	4.54603 23.8747 4.70269	
7.41	4.54692 23.8708 4.64294	
7.42	4.53749 23.8588 4.57216	
7.43	4.53631 23.8557 4.50927	
7.44	4.53045 23.8482 4.44043	
7.45	4.53567 23.8426 4.37351	
7.46	4.52995 23.8312 4.30592	
7.47	4.52457 23.8243 4.25436	
7.48	4.52205 23.8156 4.18142	
7.49	4.5196 23.8029 4.10967	
7.5	4.52054 23.7857 4.04237	
7.51	4.51671 23.7722 3.96581	
7.52	4.52106 23.7533 3.89428	
7.53	4.51597 23.7405 3.85483	
7.54	4.51415 23.7246 3.78734	
7.55	4.50249 23.7033 3.72297	
7.56	4.50344 23.6853 3.66466	
7.57	4.501 23.6702 3.60356	
7.58	4.49444 23.6453 3.54815	
7.59	4.49805 23.6352 3.48975	
7.6	4.4918 23.6199 3.43531	
7.61	4.48551 23.5997 3.37856	
7.62	4.4876 23.589 3.33341	
7.63	4.48044 23.5677 3.28579	
7.64	4.48171 23.5617 3.24272	
7.65	4.48251 23.5492 3.18948	
7.66	4.47797 23.5323 3.15066	
7.67	4.47345 23.5151 3.1084	
7.68	4.46906 23.5032 3.07185	
7.69	4.47295 23.4952 3.03789	
7.7	4.47197 23.477 2.99553	
7.71	4.46915 23.4718 2.96585	
7.72	4.47175 23.4618 2.92384	
7.73	4.46752 23.4494 2.88033	
7.74	4.47158 23.4414 2.84282	
7.75	4.4675 23.4341 2.80166	
7.76	4.46345 23.4266 2.75705	
7.77	4.46202 23.419 2.7363	
7.78	4.45793 23.4069 2.69266	
7.79	4.45395 23.3998 2.65144	
7.8	4.45829 23.397 2.61626	
7.81	4.45559 23.3874 2.58399	
7.82	4.45299 23.3823 2.54379	
7.83	4.45033 23.3729 2.51494	
7.84	4.4522 23.3671 2.47737	
7.85	4.44155 23.355 2.44677	
7.86	4.44346 23.3493 2.40914	
7.87	4.43727 23.3362 2.37767	
7.88	4.43252 23.3291 2.33616	
7.89	4.42635 23.3162 2.30463	
7.9	4.42004 23.3062 2.26432	
7.91	4.42439 23.2897 2.22826	
7.92	4.41125 23.2793 2.20112	
7.93	4.40521 23.2713 2.17206	
7.94	4.39917 23.2633 2.13947	
7.95	4.39184 23.2482 2.0998	
7.96	4.39425 23.2497 2.07586	
7.97	4.38111 23.2395 2.04509	
7.98	4.37392 23.2293 2.00799	
7.99	4.36439 23.2224 1.97883	
8	4.35474 23.2109 1.947	
8.01	4.34875 23.2031 1.91781	
8.02	4.33909 23.1914 1.88948	
8.03	4.32121 23.18 1.85419	
8.04	4.31154 23.1684 1.82582	
8.05	4.30301 23.1592 1.80537	
8.06	4.28839 23.1369 1.77178	
8.07	4.27769 23.1276 1.73813	
8.08	4.26405 23.1026 1.71333	
8.09	4.25432 23.0908 1.68846	
8.1	4.25291 23.0789 1.67509	
8.11	4.24789 23.0682 1.66172	
8.12	4.23561 23.0551 1.65025	
8.13	4.23308 23.0407 1.62897	
8.14	4.22455 23.0311 1.62025	
8.15	4.22313 23.0189 1.61049	
8.16	4.22284 23.0096 1.60501	
8.17	4.22885 23.0046 1.59244	
8.18	4.22047 22.9998 1.58647	
8.19	4.21921 22.9925 1.57584	
8.2	4.22017 22.9904 1.58097	
8.21	4.21543 22.9843 1.57501	
8.22	4.22524 22.983 1.5652	
8.23	4.22511 22.9736 1.56438	
8.24	4.23493 22.9723 1.55456	
8.25	4.24478 22.9663 1.54668	
8.26	4.25935 22.9664 1.54476	
8.27	4.27406 22.9715 1.54195	
8.28	4.28756 22.969 1.53216	
8.29	4.30214 22.9691 1.53025	
8.3	4.32036 22.9681 1.52835	
8.31	4.33391 22.966 1.51493	
8.32	4.35204 22.9604 1.51028	
8.33	4.36664 22.9609 1.50476	
8.34	4.38125 22.9614 1.49924	
8.35	4.40479 22.9602 1.48383	
8.36	4.42388 22.9504 1.47659	
8.37	4.44215 22.95 1.4711	
8.38	4.46675 22.9493 1.45588	
8.39	4.4804 22.9473 1.44252	
8.4	4.49758 22.9367 1.43498	
8.41	4.51591 22.9342 1.42179	
8.42	4.53327 22.9312 1.40845	
8.43	4.55069 22.9333 1.39425	
8.44	4.56866 22.929 1.38936	
8.45	4.58531 22.9278 1.38398	
8.46	4.6186 22.9308 1.37712	
8.47	4.62748 22.9287 1.37485	
8.48	4.65438 22.927 1.3514	
8.49	4.68205 22.9258 1.36422	
8.5	4.70389 22.915 1.32682	
8.51	4.73774 22.9199 1.35282	
8.52	4.76337 22.9107 1.30285	
8.53	4.79252 22.9127 1.33249	
8.54	4.82887 22.8991 1.28271	
8.55	4.85242 22.8809 1.22668	
8.56	4.88491 22.8686 1.18468	
8.57	4.91341 22.8587 1.14687	
8.58	4.94187 22.8434 1.1116	
8.59	4.96447 22.8301 1.08912	
8.6	4.98342 22.8148 1.05428	
8.61	5.017 22.803 1.0325	
8.62	5.03767 22.7862 1.00914	
8.63	5.0637 22.776 0.993191	
8.64	5.06979 22.7641 0.987414	
8.65	5.08609 22.7539 0.986731	
8.66	5.10261 22.7433 0.984146	
8.67	5.11758 22.7251 0.970651	
8.68	5.12913 22.718 0.98139	
8.69	5.14134 22.7031 0.959794	
8.7	5.15168 22.687 0.973729	
8.71	5.16525 22.6741 0.956628	
8.72	5.1726 22.6685 0.973059	
8.73	5.1936 22.6616 0.952503	
8.74	5.19513 22.6539 0.962101	
8.75	5.20328 22.647 0.954483	
8.76	5.21879 22.6454 0.958308	
8.77	5.23519 22.637 0.953999	
8.78	5.2511 22.6388 0.954338	
8.79	5.26077 22.6337 0.946555	
8.8	5.2875 22.6381 0.9502	
8.81	5.29705 22.6391 0.955179	
8.82	5.31183 22.6366 0.940626	
8.83	5.32682 22.6406 0.95197	
8.84	5.34381 22.6398 0.939286	
8.85	5.35776 22.6476 0.951944	
8.86	5.36754 22.6439 0.937894	
8.87	5.3817 22.6498 0.943845	
8.88	5.39827 22.6541 0.936868	
8.89	5.40099 22.656 0.934725	
8.9	5.41657 22.6667 0.939969	
8.91	5.4295 22.6714 0.931301	
8.92	5.44401 22.6779 0.936706	
8.93	5.45576 22.6853 0.927368	
8.94	5.46742 22.6971 0.934288	
8.95	5.48234 22.7025 0.920382	
8.96	5.49263 22.7148 0.93129	
8.97	5.49795 22.7254 0.92651	
8.98	5.50536 22.7325 0.928533	
8.99	5.52057 22.744 0.922766	
9	5.53519 22.7581 0.926628	
9.01	5.55033 22.771 0.92425	
9.02	5.55862 22.7827 0.927228	
9.03	5.58221 22.7984 0.923861	
9.04	5.58812 22.8021 0.916345	
9.05	5.60304 22.8182 0.926896	
9.06	5.62352 22.8332 0.930606	
9.07	5.63904 22.8438 0.920603	
9.08	5.6537 22.8576 0.922147	
9.09	5.66944 22.8716 0.922879	
9.1	5.68457 22.8831 0.916832	
9.11	5.70007 22.8976 0.919675	
9.12	5.70694 22.9096 0.92456	
9.13	5.72226 22.9245 0.928871	
9.14	5.73313 22.935 0.930734	
9.15	5.74815 22.9427 0.925294	
9.16	5.76329 22.9579 0.930956	
9.17	5.77402 22.9687 0.933935	
9.18	5.78149 22.9823 0.937896	
9.19	5.79317 22.9936 0.941452	
9.2	5.79627 23.0022 0.946365	
9.21	5.80689 23.0132 0.95008	
9.22	5.82213 23.0241 0.95404	
9.23	5.83372 23.0356 0.95809	
9.24	5.84389 23.0439 0.95419	
9.25	5.85939 23.0502 0.95556	
9.26	5.86307 23.0641 0.963898	
9.27	5.87753 23.085 0.970236	
9.28	5.8949 23.0998 0.977194	
9.29	5.9201 23.1193 0.977926	
9.3	5.9352 23.1379 0.992933	
9.31	5.94673 23.16 1.00745	
9.32	5.9608 23.1753 1.00806	
9.33	5.97577 23.1911 1.00934	
9.34	5.98714 23.1995 1.00388	
9.35	6.00095 23.2151 1.00583	
9.36	6.01924 23.2309 1.00821	
9.37	6.02538 23.2438 1.01538	
9.38	6.04667 23.254 1.00966	
9.39	6.06478 23.2699 1.01263	
9.4	6.07216 23.2788 1.01765	
9.41	6.08974 23.3 1.02016	
9.42	6.10779 23.3087 1.01284	
9.43	6.12522 23.3305 1.0121	
9.44	6.1423 23.3497 1.00355	
9.45	6.16392 23.3663 0.994591	
9.46	6.18134 23.3809 0.983452	
9.47	6.19553 23.3985 0.980272	
9.48	6.20528 23.4109 0.970385	
9.49	6.227 23.4202 0.951021	
9.5	6.23248 23.4352 0.948972	
9.51	6.25168 23.4349 0.927613	
9.52	6.26551 23.4391 0.917899	
9.53	6.28136 23.4441 0.908468	
9.54	6.29641 23.4514 0.906817	
9.55	6.30724 23.4512 0.894425	
9.56	6.3087 23.4469 0.891797	
9.57	6.3196 23.4461 0.8828	
9.58	6.33217 23.4439 0.879098	
9.59	6.33907 23.4433 0.879085	
9.6	6.35439 23.4432 0.866872	
9.61	6.36895 23.445 0.865805	
9.62	6.38416 23.4552 0.872129	
9.63	6.39764 23.4675 0.869808	
9.64	6.4072 23.4802 0.860155	
9.65	6.42377 23.4867 0.84207	
9.66	6.44819 23.5121 0.837661	
9.67	6.46477 23.5324 0.826434	
9.68	6.47732 23.5446 0.807815	
9.69	6.48999 23.5595 0.797119	
9.7	6.50648 23.58 0.785993	
9.71	6.51672 23.5956 0.775487	
9.72	6.53103 23.6125 0.756267	
9.73	6.54126 23.6281 0.745818	
9.74	6.55426 23.6455 0.730236	
9.75	6.59214 23.7545 0.738516	
9.76	6.56992 23.7474 0.715382	
9.77	6.58168 23.7552 0.685384	
9.78	6.58019 23.7523 0.673275	
9.79	6.58542 23.7452 0.654243	
9.8	6.57565 23.7482 0.646897	
9.81	6.59012 23.7485 0.636373	
9.82	6.58074 23.7454 0.622198	
9.83	6.58494 23.7505 0.615398	
9.84	6.58019 23.7587 0.613147	
9.85	6.58418 23.765 0.606721	
9.86	6.58719 23.769 0.60981	
9.87	6.59149 23.7764 0.609119	
9.88	6.58041 23.7864 0.618197	
9.89	6.58551 23.7983 0.616995	
9.9	6.5944 23.8141 0.625193	
9.91	6.5824 23.8209 0.633081	
9.92	6.59624 23.8363 0.627352	
9.93	6.58916 23.8394 0.631486	
9.94	6.59418 23.8498 0.635679	
9.95	6.59855 23.8513 0.635858	
9.96	6.5861 23.8528 0.640442	
9.97	6.60066 23.8532 0.629635	
9.98	6.58201 23.8459 0.625599	
9.99	6.59786 23.8447 0.619801	
10	6.59327 23.842 0.626426	
10.01	6.59887 23.8354 0.61488	
10.02	6.59401 23.8198 0.607885	
10.03	6.60532 23.8133 0.601473	
10.04	6.58877 23.7916 0.587931	
10.05	6.60053 23.7776 0.582713	
10.06	6.60242 23.7597 0.572838	
10.07	6.6007 23.7449 0.565238	
10.08	6.60494 23.7263 0.547822	
10.09	6.61657 23.7298 0.544716	
10.1	6.61997 23.7073 0.53053	
10.11	6.64075 23.7148 0.526695	
10.12	6.63641 23.6855 0.510892	
10.13	6.6598 23.6996 0.500745	
10.14	6.65068 23.6713 0.495758	
10.15	6.68154 23.681 0.478726	
10.16	6.66053 23.6524 0.470189	
10.17	6.69652 23.6714 0.450207	
10.18	6.67105 23.635 0.441253	
10.19	6.68211 23.6085 0.426113	
10.2	6.63938 23.5535 0.395968	
10.21	6.65735 23.5278 0.381774	
10.22	6.63828 23.4853 0.364725	
10.23	6.63443 23.4591 0.347775	
10.24	6.63462 23.4337 0.336035	
10.25	6.62719 23.404 0.328422	
10.26	6.63539 23.372 0.316968	
10.27	6.62424 23.3467 0.313529	
10.28	6.627 23.3206 0.303896	
10.29	6.62595 23.2939 0.292226	
10.3	6.628 23.2694 0.27898	
10.31	6.63468 23.2368 0.258566	
10.32	6.66465 23.2182 0.239718	
10.33	6.70968 23.198 0.220562	
10.34	6.94099 23.2324 0.177843	
10.35	6.88278 23.1931 0.172979	
10.36	6.88789 23.1705 0.153535	
10.37	6.88961 23.1557 0.14478	
10.38	6.90495 23.1391 0.132312	
10.39	6.92341 23.1224 0.119663	
10.4	6.93195 23.1041 0.107946	
10.41	6.95077 23.0892 0.0903883	
10.42	6.9597 23.0653 0.0790072	
10.43	6.96879 23.0424 0.0640373	
10.44	6.98995 23.0268 0.0513367	
10.45	7.01089 23.0064 0.0354492	
10.46	7.02878 22.991 0.0226844	
10.47	7.03374 22.9774 0.0136027	
10.48	7.05187 22.9621 0.00078594	
10.49	7.06921 22.9435 -0.0200094	
10.5	7.07544 22.9304 -0.0290232	
10.51	7.09267 22.9179 -0.0342348	
10.52	7.09875 22.897 -0.0543123	
10.53	7.10281 22.8742 -0.0659217	
10.54	7.10985 22.8568 -0.0781097	
10.55	7.12116 22.8407 -0.0874782	
10.56	7.1151 22.8272 -0.0845062	
10.57	7.1164 22.8153 -0.0985092	
10.58	7.12674 22.7989 -0.108048	
10.59	7.12248 22.7783 -0.115886	
10.6	7.13283 22.7619 -0.125454	
10.61	7.13613 22.7378 -0.133683	
10.62	7.13188 22.7173 -0.141563	
10.63	7.14164 22.7054 -0.148044	
10.64	7.14494 22.6813 -0.1563	
10.65	7.14238 22.6725 -0.162571	
10.66	7.1458 22.6573 -0.16349	
10.67	7.1485 22.6377 -0.168632	
10.68	7.14959 22.6201 -0.182278	
10.69	7.15422 22.5982 -0.178007	
10.7	7.15677 22.5797 -0.186906	
10.71	7.15505 22.5645 -0.188897	
10.72	7.15775 22.5429 -0.205604	
10.73	7.15909 22.5331 -0.208183	
10.74	7.16943 22.5189 -0.20634	
10.75	7.16431 22.4971 -0.210703	
10.76	7.16773 22.4722 -0.215249	
10.77	7.17733 22.4634 -0.214018	
10.78	7.1716 22.446 -0.215186	
10.79	7.17041 22.4264 -0.220334	
10.8	7.17382 22.4016 -0.224857	
10.81	7.17302 22.3867 -0.226673	
10.82	7.17481 22.3658 -0.228099	
10.83	7.17789 22.3511 -0.229898	
10.84	7.17576 22.3301 -0.231292	
10.85	7.17596 22.2998 -0.235096	
10.86	7.17786 22.2879 -0.229225	
10.87	7.1767 22.2673 -0.230446	
10.88	7.17567 22.2457 -0.227765	
10.89	7.16667 22.223 -0.228125	
10.9	7.16532 22.2056 -0.221533	
10.91	7.15498 22.1926 -0.219329	
10.92	7.15446 22.1667 -0.219759	
10.93	7.14979 22.1439 -0.212413	
10.94	7.14127 22.119 -0.204206	
10.95	7.13939 22.1029 -0.202046	
10.96	7.13806 22.0824 -0.203087	
10.97	7.12892 22.0619 -0.191576	
10.98	7.11561 22.0424 -0.183991	
10.99	7.11827 22.0242 -0.173272	
11	7.11619 22.0113 -0.163283	
11.01	7.10598 21.9906 -0.151766	
11.02	7.10388 21.9777 -0.141737	
11.03	7.10177 21.9649 -0.131692	
11.04	7.09323 21.9392 -0.119191	
11.05	7.09979 21.9323 -0.102137	
11.06	7.08987 21.9173 -0.0911566	
11.07	7.08737 21.8988 -0.0803515	
11.08	7.07845 21.8843 -0.0692094	
11.09	7.07686 21.8695 -0.0505096	
11.1	7.07744 21.8576 -0.037293	
11.11	7.06782 21.8484 -0.0269143	
11.12	7.05785 21.8335 -0.0158068	
11.13	7.05826 21.8226 -0.00659089	
11.14	7.05586 21.82 0.00614518	
11.15	7.09831 21.819 0.0136057	
11.16	7.06625 21.7886 -0.0149762	
11.17	7.05408 21.7822 0.00735078	
11.18	7.07685 21.7798 0.0498421	
11.19	7.05953 21.7751 0.0659112	
11.2	7.05009 21.764 0.0828175	
11.21	7.05301 21.7596 0.0992452	
11.22	7.03315 21.7535 0.0997602	
11.23	7.02949 21.7444 0.13203	
11.24	7.00878 21.7396 0.149095	
11.25	7.00649 21.7272 0.170307	
11.26	6.98338 21.7107 0.183692	
11.27	6.94826 21.689 0.20511	
11.28	6.91034 21.6615 0.211142	
11.29	6.87497 21.6411 0.232211	
11.3	6.8437 21.622 0.245874	
11.31	6.84725 21.6054 0.252298	
11.32	6.82093 21.5836 0.265576	
11.33	6.8324 21.5726 0.282476	
11.34	6.80584 21.5446 0.297481	
11.35	6.82472 21.5305 0.31476	
11.36	6.78139 21.4986 0.336112	
11.37	7.16235 21.4666 0.193873	
11.38	6.748 21.4314 0.346182	
11.39	6.60392 21.3818 0.367773	
11.4	6.59115 21.3483 0.383393	
11.41	6.57304 21.319 0.396082	
11.42	6.54281 21.3058 0.412991	
11.43	6.53759 21.2797 0.43313	
11.44	6.54484 21.2578 0.457686	
11.45	6.53587 21.239 0.46722	
11.46	6.54986 21.2246 0.482849	
11.47	6.56463 21.2085 0.502201	
11.48	6.60435 21.1963 0.519477	
11.49	6.63106 21.1869 0.528084	
11.5	6.64995 21.1889 0.543439	
11.51	6.64207 21.1818 0.560182	
11.52	6.64576 21.1799 0.565874	
11.53	6.64539 21.1696 0.559509	
11.54	6.65558 21.1762 0.574798	
11.55	6.63627 21.1547 0.564079	
11.56	6.64624 21.1476 0.554982	
11.57	6.65023 21.1378 0.556655	
11.58	6.65377 21.1252 0.551134	
11.59	6.65017 21.105 0.54699	
11.6	6.65195 21.0989 0.552424	
11.61	6.64665 21.073 0.550091	
11.62	6.66377 21.0442 0.533956	
11.63	6.64668 21.0234 0.541266	
11.64	6.65958 21.0049 0.543544	
11.65	6.66067 20.9759 0.538188	
11.66	6.65503 20.9408 0.533917	
11.67	6.6612 20.9241 0.54545	
11.68	6.65242 20.8946 0.539745	
11.69	6.66609 20.8678 0.535962	
11.7	6.65612 20.8403 0.539435	
11.71	6.66498 20.8217 0.538007	
11.72	6.6602 20.7891 0.5465	
11.73	6.67334 20.769 0.536952	
11.74	6.65558 20.7394 0.541445	
11.75	6.67961 20.7246 0.537438	
11.76	6.65116 20.6834 0.54208	
11.77	6.67443 20.6637 0.534646	
11.78	6.65875 20.6279 0.528349	
11.79	6.68268 20.612 0.528894	
11.8	6.65457 20.571 0.533404	
11.81	6.67591 20.5523 0.525694	
11.82	6.67492 20.5088 0.523705	
11.83	6.66756 20.4772 0.522913	
11.84	6.67567 20.4486 0.524453	
11.85	6.68048 20.4238 0.529758	
11.86	6.66981 20.3968 0.528354	
11.87	6.68619 20.3794 0.523726	
11.88	6.6763 20.3657 0.515485	
11.89	6.69188 20.3352 0.504471	
11.9	6.68356 20.3076 0.494241	
11.91	6.70038 20.2815 0.486911	
11.92	6.69885 20.2562 0.475131	
11.93	6.70133 20.2197 0.456457	
11.94	6.69991 20.186 0.446592	
11.95	6.71924 20.1618 0.432671	
11.96	6.68139 20.1163 0.420875	
11.97	6.72207 20.0958 0.408232	
11.98	6.68108 20.0509 0.391771	
11.99	6.69131 20.0235 0.382297	
12	6.68237 19.9863 0.365515	
12.01	6.67775 19.9488 0.351205	
12.02	6.68635 19.9202 0.351693	
12.03	6.67216 19.8897 0.342143	
12.04	6.68578 19.8651 0.332827	
12.05	6.67335 19.8354 0.32834	
12.06	6.69187 19.8163 0.339333	
12.07	6.67543 19.7842 0.341127	
12.08	6.68485 19.7593 0.350652	
12.09	6.676 19.7353 0.367036	
12.1	6.67813 19.7124 0.386012	
12.11	6.68772 19.6961 0.407165	
12.12	6.68027 19.6727 0.423248	
12.13	6.68052 19.6586 0.44442	
12.14	6.6909 19.6426 0.465427	
12.15	6.67532 19.6252 0.489308	
12.16	6.69953 19.6092 0.49999	
12.17	6.67782 19.5862 0.52648	
12.18	6.70088 19.5654 0.533745	
12.19	6.67906 19.5493 0.549759	
12.2	6.69965 19.5385 0.568281	
12.21	6.68392 19.5151 0.581196	
12.22	6.70797 19.4959 0.583603	
12.23	6.68593 19.4786 0.603737	
12.24	6.70845 19.4647 0.600616	
12.25	6.68808 19.4485 0.615597	
12.26	6.70971 19.4334 0.616962	
12.27	6.69733 19.4084 0.616359	
12.28	6.70268 19.3895 0.62061	
12.29	6.70014 19.3723 0.634037	
12.3	6.72484 19.3638 0.629091	
12.31	6.75335 19.3553 0.627831	
12.32	6.77067 19.3488 0.627021	
12.33	6.97072 19.3805 0.591285	
12.34	6.92869 19.3609 0.598191	
12.35	6.92194 19.3471 0.58749	
12.36	6.91103 19.3275 0.579089	
12.37	6.89641 19.31 0.579468	
12.38	6.89627 19.2888 0.565796	
12.39	6.8909 19.2712 0.551758	
12.4	6.8872 19.2492 0.539013	
12.41	6.88371 19.2361 0.528401	
12.42	6.88142 19.2193 0.514012	
12.43	6.88719 19.2037 0.503501	
12.44	6.8788 19.1854 0.490111	
12.45	6.87941 19.1777 0.48342	
12.46	6.88105 19.1662 0.472728	
12.47	6.88068 19.1491 0.463165	
12.48	6.88059 19.1299 0.440634	
12.49	6.88074 19.1178 0.429572	
12.5	6.88201 19.1043 0.427721	
12.51	6.88232 19.0873 0.417817	
12.52	6.89034 19.0645 0.400562	
12.53	6.89134 19.043 0.392165	
12.54	6.88519 19.0198 0.384942	
12.55	6.89304 19.0088 0.377682	
12.56	6.8941 18.9914 0.37305	
12.57	6.89561 18.9701 0.364669	
12.58	6.89641 18.9575 0.358585	
12.59	6.8977 18.9402 0.353967	
12.6	6.89861 18.9276 0.347884	
12.61	6.89475 18.9043 0.344705	
12.62	6.90245 18.8885 0.338842	
12.63	6.90382 18.8721 0.328966	
12.64	6.90665 18.8584 0.332151	
12.65	6.90633 18.8424 0.318248	
12.66	6.90274 18.8292 0.316082	
12.67	6.90562 18.8156 0.319259	
12.68	6.9061 18.7911 0.303032	
12.69	6.90762 18.7739 0.298408	
12.7	6.90983 18.7562 0.2977	
12.71	6.90404 18.7373 0.294255	
12.72	6.91288 18.722 0.288449	
12.73	6.91511 18.7043 0.287725	
12.74	6.91629 18.691 0.286921	
12.75	6.91777 18.6748 0.276959	
12.76	6.91389 18.6578 0.272331	
12.77	6.91035 18.6441 0.27542	
12.78	6.91265 18.6256 0.280032	
12.79	6.90908 18.6048 0.271566	
12.8	6.90584 18.592 0.270853	
12.81	6.90163 18.5733 0.275408	
12.82	6.89871 18.5567 0.270858	
12.83	6.89918 18.5394 0.266171	
12.84	6.89596 18.5211 0.270807	
12.85	6.89336 18.5078 0.273967	
12.86	6.89343 18.4925 0.270364	
12.87	6.8909 18.488 0.276023	
12.88	6.89223 18.467 0.276658	
12.89	6.89726 18.4507 0.279997	
12.9	6.88537 18.4371 0.279087	
12.91	6.89172 18.4257 0.281473	
12.92	6.87815 18.4066 0.27808	
12.93	6.88303 18.401 0.278057	
12.94	6.87239 18.3753 0.27087	
12.95	6.87471 18.3635 0.276283	
12.96	6.85971 18.3458 0.272917	
12.97	6.86777 18.333 0.266855	
12.98	6.84673 18.3134 0.268105	
12.99	7.15793 18.2882 0.139143	
13	6.83083 18.2574 0.228383	
13.01	6.93012 18.2551 0.226506	
13.02	6.89684 18.2388 0.252043	
13.03	6.78412 18.1919 0.24883	
13.04	6.82467 18.1695 0.237003	
13.05	6.74882 18.1342 0.243611	
13.06	6.7096 18.094 0.219431	
13.07	6.70906 18.0632 0.224187	
13.08	6.63339 18.0165 0.221083	
13.09	6.57779 17.9937 0.244171	
13.1	6.53506 17.9586 0.237787	
13.11	6.50591 17.9443 0.251134	
13.12	6.4784 17.9262 0.254003	
13.13	6.46831 17.9132 0.262826	
13.14	6.4554 17.9047 0.275326	
13.15	6.45559 17.8982 0.272547	
13.16	6.45131 17.8931 0.28424	
13.17	6.45563 17.882 0.288429	
13.18	6.45557 17.8722 0.286811	
13.19	6.47678 17.8536 0.296456	
13.2	6.47996 17.8386 0.305685	
13.21	6.49139 17.8208 0.315192	
13.22	6.50861 17.8005 0.311296	
13.23	6.51378 17.7851 0.32606	
13.24	6.5268 17.7677 0.335466	
13.25	6.53195 17.7486 0.346157	
13.26	6.53977 17.7257 0.358665	
13.27	6.54076 17.7021 0.374752	
13.28	6.55482 17.6736 0.374238	
13.29	6.56435 17.6462 0.39219	
13.3	6.57086 17.623 0.404671	
13.31	6.58037 17.6002 0.420903	
13.32	6.58895 17.5772 0.437111	
13.33	6.76388 17.5953 0.423492	
13.34	6.66914 17.5514 0.453378	
13.35	6.69946 17.5356 0.461999	
13.36	6.69829 17.5034 0.470092	
13.37	6.69415 17.4801 0.48102	
13.38	6.71079 17.4486 0.480764	
13.39	6.70595 17.4246 0.486449	
13.4	6.6963 17.4091 0.494145	
13.41	6.7021 17.3804 0.486408	
13.42	6.69021 17.3527 0.488833	
13.43	6.69796 17.3289 0.478939	
13.44	6.74931 17.3215 0.476619	
13.45	6.71119 17.2852 0.467578	
13.46	6.75834 17.2593 0.443353	
13.47	6.71161 17.219 0.424984	
13.48	6.75527 17.1873 0.396815	
13.49	6.72413 17.1519 0.378561	
13.5	6.76758 17.1202 0.340679	
13.51	6.73873 17.0826 0.313175	
13.52	6.76195 17.0511 0.270729	
13.53	6.75232 17.0176 0.256178	
13.54	6.7728 16.9867 0.228818	
13.55	6.75175 16.9858 0.214512	
13.56	6.75053 16.9397 0.174334	
13.57	6.7448 16.9079 0.153356	
13.58	6.73974 16.8657 0.125073	
13.59	6.73605 16.8308 0.11222	
13.6	6.73378 16.8095 0.096627	
13.61	6.73055 16.784 0.0828915	
13.62	6.72369 16.7615 0.0783158	
13.63	6.73623 16.7345 0.0652691	
13.64	6.73902 16.6605 -0.0766353	
13.65	6.73273 16.6439 -0.0459945	
13.66	6.72784 16.6209 -0.0282918	
13.67	6.73879 16.5888 -0.0324816	
13.68	6.74083 16.565 -0.0156269	
13.69	6.74113 16.5402 -0.0192595	
13.7	6.7432 16.5279 -0.0132555	
13.71	6.74338 16.5099 -0.0117445	
13.72	6.73927 16.4867 -0.00387669	
13.73	6.75232 16.4658 -0.0146202	
13.74	6.74206 16.4367 -0.000771041	
13.75	6.75473 16.4149 -0.0036908	
13.76	6.74287 16.3924 -0.00139031	
13.77	6.7566 16.3786 0.00418293	
13.78	6.74691 16.3533 0.00552392	
13.79	6.76495 16.34 -0.00355279	
13.8	6.75185 16.3117 0.000318756	
13.81	6.76234 16.2945 0.00493084	
13.82	6.75327 16.2685 0.00302598	
13.83	6.76295 16.2506 0.00339291	
13.84	6.74902 16.2204 -0.000144326	
13.85	6.75753 16.1939 -0.00460262	
13.86	6.75101 16.1604 -0.0176757	
13.87	6.74396 16.1281 -0.0140383	
13.88	6.75188 16.0923 -0.0264446	
13.89	6.74394 16.0546 -0.0129857	
13.9	6.72431 16.0212 -0.0110475	
13.91	6.7632 15.9978 -0.00970138	
13.92	6.75191 15.9622 -0.0122392	
13.93	6.76827 15.9398 0.00541322	
13.94	6.76565 15.9061 -0.00615893	
13.95	6.75657 15.9005 0.00188643	
13.96	6.75506 15.8923 -0.0192217	
13.97	6.74506 15.8694 -0.0227396	
13.98	6.76873 15.8499 -0.0317003	
13.99	6.74854 15.8399 0.0280614	
14	6.77656 15.8285 0.0846402	
14.01	6.7646 15.811 0.100148	
14.02	6.78919 15.7924 0.127184	
14.03	6.78268 15.7757 0.144385	
14.04	6.80175 15.757 0.151162	
14.05	6.7815 15.7329 0.15406	
14.06	6.81673 15.712 0.141068	
14.07	6.7573 15.676 0.147565	
14.08	6.81968 15.6658 0.117582	
14.09	6.74487 15.6315 0.14811	
14.1	6.75027 15.6102 0.130245	
14.11	6.74883 15.5916 0.133513	
14.12	6.75271 15.5717 0.120901	
14.13	6.76397 15.5496 0.111946	
14.14	6.76671 15.5193 0.088933	
14.15	6.77016 15.5029 0.083403	
14.16	6.76737 15.4742 0.0788802	
14.17	6.77653 15.4517 0.0662499	
14.18	6.77328 15.4245 0.0601579	
14.19	6.76971 15.3999 0.0532245	
14.2	6.79571 15.3309 -0.0970445	
14.21	6.77566 15.3208 -0.0607064	
14.22	6.77085 15.3022 -0.0533357	
14.23	6.78082 15.2888 -0.0443062	
14.24	6.7814 15.2744 -0.0489313	
14.25	6.78345 15.2588 -0.0553149	
14.26	6.77922 15.2477 -0.0516958	
14.27	6.78371 15.23 -0.0537319	
14.28	6.77839 15.2137 -0.0624981	
14.29	6.77804 15.1961 -0.0605324	
14.3	6.77365 15.1779 -0.0540431	
14.31	6.77668 15.1546 -0.0578007	
14.32	6.77786 15.1343 -0.0550937	
14.33	6.774 15.1222 -0.0419269	
14.34	6.77643 15.0999 -0.0575907	
14.35	6.7703 15.0905 -0.0405295	
14.36	6.77195 15.0638 -0.0543752	
14.37	6.78044 15.0523 -0.0335886	
14.38	6.77837 15.0335 -0.0412541	
14.39	6.7733 15.0291 -0.0253171	
14.4	6.77648 15.0142 -0.0366812	
14.41	6.7764 15.0009 -0.0261448	
14.42	6.77227 14.9848 -0.0376619	
14.43	6.76525 14.9724 -0.036354	
14.44	6.76797 14.9599 -0.038272	
14.45	6.76845 14.9472 -0.0387764	
14.46	6.76914 14.9339 -0.0430771	
14.47	6.76403 14.9158 -0.0441012	
14.48	6.76478 14.9004 -0.0513306	
14.49	6.76608 14.8874 -0.0510041	
14.5	6.754 14.8785 -0.0602081	
14.51	6.75476 14.8728 -0.0557367	
14.52	6.75596 14.8566 -0.0752937	
14.53	6.75663 14.8513 -0.0697975	
14.54	6.75632 14.8346 -0.0888934	
14.55	6.75723 14.8284 -0.0860312	
14.56	6.75763 14.8155 -0.0966951	
14.57	6.7569 14.8048 -0.10377	
14.58	6.7593 14.795 -0.108728	
14.59	6.7591 14.7772 -0.119787	
14.6	6.7596 14.7661 -0.128985	
14.61	6.75397 14.7481 -0.146633	
14.62	6.75573 14.7336 -0.151535	
14.63	6.75714 14.7255 -0.154331	
14.64	6.75695 14.7106 -0.172593	
14.65	6.75048 14.7001 -0.190442	
14.66	6.75232 14.6854 -0.19635	
14.67	6.75356 14.6809 -0.202235	
14.68	6.75341 14.6658 -0.221181	
14.69	6.75401 14.6545 -0.229772	
14.7	6.75596 14.6393 -0.239014	
14.71	6.75575 14.6246 -0.255372	
14.72	6.75017 14.608 -0.263362	
14.73	6.76571 14.594 -0.274188	
14.74	6.75968 14.5842 -0.276976	
14.75	6.7673 14.5663 -0.285618	
14.76	6.76174 14.5497 -0.293754	
14.77	6.76304 14.5279 -0.305774	
14.78	6.76516 14.5097 -0.310233	
14.79	6.7669 14.4978 -0.312256	
14.8	6.76699 14.4785 -0.3196	
14.81	6.76873 14.4667 -0.321652	
14.82	6.77702 14.4476 -0.32899	
14.83	6.77898 14.4322 -0.328754	
14.84	6.7874 14.4179 -0.329933	
14.85	6.78419 14.398 -0.325956	
14.86	6.78428 14.3789 -0.333326	
14.87	6.78624 14.3635 -0.333114	
14.88	6.78776 14.338 -0.333047	
14.89	6.80033 14.3265 -0.319873	
14.9	6.80115 14.3012 -0.330196	
14.91	6.8145 14.2864 -0.324984	
14.92	6.80359 14.2675 -0.325082	
14.93	6.81781 14.2537 -0.327446	
14.94	6.80881 14.2307 -0.327398	
14.95	6.81722 14.2149 -0.331833	
14.96	6.81819 14.2015 -0.327111	
14.97	6.82612 14.1888 -0.325372	
14.98	6.82571 14.1704 -0.329292	
14.99	6.83339 14.158 -0.335831	
15	6.81252 14.1438 -0.331769	
15.01	6.83627 14.1323 -0.334803	
15.02	6.81318 14.1156 -0.341732	
15.03	6.8336 14.1062 -0.361136	
15.04	6.8165 14.0881 -0.365396	
15.05	6.80719 14.0691 -0.372141	
15.06	6.79384 14.0528 -0.36999	
15.07	6.80073 14.0389 -0.370785	
15.08	6.7942 14.0226 -0.368839	
15.09	6.78804 14.0054 -0.373214	
15.1	6.78923 13.9907 -0.372791	
15.11	6.78237 13.9723 -0.370033	
15.12	6.784 13.9543 -0.367282	
15.13	6.77752 13.9326 -0.362165	
15.14	6.76568 13.9137 -0.358014	
15.15	6.76055 13.889 -0.350464	
15.16	6.7542 13.8675 -0.345355	
15.17	6.73568 13.8394 -0.331258	
15.18	6.73047 13.8174 -0.318781	
15.19	6.71719 13.7892 -0.298768	
15.2	6.69768 13.7601 -0.277255	
15.21	6.67872 13.7408 -0.255709	
15.22	6.68776 13.7185 -0.233919	
15.23	6.66763 13.697 -0.211286	
15.24	6.67896 13.6834 -0.18116	
15.25	6.66511 13.6618 -0.158629	
15.26	6.6737 13.645 -0.131715	
15.27	6.65781 13.6311 -0.097307	
15.28	6.67041 13.6193 -0.0824485	
15.29	6.66165 13.6018 -0.0667884	
15.3	6.6603 13.5923 -0.0578135	
15.31	6.65612 13.585 -0.0424473	
15.32	6.66417 13.578 -0.0436299	
15.33	6.64996 13.5735 -0.0359044	
15.34	6.65952 13.5744 -0.0292212	
15.35	6.65033 13.5648 -0.0459516	
15.36	6.66092 13.5673 -0.0339611	
15.37	6.65046 13.5528 -0.0507204	
15.38	6.65559 13.5502 -0.0513108	
15.39	6.6574 13.5356 -0.0730923	
15.4	6.64175 13.5244 -0.0761412	
15.41	6.66071 13.5196 -0.0863227	
15.42	6.65697 13.5025 -0.105641	
15.43	6.64018 13.4826 -0.126605	
15.44	6.65844 13.4662 -0.147874	
15.45	6.64908 13.4494 -0.163456	
15.46	6.65607 13.432 -0.188532	
15.47	6.64982 13.4102 -0.217772	
15.48	6.604 13.381 -0.235632	
15.49	6.57205 13.3596 -0.24287	
15.5	6.54385 13.3334 -0.263056	
15.51	6.52841 13.3079 -0.273542	
15.52	6.50009 13.2862 -0.282944	
15.53	6.48911 13.2637 -0.299071	
15.54	6.47366 13.2475 -0.302885	
15.55	6.46656 13.2312 -0.306931	
15.56	6.45693 13.2181 -0.312059	
15.57	6.45131 13.1988 -0.323886	
15.58	6.44963 13.1955 -0.320881	
15.59	6.44645 13.1854 -0.332991	
15.6	6.44406 13.1775 -0.330106	
15.61	6.44184 13.1729 -0.339899	
15.62	6.44133 13.1687 -0.339649	
15.63	6.4478 13.1587 -0.351979	
15.64	6.44451 13.1494 -0.361848	
15.65	6.45257 13.1452 -0.361699	
15.66	6.45323 13.1391 -0.366599	
15.67	6.45167 13.1282 -0.381518	
15.68	6.46151 13.1244 -0.371334	
15.69	6.46019 13.1136 -0.386282	
15.7	6.46904 13.1075 -0.391254	
15.71	6.46902 13.1001 -0.398712	
15.72	6.47709 13.0854 -0.413674	
15.73	6.49077 13.0788 -0.422712	
15.74	6.49999 13.0697 -0.425142	
15.75	6.49806 13.0567 -0.445228	
15.76	6.51436 13.0468 -0.45424	
15.77	6.52149 13.034 -0.464245	
15.78	6.52884 13.024 -0.483371	
15.79	6.52813 13.0146 -0.495988	
15.8	6.52961 13.009 -0.501064	
15.81	6.56109 12.934 -0.70056	
15.82	6.56227 12.9348 -0.686528	
15.83	6.5595 12.931 -0.681996	
15.84	6.55727 12.9275 -0.677313	
15.85	6.55564 12.9207 -0.681753	
15.86	6.56069 12.9055 -0.690891	
15.87	6.56002 12.8917 -0.703867	
15.88	6.55963 12.8773 -0.719093	
15.89	6.5606 12.8647 -0.720977	
15.9	6.5595 12.8457 -0.747036	
15.91	6.55955 12.8319 -0.761766	
15.92	6.553 12.8216 -0.770044	
15.93	6.5534 12.8042 -0.784002	
15.94	6.55395 12.7848 -0.803761	
15.95	6.56131 12.7747 -0.815668	
15.96	6.55595 12.7579 -0.824682	
15.97	6.56208 12.749 -0.842413	
15.98	6.55575 12.7318 -0.852154	
15.99	6.56185 12.7245 -0.865324	
16	6.5564 12.7124 -0.872984	
16.01	6.56373 12.7069 -0.884213	
16.02	6.56417 12.6956 -0.893724	
16.03	6.56449 12.6874 -0.905997	
16.04	6.55813 12.6731 -0.91937	
16.05	6.56055 12.6706 -0.919172	
16.06	6.56576 12.6612 -0.938423	
16.07	6.56167 12.6492 -0.949655	
16.08	6.56772 12.6449 -0.966472	
16.09	6.56237 12.6327 -0.974943	
16.1	6.56842 12.6285 -0.991834	
16.11	6.56765 12.6217 -0.999445	
16.12	6.56919 12.6155 -1.0099	
16.13	6.56941 12.6104 -1.02533	
16.14	6.56769 12.5966 -1.05079	
16.15	6.56923 12.5905 -1.06131	
16.16	6.56959 12.5824 -1.07413	
16.17	6.56877 12.5771 -1.08968	
16.18	6.56912 12.569 -1.10252	
16.19	6.56948 12.561 -1.11538	
16.2	6.5699 12.5564 -1.12084	
16.21	6.56928 12.5464 -1.13895	
16.22	6.56971 12.5368 -1.15703	
16.23	6.57007 12.5289 -1.16993	
16.24	6.57049 12.5243 -1.17544	
16.25	6.56502 12.5155 -1.1868	
16.26	6.57914 12.5083 -1.20126	
16.27	6.58047 12.5072 -1.2094	
16.28	6.57867 12.4954 -1.22983	
16.29	6.57902 12.4876 -1.24276	
16.3	6.58733 12.4796 -1.2557	
16.31	6.58775 12.4752 -1.26125	
16.32	6.59593 12.4703 -1.27687	
16.33	6.59636 12.461 -1.29503	
16.34	6.59567 12.453 -1.30804	
16.35	6.60503 12.4503 -1.32145	
16.36	6.60539 12.4426 -1.33442	
16.37	6.61365 12.4363 -1.35529	
16.38	6.61296 12.4284 -1.36833	
16.39	6.62696 12.4245 -1.38553	
16.4	6.62145 12.4176 -1.40489	
16.41	6.63565 12.4141 -1.41204	
16.42	6.63477 12.4059 -1.43517	
16.43	6.63498 12.4015 -1.45086	
16.44	6.64435 12.399 -1.46434	
16.45	6.65256 12.3944 -1.48004	
16.46	6.65173 12.3897 -1.49581	
16.47	6.66581 12.3846 -1.51829	
16.48	6.6683 12.3777 -1.53772	
16.49	6.66859 12.3719 -1.55869	
16.5	6.68267 12.3669 -1.5812	
16.51	6.70006 12.3646 -1.59474	
16.52	6.70735 12.3537 -1.62844	
16.53	6.71565 12.3479 -1.64945	
16.54	6.73082 12.3468 -1.66454	
16.55	6.73709 12.3357 -1.69835	
16.56	6.75568 12.3312 -1.72239	
16.57	6.76881 12.3248 -1.7503	
16.58	6.77148 12.3157 -1.78037	
16.59	6.79384 12.307 -1.81878	
16.6	6.80803 12.3011 -1.84667	
16.61	6.82357 12.2881 -1.89106	
16.62	6.83778 12.2824 -1.91897	
16.63	6.85438 12.2732 -1.95595	
16.64	6.87567 12.266 -1.98924	
16.65	6.89093 12.2609 -2.01711	
16.66	6.90543 12.2493 -2.05639	
16.67	6.93467 12.246 -2.08897	
16.68	6.9501 12.2374 -2.11762	
16.69	6.97449 12.235 -2.14337	
16.7	6.99502 12.2223 -2.19481	
16.71	7.0162 12.2166 -2.23294	
16.72	7.02671 12.2136 -2.25726	
16.73	7.04825 12.2027 -2.30337	
16.74	7.0716 12.2005 -2.32926	
16.75	7.08631 12.1886 -2.37403	
16.76	7.10882 12.1818 -2.41273	
16.77	7.13724 12.175 -2.45821	
16.78	7.14577 12.1685 -2.49018	
16.79	7.16749 12.1573 -2.54172	
16.8	7.19076 12.1567 -2.58103	
16.81	7.21243 12.1469 -2.62728	
16.82	7.22746 12.1328 -2.68826	
16.83	7.23681 12.1303 -2.72292	
16.84	7.25915 12.1276 -2.76443	
16.85	7.27241 12.1236 -2.8114	
16.86	7.28912 12.1171 -2.84888	
16.87	7.30327 12.1156 -2.88508	
16.88	7.32462 12.1119 -2.94215	
16.89	7.34688 12.1107 -2.97837	
16.9	7.36007 12.108 -3.0301	
16.91	7.37637 12.1074 -3.07836	
16.92	7.39839 12.1096 -3.11727	
16.93	7.41228 12.1118 -3.15617	
16.94	7.43442 12.1126 -3.20583	
16.95	7.46297 12.1087 -3.2785	
16.96	7.47104 12.1095 -3.32147	
16.97	7.49235 12.1079 -3.37327	
16.98	7.51381 12.1049 -3.43584	
16.99	7.52924 12.1026 -3.48634	
17	7.5424 12.102 -3.53277	
17.01	7.56393 12.0988 -3.60078	
17.02	7.58529 12.098 -3.65263	
17.03	7.6061 12.0922 -3.72275	
17.04	7.61828 12.0917 -3.76932	
17.05	7.63995 12.0882 -3.81854	
17.06	7.65298 12.0795 -3.88604	
17.07	7.67475 12.0756 -3.94067	
17.08	7.68968 12.0696 -4.00955	
17.09	7.70235 12.0649 -4.06973	
17.1	7.71733 12.0583 -4.12163	
17.11	7.73885 12.0583 -4.17894	
17.12	7.75257 12.0544 -4.23903	
17.13	7.7654 12.0505 -4.30381	
17.14	7.77803 12.0476 -4.35319	
17.15	7.79853 12.0493 -4.41163	
17.16	7.798 12.0455 -4.45967	
17.17	7.80537 12.0445 -4.5212	
17.18	7.81098 12.0413 -4.58132	
17.19	7.81601 12.0351 -4.63804	
17.2	7.8216 12.0326 -4.69274	
17.21	7.82065 12.0315 -4.75521	
17.22	7.8196 12.0243 -4.81615	
17.23	7.82667 12.0267 -4.85788	
17.24	7.82662 12.0272 -4.9094	
17.25	7.83088 12.028 -4.97234	
17.26	7.82282 12.0291 -5.01751	
17.27	7.82753 12.0343 -5.06758	
17.28	7.83262 12.0466 -5.11735	
17.29	7.83724 12.0554 -5.17453	
17.3	7.84232 12.068 -5.22425	
17.31	7.84117 12.0803 -5.25647	
17.32	7.84546 12.0929 -5.31078	
17.33	7.84873 12.1052 -5.36521	
17.34	7.8483 12.1212 -5.40526	
17.35	7.85271 12.1411 -5.4546	
17.36	7.85668 12.1576 -5.50594	
17.37	7.85476 12.1698 -5.55352	
17.38	7.85802 12.1828 -5.6078	
17.39	7.85651 12.202 -5.6712	
17.4	7.85488 12.2113 -5.71071	
17.41	7.85874 12.2214 -5.76682	
17.42	7.85648 12.2375 -5.81684	
17.43	7.85514 12.2437 -5.8483	
17.44	7.85871 12.2541 -5.88902	
17.45	7.8504 12.259 -5.93483	
17.46	7.85039 12.2623 -5.96357	
17.47	7.85532 12.2698 -5.99069	
17.48	7.85319 12.2655 -6.01925	
17.49	7.8539 12.2692 -6.02708	
17.5	7.85776 12.2693 -6.0484	
17.51	7.85216 12.272 -6.04967	
17.52	7.85074 12.2679 -6.05731	
17.53	7.84863 12.2649 -6.06591	
17.54	7.8356 12.259 -6.07114	
17.55	7.82818 12.2552 -6.07846	
17.56	7.81237 12.2497 -6.0795	
17.57	7.79757 12.2445 -6.08038	
17.58	7.78911 12.2404 -6.0824	
17.59	7.76793 12.2341 -6.07665	
17.6	7.75236 12.2285 -6.08204	
17.61	7.73082 12.2257 -6.07335	
17.62	7.71689 12.2193 -6.07204	
17.63	7.69499 12.2199 -6.06583	
17.64	7.68674 12.2217 -6.06534	
17.65	7.6713 12.2219 -6.07354	
17.66	7.65643 12.2334 -6.06399	
17.67	7.64523 12.2488 -6.07715	
17.68	7.6269 12.2702 -6.094	
17.69	7.608 12.3066 -6.10543	
17.7	7.58703 12.3466 -6.13352	
17.71	7.58126 12.389 -6.15274	
17.72	7.57553 12.4395 -6.16675	
17.73	7.56698 12.5018 -6.19663	
17.74	7.56079 12.5583 -6.21122	
17.75	7.55954 12.6126 -6.23977	
17.76	7.55718 12.6823 -6.27504	
17.77	7.56075 12.7509 -6.31851	
17.78	7.57014 12.8301 -6.36735	
17.79	7.58124 12.9012 -6.42041	
17.8	7.59351 12.9585 -6.46086	
17.81	7.6131 13.0128 -6.5138	
17.82	7.6233 13.0764 -6.57502	
17.83	7.64299 13.1411 -6.63132	
17.84	7.65841 13.1754 -6.66903	
17.85	7.68217 13.2428 -6.73568	
17.86	7.71066 13.2887 -6.78801	
17.87	7.73276 13.3376 -6.84619	
17.88	7.78083 13.3998 -6.92993	
17.89	7.80831 13.4541 -7.00451	
17.9	7.84514 13.5007 -7.06219	
17.91	7.87953 13.5536 -7.15005	
17.92	7.91621 13.5968 -7.21994	
17.93	7.95818 13.6551 -7.29953	
17.94	7.9937 13.7044 -7.38011	
17.95	8.03185 13.745 -7.44687	
17.96	8.06202 13.7773 -7.51354	
17.97	8.10553 13.8237 -7.59117	
17.98	8.13524 13.8649 -7.67457	
17.99	8.17455 13.8978 -7.73634	
18	8.21147 13.9447 -7.80634	
18.01	8.25642 13.9887 -7.88056	
18.02	8.30249 14.0243 -7.94531	
18.03	8.34769 14.0747 -8.01515	
18.04	8.38517 14.122 -8.06552	
18.05	8.43048 14.1634 -8.13121	
18.06	8.47542 14.2151 -8.2	
18.07	8.53512 14.2698 -8.26932	
18.08	8.58053 14.3118 -8.31697	
18.09	8.6246 14.3692 -8.39178	
18.1	8.69074 14.4269 -8.46087	
18.11	8.72937 14.4734 -8.52786	
18.12	8.78832 14.5341 -8.59327	
18.13	8.8414 14.5786 -8.65885	
18.14	8.88791 14.6273 -8.71671	
18.15	8.9483 14.6753 -8.79915	
18.16	9.00893 14.729 -8.87462	
18.17	9.06115 14.7854 -8.94178	
18.18	9.09392 14.8233 -9.0032	
18.19	9.14824 14.8658 -9.07368	
18.2	9.17334 14.9012 -9.12524	
18.21	9.21975 14.9485 -9.19664	
18.22	9.24536 14.9799 -9.25488	
18.23	9.2794 15.0117 -9.29621	
18.24	9.30576 15.0453 -9.36318	
18.25	9.32524 15.0652 -9.41798	
18.26	9.35396 15.0865 -9.46438	
18.27	9.36716 15.1068 -9.52112	
18.28	9.38076 15.1204 -9.57391	
18.29	9.38797 15.1313 -9.6096	
18.3	9.40276 15.145 -9.64808	
18.31	9.41785 15.1587 -9.69246	
18.32	9.41006 15.1662 -9.72681	
18.33	9.41802 15.173 -9.76366	
18.34	9.42526 15.1844 -9.79349	
18.35	9.42463 15.1931 -9.81445	
18.36	9.42699 15.1926 -9.84124	
18.37	9.41279 15.1992 -9.84838	
18.38	9.41435 15.1975 -9.8669	
18.39	9.40796 15.1995 -9.87255	
18.4	9.39542 15.1965 -9.87962	
18.41	9.38214 15.1917 -9.88394	
18.42	9.36176 15.1854 -9.88767	
18.43	9.35438 15.1871 -9.8934	
18.44	9.33943 15.1925 -9.87864	
18.45	9.334 15.1891 -9.88276	
18.46	9.31079 15.1934 -9.87584	
18.47	9.30357 15.1945 -9.87328	
18.48	9.29635 15.1955 -9.87073	
18.49	9.27391 15.1951 -9.87058	
18.5	9.26604 15.2004 -9.86662	
18.51	9.25161 15.2006 -9.85808	
18.52	9.24352 15.2072 -9.84333	
18.53	9.22947 15.2074 -9.84076	
18.54	9.22204 15.2099 -9.82739	
18.55	9.20685 15.2085 -9.81617	
18.56	9.19953 15.2103 -9.8082	
18.57	9.19156 15.2164 -9.79885	
18.58	9.18305 15.2166 -9.79583	
18.59	9.18395 15.2177 -9.7903	
18.6	9.17469 15.2228 -9.7805	
18.61	9.1734 15.2238 -9.78346	
18.62	9.17211 15.2315 -9.78231	
18.63	9.16284 15.2367 -9.7725	
18.64	9.16181 15.243 -9.76854	
18.65	9.16168 15.2503 -9.75905	
18.66	9.16038 15.2581 -9.75789	
18.67	9.15009 15.2629 -9.74822	
18.68	9.14968 15.2717 -9.74152	
18.69	9.15533 15.2797 -9.73216	
18.7	9.15418 15.2867 -9.72281	
18.71	9.15286 15.2945 -9.72163	
18.72	9.15094 15.3065 -9.70549	
18.73	9.1499 15.3128 -9.70151	
18.74	9.14046 15.3188 -9.69987	
18.75	9.14675 15.3318 -9.70313	
18.76	9.14479 15.3438 -9.70054	
18.77	9.14358 15.3509 -9.70473	
18.78	9.13271 15.3658 -9.70843	
18.79	9.12966 15.3841 -9.71536	
18.8	9.1349 15.4036 -9.71456	
18.81	9.12281 15.4257 -9.72234	
18.82	9.11976 15.4441 -9.72919	
18.83	9.11708 15.4631 -9.73661	
18.84	9.11416 15.4875 -9.73107	
18.85	9.10243 15.5172 -9.7351	
18.86	9.09224 15.5372 -9.7392	
18.87	9.07141 15.5715 -9.72509	
18.88	9.06037 15.5973 -9.7169	
18.89	9.04922 15.624 -9.70329	
18.9	9.03359 15.6683 -9.68225	
18.91	9.01117 15.7129 -9.65573	
18.92	9.00396 15.7577 -9.63221	
18.93	8.97839 15.8223 -9.59303	
18.94	8.95988 15.8957 -9.54994	
18.95	8.94242 15.963 -9.51081	
18.96	8.91309 16.0524 -9.45676	
18.97	8.88345 16.1443 -9.39163	
18.98	8.85759 16.2246 -9.34855	
18.99	8.82668 16.3255 -9.28648	
19	8.79984 16.4137 -9.23841	
19.01	8.7733 16.5011 -9.18199	
19.02	8.7238 16.6218 -9.10525	
19.03	8.69843 16.7108 -9.04791	
19.04	8.66071 16.819 -8.98992	
19.05	8.62308 16.928 -8.93141	
19.06	8.58767 17.0236 -8.88139	
19.07	8.5602 17.1232 -8.83939	
19.08	8.52167 17.2416 -8.78809	
19.09	8.47732 17.3441 -8.73171	
19.1	8.44903 17.4529 -8.68371	
19.11	8.39292 17.5972 -8.6221	
19.12	8.35044 17.7483 -8.56262	
19.13	8.31009 17.8869 -8.51474	
19.14	8.26581 18.0539 -8.46195	
19.15	8.21427 18.2545 -8.38066	
19.16	8.17317 18.4035 -8.32463	
19.17	8.12514 18.5825 -8.26028	
19.18	8.09776 18.7358 -8.2025	
19.19	8.05869 18.913 -8.13582	
19.2	8.02665 19.1011 -8.06592	
19.21	8.00501 19.2538 -8.01498	
19.22	7.98847 19.3932 -7.97108	
19.23	7.97264 19.5572 -7.92614	
19.24	7.9483 19.6938 -7.88768	
19.25	7.93197 19.8265 -7.84907	
19.26	7.91598 19.9652 -7.8243	
19.27	7.89909 20.0762 -7.80988	
19.28	7.87692 20.2116 -7.7914	
19.29	7.84598 20.3241 -7.76772	
19.3	7.82045 20.4691 -7.75644	
19.31	7.7881 20.589 -7.74328	
19.32	7.74206 20.7329 -7.72415	
19.33	7.71054 20.8602 -7.70846	
19.34	7.6669 21.0109 -7.68695	
19.35	7.63641 21.136 -7.67705	
19.36	7.59311 21.2823 -7.66622	
19.37	7.55333 21.4037 -7.65951	
19.38	7.52304 21.5532 -7.64669	
19.39	7.48778 21.7028 -7.63281	
19.4	7.45776 21.8213 -7.62433	
19.41	7.41433 21.9675 -7.61314	
19.42	7.36656 22.1105 -7.59418	
19.43	7.32869 22.2257 -7.58788	
19.44	7.29765 22.368 -7.58038	
19.45	7.26268 22.4948 -7.57828	
19.46	7.22507 22.5998 -7.58101	
19.47	7.19229 22.716 -7.59114	
19.48	7.15784 22.8399 -7.59364	
19.49	7.12953 22.9454 -7.59921	
19.5	7.0859 23.063 -7.61213	
19.51	7.05324 23.1461 -7.61066	
19.52	7.0204 23.236 -7.62147	
19.53	6.9761 23.3536 -7.63259	
19.54	6.93535 23.4744 -7.63491	
19.55	6.90151 23.5596 -7.64203	
19.56	6.86287 23.6817 -7.65634	
19.57	6.8142 23.8031 -7.66617	
19.58	6.78635 23.8829 -7.67263	
19.59	6.74391 23.9959 -7.68993	
19.6	6.70304 24.106 -7.69986	
19.61	6.67602 24.1896 -7.71051	
19.62	6.64124 24.2782 -7.73237	
19.63	6.60825 24.3563 -7.73836	
19.64	6.58637 24.4398 -7.74989	
19.65	6.56455 24.5221 -7.75008	
19.66	6.53828 24.634 -7.76109	
19.67	6.51271 24.7154 -7.75679	
19.68	6.49496 24.7914 -7.75748	
19.69	6.47542 24.8681 -7.75738	
19.7	6.45751 24.9614 -7.75531	
19.71	6.44849 25.0441 -7.75711	
19.72	6.44128 25.1394 -7.75393	
19.73	6.428 25.2136 -7.75689	
19.74	6.42105 25.3066 -7.75751	
19.75	6.41493 25.3858 -7.75174	
19.76	6.40855 25.4725 -7.75357	
19.77	6.40412 25.5435 -7.75382	
19.78	6.4052 25.6346 -7.74969	
19.79	6.40116 25.6923 -7.74083	
19.8	6.38746 25.7752 -7.73333	
19.81	6.38258 25.8526 -7.7295	
19.82	6.37556 25.9445 -7.71558	
19.83	6.36844 26.0256 -7.71607	
19.84	6.36261 26.1156 -7.70558	
19.85	6.35785 26.193 -7.69985	
19.86	6.36097 26.2625 -7.69118	
19.87	6.3485 26.3345 -7.69296	
19.88	6.34334 26.4124 -7.68308	
19.89	6.33988 26.4748 -7.68619	
19.9	6.34158 26.5667 -7.67269	
19.91	6.33692 26.6439 -7.6644	
19.92	6.33387 26.7271 -7.6528	
19.93	6.3355 26.8024 -7.63898	
19.94	6.33857 26.8716 -7.62729	
19.95	6.33548 26.9298 -7.62623	
19.96	6.34441 27.0069 -7.61121	
19.97	6.34928 27.0603 -7.59931	
19.98	6.35919 27.1246 -7.5897	
19.99	6.36947 27.1956 -7.57632	
20	6.37722 27.2694 -7.55472	
20.01	6.38072 27.332 -7.54393	
20.02	6.38828 27.4305 -7.50902	
20.03	6.39113 27.4957 -7.48965	
20.04	6.40021 27.575 -7.46339	
20.05	6.41732 27.6624 -7.43032	
20.06	6.42727 27.7386 -7.40857	
20.07	6.43984 27.8011 -7.39417	
20.08	6.45619 27.883 -7.3701	
20.09	6.46859 27.9457 -7.36541	
20.1	6.49467 28.0194 -7.36312	
20.11	6.51107 28.089 -7.36596	
20.12	6.52691 28.1666 -7.35736	
20.13	6.55013 28.243 -7.37004	
20.14	6.56504 28.3173 -7.38282	
20.15	6.57208 28.3802 -7.3975	
20.16	6.58867 28.4197 -7.4405	
20.17	6.59441 28.4647 -7.4655	
20.18	6.6012 28.4957 -7.50516	
20.19	6.59592 28.5481 -7.5622	
20.2	6.59364 28.586 -7.59295	
20.21	6.58265 28.6304 -7.62923	
20.22	6.56753 28.6865 -7.67491	
20.23	6.55741 28.7284 -7.7072	
20.24	6.54608 28.7654 -7.73969	
20.25	6.52512 28.8147 -7.77415	
20.26	6.49871 28.8611 -7.8131	
20.27	6.48076 28.8982 -7.84178	
20.28	6.45229 28.9535 -7.86885	
20.29	6.43194 28.9983 -7.9169	
20.3	6.41463 29.0441 -7.94722	
20.31	6.38827 29.1068 -7.98019	
20.32	6.37251 29.1611 -8.01212	
20.33	6.35526 29.2301 -8.02818	
20.34	6.3368 29.3119 -8.07736	
20.35	6.32068 29.3777 -8.10268	
20.36	6.30501 29.4528 -8.14311	
20.37	6.29036 29.5234 -8.19658	
20.38	6.28413 29.6025 -8.24168	
20.39	6.27871 29.6609 -8.29352	
20.4	6.26632 29.7465 -8.36156	
20.41	6.26856 29.8113 -8.39852	
20.42	6.25725 29.8913 -8.42524	
20.43	6.25952 29.9931 -8.44594	
20.44	6.59521 30.0368 -8.55274	
20.45	6.59424 30.0366 -8.55322	
20.46	6.59424 30.0366 -8.55322	
20.47	6.59424 30.0366 -8.55322	
20.48	6.59424 30.0366 -8.55322	
20.49	6.59328 30.0364 -8.55369	
20.5	6.60074 30.0371 -8.55303	
20.51	6.59424 30.0366 -8.55322	
20.52	6.59424 30.0366 -8.55322	
20.53	6.59424 30.0366 -8.55322	
20.54	6.59713 30.0373 -8.55181	
20.55	6.60292 30.0385 -8.54901	
20.56	6.61262 30.0406 -8.54445	
20.57	6.61262 30.0406 -8.54445	
20.58	6.62141 30.0424 -8.54045	
20.59	6.68558 30.0429 -8.5501	
20.6	6.65505 30.0489 -8.52614	
20.61	6.69675 30.0514 -8.52515	
20.62	6.70037 30.0526 -8.52161	
20.63	6.70403 30.0539 -8.51818	
20.64	6.71428 30.0579 -8.50675	
20.65	6.72147 30.059 -8.5044	
20.66	6.72766 30.0574 -8.51043	
20.67	6.72972 30.0552 -8.51777	
20.68	6.7456 30.0618 -8.49883	
20.69	6.74976 30.0623 -8.4976	
20.7	6.767 30.0609 -8.50416	
20.71	6.77773 30.0617 -8.50287	
20.72	6.77981 30.062 -8.50229	
20.73	6.79055 30.0627 -8.50103	
20.74	6.79915 30.0607 -8.50837	
20.75	6.80125 30.061 -8.5078	
20.76	6.76512 30.0648 -8.49157	
20.77	6.76617 30.0649 -8.49129	
20.78	6.76826 30.0651 -8.49074	
20.79	6.77587 30.0655 -8.49036	
20.8	6.77692 30.0657 -8.49008	
20.81	6.77903 30.0659 -8.48954	
20.82	6.78557 30.0637 -8.49744	
20.83	6.78557 30.0637 -8.49744	
20.84	6.78662 30.0638 -8.49717	
20.85	6.78006 30.0636 -8.49727	
20.86	6.77901 30.0634 -8.49754	
20.87	6.77795 30.0608 -8.5058	
20.88	6.77036 30.0629 -8.49819	
20.89	6.77036 30.0629 -8.49819	
20.9	6.76275 30.065 -8.49057	
20.91	6.75409 30.0645 -8.49124	
20.92	6.75305 30.0643 -8.49151	
20.93	6.75199 30.0667 -8.48379	
20.94	6.7499 30.0664 -8.48436	
20.95	6.7499 30.0664 -8.48436	
20.96	6.75542 30.0641 -8.49253	
20.97	6.76198 30.0669 -8.48442	
20.98	6.75437 30.064 -8.49281	
20.99	6.75332 30.0688 -8.4771	
21	6.75332 30.0663 -8.4851	
21.01	6.75228 30.0662 -8.48539	
21.02	6.75228 30.0637 -8.49339	
21.03	6.75228 30.0637 -8.49339	
21.04	6.75123 30.0636 -8.49368	
21.05	6.75019 30.0635 -8.49396	
21.06	6.75123 30.0661 -8.48568	
21.07	6.75123 30.0636 -8.49368	
21.08	6.75123 30.0636 -8.49368	
21.09	6.74363 30.0656 -8.48608	
21.1	6.73705 30.0678 -8.4782	
21.11	6.73703 30.0702 -8.47019	
21.12	6.73703 30.0702 -8.47019	
21.13	6.73044 30.0723 -8.46231	
21.14	6.73044 30.0723 -8.46231	
21.15	6.72937 30.0746 -8.45459	
21.16	6.72383 30.0745 -8.45442	
21.17	6.72276 30.0767 -8.4467	
21.18	6.72276 30.0767 -8.4467	
21.19	6.72278 30.0743 -8.45472	
21.2	6.74258 30.0655 -8.48637	
21.21	6.7481 30.0632 -8.49455	
21.22	6.74915 30.0633 -8.49425	
21.23	6.74915 30.0633 -8.49425	
21.24	6.74915 30.0633 -8.49425	
21.25	6.74915 30.0633 -8.49425	
21.26	6.74155 30.0629 -8.49467	
21.27	6.74155 30.0604 -8.50266	
21.28	6.74259 30.063 -8.49437	
21.29	6.74259 30.063 -8.49437	
21.3	6.74259 30.063 -8.49437	
21.31	6.74259 30.063 -8.49437	
21.32	6.74259 30.063 -8.49437	
21.33	6.74259 30.063 -8.49437	
21.34	6.74259 30.063 -8.49437	
21.35	6.74915 30.0633 -8.49425	
21.36	6.74915 30.0633 -8.49425	
21.37	6.7481 30.0632 -8.49455	
21.38	6.7481 30.0632 -8.49455	
21.39	6.74915 30.0633 -8.49425	
21.4	6.74915 30.0633 -8.49425	
21.41	6.7481 30.0632 -8.49455	
21.42	6.74915 30.0633 -8.49425	
21.43	6.74915 30.0633 -8.49425	
21.44	6.74915 30.0633 -8.49425	
21.45	6.7481 30.0632 -8.49455	
21.46	6.74915 30.0633 -8.49425	
21.47	6.74915 30.0633 -8.49425	
21.48	6.74915 30.0633 -8.49425	
21.49	6.74915 30.0633 -8.49425	
21.5	6.74915 30.0633 -8.49425	
21.51	6.7481 30.0632 -8.49455	
21.52	6.7481 30.0632 -8.49455	
21.53	6.74915 30.0633 -8.49425	
21.54	6.7481 30.0632 -8.49455	
21.55	6.74259 30.063 -8.49437	
21.56	6.7481 30.0632 -8.49455	
21.57	6.7481 30.0632 -8.49455	
21.58	6.74915 30.0633 -8.49425	
21.59	6.7481 30.0632 -8.49455	
21.6	6.7481 30.0632 -8.49455	
21.61	6.74915 30.0633 -8.49425	
21.62	6.74915 30.0658 -8.48626	
21.63	6.7481 30.0632 -8.49455	
21.64	6.74915 30.0633 -8.49425	
21.65	6.7481 30.0632 -8.49455	
21.66	6.74155 30.0629 -8.49467	
21.67	6.7481 30.0632 -8.49455	
21.68	6.7481 30.0632 -8.49455	
21.69	6.7481 30.0632 -8.49455	
21.7	6.7481 30.0632 -8.49455	
21.71	6.74915 30.0633 -8.49425	
21.72	6.74915 30.0633 -8.49425	
21.73	6.74915 30.0658 -8.48626	
21.74	6.7481 30.0632 -8.49455	
21.75	6.7481 30.0632 -8.49455	
21.76	6.7481 30.0632 -8.49455	
21.77	6.7481 30.0632 -8.49455	
21.78	6.7481 30.0632 -8.49455	
21.79	6.7481 30.0632 -8.49455	
21.8	6.74259 30.063 -8.49437	
21.81	6.7481 30.0632 -8.49455	
21.82	6.74915 30.0633 -8.49425	
21.83	6.7481 30.0632 -8.49455	
21.84	6.74154 30.0654 -8.48667	
21.85	6.74154 30.0654 -8.48667	
21.86	6.7481 30.0632 -8.49455	
21.87	6.7481 30.0632 -8.49455	
21.88	6.74915 30.0633 -8.49425	
21.89	6.74915 30.0633 -8.49425	
21.9	6.7481 30.0632 -8.49455	
21.91	6.7481 30.0632 -8.49455	
21.92	6.7481 30.0632 -8.49455	
21.93	6.7481 30.0632 -8.49455	
21.94	6.7481 30.0607 -8.50254	
21.95	6.74915 30.0633 -8.49425	
21.96	6.7481 30.0632 -8.49455	
21.97	6.74915 30.0633 -8.49425	
21.98	6.7481 30.0632 -8.49455	
21.99	6.7481 30.0632 -8.49455	
22	6.7481 30.0632 -8.49455	
22.01	6.74155 30.0629 -8.49467	
22.02	6.7481 30.0632 -8.49455	
22.03	6.7481 30.0632 -8.49455	
22.04	6.74915 30.0633 -8.49425	
22.05	6.74915 30.0633 -8.49425	
22.06	6.74915 30.0633 -8.49425	
22.07	6.74915 30.0633 -8.49425	
22.08	6.7481 30.0632 -8.49455	
22.09	6.7481 30.0632 -8.49455	
22.1	6.7481 30.0632 -8.49455	
22.11	6.7481 30.0632 -8.49455	
22.12	6.7481 30.0632 -8.49455	
22.13	6.74259 30.063 -8.49437	
22.14	6.74259 30.063 -8.49437	
22.15	6.74915 30.0633 -8.49425	
22.16	6.7481 30.0632 -8.49455	
22.17	6.74915 30.0633 -8.49425	
22.18	6.7481 30.0632 -8.49455	
22.19	6.7481 30.0632 -8.49455	
22.2	6.74915 30.0633 -8.49425	
22.21	6.74915 30.0633 -8.49425	
22.22	6.74915 30.0633 -8.49425	
22.23	6.75466 30.0635 -8.49443	
22.24	6.7481 30.0632 -8.49455	
22.25	6.7481 30.0632 -8.49455	
22.26	6.7481 30.0632 -8.49455	
22.27	6.74259 30.063 -8.49437	
22.28	6.7481 30.0632 -8.49455	
22.29	6.74915 30.0633 -8.49425	
22.3	6.74915 30.0633 -8.49425	
22.31	6.74915 30.0633 -8.49425	
22.32	6.7481 30.0632 -8.49455	
22.33	6.7481 30.0632 -8.49455	
22.34	6.74915 30.0633 -8.49425	
22.35	6.74155 30.0629 -8.49467	
22.36	6.74155 30.0629 -8.49467	
22.37	6.7481 30.0632 -8.49455	
22.38	6.7481 30.0632 -8.49455	
22.39	6.74915 30.0633 -8.49425	
22.4	6.7481 30.0632 -8.49455	
22.41	6.74915 30.0633 -8.49425	
22.42	6.7481 30.0632 -8.49455	
22.43	6.7481 30.0632 -8.49455	
22.44	6.7481 30.0632 -8.49455	
22.45	6.7481 30.0632 -8.49455	
22.46	6.74259 30.063 -8.49437	
22.47	6.74259 30.063 -8.49437	
22.48	6.74259 30.063 -8.49437	
22.49	6.74915 30.0633 -8.49425	
22.5	6.74915 30.0633 -8.49425	
22.51	6.7481 30.0632 -8.49455	
22.52	6.7481 30.0632 -8.49455	
22.53	6.7481 30.0632 -8.49455	
22.54	6.74155 30.0629 -8.49467	
22.55	6.74915 30.0633 -8.49425	
22.56	6.74915 30.0633 -8.49425	
22.57	6.75466 30.0635 -8.49443	
22.58	6.7481 30.0632 -8.49455	
22.59	6.74915 30.0608 -8.50225	
22.6	6.7481 30.0632 -8.49455	
22.61	6.74915 30.0633 -8.49425	
