# Gnuplot File : positions of 1 particle(s) Monitored
# 1st Column : time, others : particle(s) number 0 
0.01	9.83009 19.9235 3.14485	
0.02	9.83105 19.9232 3.14303	
0.03	9.82986 19.9234 3.14419	
0.04	9.82986 19.923 3.14262	
0.05	9.8301 19.9231 3.14271	
0.06	9.82986 19.9234 3.14386	
0.07	9.82986 19.923 3.14238	
0.08	9.82891 19.9229 3.14246	
0.09	9.83082 19.9231 3.14219	
0.1	9.82986 19.923 3.14229	
0.11	9.82867 19.9232 3.14362	
0.12	9.82986 19.923 3.14226	
0.13	9.83105 19.9232 3.14233	
0.14	9.82963 19.9229 3.14205	
0.15	9.82986 19.923 3.14224	
0.16	9.82986 19.923 3.14224	
0.17	9.82986 19.923 3.14224	
0.18	9.82986 19.9234 3.14367	
0.19	9.82986 19.923 3.14224	
0.2	9.82867 19.9232 3.14359	
0.21	9.82986 19.923 3.14224	
0.22	9.83009 19.9235 3.14386	
0.23	9.83009 19.9235 3.14386	
0.24	9.83105 19.9232 3.14232	
0.25	9.82302 19.9196 3.13385	
0.26	9.80678 19.9105 3.11198	
0.27	9.80209 19.9093 3.11083	
0.28	9.80217 19.9072 3.10407	
0.29	9.79423 19.9052 3.10216	
0.3	9.79592 19.9062 3.10437	
0.31	9.79495 19.9056 3.10311	
0.32	9.79789 19.9073 3.1069	
0.33	9.80438 19.8787 3.11565	
0.34	9.82984 19.6725 3.30213	
0.35	9.8311 19.5324 3.46552	
0.36	9.81632 19.3938 3.44638	
0.37	9.78767 19.2492 3.41107	
0.38	9.79395 19.008 3.4284	
0.39	9.80475 18.6861 3.49664	
0.4	9.81314 18.4589 3.53205	
0.41	9.81757 18.4363 3.56573	
0.42	9.81936 18.4456 3.60756	
0.43	9.84912 18.4001 3.68367	
0.44	9.9084 18.4187 3.76533	
0.45	9.97616 18.49 3.81649	
0.46	10.0683 18.564 3.87325	
0.47	10.1041 18.5791 3.8863	
0.48	10.1068 18.5813 3.89142	
0.49	10.1084 18.5771 3.90614	
0.5	10.1167 18.5235 3.9405	
0.51	10.1319 18.4785 3.96133	
0.52	10.1371 18.4326 3.9531	
0.53	10.1461 18.3461 3.95087	
0.54	10.153 18.2945 3.96661	
0.55	10.1615 18.2139 3.9713	
0.56	10.222 18.1648 3.97914	
0.57	10.2977 18.0894 4.00498	
0.58	10.3267 18.0414 4.05632	
0.59	10.3437 17.9983 4.08324	
0.6	10.3777 17.8966 4.13222	
0.61	10.4082 17.8264 4.21094	
0.62	10.4873 17.7455 4.31505	
0.63	10.6574 17.668 4.4116	
0.64	10.8887 17.6454 4.43588	
0.65	11.0602 17.6536 4.45255	
0.66	11.1843 17.6747 4.47172	
0.67	11.2695 17.6842 4.48456	
0.68	11.3238 17.6817 4.50006	
0.69	11.3645 17.6888 4.51625	
0.7	11.4031 17.6937 4.52802	
0.71	11.4595 17.7042 4.53264	
0.72	11.5599 17.7131 4.54311	
0.73	11.7051 17.6945 4.55169	
0.74	11.8769 17.6554 4.58009	
0.75	12.0511 17.6189 4.6118	
0.76	12.1906 17.596 4.62821	
0.77	12.2869 17.5704 4.6314	
0.78	12.3255 17.5624 4.63117	
0.79	12.4025 17.5463 4.62764	
0.8	12.5288 17.505 4.62266	
0.81	12.7235 17.4257 4.61282	
0.82	12.9487 17.32 4.61126	
0.83	13.1384 17.255 4.62299	
0.84	13.2484 17.2282 4.62522	
0.85	13.2804 17.2129 4.6273	
0.86	13.3033 17.1775 4.62533	
0.87	13.3323 17.1423 4.62915	
0.88	13.3651 17.1081 4.63145	
0.89	13.4028 17.0629 4.64284	
0.9	13.4342 17.0166 4.65502	
0.91	13.4594 16.9746 4.65726	
0.92	13.4821 16.9407 4.65457	
0.93	13.4994 16.9126 4.65456	
0.94	13.5148 16.8876 4.6518	
0.95	13.537 16.8487 4.64955	
0.96	13.5597 16.8029 4.64688	
0.97	13.5763 16.7608 4.64461	
0.98	13.5851 16.7351 4.64549	
0.99	13.591 16.7196 4.6463	
1	13.598 16.7038 4.64544	
1.01	13.6051 16.683 4.64534	
1.02	13.6119 16.662 4.6436	
1.03	13.6203 16.6356 4.64142	
1.04	13.6317 16.6091 4.63928	
1.05	13.6432 16.5773 4.63677	
1.06	13.6564 16.5406 4.63535	
1.07	13.6653 16.5021 4.63259	
1.08	13.6814 16.4599 4.63077	
1.09	13.6969 16.4153 4.62299	
1.1	13.7072 16.3714 4.62002	
1.11	13.7161 16.3331 4.61922	
1.12	13.7244 16.2945 4.61663	
1.13	13.7272 16.2544 4.61437	
1.14	13.7285 16.22 4.61419	
1.15	13.7252 16.184 4.61387	
1.16	13.7169 16.1635 4.61301	
1.17	13.7053 16.1537 4.61273	
1.18	13.6832 16.1409 4.61222	
1.19	13.6571 16.1338 4.6124	
1.2	13.6263 16.1253 4.61235	
1.21	13.5999 16.1183 4.61231	
1.22	13.5647 16.1085 4.61226	
1.23	13.5264 16.0971 4.61224	
1.24	13.4867 16.0857 4.61075	
1.25	13.4469 16.0747 4.61071	
1.26	13.3924 16.0599 4.61066	
1.27	13.3319 16.044 4.61059	
1.28	13.2697 16.0164 4.60996	
1.29	13.2028 15.9878 4.60933	
1.3	13.1533 15.9525 4.60819	
1.31	13.1209 15.9 4.60603	
1.32	13.115 15.8479 4.60236	
1.33	13.1223 15.7931 4.60014	
1.34	13.1341 15.7395 4.59814	
1.35	13.1389 15.7006 4.59688	
1.36	13.1366 15.6715 4.59772	
1.37	13.1325 15.6471 4.59544	
1.38	13.1227 15.6274 4.59643	
1.39	13.1187 15.6033 4.59587	
1.4	13.1114 15.5726 4.59523	
1.41	13.1039 15.5419 4.59464	
1.42	13.0998 15.5178 4.5942	
1.43	13.0897 15.4978 4.5939	
1.44	13.083 15.4845 4.59372	
1.45	13.0713 15.4647 4.59342	
1.46	13.0645 15.4511 4.59182	
1.47	13.059 15.4327 4.59302	
1.48	13.0487 15.4128 4.59281	
1.49	13.0428 15.3889 4.59252	
1.5	13.0278 15.3677 4.59236	
1.51	13.0173 15.3478 4.59221	
1.52	13.0079 15.3172 4.59198	
1.53	12.9936 15.2854 4.5918	
1.54	12.9846 15.2518 4.59656	
1.55	12.9781 15.2074 4.6014	
1.56	12.9736 15.1602 4.61276	
1.57	12.9705 15.0988 4.62786	
1.58	12.9742 15.037 4.64129	
1.59	12.9803 14.982 4.65511	
1.6	12.9826 14.9212 4.67216	
1.61	12.9853 14.8653 4.68821	
1.62	12.985 14.8098 4.70443	
1.63	12.9867 14.7517 4.71631	
1.64	12.9772 14.6971 4.72964	
1.65	12.9726 14.6437 4.7432	
1.66	12.9676 14.6026 4.75631	
1.67	12.9569 14.5681 4.76255	
1.68	12.9514 14.5345 4.76765	
1.69	12.9459 14.5058 4.77094	
1.7	12.9347 14.4713 4.77717	
1.71	12.9264 14.4358 4.78075	
1.72	12.9179 14.3955 4.78632	
1.73	12.9088 14.3547 4.79014	
1.74	12.8996 14.3139 4.79406	
1.75	12.8868 14.2719 4.79838	
1.76	12.8776 14.2316 4.80415	
1.77	12.8725 14.1979 4.80962	
1.78	12.8644 14.1579 4.81687	
1.79	12.8536 14.1226 4.82086	
1.8	12.8424 14.0703 4.82803	
1.81	12.8343 14.0189 4.83343	
1.82	12.8222 13.9338 4.84536	
1.83	12.8206 13.8554 4.85425	
1.84	12.8086 13.7655 4.86891	
1.85	12.7992 13.6591 4.88457	
1.86	12.7904 13.5475 4.90168	
1.87	12.7886 13.4491 4.91814	
1.88	12.7885 13.3484 4.93052	
1.89	12.7805 13.2608 4.93824	
1.9	12.776 13.1812 4.94723	
1.91	12.7701 13.11 4.95031	
1.92	12.7688 13.0377 4.96097	
1.93	12.7699 12.9566 4.96484	
1.94	12.774 12.8677 4.97759	
1.95	12.7913 12.7706 4.99283	
1.96	12.8056 12.692 5.01086	
1.97	12.8197 12.6141 5.01858	
1.98	12.8322 12.5468 5.02482	
1.99	12.8344 12.4945 5.02779	
2	12.8262 12.4388 5.02825	
2.01	12.8042 12.3926 5.01738	
2.02	12.7785 12.3515 5.00403	
2.03	12.737 12.3189 4.98791	
2.04	12.6829 12.2871 4.97809	
2.05	12.6209 12.264 4.96299	
2.06	12.5565 12.2366 4.95019	
2.07	12.4681 12.2133 4.94268	
2.08	12.3712 12.1946 4.93232	
2.09	12.2741 12.1757 4.93292	
2.1	12.1826 12.1613 4.92748	
2.11	12.0892 12.15 4.92687	
2.12	12.0135 12.147 4.92536	
2.13	11.9683 12.1411 4.92377	
2.14	11.914 12.1353 4.92339	
2.15	11.8586 12.1403 4.92075	
2.16	11.8041 12.1507 4.91711	
2.17	11.7376 12.1593 4.91209	
2.18	11.6697 12.1694 4.9098	
2.19	11.5975 12.178 4.90484	
2.2	11.5127 12.1761 4.90481	
2.21	11.429 12.1788 4.90098	
2.22	11.3424 12.1829 4.89841	
2.23	11.2645 12.1925 4.89352	
2.24	11.1783 12.1965 4.88841	
2.25	11.092 12.2009 4.88311	
2.26	10.9785 12.2093 4.87524	
2.27	10.886 12.2257 4.86948	
2.28	10.7998 12.2371 4.86322	
2.29	10.7166 12.2553 4.85724	
2.3	10.6467 12.2743 4.85116	
2.31	10.5728 12.2933 4.8454	
2.32	10.5111 12.3189 4.84027	
2.33	10.4371 12.3492 4.83241	
2.34	10.3634 12.3911 4.82427	
2.35	10.2828 12.4384 4.8141	
2.36	10.1978 12.4966 4.80187	
2.37	10.1121 12.555 4.7887	
2.38	10.014 12.6175 4.77138	
2.39	9.91651 12.6802 4.75301	
2.4	9.83249 12.7325 4.73646	
2.41	9.76808 12.7848 4.72036	
2.42	9.6922 12.8336 4.70719	
2.43	9.60839 12.8922 4.68913	
2.44	9.53505 12.9422 4.67779	
2.45	9.45436 12.9879 4.66837	
2.46	9.37167 13.0444 4.65607	
2.47	9.30606 13.0953 4.64481	
2.48	9.239 13.1404 4.63263	
2.49	9.17372 13.1808 4.62309	
2.5	9.09393 13.2334 4.61218	
2.51	9.0196 13.2871 4.60489	
2.52	8.9338 13.3365 4.598	
2.53	8.83617 13.3869 4.59008	
2.54	8.74153 13.4332 4.58547	
2.55	8.64652 13.4732 4.57711	
2.56	8.54688 13.5154 4.57186	
2.57	8.4446 13.5529 4.5658	
2.58	8.34643 13.5856 4.56195	
2.59	8.23249 13.626 4.5558	
2.6	8.14199 13.6589 4.55061	
2.61	8.07755 13.6894 4.5483	
2.62	8.02911 13.7224 4.54124	
2.63	8.00583 13.7466 4.53636	
2.64	8.00435 13.7676 4.53172	
2.65	8.00909 13.7938 4.52613	
2.66	8.0098 13.8092 4.52197	
2.67	7.99506 13.8312 4.51527	
2.68	7.9694 13.8443 4.49757	
2.69	7.92775 13.8498 4.47237	
2.7	7.87077 13.8557 4.44178	
2.71	7.8 13.8611 4.40511	
2.72	7.70491 13.8717 4.35794	
2.73	7.60105 13.8723 4.3088	
2.74	7.48992 13.8726 4.26783	
2.75	7.37855 13.8707 4.23262	
2.76	7.26954 13.8661 4.19163	
2.77	7.17266 13.8435 4.1542	
2.78	7.10115 13.798 4.12808	
2.79	7.05442 13.7451 4.12127	
2.8	7.02886 13.6723 4.1189	
2.81	7.01404 13.5955 4.12627	
2.82	6.99707 13.5205 4.13556	
2.83	6.9842 13.46 4.13886	
2.84	6.97229 13.4014 4.14719	
2.85	6.95667 13.3467 4.14851	
2.86	6.94261 13.286 4.15222	
2.87	6.92971 13.2247 4.15455	
2.88	6.92084 13.1748 4.15723	
2.89	6.90939 13.1195 4.16088	
2.9	6.89977 13.0669 4.15736	
2.91	6.89066 13.023 4.16124	
2.92	6.88226 12.9764 4.15862	
2.93	6.87236 12.9358 4.15703	
2.94	6.86589 12.8914 4.15959	
2.95	6.85637 12.8455 4.15899	
2.96	6.84754 12.8029 4.15266	
2.97	6.84073 12.7631 4.15272	
2.98	6.83138 12.7119 4.15311	
2.99	6.82123 12.6629 4.15895	
3	6.81037 12.6167 4.17161	
3.01	6.80181 12.5693 4.18117	
3.02	6.79963 12.5158 4.19315	
3.03	6.78739 12.4638 4.20579	
3.04	6.77653 12.4112 4.2172	
3.05	6.76503 12.3547 4.23279	
3.06	6.7543 12.3028 4.24601	
3.07	6.74582 12.2556 4.25672	
3.08	6.74285 12.2026 4.27046	
3.09	6.73907 12.1548 4.28298	
3.1	6.73592 12.1078 4.29742	
3.11	6.73053 12.0507 4.31551	
3.12	6.73331 11.9958 4.32833	
3.13	6.73805 11.9482 4.3446	
3.14	6.74493 11.8991 4.35756	
3.15	6.73914 11.8377 4.37935	
3.16	6.7395 11.7745 4.40008	
3.17	6.74343 11.7158 4.41789	
3.18	6.74369 11.6521 4.43766	
3.19	6.74704 11.5885 4.45754	
3.2	6.75052 11.5314 4.47934	
3.21	6.74824 11.4802 4.49825	
3.22	6.75282 11.4279 4.51776	
3.23	6.75907 11.3858 4.53423	
3.24	6.75848 11.3402 4.55268	
3.25	6.77323 11.2917 4.5707	
3.26	6.77769 11.2448 4.58957	
3.27	6.80039 11.1939 4.60512	
3.28	6.82493 11.138 4.62576	
3.29	6.85076 11.081 4.64359	
3.3	6.88363 11.0176 4.6629	
3.31	6.91738 10.955 4.68421	
3.32	6.95075 10.8982 4.70541	
3.33	6.98668 10.8461 4.72374	
3.34	7.03118 10.793 4.74235	
3.35	7.07928 10.7443 4.75755	
3.36	7.13494 10.6985 4.76851	
3.37	7.19752 10.6582 4.7811	
3.38	7.26604 10.6216 4.7906	
3.39	7.34636 10.5824 4.79867	
3.4	7.43647 10.5382 4.81014	
3.41	7.52178 10.4894 4.82363	
3.42	7.61099 10.4352 4.83722	
3.43	7.68927 10.3793 4.85715	
3.44	7.76598 10.3177 4.87662	
3.45	7.82604 10.2646 4.89528	
3.46	7.8811 10.223 4.91068	
3.47	7.92784 10.1823 4.92604	
3.48	7.96196 10.1494 4.9412	
3.49	7.99054 10.1165 4.95483	
3.5	8.0195 10.0882 4.96511	
3.51	8.04599 10.0754 4.9702	
3.52	8.0767 10.0618 4.97358	
3.53	8.11093 10.0535 4.97701	
3.54	8.16251 10.0487 4.97846	
3.55	8.22613 10.042 4.97842	
3.56	8.30729 10.0302 4.98336	
3.57	8.40361 10.022 4.98494	
3.58	8.5068 10.0178 4.99615	
3.59	8.61249 10.0107 4.99938	
3.6	8.75626 10.0049 5.01049	
3.61	8.88758 10.0028 5.01184	
3.62	9.01934 10.0023 5.01504	
3.63	9.13478 10.0232 5.00907	
3.64	9.21958 10.0468 5.00475	
3.65	9.29202 10.0703 4.99803	
3.66	9.35518 10.087 4.98778	
3.67	9.41141 10.0999 4.98194	
3.68	9.46603 10.1188 4.97543	
3.69	9.50465 10.1444 4.96911	
3.7	9.55733 10.1563 4.95949	
3.71	9.5906 10.1585 4.95351	
3.72	9.62712 10.1702 4.95535	
3.73	9.66757 10.1885 4.94536	
3.74	9.70021 10.2151 4.94036	
3.75	9.73542 10.2462 4.93148	
3.76	9.77287 10.2671 4.92678	
3.77	9.80236 10.2875 4.92021	
3.78	9.84132 10.3065 4.91082	
3.79	9.88452 10.3313 4.91452	
3.8	9.93655 10.367 4.9163	
3.81	9.98352 10.4031 4.93119	
3.82	10.0354 10.4421 4.93963	
3.83	10.0859 10.4867 4.94685	
3.84	10.1377 10.5343 4.96053	
3.85	10.1865 10.5807 4.97081	
3.86	10.2419 10.6239 4.98666	
3.87	10.3063 10.6616 4.98956	
3.88	10.3652 10.7051 4.99232	
3.89	10.4295 10.7448 4.98565	
3.9	10.4939 10.7884 4.97397	
3.91	10.5507 10.8313 4.96078	
3.92	10.6069 10.8679 4.94612	
3.93	10.6564 10.9045 4.93157	
3.94	10.7122 10.948 4.91854	
3.95	10.7677 10.9852 4.90422	
3.96	10.8185 11.0325 4.8867	
3.97	10.8598 11.0794 4.86809	
3.98	10.8927 11.1325 4.85085	
3.99	10.9191 11.1855 4.83404	
4	10.9519 11.233 4.81726	
4.01	10.9803 11.2643 4.80492	
4.02	11.0118 11.301 4.78977	
4.03	11.0518 11.3293 4.78185	
4.04	11.0982 11.3516 4.7724	
4.05	11.1524 11.3757 4.766	
4.06	11.2143 11.3943 4.75927	
4.07	11.2832 11.4091 4.75571	
4.08	11.3674 11.425 4.7521	
4.09	11.4542 11.4408 4.74532	
4.1	11.5426 11.4533 4.74358	
4.11	11.6268 11.4608 4.74486	
4.12	11.7193 11.4689 4.7453	
4.13	11.8089 11.476 4.74198	
4.14	11.887 11.4835 4.74214	
4.15	11.9649 11.4902 4.73988	
4.16	12.0313 11.4965 4.73976	
4.17	12.104 11.5015 4.73448	
4.18	12.1565 11.5043 4.72933	
4.19	12.1982 11.5108 4.73312	
4.2	12.2271 11.5098 4.72363	
4.21	12.2643 11.506 4.7192	
4.22	12.2871 11.507 4.71646	
4.23	12.3015 11.5066 4.71161	
4.24	12.3179 11.5033 4.70075	
4.25	12.3267 11.4998 4.69134	
4.26	12.3495 11.4975 4.68048	
4.27	12.3644 11.495 4.67086	
4.28	12.3735 11.4856 4.66102	
4.29	12.3869 11.4861 4.65782	
4.3	12.4037 11.476 4.65784	
4.31	12.4193 11.4711 4.65613	
4.32	12.4371 11.4564 4.65911	
4.33	12.4527 11.4405 4.65866	
4.34	12.4708 11.4265 4.66327	
4.35	12.483 11.4062 4.66907	
4.36	12.4977 11.3962 4.66845	
4.37	12.5143 11.3824 4.67298	
4.38	12.5333 11.3713 4.67121	
4.39	12.5495 11.3628 4.67458	
4.4	12.5652 11.3543 4.67754	
4.41	12.5914 11.3385 4.67587	
4.42	12.6064 11.3287 4.67551	
4.43	12.6291 11.3191 4.67373	
4.44	12.662 11.3046 4.67232	
4.45	12.6864 11.2862 4.6636	
4.46	12.7255 11.2635 4.65336	
4.47	12.7647 11.2447 4.63846	
4.48	12.8043 11.2196 4.62187	
4.49	12.85 11.2 4.60159	
4.5	12.897 11.1759 4.57034	
4.51	12.9537 11.1529 4.53959	
4.52	12.9997 11.1286 4.50584	
4.53	13.0561 11.0997 4.47253	
4.54	13.0971 11.0753 4.44121	
4.55	13.1331 11.0503 4.4114	
4.56	13.1683 11.0224 4.38798	
4.57	13.2017 11.005 4.36149	
4.58	13.2223 10.9839 4.34664	
4.59	13.2482 10.9699 4.31704	
4.6	13.2699 10.9556 4.29129	
4.61	13.2818 10.9367 4.26944	
4.62	13.299 10.9194 4.2476	
4.63	13.3106 10.9026 4.23081	
4.64	13.3158 10.8818 4.20738	
4.65	13.3273 10.865 4.19058	
4.66	13.3395 10.8432 4.16071	
4.67	13.3569 10.8237 4.13219	
4.68	13.3687 10.8032 4.10477	
4.69	13.3796 10.7825 4.07621	
4.7	13.3917 10.7574 4.05077	
4.71	13.4123 10.7283 4.0267	
4.72	13.4237 10.6991 4.00401	
4.73	13.4315 10.6652 3.99048	
4.74	13.4393 10.6321 3.97853	
4.75	13.4438 10.6037 3.97802	
4.76	13.4515 10.5684 3.97633	
4.77	13.4584 10.5347 3.97779	
4.78	13.4637 10.5048 3.97438	
4.79	13.4682 10.4838 3.97905	
4.8	13.4715 10.466 3.97766	
4.81	13.474 10.454 3.97612	
4.82	13.4754 10.4478 3.97422	
4.83	13.4771 10.4392 3.96567	
4.84	13.4812 10.4245 3.95768	
4.85	13.4831 10.4083 3.95901	
4.86	13.4873 10.386 3.96074	
4.87	13.4902 10.37 3.96459	
4.88	13.4958 10.3476 3.96658	
4.89	13.5015 10.3252 3.96862	
4.9	13.505 10.3047 3.97541	
4.91	13.5086 10.287 3.97443	
4.92	13.5129 10.2656 3.97787	
4.93	13.5161 10.2485 3.97805	
4.94	13.5205 10.2312 3.97825	
4.95	13.5255 10.2122 3.97354	
4.96	13.5291 10.1959 3.97549	
4.97	13.531 10.1798 3.97705	
4.98	13.538 10.1541 3.97137	
4.99	13.5434 10.1252 3.97015	
5	13.5487 10.0981 3.97433	
5.01	13.5559 10.0674 3.98557	
5.02	13.5616 10.0312 3.99467	
5.03	13.5697 9.99547 4.00794	
5.04	13.5755 9.96584 4.02072	
5.05	13.5827 9.93529 4.03229	
5.06	13.5885 9.90572 4.04521	
5.07	13.5971 9.87501 4.05716	
5.08	13.601 9.85559 4.06637	
5.09	13.6071 9.82942 4.07477	
5.1	13.6096 9.81171 4.08663	
5.11	13.616 9.78964 4.0919	
5.12	13.6107 9.77409 4.09925	
5.13	13.6138 9.75799 4.10131	
5.14	13.6157 9.74794 4.10525	
5.15	13.6171 9.74194 4.10358	
5.16	13.6167 9.73789 4.10682	
5.17	13.6204 9.72591 4.10587	
5.18	13.6225 9.71485 4.10599	
5.19	13.6243 9.70482 4.10996	
5.2	13.6266 9.69235 4.1075	
5.21	13.6291 9.67151 4.11141	
5.22	13.6334 9.65626 4.11766	
5.23	13.6367 9.64603 4.12192	
5.24	13.6378 9.63279 4.11541	
5.25	13.6406 9.62409 4.10716	
5.26	13.642 9.61169 4.10235	
5.27	13.6389 9.59656 4.09633	
5.28	13.6395 9.58743 4.08415	
5.29	13.6363 9.56339 4.06812	
5.3	13.6418 9.54144 4.05382	
5.31	13.6368 9.51618 4.04773	
5.32	13.6431 9.49003 4.03681	
5.33	13.6496 9.46347 4.02741	
5.34	13.6526 9.44121 4.02659	
5.35	13.6572 9.42439 4.0279	
5.36	13.6509 9.41154 4.02685	
5.37	13.6557 9.39479 4.02838	
5.38	13.6514 9.3745 4.0384	
5.39	13.649 9.3482 4.04912	
5.4	13.6406 9.32088 4.06122	
5.41	13.6304 9.28839 4.07392	
5.42	13.6199 9.25742 4.08926	
5.43	13.6146 9.21471 4.10712	
5.44	13.6062 9.17787 4.12356	
5.45	13.5991 9.13699 4.14397	
5.46	13.5923 9.09041 4.16503	
5.47	13.5855 9.04806 4.18073	
5.48	13.5708 9.00592 4.20153	
5.49	13.5619 8.96538 4.21957	
5.5	13.5557 8.92537 4.24215	
5.51	13.5375 8.88385 4.26259	
5.52	13.5263 8.84868 4.27863	
5.53	13.5085 8.81027 4.29187	
5.54	13.4906 8.76986 4.3145	
5.55	13.4817 8.7283 4.33087	
5.56	13.4655 8.68214 4.35469	
5.57	13.4494 8.63443 4.37348	
5.58	13.4391 8.5892 4.39343	
5.59	13.4323 8.53955 4.41776	
5.6	13.4235 8.49187 4.43165	
5.61	13.4134 8.44209 4.45431	
5.62	13.3948 8.39501 4.47323	
5.63	13.3817 8.35601 4.49248	
5.64	13.3699 8.31534 4.50938	
5.65	13.3592 8.27525 4.51231	
5.66	13.3394 8.23653 4.52191	
5.67	13.3337 8.20608 4.53016	
5.68	13.3225 8.16176 4.53599	
5.69	13.3115 8.12197 4.53927	
5.7	13.301 8.07828 4.54648	
5.71	13.2893 8.03409 4.54979	
5.72	13.2797 7.98519 4.55874	
5.73	13.2619 7.93576 4.5689	
5.74	13.2502 7.88798 4.57894	
5.75	13.251 7.83121 4.59389	
5.76	13.2414 7.77723 4.62009	
5.77	13.2383 7.72578 4.64787	
5.78	13.2388 7.66947 4.67914	
5.79	13.2305 7.61581 4.70647	
5.8	13.2225 7.56085 4.7447	
5.81	13.2021 7.50449 4.77841	
5.82	13.1943 7.44758 4.81069	
5.83	13.1664 7.39469 4.84236	
5.84	13.1499 7.3368 4.87492	
5.85	13.1309 7.28686 4.89403	
5.86	13.1104 7.23649 4.91176	
5.87	13.0852 7.17933 4.93167	
5.88	13.0633 7.13447 4.95041	
5.89	13.0358 7.08399 4.97038	
5.9	12.9989 7.02653 4.99027	
5.91	12.9714 6.97035 5.01065	
5.92	12.9431 6.91958 5.03221	
5.93	12.9072 6.86259 5.05568	
5.94	12.8784 6.81138 5.07614	
5.95	12.8406 6.75807 5.08913	
5.96	12.8023 6.70113 5.10873	
5.97	12.7751 6.64596 5.11449	
5.98	12.7449 6.59067 5.11587	
5.99	12.7247 6.53368 5.10719	
6	12.6952 6.48321 5.08733	
6.01	12.6631 6.44106 5.05955	
6.02	12.6301 6.40647 5.02024	
6.03	12.5899 6.37178 4.98263	
6.04	12.5383 6.34868 4.93381	
6.05	12.4886 6.32064 4.88713	
6.06	12.4371 6.29519 4.84665	
6.07	12.3771 6.26877 4.80892	
6.08	12.3251 6.24732 4.7804	
6.09	12.2733 6.22055 4.75619	
6.1	12.223 6.19238 4.74339	
6.11	12.1621 6.16885 4.73508	
6.12	12.1068 6.14967 4.73442	
6.13	12.044 6.12957 4.73386	
6.14	11.9721 6.11312 4.72995	
6.15	11.901 6.10709 4.72945	
6.16	11.8287 6.1011 4.72485	
6.17	11.7576 6.09432 4.71907	
6.18	11.6763 6.08843 4.71816	
6.19	11.5954 6.08253 4.71359	
6.2	11.5139 6.07726 4.71271	
6.21	11.4514 6.0765 4.70395	
6.22	11.3782 6.07666 4.6999	
6.23	11.3166 6.08162 4.69332	
6.24	11.252 6.09232 4.68456	
6.25	11.1972 6.10184 4.67318	
6.26	11.1495 6.12131 4.65285	
6.27	11.1048 6.13535 4.63472	
6.28	11.0768 6.15348 4.60799	
6.29	11.0493 6.16737 4.58463	
6.3	11.0375 6.18241 4.56126	
6.31	11.0272 6.19288 4.54108	
6.32	11.0265 6.21038 4.5286	
6.33	11.0173 6.22426 4.5041	
6.34	11.0156 6.23965 4.48105	
6.35	11.0066 6.25204 4.45407	
6.36	10.9883 6.26351 4.43965	
6.37	10.9775 6.27807 4.41891	
6.38	10.959 6.29241 4.39874	
6.39	10.9317 6.30308 4.38662	
6.4	10.9058 6.32249 4.36875	
6.41	10.8771 6.34762 4.34894	
6.42	10.8407 6.38476 4.31864	
6.43	10.7949 6.42649 4.28563	
6.44	10.7305 6.46871 4.25354	
6.45	10.6502 6.51453 4.21774	
6.46	10.5697 6.55742 4.19009	
6.47	10.4826 6.60367 4.15454	
6.48	10.3849 6.65194 4.12437	
6.49	10.287 6.69873 4.08733	
6.5	10.198 6.74136 4.05635	
6.51	10.1076 6.77965 4.02409	
6.52	10.027 6.814 3.99887	
6.53	9.95349 6.84929 3.97107	
6.54	9.89135 6.87831 3.94397	
6.55	9.83593 6.90538 3.92347	
6.56	9.79005 6.93152 3.90174	
6.57	9.75358 6.95202 3.88158	
6.58	9.71673 6.97711 3.85835	
6.59	9.68959 7.00276 3.83655	
6.6	9.66156 7.03924 3.81465	
6.61	9.63248 7.08033 3.78614	
6.62	9.60659 7.11499 3.75839	
6.63	9.57167 7.15806 3.73997	
6.64	9.53874 7.20469 3.71397	
6.65	9.50421 7.25082 3.68663	
6.66	9.46359 7.30665 3.65424	
6.67	9.42178 7.35782 3.6208	
6.68	9.38038 7.4144 3.58901	
6.69	9.33792 7.48292 3.55861	
6.7	9.28949 7.55624 3.52205	
6.71	9.24958 7.63567 3.48868	
6.72	9.19388 7.71803 3.44513	
6.73	9.15286 7.78558 3.40597	
6.74	9.10566 7.86087 3.35823	
6.75	9.05765 7.93759 3.31236	
6.76	9.00948 8.00972 3.2692	
6.77	8.9553 8.07606 3.22655	
6.78	8.90097 8.1426 3.18394	
6.79	8.83743 8.21778 3.14343	
6.8	8.7658 8.28389 3.10776	
6.81	8.69578 8.34528 3.07472	
6.82	8.60938 8.39934 3.04802	
6.83	8.5152 8.43418 3.0301	
6.84	8.42619 8.45483 3.02014	
6.85	8.32485 8.47604 3.00884	
6.86	8.22602 8.48434 3.007	
6.87	8.11969 8.49388 3.00518	
6.88	8.0045 8.50577 3.00464	
6.89	7.90444 8.51657 3.00412	
6.9	7.79656 8.52385 3.00604	
6.91	7.70263 8.53485 3.00562	
6.92	7.61387 8.53632 3.01112	
6.93	7.54344 8.52899 3.01619	
6.94	7.49738 8.51954 3.02268	
6.95	7.45867 8.50985 3.03027	
6.96	7.43934 8.4969 3.03654	
6.97	7.42734 8.48901 3.04218	
6.98	7.42358 8.47416 3.04883	
6.99	7.42041 8.46196 3.04279	
7	7.41928 8.44446 3.03878	
7.01	7.41289 8.41958 3.04617	
7.02	7.41181 8.4025 3.04627	
7.03	7.40932 8.38245 3.05153	
7.04	7.40498 8.36163 3.05546	
7.05	7.40233 8.34043 3.05548	
7.06	7.39938 8.32061 3.06456	
7.07	7.39844 8.30441 3.06601	
7.08	7.39419 8.28257 3.06493	
7.09	7.39404 8.27215 3.06529	
7.1	7.39262 8.26005 3.05952	
7.11	7.39078 8.25748 3.04486	
7.12	7.39126 8.25176 3.02219	
7.13	7.39633 8.24104 2.9994	
7.14	7.39583 8.23727 2.97936	
7.15	7.40286 8.23165 2.9581	
7.16	7.40959 8.22381 2.92618	
7.17	7.42536 8.21405 2.89299	
7.18	7.43089 8.20815 2.86353	
7.19	7.44587 8.2036 2.828	
7.2	7.45431 8.19705 2.80131	
7.21	7.46126 8.19067 2.77465	
7.22	7.46797 8.18058 2.75583	
7.23	7.47335 8.17346 2.74877	
7.24	7.47919 8.15841 2.73211	
7.25	7.48719 8.1484 2.71718	
7.26	7.49303 8.13129 2.71083	
7.27	7.49966 8.11243 2.70579	
7.28	7.50519 8.09464 2.70221	
7.29	7.5121 8.07592 2.69737	
7.3	7.51765 8.05798 2.68969	
7.31	7.51589 8.04433 2.67721	
7.32	7.52882 8.02064 2.67211	
7.33	7.52631 8.00287 2.66308	
7.34	7.53144 7.97944 2.65681	
7.35	7.54558 7.95481 2.65036	
7.36	7.55088 7.93228 2.64536	
7.37	7.55633 7.91289 2.63537	
7.38	7.56391 7.8882 2.62343	
7.39	7.56346 7.87071 2.61481	
7.4	7.56054 7.84745 2.60317	
7.41	7.56682 7.82218 2.58616	
7.42	7.56442 7.80091 2.5813	
7.43	7.56999 7.77183 2.58033	
7.44	7.57484 7.74483 2.58218	
7.45	7.57183 7.72058 2.59463	
7.46	7.5783 7.69609 2.60829	
7.47	7.58404 7.67584 2.61849	
7.48	7.58954 7.6555 2.62856	
7.49	7.58877 7.63691 2.63982	
7.5	7.58777 7.61656 2.64455	
7.51	7.58506 7.59255 2.65742	
7.52	7.58197 7.56922 2.6712	
7.53	7.58086 7.54601 2.68532	
7.54	7.57584 7.51726 2.69661	
7.55	7.57262 7.47871 2.71308	
7.56	7.575 7.44428 2.72713	
7.57	7.57217 7.40686 2.74517	
7.58	7.56704 7.36477 2.76584	
7.59	7.57156 7.32087 2.7856	
7.6	7.56977 7.28337 2.80785	
7.61	7.56721 7.25002 2.82236	
7.62	7.57296 7.21751 2.83933	
7.63	7.56989 7.19013 2.85269	
7.64	7.56975 7.16614 2.86183	
7.65	7.57509 7.14246 2.87662	
7.66	7.57398 7.1311 2.8885	
7.67	7.58198 7.11673 2.89366	
7.68	7.58278 7.10047 2.89511	
7.69	7.58155 7.09019 2.89104	
7.7	7.58844 7.07893 2.88698	
7.71	7.5869 7.0641 2.88584	
7.72	7.59313 7.0578 2.87923	
7.73	7.59441 7.04542 2.87261	
7.74	7.59376 7.0399 2.86581	
7.75	7.59323 7.03559 2.84315	
7.76	7.60109 7.02159 2.827	
7.77	7.59825 7.00835 2.80165	
7.78	7.59766 6.99291 2.77357	
7.79	7.60394 6.97611 2.7361	
7.8	7.60976 6.95332 2.69079	
7.81	7.61446 6.92498 2.64675	
7.82	7.61994 6.89889 2.60539	
7.83	7.62556 6.87801 2.57051	
7.84	7.63017 6.84422 2.54978	
7.85	7.64393 6.80835 2.52759	
7.86	7.65723 6.77683 2.52433	
7.87	7.66346 6.74519 2.51978	
7.88	7.66944 6.71327 2.51937	
7.89	7.67425 6.68191 2.51497	
7.9	7.66994 6.65727 2.50893	
7.91	7.67715 6.6336 2.49229	
7.92	7.67505 6.61713 2.4792	
7.93	7.67306 6.59886 2.46506	
7.94	7.67139 6.58697 2.47037	
7.95	7.66933 6.56915 2.44754	
7.96	7.6678 6.54752 2.4689	
7.97	7.66145 6.51386 2.44173	
7.98	7.66762 6.47248 2.47542	
7.99	7.66077 6.40961 2.46215	
8	7.65236 6.34508 2.47002	
8.01	7.65389 6.26837 2.47335	
8.02	7.65345 6.18737 2.4731	
8.03	7.66327 6.10946 2.47819	
8.04	7.66544 6.04221 2.47454	
8.05	7.66029 5.97848 2.49278	
8.06	7.66468 5.95153 2.4869	
8.07	7.66088 5.8716 2.52144	
8.08	7.67245 5.83098 2.53453	
8.09	7.66901 5.75773 2.56436	
8.1	7.66121 5.71274 2.59919	
8.11	7.66185 5.67586 2.61861	
8.12	7.67693 5.64128 2.65108	
8.13	7.67108 5.62469 2.66901	
8.14	7.67427 5.62636 2.66138	
8.15	7.68274 5.61983 2.66162	
8.16	7.68142 5.61003 2.67172	
8.17	7.69832 5.58852 2.68469	
8.18	7.70493 5.55932 2.71205	
8.19	7.7075 5.51447 2.72423	
8.2	7.70776 5.43915 2.74095	
8.21	7.72063 5.3753 2.75926	
8.22	7.72834 5.30516 2.76386	
8.23	7.73925 5.2267 2.78441	
8.24	7.74359 5.17464 2.80104	
8.25	7.74449 5.10893 2.84121	
8.26	7.75052 5.07166 2.84017	
8.27	7.76141 4.94141 2.89568	
8.28	7.80701 4.81388 2.95102	
8.29	7.86214 4.69473 3.00459	
8.3	7.93473 4.59051 3.08296	
8.31	8.032 4.47263 3.14619	
8.32	8.13302 4.37362 3.21794	
8.33	8.25412 4.2749 3.27114	
8.34	8.39452 4.16429 3.3044	
8.35	8.56705 4.04894 3.31125	
8.36	8.72136 3.94549 3.29425	
8.37	8.85936 3.8627 3.2654	
8.38	8.97788 3.78939 3.21758	
8.39	9.07016 3.76116 3.23687	
8.4	9.12162 3.76709 3.24401	
8.41	9.13465 3.76741 3.25201	
8.42	9.13885 3.76749 3.25978	
8.43	9.15902 3.75987 3.27556	
8.44	9.19819 3.75765 3.28224	
8.45	9.26518 3.75686 3.27805	
8.46	9.3813 3.76198 3.27148	
8.47	9.52997 3.77456 3.25236	
8.48	9.68548 3.7981 3.22573	
8.49	9.82341 3.84207 3.18067	
8.5	9.95278 3.89958 3.11799	
8.51	10.0079 3.976 3.02888	
8.52	10.0398 4.08506 2.90176	
8.53	10.0379 4.22685 2.74542	
8.54	10.0439 4.38494 2.57411	
8.55	10.0495 4.54207 2.40093	
8.56	10.0597 4.696 2.24177	
8.57	10.1128 4.83638 2.10763	
8.58	10.1774 4.85451 2.06584	
8.59	10.2165 4.97032 1.92	
8.6	10.3111 5.05111 1.80296	
8.61	10.3522 5.229 1.62876	
8.62	10.4084 5.32771 1.52974	
8.63	10.3227 5.86074 1.09896	
8.64	10.235 6.44607 0.687316	
8.65	10.1255 6.99829 0.331283	
8.66	10.09 7.44281 0.0664737	
8.67	10.1022 7.82168 -0.197265	
8.68	10.1014 8.31409 -0.435225	
8.69	10.07 8.72178 -0.610375	
8.7	10.0567 9.39159 -0.865613	
8.71	9.99296 9.92732 -1.04224	
8.72	9.96191 10.5656 -1.21818	
8.73	9.94052 11.4612 -1.40786	
8.74	9.90409 12.4066 -1.53116	
8.75	9.90319 13.3686 -1.55878	
8.76	9.89215 14.0195 -1.52203	
8.77	9.86943 14.5819 -1.46354	
8.78	9.87564 15.0078 -1.36798	
8.79	9.89328 15.3528 -1.0586	
8.8	9.90254 15.5377 -0.427923	
8.81	9.90111 15.7109 0.401682	
8.82	9.94103 15.914 0.916055	
8.83	9.96602 16.3763 1.55925	
8.84	9.98206 16.4993 1.56225	
8.85	10.0921 17.1497 1.83147	
8.86	10.1289 17.3208 2.11609	
8.87	10.166 17.336 2.65289	
8.88	10.1599 17.3722 2.95471	
8.89	10.1539 17.5092 3.09467	
8.9	10.1379 17.7759 3.28618	
8.91	10.1095 18.1425 3.55539	
8.92	10.0685 18.7868 3.7233	
8.93	9.93223 19.5122 3.33815	
8.94	9.81195 19.775 3.35891	
8.95	9.83311 19.9229 3.14465	
8.96	9.82656 19.9206 3.13874	
8.97	9.81871 19.9155 3.12446	
8.98	9.81608 19.9165 3.12865	
8.99	9.81897 19.9182 3.13255	
9	9.82007 19.9185 3.13254	
9.01	9.82081 19.919 3.13361	
9.02	9.81925 19.9182 3.13174	
9.03	9.81913 19.9182 3.13162	
9.04	9.81549 19.9196 3.13839	
9.05	9.81305 19.9199 3.141	
9.06	9.813 19.9203 3.14238	
9.07	9.81297 19.9203 3.14235	
9.08	9.81175 19.9204 3.14366	
9.09	9.81174 19.92 3.14222	
9.1	9.81269 19.9202 3.14208	
9.11	9.81171 19.9204 3.14362	
9.12	9.81267 19.9206 3.14349	
9.13	9.8117 19.92 3.14218	
9.14	9.8117 19.92 3.14218	
9.15	9.81289 19.9203 3.14227	
9.16	9.8117 19.92 3.14218	
9.17	9.81267 19.9202 3.14206	
9.18	9.81149 19.9199 3.14197	
9.19	9.81073 19.9203 3.14373	
9.2	9.81267 19.9202 3.14206	
9.21	9.81267 19.9202 3.14206	
9.22	9.8117 19.9204 3.14361	
