# Gnuplot File : positions of 1 particle(s) Monitored
# 1st Column : time, others : particle(s) number 0 
0.01	10.2459 19.8511 2.98241	
0.02	10.2449 19.852 2.98359	
0.03	10.2449 19.8513 2.98177	
0.04	10.2449 19.8518 2.98296	
0.05	10.2449 19.852 2.98315	
0.06	10.2449 19.8514 2.98174	
0.07	10.2449 19.8514 2.98168	
0.08	10.2449 19.8514 2.98164	
0.09	10.2449 19.8518 2.98266	
0.1	10.2449 19.8514 2.98159	
0.11	10.2449 19.8513 2.98128	
0.12	10.2439 19.8521 2.98272	
0.13	10.2449 19.852 2.98289	
0.14	10.2449 19.852 2.98288	
0.15	10.2449 19.8514 2.98154	
0.16	10.2449 19.852 2.98288	
0.17	10.2449 19.852 2.98288	
0.18	10.2449 19.8518 2.98259	
0.19	10.2449 19.852 2.98288	
0.2	10.2449 19.852 2.98288	
0.21	10.2449 19.8514 2.98154	
0.22	10.2449 19.8514 2.98154	
0.23	10.2449 19.8514 2.98154	
0.24	10.2449 19.8514 2.98154	
0.25	10.2449 19.852 2.98288	
0.26	10.2449 19.8514 2.98154	
0.27	10.2449 19.852 2.98288	
0.28	10.2449 19.8514 2.98154	
0.29	10.2449 19.8514 2.98154	
0.3	10.2449 19.8514 2.98154	
0.31	10.2449 19.8514 2.98154	
0.32	10.2449 19.8514 2.98154	
0.33	10.2449 19.852 2.98288	
0.34	10.2449 19.8513 2.98125	
0.35	10.2449 19.8514 2.98154	
0.36	10.2449 19.852 2.98288	
0.37	10.2449 19.8513 2.98125	
0.38	10.2449 19.8514 2.98154	
0.39	10.2449 19.852 2.98288	
0.4	10.2449 19.8514 2.98154	
0.41	10.2449 19.8513 2.98125	
0.42	10.2449 19.8514 2.98154	
0.43	10.2449 19.8518 2.98259	
0.44	10.2449 19.8514 2.98154	
0.45	10.249 19.8502 2.98109	
0.46	10.249 19.8506 2.98196	
0.47	10.25 19.8504 2.98213	
0.48	10.2501 19.8468 2.974	
0.49	10.2491 19.8469 2.97383	
0.5	10.2491 19.8474 2.97487	
0.51	10.249 19.8449 2.96948	
0.52	10.2489 19.8445 2.96848	
0.53	10.249 19.8442 2.96774	
0.54	10.249 19.8444 2.96832	
0.55	10.251 19.8441 2.96867	
0.56	10.249 19.8441 2.96757	
0.57	10.25 19.8438 2.96746	
0.58	10.249 19.8444 2.96832	
0.59	10.2476 19.8364 2.95066	
0.6	10.2398 19.5764 3.03022	
0.61	10.168 19.1823 3.16056	
0.62	10.1341 18.8284 3.17634	
0.63	10.1762 18.6302 3.16483	
0.64	10.2105 18.6365 3.17447	
0.65	10.184 18.3787 3.19681	
0.66	10.1876 17.7973 3.17323	
0.67	10.1912 17.7225 3.1813	
0.68	10.1926 18.0009 3.25798	
0.69	10.2249 18.1118 3.29843	
0.7	10.2194 17.9996 3.26016	
0.71	10.2208 17.861 3.21729	
0.72	10.1982 17.8668 3.20197	
0.73	10.1963 17.8661 3.20594	
0.74	10.2418 17.8428 3.21824	
0.75	10.2474 17.926 3.21088	
0.76	10.2658 18.0217 3.20891	
0.77	10.4196 18.2039 3.28693	
0.78	10.4135 18.2514 3.27258	
0.79	10.4012 18.2775 3.2425	
0.8	10.365 18.3809 3.27952	
0.81	10.1569 18.2909 3.18073	
0.82	10.2084 18.2556 3.16952	
0.83	10.2722 18.2753 3.18922	
0.84	10.3191 18.2702 3.21566	
0.85	10.2682 18.2481 3.24565	
0.86	10.1747 18.1794 3.23777	
0.87	10.1692 18.1222 3.23117	
0.88	10.1964 18.09 3.24237	
0.89	10.2224 18.0472 3.27437	
0.9	10.2609 17.9883 3.29917	
0.91	10.3731 17.9242 3.32949	
0.92	10.5834 17.8818 3.41008	
0.93	10.7717 17.8568 3.57204	
0.94	10.8653 17.7849 3.72002	
0.95	10.9381 17.6921 3.81282	
0.96	11.0369 17.6266 3.86604	
0.97	11.157 17.6344 3.89054	
0.98	11.2886 17.6794 3.89999	
0.99	11.434 17.7152 3.90513	
1	11.5483 17.7316 3.90526	
1.01	11.7153 17.755 3.90434	
1.02	11.9153 17.7644 3.89953	
1.03	12.1197 17.7605 3.88962	
1.04	12.3132 17.7407 3.87623	
1.05	12.5028 17.6942 3.8573	
1.06	12.6706 17.6471 3.8393	
1.07	12.8557 17.5956 3.82097	
1.08	13.0486 17.5448 3.8061	
1.09	13.1323 17.5001 3.7961	
1.1	13.1547 17.4529 3.79029	
1.11	13.184 17.3993 3.77889	
1.12	13.2117 17.3306 3.7759	
1.13	13.2196 17.2559 3.7872	
1.14	13.1949 17.1577 3.80777	
1.15	13.1643 17.0655 3.81613	
1.16	13.1737 16.9865 3.813	
1.17	13.1927 16.9118 3.80438	
1.18	13.2158 16.8214 3.80775	
1.19	13.2331 16.7364 3.82813	
1.2	13.2598 16.6338 3.853	
1.21	13.285 16.5372 3.88078	
1.22	13.3033 16.4548 3.92178	
1.23	13.2867 16.354 3.96811	
1.24	13.2641 16.2106 4.0094	
1.25	13.2699 16.0808 4.06144	
1.26	13.2783 15.9439 4.1117	
1.27	13.2362 15.7885 4.16579	
1.28	13.1202 15.6051 4.19908	
1.29	12.9889 15.4085 4.20588	
1.3	12.9018 15.2299 4.21462	
1.31	12.802 15.0185 4.23074	
1.32	12.685 14.8536 4.24333	
1.33	12.5702 14.7084 4.25582	
1.34	12.5008 14.5712 4.27303	
1.35	12.4816 14.4691 4.29925	
1.36	12.4825 14.3627 4.31277	
1.37	12.4902 14.2625 4.32754	
1.38	12.5062 14.1517 4.34328	
1.39	12.5203 14.0522 4.35946	
1.4	12.5498 13.9659 4.37402	
1.41	12.5711 13.9059 4.38727	
1.42	12.5737 13.8586 4.39807	
1.43	12.5635 13.8301 4.40557	
1.44	12.5434 13.8184 4.41411	
1.45	12.5421 13.8191 4.42698	
1.46	12.5435 13.8194 4.4284	
1.47	12.5435 13.8193 4.42811	
1.48	12.522 13.8159 4.42972	
1.49	12.4685 13.8055 4.42943	
1.5	12.4296 13.7994 4.43067	
1.51	12.4014 13.7947 4.43058	
1.52	12.3531 13.7866 4.43191	
1.53	12.2859 13.7752 4.43041	
1.54	12.2159 13.7649 4.42873	
1.55	12.1497 13.7568 4.42858	
1.56	12.0868 13.7455 4.42951	
1.57	12.0099 13.7362 4.42909	
1.58	11.922 13.7258 4.42867	
1.59	11.812 13.7184 4.42778	
1.6	11.7088 13.7105 4.43074	
1.61	11.6346 13.7153 4.42931	
1.62	11.5505 13.7391 4.43514	
1.63	11.4562 13.7604 4.43717	
1.64	11.34 13.7723 4.43398	
1.65	11.2007 13.77 4.43796	
1.66	11.0739 13.7664 4.44737	
1.67	10.9174 13.7604 4.45176	
1.68	10.7473 13.7595 4.45069	
1.69	10.5797 13.767 4.44912	
1.7	10.4434 13.7769 4.44909	
1.71	10.3408 13.7958 4.4523	
1.72	10.2801 13.8193 4.46419	
1.73	10.2264 13.827 4.46716	
1.74	10.178 13.8326 4.46523	
1.75	10.1418 13.8387 4.46469	
1.76	10.1108 13.8394 4.46454	
1.77	10.0812 13.8342 4.46485	
1.78	10.0341 13.8239 4.46552	
1.79	9.9693 13.8084 4.46657	
1.8	9.89392 13.8045 4.46681	
1.81	9.83468 13.8047 4.46335	
1.82	9.77688 13.8063 4.46294	
1.83	9.71375 13.8084 4.46281	
1.84	9.6334 13.8171 4.46224	
1.85	9.53833 13.8233 4.46702	
1.86	9.42969 13.8289 4.46683	
1.87	9.33039 13.8353 4.4669	
1.88	9.23112 13.8421 4.4664	
1.89	9.13584 13.8493 4.46513	
1.9	9.00739 13.8625 4.46978	
1.91	8.90497 13.8662 4.46863	
1.92	8.81541 13.8777 4.47334	
1.93	8.71646 13.8883 4.47347	
1.94	8.63366 13.8864 4.47418	
1.95	8.56459 13.8892 4.47415	
1.96	8.51428 13.8894 4.47313	
1.97	8.48205 13.8938 4.47335	
1.98	8.45052 13.8923 4.47371	
1.99	8.41367 13.8808 4.47626	
2	8.36533 13.8646 4.47795	
2.01	8.32999 13.8363 4.48157	
2.02	8.30816 13.817 4.48364	
2.03	8.30519 13.7956 4.4868	
2.04	8.28973 13.7729 4.48376	
2.05	8.26195 13.7407 4.48173	
2.06	8.22679 13.7062 4.48487	
2.07	8.19231 13.6781 4.48922	
2.08	8.15627 13.6499 4.4926	
2.09	8.1354 13.6309 4.49575	
2.1	8.10263 13.5972 4.50118	
2.11	8.04029 13.5454 4.50868	
2.12	7.9894 13.4985 4.51716	
2.13	7.96144 13.4562 4.53014	
2.14	7.92633 13.3958 4.54034	
2.15	7.89334 13.3413 4.55151	
2.16	7.83506 13.2817 4.56819	
2.17	7.78921 13.2398 4.58841	
2.18	7.77236 13.2091 4.61669	
2.19	7.75283 13.1799 4.63532	
2.2	7.74202 13.1505 4.66876	
2.21	7.71285 13.116 4.70951	
2.22	7.68646 13.0733 4.75881	
2.23	7.66801 13.0437 4.80071	
2.24	7.6528 12.9987 4.84887	
2.25	7.62999 12.9613 4.89745	
2.26	7.58797 12.9073 4.96561	
2.27	7.55214 12.8659 5.03487	
2.28	7.52853 12.8399 5.09264	
2.29	7.52568 12.8337 5.11979	
2.3	7.52153 12.8157 5.14138	
2.31	7.51339 12.8109 5.18327	
2.32	7.50194 12.7826 5.19067	
2.33	7.50013 12.7718 5.21542	
2.34	7.49658 12.7518 5.24489	
2.35	7.49531 12.7376 5.2617	
2.36	7.48986 12.7164 5.28616	
2.37	7.4868 12.7028 5.3122	
2.38	7.47361 12.6803 5.32762	
2.39	7.4747 12.6677 5.37162	
2.4	7.4802 12.6645 5.39447	
2.41	7.4788 12.6578 5.41719	
2.42	7.47973 12.6664 5.45693	
2.43	7.48245 12.6699 5.48659	
2.44	7.48186 12.6778 5.50079	
2.45	7.48212 12.6817 5.49837	
2.46	7.47383 12.6884 5.51145	
2.47	7.45814 12.6806 5.50865	
2.48	7.44771 12.6874 5.51053	
2.49	7.44021 12.685 5.51319	
2.5	7.44046 12.6866 5.51567	
2.51	7.44057 12.6877 5.51987	
2.52	7.42833 12.6887 5.51701	
2.53	7.40853 12.6864 5.51991	
2.54	7.40842 12.6876 5.52106	
2.55	7.40826 12.6871 5.52037	
2.56	7.4064 12.6857 5.51812	
2.57	7.40044 12.685 5.51627	
2.58	7.39459 12.6853 5.51693	
2.59	7.38758 12.6874 5.51998	
2.6	7.38743 12.6865 5.51865	
2.61	7.39273 12.691 5.51723	
2.62	7.38894 12.7009 5.51416	
2.63	7.38719 12.7165 5.52167	
2.64	7.38119 12.7436 5.50825	
2.65	7.37671 12.775 5.51169	
2.66	7.36888 12.8158 5.46861	
2.67	7.35855 12.8517 5.45496	
2.68	7.33924 12.8772 5.44971	
2.69	7.30164 12.8905 5.44302	
2.7	7.27897 12.9009 5.43812	
2.71	7.25692 12.908 5.43642	
2.72	7.23345 12.9162 5.43391	
2.73	7.20438 12.926 5.43274	
2.74	7.17634 12.9398 5.42871	
2.75	7.16714 12.9572 5.41851	
2.76	7.16835 12.9667 5.41017	
2.77	7.16671 12.9647 5.40848	
2.78	7.15985 12.9633 5.41003	
2.79	7.13842 12.9481 5.41561	
2.8	7.12718 12.9447 5.41688	
2.81	7.12451 12.9337 5.41439	
2.82	7.12348 12.9332 5.40621	
2.83	7.12154 12.931 5.40107	
2.84	7.12411 12.937 5.40044	
2.85	7.10536 12.9368 5.39673	
2.86	7.08135 12.9362 5.398	
2.87	7.05958 12.9175 5.39986	
2.88	7.03637 12.9073 5.41767	
2.89	7.01664 12.8806 5.43437	
2.9	6.99077 12.8517 5.466	
2.91	6.97516 12.8358 5.48607	
2.92	6.97474 12.836 5.48718	
2.93	6.98723 12.8378 5.48595	
2.94	6.99527 12.8519 5.48796	
2.95	6.99493 12.8546 5.49023	
2.96	6.98863 12.8487 5.49101	
2.97	6.97964 12.8358 5.49564	
2.98	6.97313 12.833 5.49799	
2.99	6.98011 12.8289 5.49285	
3	6.97832 12.8268 5.48806	
3.01	6.97649 12.8244 5.48332	
3.02	6.97615 12.8225 5.47985	
3.03	6.9742 12.8197 5.47397	
3.04	6.97561 12.8124 5.47219	
3.05	6.98319 12.7934 5.46151	
3.06	6.98652 12.7741 5.44031	
3.07	6.98574 12.7452 5.42957	
3.08	6.97972 12.7176 5.41675	
3.09	6.97403 12.7044 5.42481	
3.1	6.96969 12.6819 5.4215	
3.11	6.96177 12.6633 5.41336	
3.12	6.95856 12.644 5.44134	
3.13	6.96327 12.6241 5.43225	
3.14	6.9675 12.5906 5.39499	
3.15	6.95773 12.5552 5.33756	
3.16	6.95662 12.5349 5.30899	
3.17	6.96728 12.5186 5.30163	
3.18	6.98596 12.4975 5.27259	
3.19	6.99511 12.4828 5.24679	
3.2	6.98996 12.4732 5.23057	
3.21	6.98756 12.4554 5.1856	
3.22	6.98181 12.4187 5.11771	
3.23	6.98245 12.3883 5.06235	
3.24	6.98264 12.3475 5.02894	
3.25	6.98686 12.2951 4.99964	
3.26	6.99293 12.25 4.95888	
3.27	6.99503 12.1812 4.96824	
3.28	7.00088 12.1336 4.96548	
3.29	7.0193 12.0663 4.97596	
3.3	7.01881 12.0154 4.9828	
3.31	7.00755 11.9426 4.9854	
3.32	6.99716 11.8683 4.98885	
3.33	6.98842 11.7896 4.99795	
3.34	6.97467 11.7024 5.01769	
3.35	6.9764 11.6366 5.01105	
3.36	6.976 11.5895 5.02589	
3.37	6.98456 11.5642 5.03713	
3.38	7.01329 11.5524 5.0494	
3.39	7.03576 11.5336 5.05279	
3.4	7.04457 11.4813 5.06163	
3.41	7.05575 11.4078 5.07956	
3.42	7.05731 11.3079 5.08931	
3.43	7.07735 11.1981 5.09799	
3.44	7.10918 11.0841 5.10203	
3.45	7.14882 10.9634 5.1198	
3.46	7.18117 10.8344 5.14225	
3.47	7.22997 10.6769 5.16118	
3.48	7.29549 10.5101 5.16509	
3.49	7.36801 10.3324 5.1464	
3.5	7.44543 10.1282 5.09405	
3.51	7.51363 9.97924 5.05078	
3.52	7.57254 9.85509 5.00377	
3.53	7.64838 9.75356 4.97105	
3.54	7.73099 9.67333 4.96093	
3.55	7.79269 9.60477 4.97113	
3.56	7.86347 9.54713 4.98032	
3.57	7.95111 9.49349 4.98976	
3.58	8.02928 9.44296 5.00303	
3.59	8.14069 9.41352 5.01811	
3.6	8.26945 9.38071 5.02799	
3.61	8.38579 9.3666 5.03562	
3.62	8.48809 9.35688 5.0351	
3.63	8.59077 9.35191 5.03089	
3.64	8.66945 9.35596 5.02823	
3.65	8.77147 9.36357 5.02355	
3.66	8.85291 9.36743 5.02003	
3.67	8.92365 9.3657 5.01391	
3.68	8.98916 9.37122 5.01038	
3.69	9.04572 9.37351 4.99671	
3.7	9.10969 9.38049 4.9807	
3.71	9.18187 9.38007 4.96181	
3.72	9.26017 9.38878 4.9506	
3.73	9.36425 9.39452 4.93523	
3.74	9.45774 9.39237 4.91137	
3.75	9.54965 9.38794 4.89454	
3.76	9.6662 9.38808 4.87588	
3.77	9.77257 9.38757 4.85195	
3.78	9.87461 9.38331 4.81813	
3.79	9.9751 9.37233 4.77983	
3.8	10.0613 9.35556 4.73981	
3.81	10.162 9.34509 4.71473	
3.82	10.2686 9.34146 4.70507	
3.83	10.3894 9.35267 4.70151	
3.84	10.513 9.36982 4.68267	
3.85	10.6132 9.39278 4.66275	
3.86	10.6976 9.40724 4.63487	
3.87	10.7751 9.40983 4.60594	
3.88	10.8423 9.41801 4.59069	
3.89	10.915 9.42632 4.58635	
3.9	10.9593 9.44034 4.5949	
3.91	11.011 9.44647 4.59648	
3.92	11.0436 9.47047 4.59647	
3.93	11.0757 9.47242 4.58447	
3.94	11.0995 9.48071 4.58128	
3.95	11.1629 9.49381 4.57166	
3.96	11.2095 9.50148 4.56787	
3.97	11.2776 9.51346 4.56022	
3.98	11.3189 9.51526 4.55781	
3.99	11.3681 9.52101 4.5552	
4	11.431 9.51972 4.5483	
4.01	11.492 9.52995 4.54832	
4.02	11.5618 9.53574 4.5442	
4.03	11.6376 9.53815 4.5414	
4.04	11.7275 9.54275 4.53849	
4.05	11.8135 9.54241 4.53912	
4.06	11.881 9.54211 4.5396	
4.07	11.9505 9.53607 4.53932	
4.08	12.0354 9.51974 4.53696	
4.09	12.1203 9.50643 4.54112	
4.1	12.2141 9.49243 4.54044	
4.11	12.2998 9.47501 4.54647	
4.12	12.3722 9.44983 4.53563	
4.13	12.454 9.42027 4.50973	
4.14	12.5202 9.38999 4.48497	
4.15	12.5797 9.35673 4.45409	
4.16	12.6249 9.32241 4.42484	
4.17	12.6493 9.27962 4.39668	
4.18	12.6569 9.23182 4.35782	
4.19	12.6578 9.17847 4.32167	
4.2	12.6582 9.12852 4.2953	
4.21	12.6567 9.08269 4.29701	
4.22	12.6618 9.04193 4.31018	
4.23	12.6675 9.0084 4.3283	
4.24	12.6719 8.97453 4.34496	
4.25	12.6828 8.94737 4.36082	
4.26	12.687 8.91425 4.37897	
4.27	12.6913 8.88117 4.39721	
4.28	12.6961 8.84312 4.41752	
4.29	12.7009 8.8054 4.43852	
4.3	12.7064 8.76274 4.46165	
4.31	12.7126 8.72529 4.4839	
4.32	12.7179 8.68345 4.50863	
4.33	12.7241 8.64564 4.53012	
4.34	12.7288 8.60881 4.55279	
4.35	12.7346 8.56289 4.58134	
4.36	12.742 8.51646 4.6096	
4.37	12.7484 8.4661 4.64123	
4.38	12.7568 8.4107 4.67549	
4.39	12.7645 8.35014 4.70894	
4.4	12.7742 8.27399 4.72804	
4.41	12.7846 8.19161 4.7446	
4.42	12.7967 8.1068 4.75313	
4.43	12.8079 8.01759 4.76185	
4.44	12.8208 7.92639 4.76483	
4.45	12.8349 7.82534 4.75146	
4.46	12.8478 7.72341 4.71602	
4.47	12.8602 7.62555 4.67301	
4.48	12.8743 7.52489 4.61877	
4.49	12.885 7.43957 4.57572	
4.5	12.8959 7.35323 4.52656	
4.51	12.9084 7.26503 4.48725	
4.52	12.8972 7.16845 4.44604	
4.53	12.8864 7.06617 4.41817	
4.54	12.8672 6.96258 4.40847	
4.55	12.8356 6.87783 4.41272	
4.56	12.8106 6.80563 4.42103	
4.57	12.7925 6.74337 4.44333	
4.58	12.779 6.71261 4.46685	
4.59	12.7657 6.69165 4.4901	
4.6	12.7472 6.69191 4.49514	
4.61	12.7387 6.69191 4.49782	
4.62	12.7036 6.69262 4.49586	
4.63	12.6549 6.68959 4.49186	
4.64	12.5773 6.68218 4.49787	
4.65	12.4718 6.67498 4.49334	
4.66	12.3576 6.67197 4.48645	
4.67	12.2417 6.67413 4.47601	
4.68	12.1337 6.68232 4.46296	
4.69	12.0256 6.69416 4.44143	
4.7	11.928 6.69828 4.42614	
4.71	11.8224 6.69877 4.41883	
4.72	11.7257 6.692 4.41831	
4.73	11.6373 6.6861 4.41722	
4.74	11.5503 6.68021 4.41612	
4.75	11.4701 6.67564 4.41506	
4.76	11.3913 6.67112 4.41428	
4.77	11.304 6.6709 4.41086	
4.78	11.1986 6.67343 4.39868	
4.79	11.0837 6.67186 4.3892	
4.8	10.9591 6.67089 4.37981	
4.81	10.8512 6.66775 4.3778	
4.82	10.735 6.66518 4.37672	
4.83	10.645 6.66819 4.37297	
4.84	10.5412 6.6795 4.36385	
4.85	10.4112 6.69065 4.35349	
4.86	10.3049 6.71186 4.33639	
4.87	10.2084 6.72941 4.32351	
4.88	10.1053 6.75138 4.30753	
4.89	9.99268 6.76872 4.29188	
4.9	9.88846 6.78751 4.27839	
4.91	9.78442 6.81088 4.26091	
4.92	9.68868 6.82918 4.24393	
4.93	9.58472 6.84404 4.23091	
4.94	9.48085 6.85886 4.21657	
4.95	9.3924 6.87984 4.20256	
4.96	9.30549 6.90048 4.18772	
4.97	9.22023 6.92171 4.17425	
4.98	9.14343 6.94497 4.16807	
4.99	9.06747 6.95714 4.16032	
5	8.98225 6.97472 4.14935	
5.01	8.90561 6.99675 4.1356	
5.02	8.84398 7.01841 4.12175	
5.03	8.79322 7.03545 4.11294	
5.04	8.74074 7.04805 4.10604	
5.05	8.67946 7.05211 4.10442	
5.06	8.63585 7.05468 4.10235	
5.07	8.56639 7.05912 4.09958	
5.08	8.5052 7.06406 4.09892	
5.09	8.45242 7.07232 4.09368	
5.1	8.3916 7.08182 4.0895	
5.11	8.32234 7.08813 4.08928	
5.12	8.25308 7.09454 4.08878	
5.13	8.17425 7.10183 4.08731	
5.14	8.09707 7.11027 4.08864	
5.15	8.0103 7.11966 4.08884	
5.16	7.92492 7.1288 4.08838	
5.17	7.83016 7.14016 4.08949	
5.18	7.75316 7.15025 4.09174	
5.19	7.66657 7.16118 4.09229	
5.2	7.59561 7.16596 4.09563	
5.21	7.52465 7.17097 4.099	
5.22	7.45371 7.17646 4.10296	
5.23	7.39894 7.18041 4.10783	
5.24	7.35504 7.18182 4.108	
5.25	7.30164 7.17511 4.11298	
5.26	7.23691 7.16711 4.12645	
5.27	7.2041 7.14249 4.13365	
5.28	7.18794 7.11845 4.1526	
5.29	7.18208 7.08815 4.17424	
5.3	7.17764 7.05764 4.19602	
5.31	7.17165 7.02692 4.21649	
5.32	7.16789 7.00086 4.23528	
5.33	7.17346 6.9819 4.24676	
5.34	7.17102 6.9648 4.25989	
5.35	7.17725 6.95032 4.26854	
5.36	7.18366 6.93628 4.27825	
5.37	7.18187 6.92366 4.28856	
5.38	7.1796 6.90706 4.30284	
5.39	7.16883 6.89066 4.31476	
5.4	7.16799 6.87371 4.32885	
5.41	7.16287 6.84819 4.34796	
5.42	7.15983 6.82673 4.36396	
5.43	7.1582 6.80504 4.38005	
5.44	7.15453 6.77938 4.39938	
5.45	7.15119 6.75527 4.42483	
5.46	7.15438 6.72868 4.44395	
5.47	7.15089 6.70361 4.46451	
5.48	7.15506 6.67319 4.48843	
5.49	7.16007 6.64824 4.51443	
5.5	7.16608 6.61982 4.54858	
5.51	7.17857 6.59784 4.59086	
5.52	7.19312 6.5791 4.62566	
5.53	7.19891 6.54938 4.65396	
5.54	7.2024 6.52246 4.68992	
5.55	7.21595 6.49607 4.71235	
5.56	7.2288 6.46501 4.73688	
5.57	7.23473 6.43478 4.76124	
5.58	7.24644 6.40456 4.78693	
5.59	7.25888 6.36922 4.81424	
5.6	7.27997 6.33355 4.84329	
5.61	7.28624 6.30432 4.86964	
5.62	7.29244 6.28442 4.89105	
5.63	7.29061 6.26839 4.90347	
5.64	7.28976 6.25983 4.90487	
5.65	7.289 6.2524 4.89088	
5.66	7.28882 6.24986 4.87767	
5.67	7.28003 6.24791 4.86311	
5.68	7.26278 6.24777 4.8525	
5.69	7.24674 6.24557 4.83268	
5.7	7.22037 6.24193 4.80083	
5.71	7.20017 6.23099 4.76144	
5.72	7.18099 6.2065 4.72768	
5.73	7.16768 6.17384 4.68368	
5.74	7.16202 6.13356 4.65273	
5.75	7.1548 6.08212 4.63677	
5.76	7.14646 6.02266 4.6274	
5.77	7.13704 5.95436 4.61675	
5.78	7.1271 5.88306 4.61395	
5.79	7.11574 5.81044 4.62245	
5.8	7.1079 5.7427 4.65821	
5.81	7.10771 5.67637 4.70501	
5.82	7.09781 5.61369 4.76258	
5.83	7.10687 5.54862 4.81717	
5.84	7.12011 5.48025 4.83841	
5.85	7.13116 5.42835 4.8483	
5.86	7.13365 5.36814 4.86293	
5.87	7.13071 5.30647 4.89341	
5.88	7.12761 5.25307 4.90219	
5.89	7.13857 5.20266 4.91403	
5.9	7.14523 5.14848 4.89497	
5.91	7.1453 5.09672 4.87909	
5.92	7.16097 5.04614 4.87379	
5.93	7.15456 4.99902 4.88458	
5.94	7.148 4.94875 4.9027	
5.95	7.15031 4.89471 4.92958	
5.96	7.15104 4.83493 4.96211	
5.97	7.16256 4.78191 4.97659	
5.98	7.17177 4.72351 5.00032	
5.99	7.17564 4.67891 5.03354	
6	7.18063 4.63222 5.06167	
6.01	7.17553 4.58607 5.09669	
6.02	7.19028 4.53619 5.11561	
6.03	7.20973 4.4782 5.16325	
6.04	7.22759 4.40182 5.20198	
6.05	7.23481 4.32382 5.25402	
6.06	7.23655 4.25133 5.30923	
6.07	7.24589 4.1718 5.37355	
6.08	7.2665 4.10332 5.4378	
6.09	7.3134 4.02468 5.5044	
6.1	7.37157 3.93628 5.56175	
6.11	7.45671 3.83675 5.62875	
6.12	7.56565 3.73842 5.68587	
6.13	7.69495 3.64099 5.75011	
6.14	7.846 3.54607 5.8008	
6.15	8.01024 3.45132 5.84123	
6.16	8.19719 3.36767 5.87675	
6.17	8.3858 3.2934 5.915	
6.18	8.5936 3.22582 5.95228	
6.19	8.81631 3.16899 5.97847	
6.2	9.05092 3.12 6.0056	
6.21	9.28882 3.08161 6.02867	
6.22	9.52648 3.06018 6.03474	
6.23	9.78389 3.05118 6.02982	
6.24	10.0315 3.0489 6.02828	
6.25	10.2496 3.04685 6.02191	
6.26	10.4569 3.04703 6.02104	
6.27	10.6444 3.0495 6.01154	
6.28	10.8003 3.05079 6.00853	
6.29	10.9062 3.05209 6.00739	
6.3	10.9912 3.05916 5.99807	
6.31	11.0651 3.06989 5.98616	
6.32	11.1183 3.0795 5.97263	
6.33	11.1736 3.09478 5.95124	
6.34	11.2372 3.11591 5.91914	
6.35	11.3113 3.14822 5.86749	
6.36	11.3743 3.18349 5.81144	
6.37	11.4744 3.22781 5.74712	
6.38	11.5752 3.27589 5.67947	
6.39	11.6669 3.31338 5.62091	
6.4	11.7393 3.34375 5.5706	
6.41	11.8011 3.36804 5.52917	
6.42	11.8317 3.38762 5.49157	
6.43	11.8738 3.4148 5.4484	
6.44	11.9228 3.44642 5.40047	
6.45	11.9641 3.48373 5.34574	
6.46	12.0036 3.52807 5.28775	
6.47	12.0251 3.57078 5.22525	
6.48	12.0332 3.61615 5.15646	
6.49	12.0527 3.66894 5.0806	
6.5	12.0794 3.72049 5.01381	
6.51	12.1165 3.7758 4.94209	
6.52	12.1524 3.84805 4.85933	
6.53	12.1769 3.942 4.7796	
6.54	12.1925 4.04107 4.70925	
6.55	12.2042 4.15359 4.62485	
6.56	12.2169 4.25162 4.5297	
6.57	12.2375 4.35167 4.43422	
6.58	12.257 4.4611 4.34728	
6.59	12.2863 4.57779 4.27864	
6.6	12.3226 4.71558 4.19177	
6.61	12.3599 4.86578 4.08999	
6.62	12.4142 5.0219 3.95952	
6.63	12.4883 5.17916 3.80818	
6.64	12.551 5.32347 3.68303	
6.65	12.6121 5.48722 3.60432	
6.66	12.6792 5.6672 3.55514	
6.67	12.7202 5.83341 3.49928	
6.68	12.7423 5.99378 3.3951	
6.69	12.7793 6.15948 3.26178	
6.7	12.809 6.31009 3.12944	
6.71	12.838 6.45931 3.009	
6.72	12.8597 6.59247 2.90501	
6.73	12.8723 6.72764 2.81889	
6.74	12.8659 6.86785 2.74617	
6.75	12.8516 7.01469 2.68521	
6.76	12.8324 7.17717 2.60453	
6.77	12.829 7.34433 2.49557	
6.78	12.8499 7.51971 2.38017	
6.79	12.8883 7.68821 2.30249	
6.8	12.9099 7.85699 2.30973	
6.81	12.9181 8.01134 2.26715	
6.82	12.9027 8.03098 2.27041	
6.83	12.8634 8.03644 2.2504	
6.84	12.8759 7.96381 2.2868	
6.85	12.8995 7.90564 2.32173	
6.86	12.9308 7.86994 2.33294	
6.87	12.937 7.8882 2.35099	
6.88	12.8358 8.00738 2.37862	
6.89	12.6476 8.19655 2.34768	
6.9	12.576 8.37922 2.43992	
6.91	12.4291 8.68727 2.47047	
6.92	12.2959 8.99191 2.58419	
6.93	12.1404 9.82304 2.76938	
6.94	11.9988 10.1423 2.80705	
6.95	11.7185 11.4946 3.27168	
6.96	11.7085 12.244 3.43635	
6.97	11.6277 12.9995 3.73104	
6.98	11.2006 13.8122 4.34162	
6.99	10.9026 14.7766 4.88883	
7	10.7521 15.5995 5.07728	
7.01	10.5407 16.2295 5.10801	
7.02	10.4525 16.8077 4.98682	
7.03	10.2312 17.29 4.69706	
7.04	9.99205 17.9203 4.39916	
7.05	9.99414 18.5866 3.94108	
7.06	10.1358 19.4442 3.20813	
7.07	10.2399 19.8278 2.93167	
7.08	10.2411 19.8277 2.93151	
7.09	10.2448 19.8247 2.92693	
7.1	10.2452 19.8207 2.91888	
7.11	10.2473 19.8189 2.91633	
7.12	10.2419 19.824 2.92338	
7.13	10.2422 19.8248 2.92487	
7.14	10.2425 19.825 2.92537	
7.15	10.2426 19.825 2.92532	
7.16	10.2446 19.8264 2.92897	
7.17	10.2457 19.8274 2.93144	
7.18	10.2467 19.8277 2.93261	
7.19	10.2468 19.8277 2.93259	
7.2	10.2468 19.8277 2.93258	
7.21	10.2458 19.828 2.93269	
7.22	10.2468 19.8277 2.93257	
7.23	10.2468 19.8284 2.93387	
7.24	10.2468 19.8277 2.93256	
7.25	10.2468 19.8282 2.93358	
7.26	10.2468 19.8277 2.93256	
7.27	10.2468 19.8277 2.93256	
7.28	10.2468 19.8277 2.93256	
7.29	10.2468 19.8277 2.93256	
7.3	10.2468 19.8277 2.93256	
7.31	10.2468 19.8277 2.93256	
7.32	10.2468 19.8277 2.93256	
7.33	10.2468 19.8277 2.93256	
7.34	10.2468 19.8277 2.93256	
7.35	10.2468 19.8277 2.93256	
7.36	10.2468 19.8277 2.93256	
7.37	10.2468 19.8277 2.93256	
7.38	10.2468 19.8277 2.93256	
7.39	10.2468 19.8277 2.93256	
7.4	10.2468 19.8276 2.93228	
7.41	10.2468 19.8277 2.93256	
7.42	10.2468 19.8277 2.93256	
