# Gnuplot File : positions of 1 particle(s) Monitored
# 1st Column : time, others : particle(s) number 0 
0.01	9.02174 14.4438 6.18307	
0.02	9.01872 14.4399 6.18127	
0.03	9.02171 14.4404 6.18223	
0.04	9.01875 14.4433 6.1814	
0.05	9.01872 14.4399 6.18075	
0.06	9.01872 14.4399 6.18059	
0.07	9.01872 14.4399 6.18044	
0.08	9.01872 14.4399 6.18029	
0.09	9.02171 14.4404 6.18129	
0.1	9.01872 14.4399 6.18001	
0.11	9.02171 14.4404 6.18101	
0.12	9.02171 14.4404 6.18089	
0.13	9.01872 14.4399 6.17962	
0.14	9.02088 14.4392 6.18019	
0.15	9.01872 14.4399 6.17939	
0.16	9.01872 14.4399 6.17928	
0.17	9.01872 14.4399 6.17917	
0.18	9.02171 14.4404 6.18021	
0.19	9.01872 14.4399 6.17897	
0.2	9.02171 14.4404 6.18001	
0.21	9.01872 14.4399 6.17878	
0.22	9.01872 14.4399 6.1787	
0.23	9.01872 14.4399 6.17861	
0.24	9.02171 14.4404 6.17966	
0.25	9.01594 14.4322 6.17641	
0.26	9.01378 14.4328 6.17564	
0.27	9.00268 14.4319 6.17141	
0.28	8.96037 14.4232 6.15428	
0.29	8.94857 14.421 6.14934	
0.3	8.95152 14.4216 6.1505	
0.31	8.95366 14.4243 6.15166	
0.32	8.95367 14.4209 6.15111	
0.33	8.95662 14.418 6.15177	
0.34	8.95741 14.4227 6.15269	
0.35	8.91335 14.4142 6.13405	
0.36	8.87624 14.408 6.11779	
0.37	8.85671 14.4018 6.10852	
0.38	8.83143 14.3928 6.09609	
0.39	8.78859 14.3733 6.07361	
0.4	8.74404 14.3745 6.05279	
0.41	8.76095 14.3784 6.06146	
0.42	8.84656 14.4041 6.10425	
0.43	8.81065 14.3904 6.08624	
0.44	8.81783 14.3945 6.09006	
0.45	8.73493 14.371 6.04759	
0.46	8.56849 14.3292 5.95234	
0.47	8.32547 14.2526 5.78021	
0.48	8.12044 14.1666 5.59495	
0.49	7.89417 14.0487 5.3308	
0.5	7.65456 13.8651 4.92095	
0.51	7.49327 13.6209 4.38161	
0.52	7.46745 13.4322 3.95925	
0.53	7.4836 13.3418 3.74433	
0.54	7.51325 13.2715 3.60974	
0.55	7.52639 13.2453 3.55196	
0.56	7.53505 13.2303 3.52951	
0.57	7.54918 13.2076 3.51118	
0.58	7.53506 13.2297 3.51739	
0.59	7.53506 13.2297 3.51737	
0.6	7.53506 13.2297 3.51735	
0.61	7.71025 12.226 3.89432	
0.62	7.99965 11.1096 4.34052	
0.63	7.99451 9.86045 4.54927	
0.64	8.09389 8.91654 4.56085	
0.65	8.13602 8.56497 4.78307	
0.66	8.36945 8.24026 4.98785	
0.67	8.79294 7.91075 5.19193	
0.68	9.10569 7.73886 5.35623	
0.69	9.37903 7.61119 5.57649	
0.7	9.60048 7.50384 5.78409	
0.71	9.80959 7.42314 5.91285	
0.72	10.0358 7.34352 5.90329	
0.73	10.2794 7.27601 5.81162	
0.74	10.525 7.24769 5.68343	
0.75	10.7298 7.22502 5.56015	
0.76	10.9083 7.19174 5.45734	
0.77	11.0386 7.15951 5.38912	
0.78	11.1714 7.10878 5.33274	
0.79	11.2869 7.07468 5.28055	
0.8	11.399 7.02401 5.21616	
0.81	11.4619 6.97295 5.16342	
0.82	11.5099 6.92082 5.12338	
0.83	11.5492 6.87632 5.08772	
0.84	11.586 6.85817 5.08553	
0.85	11.6201 6.88817 5.1154	
0.86	11.646 6.92287 5.12616	
0.87	11.6652 6.93467 5.11736	
0.88	11.6781 6.93584 5.10954	
0.89	11.7006 6.9383 5.09862	
0.9	11.7271 6.9466 5.09165	
0.91	11.7386 6.95029 5.08717	
0.92	11.7414 6.93911 5.0953	
0.93	11.78 6.91007 5.11907	
0.94	11.8339 6.88662 5.22162	
0.95	11.8952 6.87163 5.41436	
0.96	11.9774 6.85986 5.62049	
0.97	12.0689 6.83452 5.80189	
0.98	12.0958 6.81141 5.88348	
0.99	12.0861 6.7947 5.87494	
1	12.061 6.77914 5.84522	
1.01	12.0398 6.76835 5.80672	
1.02	12.0029 6.76046 5.77984	
1.03	11.9758 6.75449 5.76075	
1.04	11.9515 6.75336 5.73596	
1.05	11.9483 6.7433 5.70593	
1.06	11.9507 6.73371 5.68162	
1.07	11.9517 6.73253 5.6749	
1.08	11.9539 6.73017 5.67513	
1.09	11.9495 6.7078 5.64083	
1.1	11.9591 6.68318 5.58629	
1.11	11.9651 6.65665 5.53068	
1.12	11.9697 6.63604 5.47278	
1.13	11.9713 6.62058 5.39678	
1.14	11.9794 6.58203 5.27255	
1.15	11.974 6.54975 5.12141	
1.16	11.9769 6.50461 4.98132	
1.17	11.941 6.4918 4.90828	
1.18	11.8704 6.49863 4.90221	
1.19	11.7829 6.52539 4.94525	
1.2	11.6911 6.55755 4.99915	
1.21	11.6096 6.59251 5.04333	
1.22	11.5257 6.62983 5.09253	
1.23	11.4424 6.66338 5.14673	
1.24	11.3686 6.69165 5.18593	
1.25	11.3227 6.70008 5.17949	
1.26	11.2981 6.70588 5.15416	
1.27	11.2812 6.70029 5.11613	
1.28	11.2677 6.69461 5.08863	
1.29	11.2555 6.6835 5.06297	
1.3	11.2378 6.67112 5.03796	
1.31	11.2179 6.64973 5.00496	
1.32	11.2045 6.63556 4.97455	
1.33	11.1853 6.63413 4.95695	
1.34	11.1687 6.6247 4.93324	
1.35	11.1533 6.61974 4.90491	
1.36	11.1386 6.62018 4.89294	
1.37	11.1669 6.63734 4.9187	
1.38	11.248 6.67171 4.96623	
1.39	11.3703 6.71058 5.03011	
1.4	11.5053 6.74882 5.08656	
1.41	11.6632 6.79701 5.142	
1.42	11.8213 6.84442 5.20366	
1.43	11.9653 6.90569 5.30761	
1.44	12.077 6.97502 5.44599	
1.45	12.1586 7.03924 5.60995	
1.46	12.22 7.07167 5.75747	
1.47	12.2805 7.07829 5.88692	
1.48	12.3243 7.06375 5.95331	
1.49	12.3529 7.02522 5.99741	
1.5	12.3649 6.99614 5.99882	
1.51	12.3665 6.99701 5.98841	
1.52	12.3625 7.0109 5.97805	
1.53	12.37 7.03497 5.94985	
1.54	12.4075 7.04639 5.9249	
1.55	12.461 7.05183 5.89749	
1.56	12.5319 7.05664 5.8639	
1.57	12.6142 7.06355 5.81429	
1.58	12.7103 7.07565 5.76753	
1.59	12.7973 7.08647 5.71635	
1.6	12.8621 7.0856 5.68119	
1.61	12.9054 7.07623 5.63618	
1.62	12.9387 7.07161 5.59325	
1.63	12.9599 7.06658 5.54565	
1.64	12.9878 7.0484 5.49797	
1.65	12.9986 7.02597 5.44609	
1.66	12.9969 6.99211 5.39149	
1.67	12.9709 6.95962 5.34187	
1.68	12.9512 6.93672 5.2944	
1.69	12.9301 6.92642 5.2651	
1.7	12.897 6.93846 5.25069	
1.71	12.8778 6.95163 5.23522	
1.72	12.8689 6.94983 5.21599	
1.73	12.8552 6.94404 5.18216	
1.74	12.8514 6.93615 5.13053	
1.75	12.8475 6.92843 5.10103	
1.76	12.8389 6.92324 5.09836	
1.77	12.8404 6.92274 5.08337	
1.78	12.8441 6.9039 5.06204	
1.79	12.8567 6.88577 5.03856	
1.8	12.8676 6.86683 5.01607	
1.81	12.8852 6.84752 4.98396	
1.82	12.8991 6.83744 4.96379	
1.83	12.9031 6.839 4.94865	
1.84	12.9046 6.84262 4.9361	
1.85	12.8969 6.85189 4.92577	
1.86	12.8997 6.86455 4.89954	
1.87	12.8993 6.86314 4.87941	
1.88	12.8908 6.86792 4.8551	
1.89	12.8828 6.88289 4.80784	
1.9	12.8766 6.90859 4.74685	
1.91	12.8769 6.94959 4.65078	
1.92	12.8732 6.99866 4.56424	
1.93	12.8726 7.0488 4.45828	
1.94	12.86 7.08415 4.37164	
1.95	12.8537 7.12112 4.28518	
1.96	12.8472 7.15606 4.2123	
1.97	12.8369 7.18433 4.1726	
1.98	12.8281 7.21216 4.149	
1.99	12.8177 7.23153 4.14903	
2	12.8099 7.25664 4.14668	
2.01	12.7992 7.28365 4.14778	
2.02	12.7802 7.31518 4.14733	
2.03	12.7583 7.35554 4.13903	
2.04	12.7367 7.40887 4.12993	
2.05	12.71 7.46527 4.11328	
2.06	12.688 7.51754 4.09584	
2.07	12.6622 7.5701 4.07428	
2.08	12.65 7.60334 4.04856	
2.09	12.6404 7.62701 4.0189	
2.1	12.631 7.64128 3.99037	
2.11	12.6192 7.64655 3.96331	
2.12	12.6073 7.64747 3.95174	
2.13	12.5877 7.65409 3.94761	
2.14	12.558 7.66927 3.94299	
2.15	12.5288 7.68754 3.92161	
2.16	12.4993 7.69595 3.88606	
2.17	12.4755 7.7065 3.85396	
2.18	12.434 7.72292 3.81883	
2.19	12.3856 7.74295 3.78866	
2.2	12.3385 7.76649 3.77412	
2.21	12.2883 7.7954 3.77221	
2.22	12.2477 7.82717 3.77824	
2.23	12.2167 7.85899 3.80213	
2.24	12.2043 7.88276 3.82361	
2.25	12.2266 7.91255 3.84901	
2.26	12.2843 7.95408 3.87711	
2.27	12.3647 8.00043 3.90995	
2.28	12.4396 8.05194 3.94487	
2.29	12.4966 8.10931 3.99415	
2.3	12.5446 8.16688 4.06492	
2.31	12.5804 8.22713 4.14258	
2.32	12.6187 8.28218 4.24937	
2.33	12.6566 8.32419 4.36701	
2.34	12.6981 8.35325 4.51078	
2.35	12.7315 8.37663 4.6171	
2.36	12.7541 8.39957 4.71313	
2.37	12.7577 8.42397 4.78045	
2.38	12.7498 8.44705 4.82119	
2.39	12.7438 8.46731 4.83736	
2.4	12.7367 8.49068 4.83714	
2.41	12.7345 8.51525 4.83012	
2.42	12.7443 8.52935 4.82305	
2.43	12.7676 8.53242 4.8252	
2.44	12.8201 8.54434 4.81785	
2.45	12.8807 8.54865 4.81363	
2.46	12.9534 8.53871 4.81707	
2.47	13.0264 8.52985 4.81967	
2.48	13.1011 8.50119 4.82299	
2.49	13.1751 8.46812 4.83332	
2.5	13.2434 8.42786 4.87708	
2.51	13.3116 8.36999 4.93615	
2.52	13.3696 8.30896 4.98586	
2.53	13.4637 8.23414 5.02837	
2.54	13.5488 8.16971 5.04718	
2.55	13.6211 8.10627 5.04633	
2.56	13.7013 8.04404 5.02521	
2.57	13.7578 8.02016 4.9805	
2.58	13.8181 8.02425 4.91442	
2.59	13.8636 8.03736 4.84414	
2.6	13.9027 8.05473 4.76972	
2.61	13.9449 8.04833 4.71564	
2.62	13.962 8.02889 4.66624	
2.63	13.9633 8.02106 4.61155	
2.64	13.9259 8.02017 4.5547	
2.65	13.8363 8.05008 4.48143	
2.66	13.7376 8.09215 4.42113	
2.67	13.6332 8.14557 4.36839	
2.68	13.5419 8.18128 4.31017	
2.69	13.4731 8.20284 4.2751	
2.7	13.441 8.20781 4.24768	
2.71	13.4262 8.19505 4.23128	
2.72	13.4348 8.1689 4.20677	
2.73	13.4432 8.13902 4.18729	
2.74	13.4543 8.11891 4.1609	
2.75	13.4652 8.07889 4.15299	
2.76	13.4771 8.05399 4.12404	
2.77	13.4844 8.0264 4.08467	
2.78	13.4951 7.9967 4.02791	
2.79	13.5023 7.96354 3.96623	
2.8	13.5154 7.93946 3.91681	
2.81	13.5244 7.9317 3.86165	
2.82	13.5389 7.92707 3.82902	
2.83	13.5606 7.93483 3.79795	
2.84	13.5866 7.94371 3.76689	
2.85	13.6127 7.94551 3.74641	
2.86	13.6321 7.94455 3.73167	
2.87	13.6516 7.96255 3.71621	
2.88	13.6617 7.98124 3.69506	
2.89	13.6717 8.0168 3.67713	
2.9	13.6787 8.05763 3.6527	
2.91	13.6806 8.11372 3.62473	
2.92	13.679 8.17464 3.59914	
2.93	13.6793 8.24704 3.5556	
2.94	13.679 8.31718 3.5147	
2.95	13.6675 8.39496 3.47399	
2.96	13.658 8.45414 3.43046	
2.97	13.65 8.50903 3.40408	
2.98	13.6456 8.55612 3.37783	
2.99	13.6333 8.60247 3.35872	
3	13.6113 8.63982 3.35159	
3.01	13.5944 8.6741 3.34326	
3.02	13.572 8.69691 3.33524	
3.03	13.5501 8.70582 3.33314	
3.04	13.538 8.7085 3.33246	
3.05	13.5221 8.70839 3.32332	
3.06	13.5072 8.69476 3.31103	
3.07	13.4823 8.68444 3.27169	
3.08	13.4508 8.66434 3.2282	
3.09	13.4195 8.64587 3.17906	
3.1	13.3836 8.63916 3.12778	
3.11	13.3367 8.64506 3.08504	
3.12	13.2957 8.64819 3.04616	
3.13	13.2476 8.65315 3.01206	
3.14	13.2049 8.66339 2.97729	
3.15	13.1753 8.66315 2.94268	
3.16	13.1227 8.66897 2.93229	
3.17	13.0601 8.66847 2.93798	
3.18	12.9848 8.68394 2.95627	
3.19	12.9009 8.69085 2.99127	
3.2	12.8284 8.70032 3.01486	
3.21	12.7625 8.68837 3.05254	
3.22	12.681 8.68535 3.09254	
3.23	12.5961 8.70021 3.13495	
3.24	12.5193 8.71939 3.17122	
3.25	12.4402 8.74036 3.2082	
3.26	12.3648 8.76233 3.23335	
3.27	12.3009 8.78124 3.26542	
3.28	12.2297 8.799 3.30628	
3.29	12.1706 8.80196 3.33305	
3.3	12.104 8.80473 3.35439	
3.31	12.0315 8.81031 3.37891	
3.32	11.9598 8.81434 3.39861	
3.33	11.8889 8.83681 3.40598	
3.34	11.8257 8.8501 3.41747	
3.35	11.7452 8.86661 3.44356	
3.36	11.6713 8.8859 3.48178	
3.37	11.6085 8.90573 3.52366	
3.38	11.546 8.91643 3.57173	
3.39	11.498 8.92549 3.62435	
3.4	11.4576 8.92581 3.66832	
3.41	11.4262 8.92432 3.72681	
3.42	11.3868 8.93233 3.79636	
3.43	11.3585 8.93933 3.8638	
3.44	11.338 8.94593 3.93456	
3.45	11.3304 8.94713 3.98655	
3.46	11.3387 8.95739 4.03174	
3.47	11.3517 8.97065 4.09125	
3.48	11.3899 8.98608 4.15089	
3.49	11.4432 9.00689 4.19702	
3.5	11.5078 9.02877 4.24142	
3.51	11.567 9.06407 4.28669	
3.52	11.6276 9.0968 4.31996	
3.53	11.6889 9.14227 4.35838	
3.54	11.731 9.17873 4.36965	
3.55	11.7668 9.21398 4.37371	
3.56	11.7717 9.23931 4.3905	
3.57	11.7722 9.24714 4.39351	
3.58	11.7532 9.24553 4.38992	
3.59	11.7227 9.24507 4.38838	
3.6	11.6857 9.23405 4.39382	
3.61	11.6522 9.21755 4.40789	
3.62	11.6179 9.2074 4.42659	
3.63	11.6001 9.1902 4.45626	
3.64	11.5879 9.17609 4.48774	
3.65	11.5894 9.16196 4.52361	
3.66	11.6053 9.15122 4.57721	
3.67	11.6175 9.15011 4.62366	
3.68	11.634 9.14792 4.65869	
3.69	11.6592 9.1383 4.66732	
3.7	11.693 9.11478 4.64327	
3.71	11.7243 9.09525 4.58738	
3.72	11.7511 9.08237 4.52104	
3.73	11.7734 9.10019 4.45169	
3.74	11.796 9.13812 4.38894	
3.75	11.8163 9.17965 4.34055	
3.76	11.8296 9.226 4.31108	
3.77	11.8321 9.26745 4.28148	
3.78	11.8388 9.30515 4.26696	
3.79	11.8465 9.35257 4.25905	
3.8	11.8392 9.42448 4.27801	
3.81	11.8083 9.51692 4.32084	
3.82	11.7764 9.60782 4.38278	
3.83	11.7441 9.68522 4.45954	
3.84	11.7098 9.77002 4.55443	
3.85	11.6779 9.86943 4.65157	
3.86	11.6576 9.96473 4.73834	
3.87	11.6514 10.0423 4.7927	
3.88	11.6666 10.0899 4.84379	
3.89	11.6895 10.1181 4.8824	
3.9	11.734 10.142 4.92692	
3.91	11.7838 10.1544 4.96511	
3.92	11.8381 10.1529 4.99584	
3.93	11.8979 10.1554 5.02776	
3.94	11.9567 10.1539 5.04924	
3.95	12.0302 10.1572 5.07105	
3.96	12.112 10.1605 5.09761	
3.97	12.1825 10.1524 5.1003	
3.98	12.2376 10.1288 5.08912	
3.99	12.2966 10.0838 5.06615	
4	12.3408 10.0281 5.04004	
4.01	12.3712 9.95241 4.99462	
4.02	12.3912 9.85578 4.93508	
4.03	12.4036 9.72599 4.85529	
4.04	12.4456 9.58788 4.77256	
4.05	12.5002 9.4641 4.67923	
4.06	12.5599 9.36368 4.5806	
4.07	12.6041 9.31135 4.49644	
4.08	12.6394 9.28077 4.40526	
4.09	12.6824 9.27189 4.30427	
4.1	12.7253 9.2632 4.21401	
4.11	12.776 9.26279 4.12456	
4.12	12.8323 9.25637 4.02184	
4.13	12.8985 9.23798 3.90232	
4.14	12.9696 9.21522 3.79062	
4.15	13.0587 9.18492 3.6762	
4.16	13.1375 9.15319 3.58657	
4.17	13.2216 9.12794 3.52095	
4.18	13.3116 9.09375 3.45447	
4.19	13.4434 9.04572 3.36705	
4.2	13.5885 8.99996 3.24723	
4.21	13.7504 8.94113 3.1217	
4.22	13.9419 8.89918 2.98558	
4.23	14.093 8.89064 2.86194	
4.24	14.22 8.92097 2.75589	
4.25	14.3351 8.98057 2.65146	
4.26	14.4301 9.07693 2.54074	
4.27	14.4936 9.1695 2.43841	
4.28	14.5008 9.31137 2.3536	
4.29	14.4004 9.53829 2.30046	
4.3	14.1671 9.90656 2.35294	
4.31	13.9564 10.2382 2.3629	
4.32	13.9337 10.5094 2.4257	
4.33	13.8368 10.8565 2.47519	
4.34	13.7512 11.0473 2.4852	
4.35	13.7574 11.103 2.49642	
4.36	13.7645 11.162 2.48484	
4.37	13.7859 11.2019 2.41999	
4.38	13.7879 11.1217 2.35384	
4.39	13.6617 10.9675 2.3291	
4.4	13.4396 10.7018 2.2473	
4.41	13.1528 10.4715 2.17513	
4.42	12.9087 10.2913 2.35005	
4.43	12.6573 10.1756 2.52188	
4.44	12.5112 9.90052 2.73826	
4.45	12.2238 9.68982 3.28409	
4.46	11.9091 9.61958 3.56626	
4.47	11.6718 9.4709 3.82932	
4.48	11.38 9.11429 4.1296	
4.49	11.1196 8.92749 4.4573	
4.5	10.825 8.84159 4.6444	
4.51	10.6402 8.79402 4.71676	
4.52	10.499 8.75333 4.72237	
4.53	10.3607 8.67867 4.66546	
4.54	10.2244 8.59256 4.58715	
4.55	10.0659 8.50132 4.5142	
4.56	9.9193 8.41691 4.46496	
4.57	9.82401 8.37457 4.45843	
4.58	9.7344 8.3541 4.46344	
4.59	9.59232 8.30972 4.46054	
4.6	9.47509 8.28829 4.41903	
4.61	9.38492 8.31606 4.37143	
4.62	9.29768 8.32153 4.28598	
4.63	9.20655 8.30583 4.22513	
4.64	9.15085 8.29776 4.1904	
4.65	9.1333 8.30574 4.15915	
4.66	9.14294 8.30795 4.13992	
4.67	9.21234 8.30063 4.10411	
4.68	9.33075 8.26326 3.98432	
4.69	9.44568 8.22994 3.79191	
4.7	9.48427 8.25444 3.51494	
4.71	9.49557 8.27352 3.04514	
4.72	9.43825 8.25654 2.63119	
4.73	9.25327 8.25568 2.4413	
4.74	8.97368 8.26041 2.35476	
4.75	8.72788 8.13882 2.34718	
4.76	8.45029 8.14692 2.28435	
4.77	8.27267 8.26815 2.14675	
4.78	8.14346 8.40907 2.18827	
4.79	8.11532 8.39882 2.02784	
4.8	8.00938 8.40108 2.07528	
4.81	7.90164 8.39512 2.08455	
4.82	7.73371 8.47824 2.26023	
4.83	7.76767 8.62947 2.20775	
4.84	7.82786 8.73253 2.13371	
4.85	8.16601 8.96153 2.20996	
4.86	8.39126 8.97781 2.17909	
4.87	9.06122 9.20096 2.70976	
4.88	9.349 7.7941 3.09852	
4.89	8.28132 8.93873 3.22438	
4.9	8.90715 8.22102 2.80032	
4.91	8.38015 8.74845 3.37242	
4.92	8.03393 8.98294 4.03089	
4.93	8.009 9.17517 4.40206	
4.94	8.05079 9.22893 4.61797	
4.95	8.09494 9.3513 4.9136	
4.96	8.17583 9.4302 5.1725	
4.97	8.21806 9.38815 5.15149	
4.98	8.14334 9.1976 4.98515	
4.99	7.93525 8.80694 4.70334	
5	8.7401 8.59332 4.65355	
5.01	9.23708 8.25303 4.86184	
5.02	10.0066 8.35825 5.01684	
5.03	10.9009 8.32772 4.96532	
5.04	11.2441 7.97624 4.7659	
5.05	11.4189 7.59993 4.65165	
5.06	11.7406 7.40588 4.55613	
5.07	12.2214 7.27282 4.48157	
5.08	12.4487 6.91719 4.49614	
5.09	12.3014 6.40212 4.79405	
5.1	12.112 5.73363 5.07075	
5.11	11.8543 4.99324 5.48728	
5.12	11.3181 4.24292 6.01207	
5.13	11.177 3.48308 6.18624	
5.14	11.1308 2.93979 6.21604	
5.15	11.2763 2.72027 6.18487	
5.16	11.541 2.79759 6.10034	
5.17	11.8352 2.908 5.8852	
5.18	12.0964 2.9973 5.66314	
5.19	12.3953 3.11825 5.33644	
5.2	12.6424 3.19258 4.98808	
5.21	12.611 3.35128 4.71511	
5.22	12.5095 3.46014 4.62771	
5.23	12.5528 3.39066 4.70838	
5.24	12.5915 3.50499 4.40711	
5.25	12.6162 3.67677 4.16908	
5.26	12.6964 3.68617 4.00638	
5.27	12.8542 3.70401 3.84627	
5.28	13.0649 3.68077 3.52451	
5.29	13.2416 3.73545 2.91446	
5.3	13.513 3.81795 2.33809	
5.31	13.8567 3.90928 2.0252	
5.32	14.1501 3.97141 2.03861	
5.33	14.2239 4.02388 2.05473	
5.34	14.2141 4.28657 2.02616	
5.35	14.0816 4.87464 1.63093	
5.36	14.0444 5.0873 1.55663	
5.37	14.2606 5.31355 1.62634	
5.38	14.1607 5.68051 1.94772	
5.39	13.7464 5.92628 2.02586	
5.4	13.4553 5.8921 1.96646	
5.41	13.0966 5.65842 1.95238	
5.42	12.8461 4.94007 2.13476	
5.43	12.7202 4.79807 2.25627	
5.44	12.6035 4.44565 2.48582	
5.45	12.5004 4.21654 2.77135	
5.46	12.1522 3.97571 3.32411	
5.47	11.7105 3.76245 3.63108	
5.48	11.4661 3.68546 3.91012	
5.49	11.1382 3.58294 4.41539	
5.5	10.9596 3.48533 4.88956	
5.51	10.8732 3.53342 5.26347	
5.52	10.7974 3.60253 5.4372	
5.53	10.7303 3.5528 5.51661	
5.54	10.5778 3.43171 5.6609	
5.55	10.3971 3.31158 5.86196	
5.56	10.2587 3.25607 6.08771	
5.57	10.2393 3.16291 5.9253	
5.58	10.3352 3.06488 5.41329	
5.59	10.2256 2.93977 4.82537	
5.6	10.036 2.81471 4.10559	
5.61	9.91739 2.81573 3.2649	
5.62	9.98977 2.96492 2.53998	
5.63	10.0106 2.91247 2.10736	
5.64	9.95544 2.72299 2.21666	
5.65	9.62984 2.67539 2.18175	
5.66	9.17201 2.61941 2.13334	
5.67	8.67016 2.47834 2.1555	
5.68	8.4382 2.46224 2.11484	
5.69	8.10213 2.48249 2.16484	
5.7	7.85242 2.51016 2.21328	
5.71	7.70202 2.54624 2.33415	
5.72	7.68041 2.56265 2.33226	
5.73	7.56732 2.79412 2.38475	
5.74	7.46752 3.31493 2.67961	
5.75	7.50004 3.80072 3.21342	
5.76	7.81378 4.26973 3.68569	
5.77	8.4849 4.64696 4.01316	
5.78	9.58838 5.46441 4.33697	
5.79	10.4173 5.79189 3.94529	
5.8	11.0605 5.90913 3.33544	
5.81	11.1661 6.14914 3.32627	
5.82	11.093 6.28625 3.54251	
5.83	11.0554 6.39717 3.71895	
5.84	10.9736 6.70876 4.23622	
5.85	10.7467 7.23799 5.1378	
5.86	10.4916 7.75112 6.15214	
5.87	10.6003 8.61984 6.78886	
5.88	10.6275 9.93264 7.42479	
5.89	10.6318 10.9796 7.97596	
5.9	10.5011 11.8606 7.9544	
5.91	10.3921 12.165 8.03173	
5.92	10.0495 12.1943 7.5641	
5.93	9.96328 12.2857 7.54906	
5.94	9.9277 12.321 7.39024	
5.95	9.76215 12.1113 7.18548	
5.96	9.36865 11.9911 7.1338	
5.97	9.1705 12.2757 6.94441	
5.98	9.10188 12.6863 6.69563	
5.99	8.90883 14.083 5.91852	
6	8.71524 14.5242 6.08928	
6.01	8.49685 14.4782 5.96317	
6.02	8.27824 14.3408 5.79281	
6.03	8.0959 14.2472 5.62237	
6.04	8.04271 14.2013 5.56035	
6.05	8.09344 14.2392 5.61616	
6.06	8.10685 14.2412 5.6276	
6.07	8.10758 14.2365 5.62613	
6.08	8.10661 14.2355 5.62414	
6.09	8.10976 14.2372 5.62653	
6.1	8.12564 14.2434 5.64113	
6.11	8.13565 14.2453 5.64946	
