# Gnuplot File : positions of 1 particle(s) Monitored
# 1st Column : time, others : particle(s) number 0 
0.01	7.47458 13.5519 4.23354	
0.02	7.47483 13.5532 4.23629	
0.03	7.47483 13.5532 4.23611	
0.04	7.47458 13.5519 4.233	
0.05	7.47483 13.5532 4.23577	
0.06	7.47458 13.5529 4.23428	
0.07	7.47458 13.5519 4.23252	
0.08	7.47458 13.5519 4.23237	
0.09	7.47483 13.5532 4.23517	
0.1	7.47345 13.5549 4.23326	
0.11	7.47345 13.5549 4.23313	
0.12	7.47458 13.5529 4.23343	
0.13	7.47458 13.5529 4.23331	
0.14	7.47458 13.5529 4.23319	
0.15	7.47458 13.5519 4.23147	
0.16	7.47458 13.5519 4.23136	
0.17	7.47458 13.5519 4.23125	
0.18	7.47458 13.5529 4.23275	
0.19	7.47458 13.5519 4.23105	
0.2	7.47458 13.5519 4.23096	
0.21	7.47458 13.5529 4.23247	
0.22	7.47458 13.5529 4.23238	
0.23	7.47458 13.5519 4.23069	
0.24	7.47589 13.5586 4.2453	
0.25	7.48797 13.605 4.34785	
0.26	7.47155 13.5222 4.17042	
0.27	7.46962 13.5036 4.1291	
0.28	7.47176 13.5466 4.2125	
0.29	7.49865 13.6354 4.41469	
0.3	7.52102 13.6853 4.52481	
0.31	7.53074 13.7036 4.56508	
0.32	7.62658 13.3193 4.9389	
0.33	7.64989 12.8585 5.38528	
0.34	7.68827 12.2047 5.76907	
0.35	7.88469 11.4877 6.09182	
0.36	8.01916 10.9417 6.23599	
0.37	8.31124 10.7067 6.27323	
0.38	8.83758 10.4652 6.25385	
0.39	9.40303 10.1152 6.17928	
0.4	9.77318 9.69123 5.88785	
0.41	10.1999 9.33598 5.78869	
0.42	10.5993 9.14318 5.7472	
0.43	10.904 9.098 5.71854	
0.44	11.113 9.13255 5.65317	
0.45	11.3208 9.16508 5.56855	
0.46	11.5209 9.11194 5.54765	
0.47	11.6962 9.00124 5.54341	
0.48	11.9321 8.84714 5.34085	
0.49	12.1162 8.81637 5.11295	
0.5	12.1875 8.86939 4.9141	
0.51	12.2083 8.99232 4.70525	
0.52	12.259 8.97181 4.53494	
0.53	12.3522 8.76868 4.36483	
0.54	12.5092 8.45002 4.16927	
0.55	12.7106 8.08525 4.04526	
0.56	12.9031 7.93191 4.04528	
0.57	13.1007 7.97921 4.076	
0.58	13.281 8.09976 4.07599	
0.59	13.35 8.21622 4.07152	
0.6	13.39 8.28018 4.04736	
0.61	13.44 8.31963 4.02375	
0.62	13.526 8.40125 4.05408	
0.63	13.5578 8.5328 4.18534	
0.64	13.5407 8.70842 4.35334	
0.65	13.5399 8.80618 4.42582	
0.66	13.5176 8.82008 4.42853	
0.67	13.4777 8.77979 4.40291	
0.68	13.4258 8.75973 4.3929	
0.69	13.3521 8.79546 4.40157	
0.7	13.2525 8.87463 4.4275	
0.71	13.0651 8.95103 4.51606	
0.72	12.9492 8.97129 4.59606	
0.73	12.9141 8.94129 4.60904	
0.74	12.8593 8.92904 4.60853	
0.75	12.8214 8.9185 4.6092	
0.76	12.7983 8.88233 4.62404	
0.77	12.8079 8.83929 4.63482	
0.78	12.8292 8.79769 4.62915	
0.79	12.8555 8.7887 4.60864	
0.8	12.9031 8.76321 4.57908	
0.81	12.9622 8.70999 4.58013	
0.82	13.0102 8.63724 4.59508	
0.83	13.0555 8.55295 4.61421	
0.84	13.0889 8.46553 4.59873	
0.85	13.1128 8.40556 4.52716	
0.86	13.1417 8.36169 4.46181	
0.87	13.1439 8.35911 4.44433	
0.88	13.1262 8.3962 4.44133	
0.89	13.1045 8.45947 4.43818	
0.9	13.0714 8.5232 4.46274	
0.91	13.0463 8.55477 4.5165	
0.92	13.0068 8.56684 4.59771	
0.93	12.9832 8.58687 4.66279	
0.94	12.9569 8.61999 4.70116	
0.95	12.9313 8.6408 4.75245	
0.96	12.8919 8.66409 4.80488	
0.97	12.8563 8.68398 4.8525	
0.98	12.8273 8.6869 4.89077	
0.99	12.8177 8.66952 4.9148	
1	12.828 8.63981 4.91874	
1.01	12.8495 8.58331 4.90238	
1.02	12.9013 8.51711 4.86147	
1.03	12.9823 8.4441 4.82732	
1.04	13.0828 8.36001 4.82015	
1.05	13.1779 8.29355 4.82936	
1.06	13.2963 8.22268 4.85707	
1.07	13.4124 8.16458 4.86224	
1.08	13.4989 8.12666 4.85046	
1.09	13.5645 8.10261 4.84596	
1.1	13.5977 8.08052 4.86172	
1.11	13.6365 8.05092 4.89316	
1.12	13.6664 8.02984 4.93621	
1.13	13.6816 8.02334 4.97634	
1.14	13.6954 8.0411 5.00777	
1.15	13.6909 8.07629 5.01282	
1.16	13.684 8.11399 4.99876	
1.17	13.6506 8.16304 4.97254	
1.18	13.5932 8.21636 4.94282	
1.19	13.5148 8.25474 4.93061	
1.2	13.4139 8.27577 4.96612	
1.21	13.3214 8.25897 5.02999	
1.22	13.2378 8.2344 5.09716	
1.23	13.1662 8.18924 5.17961	
1.24	13.1402 8.1344 5.23822	
1.25	13.1284 8.09818 5.26073	
1.26	13.1127 8.07652 5.27416	
1.27	13.1068 8.05436 5.28246	
1.28	13.1197 8.02004 5.28274	
1.29	13.14 7.97692 5.26782	
1.3	13.1719 7.93219 5.26375	
1.31	13.212 7.90627 5.2617	
1.32	13.2551 7.86948 5.27647	
1.33	13.3035 7.81861 5.30773	
1.34	13.3539 7.75986 5.37164	
1.35	13.3946 7.69821 5.45379	
1.36	13.4332 7.61438 5.57159	
1.37	13.438 7.54579 5.67305	
1.38	13.4185 7.47252 5.78748	
1.39	13.3745 7.3941 5.8911	
1.4	13.3138 7.33217 5.9818	
1.41	13.2517 7.26404 6.06179	
1.42	13.2032 7.20712 6.12651	
1.43	13.1467 7.1659 6.1729	
1.44	13.1064 7.12848 6.21549	
1.45	13.0753 7.08919 6.25079	
1.46	13.0431 7.08072 6.29241	
1.47	12.9766 7.07914 6.34768	
1.48	12.897 7.07723 6.37891	
1.49	12.7912 7.06241 6.40776	
1.5	12.684 7.04566 6.4197	
1.51	12.5611 7.01832 6.43156	
1.52	12.4538 6.98737 6.44446	
1.53	12.355 6.95535 6.45353	
1.54	12.3028 6.93096 6.4576	
1.55	12.287 6.91525 6.4616	
1.56	12.2852 6.89927 6.45349	
1.57	12.2958 6.88852 6.44102	
1.58	12.3154 6.87042 6.44295	
1.59	12.3438 6.82743 6.44563	
1.6	12.3591 6.78019 6.45813	
1.61	12.3747 6.71016 6.46546	
1.62	12.3863 6.61123 6.48069	
1.63	12.3937 6.50444 6.50335	
1.64	12.3995 6.40272 6.52869	
1.65	12.4028 6.3113 6.53365	
1.66	12.4207 6.21791 6.5191	
1.67	12.4413 6.14064 6.49387	
1.68	12.4631 6.07957 6.46537	
1.69	12.4802 6.02863 6.45079	
1.7	12.5003 5.9729 6.43219	
1.71	12.5215 5.93025 6.41048	
1.72	12.5307 5.90513 6.38766	
1.73	12.5366 5.88633 6.37408	
1.74	12.5442 5.88513 6.36339	
1.75	12.5461 5.88206 6.36164	
1.76	12.5437 5.88699 6.36254	
1.77	12.5412 5.89706 6.35489	
1.78	12.5394 5.90246 6.36417	
1.79	12.5344 5.91549 6.379	
1.8	12.5243 5.92512 6.39622	
1.81	12.5039 5.93063 6.42774	
1.82	12.4769 5.93552 6.49096	
1.83	12.4535 5.94086 6.57953	
1.84	12.4214 5.95921 6.7016	
1.85	12.403 5.97343 6.82187	
1.86	12.3998 5.98076 6.9369	
1.87	12.4029 5.983 7.03519	
1.88	12.4043 5.97863 7.11039	
1.89	12.4001 5.97126 7.15861	
1.9	12.4073 5.95143 7.19966	
1.91	12.4147 5.93089 7.23245	
1.92	12.4274 5.93633 7.23747	
1.93	12.4257 5.96193 7.22065	
1.94	12.43 5.99338 7.18903	
1.95	12.4242 6.03333 7.15314	
1.96	12.4193 6.06903 7.1232	
1.97	12.4221 6.087 7.11156	
1.98	12.4167 6.10711 7.08905	
1.99	12.427 6.10022 7.07161	
2	12.4446 6.09186 7.04987	
2.01	12.4512 6.07427 7.03214	
2.02	12.456 6.06134 7.00763	
2.03	12.4654 6.05551 6.98321	
2.04	12.4678 6.04917 6.96701	
2.05	12.471 6.04027 6.9494	
2.06	12.477 6.0215 6.90576	
2.07	12.4849 5.99719 6.85738	
2.08	12.4913 5.9778 6.80674	
2.09	12.4976 5.98026 6.76252	
2.1	12.497 6.00375 6.70424	
2.11	12.4851 6.03904 6.55942	
2.12	12.4774 6.06127 6.36047	
2.13	12.4758 6.08433 6.10083	
2.14	12.4814 6.08815 5.86888	
2.15	12.4824 6.0844 5.65499	
2.16	12.481 6.09908 5.53706	
2.17	12.4709 6.13299 5.52617	
2.18	12.4712 6.17898 5.55309	
2.19	12.4827 6.2056 5.614	
2.2	12.5061 6.2345 5.70284	
2.21	12.5504 6.28052 5.82331	
2.22	12.583 6.32409 5.93292	
2.23	12.6054 6.34539 5.98892	
2.24	12.6285 6.33089 6.02332	
2.25	12.6745 6.30474 6.12922	
2.26	12.6961 6.29789 6.35442	
2.27	12.6843 6.31341 6.66177	
2.28	12.6758 6.31721 7.01615	
2.29	12.6525 6.3105 7.35404	
2.3	12.6454 6.28151 7.62938	
2.31	12.6516 6.23948 7.84628	
2.32	12.6608 6.19117 7.99615	
2.33	12.669 6.14643 8.0686	
2.34	12.6728 6.11832 8.07052	
2.35	12.6645 6.11139 8.04527	
2.36	12.6614 6.11355 7.99076	
2.37	12.6493 6.1254 7.91048	
2.38	12.6354 6.15096 7.83344	
2.39	12.6174 6.19005 7.8436	
2.4	12.5799 6.24483 7.90368	
2.41	12.5298 6.27298 7.95102	
2.42	12.4837 6.28567 8.01862	
2.43	12.4893 6.28748 8.10322	
2.44	12.5212 6.29425 8.19984	
2.45	12.554 6.29886 8.27629	
2.46	12.6019 6.30805 8.32356	
2.47	12.6607 6.31265 8.36388	
2.48	12.7218 6.31883 8.38248	
2.49	12.7608 6.31737 8.38917	
2.5	12.7858 6.30271 8.36184	
2.51	12.8082 6.29026 8.29856	
2.52	12.8243 6.27835 8.23342	
2.53	12.8498 6.26831 8.17604	
2.54	12.8757 6.2821 8.18332	
2.55	12.8952 6.30784 8.1935	
2.56	12.9034 6.33948 8.19531	
2.57	12.9121 6.36849 8.20461	
2.58	12.9355 6.42209 8.22538	
2.59	12.9323 6.45763 8.2175	
2.6	12.8842 6.47822 8.14221	
2.61	12.8038 6.47697 8.00424	
2.62	12.7381 6.4675 7.87122	
2.63	12.6994 6.45491 7.79008	
2.64	12.6622 6.43554 7.69674	
2.65	12.6141 6.41134 7.58532	
2.66	12.585 6.38843 7.4628	
2.67	12.5749 6.35763 7.35221	
2.68	12.564 6.34229 7.26789	
2.69	12.5545 6.32538 7.17043	
2.7	12.5465 6.30344 7.03275	
2.71	12.5428 6.28854 6.8836	
2.72	12.5411 6.27115 6.74879	
2.73	12.5527 6.25514 6.6177	
2.74	12.5571 6.25305 6.49456	
2.75	12.5617 6.26901 6.36145	
2.76	12.5796 6.29803 6.16893	
2.77	12.6202 6.30803 6.00194	
2.78	12.6668 6.32036 5.89077	
2.79	12.7475 6.34001 5.81154	
2.8	12.8112 6.35408 5.7858	
2.81	12.8491 6.38398 5.7681	
2.82	12.8834 6.40069 5.74838	
2.83	12.9221 6.42343 5.72082	
2.84	12.9625 6.43946 5.69217	
2.85	13.0278 6.45406 5.65609	
2.86	13.0904 6.47986 5.59987	
2.87	13.1161 6.53443 5.52428	
2.88	13.1191 6.6152 5.44046	
2.89	13.1213 6.71907 5.34567	
2.9	13.1263 6.8219 5.23559	
2.91	13.1396 6.92974 5.08232	
2.92	13.1528 7.02348 4.89458	
2.93	13.1551 7.10252 4.66764	
2.94	13.1493 7.15695 4.41069	
2.95	13.1557 7.19301 4.10808	
2.96	13.1694 7.19723 3.8264	
2.97	13.2072 7.16763 3.58618	
2.98	13.2702 7.13404 3.37419	
2.99	13.3359 7.11291 3.15466	
3	13.4016 7.09483 2.98579	
3.01	13.4926 7.08402 2.85244	
3.02	13.6018 7.07102 2.79314	
3.03	13.7107 7.07369 2.76435	
3.04	13.7992 7.0907 2.74202	
3.05	13.8519 7.11524 2.72989	
3.06	13.8827 7.13444 2.74748	
3.07	13.894 7.15371 2.8107	
3.08	13.8829 7.18821 2.91326	
3.09	13.8328 7.2399 3.05609	
3.1	13.7646 7.31741 3.24059	
3.11	13.7088 7.42171 3.4784	
3.12	13.646 7.55208 3.74866	
3.13	13.5853 7.68449 4.07388	
3.14	13.5316 7.81584 4.45958	
3.15	13.4957 7.92838 4.77001	
3.16	13.4819 8.02242 4.98092	
3.17	13.4709 8.0774 5.06514	
3.18	13.4678 8.08841 5.07676	
3.19	13.4601 8.0857 5.06202	
3.2	13.4449 8.06859 5.04117	
3.21	13.4244 8.04537 5.01304	
3.22	13.4006 8.02053 4.97283	
3.23	13.3801 7.99757 4.94476	
3.24	13.3661 7.97924 4.92599	
3.25	13.3521 7.96098 4.90726	
3.26	13.3233 7.95195 4.90055	
3.27	13.3074 7.94378 4.90552	
3.28	13.3019 7.94415 4.90877	
3.29	13.2993 7.93576 4.9093	
3.3	13.2965 7.93595 4.91094	
3.31	13.3078 7.92259 4.88864	
3.32	13.3108 7.90262 4.86543	
3.33	13.3172 7.88763 4.83664	
3.34	13.3133 7.87187 4.80519	
3.35	13.307 7.85182 4.73539	
3.36	13.3085 7.82798 4.63484	
3.37	13.2957 7.7995 4.53099	
3.38	13.252 7.76818 4.42531	
3.39	13.1824 7.73462 4.34552	
3.4	13.0899 7.70603 4.29674	
3.41	12.9996 7.68919 4.27208	
3.42	12.8829 7.6817 4.26392	
3.43	12.7626 7.68513 4.2596	
3.44	12.6354 7.68983 4.25617	
3.45	12.4807 7.70203 4.27262	
3.46	12.3348 7.70881 4.30858	
3.47	12.1843 7.71336 4.35518	
3.48	12.0332 7.7063 4.4088	
3.49	11.917 7.69978 4.42863	
3.5	11.828 7.68857 4.43474	
3.51	11.7706 7.6775 4.44197	
3.52	11.7168 7.68301 4.44328	
3.53	11.673 7.69036 4.44639	
3.54	11.6505 7.69312 4.45085	
3.55	11.6271 7.68871 4.45782	
3.56	11.6241 7.69051 4.46052	
3.57	11.6214 7.69476 4.46121	
3.58	11.6232 7.70319 4.46234	
3.59	11.6356 7.71246 4.46014	
3.6	11.6615 7.71071 4.46263	
3.61	11.7137 7.70981 4.4656	
3.62	11.7648 7.6994 4.47308	
3.63	11.7986 7.6887 4.47829	
3.64	11.8467 7.67853 4.48105	
3.65	11.8761 7.66374 4.48587	
3.66	11.9115 7.64737 4.49274	
3.67	11.9599 7.63732 4.50635	
3.68	12.0068 7.63071 4.53118	
3.69	12.0867 7.62504 4.55563	
3.7	12.1661 7.63333 4.56198	
3.71	12.2474 7.65261 4.57643	
3.72	12.3317 7.68102 4.59947	
3.73	12.3926 7.72048 4.64013	
3.74	12.4364 7.7539 4.68829	
3.75	12.4663 7.77963 4.73491	
3.76	12.4832 7.80501 4.793	
3.77	12.4946 7.8182 4.86668	
3.78	12.512 7.83453 4.91833	
3.79	12.5274 7.84834 4.96717	
3.8	12.5471 7.86656 4.99507	
3.81	12.5594 7.8882 5.02033	
3.82	12.5663 7.91522 5.05915	
3.83	12.5781 7.94972 5.09467	
3.84	12.5946 7.97741 5.13559	
3.85	12.5969 8.00655 5.17677	
3.86	12.6085 8.04194 5.21057	
3.87	12.636 8.07498 5.24511	
3.88	12.6756 8.08691 5.25446	
3.89	12.7346 8.09298 5.26263	
3.9	12.8274 8.09849 5.26434	
3.91	12.892 8.09969 5.2631	
3.92	12.926 8.10106 5.25437	
3.93	12.9307 8.09832 5.24506	
3.94	12.9343 8.08807 5.21902	
3.95	12.9445 8.06201 5.18698	
3.96	12.9575 8.03412 5.14967	
3.97	12.9671 8.0046 5.10403	
3.98	12.9857 7.96788 5.06209	
3.99	13.0187 7.93553 5.01875	
4	13.0509 7.90627 4.98005	
4.01	13.0895 7.88215 4.94558	
4.02	13.1255 7.86688 4.91428	
4.03	13.1529 7.85988 4.88424	
4.04	13.1788 7.85994 4.86841	
4.05	13.2045 7.85745 4.85492	
4.06	13.2394 7.85603 4.84027	
4.07	13.2577 7.85996 4.82849	
4.08	13.2686 7.86287 4.82338	
4.09	13.2643 7.86335 4.81983	
4.1	13.243 7.86863 4.80903	
4.11	13.2207 7.86699 4.8084	
4.12	13.201 7.86408 4.81019	
4.13	13.192 7.855 4.80748	
4.14	13.179 7.84778 4.8069	
4.15	13.1715 7.82986 4.80828	
4.16	13.1702 7.79916 4.81535	
4.17	13.1554 7.77571 4.81287	
4.18	13.1331 7.7441 4.82051	
4.19	13.0964 7.73216 4.82182	
4.2	13.0803 7.7251 4.82279	
4.21	13.0863 7.71725 4.82379	
4.22	13.0874 7.7239 4.81389	
4.23	13.0931 7.7294 4.80186	
4.24	13.0916 7.7379 4.77658	
4.25	13.0893 7.74939 4.74507	
4.26	13.0867 7.73638 4.69495	
4.27	13.0733 7.72099 4.63921	
4.28	13.0395 7.69523 4.56004	
4.29	12.9972 7.65242 4.4431	
4.3	12.9574 7.60504 4.30978	
4.31	12.9064 7.5453 4.17482	
4.32	12.8391 7.49789 4.09502	
4.33	12.7568 7.47236 4.08055	
4.34	12.7219 7.46036 4.08365	
4.35	12.7213 7.459 4.08801	
4.36	12.7177 7.46557 4.09007	
4.37	12.7218 7.46469 4.09594	
4.38	12.7339 7.4601 4.10733	
4.39	12.7346 7.45319 4.112	
4.4	12.7436 7.44409 4.11626	
4.41	12.7534 7.43229 4.11588	
4.42	12.7505 7.43264 4.11724	
4.43	12.7536 7.42506 4.11939	
4.44	12.7544 7.42233 4.11475	
4.45	12.7534 7.42555 4.1084	
4.46	12.7541 7.42333 4.09275	
4.47	12.7462 7.42385 4.06651	
4.48	12.7434 7.43728 4.02334	
4.49	12.7369 7.45585 3.98828	
4.5	12.7246 7.47817 3.95379	
4.51	12.7127 7.51539 3.90298	
4.52	12.6948 7.54987 3.87909	
4.53	12.6758 7.59924 3.85938	
4.54	12.6622 7.62911 3.85181	
4.55	12.6429 7.6696 3.84169	
4.56	12.6221 7.71182 3.83134	
4.57	12.6071 7.73352 3.8292	
4.58	12.5911 7.75531 3.82578	
4.59	12.5779 7.77469 3.8269	
4.6	12.5613 7.80601 3.82512	
4.61	12.5479 7.82964 3.82529	
4.62	12.5546 7.87371 3.82012	
4.63	12.5682 7.924 3.80842	
4.64	12.5726 7.97824 3.80109	
4.65	12.5795 8.03171 3.78874	
4.66	12.5707 8.07272 3.78406	
4.67	12.5678 8.10101 3.77935	
4.68	12.5553 8.12343 3.78044	
4.69	12.546 8.14242 3.77399	
4.7	12.5404 8.15774 3.77211	
4.71	12.5295 8.17851 3.76539	
4.72	12.5139 8.2056 3.75893	
4.73	12.4959 8.24131 3.75596	
4.74	12.4779 8.26779 3.74769	
4.75	12.4637 8.29048 3.72141	
4.76	12.4543 8.30026 3.68736	
4.77	12.451 8.29196 3.66916	
4.78	12.4518 8.28856 3.66969	
4.79	12.4712 8.28309 3.67306	
4.8	12.521 8.26874 3.68266	
4.81	12.6295 8.24408 3.69153	
4.82	12.7886 8.21366 3.70771	
4.83	12.9899 8.19794 3.72534	
4.84	13.19 8.21537 3.7529	
4.85	13.3787 8.25207 3.8029	
4.86	13.5632 8.30839 3.86845	
4.87	13.7456 8.36865 3.89648	
4.88	13.9085 8.42224 3.88641	
4.89	14.0195 8.48972 3.85713	
4.9	14.0827 8.549 3.81792	
4.91	14.0833 8.61661 3.76464	
4.92	14.0412 8.68429 3.72493	
4.93	13.9891 8.74656 3.69816	
4.94	13.9326 8.82052 3.65901	
4.95	13.8677 8.89302 3.63404	
4.96	13.8078 8.96987 3.61435	
4.97	13.7272 9.05988 3.59558	
4.98	13.6128 9.13972 3.58815	
4.99	13.4944 9.19202 3.5869	
5	13.3884 9.21339 3.59135	
5.01	13.283 9.21464 3.60228	
5.02	13.2308 9.19766 3.611	
5.03	13.2163 9.17876 3.61981	
5.04	13.2228 9.16461 3.62363	
5.05	13.2321 9.15846 3.62646	
5.06	13.2375 9.15531 3.6356	
5.07	13.2425 9.15725 3.64738	
5.08	13.2473 9.15591 3.67165	
5.09	13.2591 9.15711 3.69243	
5.1	13.29 9.1554 3.71087	
5.11	13.3402 9.15533 3.71781	
5.12	13.3872 9.16705 3.71597	
5.13	13.4069 9.17265 3.72958	
5.14	13.4462 9.19483 3.74478	
5.15	13.4741 9.20967 3.75573	
5.16	13.4842 9.21049 3.75618	
5.17	13.4846 9.20404 3.75902	
5.18	13.4879 9.19688 3.75862	
5.19	13.4943 9.17886 3.75665	
5.2	13.4878 9.16189 3.7386	
5.21	13.4793 9.15328 3.7174	
5.22	13.4665 9.14986 3.69703	
5.23	13.4505 9.15009 3.68791	
5.24	13.4342 9.16335 3.68363	
5.25	13.4165 9.17946 3.68578	
5.26	13.4028 9.19819 3.67233	
5.27	13.3954 9.21827 3.64014	
5.28	13.3787 9.24276 3.57808	
5.29	13.3628 9.25893 3.52433	
5.3	13.3452 9.27601 3.50314	
5.31	13.3268 9.30218 3.49771	
5.32	13.3116 9.32122 3.49173	
5.33	13.2977 9.33879 3.47927	
5.34	13.2823 9.34767 3.45115	
5.35	13.2811 9.35683 3.39644	
5.36	13.2861 9.35692 3.30982	
5.37	13.2995 9.34878 3.22717	
5.38	13.2988 9.33814 3.19179	
5.39	13.2924 9.331 3.22338	
5.4	13.2834 9.33227 3.26729	
5.41	13.253 9.32775 3.30042	
5.42	13.2327 9.32221 3.31397	
5.43	13.2412 9.30095 3.29037	
5.44	13.2386 9.27218 3.25613	
5.45	13.2289 9.24707 3.23182	
5.46	13.2126 9.23199 3.23832	
5.47	13.2006 9.22191 3.2657	
5.48	13.1902 9.21866 3.2809	
5.49	13.1944 9.21036 3.29201	
5.5	13.2001 9.20377 3.29369	
5.51	13.202 9.19645 3.28276	
5.52	13.2022 9.18869 3.27249	
5.53	13.2008 9.18719 3.26972	
5.54	13.1951 9.18882 3.26885	
5.55	13.2016 9.18796 3.26395	
5.56	13.2184 9.17947 3.24456	
5.57	13.2266 9.16979 3.20669	
5.58	13.2264 9.16839 3.17059	
5.59	13.2252 9.17099 3.14945	
5.6	13.2186 9.18459 3.14779	
5.61	13.2096 9.19886 3.14829	
5.62	13.2081 9.21688 3.14618	
5.63	13.2182 9.23934 3.14172	
5.64	13.2367 9.26333 3.14181	
5.65	13.2909 9.28018 3.1362	
5.66	13.3617 9.29785 3.11045	
5.67	13.4398 9.32043 3.09708	
5.68	13.5023 9.35124 3.09601	
5.69	13.5414 9.40392 3.09212	
5.7	13.5712 9.45136 3.08853	
5.71	13.5944 9.49855 3.08687	
5.72	13.6179 9.54287 3.08582	
5.73	13.6507 9.57312 3.08397	
5.74	13.6923 9.59752 3.07787	
5.75	13.7359 9.61797 3.06191	
5.76	13.7907 9.63047 3.02944	
5.77	13.8353 9.63621 2.99426	
5.78	13.881 9.64019 2.95408	
5.79	13.9198 9.64446 2.93117	
5.8	13.9558 9.65582 2.92621	
5.81	13.9767 9.6696 2.92798	
5.82	14.0076 9.68375 2.92544	
5.83	14.0364 9.69201 2.93004	
5.84	14.0746 9.70549 2.92769	
5.85	14.1011 9.72309 2.92719	
5.86	14.1208 9.73225 2.92691	
5.87	14.1358 9.75619 2.9329	
5.88	14.1578 9.77306 2.94751	
5.89	14.1729 9.80724 2.96818	
5.9	14.1817 9.83574 2.98159	
5.91	14.1914 9.86228 2.99006	
5.92	14.1812 9.8827 2.98606	
5.93	14.1716 9.89838 2.98469	
5.94	14.1657 9.90738 2.99423	
5.95	14.1319 9.9231 3.04348	
5.96	14.062 9.96291 3.15928	
5.97	13.9755 10.0093 3.32668	
5.98	13.8786 10.0564 3.50932	
5.99	13.8037 10.0923 3.61589	
6	13.7806 10.0935 3.63329	
6.01	13.7842 10.0917 3.62297	
6.02	13.7925 10.0935 3.61707	
6.03	13.7986 10.1077 3.63574	
6.04	13.8031 10.1207 3.64844	
6.05	13.8106 10.1265 3.64547	
6.06	13.8254 10.1249 3.63078	
6.07	13.8343 10.1238 3.60951	
6.08	13.8539 10.1176 3.58079	
6.09	13.873 10.1119 3.54751	
6.1	13.892 10.0993 3.51316	
6.11	13.9066 10.0874 3.46102	
6.12	13.9151 10.066 3.41603	
6.13	13.9312 10.0402 3.37481	
6.14	13.9546 10.0065 3.34115	
6.15	13.9783 9.97237 3.32384	
6.16	14.0107 9.93351 3.30775	
6.17	14.0531 9.88871 3.29294	
6.18	14.1079 9.84353 3.27366	
6.19	14.1517 9.79533 3.26046	
6.2	14.2066 9.74276 3.24696	
6.21	14.2563 9.7015 3.23259	
6.22	14.3022 9.67547 3.21335	
6.23	14.3374 9.65902 3.19307	
6.24	14.3609 9.65087 3.1733	
6.25	14.3812 9.64259 3.14751	
6.26	14.3956 9.62665 3.1238	
6.27	14.4103 9.61239 3.08769	
6.28	14.3942 9.59318 3.06106	
6.29	14.3586 9.57885 3.05653	
6.3	14.2872 9.55703 3.05333	
6.31	14.1969 9.52017 3.05263	
6.32	14.0828 9.47493 3.0502	
6.33	13.9661 9.42424 3.0535	
6.34	13.8447 9.36165 3.04785	
6.35	13.7172 9.29803 3.05093	
6.36	13.6232 9.24528 3.0332	
6.37	13.55 9.19288 3.01437	
6.38	13.4936 9.15393 3.00142	
6.39	13.451 9.13716 3.00167	
6.4	13.4337 9.1289 3.0087	
6.41	13.4318 9.13899 3.00873	
6.42	13.4383 9.16755 3.00339	
6.43	13.4257 9.20281 2.99979	
6.44	13.4166 9.23834 2.99614	
6.45	13.4234 9.26266 2.99163	
6.46	13.4404 9.28164 2.99141	
6.47	13.4548 9.29177 2.99058	
6.48	13.461 9.30366 2.99105	
6.49	13.4682 9.31321 2.9867	
6.5	13.471 9.32172 2.97539	
6.51	13.4748 9.32718 2.9559	
6.52	13.4712 9.33282 2.93625	
6.53	13.4694 9.33388 2.90691	
6.54	13.4693 9.33044 2.86786	
6.55	13.4672 9.32027 2.82255	
6.56	13.4673 9.30078 2.76467	
6.57	13.4689 9.27425 2.68697	
6.58	13.4805 9.24082 2.57894	
6.59	13.4907 9.20453 2.45196	
6.6	13.4904 9.17522 2.3457	
6.61	13.4928 9.1367 2.28416	
6.62	13.4734 9.07809 2.37729	
6.63	13.4594 9.10443 2.39924	
6.64	13.4178 9.09103 2.4841	
6.65	13.3822 9.10292 2.55197	
6.66	13.3473 9.15453 2.59804	
6.67	13.3616 9.23194 2.63523	
6.68	13.3666 9.30593 2.6617	
6.69	13.273 9.36352 2.69983	
6.7	13.0845 9.43645 2.73701	
6.71	12.9037 9.43709 2.80052	
6.72	12.82 9.37867 2.82614	
6.73	12.728 9.32035 2.9098	
6.74	12.6535 9.26253 3.05268	
6.75	12.6289 9.12762 2.90645	
6.76	12.5795 9.05457 2.83257	
6.77	12.525 9.0187 2.73264	
6.78	12.4662 9.06681 2.76656	
6.79	12.4376 9.105 2.85351	
6.8	12.4132 9.09486 2.83665	
6.81	12.3954 9.06704 2.79841	
6.82	12.3618 9.05028 2.71091	
6.83	12.2561 9.10573 2.73111	
6.84	11.9491 9.17702 2.78544	
6.85	11.6258 9.14716 2.84551	
6.86	11.3894 9.12634 2.82708	
6.87	11.1668 9.05546 2.74812	
6.88	10.9991 9.00005 2.70034	
6.89	10.7125 8.90538 2.57529	
6.9	10.5226 8.85405 2.55377	
6.91	10.2528 8.84085 2.54532	
6.92	10.1664 8.82047 2.52545	
6.93	10.0485 8.78362 2.39476	
6.94	10.0204 8.78698 2.35522	
6.95	9.83742 8.73645 2.25773	
6.96	9.79618 8.60962 2.25127	
6.97	9.77812 8.66527 2.25284	
6.98	9.78785 8.6837 2.26005	
6.99	9.36299 8.50284 1.25138	
7	8.96968 8.87855 2.12645	
7.01	9.03667 9.22219 3.3413	
7.02	10.3776 10.3907 4.38307	
7.03	12.4838 10.0498 2.18608	
7.04	11.6821 10.1818 2.94025	
7.05	11.5845 10.0757 2.80969	
7.06	11.2506 9.85543 2.64562	
7.07	11.0693 10.0497 2.76292	
7.08	10.8988 10.0083 2.81714	
7.09	10.637 9.98905 2.99752	
7.1	10.2591 9.95171 3.02105	
7.11	10.1056 9.98709 2.99841	
7.12	9.97133 10.0166 3.13775	
7.13	9.79578 9.98682 3.2549	
7.14	9.75838 9.99662 3.24146	
7.15	9.81888 9.98923 3.2261	
7.16	9.86177 9.95374 3.21731	
7.17	10.0155 9.92499 3.22046	
7.18	10.0943 9.91101 3.25326	
7.19	10.1512 9.9185 3.25195	
7.2	10.1667 9.88503 3.30532	
7.21	10.0933 9.77609 3.37707	
7.22	10.062 9.73608 3.36694	
7.23	10.0714 9.72948 3.34631	
7.24	10.0937 9.73904 3.32091	
7.25	10.161 9.76127 3.2445	
7.26	10.2157 9.77321 3.29569	
7.27	10.486 9.81218 3.39665	
7.28	10.9414 9.8473 3.90649	
7.29	11.3344 9.91961 4.48837	
7.3	11.6131 9.94341 4.83714	
7.31	11.732 9.88843 5.00839	
7.32	11.7041 9.73468 5.13501	
7.33	11.632 9.55763 5.21616	
7.34	11.6256 9.47693 5.27113	
7.35	11.7034 9.42698 5.34625	
7.36	11.8756 9.26085 5.66135	
7.37	12.0432 9.01187 6.26426	
7.38	12.2411 8.64068 6.82997	
7.39	12.3875 8.12034 7.52245	
7.4	12.3727 7.58175 8.24639	
7.41	12.311 7.06794 8.76477	
7.42	12.2336 6.65785 9.06193	
7.43	12.0255 6.29463 9.3316	
7.44	11.9637 5.80338 9.45065	
7.45	12.0249 5.34452 9.4878	
7.46	12.2272 4.83411 9.57086	
7.47	12.4387 4.27372 9.6067	
7.48	12.5475 3.66308 9.61287	
7.49	12.5038 3.15837 9.41329	
7.5	12.2781 2.87694 9.07186	
7.51	12.0411 2.82002 8.55137	
7.52	11.9565 2.83699 7.97716	
7.53	12.023 2.82999 7.55658	
7.54	12.075 2.93808 7.12862	
7.55	12.2012 3.05733 6.78727	
7.56	12.4844 3.04495 6.50622	
7.57	12.7898 2.97958 6.18717	
7.58	13.0785 2.99077 5.76278	
7.59	13.3741 2.96572 5.34814	
7.6	13.7217 2.80379 5.07525	
7.61	14.0331 2.7252 4.87589	
7.62	14.193 2.715 4.69267	
7.63	14.2741 2.73758 4.54854	
7.64	14.263 2.80414 4.37731	
7.65	14.2464 2.92007 4.21806	
7.66	14.2312 3.11963 4.02506	
7.67	14.2718 3.41994 3.81112	
7.68	14.3915 3.73223 3.52555	
7.69	14.4016 3.82723 3.32762	
7.7	14.408 3.83504 3.27127	
7.71	14.4975 3.89278 3.29128	
7.72	14.6005 4.01576 3.38069	
7.73	14.6222 4.08843 3.65496	
7.74	14.5819 4.14355 3.94042	
7.75	14.5866 4.17452 4.153	
7.76	14.5196 4.1978 4.30818	
7.77	14.4568 4.12523 4.57541	
7.78	14.3493 3.86244 5.33744	
7.79	14.3397 3.64834 5.88386	
7.8	14.3465 3.57598 6.06466	
7.81	14.2518 3.57706 6.08635	
7.82	14.1023 3.45967 6.1166	
7.83	13.9057 2.97975 6.21727	
7.84	13.7993 2.44443 6.50484	
7.85	13.9456 2.50305 6.49304	
7.86	13.9787 2.61029 6.48384	
7.87	13.8111 2.43583 6.53357	
7.88	13.5629 2.22408 6.56464	
7.89	13.4713 2.15427 6.49176	
7.9	13.4388 2.09429 6.39917	
7.91	13.4465 1.971 6.29914	
7.92	13.4817 1.91286 6.06475	
7.93	13.6472 1.97979 5.79422	
7.94	13.8819 2.01452 5.50661	
7.95	14.1658 2.04277 5.23822	
7.96	14.417 2.0967 5.02713	
7.97	14.4749 2.26337 4.93155	
7.98	14.38 2.58294 4.76861	
7.99	14.2557 2.8776 4.47173	
8	14.0186 3.05741 4.33744	
8.01	13.7386 3.18405 4.32234	
8.02	13.5319 3.50531 4.13007	
8.03	13.3522 3.82986 3.91124	
8.04	13.3424 3.87953 3.88643	
8.05	13.4884 3.80422 3.92893	
8.06	13.7207 3.82027 4.02764	
8.07	13.8107 3.86188 4.20842	
8.08	13.8576 3.91258 4.29635	
8.09	13.895 3.91117 4.33294	
8.1	13.8976 3.81624 4.38188	
8.11	13.8765 3.61745 4.42705	
8.12	13.785 3.52455 4.45223	
8.13	13.7671 3.5209 4.44734	
8.14	13.7856 3.32378 4.33365	
8.15	13.8359 2.98217 4.10542	
8.16	13.8077 2.89453 3.97316	
8.17	13.7302 2.90132 3.96895	
8.18	13.7206 2.88532 3.94092	
8.19	13.7038 2.80612 3.77254	
8.2	13.7081 2.78218 3.59906	
8.21	13.6603 2.89591 3.52251	
8.22	13.599 2.95283 3.47698	
8.23	13.5317 3.0105 3.39883	
8.24	13.4671 3.08304 3.3118	
8.25	13.4038 3.13084 3.27919	
8.26	13.3128 3.15082 3.26215	
8.27	13.1708 3.18621 3.2414	
8.28	13.0894 3.19162 3.20381	
8.29	12.9769 3.27141 3.14654	
8.3	12.9128 3.27458 3.14273	
8.31	12.9015 3.24488 3.15813	
8.32	12.9258 3.22788 3.15021	
8.33	12.9196 3.20256 3.10881	
8.34	12.928 3.19236 3.11813	
8.35	13.0688 3.26349 3.2973	
8.36	13.3618 3.31566 3.57242	
8.37	13.6578 3.44719 3.87146	
8.38	13.8278 3.64504 3.98561	
8.39	13.8531 3.78283 3.97822	
8.4	13.9694 3.82839 3.9861	
8.41	14.0752 3.99217 3.92641	
8.42	14.1081 4.14033 3.83784	
8.43	14.0884 4.12825 3.68897	
8.44	14.0394 4.11601 3.43957	
8.45	14.0208 4.0442 3.13158	
8.46	14.0058 3.96679 2.88254	
8.47	13.9656 3.89871 2.81363	
8.48	13.9111 3.87443 2.80312	
8.49	13.9024 3.84506 2.79848	
8.5	13.8736 3.80035 2.72691	
8.51	13.8573 3.73225 2.59562	
8.52	13.831 3.66767 2.46953	
8.53	13.8097 3.64723 2.37614	
8.54	13.7995 3.6145 2.3085	
8.55	13.8288 3.5559 2.31692	
8.56	13.8073 3.58836 2.3321	
8.57	13.7868 3.64709 2.35871	
8.58	13.9073 3.76063 2.55799	
8.59	14.1168 3.86014 2.65483	
8.6	14.2921 4.00579 2.6218	
8.61	14.2837 4.12694 2.5471	
8.62	14.1028 4.19934 2.43288	
8.63	13.8569 4.19109 2.32618	
8.64	13.5049 4.18608 2.18118	
8.65	12.9606 4.02063 1.91211	
8.66	12.5859 3.97405 1.72579	
8.67	12.3549 3.88941 1.58667	
8.68	11.6959 3.67485 1.42024	
8.69	11.2454 3.72506 1.48979	
8.7	10.9759 3.62737 1.52155	
8.71	10.6027 3.65939 1.59194	
8.72	10.3535 3.59362 1.65164	
8.73	10.1836 3.39024 1.46732	
8.74	9.89956 3.28058 1.48035	
8.75	9.48462 3.33385 1.74591	
8.76	9.42791 3.35529 1.87597	
8.77	9.34685 3.42483 2.00627	
8.78	9.29412 3.41678 2.33065	
8.79	9.25473 3.42277 2.33432	
8.8	9.13166 3.42489 2.32733	
8.81	8.91123 3.44897 2.38364	
8.82	8.75417 3.41247 2.35818	
8.83	8.53701 3.34282 2.40275	
8.84	8.46017 3.37632 2.26579	
8.85	8.2744 3.43442 2.17887	
8.86	8.20793 3.45982 2.15292	
8.87	8.25029 3.51436 2.26218	
8.88	8.27909 3.40846 2.19338	
8.89	8.28509 3.60446 2.19029	
8.9	10.0607 4.47593 4.29673	
8.91	11.7756 5.76153 3.99727	
8.92	12.4611 3.77231 2.82727	
8.93	12.2081 4.02794 3.25762	
8.94	12.1112 4.31803 3.44668	
8.95	12.0871 4.7237 3.85673	
8.96	11.9974 5.25203 4.19592	
8.97	11.7498 6.40963 4.83914	
8.98	11.5113 7.60114 5.30696	
8.99	11.5182 8.61598 5.34251	
9	11.4805 10.0783 5.49927	
9.01	11.7273 11.7164 5.28751	
9.02	11.419 12.9183 5.55928	
9.03	11.2057 13.8864 6.1948	
9.04	10.999 13.9905 6.30197	
9.05	10.7394 14.0473 6.38788	
9.06	10.5563 14.0946 6.43144	
9.07	10.449 14.1207 6.44756	
9.08	10.3913 14.139 6.4523	
9.09	10.5996 14.1014 6.40331	
9.1	10.6093 14.1062 6.39582	
9.11	10.6139 14.149 6.39819	
9.12	10.6123 14.1578 6.39428	
9.13	10.6141 14.1692 6.39043	
9.14	10.6098 14.1813 6.38815	
9.15	10.6117 14.1919 6.38446	
9.16	10.6077 14.2067 6.38301	
9.17	10.6094 14.213 6.37883	
9.18	10.606 14.2227 6.37654	
9.19	10.604 14.233 6.37424	
9.2	10.6028 14.2423 6.37169	
9.21	10.6029 14.2541 6.36952	
