# Gnuplot File : positions of 1 particle(s) Monitored
# 1st Column : time, others : particle(s) number 0 
0.01	9.80093 19.9082 3.10891	
0.02	9.79977 19.9084 3.10995	
0.03	9.79996 19.9085 3.10999	
0.04	9.79977 19.9084 3.10962	
0.05	9.79977 19.908 3.1081	
0.06	9.79977 19.9084 3.10944	
0.07	9.79996 19.9085 3.10961	
0.08	9.79977 19.9084 3.10934	
0.09	9.79996 19.9085 3.10954	
0.1	9.79996 19.9085 3.10952	
0.11	9.79996 19.9085 3.1095	
0.12	9.80093 19.9086 3.10935	
0.13	9.79977 19.9084 3.10925	
0.14	9.79996 19.9085 3.10948	
0.15	9.79977 19.9084 3.10924	
0.16	9.79977 19.9084 3.10924	
0.17	9.79977 19.9084 3.10924	
0.18	9.79996 19.9085 3.10947	
0.19	9.79996 19.9085 3.10947	
0.2	9.79977 19.9088 3.11065	
0.21	10.2322 19.8848 3.05753	
0.22	10.23 19.8081 2.9613	
0.23	10.1583 19.5195 2.89573	
0.24	10.1612 18.892 2.59188	
0.25	10.161 18.055 2.09108	
0.26	10.2246 17.7722 1.66617	
0.27	10.1938 17.6478 1.51106	
0.28	10.1818 17.6832 1.84818	
0.29	10.1819 17.6623 1.69505	
0.3	10.181 17.6557 1.66212	
0.31	10.1824 17.655 1.6638	
0.32	10.1844 17.653 1.65863	
0.33	10.1099 17.6831 1.68638	
0.34	9.92974 17.8621 1.96002	
0.35	9.86004 18.1043 2.47801	
0.36	10.1252 18.3192 2.81405	
0.37	10.2693 18.3623 2.97456	
0.38	10.271 18.373 3.16955	
0.39	10.2359 18.5173 3.42352	
0.4	10.2152 18.7135 3.48576	
0.41	10.1031 19.1994 3.57609	
0.42	10.0603 19.3182 3.58177	
0.43	10.0494 19.5588 3.45201	
0.44	9.91074 19.3283 3.36236	
0.45	9.93616 19.2226 3.34226	
0.46	9.95971 19.3731 3.35647	
0.47	9.93418 19.6581 3.35099	
0.48	9.98544 19.9504 3.20309	
0.49	9.99559 19.9532 3.21617	
0.5	10.0321 19.9494 3.19979	
0.51	10.0364 19.949 3.19878	
0.52	10.0397 19.9491 3.19978	
0.53	10.0403 19.9491 3.1996	
0.54	10.0418 19.949 3.19929	
0.55	10.0623 19.9471 3.19524	
0.56	10.0604 19.9473 3.19563	
0.57	10.0348 19.9494 3.20016	
0.58	10.0306 19.8622 3.23073	
0.59	10.0339 19.8587 3.23819	
0.6	10.025 19.8753 3.25021	
0.61	10.0045 19.9136 3.25301	
0.62	10.0175 19.9288 3.23846	
0.63	10.0155 20.0009 3.25217	
0.64	10.0059 19.9503 3.20227	
0.65	10.0091 19.9497 3.19926	
0.66	10.0116 19.9499 3.20058	
0.67	10.0189 19.9497 3.20013	
0.68	10.0282 19.949 3.19744	
0.69	10.037 19.9495 3.20127	
0.7	10.0335 19.9494 3.20027	
0.71	10.0177 19.9488 3.19567	
0.72	10.0192 19.9498 3.20034	
0.73	10.017 19.9501 3.20187	
0.74	10.0161 19.9508 3.20479	
0.75	10.0145 19.9502 3.20189	
0.76	10.0129 19.9505 3.20344	
0.77	10.0104 19.9506 3.2035	
0.78	10.0116 19.9503 3.20209	
0.79	10.0097 19.9506 3.20363	
0.8	10.01 19.9506 3.20361	
0.81	10.0126 19.9502 3.20205	
0.82	10.0094 19.9503 3.20213	
0.83	10.0033 19.9504 3.20232	
0.84	9.99983 19.9504 3.20234	
0.85	9.99503 19.9507 3.20374	
0.86	9.99216 19.9509 3.20512	
0.87	9.98932 19.9503 3.20214	
0.88	9.98836 19.9503 3.2021	
0.89	9.98773 19.9502 3.20207	
0.9	9.98991 19.9503 3.20207	
0.91	9.98834 19.9499 3.20059	
0.92	9.98926 19.9493 3.19765	
0.93	9.99051 19.9493 3.19766	
0.94	9.98677 19.9502 3.20203	
0.95	9.98802 19.9502 3.20203	
0.96	9.9877 19.9499 3.20056	
0.97	9.98614 19.9502 3.202	
0.98	9.98489 19.9502 3.20199	
0.99	9.9833 19.9502 3.2019	
1	9.98234 19.9504 3.20331	
1.01	9.98139 19.9504 3.20325	
1.02	9.98044 19.9501 3.20173	
1.03	9.97917 19.95 3.20164	
1.04	9.97758 19.95 3.20152	
1.05	9.97787 19.8884 3.22284	
1.06	9.96251 19.6915 3.32331	
1.07	9.95063 19.4955 3.48437	
1.08	9.93612 19.2878 3.62027	
1.09	9.90554 19.061 3.66235	
1.1	9.8928 18.9511 3.6574	
1.11	9.93612 18.9384 3.66402	
1.12	10.0508 18.9657 3.67571	
1.13	10.1424 18.9989 3.68654	
1.14	10.1668 18.9864 3.67687	
1.15	10.1697 18.9122 3.65314	
1.16	10.1694 18.8005 3.61832	
1.17	10.1699 18.6836 3.58409	
1.18	10.1733 18.5846 3.56335	
1.19	10.1748 18.5183 3.55516	
1.2	10.1801 18.498 3.5547	
1.21	10.1776 18.5005 3.56485	
1.22	10.1749 18.5019 3.57066	
1.23	10.1723 18.5029 3.57502	
1.24	10.1696 18.5036 3.57792	
1.25	10.1683 18.5039 3.57938	
1.26	10.1679 18.5093 3.58108	
1.27	10.1666 18.5204 3.586	
1.28	10.163 18.5311 3.58946	
1.29	10.1592 18.5361 3.58972	
1.3	10.151 18.5362 3.59118	
1.31	10.1463 18.5358 3.58972	
1.32	10.1449 18.5358 3.58972	
1.33	10.1436 18.5357 3.58971	
1.34	10.1433 18.5357 3.58969	
1.35	10.1418 18.5429 3.59654	
1.36	10.1417 18.548 3.59683	
1.37	10.1403 18.5533 3.59856	
1.38	10.1416 18.5548 3.60223	
1.39	10.1401 18.5602 3.60397	
1.4	10.1399 18.571 3.60746	
1.41	10.1398 18.5763 3.60921	
1.42	10.1432 18.5782 3.61433	
1.43	10.1497 18.591 3.62295	
1.44	10.1664 18.6061 3.63816	
1.45	10.197 18.6255 3.65148	
1.46	10.2368 18.647 3.66994	
1.47	10.2733 18.6649 3.67819	
1.48	10.3102 18.6842 3.68864	
1.49	10.3311 18.7164 3.72427	
1.5	10.3326 18.7456 3.76541	
1.51	10.3383 18.7714 3.79634	
1.52	10.3381 18.777 3.81164	
1.53	10.3398 18.7825 3.82547	
1.54	10.3415 18.7886 3.84223	
1.55	10.3467 18.7908 3.84733	
1.56	10.3593 18.7753 3.84192	
1.57	10.3745 18.733 3.82758	
1.58	10.3932 18.6893 3.8218	
1.59	10.412 18.65 3.82929	
1.6	10.4389 18.612 3.85194	
1.61	10.4577 18.579 3.87646	
1.62	10.4744 18.5498 3.89919	
1.63	10.488 18.517 3.92543	
1.64	10.5142 18.4687 3.94686	
1.65	10.5507 18.4053 3.97584	
1.66	10.5824 18.3366 4.00516	
1.67	10.6072 18.2397 4.03887	
1.68	10.6709 18.1563 4.07508	
1.69	10.7081 18.0977 4.12932	
1.7	10.755 18.0678 4.1689	
1.71	10.7689 18.0496 4.18415	
1.72	10.7802 18.0464 4.1886	
1.73	10.7807 18.0413 4.18866	
1.74	10.7841 18.0443 4.19659	
1.75	10.7933 18.0385 4.20378	
1.76	10.8062 18.0422 4.21025	
1.77	10.8162 18.038 4.21033	
1.78	10.8263 18.0412 4.21535	
1.79	10.8415 18.0428 4.21537	
1.8	10.8651 18.0342 4.2126	
1.81	10.8965 18.0067 4.20931	
1.82	10.9268 17.9692 4.217	
1.83	10.9583 17.9212 4.22363	
1.84	11.0199 17.8579 4.22164	
1.85	11.1325 17.848 4.23818	
1.86	11.3113 17.8605 4.26951	
1.87	11.492 17.8932 4.32688	
1.88	11.7024 17.9286 4.39151	
1.89	11.927 17.9588 4.45001	
1.9	12.1641 17.9721 4.50141	
1.91	12.3203 17.9663 4.52292	
1.92	12.4588 17.9568 4.53104	
1.93	12.6027 17.9553 4.54917	
1.94	12.7135 17.9611 4.56599	
1.95	12.8097 17.9588 4.57308	
1.96	12.8782 17.9695 4.57839	
1.97	12.9137 17.9735 4.57851	
1.98	12.9289 17.9773 4.5784	
1.99	12.9361 17.9814 4.58465	
2	12.9355 17.975 4.58351	
2.01	12.9368 17.9637 4.58274	
2.02	12.9405 17.9415 4.57831	
2.03	12.9437 17.931 4.57613	
2.04	12.9499 17.9152 4.57284	
2.05	12.9488 17.8917 4.56855	
2.06	12.9457 17.8621 4.56468	
2.07	12.956 17.8274 4.56224	
2.08	12.9691 17.784 4.573	
2.09	12.9804 17.7466 4.60748	
2.1	12.9918 17.7093 4.65386	
2.11	13.0072 17.6606 4.71765	
2.12	13.0177 17.6259 4.77961	
2.13	13.0261 17.5939 4.83636	
2.14	13.0325 17.5732 4.88468	
2.15	13.0374 17.5586 4.93681	
2.16	13.0424 17.5389 4.97792	
2.17	13.0426 17.5063 5.01746	
2.18	13.0427 17.4645 5.06035	
2.19	13.0403 17.4052 5.11005	
2.2	13.0448 17.3538 5.18002	
2.21	13.0549 17.3157 5.26046	
2.22	13.0597 17.2825 5.35204	
2.23	13.067 17.254 5.43081	
2.24	13.0658 17.2503 5.50936	
2.25	13.0681 17.2579 5.55821	
2.26	13.0644 17.2764 5.6096	
2.27	13.0566 17.2985 5.64979	
2.28	13.0448 17.3099 5.67451	
2.29	13.0293 17.3112 5.69546	
2.3	13.0126 17.3035 5.69952	
2.31	13.0035 17.3067 5.70157	
2.32	12.9973 17.3172 5.70271	
2.33	12.9926 17.3385 5.70501	
2.34	12.9872 17.357 5.70271	
2.35	12.9768 17.3601 5.70479	
2.36	12.9689 17.3631 5.70538	
2.37	12.9578 17.371 5.70509	
2.38	12.9425 17.3897 5.70752	
2.39	12.9283 17.4115 5.70743	
2.4	12.9224 17.4324 5.68394	
2.41	12.9194 17.4426 5.65055	
2.42	12.9184 17.4501 5.61968	
2.43	12.9192 17.4472 5.58028	
2.44	12.9235 17.4273 5.51988	
2.45	12.9194 17.3934 5.45798	
2.46	12.9135 17.3426 5.39384	
2.47	12.9093 17.2671 5.33245	
2.48	12.9124 17.1935 5.28725	
2.49	12.9132 17.137 5.26323	
2.5	12.923 17.0922 5.2462	
2.51	12.9324 17.0528 5.24021	
2.52	12.9433 17.0079 5.23229	
2.53	12.9561 16.9547 5.22815	
2.54	12.9711 16.8963 5.22374	
2.55	12.993 16.8168 5.21905	
2.56	13.0094 16.7245 5.21542	
2.57	13.021 16.6112 5.217	
2.58	13.0431 16.4879 5.21847	
2.59	13.0732 16.3784 5.21519	
2.6	13.0986 16.2841 5.20435	
2.61	13.1066 16.2437 5.1988	
2.62	13.1251 16.1761 5.199	
2.63	13.1285 16.1124 5.19937	
2.64	13.1362 16.0636 5.1925	
2.65	13.1529 16.0294 5.20575	
2.66	13.153 16.0093 5.20506	
2.67	13.1553 15.9835 5.19722	
2.68	13.1555 15.954 5.20168	
2.69	13.1535 15.9071 5.20114	
2.7	13.142 15.8463 5.20477	
2.71	13.1436 15.779 5.22181	
2.72	13.1356 15.7127 5.21948	
2.73	13.1126 15.6214 5.23066	
2.74	13.0922 15.5519 5.22688	
2.75	13.0906 15.4613 5.23248	
2.76	13.087 15.3856 5.24953	
2.77	13.0839 15.3141 5.26202	
2.78	13.0795 15.2666 5.27839	
2.79	13.0613 15.2318 5.29195	
2.8	13.0496 15.2059 5.29707	
2.81	13.0486 15.1749 5.31514	
2.82	13.0428 15.1297 5.32888	
2.83	13.0298 15.0695 5.34395	
2.84	13.0068 14.9983 5.35368	
2.85	12.9727 14.9076 5.36522	
2.86	12.9408 14.798 5.38264	
2.87	12.9109 14.6811 5.39896	
2.88	12.8849 14.5598 5.41476	
2.89	12.8598 14.4611 5.42959	
2.9	12.8382 14.3615 5.45297	
2.91	12.8169 14.2704 5.48269	
2.92	12.8045 14.1789 5.50817	
2.93	12.8018 14.0813 5.53161	
2.94	12.8065 13.9907 5.5521	
2.95	12.8247 13.8969 5.57244	
2.96	12.8423 13.8113 5.59753	
2.97	12.8597 13.7258 5.62323	
2.98	12.8715 13.6227 5.65338	
2.99	12.8761 13.5212 5.67879	
3	12.8804 13.4144 5.70578	
3.01	12.8908 13.3097 5.73659	
3.02	12.8876 13.213 5.7649	
3.03	12.8704 13.1192 5.79288	
3.04	12.8342 13.0269 5.81898	
3.05	12.8026 12.9363 5.84708	
3.06	12.7686 12.8557 5.87065	
3.07	12.7262 12.7791 5.892	
3.08	12.6591 12.6932 5.91625	
3.09	12.6001 12.6258 5.93892	
3.1	12.5383 12.574 5.95687	
3.11	12.4573 12.5243 5.97231	
3.12	12.3681 12.4741 5.98779	
3.13	12.2835 12.4255 6.00482	
3.14	12.2018 12.3831 6.01922	
3.15	12.1049 12.3391 6.03216	
3.16	12.0176 12.323 6.03756	
3.17	11.9431 12.314 6.04031	
3.18	11.9061 12.3098 6.04163	
3.19	11.8909 12.308 6.04157	
3.2	11.8894 12.3081 6.04302	
3.21	11.8865 12.3079 6.04297	
3.22	11.891 12.3086 6.04294	
3.23	11.8973 12.3094 6.04294	
3.24	11.8845 12.3001 6.04089	
3.25	11.8685 12.2822 6.04461	
3.26	11.8464 12.2636 6.04835	
3.27	11.8162 12.2496 6.05231	
3.28	11.7794 12.2399 6.05354	
3.29	11.7364 12.2298 6.05625	
3.3	11.6803 12.2154 6.05273	
3.31	11.6246 12.1965 6.05342	
3.32	11.555 12.1787 6.0559	
3.33	11.4868 12.1612 6.0584	
3.34	11.4115 12.1383 6.06217	
3.35	11.3177 12.114 6.06597	
3.36	11.2168 12.0822 6.06781	
3.37	11.1147 12.0429 6.07556	
3.38	11.0146 12.0153 6.08222	
3.39	10.9275 11.9888 6.08748	
3.4	10.8472 11.9738 6.09161	
3.41	10.78 11.9674 6.08688	
3.42	10.7129 11.9587 6.07742	
3.43	10.647 11.9556 6.07745	
3.44	10.5739 11.9525 6.07749	
3.45	10.4989 11.9496 6.07756	
3.46	10.4315 11.9475 6.07911	
3.47	10.3645 11.9426 6.07296	
3.48	10.2571 11.9375 6.06983	
3.49	10.1617 11.9303 6.06051	
3.5	10.0353 11.9183 6.04171	
3.51	9.90896 11.907 6.02142	
3.52	9.78185 11.8944 5.99787	
3.53	9.66696 11.8903 5.98862	
3.54	9.54954 11.8923 5.97963	
3.55	9.44147 11.8946 5.97847	
3.56	9.3323 11.8978 5.97887	
3.57	9.22316 11.9017 5.97931	
3.58	9.14185 11.9051 5.97964	
3.59	9.0731 11.9133 5.97865	
3.6	9.03231 11.934 5.98696	
3.61	9.00955 11.9656 5.99637	
3.62	8.99122 11.9843 5.99434	
3.63	8.97367 12.0068 5.99203	
3.64	8.96369 12.0297 5.98587	
3.65	8.9671 12.0484 5.98289	
3.66	8.96717 12.0931 5.97913	
3.67	8.97662 12.1232 5.97121	
3.68	8.97312 12.162 5.95402	
3.69	8.97847 12.1801 5.95188	
3.7	8.98108 12.2112 5.95066	
3.71	8.98438 12.2194 5.95452	
3.72	8.99234 12.2509 5.96567	
3.73	8.99875 12.2966 5.97255	
3.74	8.99572 12.3241 5.96828	
3.75	8.99444 12.3798 5.95397	
3.76	8.99332 12.4244 5.94039	
3.77	8.99402 12.4795 5.92703	
3.78	8.99614 12.5498 5.90825	
3.79	8.98752 12.6237 5.89504	
3.8	8.97182 12.6794 5.88092	
3.81	8.93184 12.7025 5.8687	
3.82	8.88365 12.7159 5.86179	
3.83	8.83482 12.7219 5.86921	
3.84	8.80212 12.7395 5.88252	
3.85	8.7624 12.7689 5.8848	
3.86	8.71888 12.8168 5.88094	
3.87	8.65436 12.8837 5.86742	
3.88	8.59634 12.9522 5.8728	
3.89	8.52948 13.0222 5.85202	
3.9	8.45346 13.0922 5.84033	
3.91	8.37385 13.1693 5.81997	
3.92	8.30662 13.2481 5.80342	
3.93	8.23005 13.3272 5.79696	
3.94	8.13564 13.3906 5.7894	
3.95	8.03302 13.4372 5.79213	
3.96	7.9276 13.4795 5.80803	
3.97	7.82032 13.507 5.82814	
3.98	7.72008 13.5399 5.8579	
3.99	7.63065 13.572 5.89945	
4	7.54877 13.6014 5.9276	
4.01	7.47066 13.6167 5.93244	
4.02	7.38663 13.6383 5.93519	
4.03	7.31554 13.6508 5.93541	
4.04	7.2431 13.6735 5.94149	
4.05	7.18115 13.6964 5.95025	
4.06	7.1288 13.7195 5.96233	
4.07	7.08478 13.7468 5.96339	
4.08	7.04498 13.7681 5.96673	
4.09	7.0172 13.7841 5.96387	
4.1	7.00202 13.8083 5.95944	
4.11	6.99839 13.8325 5.95827	
4.12	7.00354 13.858 5.95003	
4.13	7.00994 13.8896 5.95411	
4.14	7.01179 13.9074 5.9537	
4.15	7.01386 13.9177 5.95075	
4.16	7.00466 13.92 5.94919	
4.17	6.99928 13.9209 5.94773	
4.18	6.99767 13.9201 5.9449	
4.19	6.99728 13.9198 5.94344	
4.2	6.99081 13.9209 5.94354	
4.21	6.9802 13.9179 5.94272	
4.22	6.96483 13.9044 5.94506	
4.23	6.94931 13.8833 5.94487	
4.24	6.94539 13.8574 5.95006	
4.25	6.93586 13.8254 5.95492	
4.26	6.93194 13.7995 5.96022	
4.27	6.92365 13.768 5.96659	
4.28	6.9185 13.7417 5.97066	
4.29	6.9142 13.7154 5.97466	
4.3	6.91523 13.6931 5.978	
4.31	6.91706 13.676 5.98052	
4.32	6.92138 13.6694 5.98137	
4.33	6.9312 13.662 5.98367	
4.34	6.93534 13.6474 5.97041	
4.35	6.93801 13.6326 5.95725	
4.36	6.933 13.601 5.95209	
4.37	6.926 13.5612 5.95195	
4.38	6.91681 13.509 5.96219	
4.39	6.90547 13.4464 5.9745	
4.4	6.89431 13.3846 5.99001	
4.41	6.87474 13.3187 6.00692	
4.42	6.86005 13.2467 6.02665	
4.43	6.85199 13.1785 6.04432	
4.44	6.84312 13.1058 6.06631	
4.45	6.82614 13.0237 6.08946	
4.46	6.80783 12.9448 6.13334	
4.47	6.78735 12.864 6.18356	
4.48	6.7739 12.7871 6.22941	
4.49	6.76814 12.7026 6.26839	
4.5	6.76194 12.6161 6.29934	
4.51	6.75579 12.5244 6.33474	
4.52	6.73685 12.4273 6.36594	
4.53	6.72986 12.3415 6.39876	
4.54	6.71717 12.2471 6.43906	
4.55	6.7041 12.1701 6.46634	
4.56	6.68668 12.0883 6.50129	
4.57	6.67066 12.0131 6.53638	
4.58	6.65526 11.9294 6.56443	
4.59	6.63696 11.8383 6.59095	
4.6	6.6125 11.744 6.61957	
4.61	6.5928 11.6439 6.65272	
4.62	6.57279 11.549 6.68524	
4.63	6.5532 11.4504 6.72412	
4.64	6.53478 11.3569 6.76138	
4.65	6.51526 11.2645 6.80307	
4.66	6.49738 11.1799 6.83897	
4.67	6.48501 11.1228 6.87097	
4.68	6.48624 11.1015 6.89484	
4.69	6.50009 11.1024 6.90486	
4.7	6.50286 11.1232 6.91274	
4.71	6.50115 11.1478 6.92228	
4.72	6.50546 11.1688 6.93844	
4.73	6.50775 11.1828 6.96306	
4.74	6.51034 11.1963 6.98477	
4.75	6.50724 11.2143 7.01258	
4.76	6.50692 11.2197 7.02201	
4.77	6.49509 11.2207 7.0283	
4.78	6.47946 11.2091 7.03538	
4.79	6.46624 11.1784 7.0421	
4.8	6.45835 11.1393 7.05736	
4.81	6.45193 11.101 7.07547	
4.82	6.4444 11.0626 7.0939	
4.83	6.4428 11.0278 7.11217	
4.84	6.43549 10.9899 7.1323	
4.85	6.42625 10.9423 7.15656	
4.86	6.41574 10.8899 7.18303	
4.87	6.40461 10.8329 7.21179	
4.88	6.39241 10.7715 7.24435	
4.89	6.38249 10.7199 7.27305	
4.9	6.36974 10.6631 7.30287	
4.91	6.35958 10.6117 7.33207	
4.92	6.34065 10.5521 7.36437	
4.93	6.32767 10.4867 7.40064	
4.94	6.30735 10.4274 7.43385	
4.95	6.2945 10.3763 7.4646	
4.96	6.28258 10.3162 7.49963	
4.97	6.27154 10.2656 7.53065	
4.98	6.26107 10.2192 7.55671	
4.99	6.25191 10.1733 7.58417	
5	6.23989 10.1117 7.62583	
5.01	6.22326 10.0408 7.67311	
5.02	6.21047 9.97384 7.72791	
5.03	6.19386 9.89023 7.78443	
5.04	6.17892 9.81921 7.843	
5.05	6.16899 9.7662 7.91072	
5.06	6.15764 9.71195 7.98768	
5.07	6.14797 9.65604 8.06307	
5.08	6.1373 9.59892 8.12567	
5.09	6.12453 9.53721 8.19009	
5.1	6.12102 9.48011 8.24338	
5.11	6.11685 9.42598 8.30189	
5.12	6.11361 9.37524 8.36678	
5.13	6.10253 9.32196 8.41406	
5.14	6.09222 9.26642 8.45822	
5.15	6.08019 9.21522 8.50048	
5.16	6.07263 9.17317 8.53687	
5.17	6.07219 9.13812 8.56816	
5.18	6.08221 9.11009 8.59221	
5.19	6.09023 9.1095 8.598	
5.2	6.09102 9.11028 8.60234	
5.21	6.09166 9.1193 8.59993	
5.22	6.10093 9.12663 8.59579	
5.23	6.11734 9.12786 8.59272	
5.24	6.14076 9.12347 8.59389	
5.25	6.15636 9.12019 8.59215	
5.26	6.17344 9.11022 8.58951	
5.27	6.17996 9.09311 8.57337	
5.28	6.19465 9.06899 8.5477	
5.29	6.19366 9.0522 8.51949	
5.3	6.20672 9.02101 8.49194	
5.31	6.21123 8.9981 8.4862	
5.32	6.21684 8.97358 8.48619	
5.33	6.22269 8.95909 8.49438	
5.34	6.22103 8.94941 8.48939	
5.35	6.2218 8.94672 8.48449	
5.36	6.22892 8.94391 8.4724	
5.37	6.2301 8.95009 8.44259	
5.38	6.22341 8.95509 8.40815	
5.39	6.22248 8.95123 8.3704	
5.4	6.19725 8.93278 8.32075	
5.41	6.16743 8.89758 8.26282	
5.42	6.14222 8.84707 8.20092	
5.43	6.13109 8.79091 8.13261	
5.44	6.12235 8.74606 8.08441	
5.45	6.12356 8.71144 8.03661	
5.46	6.13438 8.68051 7.99647	
5.47	6.14283 8.65038 7.96912	
5.48	6.15979 8.61032 7.94683	
5.49	6.16607 8.56144 7.93808	
5.5	6.17203 8.50269 7.9439	
5.51	6.18216 8.44026 7.95663	
5.52	6.18595 8.37401 7.9813	
5.53	6.19129 8.31084 8.01224	
5.54	6.19517 8.24245 8.05729	
5.55	6.20005 8.17663 8.09786	
5.56	6.20468 8.1019 8.13189	
5.57	6.19956 8.02391 8.15697	
5.58	6.20374 7.9506 8.17148	
5.59	6.21622 7.88235 8.18654	
5.6	6.23222 7.82337 8.20661	
5.61	6.24003 7.77776 8.24023	
5.62	6.25764 7.72819 8.26719	
5.63	6.26389 7.66866 8.28327	
5.64	6.26851 7.60278 8.29811	
5.65	6.26757 7.54021 8.30314	
5.66	6.26449 7.47348 8.31035	
5.67	6.26266 7.41933 8.30983	
5.68	6.25538 7.37002 8.3252	
5.69	6.24945 7.33233 8.35376	
5.7	6.25131 7.29739 8.38092	
5.71	6.24573 7.26151 8.4016	
5.72	6.24754 7.21892 8.43524	
5.73	6.25665 7.17877 8.46604	
5.74	6.28291 7.13186 8.49999	
5.75	6.3107 7.08738 8.53722	
5.76	6.34596 7.04947 8.56994	
5.77	6.3914 7.01423 8.59913	
5.78	6.44764 6.98558 8.62139	
5.79	6.52314 6.96576 8.63187	
5.8	6.60723 6.94847 8.63756	
5.81	6.69986 6.93401 8.6399	
5.82	6.80196 6.91856 8.64052	
5.83	6.90595 6.90356 8.63916	
5.84	7.0194 6.88455 8.64382	
5.85	7.11554 6.8675 8.63569	
5.86	7.21207 6.85093 8.62758	
5.87	7.30848 6.83194 8.61147	
5.88	7.39613 6.81462 8.59709	
5.89	7.47557 6.80585 8.59759	
5.9	7.57072 6.79268 8.59178	
5.91	7.64177 6.78528 8.59086	
5.92	7.72251 6.77751 8.59119	
5.93	7.80108 6.77007 8.59345	
5.94	7.88023 6.76014 8.58772	
5.95	7.95038 6.75388 8.58855	
5.96	8.01917 6.7475 8.58814	
5.97	8.08949 6.74539 8.58417	
5.98	8.15174 6.74062 8.58504	
5.99	8.1971 6.73703 8.58299	
6	8.24209 6.73373 8.58262	
6.01	8.26992 6.73186 8.58224	
6.02	8.3057 6.72929 8.58187	
6.03	8.33248 6.73152 8.5798	
6.04	8.35908 6.73355 8.57627	
6.05	8.37744 6.73238 8.57609	
6.06	8.38603 6.73175 8.5761	
6.07	8.39608 6.73516 8.57257	
6.08	8.40614 6.73857 8.56905	
6.09	8.40614 6.73857 8.56905	
6.1	8.40614 6.73857 8.56905	
6.11	8.40717 6.73844 8.5674	
6.12	8.40734 6.73867 8.56887	
6.13	8.3989 6.73909 8.5674	
6.14	8.39064 6.73975 8.5674	
6.15	8.374 6.73739 8.57221	
6.16	8.36557 6.73782 8.57075	
6.17	8.35041 6.7395 8.57203	
6.18	8.34215 6.74018 8.57203	
6.19	8.33223 6.73661 8.57409	
6.2	8.30714 6.73475 8.57744	
6.21	8.29049 6.73246 8.58226	
6.22	8.28912 6.73213 8.58097	
6.23	8.28912 6.73213 8.58097	
6.24	8.28882 6.7282 8.58432	
6.25	8.29661 6.72723 8.58285	
6.26	8.29558 6.72954 8.58791	
6.27	8.29531 6.72173 8.59462	
6.28	8.29502 6.71781 8.59798	
6.29	8.29444 6.70997 8.6047	
6.3	8.30122 6.70525 8.60824	
6.31	8.30983 6.69291 8.61815	
6.32	8.30857 6.67577 8.63988	
6.33	8.30709 6.6557 8.67816	
6.34	8.31369 6.62776 8.72623	
6.35	8.31172 6.59461 8.77443	
6.36	8.30925 6.57067 8.80782	
6.37	8.30763 6.55616 8.82757	
6.38	8.30906 6.55314 8.83521	
6.39	8.30823 6.55352 8.83833	
6.4	8.30869 6.55541 8.83296	
6.41	8.30738 6.55551 8.83461	
6.42	8.30805 6.556 8.83754	
6.43	8.30805 6.556 8.83754	
6.44	8.30805 6.556 8.83754	
6.45	8.30688 6.55591 8.83773	
6.46	8.30744 6.56359 8.83087	
6.47	8.30782 6.57106 8.82255	
6.48	8.29116 6.57246 8.82255	
6.49	8.27431 6.57364 8.82108	
6.5	8.27314 6.57355 8.82127	
6.51	8.27314 6.57355 8.82127	
6.52	8.27342 6.57739 8.81785	
6.53	8.27342 6.57739 8.81785	
6.54	8.27374 6.57743 8.81785	
6.55	8.27342 6.57739 8.81785	
6.56	8.27374 6.57743 8.81785	
6.57	8.27374 6.57743 8.81785	
6.58	8.27324 6.57717 8.81638	
6.59	8.27342 6.57739 8.81785	
6.6	8.27425 6.58853 8.80465	
6.61	8.25757 6.59377 8.80123	
6.62	8.24925 6.59449 8.80123	
6.63	8.24925 6.59449 8.80123	
6.64	8.24906 6.59426 8.79977	
6.65	8.24943 6.59692 8.8061	
6.66	8.24925 6.59669 8.80463	
6.67	8.24925 6.59669 8.80463	
6.68	8.24093 6.59741 8.80463	
6.69	8.24106 6.59721 8.80317	
6.7	8.24163 6.59342 8.8064	
6.71	8.24045 6.59332 8.80658	
6.72	8.24015 6.58947 8.81	
6.73	8.23997 6.58704 8.80514	
6.74	8.24115 6.58713 8.80495	
6.75	8.24015 6.58727 8.80661	
6.76	8.24015 6.58727 8.80661	
6.77	8.24015 6.58727 8.80661	
6.78	8.24017 6.58345 8.81003	
6.79	8.23956 6.57957 8.81345	
6.8	8.23988 6.5796 8.81345	
6.81	8.23926 6.57572 8.81688	
6.82	8.23926 6.57572 8.81688	
6.83	8.23808 6.57562 8.81707	
6.84	8.23779 6.57177 8.82049	
6.85	8.23886 6.56826 8.8252	
6.86	8.23709 6.56047 8.83225	
6.87	8.23661 6.55639 8.83422	
6.88	8.23591 6.54511 8.84599	
6.89	8.23564 6.53747 8.85287	
6.9	8.23444 6.52594 8.8632	
6.91	8.23345 6.51087 8.87846	
6.92	8.22428 6.49679 8.89521	
6.93	8.22211 6.48168 8.91071	
6.94	8.2223 6.46678 8.92586	
6.95	8.22179 6.45585 8.9392	
6.96	8.21154 6.44534 8.95129	
6.97	8.21212 6.43785 8.95806	
6.98	8.20909 6.42653 8.97037	
6.99	8.21005 6.41953 8.98008	
7	8.19992 6.40887 8.99075	
7.01	8.19952 6.40155 8.9992	
7.02	8.19112 6.40229 8.9992	
7.03	8.18142 6.40315 9.00086	
7.04	8.17302 6.4039 9.00086	
7.05	8.1734 6.40437 9.00379	
7.06	8.1734 6.40437 9.00379	
7.07	8.18151 6.39985 9.00729	
7.08	8.18066 6.39979 9.00748	
7.09	8.18066 6.39979 9.00748	
7.1	8.17226 6.40054 9.00748	
7.11	8.16335 6.40102 9.00602	
7.12	8.16386 6.40129 9.00748	
7.13	8.16257 6.4014 9.00914	
7.14	8.16289 6.40143 9.00914	
7.15	8.15367 6.39815 9.01118	
7.16	8.14516 6.39538 9.01614	
7.17	8.13611 6.39631 9.0178	
7.18	8.12719 6.39682 9.01634	
7.19	8.11848 6.39382 9.01984	
7.2	8.10891 6.3945 9.02004	
7.21	8.10775 6.39441 9.02024	
7.22	8.10733 6.38712 9.02872	
7.23	8.0983 6.38038 9.03574	
7.24	8.098 6.37289 9.04276	
7.25	8.08896 6.36989 9.04627	
7.26	8.08865 6.36614 9.04979	
7.27	8.08865 6.36614 9.04979	
7.28	8.08853 6.36262 9.05477	
7.29	8.08675 6.35503 9.06201	
7.3	8.08676 6.35131 9.06553	
7.31	8.07771 6.34832 9.06906	
7.32	8.07044 6.34549 9.07238	
7.33	8.06054 6.34617 9.07258	
7.34	8.04369 6.34777 9.07258	
7.35	8.04349 6.34753 9.07112	
7.36	8.03559 6.34861 9.07258	
7.37	8.03347 6.341 9.07984	
7.38	8.03379 6.34103 9.07983	
7.39	8.03347 6.341 9.07984	
7.4	8.03379 6.34103 9.07983	
7.41	8.03379 6.34103 9.07983	
7.42	8.03232 6.34091 9.08004	
7.43	8.03315 6.33726 9.08337	
7.44	8.03168 6.33343 9.0871	
7.45	8.03168 6.32208 9.09604	
7.46	8.03136 6.31834 9.09958	
7.47	8.02228 6.31934 9.10124	
7.48	8.02176 6.31907 9.09978	
7.49	8.02292 6.31916 9.09958	
7.5	8.02312 6.3194 9.10104	
7.51	8.02197 6.31931 9.10124	
7.52	8.0226 6.31542 9.10312	
7.53	8.02165 6.31558 9.10478	
7.54	8.02133 6.31185 9.10832	
7.55	8.02228 6.3117 9.10666	
7.56	8.02112 6.31161 9.10686	
7.57	8.02945 6.30731 9.11186	
7.58	8.0287 6.29487 9.13091	
7.59	8.02953 6.29109 9.15594	
7.6	8.01895 6.28204 9.18155	
7.61	8.01967 6.27496 9.18993	
7.62	8.00995 6.26856 9.19872	
7.63	8.00138 6.26959 9.20018	
7.64	8.00138 6.26959 9.20018	
7.65	8.00011 6.26604 9.20541	
7.66	8.00011 6.26604 9.20541	
7.67	7.99853 6.26099 9.21761	
7.68	7.99904 6.25369 9.22455	
7.69	7.9981 6.25385 9.22622	
7.7	7.99789 6.2536 9.22476	
7.71	7.99842 6.25388 9.22621	
7.72	7.99778 6.25015 9.22979	
7.73	7.99725 6.24622 9.23191	
7.74	7.99714 6.23911 9.24051	
7.75	7.99682 6.23908 9.24052	
7.76	7.99703 6.23567 9.24555	
7.77	7.9965 6.2332 9.2407	
7.78	7.99671 6.23344 9.24216	
7.79	8.00507 6.22918 9.2472	
7.8	8.00528 6.22577 9.25224	
7.81	8.00433 6.21838 9.25941	
7.82	8.00401 6.2147 9.263	
7.83	8.00255 6.21093 9.26679	
7.84	8.0039 6.21126 9.26804	
7.85	7.9951 6.20841 9.27163	
7.86	7.99364 6.20465 9.27543	
7.87	7.99415 6.1974 9.28241	
7.88	7.99258 6.19241 9.29467	
7.89	7.98282 6.17859 9.30907	
7.9	7.97389 6.17235 9.31774	
7.91	7.97233 6.1652 9.32662	
7.92	7.97283 6.15798 9.33364	
7.93	7.97158 6.15449 9.33892	
7.94	7.97116 6.14744 9.34761	
7.95	7.96938 6.14007 9.35506	
7.96	7.97041 6.13535 9.36694	
7.97	7.96854 6.1282 9.37586	
7.98	7.96907 6.12847 9.37731	
7.99	7.96968 6.12609 9.37225	
8	7.96854 6.126 9.37246	
8.01	7.96854 6.12381 9.36906	
8.02	7.96854 6.12381 9.36906	
8.03	7.96875 6.12265 9.37754	
8.04	7.9596 6.11982 9.38118	
8.05	7.94994 6.11698 9.38501	
8.06	7.93259 6.11864 9.38502	
8.07	7.93146 6.11855 9.38523	
8.08	7.93145 6.11495 9.38885	
8.09	7.93113 6.11492 9.38886	
8.1	7.93113 6.11492 9.38886	
8.11	7.92968 6.11121 9.39271	
8.12	7.92137 6.1123 9.39417	
8.13	7.92137 6.1123 9.39417	
8.14	7.92116 6.10987 9.38931	
8.15	7.92083 6.10624 9.39294	
8.16	7.92758 6.09806 9.40043	
8.17	7.92839 6.09453 9.40385	
8.18	7.93536 6.0866 9.41281	
8.19	7.93536 6.08302 9.41644	
8.2	7.93504 6.08298 9.41645	
8.21	7.93414 6.08314 9.41812	
8.22	7.9337 6.07827 9.4084	
8.23	7.93393 6.07851 9.40986	
8.24	7.94246 6.07767 9.40986	
8.25	7.94133 6.07758 9.41008	
8.26	7.94165 6.07761 9.41007	
8.27	7.9328 6.07842 9.41008	
8.28	7.93334 6.0787 9.41153	
8.29	7.9328 6.07842 9.41008	
8.3	7.93302 6.07866 9.41154	
8.31	7.9319 6.07857 9.41176	
8.32	7.9328 6.07842 9.41008	
8.33	7.92336 6.07942 9.41176	
8.34	7.9248 6.07955 9.41153	
8.35	7.9248 6.07955 9.41153	
8.36	7.93302 6.07866 9.41154	
8.37	7.94124 6.0742 9.41518	
8.38	7.94124 6.0742 9.41518	
8.39	7.94011 6.07054 9.41904	
8.4	7.93916 6.06329 9.42634	
8.41	7.93142 6.06062 9.42977	
8.42	7.9302 6.05717 9.4351	
8.43	7.93164 6.05729 9.43487	
8.44	7.93133 6.05726 9.43488	
8.45	7.93987 6.05641 9.43488	
8.46	7.93997 6.05977 9.42977	
8.47	7.93884 6.05968 9.42999	
8.48	7.93884 6.05968 9.42999	
8.49	7.93884 6.05968 9.42999	
8.5	7.93884 6.05968 9.42999	
8.51	7.93884 6.05968 9.42999	
8.52	7.9382 6.05248 9.43729	
8.53	7.93779 6.04552 9.44606	
8.54	7.93774 6.03458 9.45536	
8.55	7.93621 6.02755 9.46436	
8.56	7.93557 6.02037 9.47169	
8.57	7.93557 6.02037 9.47169	
8.58	7.93557 6.02037 9.47169	
8.59	7.93557 6.02037 9.47169	
8.6	7.9358 6.02061 9.47315	
8.61	7.9358 6.02061 9.47315	
8.62	7.9358 6.02061 9.47315	
8.63	7.93557 6.02037 9.47169	
8.64	7.9358 6.02061 9.47315	
8.65	7.9358 6.02061 9.47315	
8.66	7.9358 6.02061 9.47315	
8.67	7.9358 6.02061 9.47315	
8.68	7.9358 6.02061 9.47315	
8.69	7.92747 6.02171 9.47461	
8.7	7.92724 6.02146 9.47315	
8.71	7.92724 6.02146 9.47315	
8.72	7.92703 6.01903 9.46829	
8.73	7.92703 6.01903 9.46829	
8.74	7.92703 6.01903 9.46829	
8.75	7.92703 6.01903 9.46829	
8.76	7.91847 6.01989 9.46829	
8.77	7.91847 6.01989 9.46829	
8.78	7.91847 6.01989 9.46829	
8.79	7.91847 6.01989 9.46829	
8.8	7.91847 6.01989 9.46829	
8.81	7.91847 6.01989 9.46829	
8.82	7.91847 6.01989 9.46829	
8.83	7.91824 6.01964 9.46683	
8.84	7.91679 6.01596 9.47072	
8.85	7.91814 6.01275 9.47561	
8.86	7.91728 6.00888 9.47784	
8.87	7.91719 6.00555 9.48297	
8.88	7.91719 6.00555 9.48297	
8.89	7.9075 6.00632 9.48319	
8.9	7.89973 6.00369 9.48664	
8.91	7.89085 6.00098 9.49031	
8.92	7.88163 5.99469 9.49767	
8.93	7.85536 5.9935 9.49989	
8.94	7.82955 5.99284 9.50502	
8.95	7.79391 5.99392 9.50038	
8.96	7.75036 5.99123 9.48579	
8.97	7.70431 5.98824 9.47018	
8.98	7.6592 5.99285 9.47063	
8.99	7.64005 5.99487 9.47254	
9	7.63036 5.99576 9.47276	
9.01	7.62868 5.9954 9.47155	
9.02	7.64501 5.9934 9.47177	
9.03	7.6624 5.99173 9.47323	
9.04	7.68675 5.98852 9.47201	
9.05	7.71359 5.98577 9.47178	
9.06	7.73074 5.9839 9.47178	
9.07	7.74009 5.97949 9.47523	
9.08	7.74979 5.97865 9.475	
9.09	7.74945 5.97508 9.47868	
9.1	7.7588 5.97068 9.48214	
9.11	7.75993 5.97077 9.48191	
9.12	7.75958 5.9672 9.4856	
9.13	7.76005 5.96369 9.48907	
9.14	7.75123 5.96436 9.48761	
9.15	7.75147 5.96461 9.48907	
9.16	7.75178 5.96465 9.48906	
9.17	7.76005 5.96369 9.48907	
9.18	7.76895 5.96281 9.48906	
9.19	7.78701 5.96081 9.48738	
9.2	7.80409 5.96138 9.49226	
9.21	7.82045 5.95953 9.49247	
9.22	7.84813 5.957 9.49203	
9.23	7.88359 5.95574 9.49522	
9.24	7.91993 5.95977 9.48908	
9.25	7.96499 5.96966 9.47267	
9.26	8.01926 5.97825 9.46773	
9.27	8.07354 5.98296 9.46335	
9.28	8.11924 5.98641 9.45558	
9.29	8.17513 5.99177 9.45246	
9.3	8.23846 6.00119 9.43739	
9.31	8.29278 6.01749 9.42376	
9.32	8.36432 6.0446 9.39074	
9.33	8.43025 6.07663 9.35381	
9.34	8.50343 6.11172 9.31216	
9.35	8.56834 6.13693 9.28129	
9.36	8.62409 6.15951 9.25576	
9.37	8.68796 6.17397 9.23435	
9.38	8.75147 6.18927 9.21757	
9.39	8.82367 6.2113 9.19078	
9.4	8.88842 6.23813 9.16182	
9.41	8.96242 6.27236 9.12589	
9.42	9.03668 6.30664 9.08703	
9.43	9.09395 6.33101 9.06032	
9.44	9.12352 6.34496 9.04289	
9.45	9.14225 6.35176 9.03426	
9.46	9.16046 6.35234 9.02427	
9.47	9.17858 6.35554 9.02062	
9.48	9.18002 6.35925 9.0155	
9.49	9.17901 6.35935 9.01713	
9.5	9.18048 6.35949 9.01697	
9.51	9.17187 6.36358 9.01348	
9.52	9.17187 6.36358 9.01348	
9.53	9.17187 6.36358 9.01348	
9.54	9.16445 6.36381 9.01186	
9.55	9.15488 6.36405 9.01201	
9.56	9.14632 6.36419 9.01054	
9.57	9.12994 6.36515 9.01201	
9.58	9.11398 6.36198 9.01387	
9.59	9.11251 6.36184 9.01403	
9.6	9.11251 6.36184 9.01403	
9.61	9.11277 6.3641 9.01742	
9.62	9.11306 6.37633 9.01869	
9.63	9.11242 6.3947 9.02149	
9.64	9.11436 6.4209 9.01704	
9.65	9.11495 6.45442 9.00436	
9.66	9.1155 6.50553 8.98147	
9.67	9.12571 6.57423 8.94825	
9.68	9.14525 6.64764 8.92193	
9.69	9.14812 6.72083 8.90412	
9.7	9.15745 6.7758 8.89533	
9.71	9.15975 6.81881 8.88504	
9.72	9.15314 6.84675 8.88967	
9.73	9.14674 6.86713 8.90246	
9.74	9.13204 6.893 8.92483	
9.75	9.13181 6.92756 8.93412	
9.76	9.13414 6.96641 8.93979	
9.77	9.13661 7.00578 8.92599	
9.78	9.15505 7.04899 8.89504	
9.79	9.1736 7.09402 8.85766	
9.8	9.20959 7.13448 8.82212	
9.81	9.24579 7.17517 8.78674	
9.82	9.28054 7.20811 8.7596	
9.83	9.32586 7.23451 8.73074	
9.84	9.36162 7.24925 8.7132	
9.85	9.38741 7.26415 8.69583	
9.86	9.40652 7.26748 8.68943	
9.87	9.42313 7.27062 8.68329	
9.88	9.44841 7.26976 8.6817	
9.89	9.45908 7.26924 8.67852	
9.9	9.46745 7.26905 8.67852	
9.91	9.48469 7.26845 8.67694	
9.92	9.50226 7.26789 8.67535	
9.93	9.52769 7.26889 8.66725	
9.94	9.56115 7.26973 8.65916	
9.95	9.60452 7.27446 8.64628	
9.96	9.64844 7.28165 8.63663	
9.97	9.6834 7.28516 8.63175	
9.98	9.721 7.29332 8.62495	
9.99	9.74851 7.293 8.62328	
10	9.77412 7.29256 8.62172	
10.01	9.80818 7.29648 8.61843	
10.02	9.84344 7.30438 8.6104	
10.03	9.85338 7.30859 8.60712	
10.04	9.86197 7.3083 8.60565	
10.05	9.8638 7.30817 8.60408	
10.06	9.8638 7.30817 8.60408	
10.07	9.86451 7.30851 8.60554	
10.08	9.86483 7.30854 8.60554	
10.09	9.85514 7.30819 8.60417	
10.1	9.84832 7.31066 8.60739	
10.11	9.83138 7.31361 8.61372	
10.12	9.81533 7.31485 8.62645	
10.13	9.79929 7.31612 8.63918	
10.14	9.78322 7.31479 8.64714	
10.15	9.77387 7.31712 8.65054	
10.16	9.77393 7.32759 8.66961	
10.17	9.7728 7.35033 8.6792	
10.18	9.77299 7.38145 8.68234	
10.19	9.77312 7.41383 8.67612	
10.2	9.77476 7.44496 8.65573	
10.21	9.78275 7.48548 8.61988	
10.22	9.78277 7.53846 8.57338	
10.23	9.7857 7.59455 8.53173	
10.24	9.78704 7.65077 8.49045	
10.25	9.78697 7.69575 8.44943	
10.26	9.78819 7.71614 8.42971	
10.27	9.77359 7.71978 8.42218	
10.28	9.7656 7.71929 8.41925	
10.29	9.75761 7.7188 8.41633	
10.3	9.75885 7.71859 8.41478	
10.31	9.75885 7.71859 8.41478	
10.32	9.76009 7.71838 8.41324	
10.33	9.76665 7.71819 8.41332	
10.34	9.76659 7.71789 8.41185	
10.35	9.76641 7.69246 8.43015	
10.36	9.75822 7.64216 8.46839	
10.37	9.7485 7.57485 8.5179	
10.38	9.71608 7.49039 8.58964	
10.39	9.67419 7.40434 8.68096	
10.4	9.64019 7.31362 8.77744	
10.41	9.60472 7.22549 8.86839	
10.42	9.58523 7.13925 8.95218	
10.43	9.57518 7.06534 9.02523	
10.44	9.57332 6.99579 9.0955	
10.45	9.57288 6.93471 9.15944	
10.46	9.58068 6.87026 9.22864	
10.47	9.57903 6.80368 9.29365	
10.48	9.5775 6.74263 9.34746	
10.49	9.58569 6.68864 9.40426	
10.5	9.58446 6.64853 9.45282	
10.51	9.58343 6.62001 9.49108	
10.52	9.58355 6.59865 9.5194	
10.53	9.58239 6.57697 9.54641	
10.54	9.58243 6.55542 9.57338	
10.55	9.57293 6.53401 9.60051	
10.56	9.5727 6.50104 9.63675	
10.57	9.56295 6.46485 9.67824	
10.58	9.55447 6.42917 9.72124	
10.59	9.54465 6.39674 9.75797	
10.6	9.53485 6.36103 9.79989	
10.61	9.51644 6.32176 9.84411	
10.62	9.49923 6.28305 9.88986	
10.63	9.48091 6.25413 9.93188	
10.64	9.4699 6.23203 9.96535	
10.65	9.46989 6.22077 9.98767	
10.66	9.46045 6.21955 10.0075	
10.67	9.46056 6.22489 10.017	
10.68	9.45953 6.22508 10.0186	
10.69	9.4597 6.22801 10.0248	
10.7	9.45123 6.22823 10.0248	
10.71	9.44311 6.22514 10.0299	
10.72	9.44266 6.21884 10.0289	
10.73	9.43296 6.2154 10.0326	
10.74	9.43241 6.20459 10.0437	
10.75	9.42372 6.19072 10.0598	
10.76	9.42288 6.1623 10.0908	
10.77	9.42261 6.13048 10.1255	
10.78	9.41207 6.09563 10.1657	
10.79	9.41304 6.06443 10.2021	
10.8	9.41126 6.0343 10.2317	
10.81	9.41106 6.01546 10.2402	
10.82	9.41094 6.00016 10.2449	
10.83	9.40915 5.97922 10.2387	
10.84	9.40993 5.96435 10.2319	
10.85	9.4174 5.95903 10.224	
10.86	9.41825 5.94683 10.2218	
10.87	9.41773 5.91828 10.2316	
10.88	9.41597 5.87379 10.2549	
10.89	9.41615 5.81586 10.2932	
10.9	9.4142 5.75108 10.3512	
10.91	9.41318 5.68714 10.4109	
10.92	9.41291 5.64237 10.4651	
10.93	9.41293 5.6105 10.5126	
10.94	9.41298 5.58517 10.551	
10.95	9.43028 5.55895 10.5866	
10.96	9.43002 5.52371 10.6354	
10.97	9.43841 5.48192 10.6923	
10.98	9.43781 5.42963 10.739	
10.99	9.42848 5.37561 10.7827	
11	9.42691 5.32719 10.826	
11.01	9.42535 5.2791 10.8695	
11.02	9.42506 5.2348 10.9106	
11.03	9.41578 5.19277 10.964	
11.04	9.41444 5.14792 11.0232	
11.05	9.41429 5.10374 11.084	
11.06	9.41308 5.06314 11.1307	
11.07	9.4122 5.037 11.175	
11.08	9.41074 5.02903 11.1948	
11.09	9.42041 5.02651 11.2033	
11.1	9.4203 5.02973 11.2007	
11.11	9.41069 5.03875 11.1989	
11.12	9.40204 5.03901 11.1989	
11.13	9.3838 5.03949 11.1989	
11.14	9.37483 5.03974 11.1989	
11.15	9.36504 5.04017 11.2005	
11.16	9.35615 5.04346 11.1964	
11.17	9.34628 5.04669 11.1924	
11.18	9.32745 5.0502 11.1885	
11.19	9.31783 5.05044 11.1886	
11.2	9.28966 5.05122 11.1887	
11.21	9.27076 5.05176 11.1889	
11.22	9.25105 5.0583 11.1809	
11.23	9.23213 5.07378 11.1592	
11.24	9.21447 5.09893 11.1282	
11.25	9.19699 5.13276 11.0806	
11.26	9.17938 5.17626 11.0226	
11.27	9.16315 5.24454 10.9281	
11.28	9.1649 5.33145 10.806	
11.29	9.16739 5.42911 10.67	
11.3	9.17051 5.53511 10.5274	
11.31	9.18312 5.63588 10.3924	
11.32	9.19409 5.71873 10.273	
11.33	9.1979 5.78263 10.177	
11.34	9.19789 5.83077 10.0937	
11.35	9.20836 5.86244 10.0192	
11.36	9.20786 5.88421 9.95784	
11.37	9.20771 5.90811 9.91287	
11.38	9.21897 5.94201 9.86805	
11.39	9.23612 5.97535 9.82218	
11.4	9.26405 6.01301 9.77701	
11.41	9.29149 6.04729 9.7357	
11.42	9.32739 6.0815 9.69453	
11.43	9.37303 6.12301 9.6461	
11.44	9.41728 6.16114 9.60163	
11.45	9.46384 6.20705 9.5499	
11.46	9.50037 6.24585 9.50423	
11.47	9.53097 6.27812 9.46714	
11.48	9.55012 6.29198 9.44823	
11.49	9.5692 6.29498 9.44151	
11.5	9.58844 6.30197 9.4327	
11.51	9.59834 6.31255 9.41897	
11.52	9.62584 6.34501 9.38239	
11.53	9.66136 6.39626 9.32837	
11.54	9.70591 6.45866 9.26112	
11.55	9.75724 6.53597 9.1761	
11.56	9.80138 6.60658 9.09854	
11.57	9.84489 6.67892 9.01185	
11.58	9.86373 6.73306 8.92295	
11.59	9.87393 6.7669 8.8383	
11.6	9.88142 6.80115 8.75552	
11.61	9.88261 6.83071 8.68583	
11.62	9.8848 6.85535 8.62914	
11.63	9.88458 6.8858 8.56277	
11.64	9.88555 6.90977 8.49345	
11.65	9.88647 6.93121 8.41795	
11.66	9.89565 6.95803 8.35374	
11.67	9.91266 6.98907 8.28644	
11.68	9.94533 7.02876 8.21443	
11.69	9.98133 7.07285 8.13781	
11.7	10.0147 7.10889 8.06796	
11.71	10.0669 7.15558 7.98388	
11.72	10.1026 7.19221 7.91292	
11.73	10.1393 7.23699 7.83302	
11.74	10.1818 7.27428 7.76263	
11.75	10.2173 7.31032 7.70182	
11.76	10.2431 7.33522 7.64098	
11.77	10.255 7.34962 7.57142	
11.78	10.264 7.36142 7.50704	
11.79	10.265 7.37425 7.46987	
11.8	10.2823 7.38771 7.43421	
11.81	10.2974 7.41166 7.39611	
11.82	10.3316 7.44541 7.36635	
11.83	10.3653 7.48362 7.33374	
11.84	10.3926 7.52662 7.29975	
11.85	10.4168 7.56261 7.26254	
11.86	10.449 7.59685 7.23333	
11.87	10.4652 7.6312 7.20568	
11.88	10.4897 7.66185 7.18248	
11.89	10.5045 7.69632 7.15507	
11.9	10.5053 7.72616 7.13062	
11.91	10.506 7.7472 7.11194	
11.92	10.4993 7.76633 7.10255	
11.93	10.4817 7.78282 7.0883	
11.94	10.4748 7.79717 7.08035	
11.95	10.4666 7.81146 7.07244	
11.96	10.458 7.83982 7.08286	
11.97	10.4493 7.87309 7.09192	
11.98	10.4394 7.90133 7.08975	
11.99	10.4245 7.92921 7.08611	
12	10.4159 7.96191 7.06859	
12.01	10.4072 8.00016 7.03637	
12.02	10.406 8.0508 7.00659	
12.03	10.4125 8.09686 6.97831	
12.04	10.4116 8.14963 6.93988	
12.05	10.4114 8.19768 6.90292	
12.06	10.4121 8.24174 6.8703	
12.07	10.411 8.28585 6.83789	
12.08	10.4186 8.34183 6.80527	
12.09	10.4243 8.41871 6.76741	
12.1	10.4367 8.51154 6.72431	
12.11	10.4493 8.60256 6.68931	
12.12	10.4566 8.67516 6.6526	
12.13	10.4565 8.72947 6.62768	
12.14	10.448 8.76957 6.61042	
12.15	10.4395 8.8098 6.60551	
12.16	10.4234 8.86025 6.61089	
12.17	10.4146 8.91576 6.61392	
12.18	10.4128 8.98553 6.62055	
12.19	10.4108 9.06507 6.62257	
12.2	10.4162 9.14212 6.60648	
12.21	10.423 9.2145 6.56896	
12.22	10.4486 9.28468 6.52562	
12.23	10.4915 9.34849 6.49207	
12.24	10.5483 9.41457 6.44888	
12.25	10.607 9.46742 6.41561	
12.26	10.6532 9.51041 6.38701	
12.27	10.691 9.53699 6.36317	
12.28	10.7451 9.55505 6.33332	
12.29	10.8009 9.56115 6.30301	
12.3	10.8477 9.57433 6.27541	
12.31	10.8946 9.5954 6.26389	
12.32	10.9345 9.61575 6.25098	
12.33	10.9585 9.63623 6.24096	
12.34	10.9697 9.6482 6.22682	
12.35	10.9708 9.66745 6.21683	
12.36	10.9712 9.68624 6.20544	
12.37	10.9714 9.71489 6.18983	
12.38	10.9693 9.75336 6.17005	
12.39	10.9696 9.80142 6.14482	
12.4	10.9842 9.84543 6.12186	
12.41	10.999 9.88909 6.09764	
12.42	10.9984 9.92699 6.0756	
12.43	10.9989 9.94415 6.05894	
12.44	11 9.9518 6.04781	
12.45	10.9931 9.95143 6.04559	
12.46	10.9861 9.95395 6.04967	
12.47	10.9723 9.95155 6.05719	
12.48	10.974 9.94805 6.06129	
12.49	10.9734 9.93257 6.06598	
12.5	10.9742 9.91663 6.0693	
12.51	10.9831 9.90965 6.06651	
12.52	11.0041 9.90895 6.06305	
12.53	11.0271 9.90501 6.04017	
12.54	11.0562 9.9096 6.00971	
12.55	11.0776 9.9264 5.96826	
12.56	11.0925 9.94139 5.92264	
12.57	11.1072 9.95914 5.89514	
12.58	11.122 9.97307 5.88354	
12.59	11.1233 9.98209 5.87677	
12.6	11.1252 9.98059 5.8726	
12.61	11.1248 9.98694 5.87268	
12.62	11.112 9.99928 5.8743	
12.63	11.0992 10.0047 5.87443	
12.64	11.0851 10.0097 5.87312	
12.65	11.0773 10.0232 5.86436	
12.66	11.0774 10.0467 5.8503	
12.67	11.0757 10.0753 5.83429	
12.68	11.0816 10.1165 5.80626	
12.69	11.1079 10.1627 5.76126	
12.7	11.1338 10.2109 5.69523	
12.71	11.1687 10.27 5.61274	
12.72	11.1882 10.3358 5.5207	
12.73	11.2152 10.3993 5.43456	
12.74	11.2407 10.4661 5.35522	
12.75	11.2823 10.5343 5.28948	
12.76	11.3234 10.5897 5.23426	
12.77	11.3459 10.6329 5.18137	
12.78	11.3655 10.6773 5.13139	
12.79	11.3865 10.7069 5.08797	
12.8	11.4054 10.736 5.04321	
12.81	11.4246 10.7681 5.00492	
12.82	11.4506 10.7934 4.96337	
12.83	11.4757 10.8241 4.92031	
12.84	11.5174 10.8534 4.87112	
12.85	11.5644 10.8828 4.80687	
12.86	11.6178 10.9062 4.72634	
12.87	11.6793 10.9192 4.63238	
12.88	11.7399 10.9236 4.52976	
12.89	11.7967 10.914 4.42133	
12.9	11.8426 10.885 4.32368	
12.91	11.8765 10.8478 4.23657	
12.92	11.9027 10.804 4.14694	
12.93	11.9298 10.7541 4.07027	
12.94	11.9631 10.7097 3.98817	
12.95	12.0072 10.6798 3.9079	
12.96	12.0597 10.6633 3.84521	
12.97	12.1163 10.6539 3.78216	
12.98	12.1677 10.6499 3.72003	
12.99	12.2119 10.6477 3.66431	
13	12.251 10.6305 3.59987	
13.01	12.2758 10.6073 3.5211	
13.02	12.3057 10.5604 3.43797	
13.03	12.3327 10.5194 3.35306	
13.04	12.3528 10.4855 3.27302	
13.05	12.3712 10.4614 3.20558	
13.06	12.3798 10.4486 3.15864	
13.07	12.4027 10.4424 3.12739	
13.08	12.4179 10.4212 3.10581	
13.09	12.4294 10.399 3.10297	
13.1	12.4394 10.3762 3.09873	
13.11	12.4566 10.3521 3.10654	
13.12	12.4659 10.3329 3.11416	
13.13	12.4705 10.3128 3.12192	
13.14	12.4734 10.292 3.12828	
13.15	12.4763 10.2712 3.13467	
13.16	12.4806 10.2407 3.14566	
13.17	12.4857 10.2043 3.15702	
13.18	12.4901 10.162 3.16615	
13.19	12.4982 10.1042 3.1805	
13.2	12.5075 10.0398 3.19158	
13.21	12.5172 9.97247 3.20867	
13.22	12.5205 9.90055 3.23309	
13.23	12.5305 9.83197 3.26447	
13.24	12.541 9.75912 3.29939	
13.25	12.55 9.68646 3.33468	
13.26	12.559 9.61318 3.36652	
13.27	12.567 9.53943 3.39741	
13.28	12.5777 9.46445 3.42367	
13.29	12.5859 9.39765 3.4588	
13.3	12.5959 9.32974 3.49174	
13.31	12.6033 9.26833 3.52565	
13.32	12.6094 9.22647 3.55052	
13.33	12.6139 9.19692 3.56151	
13.34	12.6166 9.1795 3.57506	
13.35	12.6273 9.15544 3.58276	
13.36	12.6305 9.12678 3.59774	
13.37	12.6357 9.09174 3.60971	
13.38	12.6368 9.04078 3.62815	
13.39	12.627 8.99294 3.64059	
13.4	12.6267 8.9428 3.66066	
13.41	12.6343 8.89799 3.67497	
13.42	12.6383 8.85816 3.68706	
13.43	12.6389 8.8118 3.70033	
13.44	12.6468 8.75599 3.71416	
13.45	12.6569 8.68499 3.73357	
13.46	12.6597 8.59975 3.76274	
13.47	12.6594 8.50472 3.79863	
13.48	12.6365 8.39029 3.85496	
13.49	12.6051 8.27604 3.91364	
13.5	12.5676 8.14551 3.97283	
13.51	12.5218 7.9984 4.03147	
13.52	12.4839 7.84862 4.09168	
13.53	12.4529 7.70512 4.14965	
13.54	12.4136 7.54849 4.20113	
13.55	12.3658 7.40277 4.25173	
13.56	12.3055 7.28491 4.28982	
13.57	12.2339 7.16051 4.31961	
13.58	12.1737 7.06234 4.34005	
13.59	12.1266 6.99236 4.36134	
13.6	12.0949 6.9444 4.38337	
13.61	12.0709 6.90317 4.40801	
13.62	12.0534 6.88083 4.42378	
13.63	12.0221 6.86255 4.44223	
13.64	11.981 6.84167 4.45392	
13.65	11.9398 6.82101 4.46819	
13.66	11.8874 6.80025 4.48366	
13.67	11.8379 6.77836 4.49408	
13.68	11.7775 6.74909 4.4992	
13.69	11.7267 6.7231 4.51253	
13.7	11.6556 6.70984 4.52081	
13.71	11.5939 6.6969 4.52781	
13.72	11.5222 6.68352 4.53474	
13.73	11.4652 6.6804 4.53573	
13.74	11.4277 6.67858 4.53689	
13.75	11.382 6.67568 4.53668	
13.76	11.3294 6.67674 4.5336	
13.77	11.2748 6.67738 4.52908	
13.78	11.2042 6.67329 4.52889	
13.79	11.1351 6.67385 4.52583	
13.8	11.0491 6.6688 4.52434	
13.81	10.963 6.66468 4.52423	
13.82	10.8928 6.66165 4.52414	
13.83	10.8298 6.65794 4.5187	
13.84	10.7666 6.66009 4.51563	
13.85	10.7226 6.67243 4.50817	
13.86	10.6774 6.68818 4.49499	
13.87	10.6417 6.70488 4.48327	
13.88	10.5982 6.71695 4.47449	
13.89	10.5467 6.73279 4.46143	
13.9	10.503 6.74454 4.4513	
13.91	10.4598 6.75192 4.44408	
13.92	10.4234 6.7607 4.43962	
13.93	10.3802 6.76826 4.43242	
13.94	10.3356 6.77703 4.42799	
13.95	10.2925 6.78534 4.42219	
13.96	10.2483 6.79767 4.41212	
13.97	10.2023 6.81514 4.40058	
13.98	10.1493 6.83535 4.37954	
13.99	10.1039 6.84554 4.35896	
14	10.0525 6.86279 4.34615	
14.01	9.9901 6.8802 4.33336	
14.02	9.92888 6.89275 4.32205	
14.03	9.87627 6.91049 4.30933	
14.04	9.83084 6.93229 4.29243	
14.05	9.79665 6.9637 4.27134	
14.06	9.76088 7.00268 4.24059	
14.07	9.74308 7.05179 4.20721	
14.08	9.74195 7.10432 4.16851	
14.09	9.73937 7.15704 4.13009	
14.1	9.74112 7.20885 4.0891	
14.11	9.74162 7.2516 4.05377	
14.12	9.74713 7.28455 4.02262	
14.13	9.74843 7.30024 4.00499	
14.14	9.74845 7.30316 3.99818	
14.15	9.73243 7.30686 3.99275	
14.16	9.71488 7.30593 3.99001	
14.17	9.69193 7.30629 3.98999	
14.18	9.67454 7.31526 3.98329	
14.19	9.65815 7.33353 3.97127	
14.2	9.65019 7.35634 3.95662	
14.21	9.63275 7.37817 3.93928	
14.22	9.6104 7.40546 3.9207	
14.23	9.56149 7.42992 3.91013	
14.24	9.51226 7.44919 3.89831	
14.25	9.44716 7.46788 3.88376	
14.26	9.36486 7.48909 3.87338	
14.27	9.28371 7.51542 3.86297	
14.28	9.19263 7.55246 3.84888	
14.29	9.11711 7.59049 3.84017	
14.3	9.01719 7.64018 3.83041	
14.31	8.93402 7.69362 3.81438	
14.32	8.8527 7.74692 3.79712	
14.33	8.7877 7.80384 3.77619	
14.34	8.7038 7.8609 3.7503	
14.35	8.63925 7.9143 3.71513	
14.36	8.56734 7.96918 3.68157	
14.37	8.50151 8.01201 3.66612	
14.38	8.43805 8.0442 3.6502	
14.39	8.37369 8.07723 3.6358	
14.4	8.3109 8.10921 3.61612	
14.41	8.26146 8.13516 3.59896	
14.42	8.22179 8.16593 3.58078	
14.43	8.18212 8.19198 3.56504	
14.44	8.15169 8.21737 3.54927	
14.45	8.12776 8.23236 3.53822	
14.46	8.10433 8.24861 3.52992	
14.47	8.08024 8.2546 3.52494	
14.48	8.0645 8.27011 3.51666	
14.49	8.0498 8.2808 3.51064	
14.5	8.0337 8.29211 3.50608	
14.51	8.00983 8.2994 3.50384	
14.52	7.97927 8.30209 3.50248	
14.53	7.94593 8.30969 3.49897	
14.54	7.90507 8.3188 3.49682	
14.55	7.8725 8.32225 3.49689	
14.56	7.82377 8.3324 3.49474	
14.57	7.78221 8.3375 3.49627	
14.58	7.74936 8.34114 3.49633	
14.59	7.7133 8.34 3.49892	
14.6	7.69541 8.337 3.50131	
14.61	7.68654 8.33241 3.49968	
14.62	7.68442 8.33238 3.49976	
14.63	7.68215 8.33106 3.49456	
14.64	7.68215 8.33106 3.49456	
14.65	7.68515 8.30587 3.50626	
14.66	7.69154 8.28134 3.51918	
14.67	7.67883 8.25388 3.53469	
14.68	7.67659 8.23457 3.54411	
14.69	7.6672 8.22039 3.54726	
14.7	7.66381 8.20652 3.55581	
14.71	7.66278 8.1975 3.56191	
14.72	7.66071 8.17947 3.57413	
14.73	7.65639 8.15723 3.59023	
14.74	7.6521 8.12005 3.61212	
14.75	7.6469 8.08771 3.63182	
14.76	7.62737 8.05383 3.65666	
14.77	7.60534 8.01464 3.68281	
14.78	7.58311 7.97144 3.71296	
14.79	7.55922 7.91476 3.75212	
14.8	7.5338 7.85829 3.79172	
14.81	7.51036 7.80677 3.82898	
14.82	7.48597 7.76012 3.86408	
14.83	7.46289 7.71305 3.89792	
14.84	7.43991 7.6702 3.928	
14.85	7.41306 7.62004 3.97043	
14.86	7.39791 7.58571 3.99581	
14.87	7.38468 7.55552 4.01716	
14.88	7.37859 7.52028 4.04261	
14.89	7.3721 7.49371 4.06162	
14.9	7.3588 7.46827 4.08054	
14.91	7.34665 7.45208 4.09415	
14.92	7.34294 7.43611 4.11308	
14.93	7.33122 7.42057 4.12813	
14.94	7.3198 7.3993 4.14302	
14.95	7.2985 7.37064 4.16495	
14.96	7.28383 7.33574 4.18832	
14.97	7.27073 7.30156 4.21302	
14.98	7.25569 7.26349 4.24212	
14.99	7.22334 7.21613 4.28641	
15	7.1972 7.16711 4.32719	
15.01	7.16263 7.11501 4.37108	
15.02	7.12885 7.05944 4.42189	
15.03	7.10224 7.00855 4.47305	
15.04	7.08312 6.96055 4.52043	
15.05	7.06719 6.91791 4.5687	
15.06	7.0593 6.88121 4.62499	
15.07	7.03659 6.84017 4.67348	
15.08	7.00839 6.78617 4.73171	
15.09	6.9984 6.73436 4.78707	
15.1	6.98821 6.67922 4.84968	
15.11	6.96934 6.62376 4.92369	
15.12	6.95133 6.57418 4.98255	
15.13	6.94996 6.52134 5.05672	
15.14	6.94281 6.48748 5.13898	
15.15	6.93571 6.45393 5.22142	
15.16	6.92375 6.42909 5.29203	
15.17	6.91912 6.4032 5.34403	
15.18	6.89954 6.38446 5.39525	
15.19	6.88775 6.35957 5.44585	
15.2	6.87111 6.32299 5.51049	
15.21	6.85719 6.29377 5.58237	
15.22	6.85203 6.26784 5.67008	
15.23	6.83782 6.23537 5.78089	
15.24	6.83094 6.2027 5.89347	
15.25	6.82669 6.1682 5.99671	
15.26	6.8206 6.13253 6.09518	
15.27	6.81621 6.10876 6.16488	
15.28	6.81373 6.0932 6.21038	
15.29	6.81206 6.08701 6.23793	
15.3	6.81176 6.08462 6.2454	
15.31	6.81214 6.08573 6.24815	
15.32	6.81481 6.09336 6.23876	
15.33	6.81538 6.09879 6.22302	
15.34	6.83564 6.11167 6.19045	
15.35	6.85132 6.14218 6.14436	
15.36	6.86487 6.16819 6.10057	
15.37	6.86367 6.20002 6.04954	
15.38	6.87281 6.23937 5.97675	
15.39	6.87385 6.28087 5.88911	
15.4	6.88061 6.3254 5.79997	
15.41	6.89261 6.38388 5.70493	
15.42	6.90525 6.47 5.61828	
15.43	6.91899 6.56305 5.53592	
15.44	6.93404 6.65543 5.44901	
15.45	6.94339 6.72598 5.35608	
15.46	6.94525 6.79442 5.2503	
15.47	6.95272 6.854 5.15267	
15.48	6.96485 6.93444 5.05395	
15.49	6.98629 7.03183 4.94448	
15.5	7.02885 7.1508 4.8254	
15.51	7.07929 7.27492 4.68897	
15.52	7.12391 7.38631 4.53552	
15.53	7.14705 7.48176 4.36966	
15.54	7.16876 7.56942 4.19047	
15.55	7.19971 7.66216 4.02849	
15.56	7.23087 7.75927 3.87958	
15.57	7.25781 7.82245 3.76014	
15.58	7.26248 7.84928 3.67852	
15.59	7.25499 7.8463 3.64499	
15.6	7.25486 7.83519 3.64577	
15.61	7.24274 7.80691 3.65819	
15.62	7.2419 7.78761 3.66685	
15.63	7.24096 7.78288 3.66938	
15.64	7.24974 7.78647 3.66685	
15.65	7.25881 7.79473 3.66177	
15.66	7.25994 7.80353 3.65533	
15.67	7.25962 7.8035 3.65531	
15.68	7.2401 7.77699 3.6692	
15.69	7.20134 7.72652 3.70521	
15.7	7.14372 7.66762 3.76141	
15.71	7.10196 7.60899 3.80481	
15.72	7.06126 7.5692 3.83555	
15.73	7.038 7.54962 3.852	
15.74	7.02887 7.55203 3.85487	
15.75	7.03677 7.56063 3.85109	
15.76	7.04912 7.60105 3.82749	
15.77	7.08966 7.66002 3.78551	
15.78	7.12025 7.71741 3.73211	
15.79	7.14805 7.77112 3.65326	
15.8	7.15757 7.80944 3.54383	
15.81	7.1635 7.83246 3.43559	
15.82	7.16909 7.85343 3.34316	
15.83	7.16755 7.8802 3.27211	
15.84	7.17198 7.90289 3.21048	
15.85	7.17563 7.93045 3.14662	
15.86	7.19067 7.96184 3.08013	
15.87	7.19568 7.9993 3.01164	
15.88	7.2098 8.03485 2.93784	
15.89	7.21301 8.05898 2.87821	
15.9	7.21792 8.0868 2.8359	
15.91	7.2207 8.10546 2.80259	
15.92	7.22455 8.12538 2.77185	
15.93	7.22799 8.14863 2.73228	
15.94	7.24157 8.18016 2.68394	
15.95	7.24635 8.2047 2.62061	
15.96	7.25127 8.23272 2.54831	
15.97	7.25661 8.25844 2.47332	
15.98	7.25987 8.2721 2.41189	
15.99	7.26826 8.25484 2.3471	
16	7.28642 8.27361 2.24606	
16.01	7.29533 8.27204 2.21863	
16.02	7.32691 8.31047 2.15876	
16.03	7.34629 8.34235 2.13237	
16.04	7.39902 8.39079 2.08973	
16.05	7.40365 8.4275 2.04912	
16.06	7.41798 8.4833 1.99976	
16.07	7.43407 8.54925 1.91562	
16.08	7.442 8.60563 1.83696	
16.09	7.47025 8.67326 1.79445	
16.1	7.48752 8.73618 1.74037	
16.11	7.49887 8.79002 1.72402	
16.12	7.51392 8.83143 1.64534	
16.13	7.53901 8.86072 1.60672	
16.14	7.55632 8.88921 1.5202	
16.15	7.63807 9.05893 1.37833	
16.16	7.67161 9.17555 1.21754	
16.17	7.71871 9.29318 1.08725	
16.18	7.71822 9.31885 1.02631	
16.19	7.72984 9.34685 0.986868	
16.2	7.73351 9.35873 0.970007	
16.21	7.74192 9.37048 0.959308	
16.22	7.75114 9.37355 0.955124	
16.23	7.77067 9.4068 0.940594	
16.24	7.80589 9.44736 0.920308	
16.25	7.8216 9.49473 0.891825	
16.26	7.85647 9.52318 0.866264	
16.27	7.85735 9.52107 0.85383	
16.28	7.8579 9.52537 0.850689	
16.29	7.85942 9.54027 0.840061	
16.3	7.88147 9.60559 0.812731	
16.31	7.93508 9.70332 0.777083	
16.32	7.98859 9.82037 0.743502	
16.33	7.98411 9.82119 0.735023	
16.34	8.01229 9.88906 0.709474	
16.35	8.03965 9.94195 0.685008	
16.36	8.13086 9.9878 0.655577	
16.37	8.27299 10.0188 0.63339	
16.38	8.33503 10.0162 0.623314	
16.39	8.39754 10.0501 0.588278	
16.4	8.4956 10.0838 0.528931	
16.41	8.52682 10.1198 0.486006	
16.42	8.61713 10.1822 0.366989	
16.43	8.62048 10.1976 0.317652	
16.44	8.67565 10.2226 0.307753	
16.45	8.66805 10.234 0.275038	
16.46	8.72337 10.2789 0.247609	
16.47	8.69983 10.2842 0.197933	
16.48	8.73409 10.2743 0.203342	
16.49	8.72621 10.2459 0.185886	
16.5	8.71426 10.1882 0.189555	
16.51	8.71963 10.1809 0.180687	
16.52	8.71463 10.0787 0.17958	
16.53	8.67874 9.91914 0.15278	
16.54	8.61301 9.76852 0.196789	
16.55	8.59918 9.66523 0.180901	
16.56	8.58095 9.50883 0.185559	
16.57	8.57499 9.43282 0.207666	
16.58	8.55186 9.3127 0.240053	
16.59	8.53692 9.23524 0.274523	
16.6	8.52338 9.1574 0.2802	
16.61	8.52157 9.05998 0.29099	
16.62	8.50806 8.97058 0.276916	
16.63	8.48669 8.91761 0.274404	
16.64	8.45811 8.91743 0.269752	
16.65	8.46094 8.8367 0.259698	
16.66	8.36351 8.84268 0.249684	
16.67	8.39663 8.70363 0.232778	
16.68	8.37217 8.71261 0.238063	
16.69	8.36698 8.60129 0.23056	
16.7	8.36831 8.59378 0.23335	
16.71	8.36989 8.58263 0.234261	
16.72	8.36735 8.55726 0.243028	
16.73	8.37315 8.52284 0.255117	
16.74	8.37303 8.5044 0.261971	
16.75	8.39792 8.48783 0.265831	
16.76	8.39833 8.48588 0.264413	
16.77	8.40778 8.46316 0.270543	
16.78	8.43943 8.45556 0.285977	
16.79	8.43608 8.43885 0.308591	
16.8	8.45488 8.37178 0.321904	
16.81	8.43508 8.30973 0.357817	
16.82	8.4511 8.25234 0.411171	
16.83	8.39831 8.14362 0.386792	
16.84	8.39976 8.10226 0.400867	
16.85	8.32911 8.00526 0.411637	
16.86	8.32197 7.97077 0.412525	
16.87	8.34044 7.86519 0.420692	
16.88	8.29249 7.82015 0.427963	
16.89	8.32475 7.70665 0.369962	
16.9	8.21643 7.53173 0.368346	
16.91	8.16954 7.38349 0.378723	
16.92	8.15418 7.37732 0.381144	
16.93	8.13525 7.30321 0.394588	
16.94	8.14207 7.3048 0.396872	
16.95	8.13036 7.29786 0.401692	
16.96	8.11293 7.30162 0.391247	
16.97	8.11274 7.33414 0.354446	
16.98	8.1303 7.39347 0.323386	
16.99	8.13585 7.39295 0.301508	
17	8.12222 7.33562 0.338438	
17.01	8.11316 7.30931 0.351862	
17.02	8.10658 7.2288 0.39588	
17.03	8.1226 7.19478 0.414098	
17.04	8.11838 7.15336 0.43213	
17.05	8.11134 7.1538 0.435549	
17.06	8.11468 7.12348 0.447777	
17.07	8.11402 7.08674 0.469101	
17.08	8.08646 7.04481 0.490195	
17.09	8.08844 6.96759 0.531803	
17.1	8.09887 6.93856 0.618119	
17.11	8.1199 6.87275 0.656742	
17.12	8.12344 6.8076 0.681195	
17.13	8.10669 6.71927 0.741629	
17.14	8.07688 6.54964 0.856594	
17.15	8.04679 6.37687 0.982376	
17.16	8.03122 6.2547 1.07222	
17.17	8.02608 6.21162 1.11416	
17.18	8.07579 6.21151 1.11517	
17.19	8.11049 6.21847 1.11058	
17.2	8.11193 6.21865 1.11061	
17.21	8.11528 6.24494 1.0914	
17.22	8.15651 6.30906 1.04008	
17.23	8.17706 6.3831 0.985944	
17.24	8.17774 6.47555 0.924017	
17.25	8.1491 6.63084 0.819324	
17.26	8.18001 6.88907 0.651028	
17.27	8.20097 7.13604 0.494046	
17.28	8.21524 7.30198 0.334772	
17.29	8.14728 7.2638 0.341996	
17.3	8.11417 7.4514 0.242345	
17.31	8.08276 7.56207 0.158994	
17.32	8.07761 7.68975 0.0693699	
17.33	8.08041 7.7251 0.0545035	
17.34	8.06014 7.73521 0.0470484	
17.35	8.01813 7.81958 -0.000684326	
17.36	7.99631 7.9342 -0.0578833	
17.37	8.00921 8.06688 -0.129866	
17.38	8.02445 8.19862 -0.161974	
17.39	8.01128 8.31409 -0.164362	
17.4	7.99539 8.399 -0.224389	
17.41	8.00467 8.51758 -0.244105	
17.42	8.00707 8.68571 -0.224485	
17.43	8.00651 8.91341 -0.223201	
17.44	7.99914 9.06791 -0.223783	
17.45	7.99861 9.29689 -0.159524	
17.46	7.96431 9.46843 -0.153175	
17.47	7.91379 9.63529 -0.177316	
17.48	7.91269 9.69639 -0.200446	
17.49	7.91697 9.74542 -0.218209	
17.5	7.92288 9.79508 -0.224399	
17.51	7.92597 9.81726 -0.236478	
17.52	7.92242 9.79273 -0.244421	
17.53	7.92318 9.72671 -0.265937	
17.54	7.91709 9.61245 -0.271444	
17.55	7.90883 9.52788 -0.261323	
17.56	7.90617 9.45513 -0.234479	
17.57	7.90611 9.36654 -0.225904	
17.58	7.90159 9.21464 -0.223148	
17.59	7.8931 8.99904 -0.255469	
17.6	7.85614 8.58392 -0.290346	
17.61	7.83833 8.4324 -0.271441	
17.62	7.86926 8.29458 -0.219364	
17.63	7.87393 8.21374 -0.211349	
17.64	7.88251 8.07591 -0.187726	
17.65	7.90738 8.01548 -0.152327	
17.66	7.93869 7.92927 -0.0997736	
17.67	7.94856 7.85413 -0.0492629	
17.68	7.9662 7.77766 -0.00582297	
17.69	7.96521 7.68909 0.047959	
17.7	7.96634 7.60483 0.0952128	
17.71	7.97258 7.48804 0.161677	
17.72	7.97363 7.41752 0.209743	
17.73	7.97489 7.3472 0.248696	
17.74	7.95822 7.30497 0.272201	
17.75	8.01758 7.26808 0.301129	
17.76	8.00279 7.2125 0.319244	
17.77	8.1179 7.15735 0.342923	
17.78	8.04038 7.0897 0.388769	
17.79	8.18769 7.03632 0.413195	
17.8	8.12901 6.97552 0.461103	
17.81	8.2644 6.97129 0.466509	
17.82	8.20497 7.00129 0.45298	
17.83	8.32574 7.03013 0.414306	
17.84	8.36551 6.93991 0.471492	
17.85	8.36441 6.92179 0.487744	
17.86	8.39122 6.86394 0.513979	
17.87	8.4187 6.83523 0.550998	
17.88	8.44933 6.75663 0.607851	
17.89	8.47174 6.70826 0.642265	
17.9	8.47201 6.69357 0.647851	
17.91	8.47 6.66627 0.676955	
17.92	8.4561 6.61538 0.728313	
17.93	8.46219 6.54946 0.781603	
17.94	8.47335 6.45751 0.866709	
17.95	8.45075 6.35286 0.919967	
17.96	8.45082 6.32159 0.948921	
17.97	8.44279 6.32006 0.953968	
17.98	8.45209 6.3095 0.958237	
17.99	8.42634 6.18565 1.04425	
18	8.4274 6.13388 1.08081	
18.01	8.38109 6.05184 1.13906	
18.02	8.39377 6.05372 1.14559	
18.03	8.38745 6.00108 1.18575	
18.04	8.31463 5.98973 1.20638	
18.05	8.16981 6.05076 1.17431	
18.06	8.11721 6.13548 1.11955	
18.07	8.1174 6.19878 1.07271	
18.08	8.09008 6.24996 1.0376	
18.09	8.05 6.34571 0.978293	
18.1	8.02305 6.51927 0.870556	
18.11	8.02145 6.77782 0.707329	
18.12	8.02526 7.0593 0.525348	
18.13	8.01289 7.34117 0.363992	
18.14	7.98774 7.34656 0.291199	
18.15	7.93801 7.4803 0.218761	
18.16	7.89593 7.77408 0.0949228	
18.17	7.83753 7.69691 0.0632626	
18.18	7.86367 7.89094 0.105622	
18.19	7.85076 8.21223 -0.0139508	
18.2	7.828 8.42131 -0.118496	
18.21	7.83452 8.66726 -0.223816	
18.22	7.85291 8.93729 -0.296942	
18.23	7.8375 9.24565 -0.34323	
18.24	7.83529 9.43779 -0.348499	
18.25	7.84339 9.57076 -0.295963	
18.26	7.81528 9.73782 -0.254762	
18.27	7.82687 10.0421 -0.226176	
18.28	7.86967 10.4252 -0.206255	
18.29	7.91731 10.7326 -0.18013	
18.3	7.92889 10.9483 -0.12956	
18.31	7.90286 11.1625 -0.0794741	
18.32	7.9218 11.4762 -0.00642296	
18.33	7.94239 11.6255 0.0625445	
18.34	7.94437 11.6764 0.209272	
18.35	7.95912 11.74 0.321086	
18.36	7.95532 11.8218 0.504636	
18.37	7.94379 11.842 0.521329	
18.38	7.98134 12.0525 0.768429	
18.39	8.03752 12.2219 0.954689	
18.4	8.06044 12.374 1.06272	
18.41	8.08433 12.6076 1.17288	
18.42	8.10136 12.5584 1.29885	
18.43	8.08146 12.58 1.29565	
18.44	8.01233 12.4771 1.15492	
18.45	8.02671 12.4917 1.14379	
18.46	8.00234 12.3313 1.04617	
18.47	7.98924 12.2686 1.02134	
18.48	7.9546 12.1019 1.01041	
18.49	7.96357 11.9288 0.978963	
18.5	7.9589 11.7224 0.871431	
18.51	7.99632 11.4775 0.844588	
18.52	7.95217 11.1474 0.777995	
18.53	7.847 10.3647 0.606197	
18.54	7.98078 10.6921 0.764633	
18.55	7.94684 10.0722 0.601923	
18.56	7.92156 9.99883 0.768473	
18.57	7.86708 9.18348 0.924172	
18.58	7.69597 9.03285 1.04451	
18.59	7.79181 8.9363 1.05674	
18.6	7.69241 8.74039 1.08039	
18.61	7.6751 8.34056 1.16938	
18.62	7.64169 8.30662 1.20344	
18.63	7.60885 8.19073 1.24973	
18.64	7.62174 8.25271 1.25403	
18.65	7.63347 8.48233 1.31692	
18.66	7.78278 9.00879 1.16077	
18.67	7.75557 8.96259 1.13873	
18.68	7.82971 9.42971 1.14278	
18.69	7.71882 9.36795 1.20245	
18.7	7.79137 9.8139 1.27722	
18.71	7.76826 9.73317 1.38064	
18.72	7.92194 10.4163 1.63005	
18.73	8.04025 10.598 1.72076	
18.74	8.1146 10.6004 1.77539	
18.75	8.09739 10.5108 1.75449	
18.76	8.11428 10.2158 1.70778	
18.77	8.05882 9.96667 1.65448	
18.78	8.00657 9.52789 1.57813	
18.79	7.96227 9.25996 1.48739	
18.8	7.91135 8.87536 1.31011	
18.81	7.86613 8.57853 1.1818	
18.82	7.88846 8.58772 1.147	
18.83	7.83699 8.45501 1.13204	
18.84	7.88277 8.42594 1.05414	
18.85	7.84656 8.31594 1.03474	
18.86	7.86071 8.3413 1.02887	
18.87	7.8497 8.35812 1.01661	
18.88	7.85857 8.69313 1.0333	
18.89	7.90399 9.37048 1.1768	
18.9	7.87773 9.21371 1.17961	
18.91	7.89765 9.64405 1.25238	
18.92	7.7562 9.5939 1.31212	
18.93	7.72468 9.95792 1.35897	
18.94	7.71569 9.81382 1.40949	
18.95	7.73224 9.88305 1.41504	
18.96	7.75514 9.57807 1.2367	
18.97	7.77015 9.50932 1.24596	
18.98	7.78528 9.51462 1.37758	
18.99	7.74576 9.75487 1.70364	
19	7.83677 9.83455 1.80963	
19.01	7.78499 9.80827 2.1582	
19.02	7.74182 9.83869 2.32595	
19.03	7.6335 9.49464 2.76347	
19.04	7.63108 9.08758 3.2141	
19.05	7.60128 8.75726 3.78694	
19.06	7.57136 8.47046 4.26148	
19.07	7.5434 8.2751 4.46369	
19.08	7.55916 8.27285 4.48675	
19.09	7.58083 8.40024 4.39328	
19.1	7.59871 8.53444 4.2701	
19.11	7.61438 8.65094 4.19797	
19.12	7.60702 8.71492 4.16474	
19.13	7.57158 8.72281 4.15494	
19.14	7.5709 8.71756 4.15515	
19.15	7.56995 8.72198 4.15116	
19.16	7.54685 8.71945 4.13237	
19.17	7.47651 8.64467 4.03447	
19.18	7.35819 8.46736 3.89791	
19.19	7.28294 8.30081 3.81259	
19.2	7.25657 8.18697 3.75926	
19.21	7.25533 8.08518 3.74494	
19.22	7.24957 7.93769 3.82439	
19.23	7.22071 7.72467 3.94693	
19.24	7.17813 7.48198 4.10322	
19.25	7.15548 7.31053 4.23818	
19.26	7.1586 7.22127 4.31585	
19.27	7.15864 7.16713 4.36372	
19.28	7.14745 7.08414 4.39793	
19.29	7.13281 6.97325 4.42066	
19.3	7.10683 6.84313 4.46285	
19.31	7.08465 6.6993 4.50916	
19.32	7.07297 6.56997 4.55324	
19.33	7.07367 6.46852 4.6137	
19.34	7.08028 6.39685 4.67216	
19.35	7.07328 6.34379 4.71567	
19.36	7.06834 6.30425 4.75394	
19.37	7.06244 6.2679 4.78407	
19.38	7.04823 6.22456 4.82307	
19.39	7.03318 6.17415 4.87144	
19.4	7.01409 6.10381 4.93774	
19.41	7.0018 6.02917 5.00939	
19.42	6.98984 5.9387 5.09446	
19.43	6.97893 5.82188 5.20237	
19.44	6.9925 5.73248 5.26827	
19.45	7.01129 5.6954 5.29159	
19.46	7.02258 5.62544 5.3581	
19.47	7.03056 5.57703 5.39992	
19.48	7.02529 5.51227 5.46183	
19.49	7.02996 5.47999 5.48977	
19.5	7.0289 5.42426 5.53216	
19.51	7.02196 5.39575 5.56829	
19.52	7.00893 5.36782 5.61421	
19.53	6.98342 5.33054 5.67771	
19.54	6.97876 5.29524 5.73202	
19.55	6.96473 5.24393 5.79283	
19.56	6.95401 5.18444 5.82506	
19.57	6.93642 5.11259 5.86861	
19.58	6.95003 4.97718 5.966	
19.59	6.96949 4.92464 6.00797	
19.6	6.96859 4.76113 6.1287	
19.61	6.94989 4.6391 6.15546	
19.62	6.94088 4.53182 6.24391	
19.63	6.90576 4.43757 6.32712	
19.64	6.87449 4.35881 6.40865	
19.65	6.86803 4.32738 6.46095	
19.66	6.86716 4.3274 6.47289	
19.67	6.86626 4.33162 6.47402	
19.68	6.85623 4.3359 6.47463	
19.69	6.845 4.32234 6.49387	
19.7	6.82853 4.26787 6.55691	
19.71	6.79777 4.17853 6.64041	
19.72	6.78535 4.08747 6.74025	
19.73	6.77688 4.01214 6.85308	
19.74	6.76514 3.93471 6.9713	
19.75	6.75671 3.86149 7.08593	
19.76	6.76386 3.7776 7.21423	
19.77	6.78994 3.68098 7.3614	
19.78	6.82545 3.57035 7.53069	
19.79	6.85325 3.466 7.69332	
19.8	6.88277 3.37118 7.85297	
19.81	6.90293 3.29024 7.99536	
19.82	6.94505 3.21382 8.12978	
19.83	6.98941 3.15373 8.23591	
19.84	7.03377 3.09979 8.33631	
19.85	7.07047 3.05811 8.41942	
19.86	7.08677 3.01795 8.4986	
19.87	7.09495 2.98694 8.5645	
19.88	7.09269 2.96542 8.62153	
19.89	7.09084 2.95291 8.65549	
19.9	7.10109 2.9506 8.66417	
19.91	7.13076 2.94548 8.67144	
19.92	7.18012 2.94007 8.67285	
19.93	7.2325 2.93473 8.67366	
19.94	7.34466 2.92241 8.67288	
19.95	7.50929 2.90585 8.67297	
19.96	7.72702 2.88433 8.66819	
19.97	7.96664 2.86545 8.65877	
19.98	8.21778 2.84664 8.65687	
19.99	8.43184 2.82958 8.65677	
20	8.62701 2.81184 8.68925	
20.01	8.8002 2.79705 8.72612	
20.02	8.95006 2.78374 8.74288	
20.03	9.08987 2.77112 8.75583	
20.04	9.20776 2.76479 8.76004	
20.05	9.29472 2.7623 8.75988	
20.06	9.37118 2.7623 8.75384	
20.07	9.42581 2.76347 8.74933	
20.08	9.50028 2.7668 8.74037	
20.09	9.60583 2.77375 8.71717	
20.1	9.7212 2.78655 8.6891	
20.11	9.80645 2.79518 8.66997	
20.12	9.87191 2.79831 8.65695	
20.13	9.91514 2.79764 8.65564	
20.14	9.95809 2.79656 8.65291	
20.15	10.0109 2.801 8.64269	
20.16	10.0538 2.80851 8.62946	
20.17	10.0745 2.81459 8.60939	
20.18	10.0858 2.81816 8.59378	
20.19	10.0872 2.81919 8.58262	
20.2	10.0865 2.8192 8.5826	
20.21	10.0878 2.81918 8.58265	
20.22	10.0871 2.81919 8.58263	
20.23	10.0885 2.8207 8.57288	
20.24	10.0885 2.8258 8.54744	
20.25	10.0871 2.82736 8.53761	
20.26	10.0885 2.82734 8.53766	
20.27	10.0874 2.82736 8.53762	
20.28	10.0874 2.82736 8.53762	
20.29	10.0877 2.8324 8.52876	
20.3	10.0877 2.84504 8.5066	
20.31	10.0881 2.85424 8.48606	
20.32	10.0972 2.8589 8.47577	
20.33	10.117 2.86056 8.466	
20.34	10.1373 2.86065 8.46602	
20.35	10.1675 2.86546 8.45577	
20.36	10.1879 2.87181 8.43576	
20.37	10.2082 2.87917 8.42111	
20.38	10.2198 2.88342 8.40949	
20.39	10.2303 2.88302 8.40809	
20.4	10.231 2.88301 8.4081	
20.41	10.2327 2.88251 8.40674	
20.42	10.2331 2.88202 8.40533	
20.43	10.2432 2.88468 8.40092	
20.44	10.2632 2.89422 8.38045	
20.45	10.2849 2.91107 8.34542	
20.46	10.3061 2.93587 8.29725	
20.47	10.3471 2.9765 8.22149	
20.48	10.3984 3.03788 8.10696	
20.49	10.4606 3.10792 7.9798	
20.5	10.5316 3.18106 7.84232	
20.51	10.5942 3.26372 7.69162	
20.52	10.6257 3.32236 7.58279	
20.53	10.6279 3.36255 7.51219	
20.54	10.6389 3.38813 7.45889	
20.55	10.6403 3.4003 7.43093	
20.56	10.6308 3.40631 7.41133	
20.57	10.6309 3.41067 7.39874	
20.58	10.6322 3.41201 7.39044	
20.59	10.632 3.43029 7.37178	
20.6	10.6415 3.45537 7.34874	
20.61	10.6517 3.49321 7.2929	
20.62	10.6889 3.55417 7.21206	
20.63	10.7269 3.63857 7.11342	
20.64	10.7762 3.73052 7.00626	
20.65	10.8071 3.80277 6.89507	
20.66	10.8185 3.8689 6.79265	
20.67	10.8392 3.91753 6.71754	
20.68	10.8605 3.96329 6.64684	
20.69	10.8795 4.01286 6.57228	
20.7	10.898 4.07024 6.49154	
20.71	10.9156 4.12299 6.42569	
20.72	10.9245 4.18345 6.40163	
20.73	10.9311 4.26868 6.41163	
20.74	10.9374 4.39307 6.43533	
20.75	10.9596 4.54317 6.41858	
20.76	10.9706 4.74433 6.34168	
20.77	10.9722 4.9843 6.25986	
20.78	10.9578 5.36418 6.20116	
20.79	10.963 5.88486 6.16143	
20.8	10.9985 6.43945 6.10604	
20.81	11.0164 6.98692 5.9917	
20.82	11.0128 7.56536 5.80373	
20.83	11.0015 8.21261 5.54223	
20.84	10.9842 8.82675 5.31796	
20.85	11.0272 9.537 5.03128	
20.86	10.9505 10.0345 4.93154	
20.87	10.9016 10.5597 4.96074	
20.88	10.7967 11.6094 5.02887	
20.89	10.6973 12.2294 5.22435	
20.9	10.6608 12.798 5.31804	
20.91	10.7203 13.3693 5.22952	
20.92	10.8302 13.9664 5.08436	
20.93	10.9348 14.5745 4.93786	
20.94	10.986 15.173 4.80749	
20.95	10.9961 15.7402 4.70556	
20.96	10.964 16.3667 4.59842	
20.97	10.9536 16.5891 4.50805	
20.98	10.9066 17.176 4.57384	
20.99	10.8633 17.5739 4.57602	
21	10.8383 17.7873 4.48376	
21.01	10.8173 17.9502 4.362	
21.02	10.8057 18.1006 4.24297	
21.03	10.7862 18.2204 4.09646	
21.04	10.6762 18.3702 3.94247	
21.05	10.5597 18.5329 3.81681	
21.06	10.3977 18.7556 3.74286	
21.07	10.1754 18.9418 3.66312	
21.08	9.95477 19.1361 3.51125	
21.09	9.92878 19.431 3.4289	
21.1	10.0049 19.7062 3.31354	
21.11	10.0178 19.9506 3.20138	
21.12	10.0163 19.9505 3.20157	
21.13	10.016 19.9504 3.20166	
21.14	10.0135 19.9504 3.20185	
21.15	10.0103 19.9504 3.20203	
21.16	10.009 19.9504 3.2021	
21.17	10.0137 19.9494 3.19772	
21.18	10.0087 19.9504 3.20214	
21.19	10.0084 19.95 3.2007	
21.2	10.0072 19.95 3.20071	
21.21	10.0084 19.9503 3.20218	
21.22	10.0084 19.9503 3.20218	
21.23	10.0062 19.9513 3.20657	
21.24	10.0075 19.9506 3.20364	
21.25	10.0091 19.9503 3.20217	
21.26	10.0106 19.9503 3.20215	
21.27	10.0106 19.9506 3.20361	
21.28	10.0109 19.9503 3.20214	
21.29	10.011 19.9506 3.20356	
21.3	10.0151 19.9511 3.20628	
21.31	10.0129 19.9515 3.20786	
21.32	10.0033 19.951 3.20523	
21.33	9.99599 19.9516 3.20815	
21.34	9.99278 19.9503 3.2022	
21.35	9.98899 19.9506 3.20357	
21.36	9.98771 19.9509 3.20498	
21.37	9.98676 19.9509 3.20493	
21.38	9.98612 19.9508 3.2049	
21.39	9.9858 19.9508 3.20488	
21.4	9.9858 19.9508 3.20488	
21.41	9.98549 19.9508 3.20487	
21.42	9.98674 19.9508 3.20487	
21.43	9.98549 19.9508 3.20487	
21.44	9.98549 19.9508 3.20487	
21.45	9.98517 19.9511 3.20631	
21.46	9.98517 19.9508 3.20485	
21.47	9.98674 19.9511 3.20634	
21.48	9.98674 19.9511 3.20634	
21.49	9.98642 19.9508 3.20486	
21.5	9.98642 19.9508 3.20486	
21.51	9.98517 19.9508 3.20485	
21.52	9.98517 19.9508 3.20485	
21.53	9.98549 19.9508 3.20487	
21.54	9.98549 19.9508 3.20487	
21.55	9.98517 19.9508 3.20485	
21.56	9.98642 19.9508 3.20486	
21.57	9.98517 19.9508 3.20485	
21.58	9.98642 19.9508 3.20486	
21.59	9.98674 19.9508 3.20487	
21.6	9.98517 19.9508 3.20485	
21.61	9.98549 19.9511 3.20633	
21.62	9.98642 19.9508 3.20486	
21.63	9.98642 19.9511 3.20632	
21.64	9.98642 19.9508 3.20486	
21.65	9.98517 19.9508 3.20485	
21.66	9.98517 19.9508 3.20485	
21.67	9.98517 19.9508 3.20485	
21.68	9.98674 19.9508 3.20487	
21.69	9.98517 19.9508 3.20485	
21.7	9.98517 19.9508 3.20485	
21.71	9.98549 19.9508 3.20487	
21.72	9.98517 19.9511 3.20631	
21.73	9.98517 19.9508 3.20485	
21.74	9.98517 19.9508 3.20485	
21.75	9.98549 19.9511 3.20633	
21.76	9.98517 19.9508 3.20485	
21.77	9.98517 19.9508 3.20485	
21.78	9.98517 19.9508 3.20485	
21.79	9.98517 19.9508 3.20485	
21.8	9.98642 19.9508 3.20486	
21.81	9.98517 19.9508 3.20485	
21.82	9.98642 19.9508 3.20486	
21.83	9.98642 19.9511 3.20632	
21.84	9.98517 19.9508 3.20485	
21.85	9.98549 19.9508 3.20487	
21.86	9.98517 19.9508 3.20485	
21.87	9.98642 19.9508 3.20486	
21.88	9.98517 19.9511 3.20631	
21.89	9.98517 19.9508 3.20485	
21.9	9.98642 19.9508 3.20486	
21.91	9.98517 19.9508 3.20485	
21.92	9.98517 19.9508 3.20485	
21.93	9.98517 19.9508 3.20485	
21.94	9.98517 19.9508 3.20485	
21.95	9.98517 19.9508 3.20485	
21.96	9.98517 19.9508 3.20485	
21.97	9.98517 19.9508 3.20485	
21.98	9.98517 19.9508 3.20485	
21.99	9.98517 19.9511 3.20631	
22	9.98517 19.9508 3.20485	
22.01	9.98517 19.9508 3.20485	
22.02	9.98517 19.9508 3.20485	
22.03	9.98642 19.9508 3.20486	
22.04	9.98517 19.9508 3.20485	
22.05	9.98517 19.9508 3.20485	
22.06	9.98517 19.9508 3.20485	
22.07	9.98517 19.9508 3.20485	
22.08	9.98517 19.9508 3.20485	
22.09	9.98549 19.9511 3.20633	
22.1	9.98642 19.9511 3.20632	
22.11	9.98642 19.9508 3.20486	
22.12	9.98517 19.9508 3.20485	
22.13	9.98517 19.9508 3.20485	
22.14	9.98517 19.9508 3.20485	
22.15	9.98549 19.9511 3.20633	
22.16	9.98517 19.9511 3.20631	
22.17	9.98517 19.9508 3.20485	
22.18	9.98517 19.9508 3.20485	
22.19	9.98517 19.9508 3.20485	
22.2	9.98549 19.9505 3.20341	
22.21	9.98517 19.9511 3.20631	
22.22	9.98517 19.9508 3.20485	
22.23	9.98517 19.9508 3.20485	
22.24	9.98517 19.9508 3.20485	
22.25	9.98517 19.9508 3.20485	
22.26	9.98517 19.9508 3.20485	
22.27	9.98517 19.9508 3.20485	
22.28	9.98642 19.9508 3.20486	
22.29	9.98517 19.9508 3.20485	
22.3	9.98517 19.9508 3.20485	
22.31	9.98517 19.9508 3.20485	
22.32	9.98517 19.9508 3.20485	
22.33	9.98549 19.9508 3.20487	
22.34	9.98642 19.9508 3.20486	
22.35	9.98517 19.9508 3.20485	
22.36	9.98517 19.9508 3.20485	
22.37	9.98517 19.9508 3.20485	
22.38	9.98549 19.9508 3.20487	
22.39	9.98517 19.9508 3.20485	
22.4	9.98517 19.9508 3.20485	
22.41	9.98517 19.9508 3.20485	
22.42	9.98517 19.9508 3.20485	
22.43	9.98642 19.9508 3.20486	
22.44	9.98517 19.9508 3.20485	
22.45	9.98517 19.9508 3.20485	
22.46	9.98517 19.9508 3.20485	
22.47	9.98517 19.9508 3.20485	
22.48	9.98642 19.9508 3.20486	
22.49	9.98517 19.9508 3.20485	
22.5	9.98517 19.9508 3.20485	
22.51	9.98642 19.9508 3.20486	
22.52	9.98517 19.9508 3.20485	
22.53	9.98549 19.9508 3.20487	
22.54	9.98642 19.9508 3.20486	
22.55	9.98517 19.9508 3.20485	
22.56	9.98517 19.9508 3.20485	
22.57	9.98517 19.9508 3.20485	
22.58	9.98517 19.9508 3.20485	
22.59	9.98642 19.9508 3.20486	
22.6	9.98517 19.9508 3.20485	
22.61	9.98642 19.9508 3.20486	
22.62	9.98517 19.9508 3.20485	
22.63	9.98517 19.9508 3.20485	
22.64	9.98642 19.9508 3.20486	
22.65	9.98517 19.9508 3.20485	
22.66	9.98642 19.9508 3.20486	
22.67	9.98642 19.9508 3.20486	
22.68	9.98517 19.9508 3.20485	
22.69	9.98517 19.9508 3.20485	
22.7	9.98642 19.9508 3.20486	
22.71	9.98642 19.9508 3.20486	
22.72	9.98517 19.9508 3.20485	
22.73	9.98517 19.9508 3.20485	
22.74	9.98517 19.9508 3.20485	
22.75	9.98642 19.9508 3.20486	
22.76	9.98517 19.9508 3.20485	
22.77	9.98517 19.9508 3.20485	
22.78	9.98642 19.9508 3.20486	
22.79	9.98517 19.9508 3.20485	
22.8	9.98517 19.9508 3.20485	
22.81	9.98517 19.9508 3.20485	
22.82	9.98517 19.9508 3.20485	
22.83	9.98642 19.9505 3.2034	
22.84	9.98517 19.9508 3.20485	
22.85	9.98517 19.9508 3.20485	
22.86	9.98517 19.9508 3.20485	
22.87	9.98517 19.9508 3.20485	
22.88	9.98642 19.9505 3.2034	
22.89	9.9861 19.9505 3.20338	
22.9	9.98517 19.9508 3.20485	
22.91	9.98642 19.9505 3.2034	
22.92	9.98642 19.9505 3.2034	
22.93	9.98517 19.9508 3.20485	
22.94	9.98517 19.9508 3.20485	
22.95	9.98642 19.9508 3.20486	
22.96	9.98517 19.9508 3.20485	
22.97	9.98642 19.9508 3.20486	
22.98	9.98642 19.9508 3.20486	
22.99	9.98517 19.9508 3.20485	
23	9.98642 19.9508 3.20486	
23.01	9.98517 19.9508 3.20485	
23.02	9.98517 19.9508 3.20485	
23.03	9.98517 19.9508 3.20485	
23.04	9.98517 19.9508 3.20485	
23.05	9.98517 19.9508 3.20485	
23.06	9.98517 19.9508 3.20485	
23.07	9.98517 19.9508 3.20485	
23.08	9.98517 19.9508 3.20485	
23.09	9.98517 19.9508 3.20485	
23.1	9.98642 19.9508 3.20486	
23.11	9.98517 19.9508 3.20485	
23.12	9.98517 19.9508 3.20485	
23.13	9.98642 19.9508 3.20486	
23.14	9.98517 19.9508 3.20485	
23.15	9.98642 19.9508 3.20486	
23.16	9.98517 19.9508 3.20485	
23.17	9.98517 19.9508 3.20485	
23.18	9.98517 19.9508 3.20485	
23.19	9.98517 19.9508 3.20485	
23.2	9.98517 19.9508 3.20485	
23.21	9.98517 19.9508 3.20485	
23.22	9.98549 19.9508 3.20487	
23.23	9.98517 19.9508 3.20485	
23.24	9.98642 19.9508 3.20486	
23.25	9.98517 19.9508 3.20485	
