# Gnuplot File : positions of 1 particle(s) Monitored
# 1st Column : time, others : particle(s) number 0 
0.01	10.2303 19.8868 3.06283	
0.02	10.2302 19.8869 3.06283	
0.03	10.2302 19.8869 3.06263	
0.04	10.2303 19.8873 3.0636	
0.05	10.2292 19.887 3.06222	
0.06	10.2292 19.887 3.06215	
0.07	10.2292 19.887 3.06209	
0.08	10.2292 19.8875 3.06343	
0.09	10.2302 19.8869 3.06218	
0.1	10.2303 19.8868 3.06189	
0.11	10.2292 19.887 3.06198	
0.12	10.2302 19.8869 3.06213	
0.13	10.229 19.8872 3.06223	
0.14	10.2292 19.887 3.06196	
0.15	10.2302 19.8869 3.06211	
0.16	10.2292 19.887 3.06195	
0.17	10.2292 19.887 3.06195	
0.18	10.2303 19.8868 3.06184	
0.19	10.2292 19.887 3.06195	
0.2	10.229 19.8872 3.06222	
0.21	10.2292 19.8875 3.06333	
0.22	10.2302 19.8869 3.06211	
0.23	10.2314 19.8865 3.06174	
0.24	10.2368 19.8827 3.05457	
0.25	10.2303 19.8868 3.06184	
0.26	10.2302 19.8874 3.06349	
0.27	10.2302 19.8869 3.06211	
0.28	10.2292 19.8875 3.06333	
0.29	10.2313 19.8866 3.06201	
0.3	10.23 19.887 3.06238	
0.31	10.23 19.887 3.06238	
0.32	10.2297 19.8874 3.06318	
0.33	10.2286 19.8872 3.06191	
0.34	10.2294 19.8424 3.09786	
0.35	10.1563 19.4015 3.25666	
0.36	10.0475 19.1233 3.37263	
0.37	10.0605 18.9833 3.36734	
0.38	10.1093 18.9939 3.38147	
0.39	10.1026 18.975 3.42342	
0.4	10.097 18.7337 3.46518	
0.41	10.0748 18.6141 3.51538	
0.42	10.1026 18.6583 3.55234	
0.43	10.1276 18.6991 3.57279	
0.44	10.0915 18.5579 3.52922	
0.45	10.091 18.3844 3.47542	
0.46	10.0883 18.1165 3.39548	
0.47	10.1122 18.0209 3.53212	
0.48	10.164 17.9642 3.66326	
0.49	10.22 17.9528 3.79338	
0.5	10.2919 17.966 3.848	
0.51	10.3436 17.9585 3.85142	
0.52	10.3804 17.9449 3.851	
0.53	10.4828 17.8725 3.8564	
0.54	10.6747 17.829 3.89637	
0.55	10.8267 17.8021 3.89677	
0.56	10.9413 17.788 3.91336	
0.57	11.0692 17.7848 3.92895	
0.58	11.1217 17.7591 3.93978	
0.59	11.2061 17.7593 3.95092	
0.6	11.2369 17.7423 3.95966	
0.61	11.3257 17.7161 3.96538	
0.62	11.4359 17.6887 4.02038	
0.63	11.5285 17.6474 4.04461	
0.64	11.6725 17.6092 4.06291	
0.65	11.7889 17.5249 4.09169	
0.66	11.9003 17.4736 4.17399	
0.67	11.9616 17.4118 4.28547	
0.68	11.9966 17.3653 4.37031	
0.69	12.0446 17.3466 4.45239	
0.7	12.1059 17.3147 4.47937	
0.71	12.2583 17.2646 4.46872	
0.72	12.4787 17.2093 4.45466	
0.73	12.7009 17.1796 4.44389	
0.74	12.8439 17.149 4.43723	
0.75	12.9038 17.1201 4.43268	
0.76	12.8901 17.1088 4.43699	
0.77	12.8808 17.0892 4.43868	
0.78	12.8876 17.0626 4.43636	
0.79	12.9056 16.956 4.42563	
0.8	12.9549 16.7815 4.4137	
0.81	13.0128 16.5699 4.40265	
0.82	13.0582 16.3675 4.3973	
0.83	13.096 16.1858 4.39783	
0.84	13.0797 16.0325 4.40475	
0.85	13.084 15.9633 4.40892	
0.86	13.0986 15.9003 4.41083	
0.87	13.0957 15.8493 4.41266	
0.88	13.1004 15.811 4.41379	
0.89	13.1055 15.7805 4.41649	
0.9	13.1148 15.7387 4.41866	
0.91	13.1242 15.6956 4.42951	
0.92	13.1312 15.6478 4.45621	
0.93	13.145 15.5932 4.48859	
0.94	13.163 15.5208 4.50712	
0.95	13.1733 15.4188 4.54026	
0.96	13.168 15.3125 4.59504	
0.97	13.1549 15.2103 4.64985	
0.98	13.1472 15.0894 4.67945	
0.99	13.1537 14.9858 4.68974	
1	13.1489 14.8842 4.72086	
1.01	13.1497 14.786 4.75718	
1.02	13.1485 14.6838 4.78563	
1.03	13.1446 14.5737 4.80211	
1.04	13.1332 14.4471 4.81411	
1.05	13.1023 14.3194 4.83156	
1.06	13.054 14.198 4.84757	
1.07	12.9987 14.0982 4.86097	
1.08	12.9379 13.9859 4.87426	
1.09	12.8736 13.8925 4.89137	
1.1	12.8083 13.7989 4.90764	
1.11	12.7417 13.6998 4.92364	
1.12	12.6791 13.6031 4.94203	
1.13	12.6118 13.5123 4.95979	
1.14	12.5303 13.4078 4.97961	
1.15	12.4546 13.3221 4.99733	
1.16	12.3994 13.2458 5.01361	
1.17	12.3927 13.2153 5.0234	
1.18	12.3921 13.2017 5.03069	
1.19	12.3977 13.1928 5.03385	
1.2	12.4031 13.1588 5.03639	
1.21	12.3895 13.1249 5.0443	
1.22	12.361 13.0931 5.05131	
1.23	12.3273 13.0674 5.04647	
1.24	12.281 13.0262 5.02874	
1.25	12.2088 12.9834 5.02543	
1.26	12.1294 12.9348 5.03436	
1.27	12.0489 12.8932 5.04484	
1.28	11.9674 12.8563 5.05184	
1.29	11.8901 12.8308 5.0557	
1.3	11.8063 12.8098 5.05732	
1.31	11.6943 12.7924 5.05777	
1.32	11.5873 12.7825 5.05862	
1.33	11.4752 12.7642 5.05428	
1.34	11.3451 12.7488 5.04577	
1.35	11.2195 12.7338 5.04595	
1.36	11.089 12.7248 5.04555	
1.37	10.9755 12.7236 5.04423	
1.38	10.876 12.7355 5.04095	
1.39	10.7972 12.7433 5.03876	
1.4	10.749 12.7491 5.04107	
1.41	10.731 12.7639 5.05794	
1.42	10.7276 12.7753 5.0679	
1.43	10.7363 12.7756 5.06648	
1.44	10.7406 12.776 5.06643	
1.45	10.7406 12.776 5.06643	
1.46	10.7406 12.776 5.06643	
1.47	10.7334 12.7758 5.06638	
1.48	10.7175 12.7748 5.06643	
1.49	10.6884 12.7783 5.06446	
1.5	10.6335 12.7767 5.06542	
1.51	10.5727 12.7745 5.06532	
1.52	10.4919 12.7667 5.06605	
1.53	10.4295 12.7654 5.06619	
1.54	10.3543 12.7641 5.06602	
1.55	10.2731 12.7709 5.06976	
1.56	10.1934 12.7748 5.07852	
1.57	10.0777 12.7777 5.09492	
1.58	9.97062 12.7829 5.1033	
1.59	9.87663 12.7847 5.10447	
1.6	9.78268 12.7865 5.10432	
1.61	9.70746 12.7878 5.10317	
1.62	9.6368 12.7944 5.11135	
1.63	9.56183 12.8009 5.11852	
1.64	9.49085 12.7976 5.11801	
1.65	9.47542 12.8046 5.13491	
1.66	9.44663 12.81 5.14384	
1.67	9.42416 12.8148 5.15002	
1.68	9.40726 12.82 5.15943	
1.69	9.37603 12.8238 5.166	
1.7	9.34838 12.8303 5.16718	
1.71	9.31363 12.8371 5.18237	
1.72	9.27882 12.8536 5.20593	
1.73	9.251 12.8684 5.22438	
1.74	9.22374 12.8779 5.23876	
1.75	9.19104 12.888 5.25416	
1.76	9.17278 12.8929 5.2733	
1.77	9.1511 12.8996 5.29571	
1.78	9.14288 12.9219 5.32583	
1.79	9.11057 12.9361 5.33983	
1.8	9.0631 12.9689 5.36291	
1.81	8.99922 12.9972 5.39623	
1.82	8.89445 13.0279 5.4376	
1.83	8.79186 13.0434 5.461	
1.84	8.66526 13.0598 5.46986	
1.85	8.52842 13.0729 5.46872	
1.86	8.3948 13.0887 5.47038	
1.87	8.26454 13.1055 5.47225	
1.88	8.17031 13.117 5.47186	
1.89	8.10406 13.1303 5.46971	
1.9	8.05426 13.1357 5.46725	
1.91	8.02859 13.1502 5.46573	
1.92	8.00868 13.1632 5.46271	
1.93	7.98875 13.166 5.46286	
1.94	7.96528 13.172 5.45686	
1.95	7.93647 13.1733 5.45153	
1.96	7.89303 13.1721 5.44899	
1.97	7.84809 13.179 5.44894	
1.98	7.78091 13.1842 5.45041	
1.99	7.7256 13.1903 5.44571	
2	7.65103 13.1943 5.44221	
2.01	7.57252 13.2019 5.44266	
2.02	7.49676 13.2104 5.44582	
2.03	7.43263 13.2105 5.44724	
2.04	7.38934 13.2137 5.45007	
2.05	7.3497 13.221 5.45073	
2.06	7.33131 13.224 5.44971	
2.07	7.31566 13.2273 5.45141	
2.08	7.308 13.2171 5.45192	
2.09	7.30542 13.212 5.45314	
2.1	7.30951 13.2029 5.44932	
2.11	7.31326 13.1917 5.44182	
2.12	7.31014 13.1758 5.43446	
2.13	7.31062 13.1705 5.42492	
2.14	7.30831 13.1659 5.41652	
2.15	7.30111 13.1593 5.40253	
2.16	7.29643 13.1571 5.39641	
2.17	7.28938 13.159 5.39777	
2.18	7.28508 13.1594 5.39668	
2.19	7.27244 13.1611 5.39512	
2.2	7.25558 13.1644 5.39512	
2.21	7.24227 13.156 5.39699	
2.22	7.24016 13.1446 5.39754	
2.23	7.22792 13.1197 5.40363	
2.24	7.21305 13.0762 5.41458	
2.25	7.18893 13.0505 5.43231	
2.26	7.16794 12.989 5.444	
2.27	7.15468 12.9289 5.45686	
2.28	7.13634 12.8587 5.46618	
2.29	7.11888 12.8063 5.49443	
2.3	7.10366 12.7665 5.50829	
2.31	7.08988 12.7151 5.52755	
2.32	7.09376 12.6822 5.53481	
2.33	7.08003 12.6209 5.54501	
2.34	7.0641 12.5569 5.57033	
2.35	7.05167 12.4886 5.59411	
2.36	7.0428 12.4244 5.61763	
2.37	7.03608 12.3757 5.64272	
2.38	7.03003 12.3421 5.67315	
2.39	7.03089 12.3084 5.66822	
2.4	7.0278 12.3016 5.68809	
2.41	6.99962 12.3432 5.7046	
2.42	7.03054 12.2114 5.69293	
2.43	7.10592 12.4624 5.90241	
2.44	7.09981 12.0452 5.88252	
2.45	7.02336 12.0401 5.86792	
2.46	7.03514 11.9409 5.90194	
2.47	7.02808 11.8728 5.91187	
2.48	6.99399 11.9091 5.97256	
2.49	6.99165 11.8743 5.99041	
2.5	6.95891 11.8168 6.01391	
2.51	6.93645 11.7475 6.01986	
2.52	6.89945 11.6908 6.05182	
2.53	6.86973 11.6316 6.08047	
2.54	6.83468 11.5846 6.09625	
2.55	6.82273 11.5694 6.1448	
2.56	6.82037 11.5951 6.19496	
2.57	6.82822 11.633 6.24844	
2.58	6.82252 11.672 6.30104	
2.59	6.81237 11.7189 6.35137	
2.6	6.80126 11.7466 6.39157	
2.61	6.78366 11.7588 6.41831	
2.62	6.76973 11.7591 6.42959	
2.63	6.76528 11.7668 6.42617	
2.64	6.7695 11.7938 6.4174	
2.65	6.78396 11.8317 6.39948	
2.66	6.80192 11.8864 6.3791	
2.67	6.81102 11.9582 6.38615	
2.68	6.8252 12.0183 6.36683	
2.69	6.82675 12.1008 6.38266	
2.7	6.83244 12.2033 6.37611	
2.71	6.83547 12.3013 6.38388	
2.72	6.83764 12.3889 6.39586	
2.73	6.82357 12.4638 6.41308	
2.74	6.81304 12.5277 6.42589	
2.75	6.81254 12.5736 6.42499	
2.76	6.80141 12.6126 6.42036	
2.77	6.78876 12.6305 6.42154	
2.78	6.76987 12.6274 6.41828	
2.79	6.76071 12.613 6.4217	
2.8	6.74923 12.5883 6.42806	
2.81	6.74873 12.5581 6.43029	
2.82	6.74201 12.5355 6.43292	
2.83	6.73699 12.5154 6.43968	
2.84	6.7299 12.4846 6.4488	
2.85	6.72083 12.4438 6.46167	
2.86	6.6997 12.4053 6.47365	
2.87	6.69226 12.3941 6.48302	
2.88	6.67946 12.4006 6.49878	
2.89	6.67126 12.4193 6.50474	
2.9	6.65536 12.4392 6.50069	
2.91	6.64701 12.4568 6.49476	
2.92	6.6431 12.4746 6.49208	
2.93	6.63565 12.4978 6.48557	
2.94	6.62856 12.5205 6.47829	
2.95	6.60555 12.5284 6.47229	
2.96	6.5843 12.5445 6.46973	
2.97	6.56272 12.5646 6.46292	
2.98	6.55621 12.5841 6.45057	
2.99	6.55125 12.5904 6.44838	
3	6.55105 12.5899 6.44733	
3.01	6.54421 12.5875 6.43112	
3.02	6.53614 12.5794 6.39621	
3.03	6.53589 12.5846 6.34527	
3.04	6.54627 12.5956 6.29611	
3.05	6.55751 12.6172 6.25389	
3.06	6.56031 12.6288 6.24259	
3.07	6.56134 12.6328 6.23861	
3.08	6.56125 12.6321 6.23729	
3.09	6.56274 12.6312 6.23565	
3.1	6.56319 12.6335 6.23922	
3.11	6.56378 12.6419 6.25287	
3.12	6.56638 12.6531 6.27133	
3.13	6.5688 12.6639 6.28872	
3.14	6.57169 12.6692 6.29761	
3.15	6.57363 12.6784 6.31301	
3.16	6.56924 12.6854 6.32194	
3.17	6.56797 12.6864 6.34307	
3.18	6.569 12.6844 6.35948	
3.19	6.56471 12.6665 6.36974	
3.2	6.55496 12.6308 6.38038	
3.21	6.54423 12.5788 6.39439	
3.22	6.52751 12.5075 6.41669	
3.23	6.51026 12.413 6.44268	
3.24	6.49131 12.305 6.47772	
3.25	6.46787 12.1774 6.5212	
3.26	6.43448 12.0349 6.57858	
3.27	6.39937 11.8974 6.63493	
3.28	6.37458 11.7778 6.71393	
3.29	6.364 11.7063 6.78181	
3.3	6.36814 11.6475 6.85466	
3.31	6.36578 11.6105 6.90836	
3.32	6.3672 11.5895 6.94776	
3.33	6.37026 11.5749 6.97744	
3.34	6.36775 11.5714 7.00224	
3.35	6.37156 11.5598 7.01656	
3.36	6.36996 11.5468 7.0359	
3.37	6.36522 11.5334 7.04447	
3.38	6.36377 11.5277 7.05566	
3.39	6.36571 11.5362 7.05966	
3.4	6.37019 11.5632 7.0726	
3.41	6.39059 11.6244 7.08344	
3.42	6.40755 11.6763 7.09893	
3.43	6.417 11.7186 7.1159	
3.44	6.4173 11.7488 7.1502	
3.45	6.42531 11.7846 7.20449	
3.46	6.42799 11.8251 7.2628	
3.47	6.43648 11.8624 7.32718	
3.48	6.43784 11.8969 7.41275	
3.49	6.42049 11.9006 7.49437	
3.5	6.40675 11.8756 7.56615	
3.51	6.39685 11.8349 7.62645	
3.52	6.38474 11.7798 7.69351	
3.53	6.36996 11.7226 7.75785	
3.54	6.35529 11.6531 7.82369	
3.55	6.33355 11.5935 7.89211	
3.56	6.31967 11.5341 7.95375	
3.57	6.30808 11.4835 7.99127	
3.58	6.29799 11.4405 8.02238	
3.59	6.28939 11.4034 8.04349	
3.6	6.27964 11.3608 8.06526	
3.61	6.27007 11.3188 8.08852	
3.62	6.25609 11.2643 8.11202	
3.63	6.24211 11.1979 8.14571	
3.64	6.23343 11.1308 8.18094	
3.65	6.21745 11.0612 8.22013	
3.66	6.20006 10.9921 8.25985	
3.67	6.18564 10.9584 8.28481	
3.68	6.18252 10.9509 8.2935	
3.69	6.19241 10.9643 8.28819	
3.7	6.21193 10.9953 8.27333	
3.71	6.22942 11.0059 8.26533	
3.72	6.22903 11.0108 8.26315	
3.73	6.21761 11.0137 8.26278	
3.74	6.19551 11.0137 8.26515	
3.75	6.18901 11.0153 8.26515	
3.76	6.19148 11.02 8.26305	
3.77	6.19453 11.0392 8.25379	
3.78	6.20883 11.0723 8.2303	
3.79	6.22 11.1137 8.1988	
3.8	6.24075 11.1749 8.15274	
3.81	6.25688 11.2453 8.07943	
3.82	6.28656 11.3165 7.99404	
3.83	6.31337 11.3912 7.90249	
3.84	6.33276 11.4571 7.81337	
3.85	6.34233 11.5151 7.73949	
3.86	6.33934 11.5537 7.68049	
3.87	6.33341 11.5859 7.63016	
3.88	6.33559 11.6177 7.59072	
3.89	6.34385 11.6538 7.55904	
3.9	6.35244 11.6912 7.53022	
3.91	6.36164 11.7313 7.48618	
3.92	6.38084 11.7805 7.44825	
3.93	6.39992 11.8287 7.39959	
3.94	6.42626 11.9013 7.33252	
3.95	6.44686 11.9638 7.23998	
3.96	6.46033 12.0153 7.12816	
3.97	6.47288 12.0634 7.00057	
3.98	6.48643 12.1096 6.8785	
3.99	6.49535 12.1414 6.76149	
4	6.50708 12.1847 6.65207	
4.01	6.51967 12.2321 6.55864	
4.02	6.54788 12.2933 6.45341	
4.03	6.5981 12.3612 6.33606	
4.04	6.64115 12.4333 6.2219	
4.05	6.67207 12.5162 6.14432	
4.06	6.70241 12.5632 6.09502	
4.07	6.72814 12.6191 6.06293	
4.08	6.7497 12.658 6.04874	
4.09	6.75479 12.6775 6.03443	
4.1	6.76261 12.7018 6.01898	
4.11	6.77013 12.735 6.00975	
4.12	6.77856 12.7755 5.99896	
4.13	6.7908 12.8269 5.9795	
4.14	6.79899 12.8882 5.96794	
4.15	6.81269 12.9468 5.93493	
4.16	6.8259 12.9903 5.89068	
4.17	6.8363 13.0292 5.82961	
4.18	6.84729 13.0663 5.76651	
4.19	6.84317 13.0965 5.70636	
4.2	6.83658 13.1366 5.65276	
4.21	6.83015 13.1902 5.5929	
4.22	6.83926 13.2537 5.524	
4.23	6.85854 13.3302 5.46034	
4.24	6.87559 13.3847 5.37947	
4.25	6.88583 13.4266 5.30475	
4.26	6.89449 13.4558 5.23931	
4.27	6.89054 13.4674 5.18093	
4.28	6.88219 13.4731 5.1202	
4.29	6.86489 13.4707 5.06327	
4.3	6.85907 13.4689 4.9895	
4.31	6.86001 13.4713 4.90309	
4.32	6.86402 13.4875 4.80844	
4.33	6.88294 13.5186 4.70121	
4.34	6.89638 13.5516 4.56965	
4.35	6.91141 13.5837 4.43418	
4.36	6.91923 13.6093 4.25311	
4.37	6.92342 13.6178 4.03985	
4.38	6.92398 13.6158 3.80614	
4.39	6.92693 13.619 3.59031	
4.4	6.92405 13.6199 3.40113	
4.41	6.91999 13.6168 3.2398	
4.42	6.91807 13.5978 3.0793	
4.43	6.91404 13.5833 2.95777	
4.44	6.91163 13.5633 2.86806	
4.45	6.90473 13.5381 2.7922	
4.46	6.90221 13.5249 2.75319	
4.47	6.9002 13.5148 2.74067	
4.48	6.90583 13.5072 2.73977	
4.49	6.90583 13.5072 2.73977	
4.5	6.91538 13.5041 2.7385	
4.51	6.92686 13.4983 2.72839	
4.52	6.92962 13.4905 2.70747	
4.53	6.92816 13.484 2.68676	
4.54	6.92707 13.4791 2.67123	
4.55	6.92477 13.4688 2.6561	
4.56	6.92264 13.4528 2.64136	
4.57	6.91637 13.432 2.62733	
4.58	6.91748 13.4044 2.61451	
4.59	6.93157 13.3698 2.59033	
4.6	6.94031 13.3316 2.56814	
4.61	6.9525 13.3073 2.55496	
4.62	6.96786 13.2909 2.55067	
4.63	7.00917 13.2804 2.54569	
4.64	7.05023 13.2746 2.53586	
4.65	7.09419 13.2759 2.51366	
4.66	7.1693 13.2808 2.48536	
4.67	7.26968 13.2892 2.44557	
4.68	7.37793 13.2972 2.40634	
4.69	7.48103 13.2946 2.39444	
4.7	7.56772 13.2691 2.34269	
4.71	7.69636 13.2163 2.22909	
4.72	7.81944 13.1697 2.18182	
4.73	7.96036 13.1314 2.1593	
4.74	8.13136 13.0974 2.13577	
4.75	8.3684 13.0473 2.12399	
4.76	8.60325 12.9807 2.12446	
4.77	8.79321 12.9224 2.1237	
4.78	8.98498 12.8769 2.11474	
4.79	9.23218 12.8484 2.08307	
4.8	9.48623 12.8244 2.06834	
4.81	9.76688 12.8012 2.03743	
4.82	10.0751 12.7857 2.01603	
4.83	10.2591 12.7325 1.99584	
4.84	10.4533 12.6975 1.93556	
4.85	10.3414 12.6385 1.90053	
4.86	10.3503 12.6122 1.86769	
4.87	10.2003 12.584 1.88407	
4.88	10.2894 12.6141 1.87865	
4.89	10.293 12.6368 1.88913	
4.9	10.3777 12.6393 1.89022	
4.91	10.4109 12.6299 1.8883	
4.92	10.6046 12.639 1.89244	
4.93	10.8437 12.6698 1.87373	
4.94	11.0004 12.6873 1.86198	
4.95	11.2066 12.7316 1.86746	
4.96	11.4299 12.7547 1.86878	
4.97	11.4341 12.7349 1.85706	
4.98	11.5653 12.749 1.85926	
4.99	11.5981 12.7486 1.8567	
5	11.6482 12.7543 1.85825	
5.01	11.8482 12.7796 1.86075	
5.02	11.8721 12.7709 1.85324	
5.03	11.7526 12.7443 1.8608	
5.04	11.6635 12.7078 1.85826	
5.05	11.4832 12.6796 1.85853	
5.06	11.4041 12.6283 1.86937	
5.07	11.1699 12.4761 1.90157	
5.08	11.1237 12.3302 1.90677	
5.09	11.1641 12.3374 1.92365	
5.1	11.0906 12.2536 1.93395	
5.11	10.9618 12.0506 1.91294	
5.12	10.9037 11.9838 1.90991	
5.13	10.97 12.0831 1.8937	
5.14	10.9011 12.1022 1.87109	
5.15	10.8832 12.1557 1.85865	
5.16	10.9044 12.2519 1.83484	
5.17	10.9286 12.393 1.80781	
5.18	10.8961 12.4091 1.797	
5.19	10.8884 12.3789 1.79607	
5.2	10.9321 12.3814 1.79501	
5.21	10.917 12.3847 1.7924	
5.22	10.8569 12.36 1.79546	
5.23	10.981 12.3351 1.80451	
5.24	10.9008 12.3392 1.8164	
5.25	10.8676 12.3302 1.8129	
5.26	10.9245 12.3221 1.81116	
5.27	10.957 12.3183 1.81067	
5.28	10.9422 12.3168 1.80664	
5.29	10.9703 12.3178 1.8063	
5.3	10.9449 12.3179 1.80679	
5.31	10.9411 12.3219 1.80547	
5.32	10.955 12.3235 1.80661	
5.33	10.9746 12.3246 1.80614	
5.34	10.9443 12.3202 1.81455	
5.35	10.9596 12.3085 1.81311	
5.36	10.968 12.2912 1.81081	
5.37	10.9709 12.2878 1.81271	
5.38	10.9543 12.2885 1.82343	
5.39	10.9696 12.2894 1.82683	
5.4	10.9514 12.2896 1.82772	
5.41	10.9645 12.2909 1.83258	
5.42	10.9527 12.2904 1.83305	
5.43	10.9692 12.2853 1.83299	
5.44	10.9531 12.2797 1.83415	
5.45	10.9659 12.2799 1.83395	
5.46	10.9561 12.2799 1.83439	
5.47	10.9597 12.2804 1.83963	
5.48	10.9458 12.2797 1.83946	
5.49	10.956 12.2743 1.83993	
5.5	10.9511 12.2746 1.84006	
5.51	10.9629 12.2745 1.84036	
5.52	10.9548 12.2754 1.84029	
5.53	10.9609 12.2751 1.84053	
5.54	10.9492 12.2749 1.84034	
5.55	10.9653 12.2813 1.843	
5.56	10.9503 12.2871 1.84298	
5.57	10.96 12.2968 1.8384	
5.58	10.9541 12.3133 1.83685	
5.59	10.9604 12.3124 1.83589	
5.6	10.9364 12.3112 1.83566	
5.61	10.9465 12.3112 1.83523	
5.62	10.9538 12.3106 1.83391	
5.63	10.9586 12.3109 1.83337	
5.64	10.9574 12.3094 1.83069	
5.65	10.9736 12.3157 1.82913	
5.66	10.99 12.329 1.83052	
5.67	11.0602 12.3572 1.8568	
5.68	11.0987 12.3886 1.88242	
5.69	11.1526 12.4266 1.86211	
5.7	11.1835 12.4549 1.86015	
5.71	11.3246 12.5233 1.8469	
5.72	11.3346 12.5626 1.82263	
5.73	11.4508 12.6206 1.83349	
5.74	11.4731 12.6254 1.8219	
5.75	11.6072 12.6466 1.84664	
5.76	11.6727 12.6542 1.86831	
5.77	11.7934 12.6951 1.87981	
5.78	11.9323 12.7255 1.89021	
5.79	12.1255 12.7695 1.96221	
5.8	12.477 12.8806 1.96046	
5.81	12.6186 12.9616 1.96624	
5.82	12.7053 12.9755 1.97228	
5.83	12.8245 13.0332 1.98315	
5.84	12.8524 13.0162 1.97295	
5.85	12.8956 13.0387 1.95838	
5.86	12.918 12.982 1.97591	
5.87	12.9478 12.9092 1.99714	
5.88	12.997 12.8518 2.00478	
5.89	13.0028 12.7812 2.03646	
5.9	13.0818 12.5108 2.03626	
5.91	13.1141 12.3002 2.08557	
5.92	13.1554 12.0869 2.13394	
5.93	13.1885 11.896 2.16956	
5.94	13.2239 11.7282 2.22318	
5.95	13.2864 11.5931 2.2571	
5.96	13.3437 11.5253 2.28963	
5.97	13.4325 11.5116 2.2992	
5.98	13.5209 11.5097 2.31106	
5.99	13.5926 11.4694 2.32115	
6	13.6474 11.3693 2.35385	
6.01	13.7048 11.2338 2.38064	
6.02	13.7339 11.0552 2.44247	
6.03	13.7271 10.855 2.50705	
6.04	13.702 10.6162 2.58204	
6.05	13.6379 10.3493 2.67051	
6.06	13.5244 10.0706 2.77379	
6.07	13.425 9.83216 2.87596	
6.08	13.3761 9.60107 2.99764	
6.09	13.329 9.37008 3.14249	
6.1	13.2902 9.1134 3.29584	
6.11	13.2368 8.91735 3.42456	
6.12	13.2048 8.72905 3.55081	
6.13	13.1387 8.52041 3.68424	
6.14	13.062 8.29825 3.81838	
6.15	12.9304 8.01871 3.96656	
6.16	12.7647 7.73717 4.13615	
6.17	12.5747 7.48029 4.29948	
6.18	12.4331 7.28624 4.43128	
6.19	12.2993 7.13675 4.54022	
6.2	12.1716 7.00536 4.63496	
6.21	11.9946 6.86906 4.72886	
6.22	11.7831 6.73429 4.82279	
6.23	11.5841 6.60842 4.91458	
6.24	11.4261 6.48463 5.01281	
6.25	11.2791 6.35881 5.1168	
6.26	11.1738 6.2492 5.21119	
6.27	11.0784 6.15249 5.29505	
6.28	11.007 6.07877 5.36237	
6.29	10.9533 6.02168 5.41464	
6.3	10.9014 5.98993 5.44812	
6.31	10.813 5.9771 5.46285	
6.32	10.7059 5.96832 5.47384	
6.33	10.5531 5.9551 5.4877	
6.34	10.3884 5.95497 5.48959	
6.35	10.2293 5.95928 5.49624	
6.36	10.0987 5.96529 5.49377	
6.37	9.96163 5.99277 5.4776	
6.38	9.81753 6.03171 5.4455	
6.39	9.64653 6.06484 5.42169	
6.4	9.44753 6.08846 5.40887	
6.41	9.25529 6.11833 5.41183	
6.42	9.0942 6.1835 5.37803	
6.43	8.97965 6.30224 5.35913	
6.44	8.93947 6.44985 5.35686	
6.45	8.87471 6.55012 5.31441	
6.46	8.74811 6.6051 5.28228	
6.47	8.59208 6.63573 5.28002	
6.48	8.43359 6.65247 5.29434	
6.49	8.27291 6.67327 5.29947	
6.5	8.10841 6.72337 5.27521	
6.51	7.96954 6.76765 5.28814	
6.52	7.83163 6.80113 5.31361	
6.53	7.69063 6.81844 5.31745	
6.54	7.59193 6.83098 5.31827	
6.55	7.51833 6.84029 5.31807	
6.56	7.47158 6.83765 5.3245	
6.57	7.44347 6.83686 5.32745	
6.58	7.4317 6.83413 5.33066	
6.59	7.42876 6.83552 5.33244	
6.6	7.43698 6.83446 5.33244	
6.61	7.43676 6.83227 5.34198	
6.62	7.42782 6.82831 5.34368	
6.63	7.42615 6.82636 5.35319	
6.64	7.42501 6.81761 5.35923	
6.65	7.40569 6.79788 5.37436	
6.66	7.37368 6.76822 5.40382	
6.67	7.35835 6.72667 5.43565	
6.68	7.34168 6.6872 5.47309	
6.69	7.33301 6.63351 5.5177	
6.7	7.32388 6.57313 5.57223	
6.71	7.31337 6.50324 5.63084	
6.72	7.31218 6.42809 5.69079	
6.73	7.30027 6.35609 5.7536	
6.74	7.30045 6.29026 5.80813	
6.75	7.30724 6.21644 5.86937	
6.76	7.30785 6.15072 5.93723	
6.77	7.30112 6.09158 6.00434	
6.78	7.29027 6.02692 6.07046	
6.79	7.28117 5.96296 6.13811	
6.8	7.2718 5.88655 6.21512	
6.81	7.2442 5.81658 6.28798	
6.82	7.21826 5.7608 6.3565	
6.83	7.17313 5.70482 6.43251	
6.84	7.11835 5.64616 6.54244	
6.85	7.07516 5.6071 6.65384	
6.86	7.04375 5.58097 6.77818	
6.87	7.00484 5.57367 6.89302	
6.88	6.99569 5.57938 6.95072	
6.89	6.99497 5.58243 6.95854	
6.9	6.98606 5.59226 6.95298	
6.91	6.97011 5.6053 6.93869	
6.92	6.96033 5.60892 6.92994	
6.93	6.95178 5.60968 6.92743	
6.94	6.95206 5.61079 6.91484	
6.95	6.95179 5.61933 6.89406	
6.96	6.95499 5.64413 6.8477	
6.97	6.95963 5.67721 6.79541	
6.98	6.94759 5.7168 6.75498	
6.99	6.94466 5.75862 6.70987	
7	6.9433 5.81179 6.65316	
7.01	6.9531 5.87288 6.57854	
7.02	6.96298 5.94649 6.49525	
7.03	6.97572 6.02032 6.41259	
7.04	6.98855 6.09605 6.31932	
7.05	7.01242 6.19748 6.21204	
7.06	7.02545 6.2754 6.09038	
7.07	7.02559 6.33324 5.98058	
7.08	7.02656 6.38621 5.88815	
7.09	7.01554 6.43279 5.81854	
7.1	7.01306 6.46893 5.75197	
7.11	7.01807 6.50714 5.69372	
7.12	7.02638 6.5557 5.63537	
7.13	7.0341 6.6017 5.56741	
7.14	7.05073 6.65029 5.49503	
7.15	7.07818 6.70616 5.38195	
7.16	7.09324 6.74524 5.27633	
7.17	7.10119 6.78371 5.18317	
7.18	7.10724 6.81819 5.09067	
7.19	7.11483 6.85287 4.97967	
7.2	7.10764 6.89958 4.88271	
7.21	7.11906 6.95995 4.78669	
7.22	7.12821 7.01497 4.70507	
7.23	7.12891 7.05727 4.61202	
7.24	7.11947 7.09854 4.52784	
7.25	7.11123 7.1568 4.40702	
7.26	7.12045 7.21055 4.29603	
7.27	7.13308 7.28626 4.16602	
7.28	7.15741 7.37829 4.00253	
7.29	7.18073 7.47298 3.84517	
7.3	7.20112 7.58335 3.71038	
7.31	7.22753 7.68939 3.60065	
7.32	7.2511 7.76596 3.49811	
7.33	7.25993 7.81672 3.40586	
7.34	7.27457 7.84223 3.32245	
7.35	7.27741 7.86109 3.27016	
7.36	7.28133 7.8777 3.22857	
7.37	7.29299 7.89386 3.16349	
7.38	7.32728 7.91129 3.06657	
7.39	7.3585 7.94221 2.92667	
7.4	7.38376 7.98849 2.74817	
7.41	7.42008 8.05616 2.5816	
7.42	7.45897 8.14437 2.43574	
7.43	7.50175 8.21668 2.29098	
7.44	7.52217 8.28594 2.19667	
7.45	7.52163 8.28582 2.15991	
7.46	7.51599 8.33204 2.0915	
7.47	7.50507 8.36369 2.05108	
7.48	7.4968 8.42018 2.00018	
7.49	7.5223 8.45495 1.93626	
7.5	7.51448 8.48799 1.91633	
7.51	7.52732 8.52378 1.87692	
7.52	7.52291 8.53485 1.87237	
7.53	7.53474 8.61147 1.83848	
7.54	7.55946 8.70027 1.78644	
7.55	7.58785 8.7601 1.74135	
7.56	7.59631 8.81996 1.67509	
7.57	7.60045 8.91644 1.60183	
7.58	7.61328 9.01819 1.55957	
7.59	7.60593 9.06393 1.49013	
7.6	7.53505 8.91446 1.50767	
7.61	7.48678 8.71589 1.60689	
7.62	7.52109 8.72401 1.60774	
7.63	7.54083 8.62746 1.52685	
7.64	7.47641 8.51813 1.52071	
7.65	7.43723 8.43952 1.57136	
7.66	7.42787 8.40766 1.64615	
7.67	7.43056 8.20838 1.58182	
7.68	7.42253 8.16673 1.66238	
7.69	7.37967 8.00627 1.65459	
7.7	7.43876 7.99503 1.6799	
7.71	7.45338 7.80881 1.61241	
7.72	7.46039 7.83629 1.64295	
7.73	7.44557 7.6665 1.64666	
7.74	7.4709 7.63526 1.70856	
7.75	7.44825 7.47252 1.7205	
7.76	7.39735 7.04447 1.79191	
7.77	7.36118 6.79296 1.88805	
7.78	7.31655 6.6137 2.04462	
7.79	7.31529 6.45852 2.15429	
7.8	7.33521 6.31066 2.27388	
7.81	7.3119 6.14408 2.40543	
7.82	7.28559 6.02165 2.50447	
7.83	7.27824 5.91226 2.60096	
7.84	7.27556 5.78587 2.71869	
7.85	7.30334 5.69309 2.8147	
7.86	7.375 5.48409 2.97429	
7.87	7.56114 5.29123 3.14288	
7.88	7.81092 5.06239 3.32406	
7.89	8.10039 4.85317 3.49414	
7.9	8.59892 4.61347 3.70424	
7.91	9.1612 4.43548 3.90887	
7.92	9.65256 4.26872 4.08714	
7.93	9.89146 4.14023 4.2535	
7.94	10.3537 4.07568 4.35817	
7.95	10.7543 4.05837 4.43527	
7.96	11.1888 4.07511 4.44295	
7.97	11.602 4.09633 4.44333	
7.98	11.9962 4.12556 4.48615	
7.99	12.2969 4.16184 4.55425	
8	12.5546 4.1959 4.54355	
8.01	12.7039 4.25891 4.52023	
8.02	12.7212 4.34584 4.45252	
8.03	12.6966 4.45869 4.33991	
8.04	12.694 4.60164 4.18609	
8.05	12.6877 4.77997 3.98978	
8.06	12.6769 4.89994 3.84835	
8.07	12.6756 4.92903 3.79888	
8.08	12.6666 4.91533 3.80423	
8.09	12.6679 4.90376 3.83437	
8.1	12.6686 4.91069 3.82638	
8.11	12.6824 4.95328 3.78238	
8.12	12.6986 4.98694 3.74488	
8.13	12.644 4.98859 3.72942	
8.14	12.6083 4.98245 3.72716	
8.15	12.6086 4.97934 3.73185	
8.16	12.6284 4.97729 3.73575	
8.17	12.6287 4.97418 3.74044	
8.18	12.6363 4.97543 3.74011	
8.19	12.6542 4.97761 3.74011	
8.2	12.6452 4.97723 3.74102	
8.21	12.6197 4.9731 3.74044	
8.22	12.6197 4.9731 3.74044	
8.23	12.6198 4.97289 3.74022	
8.24	12.6183 4.97327 3.74011	
8.25	12.6004 4.97092 3.73988	
8.26	12.5929 4.96897 3.73931	
8.27	12.5913 4.97006 3.74011	
8.28	12.5917 4.96603 3.74368	
8.29	12.5936 4.96183 3.74758	
8.3	12.5745 4.95657 3.75172	
8.31	12.5565 4.95375 3.75081	
8.32	12.5564 4.95467 3.75195	
8.33	12.5568 4.95065 3.75552	
8.34	12.5572 4.94663 3.75909	
8.35	12.5576 4.94261 3.76266	
8.36	12.5576 4.94261 3.76266	
8.37	12.5581 4.93839 3.76601	
8.38	12.557 4.93475 3.76948	
8.39	12.5593 4.92655 3.77697	
8.4	12.5601 4.91853 3.78414	
8.41	12.5594 4.91068 3.79097	
8.42	12.5614 4.9063 3.79467	
8.43	12.5617 4.9025 3.79849	
8.44	12.5616 4.90342 3.79962	
8.45	12.5615 4.90413 3.80052	
8.46	12.5614 4.90434 3.80075	
8.47	12.5611 4.90868 3.80234	
8.48	12.5578 4.92601 3.78903	
8.49	12.5539 4.96597 3.75308	
8.5	12.5438 5.03829 3.68761	
8.51	12.5336 5.14001 3.59976	
8.52	12.5196 5.26579 3.48962	
8.53	12.5066 5.39475 3.39339	
8.54	12.4908 5.55325 3.33357	
8.55	12.4829 5.79376 3.3401	
8.56	12.52 6.13839 3.3614	
8.57	12.6076 6.58052 3.33157	
8.58	12.6936 7.02792 3.26061	
8.59	12.7589 7.53478 3.16705	
8.6	12.8323 8.03324 3.13464	
8.61	12.8413 8.63105 3.19666	
8.62	12.8477 9.2832 3.27263	
8.63	12.8713 9.548 3.3469	
8.64	12.7707 10.3227 3.29961	
8.65	12.6455 11.2146 3.37223	
8.66	12.5444 11.8806 3.41656	
8.67	12.4904 12.4884 3.37679	
8.68	12.4005 13.0395 3.30852	
8.69	12.2366 13.5969 3.301	
8.7	12.0384 14.1855 3.35958	
8.71	11.8321 14.8588 3.39964	
8.72	11.7663 15.5305 3.38019	
8.73	11.8583 16.2023 3.39322	
8.74	11.943 16.4113 3.38693	
8.75	11.8229 16.8802 3.48879	
8.76	11.6473 17.482 3.65466	
8.77	11.5092 17.7307 3.69419	
8.78	11.5123 17.802 3.65299	
8.79	11.5051 17.8123 3.66455	
8.8	11.5099 17.8248 3.67884	
8.81	11.5097 17.8315 3.6923	
8.82	11.5285 17.8444 3.7021	
8.83	11.5379 17.8512 3.69916	
8.84	11.5482 17.8502 3.68949	
8.85	11.5446 17.8389 3.67215	
8.86	11.5311 17.7794 3.65449	
8.87	11.4148 17.6564 3.63042	
8.88	11.1766 17.5634 3.58727	
8.89	10.804 17.4451 3.48273	
8.9	10.4185 17.2516 3.38746	
8.91	10.1322 17.0827 3.42219	
8.92	9.97297 17.0235 3.56192	
8.93	9.8414 17.0997 3.71395	
8.94	9.82459 17.4224 3.79012	
8.95	9.85642 17.9374 3.79584	
8.96	9.92148 18.4952 3.72535	
8.97	10.0076 19.0395 3.57322	
8.98	10.1065 19.4879 3.28185	
8.99	10.1998 19.981 3.09351	
9	10.2403 19.8749 3.03573	
9.01	10.2402 19.8748 3.0355	
9.02	10.2442 19.868 3.02033	
9.03	10.2482 19.86 3.00328	
9.04	10.2501 19.8535 2.98921	
9.05	10.2487 19.8532 2.98757	
9.06	10.2487 19.8531 2.98746	
9.07	10.2488 19.853 2.98717	
9.08	10.2478 19.854 2.98909	
9.09	10.2478 19.8557 2.99282	
9.1	10.2467 19.856 2.99294	
9.11	10.2488 19.8542 2.99003	
9.12	10.2488 19.8536 2.98869	
9.13	10.2488 19.8532 2.98764	
9.14	10.2487 19.8536 2.98862	
9.15	10.248 19.8572 2.99644	
9.16	10.2462 19.8632 3.00968	
9.17	10.2369 19.8799 3.04688	
9.18	10.2237 19.8928 3.07507	
9.19	10.2074 19.9054 3.10379	
9.2	10.2026 19.9091 3.11298	
9.21	10.1997 19.9107 3.11648	
9.22	10.1984 19.9114 3.1181	
9.23	10.1988 19.9116 3.11893	
9.24	10.1972 19.912 3.11948	
9.25	10.1972 19.912 3.11948	
9.26	10.1984 19.9118 3.11939	
9.27	10.1959 19.9107 3.11415	
9.28	10.197 19.9104 3.11406	
9.29	10.196 19.911 3.11533	
9.3	10.1959 19.9111 3.11556	
9.31	10.1959 19.9111 3.11556	
9.32	10.1959 19.9111 3.11556	
9.33	10.197 19.9109 3.11547	
9.34	10.197 19.9104 3.11406	
9.35	10.1959 19.9107 3.11415	
9.36	10.1959 19.9107 3.11415	
9.37	10.1957 19.9108 3.11438	
9.38	10.1959 19.9111 3.11556	
9.39	10.196 19.911 3.11533	
9.4	10.1957 19.9108 3.11438	
9.41	10.1957 19.9108 3.11438	
9.42	10.197 19.9109 3.11547	
9.43	10.1959 19.9107 3.11415	
9.44	10.1959 19.9111 3.11556	
9.45	10.1959 19.9107 3.11415	
9.46	10.1959 19.9107 3.11415	
9.47	10.1968 19.9105 3.11429	
9.48	10.1959 19.9107 3.11415	
9.49	10.1959 19.9111 3.11556	
9.5	10.1959 19.9111 3.11556	
9.51	10.1959 19.9111 3.11556	
9.52	10.1968 19.9105 3.11429	
9.53	10.1968 19.9105 3.11429	
9.54	10.1957 19.9112 3.11579	
9.55	10.1957 19.9108 3.11438	
9.56	10.1957 19.9108 3.11438	
9.57	10.1957 19.9108 3.11438	
9.58	10.197 19.9109 3.11547	
9.59	10.1959 19.9111 3.11556	
9.6	10.1959 19.9107 3.11415	
9.61	10.1957 19.9108 3.11438	
9.62	10.197 19.9104 3.11406	
9.63	10.1957 19.9108 3.11438	
9.64	10.1968 19.9105 3.11429	
9.65	10.1959 19.9107 3.11415	
9.66	10.1957 19.9108 3.11438	
9.67	10.1957 19.9108 3.11438	
9.68	10.1959 19.9107 3.11415	
9.69	10.1959 19.9107 3.11415	
9.7	10.197 19.9104 3.11406	
9.71	10.1959 19.9107 3.11415	
9.72	10.1957 19.9108 3.11438	
9.73	10.1959 19.9107 3.11415	
