# Gnuplot File : positions of 1 particle(s) Monitored
# 1st Column : time, others : particle(s) number 0 
0.01	8.61818 13.8846 1.03799	
0.02	8.58321 13.903 1.05352	
0.03	8.58448 13.9023 1.05276	
0.04	8.5857 13.9017 1.05203	
0.05	8.58687 13.9011 1.05133	
0.06	8.588 13.9005 1.05066	
0.07	8.5891 13.8999 1.05001	
0.08	8.59015 13.8993 1.04938	
0.09	8.59116 13.8988 1.04877	
0.1	8.59435 13.8966 1.04753	
0.11	8.59309 13.8978 1.04763	
0.12	8.56457 13.9039 1.06202	
0.13	8.59713 13.8609 1.05918	
0.14	8.77169 13.8254 0.978829	
0.15	9.05184 13.841 0.924742	
0.16	9.57664 13.8134 0.819724	
0.17	9.67349 13.7991 0.806396	
0.18	9.68649 13.7993 0.801187	
0.19	9.68987 13.796 0.798772	
0.2	9.69711 13.7926 0.796024	
0.21	9.98035 13.7798 0.776649	
0.22	10.1487 13.7765 0.776595	
0.23	10.1145 13.7049 0.726286	
0.24	10.0502 13.7062 0.719062	
0.25	10.034 13.389 0.866098	
0.26	9.8891 11.2557 1.54603	
0.27	9.75625 10.5823 2.27618	
0.28	9.67748 10.11 2.43921	
0.29	10.1627 9.9931 2.97822	
0.3	11.4823 10.1613 3.69678	
0.31	12.9172 10.6827 4.30401	
0.32	13.6664 11.3588 4.29237	
0.33	14.0453 11.7644 4.27105	
0.34	13.9386 12.0945 4.25587	
0.35	13.8427 12.2889 4.12135	
0.36	13.7931 12.4211 4.05988	
0.37	13.8056 12.367 3.90554	
0.38	14.0523 12.0435 3.65254	
0.39	14.3405 11.8295 3.60884	
0.4	14.5384 11.7827 3.58753	
0.41	14.788 11.6242 3.50628	
0.42	14.8832 11.4517 3.43894	
0.43	14.9827 11.2078 3.32276	
0.44	15.0349 11.0028 3.2154	
0.45	15.0219 10.7754 3.10849	
0.46	14.9431 10.5419 3.0456	
0.47	14.8229 10.3458 2.95321	
0.48	14.5719 10.1369 2.79656	
0.49	14.4751 9.93974 2.68549	
0.5	14.2893 9.76094 2.54992	
0.51	13.9797 9.59325 2.52315	
0.52	13.6609 9.40216 2.52494	
0.53	13.4198 9.24619 2.53002	
0.54	13.3649 9.22625 2.52763	
0.55	13.3831 9.22376 2.60202	
0.56	13.3888 9.20411 2.63098	
0.57	13.4109 9.18091 2.65847	
0.58	13.4258 9.18138 2.68273	
0.59	13.4546 9.16443 2.68103	
0.6	13.4407 9.17047 2.68542	
0.61	13.4378 9.15501 2.68729	
0.62	13.2823 9.03738 2.69783	
0.63	12.7233 8.80517 2.75807	
0.64	12.2481 8.6386 2.82237	
0.65	11.7648 8.65589 2.87397	
0.66	11.1144 8.61509 2.84882	
0.67	10.5949 8.53834 2.84739	
0.68	9.83647 8.41672 2.7073	
0.69	9.14287 8.34611 2.66994	
0.7	8.65519 8.32697 2.65852	
0.71	8.47244 8.4263 2.61996	
0.72	8.32306 8.55048 2.59892	
0.73	8.31729 8.54206 2.54899	
0.74	8.34497 8.49344 2.49934	
0.75	8.37951 8.46783 2.46212	
0.76	8.37912 8.43748 2.39459	
0.77	8.37926 8.41069 2.33707	
0.78	8.37971 8.40186 2.30331	
0.79	8.38047 8.37582 2.25108	
0.8	8.36602 8.363 2.20271	
0.81	8.36011 8.326 2.15021	
0.82	8.34086 8.27202 2.11486	
0.83	8.26507 8.28126 2.13124	
0.84	7.90641 8.25685 2.04655	
0.85	7.63535 8.24348 2.01225	
0.86	7.53176 8.27132 1.99785	
0.87	7.50363 8.32027 1.97305	
0.88	7.46609 8.40793 1.94883	
0.89	7.33631 8.44716 1.83849	
0.9	7.21063 8.49041 1.81173	
0.91	7.17661 8.59882 1.73918	
0.92	7.18839 8.72946 1.70366	
0.93	7.22048 8.8366 1.6811	
0.94	7.28788 8.97189 1.42439	
0.95	7.3936 9.18446 1.43282	
0.96	7.44864 9.32661 1.41308	
0.97	7.55731 9.30571 1.44046	
0.98	7.69888 9.36768 1.42791	
0.99	7.87336 9.33653 1.42723	
1	8.15989 9.06517 1.4563	
1.01	8.16968 8.72051 1.46695	
1.02	8.12336 8.35335 1.44401	
1.03	8.0327 7.79987 1.56669	
1.04	7.96073 7.54479 1.66706	
1.05	7.97263 7.28161 1.764	
1.06	7.84767 6.9344 1.89282	
1.07	7.68118 6.80515 1.92719	
1.08	7.3048 6.63797 1.9833	
1.09	7.07958 6.54244 2.01868	
1.1	6.88272 6.53307 2.14699	
1.11	6.6453 6.53977 2.15697	
1.12	6.41497 6.55214 2.1774	
1.13	6.17115 6.64404 2.1589	
1.14	6.2279 6.82133 2.11331	
1.15	6.29594 7.10793 2.06577	
1.16	6.36779 7.36641 2.04337	
1.17	6.45353 7.52121 2.05274	
1.18	6.58488 7.59405 2.05977	
1.19	6.71701 7.60731 2.05365	
1.2	6.84828 7.61595 2.03533	
1.21	7.05784 7.63211 2.01778	
1.22	7.26548 7.73416 1.99138	
1.23	7.28226 7.78459 1.97245	
1.24	7.27951 7.78673 1.95932	
1.25	7.27895 7.77279 1.90293	
1.26	7.28257 7.79293 1.88916	
1.27	7.24751 7.84392 1.86581	
1.28	7.14377 7.90366 1.85093	
1.29	7.07164 7.95899 1.83252	
1.3	7.09537 8.05051 1.80694	
1.31	7.15711 8.13781 1.77128	
1.32	7.30353 8.16643 1.70576	
1.33	7.28617 8.33202 1.69108	
1.34	7.45476 8.50183 1.57194	
1.35	7.4458 8.50526 1.56929	
1.36	7.43365 8.50206 1.56776	
1.37	7.41113 8.41189 1.57328	
1.38	7.38242 8.25802 1.58903	
1.39	7.26654 8.19642 1.59051	
1.4	7.24925 8.02603 1.60683	
1.41	7.14207 7.63055 1.56223	
1.42	7.11839 7.51094 1.59131	
1.43	6.95098 7.28244 1.64044	
1.44	6.89509 7.08501 1.66431	
1.45	6.82186 7.09173 1.65681	
1.46	6.56631 7.11465 1.66844	
1.47	6.20124 7.15404 1.69628	
1.48	6.60553 7.85715 1.55586	
1.49	6.54797 7.88333 1.5461	
1.5	6.75496 8.12478 1.49512	
1.51	6.87674 8.34326 1.45548	
1.52	6.86804 8.36828 1.4496	
1.53	6.8373 8.36998 1.43757	
1.54	6.88248 8.34456 1.41324	
1.55	6.88054 8.34016 1.3971	
1.56	6.86773 8.34134 1.37505	
1.57	6.85193 8.34336 1.35804	
1.58	6.84706 8.34771 1.35181	
1.59	6.84334 8.34334 1.32611	
1.6	6.84683 8.34805 1.31699	
1.61	6.85467 8.33237 1.30421	
1.62	6.87085 8.36634 1.29229	
1.63	6.91937 8.3755 1.28971	
1.64	7.12556 8.29657 1.29047	
1.65	7.34715 8.21244 1.24716	
1.66	7.34989 7.90175 1.18254	
1.67	7.14983 7.455 1.0941	
1.68	6.66055 6.89395 1.11199	
1.69	6.31622 6.77231 1.06981	
1.7	5.88238 6.66701 0.95362	
1.71	5.91751 6.62695 0.881163	
1.72	5.84996 6.56612 0.809212	
1.73	5.87137 6.60233 0.742958	
1.74	5.91255 6.70366 0.580598	
1.75	5.91121 6.8133 0.438311	
1.76	5.93886 6.83641 0.392606	
1.77	5.99779 6.82439 0.269605	
1.78	6.14173 6.79863 0.251403	
1.79	6.34197 6.81226 0.185907	
1.8	6.33453 6.87671 0.0904303	
1.81	6.57647 6.96688 0.0572621	
1.82	6.60984 7.21325 0.0295569	
1.83	6.62565 7.29653 0.0190367	
1.84	6.87001 7.56631 -0.0342127	
1.85	7.01362 7.66762 -0.189841	
1.86	7.3332 7.91602 -0.196152	
1.87	7.32232 8.01812 -0.199347	
1.88	7.5793 8.25187 -0.223885	
1.89	7.57466 8.53931 -0.226803	
1.9	7.60306 8.79748 -0.208188	
1.91	7.66927 9.01286 -0.185879	
1.92	7.93183 9.18566 -0.252855	
1.93	7.73859 9.25051 -0.182985	
1.94	7.89967 9.37106 -0.0828185	
1.95	8.09235 8.84058 0.0159981	
1.96	7.94813 7.51799 0.191662	
1.97	7.44054 6.65661 0.520385	
1.98	7.44495 6.81506 0.509366	
1.99	7.46417 6.90518 0.493502	
2	7.45659 6.92033 0.483297	
2.01	7.4774 6.55465 0.507846	
2.02	8.45643 6.38048 0.473956	
2.03	8.76969 6.43576 0.48135	
2.04	9.4436 6.49313 0.469144	
2.05	9.97047 6.43173 0.721222	
2.06	10.5604 6.98667 0.639808	
2.07	10.763 7.14464 0.822915	
2.08	11.7873 7.62665 1.06651	
2.09	12.1995 8.2422 0.944921	
2.1	12.7304 8.41673 1.00413	
2.11	13.1279 8.45369 1.04263	
2.12	13.5809 7.97996 0.887641	
2.13	13.7749 7.1889 0.994775	
2.14	13.8937 6.84479 1.01201	
2.15	13.8348 6.51115 1.03899	
2.16	13.6333 6.26452 1.13468	
2.17	13.6947 6.2185 1.28035	
2.18	13.7786 6.17915 1.49326	
2.19	13.7916 6.23674 1.52983	
2.2	13.7536 6.20166 1.58021	
2.21	13.6752 6.05219 1.68658	
2.22	13.7272 5.78905 1.89272	
2.23	13.8675 5.50231 1.93198	
2.24	14.0637 5.2754 1.96251	
2.25	14.1874 5.11604 1.99923	
2.26	14.2369 4.84794 2.0297	
2.27	14.2373 4.62938 2.28476	
2.28	14.2337 4.49966 2.32265	
2.29	14.1845 4.30539 2.38143	
2.3	13.906 4.1443 2.24731	
2.31	13.7875 4.1007 2.35665	
2.32	13.7708 4.10007 2.34584	
2.33	13.7829 4.10056 2.3334	
2.34	13.6492 4.09813 2.26925	
2.35	13.19 3.82146 2.21418	
2.36	13.017 3.70637 2.04504	
2.37	12.3881 3.48245 2.06519	
2.38	11.1863 3.35359 2.13547	
2.39	10.5291 3.23371 2.04872	
2.4	9.85279 3.45836 1.85723	
2.41	8.21029 3.42849 1.73157	
2.42	8.65298 3.79783 1.45056	
2.43	7.58986 3.36444 1.06433	
2.44	8.68465 3.48266 0.971399	
2.45	8.26662 3.13292 0.697627	
2.46	7.77984 2.81296 0.773465	
2.47	7.72097 2.96376 0.576288	
2.48	7.90105 3.43962 0.318221	
2.49	7.61343 3.72117 0.255791	
2.5	7.74965 3.8895 0.185582	
2.51	7.63833 3.85939 0.219919	
2.52	7.58499 4.02346 0.12724	
2.53	7.53662 4.0741 0.118119	
2.54	7.96052 3.94158 0.216935	
2.55	8.05839 3.17119 0.52943	
2.56	8.20513 2.53785 0.942069	
2.57	8.10914 2.48123 1.02612	
2.58	8.09213 2.41067 1.41352	
2.59	8.2931 2.46384 1.40887	
2.6	8.52393 2.51771 1.47888	
2.61	8.76059 2.72189 1.66862	
2.62	8.77836 2.78533 1.69389	
2.63	8.7685 2.81708 1.69984	
2.64	8.77688 2.84281 1.70028	
2.65	8.76351 2.85294 1.71908	
2.66	8.82854 2.85324 1.72045	
2.67	8.82666 2.87826 1.71126	
2.68	8.78225 2.91246 1.69995	
2.69	8.75511 2.92423 1.6969	
2.7	8.67979 2.92941 1.69983	
2.71	8.26605 2.94031 1.71345	
2.72	7.74513 2.88786 1.77085	
2.73	7.30457 2.90351 1.79296	
2.74	6.79438 2.89173 1.91558	
2.75	6.6987 2.88106 1.92984	
2.76	6.56488 2.87346 1.94442	
2.77	6.54986 2.87818 1.94259	
2.78	6.61656 2.86091 1.94447	
2.79	6.73349 2.84695 1.94157	
2.8	6.77817 2.85455 1.92809	
2.81	6.93735 2.77747 1.88864	
2.82	7.02179 2.61007 1.84265	
2.83	6.91423 2.43302 1.81551	
2.84	6.8002 2.21767 1.78952	
2.85	6.75216 2.01937 1.76168	
2.86	6.74899 1.96886 1.72881	
2.87	6.75235 1.95492 1.6637	
2.88	6.82322 2.00465 1.56087	
2.89	6.76683 1.79194 1.51711	
2.9	6.66826 1.63335 1.37711	
2.91	6.35338 2.0631 1.30398	
2.92	6.12149 2.39408 1.11289	
2.93	6.27377 2.71178 0.955179	
2.94	6.29812 3.12818 0.943548	
2.95	6.86943 3.56091 0.811224	
2.96	6.90679 3.62044 0.783094	
2.97	7.14978 3.6846 0.748673	
2.98	7.13208 3.7792 0.870722	
2.99	7.10561 3.7744 0.786895	
3	7.28859 3.83888 0.793292	
3.01	7.27015 3.81312 0.775165	
3.02	7.28335 3.77741 0.782661	
3.03	7.27429 3.77056 0.767799	
3.04	7.27215 3.80806 0.727848	
3.05	7.29767 3.80654 0.706031	
3.06	7.33678 3.78355 0.728353	
3.07	7.35514 3.78503 0.712365	
3.08	7.32074 3.54511 0.784164	
3.09	7.35952 3.18811 0.77722	
3.1	7.36875 3.23285 0.678351	
3.11	7.36123 3.22504 0.630971	
3.12	7.35593 3.14884 0.65008	
3.13	7.35289 2.98218 0.636738	
3.14	7.34535 2.96518 0.567591	
3.15	7.25059 2.96904 0.565063	
3.16	7.24371 2.92188 0.587939	
3.17	7.17379 2.7235 0.589557	
3.18	6.92965 2.63384 0.533803	
3.19	6.96962 2.74037 0.323122	
3.2	6.88176 2.93616 0.225139	
3.21	6.84235 3.212 0.187943	
3.22	6.79529 3.50263 0.177998	
3.23	7.02177 3.88808 0.222555	
3.24	7.17552 4.04389 0.140173	
3.25	7.20077 4.1254 0.14302	
3.26	7.23299 4.15984 0.124337	
3.27	7.21503 4.05337 0.13121	
3.28	7.20886 4.04387 0.0737336	
3.29	7.0994 4.05903 -0.0146069	
3.3	7.38227 4.12546 -0.226027	
3.31	7.38031 4.12415 -0.334014	
3.32	7.3564 4.12319 -0.362426	
3.33	7.15275 4.15409 -0.279443	
3.34	7.23661 4.1172 -0.229116	
3.35	7.2905 3.76066 -0.305113	
3.36	7.32935 3.68255 -0.22471	
3.37	7.30267 3.7014 -0.393579	
3.38	7.39797 3.8146 -0.389523	
3.39	7.94308 4.25093 -0.31928	
3.4	7.80516 4.56057 0.339902	
3.41	8.22647 6.72645 -0.144967	
3.42	8.53199 9.5098 1.21976	
3.43	8.29624 10.1003 0.744684	
3.44	9.32542 11.8052 1.83115	
3.45	8.52192 12.0256 0.79369	
3.46	8.93385 13.1578 1.17608	
3.47	8.1583 13.9924 1.34319	
3.48	8.52805 13.907 1.1235	
3.49	8.57062 13.8859 1.1033	
3.5	8.65038 13.8649 1.06398	
3.51	8.72601 13.85 1.02785	
3.52	8.7302 13.848 1.02501	
3.53	8.7231 13.8509 1.02613	
3.54	8.72632 13.8484 1.02408	
3.55	8.72395 13.845 1.0253	
3.56	8.72402 13.8463 1.0235	
3.57	8.72184 13.8461 1.02349	
3.58	8.71975 13.8459 1.02349	
3.59	8.71771 13.8426 1.02471	
3.6	8.71577 13.8424 1.02471	
3.61	8.7139 13.8422 1.02472	
3.62	8.7121 13.842 1.02472	
