# Gnuplot File : velocities of 1 particle(s) Monitored
# 1st Column : time, others : particle(s) number 0 
0.01	0 0 -0.019274	
0.02	1.89791 -0.743401 -1.07388	
0.03	1.82871 -0.716638 -1.05449	
0.04	1.76204 -0.69083 -1.03578	
0.05	1.69879 -0.664889 -1.01622	
0.06	1.63593 -0.641948 -1.00031	
0.07	1.57631 -0.61881 -0.983507	
0.08	1.51888 -0.596501 -0.967299	
0.09	1.46354 -0.57499 -0.951663	
0.1	1.41023 -0.55425 -0.93658	
0.11	1.35887 -0.534254 -0.922032	
0.12	1.30938 -0.514974 -0.907999	
0.13	1.26276 -0.495599 -0.89334	
0.14	1.21545 -0.478469 -0.881416	
0.15	1.1715 -0.461189 -0.868818	
0.16	1.12857 -0.444536 -0.856682	
0.17	1.08869 -0.427796 -0.843996	
0.18	1.04852 -0.412346 -0.83275	
0.19	1.01063 -0.397443 -0.821886	
0.2	1.03507 -0.332539 -0.739393	
0.21	1.1215 -0.151611 -0.49187	
0.22	-0.143682 3.70123 -1.26156	
0.23	-0.143391 3.48933 -1.2429	
0.24	-0.137745 3.18629 -1.19853	
0.25	2.70189 -0.959752 1.89169	
0.26	-2.92746 0.259936 -0.248001	
0.27	-3.72615 -0.480163 -0.481979	
0.28	-19.9252 -0.780048 -0.866935	
0.29	-15.7739 -0.583697 2.14921	
0.3	-15.2607 -0.358705 2.35326	
0.31	-11.3934 -0.937048 3.62243	
0.32	-10.6514 -1.62863 2.51843	
0.33	-9.21978 -2.62839 0.823062	
0.34	-8.0137 -2.98781 -0.0513452	
0.35	-8.07673 -2.72162 0.235137	
0.36	-8.45932 -2.20032 0.928188	
0.37	-8.68214 -1.59291 1.66788	
0.38	-4.97483 -1.40763 3.71769	
0.39	-4.88078 -1.11549 3.74954	
0.4	-4.77557 -0.475185 3.9508	
0.41	-4.59571 -0.269179 3.8787	
0.42	-4.56252 -0.188552 3.85363	
0.43	-4.47273 -0.0510949 3.81678	
0.44	-4.25432 -0.163698 3.5595	
0.45	-4.08681 -0.188577 3.38573	
0.46	-3.92078 -0.143702 3.24966	
0.47	-3.7391 -0.119865 3.09263	
0.48	-3.58724 -0.0584392 2.97797	
0.49	-3.44253 -0.0183708 2.85902	
0.5	-3.28539 0.0222905 2.7323	
0.51	-3.12967 0.0539027 2.60318	
0.52	-3.00425 0.0628158 2.48613	
0.53	-0.894977 -0.626044 2.76251	
0.54	0.434251 -1.35314 3.04391	
0.55	0.465522 -0.338211 3.4997	
0.56	-5.99727 4.08905 6.46103	
0.57	1.2219 1.04883 4.29946	
0.58	-2.95803 -0.672265 5.76392	
0.59	-2.82804 -0.641886 5.50566	
0.6	-2.01472 -0.382163 4.12928	
0.61	2.98841 -0.704812 7.257	
0.62	-5.32382 5.30154 -1.73413	
0.63	0.288568 3.83254 -2.23116	
0.64	5.85454 0.635129 8.15775	
0.65	5.64158 0.605568 7.80966	
0.66	5.43574 0.588304 7.52718	
0.67	5.23474 0.568465 7.23282	
0.68	5.04256 0.550869 6.96035	
0.69	4.857 0.53687 6.71126	
0.7	4.67869 0.523535 6.47325	
0.71	1.96278 5.70418 4.54764	
0.72	-0.9638 11.0807 6.23739	
0.73	6.08324 16.1661 9.81753	
0.74	14.9725 6.78446 3.24441	
0.75	14.4294 6.53983 3.11901	
0.76	13.9032 6.29967 2.97069	
0.77	13.3968 6.07387 2.8696	
0.78	12.9159 5.85454 2.74284	
0.79	12.4573 5.645 2.62351	
0.8	12.0188 5.44503 2.51576	
0.81	-11.1632 -6.39094 -4.93594	
0.82	-10.6959 -6.15825 -5.12242	
0.83	-10.2731 -5.83213 -6.47255	
0.84	-10.174 -5.33461 -8.47057	
0.85	-10.1793 -4.84089 -10.0329	
0.86	-10.2684 -4.34008 -11.4064	
0.87	-8.98406 -3.94711 -11.0113	
0.88	-6.22011 -3.35654 -8.00554	
0.89	-5.35418 -2.32753 -6.83058	
0.9	-5.19738 -2.22453 -6.68459	
0.91	-5.05079 -2.12187 -6.58676	
0.92	-4.88543 -2.03591 -6.40863	
0.93	-4.74663 -1.94216 -6.30421	
0.94	-4.59306 -1.86098 -6.17632	
0.95	-4.44992 -1.78138 -6.03533	
0.96	-4.33971 -1.68981 -5.99383	
0.97	-4.26241 -1.58879 -5.97574	
0.98	-3.60278 -1.75195 -5.73351	
0.99	-2.41131 -2.24466 -5.28796	
1	-2.31535 -2.16694 -5.25428	
1.01	-2.28857 -2.06439 -5.57921	
1.02	-1.43985 -2.5606 -5.30745	
1.03	-0.51258 -2.83837 -3.74006	
1.04	-0.0609741 -2.38129 -3.01048	
1.05	-0.286555 -2.21232 -3.49618	
1.06	-0.422073 -2.08026 -3.77907	
1.07	-0.552845 -1.94864 -3.96792	
1.08	0.42632 -2.33456 -4.34193	
1.09	2.2574 -3.30049 -4.85219	
1.1	2.69577 -3.508 -4.9474	
1.11	2.53978 -3.36411 -4.86264	
1.12	-0.538501 -0.270947 -1.37391	
1.13	0.010931 0.704801 -0.115861	
1.14	3.29709 -1.31756 -0.452624	
1.15	4.29344 -2.51892 -0.908764	
1.16	5.74016 -6.42238 -3.79639	
1.17	7.11477 -8.65796 -12.9986	
1.18	1.8631 -3.01727 -15.5522	
1.19	1.74744 -2.89393 -15.0893	
1.2	1.63488 -2.77481 -14.6543	
1.21	1.50491 -2.65352 -14.2126	
1.22	1.42761 -2.5506 -13.7382	
1.23	1.5366 -2.5519 -13.3378	
1.24	2.48614 -2.77233 -12.9682	
1.25	0.278672 3.32266 -12.0169	
1.26	-5.3628 7.94529 -9.92173	
1.27	-10.7469 -3.8828 -13.3603	
1.28	-20.9764 6.42711 -5.83285	
1.29	-20.1619 6.17405 -5.64591	
1.3	-16.8868 4.73779 -6.80761	
1.31	-14.5475 -1.13369 -4.83142	
1.32	-7.26933 -0.329965 -8.32001	
1.33	-7.09006 -0.369577 -7.91239	
1.34	-4.62585 -1.43304 -5.24242	
1.35	-0.321439 -0.154542 -0.135561	
1.36	0.548801 0.440419 0.404591	
1.37	0.227979 0.702663 -2.18486	
1.38	-0.670211 -0.12157 -0.120966	
1.39	-0.87475 0.505208 -0.0524807	
1.4	1.11321 0.432719 -4.3835	
1.41	1.00432 0.453733 -4.3527	
1.42	0.875494 0.482919 -4.31703	
1.43	-4.85542 -1.65357 1.39855	
1.44	-4.68735 -1.58052 1.31204	
1.45	-4.52423 -1.51211 1.23174	
1.46	-12.3013 -4.94582 24.8532	
1.47	-11.8647 -4.7834 23.8865	
1.48	-11.4409 -4.61955 22.9938	
1.49	-11.045 -4.47934 22.1239	
1.5	-8.28783 -12.044 33.0868	
1.51	-6.46174 -14.7686 36.0399	
1.52	-5.26362 -16.2149 37.0769	
1.53	0.644078 -20.8447 40.3063	
1.54	0.411454 -20.227 38.5464	
1.55	0.262443 -19.5767 36.9436	
1.56	-12.3455 -3.03335 37.7248	
1.57	-11.9459 -2.95744 36.3626	
1.58	-11.5302 -2.86554 35.0011	
1.59	-11.1611 -2.80204 33.6723	
1.6	-10.7767 -2.71289 32.4657	
1.61	-10.408 -2.63071 31.2747	
1.62	-10.0531 -2.55238 30.1216	
1.63	-9.71065 -2.47534 29.0236	
1.64	-0.499749 -2.4833 17.8361	
1.65	-0.0902959 -3.53412 18.4147	
1.66	-0.0781743 -3.40003 17.7397	
1.67	-0.0808955 -3.27913 17.0658	
1.68	4.64902 -3.23316 11.6443	
1.69	2.94793 -0.382901 14.212	
1.7	1.79544 -1.55832 15.7124	
1.71	1.73014 -1.50207 15.1231	
1.72	1.65748 -1.45194 14.5466	
1.73	1.6094 -1.39409 14.0099	
1.74	1.57765 -1.33154 13.5044	
1.75	-0.319211 -0.0194116 14.8681	
1.76	-0.663719 -0.912949 16.0152	
1.77	-1.43867 -0.708018 17.0287	
1.78	-1.74668 -0.908892 17.4346	
1.79	-1.9276 -0.961305 17.3822	
1.8	-2.20874 -1.07846 17.6416	
1.81	-2.59539 -1.25247 18.1905	
1.82	-2.94475 -1.41956 18.6937	
1.83	-3.30818 -1.58928 19.214	
1.84	-3.22756 -1.54947 18.4624	
1.85	-3.11403 -1.49489 17.7699	
1.86	-3.16367 -1.5157 17.4839	
1.87	-3.40645 -1.63004 17.8404	
1.88	-3.56977 -1.705 17.9102	
1.89	-3.71199 -1.77265 17.9752	
1.9	-3.8111 -1.81722 17.9143	
1.91	-3.88858 -1.84917 17.8578	
1.92	-3.93097 -1.86329 17.6272	
1.93	-4.06662 -1.92081 17.777	
1.94	-4.13062 -1.95093 17.6618	
1.95	-4.27826 -2.02652 17.749	
1.96	-4.50297 -2.14399 18.1606	
1.97	-4.58863 -2.19197 18.1541	
1.98	-4.58042 -2.19491 17.9618	
1.99	-4.48143 -2.14712 17.486	
2	-4.33983 -2.08196 16.9851	
2.01	-4.14972 -1.99113 16.3758	
2.02	-3.96621 -1.90355 15.7905	
2.03	-3.80513 -1.82653 15.2136	
2.04	-3.6872 -1.76969 14.6257	
2.05	-3.57917 -1.71752 14.0541	
2.06	-3.46381 -1.66197 13.5124	
2.07	-3.37087 -1.61692 12.9745	
2.08	-3.24548 -1.55682 12.487	
2.09	-3.63902 -1.73852 13.4901	
2.1	-3.77792 -1.8074 13.7549	
2.11	-3.70198 -1.77093 13.3725	
2.12	-3.81695 -1.83426 13.4688	
2.13	-4.39591 -2.14856 14.8979	
2.14	-4.98627 -2.45663 16.3199	
2.15	-5.55954 -2.75993 17.6751	
2.16	-6.09483 -3.03373 18.9605	
2.17	-6.17064 -3.07018 18.9188	
2.18	-6.20524 -3.08755 18.7831	
2.19	-6.40718 -3.18521 19.3295	
2.2	-6.38439 -3.16037 19.2646	
2.21	-6.12348 -3.03156 18.5716	
2.22	-5.87904 -2.91081 17.8974	
2.23	-5.69758 -2.82058 17.2005	
2.24	-5.56447 -2.75379 16.4915	
2.25	-6.03092 -2.9637 17.5173	
2.26	-6.71933 -3.26215 19.375	
2.27	-6.91022 -3.31031 19.771	
2.28	-6.75577 -3.2363 19.2273	
2.29	-6.71226 -3.18968 19.1923	
2.3	-6.58604 -3.12099 18.9464	
2.31	-6.4715 -3.06525 18.7548	
2.32	-6.23405 -2.95277 18.0567	
2.33	-6.03135 -2.85688 17.3609	
2.34	-5.86127 -2.77659 16.6685	
2.35	-5.71694 -2.70858 15.9831	
2.36	-5.5814 -2.64473 15.3186	
2.37	-5.40028 -2.55903 14.7247	
2.38	-6.70772 -3.15502 18.4536	
2.39	-8.46622 -3.99263 23.9066	
2.4	-9.15204 -4.31555 29.6041	
2.41	-0.0232573 1.65394 11.5657	
2.42	-2.22925 7.47652 12.9859	
2.43	2.10777 6.52908 13.4918	
2.44	5.26313 8.67108 14.1741	
2.45	2.70597 4.76532 8.69341	
2.46	8.38842 4.98851 2.83009	
2.47	7.49874 4.27182 3.60838	
2.48	6.53839 3.56781 4.4887	
2.49	5.41801 3.62398 4.80892	
2.5	1.14051 1.60482 1.96696	
2.51	0.143725 1.56337 3.24871	
2.52	4.44985 -1.17969 0.123544	
2.53	1.99738 -2.24445 2.96476	
2.54	4.37914 -1.07859 0.185405	
2.55	3.24588 -5.16468 4.98377	
2.56	3.1272 -4.98997 4.7784	
2.57	3.00993 -4.81974 4.56538	
2.58	0.629085 -0.220784 1.21958	
2.59	-0.024609 0.371827 4.43254	
2.6	0.549585 0.739914 -1.42492	
2.61	0.786107 0.293228 1.65459	
2.62	0.755147 0.284859 1.57082	
2.63	0.728399 0.275877 1.48695	
2.64	0.782545 0.261137 1.24588	
2.65	-0.373089 1.35647 -0.18302	
2.66	-1.53692 1.13423 -0.764521	
2.67	0.433996 1.09099 1.4227	
2.68	-0.714524 9.02789 -0.29489	
2.69	-5.59196 22.8617 -1.73869	
2.7	-5.48124 18.919 -7.79303	
2.71	-1.71721 -4.66063 -1.82344	
2.72	-1.95677 -4.72915 -1.81228	
2.73	-2.00623 -4.83676 -1.87109	
2.74	-3.54477 -3.79677 1.42134	
2.75	-1.05021 5.98178 1.46544	
2.76	1.75344 11.9392 0.586685	
2.77	1.5735 11.4078 0.552815	
2.78	1.44764 10.9393 0.503049	
2.79	1.34112 10.484 0.436143	
2.8	1.27782 10.0693 0.367903	
2.81	1.21317 9.67207 0.308834	
2.82	1.14106 9.28011 0.248553	
2.83	1.0568 8.89774 0.197862	
2.84	0.952649 8.50714 0.140136	
2.85	0.863744 8.13279 0.0766562	
2.86	0.807821 7.54648 0.0703394	
2.87	0.763833 7.22087 -0.00788448	
2.88	5.63245 -5.02667 2.77401	
2.89	5.60348 -5.19989 2.63829	
2.9	5.31457 -8.53695 4.04744	
2.91	5.14724 -9.86767 4.49576	
2.92	10.3994 -17.9067 4.05126	
2.93	11.9525 -17.9957 2.67528	
2.94	17.1573 -19.5323 -0.767099	
2.95	11.7072 -21.1959 -3.90972	
2.96	7.116 -17.0654 -2.97467	
2.97	-1.7335 -15.7165 3.13981	
2.98	8.58814 -9.62643 -5.96334	
2.99	-2.23972 -6.67461 -2.57624	
3	-1.97125 -2.58137 -1.29604	
3.01	-1.75452 -5.02461 -3.80135	
3.02	1.62039 -5.35468 -3.42551	
3.03	1.46368 -5.20044 -3.43665	
3.04	-9.86536 -6.02379 24.6223	
3.05	-9.54157 -5.82089 23.6553	
3.06	-9.13437 -5.57075 22.8389	
3.07	-8.78794 -5.35672 21.9982	
3.08	-8.51199 -5.18633 21.1262	
3.09	-8.24627 -5.02502 20.2942	
3.1	-8.00087 -4.87698 19.4835	
3.11	-7.76689 -4.73557 18.6986	
3.12	-7.53177 -4.5908 17.9445	
3.13	-7.27412 -4.4335 17.2557	
3.14	-6.97405 -4.25413 16.6608	
3.15	-6.69947 -4.0875 16.0631	
3.16	-6.4857 -3.95166 15.4113	
3.17	-6.28136 -3.82415 14.7889	
3.18	-6.07766 -3.69923 14.2032	
3.19	-5.8847 -3.57803 13.626	
3.2	-5.68623 -3.45545 13.0893	
3.21	-5.46917 -3.32353 12.6067	
3.22	-5.23636 -3.18049 12.1629	
3.23	-5.03984 -3.05818 11.7	
3.24	-4.86226 -2.94628 11.237	
3.25	-4.67016 -2.82817 10.8219	
3.26	-4.50033 -2.72243 10.4011	
3.27	-4.33741 -2.62207 9.99806	
3.28	-4.19057 -2.5318 9.5993	
3.29	-4.04276 -2.44227 9.22605	
3.3	-3.92302 -2.368 8.83558	
3.31	-3.80526 -2.29369 8.45782	
3.32	-3.59835 -2.15663 8.17007	
3.33	-3.37271 -2.00795 7.91979	
3.34	-3.16864 -1.87285 7.66393	
3.35	-3.01773 -1.7755 7.38252	
3.36	-2.87359 -1.68395 7.11454	
3.37	-2.75225 -1.60981 6.84752	
3.38	-2.65222 -1.54995 6.57556	
3.39	-2.52535 -1.47119 6.33928	
3.4	-2.40193 -1.3906 6.10029	
3.41	-2.29033 -1.31851 5.86535	
3.42	-2.17513 -1.24463 5.64818	
3.43	-2.0743 -1.17995 5.42863	
3.44	-1.98899 -1.1266 5.20948	
3.45	-1.91326 -1.08116 4.99751	
3.46	-1.83437 -1.03294 4.7971	
3.47	-1.761 -0.988218 4.60147	
3.48	-1.69026 -0.945751 4.41503	
3.49	-1.62184 -0.90588 4.23939	
3.5	-1.5519 -0.862999 4.06822	
3.51	-1.49186 -0.827889 3.90058	
3.52	-1.43426 -0.794094 3.73836	
3.53	-1.37168 -0.756008 3.58603	
3.54	-1.3133 -0.721013 3.43879	
3.55	-1.25403 -0.685081 3.29901	
3.56	-1.20138 -0.653316 3.15985	
3.57	-1.15276 -0.624453 3.02483	
3.58	-1.1072 -0.598063 2.89526	
3.59	-1.06504 -0.573699 2.7685	
3.6	-1.02527 -0.551599 2.64808	
3.61	-0.989633 -0.532431 2.5306	
3.62	-0.956211 -0.514627 2.41671	
3.63	-0.924243 -0.497282 2.30563	
3.64	-0.886688 -0.475675 2.20358	
3.65	-0.85403 -0.458025 2.10454	
3.66	-0.823023 -0.440536 2.00618	
3.67	-0.792488 -0.423516 1.91284	
3.68	-0.760513 -0.405776 1.82638	
3.69	-0.73176 -0.390081 1.74124	
3.7	-0.705256 -0.376151 1.6593	
3.71	-0.678513 -0.362343 1.58276	
3.72	-0.653983 -0.349353 1.50624	
3.73	-0.630099 -0.336487 1.43215	
3.74	-0.604332 -0.322164 1.363	
3.75	-0.58145 -0.309774 1.29492	
3.76	-0.560662 -0.298292 1.22693	
3.77	-0.541889 -0.287087 1.15718	
3.78	-0.524464 -0.276522 1.08868	
3.79	-0.504653 -0.265188 1.02815	
3.8	-0.483774 -0.254137 0.974802	
3.81	-0.464739 -0.244007 0.921747	
3.82	-0.445823 -0.23403 0.871673	
3.83	-0.427817 -0.224469 0.822907	
3.84	-0.409057 -0.213584 0.77491	
3.85	-0.391136 -0.203039 0.728011	
3.86	-0.374612 -0.193518 0.682573	
3.87	-0.360785 -0.186176 0.638214	
3.88	-0.349169 -0.180294 0.594059	
3.89	-0.336486 -0.173583 0.552724	
3.9	-0.322499 -0.165764 0.513968	
3.91	-0.310639 -0.15942 0.475475	
3.92	-0.300127 -0.154236 0.438531	
3.93	-0.291609 -0.149546 0.399022	
3.94	-0.280802 -0.143536 0.364112	
3.95	-0.270364 -0.137902 0.331027	
3.96	-0.260404 -0.13272 0.299624	
3.97	-0.251622 -0.128485 0.269279	
3.98	-0.242514 -0.123925 0.240482	
3.99	-0.233296 -0.119128 0.212793	
4	-0.224754 -0.114824 0.186078	
4.01	-0.216573 -0.110664 0.160144	
4.02	-0.208206 -0.106443 0.135941	
4.03	-0.200588 -0.102535 0.111777	
4.04	-0.192928 -0.098674 0.0891484	
4.05	-0.185973 -0.0952317 0.066931	
4.06	-0.178914 -0.0914892 0.0452611	
4.07	-0.172791 -0.0884298 0.0240447	
4.08	-0.16618 -0.084943 0.00404969	
4.09	-0.159975 -0.081781 -0.0150964	
4.1	-0.153745 -0.0786064 -0.0331926	
4.11	-0.148384 -0.0758563 -0.0516024	
4.12	-0.142823 -0.0727612 -0.069546	
4.13	-0.13763 -0.0699598 -0.0867737	
4.14	-0.132644 -0.0673519 -0.103141	
4.15	-0.127713 -0.0648381 -0.11854	
4.16	-0.123307 -0.0626165 -0.13379	
4.17	-0.118856 -0.060179 -0.148798	
4.18	-0.114503 -0.0579864 -0.162579	
4.19	-0.109754 -0.0554591 -0.175492	
4.2	-0.105491 -0.0531892 -0.188359	
4.21	-0.101213 -0.0508544 -0.200711	
4.22	-0.0966686 -0.0484231 -0.211913	
4.23	-0.0926491 -0.0463205 -0.223037	
4.24	-0.0888196 -0.0442786 -0.23394	
4.25	-0.0850345 -0.0423237 -0.244122	
4.26	-0.0820644 -0.0408577 -0.254665	
4.27	-0.07931 -0.0395559 -0.264803	
4.28	-0.0764609 -0.0382028 -0.274295	
4.29	-0.073666 -0.0369035 -0.283279	
4.3	-0.0710575 -0.0357133 -0.291999	
4.31	-0.0685552 -0.034526 -0.300564	
4.32	-0.066184 -0.0333678 -0.308983	
4.33	-0.0638967 -0.032241 -0.317123	
4.34	-0.0615862 -0.0310916 -0.324847	
4.35	-0.0595256 -0.0300483 -0.332589	
4.36	-0.0575063 -0.0290058 -0.340065	
4.37	-0.0555438 -0.028 -0.347224	
4.38	-0.0535192 -0.0269941 -0.353836	
4.39	-0.0515532 -0.0260126 -0.360201	
4.4	-0.0497031 -0.0250916 -0.366391	
4.41	-0.0479194 -0.0242031 -0.372357	
4.42	-0.0461844 -0.0233382 -0.378085	
4.43	-0.0445234 -0.0224991 -0.383656	
4.44	-0.0429162 -0.0216838 -0.389026	
4.45	-0.0413827 -0.0208996 -0.394243	
4.46	-0.0398887 -0.0201422 -0.399227	
4.47	-0.0384541 -0.0194179 -0.404028	
4.48	-0.0371 -0.018739 -0.408681	
4.49	-0.0358008 -0.0181005 -0.413132	
4.5	-0.0345199 -0.017442 -0.41747	
4.51	-0.0332782 -0.0168308 -0.421556	
4.52	-0.0320413 -0.0162271 -0.425418	
4.53	-0.03095 -0.0157119 -0.429234	
4.54	-0.0297797 -0.0151175 -0.432861	
4.55	-0.0287054 -0.0145813 -0.436404	
4.56	-0.027699 -0.0140722 -0.43988	
4.57	-0.0267099 -0.0135751 -0.443193	
4.58	-0.0257506 -0.0130957 -0.446369	
4.59	-0.0248257 -0.0126332 -0.449429	
4.6	-0.0239477 -0.012199 -0.452382	
4.61	-0.0231292 -0.011785 -0.455298	
4.62	-0.0223435 -0.011383 -0.458126	
4.63	-0.021555 -0.0109842 -0.460793	
4.64	-0.0207717 -0.0105875 -0.463332	
4.65	-0.0200211 -0.0102049 -0.465792	
4.66	-0.0192843 -0.00983339 -0.468131	
4.67	-0.0186076 -0.00948862 -0.470444	
4.68	-0.0179563 -0.00915203 -0.47269	
4.69	-0.0173018 -0.00881849 -0.474802	
4.7	-0.0166685 -0.00849574 -0.476833	
4.71	-0.0160579 -0.00818494 -0.478789	
4.72	-0.0154112 -0.00786222 -0.480571	
4.73	-0.0148287 -0.00758172 -0.482316	
4.74	-0.0143611 -0.00736475 -0.484113	
4.75	-0.0139198 -0.00715272 -0.485881	
4.76	-0.0135916 -0.0070002 -0.487716	
4.77	-0.01321 -0.00679181 -0.489479	
4.78	-0.0128145 -0.00657871 -0.491134	
4.79	-0.0124169 -0.00637104 -0.492686	
4.8	-0.0119898 -0.00614332 -0.494136	
4.81	-0.0115554 -0.00591789 -0.495483	
4.82	-0.011122 -0.00568375 -0.49679	
4.83	-0.0107515 -0.00548987 -0.498092	
4.84	-0.0103226 -0.00526066 -0.499263	
4.85	-0.00993241 -0.00505778 -0.500405	
4.86	-0.00953734 -0.0048541 -0.501474	
4.87	-0.00917239 -0.00466645 -0.502524	
4.88	-0.00883286 -0.00449178 -0.503553	
4.89	-0.00850313 -0.00432342 -0.504538	
4.9	-0.00817853 -0.0041603 -0.505469	
4.91	-0.00816614 -0.00415371 -0.505452	
4.92	-0.00816831 -0.00415523 -0.505454	
4.93	-0.00813377 -0.00413707 -0.505407	
4.94	-0.00811257 -0.00412304 -0.505387	
4.95	-0.00811049 -0.00410841 -0.505426	
4.96	-0.00806363 -0.00406122 -0.505433	
4.97	-0.00798731 -0.00400851 -0.505369	
4.98	-0.00791343 -0.0039598 -0.505299	
4.99	-0.00788485 -0.00394899 -0.505246	
5	-0.0079076 -0.00396597 -0.505262	
5.01	-0.00791614 -0.00397473 -0.50526	
5.02	-0.00798232 -0.00402827 -0.505292	
5.03	-0.00805884 -0.00409072 -0.505326	
5.04	-0.00809898 -0.00412724 -0.505333	
5.05	-0.00815203 -0.00417159 -0.505353	
5.06	-0.00820513 -0.00421146 -0.505388	
5.07	-0.008227 -0.00422685 -0.505406	
5.08	-0.00826808 -0.004257 -0.505435	
5.09	-0.0082839 -0.00427184 -0.505436	
5.1	-0.00831365 -0.00429801 -0.505444	
5.11	-0.00832517 -0.00431199 -0.505435	
5.12	-0.00833327 -0.00432171 -0.505429	
5.13	-0.00835009 -0.00434092 -0.505419	
5.14	-0.00836665 -0.00435267 -0.505432	
5.15	-0.00836531 -0.00434912 -0.505439	
5.16	-0.00838129 -0.00436085 -0.505451	
5.17	-0.00837859 -0.00436454 -0.505431	
5.18	0.00861604 0.00351579 0.239008	
5.19	0.0700893 0.033149 0.6273	
5.2	0.172871 0.0812424 1.40521	
5.21	0.321284 0.151177 2.73188	
5.22	0.447331 0.211294 3.54794	
5.23	0.558334 0.263894 4.28111	
5.24	0.692262 0.342806 5.89296	
5.25	0.721838 0.358997 6.0607	
5.26	0.710044 0.356047 5.92691	
5.27	0.699548 0.355003 6.0295	
5.28	0.680729 0.340862 6.12999	
5.29	0.634188 0.317355 5.85515	
5.3	0.602861 0.301636 5.59207	
5.31	0.581418 0.290923 5.36501	
5.32	0.558028 0.279204 5.14399	
5.33	0.536505 0.268443 4.92606	
5.34	0.709303 0.353385 6.02071	
5.35	0.718457 0.355418 6.22085	
5.36	0.677745 0.352487 6.55899	
5.37	0.463541 0.30588 7.10265	
5.38	4.38932 -0.83481 7.30819	
5.39	3.95811 0.420516 32.9152	
5.4	5.90735 -2.21063 16.0435	
5.41	6.59088 4.95195 12.7635	
5.42	5.74796 3.25903 12.3542	
5.43	8.39403 -0.866211 12.0452	
5.44	11.2022 8.58444 2.6395	
5.45	8.33061 3.50682 -3.31968	
5.46	9.67571 2.68016 -5.81388	
5.47	7.12977 3.39088 -5.65652	
5.48	4.15687 2.24372 -5.5425	
5.49	3.19972 2.75703 -3.21045	
5.5	1.57911 1.8082 -0.794344	
5.51	1.63136 -0.572354 0.83406	
5.52	0.363947 -5.29465 0.866495	
5.53	1.75138 -3.4356 1.03464	
5.54	-1.50154 -3.60531 -7.12618	
5.55	-0.86682 -3.03653 -3.21083	
5.56	0.705143 -6.65197 -2.55194	
5.57	-3.91003 2.5085 -0.953504	
5.58	3.38751 -4.94585 -3.45371	
5.59	11.8568 3.67395 16.1395	
5.6	10.5638 3.2727 14.4334	
5.61	10.1517 3.16246 13.8916	
5.62	3.40621 1.01692 5.69733	
5.63	3.25844 0.983295 5.4575	
5.64	7.68633 10.3807 2.98921	
5.65	0.466125 3.29066 10.1066	
5.66	1.11557 2.2707 8.99889	
5.67	1.06394 2.19243 8.66354	
5.68	1.72757 1.57071 6.10587	
5.69	1.34603 -0.241401 0.778688	
5.7	0.850146 0.54561 -1.22236	
5.71	0.796128 -2.13713 0.494152	
5.72	-1.10201 -2.17188 2.02508	
5.73	-0.650614 -2.19025 1.71797	
5.74	0.369819 -2.20701 1.15015	
5.75	0.568893 -2.09784 0.973704	
5.76	1.66637 -3.65553 0.763829	
5.77	1.00219 -4.32991 1.3794	
5.78	-1.33073 -6.05228 5.99116	
5.79	1.85118 -2.64786 -6.59649	
5.8	3.82444 -1.36853 2.47739	
5.81	0.475808 5.79937 3.50008	
5.82	0.447658 5.58817 3.34944	
5.83	0.0879859 2.82964 3.84219	
5.84	-0.0948722 1.76745 4.01372	
5.85	-0.0891915 1.70338 3.85003	
5.86	-0.0870755 1.64152 3.69019	
5.87	-0.0825704 1.58201 3.53759	
5.88	-0.0791126 1.52462 3.39005	
5.89	-0.0784083 1.46922 3.24631	
5.9	-1.36282 2.22228 0.710569	
5.91	0.603656 -0.0236753 2.37102	
5.92	0.583362 -0.0242858 2.26829	
5.93	0.556537 -0.0195529 2.16594	
5.94	0.73724 0.188179 1.67924	
5.95	2.14185 1.82873 -1.16751	
5.96	1.18145 1.69563 0.44841	
5.97	1.79474 1.3443 -1.61102	
5.98	3.14421 4.06974 -4.92886	
5.99	0.681389 -0.793583 -4.75922	
6	0.578101 -2.64825 -4.30929	
6.01	0.540248 -2.55688 -4.18615	
6.02	0.363585 -2.30212 -3.76137	
6.03	0.360817 -2.21538 -3.63504	
6.04	1.44997 -3.32343 -1.55801	
6.05	4.67821 23.4357 0.660693	
6.06	-7.00722 -3.06362 3.22829	
6.07	-10.8909 1.8782 -4.9749	
6.08	-6.04369 -6.21278 -2.31603	
6.09	-11.6713 9.88711 4.58062	
6.1	-5.15895 1.0592 -3.6404	
6.11	-3.93113 0.649623 -3.91215	
6.12	-3.80276 0.628275 -3.78894	
6.13	-3.67193 0.606491 -3.66922	
6.14	-3.54611 0.5867 -3.56768	
6.15	-11.0715 -1.64216 -8.02299	
6.16	-11.5689 -3.92273 -9.79642	
6.17	-10.7769 -10.9404 -7.83151	
6.18	-8.11245 6.76124 2.16631	
6.19	0.339241 -7.74336 -12.7308	
6.2	-1.8169 -4.12815 -9.85867	
6.21	-5.00744 0.194175 -6.77744	
6.22	-5.83429 -1.41969 -3.25097	
6.23	-12.0189 -1.12128 17.709	
6.24	-11.5312 -1.06031 17.0867	
6.25	-11.1748 -1.0466 16.4037	
6.26	-10.825 -1.03125 15.7559	
6.27	-10.4654 -1.00708 15.1405	
6.28	-10.0798 -0.968344 14.5771	
6.29	-9.73485 -0.939981 13.9902	
6.3	-9.05812 -0.766576 13.5295	
6.31	-7.94817 -0.405755 13.2331	
6.32	-7.43319 -0.29334 12.7779	
6.33	-6.80758 -0.13134 12.3971	
6.34	-6.26918 -0.00350005 12.0246	
6.35	-6.03142 0.00534571 11.5043	
6.36	-5.76498 0.0286733 11.0301	
6.37	-5.55087 0.0313227 10.5867	
6.38	-5.35746 0.028202 10.1585	
6.39	-5.11977 0.0504284 9.70806	
6.4	-4.92365 0.0537791 9.32688	
6.41	-4.74025 0.0537925 8.9707	
6.42	-4.56514 0.0530935 8.62728	
6.43	-4.40399 0.0489509 8.2978	
6.44	-4.2515 0.044268 7.97167	
6.45	-4.10456 0.0395513 7.66041	
6.46	-3.29746 -0.711697 6.4918	
6.47	-2.98443 -0.821466 6.35829	
6.48	-2.8753 -0.791698 6.11038	
6.49	-2.41462 -0.939641 5.96267	
6.5	-1.98726 -1.07595 5.86648	
6.51	-1.92457 -1.03778 5.61507	
6.52	-1.85889 -1.00008 5.38293	
6.53	-1.79423 -0.966691 5.16605	
6.54	-1.73625 -0.9334 4.94624	
6.55	-1.67404 -0.900402 4.74683	
6.56	-1.61654 -0.867201 4.54753	
6.57	-1.56917 -0.609744 4.93252	
6.58	-1.04334 -0.709599 4.78951	
6.59	-0.700388 -0.548044 4.89817	
6.6	-0.226759 -0.581552 4.65844	
6.61	-0.213817 -0.550526 4.47113	
6.62	-0.178007 -0.499621 4.67688	
6.63	-0.149682 -0.451638 4.79859	
6.64	-0.147593 -0.437881 4.59894	
6.65	-0.147336 -0.419804 4.40103	
6.66	-0.137336 -0.407102 4.23287	
6.67	-0.309069 -0.650957 7.03375	
6.68	0.0810669 -1.94824 6.97657	
6.69	0.553708 -3.60337 7.10361	
6.7	0.687752 -4.05396 7.01555	
6.71	0.674147 -3.90307 6.77509	
6.72	0.653225 -3.76314 6.5221	
6.73	0.655508 -3.65107 6.36262	
6.74	0.678099 -3.56211 6.28453	
6.75	0.805838 0.687156 4.02018	
6.76	1.32712 -2.60613 4.90897	
6.77	1.10777 -3.02254 5.48089	
6.78	0.814584 -1.81796 6.95212	
6.79	4.16896 -2.21725 8.09742	
6.8	-0.481709 -3.73661 10.9461	
6.81	1.7313 -4.18891 10.9221	
6.82	1.68815 -3.28874 9.28084	
6.83	1.40474 -3.07212 9.44171	
6.84	1.20336 -2.91741 9.07758	
6.85	1.02311 -2.64166 9.08855	
6.86	0.755224 -2.44615 8.67578	
6.87	0.657608 -2.31744 8.30522	
6.88	0.647874 -2.22502 7.96287	
6.89	0.619934 -2.12485 7.62236	
6.9	0.620588 -2.05589 7.32955	
6.91	0.637285 -1.99461 7.04868	
6.92	0.6668 -1.95379 6.80372	
6.93	0.819302 -1.73468 7.88067	
6.94	0.285123 -1.70377 9.34875	
6.95	0.160204 -1.72716 9.75232	
6.96	0.0613965 -1.63967 9.32189	
6.97	-2.65846 -0.721735 19.1541	
6.98	-2.60585 -0.688454 18.4076	
6.99	-2.42286 -0.676814 17.7746	
7	-0.672428 -1.74459 13.9235	
7.01	3.29805 -3.28439 4.20849	
7.02	5.72638 -3.35018 13.3616	
7.03	10.0341 -7.03473 25.7762	
7.04	9.43065 -6.69913 24.7502	
7.05	13.9279 -10.643 19.5072	
7.06	-10.4631 -4.41494 14.7158	
7.07	-12.9426 -3.13655 18.0235	
7.08	-12.2974 -3.01507 17.2602	
7.09	-11.7375 -2.92962 16.6058	
7.1	-11.0356 -2.73004 15.7034	
7.11	-10.2584 -2.6931 15.0557	
7.12	-10.0236 -2.5745 14.5144	
7.13	-9.48449 -2.3737 13.7078	
7.14	-9.06777 -2.21825 13.0406	
7.15	-8.43051 -2.12773 12.396	
7.16	-10.4958 -2.43896 19.9684	
7.17	-10.2154 -2.32154 19.1495	
7.18	-1.06668 -4.75288 6.36451	
7.19	0.102953 -2.30418 12.3428	
7.2	4.12744 -2.27576 11.3084	
7.21	7.02062 -1.4935 21.3728	
7.22	5.19093 -1.07876 23.365	
7.23	4.7264 -1.04473 22.4008	
7.24	4.61239 -1.03827 21.7166	
7.25	4.57988 -0.311439 19.7044	
7.26	11.4199 -6.80455 10.1634	
7.27	9.97652 -7.43262 8.23508	
7.28	7.5952 -4.81114 -0.209757	
7.29	10.0437 -3.37241 -5.38589	
7.3	2.93917 -1.3536 -0.601153	
7.31	-5.00045 -6.92774 7.76795	
7.32	-2.30444 -8.94232 8.59005	
7.33	-0.1187 -2.84791 5.65312	
7.34	0.034141 -2.7314 5.46472	
7.35	-0.456449 1.61056 5.12352	
7.36	1.81268 0.794516 3.15425	
7.37	1.8019 0.618898 3.15411	
7.38	6.07824 0.306647 0.3681	
7.39	5.16774 -1.01083 1.1281	
7.4	4.9824 -0.971372 1.07261	
7.41	4.79648 -0.94123 1.00526	
7.42	4.62234 -0.906212 0.950667	
