# Gnuplot File : positions of 1 particle(s) Monitored
# 1st Column : time, others : particle(s) number 0 
0.01	8.66459 13.8403 1.02918	
0.02	8.69352 13.8528 1.11078	
0.03	8.67694 13.86 1.11398	
0.04	8.67639 13.8591 1.11065	
0.05	8.6759 13.8584 1.10737	
0.06	8.67544 13.8578 1.10421	
0.07	8.67634 13.8563 1.10074	
0.08	8.67594 13.8555 1.0979	
0.09	8.67675 13.8538 1.0949	
0.1	8.67395 13.8544 1.09367	
0.11	8.67942 13.8503 1.08941	
0.12	8.6737 13.8513 1.09062	
0.13	8.67949 13.8487 1.08673	
0.14	8.67384 13.8475 1.09049	
0.15	8.67712 13.8507 1.08807	
0.16	8.67622 13.8503 1.08991	
0.17	8.67642 13.8505 1.09148	
0.18	8.67578 13.8511 1.0938	
0.19	8.67582 13.8514 1.09611	
0.2	8.67496 13.8537 1.10289	
0.21	8.69208 13.8452 1.09698	
0.22	8.68359 13.8499 1.10556	
0.23	8.82653 13.2693 1.38412	
0.24	9.22348 12.4319 2.202	
0.25	9.28064 12.1268 2.71066	
0.26	9.86052 11.9031 2.86616	
0.27	10.1329 11.4522 3.75485	
0.28	11.0893 10.6409 5.39617	
0.29	12.1612 10.566 6.38691	
0.3	13.0962 10.925 6.09027	
0.31	13.7462 10.9987 5.81667	
0.32	14.1862 10.8755 5.52883	
0.33	14.2211 10.8098 5.07947	
0.34	14.322 10.6002 4.74759	
0.35	14.4427 10.3549 4.42837	
0.36	14.5325 10.1819 4.06914	
0.37	14.594 10.0451 3.81427	
0.38	14.5933 9.97507 3.69331	
0.39	14.5507 9.88607 3.56498	
0.4	14.5339 9.81959 3.44708	
0.41	14.4559 9.75076 3.31655	
0.42	14.3918 9.6869 3.20134	
0.43	14.4025 9.63131 3.09773	
0.44	14.4213 9.57716 2.9993	
0.45	14.4346 9.50627 2.87653	
0.46	14.4337 9.45499 2.76073	
0.47	14.3488 9.39745 2.71768	
0.48	14.2091 9.29236 2.64806	
0.49	14.0773 9.23936 2.61916	
0.5	13.9802 9.2332 2.60192	
0.51	13.8233 9.27411 2.58988	
0.52	13.6571 9.32567 2.56655	
0.53	13.5318 9.40879 2.55165	
0.54	13.4263 9.53037 2.53457	
0.55	13.3917 9.61462 2.52384	
0.56	13.3608 9.65762 2.5442	
0.57	13.369 9.64045 2.60771	
0.58	13.4036 9.61987 2.64842	
0.59	13.3823 9.45668 2.68535	
0.6	12.4944 9.09119 2.7023	
0.61	11.7821 9.01212 2.92747	
0.62	11.3303 8.97883 2.91362	
0.63	10.8301 8.80983 2.89472	
0.64	10.4658 8.56975 2.76841	
0.65	10.0671 8.42057 2.66024	
0.66	9.43122 8.20161 2.59981	
0.67	8.94658 8.02634 2.61077	
0.68	8.75335 7.98253 2.56579	
0.69	8.56642 7.94938 2.51763	
0.7	8.40359 7.90575 2.41246	
0.71	8.36392 7.89464 2.27714	
0.72	8.36805 7.89988 2.16651	
0.73	8.39231 7.91852 2.05231	
0.74	8.55633 7.94938 2.11909	
0.75	8.56001 8.05795 2.04006	
0.76	8.50473 8.12226 2.0764	
0.77	8.45146 8.13424 2.04737	
0.78	8.4819 8.17783 2.00372	
0.79	8.45159 8.24154 2.0172	
0.8	8.48982 8.33926 1.98351	
0.81	8.49872 8.43636 1.95639	
0.82	8.49489 8.56667 1.932	
0.83	8.48012 8.67292 1.90684	
0.84	8.47504 8.71675 1.89198	
0.85	8.45246 8.77516 1.87635	
0.86	8.41634 8.8152 1.86582	
0.87	8.38023 8.81541 1.82838	
0.88	8.28749 8.79606 1.82627	
0.89	8.11409 8.69733 1.83241	
0.9	7.93291 8.63591 1.83213	
0.91	7.83611 8.63734 1.82892	
0.92	7.74392 8.63434 1.81637	
0.93	7.64055 8.63395 1.81424	
0.94	7.57122 8.62454 1.80997	
0.95	7.5283 8.66927 1.79677	
0.96	7.4816 8.71782 1.78611	
0.97	7.46241 8.77307 1.77679	
0.98	7.51501 8.86038 1.7196	
0.99	7.52462 8.95381 1.70627	
1	7.55405 8.80155 1.66552	
1.01	7.51698 8.4641 1.55907	
1.02	7.45897 8.16591 1.48036	
1.03	7.40724 7.99124 1.33201	
1.04	7.35908 7.45765 1.25683	
1.05	7.40543 7.31701 1.18136	
1.06	7.2971 7.25634 1.08515	
1.07	7.06489 7.308 1.0743	
1.08	6.86229 7.41743 0.993431	
1.09	6.86118 7.66988 0.947804	
1.1	6.78478 7.81426 0.918366	
1.11	6.82416 8.11825 0.870268	
1.12	6.93397 8.35269 0.85235	
1.13	7.05127 8.52596 0.900078	
1.14	7.32243 8.6657 0.841607	
1.15	7.5555 8.60512 0.873134	
1.16	7.53855 8.19294 0.95417	
1.17	7.61203 7.65393 0.943776	
1.18	7.56242 7.08094 1.11403	
1.19	7.47231 6.68541 1.24142	
1.2	7.35272 6.49908 1.32814	
1.21	7.38074 6.5963 1.24254	
1.22	7.39591 6.58397 1.20486	
1.23	7.36841 6.56775 1.20885	
1.24	7.3936 6.57644 1.19513	
1.25	7.3734 6.59302 1.26827	
1.26	7.38315 6.51988 1.41441	
1.27	7.3178 6.29781 1.65146	
1.28	7.23239 6.01225 1.95884	
1.29	7.1424 5.82119 2.21589	
1.3	7.06117 5.5025 2.51264	
1.31	6.94608 5.27675 2.7397	
1.32	6.891 5.25544 2.83058	
1.33	6.88447 5.27832 2.84514	
1.34	6.89076 5.33706 2.82679	
1.35	6.89401 5.40567 2.80227	
1.36	6.904 5.47276 2.77895	
1.37	6.90952 5.53143 2.84276	
1.38	6.9147 5.60677 3.01103	
1.39	6.9103 5.66087 3.15301	
1.4	6.91295 5.70657 3.24533	
1.41	6.91424 5.74672 3.33493	
1.42	6.8835 5.76909 3.39459	
1.43	6.86422 5.79825 3.44236	
1.44	6.82546 5.81831 3.4581	
1.45	6.77594 5.83913 3.47169	
1.46	6.71416 5.84324 3.47276	
1.47	6.63044 5.85458 3.47968	
1.48	6.53437 5.8802 3.51133	
1.49	6.43131 5.90426 3.54997	
1.5	6.37623 5.91928 3.59519	
1.51	6.35976 5.93653 3.63375	
1.52	6.36046 5.96028 3.68432	
1.53	6.37026 6.03322 3.76435	
1.54	6.37818 6.12805 3.86382	
1.55	6.38643 6.21046 3.93127	
1.56	6.39828 6.30097 3.96528	
1.57	6.4079 6.37975 3.98197	
1.58	6.41157 6.41819 3.97985	
1.59	6.42017 6.41867 3.97768	
1.6	6.42019 6.42194 3.97628	
1.61	6.42267 6.4171 3.98051	
1.62	6.44414 6.42561 3.97586	
1.63	6.49195 6.42461 3.97254	
1.64	6.62908 6.44165 3.95733	
1.65	6.79634 6.50347 3.9262	
1.66	6.92293 6.56238 3.90401	
1.67	7.0842 6.63009 3.87686	
1.68	7.10686 6.67722 3.86081	
1.69	7.09928 6.70562 3.85992	
1.7	7.09477 6.71941 3.86027	
1.71	7.09632 6.72858 3.85615	
1.72	7.09749 6.72639 3.85551	
1.73	7.09089 6.72821 3.85511	
1.74	7.09208 6.74699 3.84917	
1.75	7.08213 6.75426 3.85042	
1.76	7.08564 6.75048 3.84253	
1.77	7.0817 6.74895 3.84612	
1.78	7.08406 6.74797 3.8385	
1.79	7.08418 6.75075 3.83749	
1.8	7.0799 6.76778 3.8314	
1.81	7.07298 6.78441 3.82767	
1.82	7.07289 6.78258 3.82809	
1.83	7.07039 6.78189 3.83034	
1.84	7.07253 6.77735 3.8294	
1.85	7.07835 6.76442 3.83284	
1.86	7.08468 6.75982 3.83376	
1.87	7.10367 6.76323 3.83263	
1.88	7.1453 6.76808 3.82779	
1.89	7.20424 6.77373 3.82394	
1.9	7.22695 6.77085 3.82107	
1.91	7.30132 6.77049 3.80519	
1.92	7.32017 6.77425 3.79297	
1.93	7.31903 6.77675 3.78213	
1.94	7.31017 6.78159 3.78308	
1.95	7.30642 6.79017 3.77859	
1.96	7.30736 6.80836 3.76753	
1.97	7.3113 6.8041 3.77057	
1.98	7.3147 6.79743 3.75808	
1.99	7.31123 6.80287 3.75413	
2	7.34027 6.80212 3.75081	
2.01	7.36105 6.81961 3.7446	
2.02	7.38138 6.82876 3.74089	
2.03	7.3955 6.84586 3.73516	
2.04	7.39491 6.88755 3.72513	
2.05	7.40093 6.9371 3.70753	
2.06	7.40399 6.97715 3.69497	
2.07	7.44451 7.00309 3.68578	
2.08	7.50871 7.03809 3.67009	
2.09	7.5711 7.05889 3.66474	
2.1	7.6264 7.07405 3.66168	
2.11	7.68933 7.07873 3.65985	
2.12	7.73129 7.08358 3.65475	
2.13	7.76111 7.07121 3.64797	
2.14	7.75933 7.03332 3.60988	
2.15	7.72603 6.95065 3.59431	
2.16	7.70155 6.86536 3.60462	
2.17	7.69775 6.76989 3.58322	
2.18	7.69841 6.69918 3.52385	
2.19	7.68961 6.66316 3.44672	
2.2	7.66887 6.64161 3.40373	
2.21	7.63578 6.65263 3.40188	
2.22	7.56702 6.679 3.39925	
2.23	7.50533 6.71945 3.38721	
2.24	7.44714 6.74126 3.38253	
2.25	7.44228 6.76089 3.37611	
2.26	7.43081 6.77625 3.37121	
2.27	7.38381 6.79275 3.36971	
2.28	7.33571 6.78807 3.37425	
2.29	7.2448 6.78426 3.37759	
2.3	7.1441 6.77572 3.38502	
2.31	7.06107 6.77068 3.39277	
2.32	6.99069 6.77994 3.39177	
2.33	6.90418 6.78487 3.39503	
2.34	6.8319 6.79982 3.39475	
2.35	6.79645 6.83829 3.38468	
2.36	6.79863 6.87847 3.36898	
2.37	6.80716 6.93109 3.35621	
2.38	6.81153 6.93481 3.35185	
2.39	6.82973 6.92697 3.35404	
2.4	6.84266 6.89262 3.35529	
2.41	6.85812 6.8701 3.36278	
2.42	6.85692 6.8707 3.36367	
2.43	6.8619 6.93398 3.34572	
2.44	6.85463 7.02281 3.32834	
2.45	6.83319 7.06803 3.31121	
2.46	6.8068 7.09893 3.30138	
2.47	6.78441 7.11324 3.3023	
2.48	6.74383 7.12774 3.31974	
2.49	6.68877 7.14182 3.33912	
2.5	6.65854 7.15237 3.34803	
2.51	6.642 7.15373 3.36316	
2.52	6.61223 7.16801 3.36557	
2.53	6.57647 7.1874 3.36148	
2.54	6.56115 7.19751 3.35772	
2.55	6.55822 7.21715 3.36274	
2.56	6.5645 7.26235 3.36605	
2.57	6.57282 7.31565 3.37182	
2.58	6.56913 7.34524 3.38088	
2.59	6.56808 7.36856 3.41141	
2.6	6.57352 7.40732 3.47682	
2.61	6.58044 7.47609 3.53536	
2.62	6.58686 7.5378 3.58478	
2.63	6.58794 7.55048 3.6033	
2.64	6.59044 7.54742 3.60752	
2.65	6.602 7.53248 3.60584	
2.66	6.60102 7.51956 3.60939	
2.67	6.60071 7.48935 3.61527	
2.68	6.59738 7.44361 3.6263	
2.69	6.59103 7.38238 3.6426	
2.7	6.58247 7.32691 3.65956	
2.71	6.57692 7.28699 3.67147	
2.72	6.57431 7.25167 3.67454	
2.73	6.56034 7.19491 3.69662	
2.74	6.57039 7.06691 3.71077	
2.75	6.64963 6.9186 3.67964	
2.76	6.72313 6.81352 3.62957	
2.77	6.79508 6.75112 3.57284	
2.78	6.91307 6.71961 3.50806	
2.79	7.01536 6.68926 3.44652	
2.8	7.11307 6.66651 3.40443	
2.81	7.12862 6.63453 3.33695	
2.82	7.10759 6.60101 3.24623	
2.83	7.10032 6.59257 3.22111	
2.84	7.09895 6.57054 3.22763	
2.85	7.07326 6.57248 3.22737	
2.86	7.06642 6.57131 3.22247	
2.87	7.04604 6.5702 3.21269	
2.88	6.99847 6.58575 3.18374	
2.89	6.90752 6.62068 3.16071	
2.9	6.8227 6.65917 3.13196	
2.91	6.80977 6.69553 3.11315	
2.92	6.82138 6.72485 3.09097	
2.93	6.85541 6.7293 3.03207	
2.94	6.93098 6.69508 2.91133	
2.95	7.00824 6.64706 2.75877	
2.96	7.07185 6.58908 2.57596	
2.97	7.13861 6.49333 2.35974	
2.98	7.23518 6.37203 2.13087	
2.99	7.37987 6.24422 2.09026	
3	7.419 6.21227 2.18142	
3.01	7.40277 6.20279 2.17535	
3.02	7.26601 6.30348 2.14567	
3.03	7.17053 6.4744 2.08191	
3.04	7.02188 6.6525 2.0544	
3.05	6.79272 6.77745 2.03378	
3.06	6.76118 6.90604 2.03452	
3.07	6.89407 7.1047 1.95468	
3.08	6.89674 7.26353 1.9015	
3.09	7.00492 7.39396 1.80578	
3.1	6.88125 7.54143 1.79375	
3.11	6.88316 7.60309 1.73842	
3.12	6.8517 7.66336 1.69768	
3.13	6.8432 7.7501 1.64073	
3.14	6.82048 7.88408 1.59336	
3.15	6.83601 8.02085 1.55108	
3.16	6.87036 8.08956 1.48268	
3.17	6.86534 8.17898 1.44223	
3.18	6.86262 8.25629 1.39396	
3.19	6.86649 8.3458 1.40143	
3.2	6.85406 8.44264 1.40357	
3.21	6.83985 8.51009 1.41272	
3.22	6.85467 8.57391 1.41265	
3.23	6.98154 8.69179 1.42239	
3.24	6.99569 8.78643 1.46464	
3.25	6.9923 8.63622 1.55873	
3.26	6.934 8.08606 1.75296	
3.27	6.74506 7.36383 1.93609	
3.28	6.42464 6.68199 2.17779	
3.29	6.07552 6.07817 2.47044	
3.3	5.93957 5.72721 2.53735	
3.31	5.8155 5.71657 2.42578	
3.32	5.75557 5.7606 2.36146	
3.33	5.71949 5.84622 2.28388	
3.34	5.76164 5.98636 2.23046	
3.35	5.78597 6.11072 2.20176	
3.36	5.78263 6.18113 2.19654	
3.37	5.77531 6.19149 2.18653	
3.38	5.73283 6.20626 2.17385	
3.39	5.58037 6.23435 2.17638	
3.4	5.70377 6.34696 2.13019	
3.41	6.29387 6.7547 1.99565	
3.42	6.36842 7.04962 1.90408	
3.43	6.3585 7.18725 1.87331	
3.44	6.31028 7.30783 1.85014	
3.45	6.31951 7.44453 1.80657	
3.46	6.28978 7.57642 1.78258	
3.47	6.26728 7.75402 1.74096	
3.48	6.35465 8.05567 1.60786	
3.49	6.36617 8.22021 1.59099	
3.5	6.37201 8.43 1.57371	
3.51	6.46826 8.67102 1.61888	
3.52	6.79533 8.77796 1.59643	
3.53	6.84637 8.7963 1.59732	
3.54	6.89799 8.52363 1.51269	
3.55	6.70287 8.25163 1.74899	
3.56	6.51142 8.10368 2.16072	
3.57	6.45307 8.04184 2.53725	
3.58	6.44726 7.89344 2.59733	
3.59	6.43091 7.85389 2.60419	
3.6	6.39757 8.10272 2.56704	
3.61	6.29986 8.42122 2.55091	
3.62	6.34875 8.74689 2.43163	
3.63	6.37591 8.93461 2.35179	
3.64	6.38425 8.89507 2.33795	
3.65	6.38287 8.67473 2.33241	
3.66	6.40092 8.63052 2.32059	
3.67	6.42758 8.66025 2.30488	
3.68	6.44273 8.61818 2.28507	
3.69	6.48676 8.469 2.21718	
3.7	6.48611 8.33147 2.25189	
3.71	6.46172 8.15258 2.14001	
3.72	6.42525 8.04346 2.23236	
3.73	6.34054 8.11751 2.169	
3.74	6.2995 8.52287 2.05604	
3.75	6.22874 8.84562 2.08043	
3.76	6.25235 9.06819 2.04131	
3.77	6.2843 9.26765 2.05999	
3.78	6.31241 9.31071 2.03722	
3.79	6.34515 9.38918 2.05404	
3.8	6.42638 9.37069 2.04242	
3.81	6.45046 9.46009 2.19275	
3.82	6.51183 9.48971 2.13602	
3.83	6.52826 9.50311 2.20463	
3.84	6.52669 9.34041 2.20111	
3.85	6.50189 8.96632 2.22733	
3.86	6.45572 8.57704 2.30494	
3.87	6.4173 8.27993 2.34689	
3.88	6.37358 8.07351 2.37215	
3.89	6.25975 8.00903 2.37165	
3.9	6.28751 8.06881 2.32299	
3.91	6.28522 7.95308 2.23248	
3.92	6.31852 7.31482 2.25885	
3.93	7.28936 6.58189 2.34363	
3.94	7.57111 6.3664 2.05654	
3.95	10.0958 8.80907 1.28011	
3.96	11.3058 8.62318 0.925173	
3.97	13.2833 8.79202 0.0419741	
3.98	13.1608 8.81604 0.219545	
3.99	14.0253 8.75886 -0.0145599	
4	13.845 8.5688 -0.236189	
4.01	14.3962 8.10965 -0.444174	
4.02	13.9202 7.6113 -0.515462	
4.03	14.1254 7.19484 -0.424922	
4.04	13.8097 6.21421 -0.861166	
4.05	13.7052 6.08812 -0.812025	
4.06	13.2742 5.53006 -0.890448	
4.07	13.2951 5.20922 -0.920021	
4.08	12.9708 5.08372 -0.800112	
4.09	12.3261 5.43148 -0.938247	
4.1	12.6849 5.9096 -1.32422	
4.11	12.5839 6.21589 -1.06392	
4.12	12.7744 6.88253 -1.09388	
4.13	12.7106 7.68369 -1.10193	
4.14	12.6712 8.15453 -1.22904	
4.15	12.2904 9.13846 -1.20663	
4.16	12.1363 9.59544 -1.19942	
4.17	12.0778 9.80417 -1.22138	
4.18	11.9119 10.1529 -1.21637	
4.19	11.8097 10.3268 -1.09302	
4.2	11.5783 10.8976 -1.03973	
4.21	11.3668 11.1825 -0.532075	
4.22	11.4199 10.5474 -0.805585	
4.23	12.2203 10.695 -0.609334	
4.24	12.2512 10.6062 -0.762624	
4.25	12.1058 10.921 -0.694087	
4.26	11.1774 10.7005 -0.728659	
4.27	11.2244 10.875 -0.486725	
4.28	9.89759 10.5466 -0.50175	
4.29	11.7614 10.0699 -0.350614	
4.3	10.0017 10.6702 -0.414374	
4.31	11.5962 11.0776 -0.419457	
4.32	9.76635 10.9548 -0.232087	
4.33	12.2773 12.1239 -1.12481	
4.34	9.40324 11.2 -0.0265824	
4.35	11.7278 10.8249 -0.372684	
4.36	9.62495 10.522 -0.110552	
4.37	11.8694 10.9438 -0.222555	
4.38	8.11585 10.7138 -0.279347	
4.39	8.62061 10.4559 -0.364343	
4.4	8.46444 10.5963 -0.19554	
4.41	8.33601 10.6075 0.811279	
4.42	8.25047 10.026 1.93059	
4.43	7.54105 9.60314 4.83226	
4.44	7.18314 9.34392 5.8009	
4.45	6.53993 8.98296 8.45174	
4.46	6.69581 8.99454 9.69933	
4.47	6.81111 9.2572 9.76468	
4.48	6.71457 9.25433 9.68249	
4.49	6.77156 9.07692 9.40829	
4.5	6.93863 9.01452 8.81497	
4.51	7.08512 8.89164 8.45474	
4.52	7.44393 8.60726 7.93353	
4.53	7.76711 8.29234 7.44965	
4.54	7.96322 7.96479 7.2971	
4.55	8.43556 7.65501 7.49006	
4.56	8.6172 7.41603 7.65727	
4.57	8.90557 7.22896 7.78231	
4.58	9.47764 7.07236 7.94843	
4.59	9.90282 6.92446 8.13217	
4.6	10.6127 6.74956 8.31774	
4.61	11.0915 6.51344 8.46427	
4.62	11.407 6.19593 8.49292	
4.63	11.5852 5.77771 8.44463	
4.64	11.7078 5.44261 8.12729	
4.65	11.8065 5.16607 7.80634	
4.66	11.9748 4.90037 7.55988	
4.67	12.2131 4.55969 7.44532	
4.68	12.2933 4.19503 7.3567	
4.69	12.3662 3.75562 7.40288	
4.7	12.4165 3.35904 7.61105	
4.71	12.4977 2.99793 7.66164	
4.72	12.4834 2.73426 7.51453	
4.73	12.4107 2.55433 7.27403	
4.74	12.3676 2.37709 7.07418	
4.75	12.3315 2.11341 7.02188	
4.76	12.3251 1.89543 6.91386	
4.77	12.2445 1.75093 6.8528	
4.78	12.0442 1.61751 6.72244	
4.79	12.0229 1.45474 6.61923	
4.8	12.0356 1.3606 6.53373	
4.81	12.0223 1.31894 6.44622	
4.82	12.0036 1.30463 6.25273	
4.83	11.9907 1.38481 5.91327	
4.84	11.98 1.35802 5.62982	
4.85	11.987 1.29796 5.4947	
4.86	11.9835 1.2492 5.41278	
4.87	11.9876 1.23075 5.38412	
4.88	11.9846 1.22775 5.36334	
4.89	11.9882 1.22614 5.35879	
4.9	11.9865 1.22568 5.36009	
4.91	11.9978 1.22042 5.3616	
4.92	12.0065 1.21264 5.35644	
4.93	12.0281 1.19819 5.34202	
4.94	12.066 1.19289 5.31514	
4.95	12.072 1.16572 5.25083	
4.96	12.0785 1.13546 5.22844	
4.97	12.083 1.10476 5.21317	
4.98	12.0904 1.07018 5.19457	
4.99	12.0966 1.04148 5.15825	
5	12.1033 1.01006 5.13082	
5.01	12.1031 1.00293 5.1163	
5.02	12.1057 0.991898 5.09843	
5.03	12.0971 0.980657 5.07361	
5.04	12.1001 0.967746 5.03131	
5.05	12.0936 0.945679 4.98949	
5.06	12.0739 0.898741 4.91275	
5.07	12.0383 0.859597 4.87262	
5.08	11.9216 0.828548 4.8576	
5.09	11.661 0.794036 4.86875	
5.1	11.4866 0.764323 4.88166	
5.11	11.4495 0.811079 4.8353	
5.12	11.4416 0.881007 4.77336	
5.13	11.4259 0.962452 4.7345	
5.14	11.475 1.07581 4.72807	
5.15	11.6395 1.18451 4.81564	
5.16	11.6672 1.28806 4.84938	
5.17	11.616 1.35772 4.81203	
5.18	11.5795 1.4632 4.73092	
5.19	11.4306 1.53421 4.64657	
5.2	11.221 1.48042 4.65495	
5.21	11.1 1.28443 4.73449	
5.22	11.1087 1.15024 4.82714	
5.23	11.1106 1.1134 4.75897	
5.24	11.11 1.10619 4.73005	
5.25	11.095 1.13454 4.70104	
5.26	11.0894 1.20066 4.63647	
5.27	11.0168 1.24155 4.59662	
5.28	11.0054 1.25274 4.58751	
5.29	10.9991 1.28506 4.56513	
5.3	10.9939 1.32067 4.53606	
5.31	10.9973 1.35996 4.5133	
5.32	10.9964 1.38388 4.53131	
5.33	10.9945 1.46845 4.51824	
5.34	10.9728 1.58895 4.5431	
5.35	10.9584 1.69801 4.60784	
5.36	10.9452 1.75235 4.618	
5.37	10.946 1.77677 4.5964	
5.38	10.9469 1.77192 4.59956	
5.39	10.9454 1.75668 4.61054	
5.4	10.9588 1.70093 4.63199	
5.41	10.9782 1.57966 4.67979	
5.42	11.001 1.48007 4.73485	
5.43	11.0345 1.42432 4.7249	
5.44	11.0993 1.40642 4.67593	
5.45	11.1739 1.40958 4.61499	
5.46	11.2415 1.43061 4.59695	
5.47	11.3162 1.45655 4.57919	
5.48	11.4095 1.5005 4.54704	
5.49	11.4801 1.58133 4.48991	
5.5	11.5202 1.68077 4.41803	
5.51	11.5737 1.74253 4.37223	
5.52	11.6733 1.79098 4.34067	
5.53	11.8193 1.85897 4.29965	
5.54	11.8627 1.87878 4.28538	
5.55	11.8659 1.88357 4.28179	
5.56	11.8614 1.87211 4.27633	
5.57	11.8853 1.84238 4.23882	
5.58	11.9314 1.84213 4.19735	
5.59	11.9928 1.85034 4.19128	
5.6	12.0681 1.86658 4.18428	
5.61	12.236 1.90164 4.17046	
5.62	12.4974 1.95025 4.153	
5.63	12.6912 2.01273 4.12142	
5.64	12.7568 2.04738 4.09904	
5.65	12.7898 2.04815 4.10073	
5.66	12.7622 2.05464 4.09933	
5.67	12.478 1.99539 4.11719	
5.68	12.0508 1.88978 4.12848	
5.69	11.6117 1.75321 4.09924	
5.7	11.4641 1.65997 3.99208	
5.71	11.4559 1.59948 3.82508	
5.72	11.3701 1.51082 3.59629	
5.73	11.2834 1.44923 3.4688	
5.74	11.2684 1.4931 3.38799	
5.75	11.1576 1.58073 3.27453	
5.76	10.9237 1.59693 3.1717	
5.77	10.7988 1.66271 3.08094	
5.78	10.7174 1.7718 2.96943	
5.79	10.7063 1.86822 2.88995	
5.8	10.6978 1.9731 2.80623	
5.81	10.7354 2.02291 2.76286	
5.82	10.9356 2.05154 2.74496	
5.83	11.2248 2.12099 2.71191	
5.84	11.2854 2.17341 2.67539	
5.85	11.2957 2.1965 2.66147	
5.86	11.3058 2.25174 2.62523	
5.87	11.3144 2.29864 2.59459	
5.88	11.3146 2.31565 2.57726	
5.89	11.3059 2.34242 2.56074	
5.9	11.3385 2.41105 2.51971	
5.91	11.405 2.50183 2.4837	
5.92	11.4326 2.60119 2.43238	
5.93	11.4135 2.69508 2.36766	
5.94	11.4003 2.78028 2.35108	
5.95	11.3805 2.91928 2.2818	
5.96	11.4016 2.97424 2.28413	
5.97	11.6228 3.21529 2.16416	
5.98	11.6836 3.37449 2.15633	
5.99	11.8029 3.46897 2.13623	
6	11.9537 3.61294 2.18154	
6.01	11.9639 3.71198 2.24354	
6.02	12.0065 3.73945 2.19585	
6.03	12.0978 3.77797 2.10284	
6.04	12.0759 3.79064 2.0871	
6.05	12.0244 3.80004 2.06522	
6.06	11.7101 3.65126 2.15888	
6.07	10.8557 2.85526 2.14561	
6.08	10.0964 2.18693 2.40246	
6.09	9.84426 2.01325 2.16338	
6.1	8.33478 1.50195 2.16431	
6.11	8.16811 1.19851 2.19285	
6.12	7.79898 1.18088 1.99469	
6.13	7.6977 1.41861 1.81537	
6.14	6.67486 1.48697 1.75074	
6.15	6.13186 1.70996 1.45305	
6.16	6.1351 1.84762 1.33339	
6.17	5.9496 2.07077 1.1176	
6.18	6.3271 2.33496 0.868454	
6.19	6.42497 2.15892 0.723107	
6.2	6.93622 2.25927 0.729971	
6.21	6.90248 1.27561 1.40198	
6.22	7.53084 1.29427 1.34823	
6.23	7.68125 1.39404 1.32881	
6.24	7.69265 1.55546 1.23337	
6.25	7.72381 1.69225 1.17971	
6.26	7.6647 1.74659 1.12345	
6.27	7.36614 1.78034 1.16247	
6.28	7.27312 1.9169 1.1011	
6.29	6.88669 2.07322 1.07443	
6.3	6.94156 2.40212 1.01373	
6.31	6.92558 2.62707 0.877408	
6.32	6.94324 2.75709 1.0131	
6.33	7.141 2.93503 0.970488	
6.34	7.35004 3.15106 0.873173	
6.35	7.41689 3.26826 0.796412	
6.36	7.40386 3.36627 0.745823	
6.37	7.37584 3.44502 0.663398	
6.38	7.26142 3.51149 0.619796	
6.39	7.18725 3.62755 0.524702	
6.4	7.03723 3.94208 0.344329	
6.41	7.35177 2.88015 0.539993	
6.42	7.23401 2.38258 0.456623	
6.43	7.32875 2.10657 0.505659	
6.44	7.38914 1.98386 0.587855	
6.45	7.36776 2.06367 0.560175	
6.46	7.25644 2.0089 0.562186	
6.47	7.22911 1.86166 0.648808	
6.48	7.20844 1.32791 0.769987	
6.49	7.07477 0.811445 1.28478	
6.5	6.84639 0.764242 1.46079	
6.51	6.92698 0.580917 2.01778	
6.52	6.87743 0.386931 3.04192	
6.53	6.88888 0.192588 3.50746	
6.54	6.87804 0.262208 3.45875	
6.55	6.84529 0.334753 3.40081	
6.56	6.7782 0.353735 3.38108	
6.57	6.78033 0.378235 3.34696	
6.58	6.77445 0.41877 3.30426	
6.59	6.7455 0.467891 3.25166	
6.6	6.7199 0.483807 3.22945	
6.61	6.76969 0.345828 3.32518	
6.62	6.77244 0.00824216 3.62343	
6.63	6.75181 -0.0916257 3.7743	
6.64	6.58024 -0.0478681 3.76319	
6.65	6.0401 0.00954118 3.76727	
6.66	5.72703 0.0249491 3.81017	
6.67	5.76277 -0.0626847 4.25514	
6.68	5.76549 -0.204492 4.83044	
6.69	5.78593 -0.165027 4.98715	
6.7	5.79415 -0.0395963 4.91536	
6.71	5.8709 0.0473468 4.85337	
6.72	5.8996 0.0798283 4.85355	
6.73	5.96908 0.0992739 4.8156	
6.74	6.04138 0.109129 4.79397	
6.75	6.14848 0.0977175 4.7824	
6.76	6.32768 0.101021 4.76067	
6.77	6.571 0.11905 4.79715	
6.78	6.64868 0.200628 4.86353	
6.79	6.72808 0.309004 4.99691	
6.8	6.92947 0.463111 5.11817	
6.81	7.08197 0.628726 5.11833	
6.82	7.12633 0.655363 5.10405	
6.83	7.19949 0.649234 5.09577	
6.84	7.28758 0.650751 5.06261	
6.85	7.31637 0.579542 4.95387	
6.86	7.32406 0.497606 4.82082	
6.87	7.32083 0.432983 4.63035	
6.88	7.30833 0.414033 4.58672	
6.89	7.29334 0.413006 4.57009	
6.9	7.21013 0.450406 4.54523	
6.91	7.08586 0.467832 4.53866	
6.92	6.99433 0.529488 4.49371	
6.93	6.95716 0.581382 4.38863	
6.94	6.94948 0.630151 4.23733	
6.95	6.9724 0.65148 4.16297	
6.96	6.99086 0.650535 4.15373	
6.97	7.00071 0.645943 4.15156	
6.98	6.99415 0.648563 4.14822	
6.99	6.97873 0.689865 4.11545	
7	6.98307 0.736551 4.06728	
7.01	6.96143 0.749326 4.0512	
7.02	6.91036 0.775966 4.0311	
7.03	6.86389 0.902527 3.9341	
7.04	6.82415 1.01487 3.81874	
7.05	6.78037 1.0217 3.78679	
7.06	6.76382 1.0227 3.77787	
7.07	6.78467 1.05509 3.75037	
7.08	6.80139 1.07126 3.73609	
7.09	6.80414 1.11782 3.71452	
7.1	6.76958 1.22099 3.72651	
7.11	6.77704 1.3379 3.70367	
7.12	6.74307 1.46304 3.64633	
7.13	6.65566 1.5594 3.5689	
7.14	6.56891 1.64467 3.50469	
7.15	6.50193 1.73716 3.44653	
7.16	6.50271 1.78739 3.40397	
7.17	6.5015 1.78793 3.40082	
7.18	6.51397 1.78742 3.40319	
7.19	6.51228 1.78275 3.40359	
7.2	6.5211 1.78136 3.40276	
7.21	6.59339 1.77306 3.40007	
7.22	6.68546 1.76004 3.39899	
7.23	6.69983 1.76638 3.38927	
7.24	6.70851 1.76348 3.38336	
7.25	6.78025 1.73477 3.39403	
7.26	6.87179 1.74012 3.38916	
7.27	6.78881 1.86282 3.36259	
7.28	6.79293 2.00518 3.4091	
7.29	6.86551 2.12374 3.54612	
7.3	6.91616 2.16975 3.56612	
7.31	7.04919 2.19264 3.54827	
7.32	7.1279 2.17433 3.49655	
7.33	7.14136 2.14832 3.48442	
7.34	7.15981 2.12511 3.44747	
7.35	7.16092 2.05014 3.375	
7.36	7.12762 1.95732 3.3365	
7.37	7.11975 1.89405 3.33094	
7.38	7.11914 1.86371 3.3037	
7.39	7.12106 1.86362 3.29682	
7.4	7.09907 1.86648 3.29957	
7.41	7.07269 1.88965 3.28685	
7.42	7.03321 1.90058 3.28348	
7.43	6.99595 1.8991 3.28502	
7.44	6.97104 1.90089 3.28981	
7.45	6.98601 1.92335 3.27269	
7.46	6.99148 1.95515 3.27246	
7.47	7.06166 2.04046 3.22119	
7.48	7.06571 2.06589 3.2091	
7.49	7.13409 2.07568 3.19956	
7.5	7.17957 2.10516 3.17648	
7.51	7.15098 2.15572 3.14806	
7.52	7.16924 2.20361 3.10641	
7.53	7.18306 2.21102 3.09762	
7.54	7.12421 2.22439 3.08669	
7.55	7.01121 2.26856 3.04596	
7.56	6.93357 2.26402 3.01671	
7.57	6.92903 2.21061 2.90979	
7.58	6.92855 2.13972 2.7503	
7.59	6.92312 2.07445 2.57639	
7.6	6.87307 2.08232 2.494	
7.61	6.83471 2.11528 2.45385	
7.62	6.83555 2.17932 2.33794	
7.63	6.79579 2.23694 2.27473	
7.64	6.69602 2.30448 2.25902	
7.65	6.69836 2.32083 2.25104	
7.66	6.72292 2.41073 2.18784	
7.67	6.7366 2.52442 2.18408	
7.68	6.73306 2.62296 2.15978	
7.69	6.70663 2.71615 2.17259	
7.7	6.70475 2.8008 2.13148	
7.71	6.70052 2.81487 2.15064	
7.72	6.6933 2.8622 2.11832	
7.73	6.70907 2.85676 2.14	
7.74	6.68962 2.60965 2.26635	
7.75	8.43881 2.18183 3.88749	
7.76	10.3203 2.22147 5.28159	
7.77	11.2258 1.74782 4.76276	
7.78	11.4542 0.658419 4.20966	
7.79	12.0887 0.091325 3.46229	
7.8	12.5797 1.14779 2.29721	
7.81	12.4535 2.90266 0.410416	
7.82	11.3959 5.71024 -1.06201	
7.83	10.8501 8.21715 0.251396	
7.84	9.74789 9.97531 -0.863707	
7.85	10.0645 10.6133 0.748416	
7.86	7.99548 11.7607 0.0571343	
7.87	8.4972 12.0903 1.52065	
7.88	8.61526 12.0149 0.830417	
7.89	9.12473 12.7749 1.3618	
7.9	8.14714 14.1735 1.20295	
7.91	8.65207 13.8325 1.01882	
7.92	8.83518 13.793 0.941351	
7.93	8.85829 13.8235 0.919829	
7.94	8.87514 13.8129 0.917293	
7.95	9.33003 13.756 0.793465	
7.96	9.57477 13.7404 0.751617	
7.97	9.49396 13.7432 0.75146	
7.98	9.44038 13.7296 0.777333	
7.99	9.4889 13.7647 0.737309	
8	9.42928 13.7511 0.769554	
8.01	9.50585 13.7543 0.739182	
8.02	9.48441 13.7539 0.743612	
8.03	9.46669 13.7508 0.750691	
8.04	9.47279 13.75 0.749123	
