# Gnuplot File : positions of 1 particle(s) Monitored
# 1st Column : time, others : particle(s) number 0 
0.01	8.17852 13.9669 1.316	
0.02	8.19745 13.9595 1.30541	
0.03	8.19676 13.9598 1.30561	
0.04	8.1961 13.96 1.3058	
0.05	8.1984 13.962 1.30281	
0.06	8.19485 13.9605 1.30616	
0.07	8.19425 13.9607 1.30633	
0.08	8.19368 13.961 1.30649	
0.09	8.19313 13.9612 1.30665	
0.1	8.1926 13.9614 1.30681	
0.11	8.19209 13.9616 1.30695	
0.12	8.19159 13.9618 1.30709	
0.13	8.19405 13.961 1.30512	
0.14	8.19066 13.9649 1.30629	
0.15	8.19022 13.9623 1.30749	
0.16	8.18979 13.9652 1.30654	
0.17	8.19232 13.9617 1.30562	
0.18	8.19192 13.9673 1.3036	
0.19	8.19154 13.9647 1.30477	
0.2	8.43513 13.8938 1.14743	
0.21	9.27906 13.7476 0.814079	
0.22	9.5002 13.7619 0.761738	
0.23	9.83056 13.7442 0.727433	
0.24	10.3196 13.7466 0.739686	
0.25	10.8678 13.7491 0.866916	
0.26	11.1907 13.8179 0.977176	
0.27	11.3776 13.8502 1.06479	
0.28	10.9127 13.7728 0.929264	
0.29	10.6223 13.7442 0.85162	
0.3	10.5299 13.7563 0.822816	
0.31	10.5317 13.7273 0.836719	
0.32	10.9885 13.7747 0.955348	
0.33	11.7484 13.9482 1.33758	
0.34	12.1429 14.0981 1.66836	
0.35	11.9954 14.0351 1.52594	
0.36	11.6211 13.9117 1.24454	
0.37	11.1822 13.8108 1.01576	
0.38	11.0413 13.7806 0.965135	
0.39	10.7127 13.7379 0.865009	
0.4	9.98614 13.7026 0.775222	
0.41	9.77495 13.7069 0.779304	
0.42	9.89862 12.6074 1.28003	
0.43	9.92965 11.4845 2.35278	
0.44	9.96867 11.4194 3.00465	
0.45	10.9772 11.0815 2.98949	
0.46	12.0955 11.0631 3.25117	
0.47	13.0319 11.0833 3.24032	
0.48	14.0301 11.0604 3.06965	
0.49	14.9831 11.1264 3.06648	
0.5	15.5704 11.2424 2.90797	
0.51	15.6066 11.208 2.42887	
0.52	15.6698 11.1566 1.91172	
0.53	15.7197 11.0567 1.44832	
0.54	15.7072 11.0612 1.42429	
0.55	15.5501 10.947 1.42854	
0.56	15.4578 10.8761 1.46186	
0.57	15.5027 10.8176 1.43813	
0.58	15.4005 10.7969 1.45244	
0.59	15.1311 10.8501 1.44618	
0.6	14.817 10.934 1.4508	
0.61	14.4627 10.9307 1.54787	
0.62	14.3501 10.9886 1.55149	
0.63	14.2242 11.0395 1.56416	
0.64	14.2083 11.0015 1.69348	
0.65	14.0738 11.061 1.70075	
0.66	14.0717 11.0678 1.70172	
0.67	14.0557 11.073 1.70333	
0.68	14.0723 11.0277 1.70238	
0.69	14.1275 10.8999 1.70085	
0.7	14.1844 10.7609 1.71485	
0.71	14.2326 10.6671 1.69653	
0.72	14.2772 10.5734 1.70585	
0.73	14.3961 10.5073 1.73981	
0.74	14.5575 10.2973 1.66635	
0.75	14.5768 10.2423 1.6653	
0.76	14.5643 10.1412 1.66105	
0.77	14.5722 10.0261 1.66382	
0.78	14.5103 9.92539 1.66258	
0.79	14.3847 9.81229 1.65937	
0.8	14.0735 9.69237 1.65194	
0.81	13.5918 9.48445 1.55008	
0.82	13.5164 9.50388 1.54751	
0.83	13.2312 9.60698 1.52823	
0.84	12.9908 9.64186 1.44587	
0.85	12.8597 9.72198 1.44834	
0.86	12.7186 9.77787 1.47029	
0.87	12.6514 9.77094 1.49952	
0.88	12.655 9.7415 1.54416	
0.89	12.6572 9.7319 1.54981	
0.9	12.6691 9.70219 1.55444	
0.91	12.6741 9.68289 1.55439	
0.92	12.6873 9.65914 1.55719	
0.93	12.6921 9.63976 1.5571	
0.94	12.6965 9.63241 1.55467	
0.95	12.7067 9.60696 1.53807	
0.96	12.7069 9.58055 1.48929	
0.97	12.7058 9.53891 1.43944	
0.98	12.7078 9.5209 1.40611	
0.99	12.7162 9.50864 1.41085	
1	12.7072 9.50128 1.43607	
1.01	12.6606 9.52355 1.44433	
1.02	12.62 9.54404 1.46323	
1.03	12.5893 9.53158 1.51391	
1.04	12.5628 9.46254 1.54314	
1.05	12.4934 9.45663 1.58258	
1.06	12.4427 9.4872 1.60843	
1.07	12.3992 9.50605 1.63067	
1.08	12.3772 9.50076 1.64508	
1.09	12.3781 9.4986 1.65749	
1.1	12.3816 9.45498 1.64388	
1.11	12.391 9.37791 1.57411	
1.12	12.3295 9.3955 1.62123	
1.13	12.2854 9.42519 1.64591	
1.14	12.2531 9.44909 1.6378	
1.15	12.2095 9.50757 1.63885	
1.16	12.1435 9.60431 1.63739	
1.17	12.0989 9.67424 1.56297	
1.18	11.9949 9.84856 1.5441	
1.19	11.9774 9.88471 1.54874	
1.2	11.9371 9.88704 1.55424	
1.21	11.9199 9.87866 1.56262	
1.22	11.9234 9.87666 1.56559	
1.23	11.9408 9.85286 1.56814	
1.24	11.9951 9.75676 1.55621	
1.25	12.0089 9.70492 1.5678	
1.26	11.997 9.61255 1.59866	
1.27	11.9948 9.35929 1.56078	
1.28	11.9221 9.34378 1.6548	
1.29	11.9026 9.2393 1.65908	
1.3	11.9808 9.0992 1.65736	
1.31	12.0497 8.91203 1.68334	
1.32	12.1558 8.79399 1.65712	
1.33	12.1894 8.69375 1.66588	
1.34	12.209 8.61278 1.69637	
1.35	12.1853 8.61179 1.7452	
1.36	12.1417 8.61334 1.74922	
1.37	12.0851 8.63047 1.72123	
1.38	12.0244 8.62811 1.74276	
1.39	11.9677 8.65813 1.74552	
1.4	11.9883 8.74051 1.71858	
1.41	11.9847 8.84436 1.72212	
1.42	12.0537 8.96371 1.75749	
1.43	12.0403 9.03306 1.8517	
1.44	12.0517 9.08569 1.92877	
1.45	12.053 9.15223 2.04567	
1.46	12.0015 9.17147 2.36203	
1.47	12.022 9.20566 2.37396	
1.48	12.054 9.2213 2.37284	
1.49	12.1213 9.24487 2.36348	
1.5	12.3164 9.22443 2.46723	
1.51	12.5264 9.29842 2.48948	
1.52	12.551 9.2847 2.49757	
1.53	12.6024 9.20456 2.52308	
1.54	12.433 9.10579 2.48551	
1.55	12.04 8.9443 2.47805	
1.56	11.4127 8.97156 2.49449	
1.57	11.0429 8.91279 2.47925	
1.58	10.7387 8.90396 2.46634	
1.59	10.2832 8.81283 2.42297	
1.6	9.86293 8.67161 2.36338	
1.61	9.54811 8.58727 2.3533	
1.62	9.30917 8.50998 2.31788	
1.63	9.12369 8.4627 2.30693	
1.64	9.08607 8.45396 2.19997	
1.65	9.01557 8.39584 2.21134	
1.66	8.90738 8.32234 2.21461	
1.67	8.82438 8.24 2.21884	
1.68	8.63464 8.17427 2.17306	
1.69	8.461 8.14202 2.20832	
1.7	8.29478 8.13025 2.22205	
1.71	8.1758 8.13036 2.22052	
1.72	8.01794 8.14047 2.21583	
1.73	7.77184 8.13513 2.21549	
1.74	7.5844 8.13363 2.19748	
1.75	7.55527 8.16262 2.18105	
1.76	7.56498 8.20106 2.17952	
1.77	7.55763 8.22256 2.17837	
1.78	7.56966 8.24817 2.17815	
1.79	7.59037 8.29669 2.17051	
1.8	7.61503 8.35234 2.16503	
1.81	7.66044 8.43263 2.16237	
1.82	7.68127 8.54412 2.15658	
1.83	7.7725 8.6574 2.18473	
1.84	7.80369 8.70769 2.17508	
1.85	7.8019 8.70848 2.17135	
1.86	7.80982 8.70106 2.16661	
1.87	7.80432 8.71246 2.17166	
1.88	7.80085 8.71994 2.1694	
1.89	7.73726 8.72416 2.17072	
1.9	7.65751 8.72543 2.17066	
1.91	7.55346 8.73263 2.17372	
1.92	7.47458 8.74481 2.16912	
1.93	7.43614 8.73644 2.17404	
1.94	7.44217 8.76468 2.17002	
1.95	7.45305 8.7863 2.16552	
1.96	7.4523 8.78008 2.1702	
1.97	7.52348 8.7552 2.17093	
1.98	7.54588 8.70804 2.17612	
1.99	7.58679 8.62614 2.17982	
2	7.60876 8.47926 2.19291	
2.01	7.6208 8.24196 2.21014	
2.02	7.60924 8.02007 2.23715	
2.03	7.59142 7.82285 2.26242	
2.04	7.58641 7.73062 2.26833	
2.05	7.56675 7.75013 2.25915	
2.06	7.51978 7.7685 2.25193	
2.07	7.42805 7.87653 2.2304	
2.08	7.24965 7.91317 2.20473	
2.09	7.06373 7.92888 2.21628	
2.1	6.85556 7.95823 2.21934	
2.11	6.69479 7.9982 2.21101	
2.12	6.70641 8.11549 2.19123	
2.13	6.74047 8.26917 2.18543	
2.14	6.82349 8.44183 2.17219	
2.15	6.93936 8.62779 2.15954	
2.16	7.11753 8.78121 2.16796	
2.17	7.29557 8.88498 2.16152	
2.18	7.53479 8.95619 2.1518	
2.19	7.59286 8.95773 2.16072	
2.2	7.59084 8.85119 2.17077	
2.21	7.62543 8.67171 2.18248	
2.22	7.65905 8.50986 2.19444	
2.23	7.75367 8.50274 2.18655	
2.24	7.86426 8.61356 2.16221	
2.25	8.05196 8.79824 2.15008	
2.26	8.09271 8.91708 2.16075	
2.27	8.09135 8.91897 2.16273	
2.28	8.05673 8.87688 2.15464	
2.29	8.0411 8.7038 2.16144	
2.3	8.04321 8.48629 2.1617	
2.31	8.0063 8.23426 2.1806	
2.32	7.99166 7.96919 2.20667	
2.33	7.9662 7.74936 2.22814	
2.34	7.91933 7.52531 2.24224	
2.35	7.75895 7.34834 2.25458	
2.36	7.37425 7.22674 2.2276	
2.37	7.07399 7.18465 2.1362	
2.38	6.87352 7.19614 2.10113	
2.39	6.62877 7.16325 2.03538	
2.4	6.53571 7.09414 1.9637	
2.41	6.64245 7.15942 1.76943	
2.42	6.62342 7.25208 1.76961	
2.43	6.67283 7.27254 1.72787	
2.44	6.71624 7.38311 1.70986	
2.45	6.71364 7.51483 1.60685	
2.46	6.80634 7.71664 1.46964	
2.47	6.81281 7.81874 1.44787	
2.48	6.77523 7.94604 1.42026	
2.49	6.7645 8.03542 1.40779	
2.5	6.74651 8.09704 1.36754	
2.51	6.74753 8.22155 1.36242	
2.52	6.809 8.29824 1.31755	
2.53	6.80324 8.4094 1.34159	
2.54	6.98998 8.6228 1.40947	
2.55	7.08848 8.76118 1.50663	
2.56	7.17193 8.86059 1.4943	
2.57	7.17858 8.95647 1.485	
2.58	7.13864 9.15114 1.43559	
2.59	7.11507 9.08701 1.46344	
2.6	7.10869 8.97428 1.39893	
2.61	7.09898 8.92246 1.43339	
2.62	7.07419 8.90846 1.4345	
2.63	7.03958 8.91564 1.43367	
2.64	6.96649 8.92909 1.4635	
2.65	6.97641 8.94203 1.48549	
2.66	7.1171 8.78334 1.4924	
2.67	7.18076 8.41551 1.54606	
2.68	7.13887 8.28925 1.55558	
2.69	7.05951 8.30469 1.55296	
2.7	7.03688 8.10727 1.51873	
2.71	7.00523 7.78615 1.59321	
2.72	6.87568 7.70802 1.60025	
2.73	6.55477 7.62067 1.64831	
2.74	6.52921 7.5595 1.69578	
2.75	6.57323 7.62064 1.69994	
2.76	6.59352 7.68051 1.68401	
2.77	6.58185 7.69666 1.68123	
2.78	6.53957 7.73562 1.67476	
2.79	6.47779 7.74968 1.67359	
2.8	6.46312 7.76155 1.67061	
2.81	6.46485 7.76623 1.6629	
2.82	6.46214 7.75113 1.65931	
2.83	6.4508 7.73624 1.65636	
2.84	6.36621 7.70064 1.66061	
2.85	6.21781 7.67654 1.65448	
2.86	5.97678 7.63576 1.63973	
2.87	5.77383 7.6233 1.63957	
2.88	5.65486 7.50666 1.63026	
2.89	5.5799 7.5146 1.61878	
2.9	5.56963 7.52335 1.62433	
2.91	5.60614 7.63302 1.60182	
2.92	5.65546 7.67101 1.57057	
2.93	5.61129 7.6918 1.55498	
2.94	5.52953 7.69212 1.52076	
2.95	5.65173 7.64943 1.49088	
2.96	5.95855 7.76533 1.47374	
2.97	5.79564 7.74168 1.51971	
2.98	5.92494 7.59965 1.45432	
2.99	5.9779 7.36108 1.53847	
3	6.26437 7.26415 1.57617	
3.01	6.20466 7.04612 1.62518	
3.02	6.23592 6.70525 1.84924	
3.03	6.17914 6.47009 2.03448	
3.04	6.033 6.36433 2.42765	
3.05	6.01535 6.25876 2.52205	
3.06	5.98491 6.0371 2.70022	
3.07	5.95464 5.89075 2.80198	
3.08	5.94514 5.89867 2.82303	
3.09	5.98794 5.99908 2.81501	
3.1	6.06549 6.14343 2.76235	
3.11	6.16178 6.28674 2.72193	
3.12	6.17025 6.35978 2.70466	
3.13	6.17953 6.3692 2.74048	
3.14	6.30199 6.26705 2.8822	
3.15	6.43921 6.10174 3.1026	
3.16	6.4344 5.993 3.23623	
3.17	6.50049 5.97524 3.31187	
3.18	6.63923 5.94938 3.38987	
3.19	6.68286 5.9158 3.446	
3.2	6.6766 5.86876 3.46594	
3.21	6.66252 5.68992 3.52598	
3.22	6.62509 5.4093 3.63674	
3.23	6.58633 5.21123 3.71507	
3.24	6.49423 5.08356 3.73122	
3.25	6.47493 4.93478 3.78742	
3.26	6.45668 4.81844 3.84465	
3.27	6.44612 4.75241 3.87745	
3.28	6.44357 4.75167 3.88455	
3.29	6.44629 4.77783 3.9063	
3.3	6.44437 4.93892 3.8946	
3.31	6.43154 5.10426 3.82928	
3.32	6.37927 5.25479 3.83573	
3.33	6.34053 5.33842 3.88311	
3.34	6.29553 5.41093 3.93452	
3.35	6.2759 5.49363 3.97315	
3.36	6.26705 5.56577 4.01653	
3.37	6.29496 5.60231 4.07297	
3.38	6.29914 5.61 4.10227	
3.39	6.34441 5.59276 4.17114	
3.4	6.41468 5.59414 4.2251	
3.41	6.42645 5.5771 4.26411	
3.42	6.47326 5.56922 4.3011	
3.43	6.53108 5.58364 4.32521	
3.44	6.5607 5.59667 4.33988	
3.45	6.59621 5.6047 4.34611	
3.46	6.62156 5.61458 4.36396	
3.47	6.6132 5.62606 4.37488	
3.48	6.60619 5.63354 4.38491	
3.49	6.60861 5.63259 4.39302	
3.5	6.5986 5.64805 4.41259	
3.51	6.59519 5.67393 4.41101	
3.52	6.59119 5.69612 4.41168	
3.53	6.56783 5.70803 4.42678	
3.54	6.55947 5.70782 4.44295	
3.55	6.54891 5.70086 4.46592	
3.56	6.54044 5.70992 4.48013	
3.57	6.53367 5.71886 4.49108	
3.58	6.52987 5.7451 4.49136	
3.59	6.52757 5.79488 4.48206	
3.6	6.54294 5.86863 4.45816	
3.61	6.5748 5.95785 4.424	
3.62	6.6336 6.03685 4.39234	
3.63	6.67048 6.11086 4.36531	
3.64	6.73604 6.19564 4.35138	
3.65	6.83205 6.27448 4.32418	
3.66	6.84473 6.34541 4.30628	
3.67	6.84978 6.37143 4.30253	
3.68	6.84692 6.36828 4.30951	
3.69	6.852 6.36315 4.31398	
3.7	6.87891 6.34439 4.31772	
3.71	6.93992 6.32182 4.3207	
3.72	6.96656 6.29927 4.32645	
3.73	6.96472 6.23831 4.34747	
3.74	6.96634 6.14953 4.37843	
3.75	6.96324 6.05864 4.40634	
3.76	6.95965 5.9851 4.42493	
3.77	6.91972 5.97153 4.40264	
3.78	6.77728 5.96232 4.30638	
3.79	6.66262 5.94089 4.23398	
3.8	6.66782 5.92376 4.23037	
3.81	6.69396 5.91686 4.23449	
3.82	6.78175 5.9026 4.23969	
3.83	6.85567 5.89139 4.24491	
3.84	6.91712 5.89109 4.26043	
3.85	6.9369 5.90097 4.27516	
3.86	6.95218 5.94637 4.2737	
3.87	6.99334 6.02473 4.26015	
3.88	7.07695 6.09566 4.23806	
3.89	7.15072 6.13696 4.23175	
3.9	7.24071 6.16317 4.23363	
3.91	7.34669 6.21415 4.23203	
3.92	7.52209 6.28692 4.23794	
3.93	7.56738 6.37075 4.24278	
3.94	7.5703 6.41568 4.24264	
3.95	7.56756 6.45847 4.23464	
3.96	7.55982 6.48071 4.22947	
3.97	7.56167 6.50754 4.23209	
3.98	7.56166 6.55028 4.23904	
3.99	7.56038 6.5665 4.24182	
4	7.56081 6.56353 4.24137	
4.01	7.56759 6.56257 4.24111	
4.02	7.56772 6.54887 4.24456	
4.03	7.57462 6.52279 4.25308	
4.04	7.57536 6.48427 4.26419	
4.05	7.57713 6.44881 4.27211	
4.06	7.56916 6.43449 4.28071	
4.07	7.5638 6.43143 4.27887	
4.08	7.56264 6.4105 4.28928	
4.09	7.56354 6.35035 4.30876	
4.1	7.56477 6.25028 4.33082	
4.11	7.54631 6.15485 4.34618	
4.12	7.49636 6.10752 4.34344	
4.13	7.44721 6.08674 4.3222	
4.14	7.426 6.08196 4.30375	
4.15	7.42575 6.07563 4.29497	
4.16	7.39242 6.07467 4.28273	
4.17	7.30846 6.06516 4.26517	
4.18	7.25418 6.05094 4.26388	
4.19	7.18989 6.01808 4.27648	
4.2	7.08481 5.97524 4.28671	
4.21	6.93011 5.94699 4.30179	
4.22	6.77501 5.92049 4.28696	
4.23	6.62165 5.91085 4.25155	
4.24	6.47525 5.92517 4.24485	
4.25	6.43496 5.97206 4.23316	
4.26	6.42591 6.05725 4.20254	
4.27	6.42462 6.13015 4.17277	
4.28	6.44956 6.1849 4.14923	
4.29	6.50239 6.24366 4.12217	
4.3	6.5768 6.33046 4.09015	
4.31	6.60803 6.38625 4.06664	
4.32	6.61796 6.43817 4.04722	
4.33	6.62751 6.4883 4.03486	
4.34	6.61687 6.53606 4.02469	
4.35	6.58623 6.59244 4.00774	
4.36	6.54181 6.64586 3.99385	
4.37	6.49786 6.69793 3.98001	
4.38	6.48713 6.73245 3.96884	
4.39	6.46899 6.75152 3.96276	
4.4	6.47085 6.77673 3.95419	
4.41	6.4727 6.80196 3.94568	
4.42	6.47397 6.8159 3.9405	
4.43	6.47457 6.82721 3.93717	
4.44	6.46801 6.82867 3.93711	
4.45	6.44828 6.83304 3.93706	
4.46	6.44172 6.83451 3.93701	
4.47	6.44234 6.84582 3.93369	
4.48	6.44497 6.88957 3.92055	
4.49	6.44968 6.95716 3.8993	
4.5	6.45256 7.02397 3.88267	
4.51	6.45557 7.05993 3.87633	
4.52	6.45878 7.09108 3.87087	
4.53	6.46433 7.14376 3.87298	
4.54	6.46698 7.19303 3.88868	
4.55	6.47592 7.2284 3.90571	
4.56	6.47127 7.25639 3.91998	
4.57	6.47969 7.28765 3.911	
4.58	6.4884 7.31971 3.90697	
4.59	6.49732 7.35637 3.91287	
4.6	6.5326 7.41134 3.9349	
4.61	6.54112 7.45144 3.94574	
4.62	6.54261 7.48415 3.94828	
4.63	6.54392 7.50399 3.94805	
4.64	6.54486 7.5175 3.96622	
4.65	6.54562 7.53255 3.98446	
4.66	6.54746 7.55996 3.99922	
4.67	6.54905 7.59074 4.01874	
4.68	6.53661 7.59929 4.02286	
4.69	6.53632 7.59357 4.02421	
4.7	6.53575 7.58211 4.02695	
4.71	6.55265 7.54835 4.03456	
4.72	6.60532 7.46248 4.05384	
4.73	6.73539 7.38575 4.06646	
4.74	6.96294 7.36599 4.066	
4.75	7.22143 7.37444 4.0559	
4.76	7.41914 7.40443 4.0373	
4.77	7.50646 7.43489 4.03026	
4.78	7.51931 7.44783 4.02742	
4.79	7.50183 7.44586 4.02091	
4.8	7.47645 7.43595 4.01459	
4.81	7.47648 7.40007 3.99713	
4.82	7.45612 7.34008 3.96281	
4.83	7.40029 7.26374 3.89981	
4.84	7.34076 7.17966 3.85604	
4.85	7.28864 7.09027 3.83229	
4.86	7.25491 7.00447 3.81929	
4.87	7.24737 6.9448 3.81517	
4.88	7.24672 6.92004 3.80104	
4.89	7.24618 6.88591 3.78341	
4.9	7.24585 6.8239 3.76686	
4.91	7.23212 6.75576 3.74215	
4.92	7.17941 6.67075 3.6934	
4.93	7.13131 6.5692 3.63507	
4.94	7.07632 6.50251 3.61282	
4.95	6.91336 6.47127 3.575	
4.96	6.60568 6.42594 3.506	
4.97	6.30481 6.38646 3.4264	
4.98	6.09981 6.38049 3.37949	
4.99	6.02578 6.45133 3.35877	
5	6.00787 6.54382 3.32809	
5.01	5.97972 6.591 3.29539	
5.02	5.97347 6.60743 3.2257	
5.03	5.94751 6.61085 3.19121	
5.04	5.94751 6.63239 3.16825	
5.05	5.95106 6.69002 3.13959	
5.06	5.95595 6.7777 3.08893	
5.07	5.94476 6.86003 3.04722	
5.08	5.94888 6.94828 3.01707	
5.09	5.97784 7.03411 2.99041	
5.1	5.99482 7.11608 2.96236	
5.11	6.04898 7.19742 2.93706	
5.12	6.05659 7.26822 2.91722	
5.13	6.07236 7.34152 2.89382	
5.14	6.08553 7.41171 2.87557	
5.15	6.09002 7.47777 2.86323	
5.16	6.09699 7.54814 2.84567	
5.17	6.0958 7.59041 2.83478	
5.18	6.09876 7.632 2.8356	
5.19	6.10477 7.6871 2.82646	
5.2	6.1448 7.75171 2.81524	
5.21	6.16472 7.82991 2.8143	
5.22	6.21828 7.9198 2.8064	
5.23	6.28149 8.07159 2.78113	
5.24	6.29515 8.21973 2.76902	
5.25	6.30393 8.30978 2.75352	
5.26	6.3279 8.348 2.74749	
5.27	6.4374 8.37426 2.74268	
5.28	6.97715 8.36487 2.7755	
5.29	7.57093 8.37452 2.78447	
5.3	7.65167 8.4209 2.77741	
5.31	7.65008 8.43277 2.77663	
5.32	7.64323 8.4849 2.76762	
5.33	7.53077 8.52003 2.74251	
5.34	7.50235 8.50047 2.72587	
5.35	7.49573 8.52455 2.64177	
5.36	7.49539 8.54169 2.38693	
5.37	7.55752 8.5787 2.23641	
5.38	7.61611 8.47896 2.00648	
5.39	7.60259 8.37104 1.98126	
5.4	7.63035 8.25369 1.61555	
5.41	7.6422 8.30765 1.34159	
5.42	7.45175 8.33532 1.10951	
5.43	7.37155 8.49582 0.952267	
5.44	7.19171 8.71156 0.581195	
5.45	7.155 8.63099 0.43074	
5.46	6.83684 8.44487 0.406171	
5.47	6.83824 8.41126 0.404953	
5.48	6.74591 8.53621 0.369968	
5.49	6.50693 8.79838 0.366033	
5.5	6.51093 9.03039 0.375385	
5.51	6.53262 9.08429 0.392135	
5.52	6.61264 8.61992 0.407461	
5.53	6.52832 7.69593 0.515911	
5.54	6.49963 7.3873 0.477453	
5.55	5.94204 7.14464 0.732425	
5.56	5.93726 7.94392 0.588421	
5.57	6.0452 6.9074 0.881104	
5.58	5.79477 5.63818 1.63842	
5.59	6.25149 5.59141 1.80564	
5.6	6.00077 5.5765 1.83203	
5.61	6.00721 5.99491 1.84227	
5.62	5.56537 6.43092 1.71223	
5.63	5.47004 6.98511 1.6069	
5.64	5.2956 7.4928 1.52077	
5.65	5.08944 7.83162 1.51144	
5.66	5.2004 8.00422 1.4607	
5.67	5.21827 8.03965 1.45479	
5.68	5.30989 8.09288 1.41893	
5.69	5.38305 8.23894 1.37195	
5.7	5.3892 8.46355 1.34752	
5.71	5.39057 8.52983 1.3582	
5.72	5.36264 8.58973 1.38698	
5.73	5.37161 8.65312 1.37484	
5.74	5.38832 8.69117 1.37203	
5.75	5.39968 8.75447 1.37931	
5.76	5.60351 8.76333 1.40978	
5.77	5.66521 8.84377 1.46325	
5.78	5.78895 8.99121 1.53473	
5.79	5.83601 9.11786 1.42983	
5.8	6.24918 8.60261 1.57458	
5.81	5.94409 8.35313 1.64646	
5.82	6.34907 8.26254 1.65492	
5.83	6.42858 8.19816 1.65588	
5.84	6.49377 8.07312 1.62776	
5.85	6.51234 8.06613 1.61971	
5.86	6.58276 8.05669 1.59377	
5.87	6.58193 8.06119 1.52761	
5.88	6.57294 8.03489 1.49905	
5.89	6.56152 7.89154 1.45207	
5.9	6.53689 7.74919 1.37795	
5.91	6.5419 7.71686 1.38773	
5.92	6.55562 7.70675 1.37939	
5.93	6.55314 7.62175 1.39765	
5.94	6.54355 7.57802 1.40441	
5.95	6.45368 7.52081 1.33717	
5.96	6.27538 7.36485 1.33836	
5.97	6.28074 7.3658 1.31784	
5.98	6.19335 7.59432 1.25148	
5.99	6.15646 7.57773 1.2442	
6	6.1052 7.48915 1.26225	
6.01	5.91147 7.31247 1.30864	
6.02	5.85938 7.39566 1.30562	
6.03	5.91032 7.64554 1.3334	
6.04	6.15013 7.97884 1.32717	
6.05	6.2122 8.45994 1.30937	
6.06	6.27478 8.45606 1.33208	
6.07	6.41399 8.77643 1.24635	
6.08	6.45859 8.75747 1.25672	
6.09	6.4898 8.99126 1.31555	
6.1	6.67493 9.14602 1.20971	
6.11	6.64741 9.22477 1.19246	
6.12	6.64931 9.23121 1.19957	
6.13	6.63847 9.00945 1.21458	
6.14	6.61928 8.70799 1.23968	
6.15	6.45795 8.35698 1.24308	
6.16	6.20545 7.68085 1.33015	
6.17	5.96185 8.03292 1.41447	
6.18	5.47067 7.70588 1.46452	
6.19	5.05938 7.16948 1.4983	
6.2	5.03297 7.01051 1.64477	
6.21	4.64442 6.77732 1.7882	
6.22	4.58223 6.42386 2.15612	
6.23	4.15566 5.991 2.57777	
6.24	3.98821 5.70883 2.75835	
6.25	3.99069 5.68719 2.80279	
6.26	4.02088 5.79693 2.73964	
6.27	3.9171 5.82671 2.72679	
6.28	3.87589 5.85828 2.71692	
6.29	3.8775 5.95689 2.66878	
6.3	3.5431 6.12562 2.73915	
6.31	3.23248 6.25386 2.97629	
6.32	2.99867 6.32688 3.05056	
6.33	2.88126 6.3457 3.19146	
6.34	3.41552 6.48292 3.2381	
6.35	4.20138 6.71961 3.18974	
6.36	4.66133 6.81816 3.17702	
6.37	5.05983 6.95837 3.13417	
6.38	5.70701 7.16899 3.06685	
6.39	5.78866 7.28913 3.07899	
6.4	5.78465 7.31712 3.0797	
6.41	5.78902 7.3563 3.06553	
6.42	5.79793 7.44987 3.04397	
6.43	5.8075 7.54234 3.00713	
6.44	5.79597 7.61283 2.98809	
6.45	5.80597 7.70992 2.9625	
6.46	5.84084 7.8736 2.91792	
6.47	5.91738 8.09344 2.85012	
6.48	6.02294 8.26281 2.79214	
6.49	6.20774 8.41573 2.75153	
6.5	6.33882 8.52561 2.73273	
6.51	6.39019 8.57963 2.72442	
6.52	6.48225 8.62765 2.71687	
6.53	6.5863 8.68465 2.70417	
6.54	6.58979 8.74173 2.69459	
6.55	6.63366 8.79992 2.68487	
6.56	6.74813 8.89038 2.66884	
6.57	6.78003 8.96064 2.66495	
6.58	6.82131 9.02813 2.65972	
6.59	6.92456 9.11775 2.65101	
6.6	6.98426 9.22808 2.62586	
6.61	6.98519 9.27015 2.60295	
6.62	6.99767 9.2967 2.60267	
6.63	7.02165 9.3364 2.58477	
6.64	7.01771 9.36644 2.56087	
6.65	6.93335 9.33303 2.56027	
6.66	6.78558 9.12499 2.57263	
6.67	6.77291 8.99653 2.61173	
6.68	6.76826 8.89295 2.62401	
6.69	6.64904 8.79731 2.61224	
6.7	6.63697 8.81153 2.6037	
6.71	6.64167 8.81781 2.59559	
6.72	6.63633 8.67792 2.51684	
6.73	6.63574 7.94414 2.50231	
6.74	7.0722 7.10571 2.41472	
6.75	7.73101 7.0644 2.37411	
6.76	8.25258 7.09642 2.34491	
6.77	8.8486 7.13032 2.33685	
6.78	9.90343 7.15133 2.29414	
6.79	10.1218 6.93334 2.29724	
6.8	11.5045 6.9273 2.33774	
6.81	11.528 6.72362 2.26637	
6.82	12.2291 6.1502 2.62112	
6.83	13.2819 5.94305 2.98777	
6.84	13.7689 5.99834 2.65963	
6.85	14.7004 5.7971 2.76787	
6.86	15.1663 5.28616 2.91413	
6.87	14.9254 4.49593 2.86875	
6.88	14.6928 3.8375 3.01846	
6.89	14.8036 3.36347 3.06094	
6.9	14.8072 3.3475 3.03468	
6.91	14.9733 3.61596 2.89981	
6.92	15.0869 4.18928 2.69299	
6.93	15.0678 4.83352 2.41271	
6.94	14.5683 5.22378 2.30281	
6.95	14.1234 4.86397 2.32336	
6.96	14.2745 4.06744 2.28727	
6.97	14.2376 3.37755 2.70943	
6.98	14.5079 3.15334 2.80506	
6.99	14.4365 3.69402 2.53085	
7	14.4543 3.81573 2.441	
7.01	14.4794 3.77531 2.34461	
7.02	14.0679 3.60009 2.42827	
7.03	14.0564 3.14798 2.72424	
7.04	13.5958 3.06637 2.65324	
7.05	13.2106 3.4847 2.52791	
7.06	13.0654 4.21197 2.76627	
7.07	11.8341 5.63048 2.37217	
7.08	11.7693 5.87826 2.76439	
7.09	9.39268 5.18774 2.69392	
7.1	9.21496 4.48505 2.64143	
7.11	8.28147 3.88763 2.83178	
7.12	7.85178 4.31936 2.98914	
7.13	6.80106 3.96451 2.68189	
7.14	6.98899 3.56734 2.53368	
7.15	6.93932 2.70475 2.14764	
7.16	7.5885 2.48368 2.29718	
7.17	7.87447 2.36956 2.27842	
7.18	8.01076 2.32024 2.16654	
7.19	7.96831 2.44928 2.16915	
7.2	7.78157 2.58502 2.05167	
7.21	7.83524 2.64073 2.11503	
7.22	8.07354 2.75971 1.98892	
7.23	8.66726 3.29696 1.69475	
7.24	8.67699 4.43063 1.68174	
7.25	9.54999 5.85735 1.36991	
7.26	9.852 5.69906 1.36941	
7.27	9.28372 7.91635 0.887534	
7.28	8.84652 10.456 0.696953	
7.29	8.22101 12.6324 1.01301	
7.3	7.69566 14.3868 1.3807	
7.31	7.68364 14.0542 1.80083	
7.32	7.7599 14.0382 1.74388	
7.33	7.80353 14.0875 1.69506	
7.34	7.86367 14.0645 1.63346	
7.35	7.8892 14.0926 1.60226	
7.36	8.50205 13.9105 1.14469	
7.37	8.61977 13.8945 1.07771	
7.38	8.67543 13.8885 1.0429	
7.39	8.66632 13.875 1.05074	
7.4	8.67001 13.8761 1.04677	
7.41	8.66265 13.8757 1.04956	
7.42	8.66423 13.8785 1.04623	
