# Gnuplot File : positions of 1 particle(s) Monitored
# 1st Column : time, others : particle(s) number 0 
0.01	8.33147 13.9228 1.21129	
0.02	8.3582 13.915 1.19769	
0.03	8.35925 13.9134 1.19726	
0.04	8.35515 13.9146 1.1995	
0.05	8.35418 13.9149 1.19981	
0.06	8.35324 13.9152 1.20011	
0.07	8.35234 13.9155 1.2004	
0.08	8.35146 13.9187 1.19955	
0.09	8.35063 13.9161 1.20094	
0.1	8.3529 13.9155 1.19928	
0.11	8.35114 13.9147 1.20069	
0.12	8.34927 13.918 1.20053	
0.13	9.08289 13.7682 0.868841	
0.14	10.8455 13.7745 0.841381	
0.15	11.736 13.9434 1.26234	
0.16	11.9811 14.0257 1.44739	
0.17	12.0459 14.044 1.51862	
0.18	12.0533 14.0471 1.52432	
0.19	12.0474 14.0451 1.51804	
0.2	12.0032 13.7547 1.18064	
0.21	11.8628 13.7751 0.471837	
0.22	11.7465 14.17 0.543242	
0.23	11.7981 14.2209 0.564349	
0.24	11.8101 14.2311 0.578086	
0.25	11.8122 14.2385 0.580529	
0.26	12.0844 14.3257 0.693043	
0.27	12.6456 14.2322 1.58132	
0.28	12.7691 13.2122 1.37072	
0.29	11.7658 13.7912 0.705783	
0.3	10.3809 14.0787 0.586106	
0.31	9.25457 14.3759 0.591643	
0.32	8.95568 13.7712 0.9565	
0.33	8.72171 13.8666 1.07364	
0.34	8.25412 13.9969 1.37106	
0.35	8.10568 14.0329 1.48972	
0.36	8.07432 14.0211 1.5048	
0.37	8.10694 13.9764 1.48155	
0.38	8.15723 13.972 1.42931	
0.39	8.15486 14.0375 1.42307	
0.4	8.15105 14.0409 1.42088	
0.41	8.10371 14.053 1.45742	
0.42	7.99953 14.0942 1.54438	
0.43	7.91152 14.1155 1.62987	
0.44	7.72701 14.1401 1.85514	
0.45	7.60416 14.2095 2.01385	
0.46	7.47369 14.2826 2.32437	
0.47	7.47345 14.2725 2.31928	
0.48	7.68042 13.6786 2.42835	
0.49	7.89842 13.2526 2.67533	
0.5	8.46049 12.8942 2.58229	
0.51	8.62246 12.7609 2.61409	
0.52	8.87019 12.4588 2.56229	
0.53	9.3444 12.2399 2.7998	
0.54	9.97365 12.0026 3.05295	
0.55	10.5048 11.8758 3.05121	
0.56	11.047 11.7338 2.99224	
0.57	11.5707 11.6097 2.95581	
0.58	11.9962 11.5707 2.92125	
0.59	12.4264 11.626 2.89779	
0.6	12.7125 11.7503 2.88135	
0.61	13.0132 11.8763 2.87106	
0.62	13.3171 11.9883 2.85723	
0.63	13.4826 12.0768 2.83651	
0.64	13.569 12.1324 2.8272	
0.65	13.5919 12.1774 2.81734	
0.66	13.6222 12.1781 2.7685	
0.67	13.6838 12.1131 2.72927	
0.68	13.731 12.067 2.70838	
0.69	13.874 12.0492 2.70423	
0.7	14.044 12.0506 2.68914	
0.71	14.134 11.9639 2.66528	
0.72	14.2192 11.8404 2.65062	
0.73	14.2688 11.7708 2.64125	
0.74	14.3893 11.6935 2.6293	
0.75	14.5377 11.6115 2.6189	
0.76	14.6271 11.5749 2.60937	
0.77	14.6875 11.5122 2.60219	
0.78	14.7493 11.4205 2.59917	
0.79	14.8103 11.3327 2.59462	
0.8	14.8647 11.2645 2.58654	
0.81	14.9147 11.2039 2.58221	
0.82	14.9528 11.1607 2.56794	
0.83	14.9895 11.1162 2.56512	
0.84	15.0158 11.0875 2.55594	
0.85	15.0372 11.0362 2.53874	
0.86	15.0628 10.9968 2.54058	
0.87	15.0699 10.9412 2.50608	
0.88	15.1069 10.8762 2.47881	
0.89	15.1175 10.8454 2.4525	
0.9	15.1182 10.8409 2.423	
0.91	15.1193 10.8371 2.42169	
0.92	15.1294 10.8271 2.39004	
0.93	15.165 10.7632 2.31312	
0.94	15.2422 10.6365 2.29937	
0.95	15.3001 10.5555 2.2463	
0.96	15.3341 10.4929 2.22197	
0.97	15.3383 10.4988 2.20668	
0.98	15.328 10.5138 2.19556	
0.99	15.3035 10.5566 2.18647	
1	15.2938 10.5879 2.15754	
1.01	15.2954 10.5923 2.13603	
1.02	15.3008 10.5917 2.12287	
1.03	15.3112 10.5934 2.11013	
1.04	15.3266 10.5946 2.09809	
1.05	15.3283 10.604 2.09057	
1.06	15.3288 10.6191 2.07829	
1.07	15.331 10.6222 2.06914	
1.08	15.333 10.6201 2.0614	
1.09	15.3655 10.6314 2.05348	
1.1	15.3669 10.6745 2.04178	
1.11	15.3622 10.7293 2.03149	
1.12	15.3782 10.7362 2.02032	
1.13	15.3839 10.7278 2.01152	
1.14	15.3746 10.7369 2.00647	
1.15	15.391 10.7299 1.99804	
1.16	15.4033 10.7609 1.99177	
1.17	15.3983 10.7946 1.97708	
1.18	15.3986 10.8017 1.94893	
1.19	15.3937 10.823 1.92893	
1.2	15.4024 10.8358 1.91066	
1.21	15.3836 10.8565 1.94556	
1.22	15.356 10.8871 2.00028	
1.23	15.3167 10.9522 2.1289	
1.24	15.1891 11.0187 2.21145	
1.25	14.9937 11.1 2.26899	
1.26	14.945 11.1679 2.48189	
1.27	14.9031 11.188 2.48237	
1.28	14.886 11.2209 2.4784	
1.29	14.8088 11.272 2.46132	
1.3	14.5896 11.2895 2.44813	
1.31	14.3186 11.2971 2.43802	
1.32	14.1134 11.3476 2.45609	
1.33	14.0619 11.357 2.47129	
1.34	14.0385 11.3853 2.55191	
1.35	13.9864 11.3667 2.56417	
1.36	14.0301 11.3814 2.55195	
1.37	14.0649 11.3997 2.54289	
1.38	14.0573 11.403 2.53421	
1.39	14.0785 11.3607 2.52556	
1.4	14.1672 11.2275 2.51671	
1.41	14.1936 11.1852 2.51087	
1.42	14.1989 11.1788 2.50339	
1.43	14.2044 11.1735 2.51303	
1.44	14.1781 11.1618 2.52857	
1.45	14.0697 11.0791 2.54984	
1.46	13.9357 10.9805 2.61388	
1.47	13.6814 10.8942 2.68146	
1.48	13.2707 10.737 2.66542	
1.49	13.0368 10.6315 2.77539	
1.5	12.9562 10.5903 2.7539	
1.51	12.9633 10.5691 2.7194	
1.52	12.7027 10.5031 2.62637	
1.53	12.3195 10.4083 2.55503	
1.54	11.9096 10.3915 2.74288	
1.55	11.7152 10.4559 2.70757	
1.56	11.2193 10.4485 2.70153	
1.57	10.9977 10.4654 2.7344	
1.58	10.981 10.6214 2.735	
1.59	10.9286 10.6978 2.71167	
1.6	10.8737 10.6638 2.69712	
1.61	10.6907 10.5634 2.67348	
1.62	10.5989 10.4617 2.639	
1.63	10.5698 10.4289 2.6189	
1.64	10.5821 10.4228 2.60473	
1.65	10.5919 10.4153 2.59331	
1.66	10.5968 10.4055 2.58334	
1.67	10.6016 10.3576 2.55806	
1.68	10.535 10.273 2.52991	
1.69	10.4212 10.1372 2.51871	
1.7	10.382 10.0553 2.50467	
1.71	10.3865 10.0439 2.48925	
1.72	10.3952 10.0298 2.46054	
1.73	10.406 10.0005 2.41378	
1.74	10.4202 9.95298 2.33831	
1.75	10.4359 9.88876 2.32398	
1.76	10.4443 9.81301 2.32745	
1.77	10.3642 9.70744 2.3276	
1.78	10.2774 9.56382 2.32507	
1.79	10.1568 9.40717 2.3227	
1.8	10.0402 9.24605 2.31737	
1.81	9.98865 9.15094 2.31065	
1.82	9.9191 9.09916 2.29004	
1.83	9.83766 9.07988 2.28068	
1.84	9.70171 9.07333 2.26641	
1.85	9.53032 9.0538 2.2591	
1.86	9.34728 9.04182 2.24987	
1.87	9.23176 9.04403 2.24239	
1.88	9.18936 9.06782 2.23569	
1.89	9.1391 9.09673 2.23164	
1.9	9.09721 9.10051 2.23227	
1.91	9.06344 9.13162 2.23346	
1.92	9.05744 9.15604 2.23252	
1.93	9.03368 9.16555 2.23245	
1.94	8.99243 9.1836 2.23094	
1.95	8.9746 9.22274 2.22723	
1.96	8.97065 9.30613 2.22176	
1.97	8.9603 9.35292 2.2172	
1.98	8.96232 9.3805 2.22103	
1.99	8.96078 9.40285 2.22522	
2	8.94296 9.41613 2.23127	
2.01	8.87268 9.44231 2.2269	
2.02	8.79679 9.47038 2.22113	
2.03	8.67097 9.47344 2.21507	
2.04	8.52523 9.46353 2.19959	
2.05	8.48566 9.49566 2.18272	
2.06	8.48846 9.54533 2.17461	
2.07	8.50481 9.55751 2.16471	
2.08	8.5064 9.54294 2.1523	
2.09	8.4811 9.51938 2.18868	
2.1	8.44884 9.52762 2.20909	
2.11	8.41562 9.51992 2.22774	
2.12	8.35174 9.52548 2.24931	
2.13	8.28844 9.5648 2.26653	
2.14	8.21316 9.60529 2.2733	
2.15	8.13611 9.63866 2.28035	
2.16	8.06931 9.63147 2.34879	
2.17	7.99501 9.62099 2.45658	
2.18	7.94149 9.41367 2.41539	
2.19	7.94163 8.99509 2.28001	
2.2	7.9691 8.74332 2.26725	
2.21	7.96826 8.54855 2.27121	
2.22	7.96685 8.42398 2.27428	
2.23	7.96506 8.40025 2.27047	
2.24	7.91785 8.42979 2.25699	
2.25	7.9114 8.50202 2.24276	
2.26	7.85511 8.60092 2.22634	
2.27	7.80097 8.68675 2.21654	
2.28	7.7015 8.76876 2.22036	
2.29	7.60147 8.84731 2.21678	
2.3	7.50866 8.86413 2.21609	
2.31	7.40431 8.84566 2.14888	
2.32	7.35643 8.82184 2.08354	
2.33	7.32297 8.79543 2.10676	
2.34	7.32016 8.80031 2.07057	
2.35	7.29272 8.82246 2.0582	
2.36	7.2977 8.82191 2.06043	
2.37	7.29158 8.85904 2.05377	
2.38	7.25007 8.96449 2.04756	
2.39	7.21033 9.05016 2.04863	
2.4	7.16471 9.12173 2.04958	
2.41	7.14743 9.20397 2.07078	
2.42	7.12931 9.2812 2.0841	
2.43	7.12356 9.28696 2.08552	
2.44	7.11647 9.28829 2.07508	
2.45	7.0893 9.23608 2.06716	
2.46	6.96465 9.03121 2.0645	
2.47	6.94113 8.78496 2.09679	
2.48	6.98663 8.61909 2.17181	
2.49	6.98981 8.43407 2.21415	
2.5	6.97044 8.27937 2.23146	
2.51	6.96093 8.2037 2.30532	
2.52	6.95044 8.13869 2.40755	
2.53	6.9416 8.0968 2.50367	
2.54	6.95775 8.07662 2.56493	
2.55	6.96644 8.08661 2.57533	
2.56	6.96281 8.10758 2.59068	
2.57	6.96464 8.12995 2.62812	
2.58	6.98609 8.16106 2.69519	
2.59	7.00012 8.17461 2.71733	
2.6	6.99887 8.18725 2.71924	
2.61	7.00665 8.18917 2.71775	
2.62	7.00837 8.19226 2.7165	
2.63	7.01603 8.2049 2.7346	
2.64	7.01862 8.22264 2.75273	
2.65	7.02628 8.23709 2.76021	
2.66	7.03525 8.23848 2.76505	
2.67	7.03711 8.24756 2.76384	
2.68	7.03821 8.25667 2.75695	
2.69	7.04453 8.26491 2.7509	
2.7	7.05394 8.27624 2.74946	
2.71	7.0682 8.29287 2.74196	
2.72	7.0786 8.31264 2.73715	
2.73	7.09047 8.32403 2.73555	
2.74	7.11636 8.33895 2.73103	
2.75	7.14594 8.36335 2.72284	
2.76	7.1453 8.36913 2.72418	
2.77	7.18809 8.36202 2.7267	
2.78	7.25623 8.35481 2.73105	
2.79	7.3266 8.35027 2.73106	
2.8	7.39983 8.34783 2.73308	
2.81	7.48961 8.3454 2.735	
2.82	7.55719 8.35202 2.73871	
2.83	7.61546 8.35577 2.74296	
2.84	7.63238 8.36359 2.74206	
2.85	7.63637 8.36228 2.73989	
2.86	7.63109 8.36365 2.73733	
2.87	7.62994 8.36888 2.73383	
2.88	7.63052 8.36708 2.72647	
2.89	7.63035 8.32435 2.71486	
2.9	7.62945 8.27376 2.7095	
2.91	7.6311 8.22827 2.68469	
2.92	7.62609 8.1845 2.664	
2.93	7.62395 8.13189 2.64257	
2.94	7.62206 8.10232 2.63466	
2.95	7.62211 8.07116 2.59946	
2.96	7.62189 8.06517 2.57683	
2.97	7.62225 8.06124 2.5651	
2.98	7.62258 8.05542 2.56449	
2.99	7.62299 8.05567 2.56291	
3	7.62092 8.05654 2.56412	
3.01	7.624 8.06833 2.55787	
3.02	7.62421 8.09479 2.55518	
3.03	7.61617 8.11605 2.56725	
3.04	7.58394 8.13465 2.60295	
3.05	7.53217 8.14964 2.66358	
3.06	7.4867 8.17011 2.71864	
3.07	7.45854 8.18363 2.77272	
3.08	7.44405 8.19146 2.8132	
3.09	7.42818 8.21082 2.84056	
3.1	7.44177 8.23535 2.857	
3.11	7.49515 8.26861 2.86617	
3.12	7.5303 8.30303 2.86382	
3.13	7.54215 8.29709 2.84617	
3.14	7.59139 8.28649 2.82196	
3.15	7.6881 8.25888 2.75986	
3.16	7.76469 8.23959 2.70513	
3.17	7.8013 8.2163 2.66455	
3.18	7.82399 8.17517 2.64833	
3.19	7.84738 8.14073 2.63603	
3.2	7.872 8.12141 2.62699	
3.21	7.87626 8.12712 2.62475	
3.22	7.85864 8.12809 2.62464	
3.23	7.84062 8.13081 2.62395	
3.24	7.84063 8.13683 2.62238	
3.25	7.84059 8.14482 2.60979	
3.26	7.82837 8.16054 2.59633	
3.27	7.79255 8.1722 2.5844	
3.28	7.72635 8.195 2.56863	
3.29	7.63203 8.18549 2.53069	
3.3	7.51493 8.15768 2.4586	
3.31	7.40742 8.08699 2.32739	
3.32	7.31223 8.04083 2.22366	
3.33	7.31654 8.05705 2.24583	
3.34	7.44391 8.0941 2.24356	
3.35	7.45322 8.1133 2.23658	
3.36	7.45788 8.12674 2.23439	
3.37	7.50187 8.18637 2.22761	
3.38	7.49104 8.27352 2.22517	
3.39	7.49143 8.34425 2.22332	
3.4	7.4875 8.37756 2.22427	
3.41	7.50526 8.37779 2.24046	
3.42	7.59816 8.36956 2.25562	
3.43	7.60101 8.40009 2.28095	
3.44	7.56274 8.44716 2.27719	
3.45	7.52043 8.55858 2.2687	
3.46	7.52222 8.66979 2.2899	
3.47	7.52267 8.70467 2.31246	
3.48	7.5278 8.76575 2.42917	
3.49	7.51778 8.75646 2.51959	
3.5	7.51643 8.61968 2.61121	
3.51	7.51542 8.51753 2.63001	
3.52	7.5751 8.51068 2.63375	
3.53	7.6863 8.51581 2.63887	
3.54	7.71146 8.52742 2.63943	
3.55	7.72417 8.53567 2.63189	
3.56	7.72436 8.5376 2.62852	
3.57	7.73665 8.53598 2.62581	
3.58	7.7537 8.53654 2.62298	
3.59	7.77772 8.53311 2.62048	
3.6	7.81747 8.5335 2.61675	
3.61	7.90755 8.53211 2.61356	
3.62	7.96912 8.55462 2.60824	
3.63	7.97535 8.5667 2.60739	
3.64	7.97042 8.57168 2.60146	
3.65	7.92373 8.58653 2.58785	
3.66	7.79421 8.55328 2.52524	
3.67	7.78052 8.53251 2.51679	
3.68	7.78867 8.51443 2.51931	
3.69	7.8207 8.4959 2.47283	
3.7	7.88991 8.45982 2.39282	
3.71	7.90216 8.44726 2.36464	
3.72	7.85507 8.42024 2.3575	
3.73	7.84712 8.35367 2.35931	
3.74	7.84815 8.27655 2.36318	
3.75	7.83624 8.11358 2.35353	
3.76	7.79373 7.9157 2.34471	
3.77	7.79693 7.83037 2.30997	
3.78	7.79264 7.72019 2.25334	
3.79	7.68856 7.67111 2.22067	
3.8	7.50979 7.5936 2.13252	
3.81	7.24988 7.5385 2.14155	
3.82	7.02306 7.49777 2.07533	
3.83	6.80241 7.48584 2.10515	
3.84	6.57563 7.4891 2.09834	
3.85	6.53784 7.49929 2.10339	
3.86	6.51157 7.53716 2.07032	
3.87	6.54085 7.72917 2.08632	
3.88	6.5426 7.70783 2.08072	
3.89	6.64057 8.04113 2.08449	
3.9	6.63764 8.19994 2.04237	
3.91	6.66449 8.20064 2.07826	
3.92	6.67361 8.34224 2.09793	
3.93	6.67843 8.44329 2.09219	
3.94	6.68569 8.55782 2.07732	
3.95	6.68189 8.61315 2.08058	
3.96	6.68235 8.68671 2.09482	
3.97	6.69451 8.78356 2.11641	
3.98	6.69066 8.85462 2.11315	
3.99	6.69344 8.91722 2.11591	
4	6.67672 8.96728 2.10717	
4.01	6.64661 8.93558 2.12971	
4.02	6.69581 8.93582 2.19274	
4.03	6.80166 8.98372 2.34407	
4.04	6.85543 9.0253 2.4313	
4.05	6.89137 9.03059 2.49508	
4.06	6.97737 9.06811 2.57249	
4.07	6.96461 9.10048 2.57865	
4.08	6.94548 9.1101 2.60877	
4.09	7.01731 9.08761 2.60733	
4.1	7.16126 9.07247 2.60307	
4.11	7.31587 9.07596 2.59096	
4.12	7.41207 9.0532 2.57134	
4.13	7.40755 9.03292 2.53456	
4.14	7.40132 9.01354 2.52288	
4.15	7.39902 8.94696 2.52606	
4.16	7.39745 8.87324 2.5264	
4.17	7.38265 8.83202 2.50903	
4.18	7.3818 8.75285 2.48699	
4.19	7.37796 8.64444 2.454	
4.2	7.37704 8.57509 2.45288	
4.21	7.37796 8.513 2.45126	
4.22	7.38349 8.49456 2.43937	
4.23	7.37958 8.50344 2.43086	
4.24	7.37488 8.54906 2.41716	
4.25	7.36648 8.59765 2.40858	
4.26	7.32105 8.6729 2.39858	
4.27	7.19678 8.70139 2.38427	
4.28	7.11896 8.69837 2.37973	
4.29	7.11849 8.69907 2.38264	
4.3	7.11349 8.69765 2.37935	
4.31	7.11358 8.68493 2.37761	
4.32	7.11334 8.67988 2.36097	
4.33	7.07255 8.68905 2.36067	
4.34	7.02456 8.69463 2.36068	
4.35	6.99907 8.70421 2.35841	
4.36	6.91643 8.70954 2.35863	
4.37	6.84498 8.7144 2.35685	
4.38	6.77253 8.7228 2.35563	
4.39	6.75992 8.71928 2.35483	
4.4	6.76522 8.71235 2.35393	
4.41	6.77207 8.64402 2.35465	
4.42	6.78017 8.57324 2.324	
4.43	6.81821 8.52841 2.32072	
4.44	6.82667 8.49624 2.29938	
4.45	6.8601 8.45703 2.27895	
4.46	6.8693 8.4341 2.26317	
4.47	6.86668 8.42348 2.25172	
4.48	6.8621 8.43174 2.25911	
4.49	6.86187 8.43715 2.25756	
4.5	6.85923 8.47131 2.25223	
4.51	6.84972 8.56515 2.24331	
4.52	6.88091 8.7392 2.23032	
4.53	6.96975 8.85807 2.23033	
4.54	7.20806 9.03202 2.21856	
4.55	7.54192 9.23221 2.21275	
4.56	7.5694 9.27824 2.21979	
4.57	7.56616 9.25128 2.21309	
4.58	7.56398 9.16667 2.20334	
4.59	7.56686 9.06468 2.20988	
4.6	7.51822 8.92559 2.28692	
4.61	7.4598 8.8159 2.27743	
4.62	7.43172 8.79297 2.2997	
4.63	7.32269 8.78484 2.2859	
4.64	7.28607 8.74935 2.24627	
4.65	7.28249 8.73762 2.28009	
4.66	7.2843 8.73924 2.26806	
4.67	7.29169 8.65264 2.2658	
4.68	7.2838 8.12619 2.303	
4.69	7.52208 7.5904 2.32701	
4.7	8.54292 7.50145 2.27251	
4.71	9.5954 7.74466 2.2126	
4.72	10.3211 7.89453 1.99717	
4.73	12.3267 8.35566 1.72267	
4.74	14.0517 8.64942 1.67778	
4.75	14.8804 8.64176 1.70352	
4.76	14.8672 8.51409 1.76822	
4.77	15.4995 8.3644 1.78812	
4.78	15.7802 7.93189 1.55232	
4.79	16.172 7.63033 1.39217	
4.8	16.2867 7.08673 1.4204	
4.81	16.2986 6.62075 1.49979	
4.82	16.0599 6.3632 1.58128	
4.83	15.7145 6.08535 1.55363	
4.84	15.6153 6.10108 1.59843	
4.85	15.0523 5.72489 1.68426	
4.86	15.2116 5.15046 1.84938	
4.87	14.8908 4.66361 2.01834	
4.88	14.7783 4.45544 2.41014	
4.89	14.5185 4.35047 2.41825	
4.9	14.3052 4.26117 2.43053	
4.91	13.6017 4.06932 2.4425	
4.92	13.4818 3.91758 2.47163	
4.93	13.6057 3.82594 2.49717	
4.94	13.6635 3.69095 2.543	
4.95	13.6676 3.69224 2.50116	
4.96	13.7002 3.61249 2.53444	
4.97	13.7311 3.66424 2.51216	
4.98	14.771 4.45376 2.26056	
4.99	15.1331 4.9237 2.09983	
5	15.0549 4.92789 2.11433	
5.01	14.3481 4.62231 2.1537	
5.02	14.1961 4.31038 2.26228	
5.03	13.5347 4.07512 2.27659	
5.04	13.3362 4.17428 2.15157	
5.05	12.4342 3.93839 2.08828	
5.06	12.4653 4.14792 2.36834	
5.07	10.8682 4.2707 2.24882	
5.08	11.4398 4.7459 1.93446	
5.09	9.93863 4.6169 1.86196	
5.1	9.73221 4.48211 1.95227	
5.11	9.45674 4.39411 1.77926	
5.12	9.23678 6.19195 1.3284	
5.13	8.83465 5.62172 1.91268	
5.14	8.30531 10.1588 1.3188	
5.15	8.09998 13.8546 1.40909	
5.16	8.30689 13.8652 1.22337	
5.17	8.30969 13.852 1.22874	
