# Gnuplot File : velocities of 1 particle(s) Monitored
# 1st Column : time, others : particle(s) number 0 
0.01	1.14709e-16 0 -0.0365586	
0.02	8.39501e-17 0 -0.0632893	
0.03	6.13657e-17 0 -0.082834	
0.04	4.48689e-17 0 -0.0971245	
0.05	3.27983e-17 0 -0.107573	
0.06	2.39875e-17 0 -0.115213	
0.07	1.7539e-17 0 -0.120799	
0.08	1.2824e-17 0 -0.124884	
0.09	9.38285e-18 0 -0.12787	
0.1	6.8559e-18 0 -0.130054	
0.11	5.01284e-18 0 -0.13165	
0.12	1.32069e-16 0 -0.132818	
0.13	9.6526e-17 0 -0.133671	
0.14	7.03227e-17 0 -0.134295	
0.15	7.94784e-17 0 -0.134752	
0.16	7.40063e-17 0 -0.134752	
0.17	5.5642e-17 0 -0.134752	
0.18	5.05521e-17 0 -0.134752	
0.19	5.08656e-17 0 -0.134752	
0.2	5.38467e-17 0 -0.134752	
0.21	5.20766e-17 0 -0.134752	
0.22	5.28462e-17 0 -0.134752	
0.23	5.37171e-17 0 -0.134752	
0.24	5.56792e-17 0 -0.134752	
0.25	5.69496e-17 0 -0.134752	
0.26	5.75442e-17 0 -0.134752	
0.27	5.97838e-17 0 -0.134752	
0.28	0.798061 0.901001 -1.15794	
0.29	-0.00697016 0.948671 -3.6402	
0.3	0.528983 0.171615 -5.40382	
0.31	0.536886 0.0524069 -4.77123	
0.32	0.0489094 -1.70646 -3.93453	
0.33	0.0359373 -1.27283 -2.89928	
0.34	0.0263604 -0.936669 -2.15364	
0.35	0.0194073 -0.689908 -1.60977	
0.36	0.0142931 -0.506127 -1.2139	
0.37	0.0105014 -0.371857 -0.923649	
0.38	0.00769982 -0.271636 -0.712371	
0.39	0.00565317 -0.198248 -0.557988	
0.4	0.00415434 -0.144284 -0.445275	
0.41	0.00304035 -0.104672 -0.362713	
0.42	0.00222293 -0.075306 -0.302572	
0.43	0.00162112 -0.054035 -0.258408	
0.44	0.00118442 -0.0391342 -0.225734	
0.45	0.000864393 -0.0284411 -0.2017	
0.46	0.000630406 -0.0206388 -0.184117	
0.47	0.000460133 -0.0150186 -0.171216	
0.48	0.000335964 -0.0109524 -0.161759	
0.49	0.000244803 -0.00800056 -0.154826	
0.5	0.000178136 -0.0058495 -0.149751	
0.51	0.000129825 -0.00427767 -0.146046	
0.52	9.4494e-05 -0.00313001 -0.143336	
0.53	6.85593e-05 -0.00229493 -0.14135	
0.54	4.95841e-05 -0.00167654 -0.139904	
0.55	3.59882e-05 -0.00122839 -0.138847	
0.56	2.61771e-05 -0.000903083 -0.138074	
0.57	1.90531e-05 -0.000666284 -0.13751	
0.58	1.89603e-05 -0.000671244 -0.137505	
0.59	1.90642e-05 -0.000680113 -0.137501	
0.6	1.91048e-05 -0.000686519 -0.137497	
0.61	1.91514e-05 -0.000691249 -0.137495	
0.62	1.92757e-05 -0.000693848 -0.137495	
0.63	1.94612e-05 -0.000693457 -0.137497	
0.64	1.96702e-05 -0.000695548 -0.137499	
0.65	1.9803e-05 -0.000697183 -0.1375	
0.66	1.98916e-05 -0.000700279 -0.137499	
0.67	1.99505e-05 -0.000706969 -0.137495	
0.68	2.00887e-05 -0.000709812 -0.137495	
0.69	2.01136e-05 -0.000710269 -0.137495	
0.7	2.01911e-05 -0.000708774 -0.137498	
0.71	2.02534e-05 -0.000704945 -0.137501	
0.72	2.0339e-05 -0.000700306 -0.137505	
0.73	2.03906e-05 -0.000696928 -0.137508	
0.74	2.0409e-05 -0.000691405 -0.137512	
0.75	2.03875e-05 -0.000683066 -0.137517	
0.76	2.03638e-05 -0.00067426 -0.137523	
0.77	2.03309e-05 -0.000665654 -0.137528	
0.78	2.03176e-05 -0.00066221 -0.13753	
0.79	2.02782e-05 -0.000656135 -0.137533	
0.8	2.02326e-05 -0.000649345 -0.137537	
0.81	2.02214e-05 -0.000646557 -0.137539	
0.82	2.0228e-05 -0.000644985 -0.13754	
0.83	2.02156e-05 -0.000643214 -0.137541	
0.84	2.01874e-05 -0.000640036 -0.137543	
0.85	2.0182e-05 -0.000639446 -0.137543	
0.86	2.02071e-05 -0.00064164 -0.137542	
0.87	2.02306e-05 -0.000643794 -0.137541	
0.88	2.02564e-05 -0.000646286 -0.13754	
0.89	2.02906e-05 -0.000650032 -0.137538	
0.9	2.03194e-05 -0.00065359 -0.137536	
0.91	2.03735e-05 -0.000660474 -0.137532	
0.92	2.04155e-05 -0.000666398 -0.137529	
0.93	2.04445e-05 -0.000671382 -0.137526	
0.94	2.0463e-05 -0.000674869 -0.137524	
0.95	2.04823e-05 -0.000678289 -0.137522	
0.96	2.04983e-05 -0.000681272 -0.13752	
0.97	2.05006e-05 -0.000682053 -0.137519	
0.98	2.05074e-05 -0.000684916 -0.137518	
0.99	2.05097e-05 -0.000685488 -0.137517	
1	2.05167e-05 -0.000686513 -0.137517	
1.01	2.05187e-05 -0.000687381 -0.137516	
1.02	2.05257e-05 -0.000688917 -0.137515	
1.03	2.05335e-05 -0.000690945 -0.137514	
1.04	2.05361e-05 -0.00069191 -0.137513	
1.05	2.05478e-05 -0.000693957 -0.137512	
1.06	2.055e-05 -0.00069568 -0.137511	
1.07	2.05556e-05 -0.000697416 -0.13751	
1.08	2.05646e-05 -0.000701381 -0.137508	
1.09	2.05681e-05 -0.000704552 -0.137506	
1.1	2.05654e-05 -0.000706688 -0.137504	
1.11	2.05588e-05 -0.000706251 -0.137504	
1.12	2.05563e-05 -0.000706672 -0.137504	
1.13	2.05529e-05 -0.000707549 -0.137503	
1.14	2.05412e-05 -0.000708845 -0.137502	
1.15	2.05366e-05 -0.000708674 -0.137502	
1.16	2.05303e-05 -0.000708598 -0.137502	
1.17	2.05232e-05 -0.000708438 -0.137502	
1.18	2.05174e-05 -0.000707193 -0.137503	
1.19	2.05115e-05 -0.000704824 -0.137505	
1.2	2.04989e-05 -0.000701589 -0.137507	
1.21	2.04892e-05 -0.000698554 -0.137508	
1.22	2.04659e-05 -0.000694683 -0.137511	
1.23	2.04439e-05 -0.000691305 -0.137513	
1.24	2.04258e-05 -0.000688203 -0.137514	
1.25	2.04015e-05 -0.000685167 -0.137516	
1.26	2.03815e-05 -0.000683536 -0.137517	
1.27	2.036e-05 -0.000681201 -0.137518	
1.28	2.03349e-05 -0.000678737 -0.137519	
1.29	2.03026e-05 -0.000676493 -0.13752	
1.3	2.02799e-05 -0.000673523 -0.137522	
1.31	2.02354e-05 -0.000669405 -0.137524	
1.32	2.02133e-05 -0.000666386 -0.137526	
1.33	2.01949e-05 -0.000665067 -0.137526	
1.34	2.01697e-05 -0.000661375 -0.137528	
1.35	2.01463e-05 -0.000657476 -0.137531	
1.36	2.01148e-05 -0.000652667 -0.137533	
1.37	2.01014e-05 -0.00065062 -0.137535	
1.38	2.01124e-05 -0.000650384 -0.137535	
1.39	2.01268e-05 -0.000650195 -0.137535	
1.4	2.01391e-05 -0.000649897 -0.137536	
1.41	2.01496e-05 -0.000649954 -0.137536	
1.42	2.0161e-05 -0.00064977 -0.137536	
1.43	2.01611e-05 -0.000649113 -0.137536	
1.44	2.01782e-05 -0.00065025 -0.137536	
1.45	2.02023e-05 -0.000651053 -0.137536	
1.46	2.01997e-05 -0.000649831 -0.137536	
1.47	2.02301e-05 -0.000651365 -0.137536	
1.48	2.02437e-05 -0.000651462 -0.137536	
1.49	2.02644e-05 -0.00065276 -0.137535	
1.5	2.02844e-05 -0.000653804 -0.137535	
1.51	2.02934e-05 -0.000654139 -0.137535	
1.52	2.029e-05 -0.000653472 -0.137535	
1.53	2.0297e-05 -0.000653669 -0.137535	
1.54	2.02862e-05 -0.000652268 -0.137536	
1.55	2.02755e-05 -0.000650832 -0.137537	
1.56	2.02636e-05 -0.000649117 -0.137538	
1.57	2.02429e-05 -0.000646736 -0.137539	
1.58	2.02315e-05 -0.000645279 -0.13754	
1.59	2.02242e-05 -0.000644189 -0.13754	
1.6	-0.842873 0.0196514 -2.22786	
1.61	-2.78754 -0.608836 -4.02402	
1.62	-2.85068 -0.234411 -4.35947	
1.63	-3.19425 0.440862 -3.118	
1.64	-3.68126 0.914216 -3.14738	
1.65	-3.95447 1.29314 -2.96382	
1.66	-2.16136 2.28896 -1.6539	
1.67	-1.4034 2.37009 -0.906744	
1.68	0.137045 3.31168 -0.167449	
1.69	0.347995 3.36973 0.218486	
1.7	1.98846 3.60483 0.972527	
1.71	1.82901 2.84893 1.02099	
1.72	1.33707 2.0809 0.710873	
1.73	0.977364 1.51918 0.484186	
1.74	0.714424 1.10964 0.317869	
1.75	0.52215 0.808948 0.196931	
1.76	0.381654 0.590554 0.107798	
1.77	0.278992 0.431216 0.0425089	
1.78	0.203891 0.314527 -0.00516965	
1.79	0.14904 0.229729 -0.0402487	
1.8	0.108956 0.167933 -0.0659866	
1.81	0.079647 0.12264 -0.0847463	
1.82	0.0582212 0.0896619 -0.0985348	
1.83	0.0425611 0.0655322 -0.1086	
1.84	0.031114 0.0478911 -0.115957	
1.85	0.0227447 0.0350074 -0.121344	
1.86	0.0166211 0.0255435 -0.125263	
1.87	0.0121464 0.0186532 -0.128142	
1.88	0.00887575 0.0136327 -0.130256	
1.89	0.00648549 0.00996216 -0.1318	
1.9	0.00473808 0.00726734 -0.132922	
1.91	0.00346301 0.005309 -0.133747	
1.92	0.00252985 0.00387112 -0.134347	
1.93	0.00184793 0.00282334 -0.134788	
1.94	0.00135003 0.00206016 -0.135111	
1.95	0.000986122 0.00150321 -0.135347	
1.96	0.000720625 0.00109871 -0.135521	
1.97	0.00072038 0.00109817 -0.135521	
1.98	0.000719892 0.00109749 -0.135521	
1.99	0.000719517 0.00109718 -0.135521	
2	0.000719075 0.0010975 -0.135522	
2.01	0.000718853 0.00109809 -0.135523	
2.02	0.000718599 0.00109896 -0.135524	
2.03	0.000718137 0.0010986 -0.135524	
2.04	0.000717873 0.00109897 -0.135524	
2.05	0.000717251 0.00109776 -0.135524	
2.06	0.000716999 0.00109815 -0.135525	
2.07	0.000716454 0.00109769 -0.135525	
2.08	0.000716206 0.0010986 -0.135526	
2.09	0.000715792 0.0010983 -0.135527	
2.1	0.000715405 0.00109827 -0.135527	
2.11	0.000714685 0.00109687 -0.135527	
2.12	0.000714209 0.00109547 -0.135527	
2.13	0.000713874 0.00109457 -0.135527	
2.14	0.000713724 0.00109438 -0.135527	
2.15	0.000713398 0.00109455 -0.135527	
2.16	0.000713451 0.00109385 -0.135527	
2.17	0.000713372 0.00109219 -0.135526	
2.18	0.000713194 0.00108927 -0.135525	
2.19	0.000712789 0.00108764 -0.135524	
2.2	0.000712671 0.00108699 -0.135524	
2.21	0.000712495 0.00108626 -0.135524	
2.22	0.000712409 0.00108535 -0.135523	
2.23	0.000712427 0.00108539 -0.135523	
2.24	0.000712309 0.00108503 -0.135523	
2.25	0.00071237 0.00108577 -0.135524	
2.26	0.000712113 0.00108535 -0.135524	
2.27	0.000712037 0.00108657 -0.135524	
2.28	0.000711816 0.00108664 -0.135525	
2.29	0.00071179 0.00108748 -0.135525	
2.3	0.00071208 0.00108921 -0.135526	
2.31	0.000712204 0.00109101 -0.135527	
2.32	0.00071217 0.00109195 -0.135527	
2.33	0.000712575 0.00109472 -0.135528	
2.34	0.000713239 0.00109811 -0.135529	
2.35	0.000713554 0.001099 -0.13553	
2.36	0.000713763 0.00110036 -0.13553	
2.37	0.000713882 0.00110117 -0.13553	
2.38	0.000714177 0.00110176 -0.13553	
2.39	0.000714318 0.0011022 -0.13553	
2.4	0.000714581 0.00110342 -0.135531	
2.41	0.000714741 0.00110389 -0.135531	
2.42	7.81599e-07 0.0137106 1.35234	
2.43	-0.000840068 -0.0110994 1.11228	
2.44	-0.00320375 -0.0660661 2.73197	
2.45	-0.00396305 -0.0947268 2.31612	
2.46	-0.00612657 -0.165802 3.34462	
2.47	-0.0044182 -0.119328 2.41024	
2.48	-0.0414482 0.585738 2.29504	
2.49	-0.0134781 0.617754 2.44996	
2.5	0.0483648 1.16379 1.79961	
2.51	0.0286292 1.19792 1.30391	
2.52	0.0208224 0.873442 0.919213	
2.53	0.0151003 0.635575 0.637912	
2.54	0.0109903 0.463394 0.430744	
2.55	0.00801913 0.338244 0.278533	
2.56	0.00584175 0.246477 0.167186	
2.57	0.00425541 0.179642 0.0857921	
2.58	0.00310957 0.131254 0.0261543	
2.59	0.00227371 0.0959108 -0.0175005	
2.6	0.00166317 0.0700903 -0.0494245	
2.61	0.00121691 0.0512385 -0.0727446	
2.62	0.000890209 0.0374407 -0.0897919	
2.63	0.000648692 0.0272905 -0.102203	
2.64	0.000473841 0.0199298 -0.111291	
2.65	0.000346517 0.0145656 -0.117941	
2.66	0.000253167 0.0106391 -0.122796	
2.67	0.000185184 0.00777525 -0.126351	
2.68	0.000136277 0.00570372 -0.128963	
2.69	0.000100218 0.00418247 -0.130866	
2.7	7.35872e-05 0.00306285 -0.132253	
2.71	5.38645e-05 0.00223906 -0.133261	
2.72	3.95487e-05 0.00164049 -0.134	
2.73	2.89576e-05 0.00120043 -0.134536	
2.74	2.90256e-05 0.00120194 -0.134538	
2.75	2.91489e-05 0.00120413 -0.134541	
2.76	2.92411e-05 0.0012055 -0.134544	
2.77	2.93556e-05 0.00120811 -0.134546	
2.78	2.95046e-05 0.00121156 -0.134549	
2.79	2.96499e-05 0.00121523 -0.134552	
2.8	2.97796e-05 0.0012184 -0.134554	
2.81	2.99023e-05 0.00122151 -0.134556	
2.82	3.00218e-05 0.00122433 -0.134559	
2.83	0.00062709 0.0107986 1.62106	
2.84	-0.025046 -0.216915 3.82548	
2.85	-0.0441256 -0.385935 4.58303	
2.86	-0.027883 -0.233526 3.56323	
2.87	-0.017573 -0.141885 3.57441	
2.88	-0.0196566 -0.0991556 4.4567	
2.89	-0.00695021 -0.166902 4.19543	
2.9	-0.00248637 -0.14954 4.8526	
2.91	0.0120374 -0.247809 4.23532	
2.92	-0.000610374 -0.162687 5.11955	
2.93	-0.00787915 -0.159535 3.85402	
2.94	0.00142881 -0.125389 4.37565	
2.95	0.0174222 -0.0636769 3.53749	
2.96	-0.0229155 -0.185461 4.17331	
2.97	-0.0168465 -0.210296 4.22723	
2.98	0.0266118 -0.249659 3.68188	
2.99	-0.0315304 -0.166544 4.15577	
3	-0.0235688 -0.130549 3.01041	
3.01	-0.0173035 -0.0965044 2.16676	
3.02	-0.012625 -0.0699332 1.54843	
3.03	0.357497 -0.220111 3.74018	
3.04	0.261692 -0.154895 2.69891	
3.05	0.191592 -0.111422 1.93882	
3.06	0.000903815 -0.149974 3.20146	
3.07	0.000566061 -0.10807 2.3063	
3.08	-0.00044406 -0.0509107 4.21752	
3.09	-0.000928582 -0.0285765 3.04415	
3.1	0.0161974 -0.170459 4.29993	
3.11	-0.00142271 -0.140474 3.7095	
3.12	0.00497665 -0.0944662 4.56649	
3.13	0.0317609 -0.148183 5.14399	
3.14	-0.0278801 0.132311 5.65305	
3.15	-0.0287786 0.101939 4.60767	
3.16	-0.0626999 0.430984 5.99552	
3.17	-0.078048 0.320095 4.95552	
3.18	-0.172001 0.574714 5.57279	
3.19	-0.101379 0.427733 4.10972	
3.2	-0.228891 0.815449 5.73186	
3.21	-0.212037 0.781373 5.66522	
3.22	-0.315483 0.972723 5.50876	
3.23	-0.256102 1.01632 5.32516	
3.24	-0.349426 1.19995 5.58065	
3.25	-0.264003 0.906729 4.02396	
3.26	-0.196593 0.675262 2.89531	
3.27	-0.147465 0.506571 2.07166	
3.28	-0.110476 0.379546 1.47088	
3.29	1.37155 -1.09139 -0.911051	
3.3	0.390267 -0.504109 -0.176158	
3.31	0.285895 -0.369157 -0.167634	
3.32	0.275986 -0.0841908 -0.0271377	
3.33	0.617944 1.11904 -0.703896	
3.34	0.452765 0.820565 -0.555036	
3.35	0.330732 0.601544 -0.444998	
3.36	0.243138 0.441581 -0.364705	
3.37	0.699637 0.824253 2.3188	
3.38	2.73035 1.52869 0.536287	
3.39	1.99586 1.12618 0.351521	
3.4	1.45887 0.825911 0.21915	
3.41	0.145386 -0.251071 -2.44878	
3.42	0.104973 -0.176484 -1.83294	
3.43	0.0763178 -0.126744 -1.37874	
3.44	0.0556205 -0.0916977 -1.04544	
3.45	0.0403235 -0.0651783 -0.802419	
3.46	0.0293605 -0.0469928 -0.623793	
3.47	0.0213725 -0.0338394 -0.493052	
3.48	0.0156153 -0.0246802 -0.397117	
3.49	0.0114521 -0.0182368 -0.326781	
3.5	0.00848301 -0.0139359 -0.275043	
3.51	0.00634305 -0.0109553 -0.237074	
3.52	0.0046779 -0.00822732 -0.20973	
3.53	0.003423 -0.00602996 -0.189896	
3.54	0.00248552 -0.00431478 -0.175478	
3.55	0.00179343 -0.00302357 -0.164961	
3.56	0.00131121 -0.00220766 -0.157169	
3.57	-1.11412 -0.59925 2.01286	
3.58	-0.524497 -0.704417 1.09636	
3.59	-0.0483705 -0.160271 -0.0202579	
3.6	0.606779 0.359305 -2.03774	
3.61	-0.143631 -1.04708 1.348	
3.62	-0.713435 -0.743735 1.44738	
3.63	1.08932 0.101821 1.45718	
3.64	0.796223 0.073405 1.02895	
3.65	0.582984 0.0616106 0.710373	
3.66	0.42604 0.0400271 0.487492	
3.67	-0.0948246 -0.605537 3.90946	
3.68	-0.121893 0.21973 4.18126	
3.69	-0.148095 0.450464 4.39391	
3.7	-0.121247 0.488571 4.33519	
3.71	-0.179874 0.571928 5.59736	
3.72	-0.1718 0.474812 4.79689	
3.73	-0.11535 0.472289 4.78552	
3.74	-0.22681 0.449045 5.31089	
3.75	-0.19601 0.589422 5.63734	
3.76	-0.180728 0.600927 5.37162	
3.77	-0.182734 0.618215 6.04282	
3.78	-0.189248 0.575905 4.93524	
3.79	-0.213714 0.739549 4.85671	
3.8	-0.299127 0.932277 5.46988	
3.81	-0.281489 0.818103 4.86044	
3.82	-0.470375 1.13563 5.733	
3.83	-0.539794 1.05197 5.84745	
3.84	-0.404179 0.787671 4.2236	
3.85	-0.404807 1.08151 5.87163	
3.86	-0.201656 0.883734 3.8533	
3.87	-0.314198 1.78616 6.24669	
3.88	-0.453778 1.09537 4.184	
3.89	-1.46403 2.46011 5.07125	
3.9	-0.584325 1.30496 5.37677	
3.91	-0.612446 0.688819 4.98776	
3.92	-0.273448 0.799698 4.68737	
3.93	-0.410158 0.508532 4.47136	
3.94	-0.270959 0.508201 5.63526	
3.95	-0.246824 0.364807 5.11544	
3.96	-0.225375 0.373542 4.36035	
3.97	-0.204854 0.330716 5.2809	
3.98	-0.194825 0.393551 5.29747	
3.99	-0.126486 0.346088 5.46297	
4	-0.135493 0.384971 5.45487	
4.01	-0.149934 0.350846 5.42014	
4.02	-0.127448 0.305409 4.98963	
4.03	-0.204067 0.40509 4.73168	
4.04	-0.168031 0.400721 5.04891	
4.05	-0.182503 0.404408 5.58211	
4.06	-0.168931 0.335227 5.06115	
4.07	-0.186797 0.319751 5.04924	
4.08	-0.169549 0.406665 5.59876	
4.09	-0.134711 0.352071 5.20073	
4.1	-0.132499 0.341354 4.36509	
4.11	-0.159497 0.408469 4.67669	
4.12	-0.205685 0.530876 5.87781	
4.13	-0.149108 0.493892 5.45312	
4.14	-0.150834 0.490185 5.72523	
4.15	-0.126985 0.443714 4.64175	
4.16	-0.159703 0.503822 5.64996	
4.17	0.457163 0.717955 4.77523	
4.18	0.581451 0.984013 4.07734	
4.19	0.0649987 0.868008 4.11854	
4.2	-0.572531 0.995977 6.7536	
4.21	0.218083 1.08105 3.84507	
4.22	-0.335481 0.852149 6.69752	
4.23	-0.172461 0.460439 6.15716	
4.24	-0.547551 0.467112 5.7462	
4.25	-0.356113 0.45758 4.25304	
4.26	0.112281 0.652574 5.72576	
4.27	-0.212985 0.397982 6.63676	
4.28	-0.146205 0.276219 5.75238	
4.29	-0.106207 0.188716 4.1744	
4.3	-0.0965513 0.163821 4.95621	
4.31	0.0348999 0.0776087 4.63161	
4.32	0.0268776 0.0510499 3.35392	
4.33	0.0197622 0.0368505 2.41634	
4.34	0.0140255 0.0287077 1.72921	
4.35	0.0102883 0.0208471 1.22796	
4.36	0.00751837 0.015256 0.861365	
4.37	0.00488883 0.0136921 0.591679	
4.38	0.00311964 0.0119078 0.394905	
4.39	0.0019079 0.0102643 0.251192	
4.4	-0.0695247 0.127196 3.37491	
4.41	0.00626105 -0.0583291 4.43662	
4.42	0.0394986 -0.0989014 4.55479	
4.43	0.0388035 -0.0727889 4.39488	
4.44	-0.0184465 -0.00359044 4.32663	
4.45	-0.0380766 0.0348399 4.43631	
4.46	-0.0117339 0.0176844 4.55819	
4.47	-0.02703 0.0451583 4.1879	
4.48	4.31552 0.199611 4.51941	
4.49	4.49976 0.16518 4.61159	
4.5	3.28393 0.129454 3.32702	
4.51	2.39993 0.0878768 2.39491	
4.52	-3.81812 0.0960828 4.32038	
4.53	-1.7626 0.628246 4.66345	
4.54	-0.243693 0.4994 5.3749	
4.55	-0.542032 -0.197857 3.4625	
4.56	-0.00321814 0.475174 5.22846	
4.57	-0.00212576 0.398205 3.75642	
4.58	-4.75665 0.206202 3.38618	
4.59	-3.46888 0.0962463 2.46591	
4.6	-3.04419 -1.16192 0.634968	
4.61	-4.86681 0.318592 0.605644	
4.62	-3.55233 0.27062 0.390488	
4.63	-2.59936 0.212636 0.243568	
4.64	-1.8796 0.259055 0.0973955	
4.65	-1.3736 0.191392 0.0337543	
4.66	-1.00412 0.138845 -0.0114922	
4.67	-0.734091 0.101909 -0.0451294	
4.68	-0.536702 0.0747378 -0.0696518	
4.69	-0.392473 0.055092 -0.0876503	
4.7	-0.286996 0.0397344 -0.100427	
4.71	-0.209758 0.0293959 -0.110137	
4.72	-0.153365 0.0215545 -0.117113	
4.73	-0.112133 0.0158014 -0.122205	
4.74	-0.0819798 0.0115632 -0.125917	
4.75	-0.0599411 0.00845924 -0.128627	
4.76	-0.0438229 0.00620316 -0.130615	
4.77	-0.0320449 0.00452418 -0.132056	
4.78	-0.0234281 0.00331723 -0.133118	
4.79	-0.0171315 0.00241918 -0.133888	
4.8	-0.0125249 0.0017737 -0.134456	
4.81	-0.00915862 0.00129317 -0.134868	
4.82	-0.00669657 0.000945782 -0.13517	
4.83	-0.00489673 0.000690943 -0.135391	
4.84	-0.00357973 0.000507006 -0.135554	
4.85	-0.00261764 0.000369722 -0.135671	
4.86	-0.00191394 0.000270271 -0.135758	
4.87	-0.00191395 0.000270333 -0.135758	
4.88	-0.00191394 0.000270271 -0.135758	
4.89	-0.00191377 0.000271058 -0.135758	
4.9	-0.00191395 0.000270333 -0.135758	
4.91	-0.00191394 0.000270271 -0.135758	
4.92	-0.00191395 0.000270333 -0.135758	
