# Gnuplot File : velocities of 1 particle(s) Monitored
# 1st Column : time, others : particle(s) number 0 
0.01	0 0 -0.0737101	
0.02	3.63701e-16 0 -0.134079	
0.03	6.61573e-16 0 -0.183521	
0.04	9.0553e-16 0 -0.224014	
0.05	1.10533e-15 0 -0.257177	
0.06	1.26897e-15 0 -0.284339	
0.07	1.40299e-15 0 -0.306584	
0.08	1.51275e-15 0 -0.324802	
0.09	1.24392e-15 0 -0.339723	
0.1	1.3784e-15 0 -0.351944	
0.11	1.49261e-15 0 -0.361952	
0.12	1.58615e-15 0 -0.370149	
0.13	1.66276e-15 0 -0.376863	
0.14	1.7255e-15 0 -0.382361	
0.15	1.41899e-15 0 -0.386864	
0.16	1.16205e-15 0 -0.390552	
0.17	1.31161e-15 0 -0.393572	
0.18	1.07431e-15 0 -0.396046	
0.19	1.24348e-15 0 -0.398072	
0.2	1.0185e-15 0 -0.399732	
0.21	1.19778e-15 0 -0.401091	
0.22	1.34469e-15 0 -0.402204	
0.23	1.465e-15 0 -0.403115	
0.24	1.56354e-15 0 -0.403862	
0.25	1.65e-15 0 -0.404473	
0.26	1.35176e-15 0 -0.404974	
0.27	1.10685e-15 0 -0.405384	
0.28	1.26659e-15 0 -0.40572	
0.29	1.40104e-15 0 -0.405995	
0.3	1.51115e-15 0 -0.40622	
0.31	1.51115e-15 0 -0.40622	
0.32	1.51722e-15 0 -0.40622	
0.33	1.51115e-15 0 -0.40622	
0.34	1.51115e-15 0 -0.40622	
0.35	1.51115e-15 0 -0.40622	
0.36	1.51756e-15 0 -0.40622	
0.37	1.51115e-15 0 -0.40622	
0.38	1.51115e-15 0 -0.40622	
0.39	1.51128e-15 0 -0.40622	
0.4	1.51115e-15 0 -0.40622	
0.41	1.51115e-15 0 -0.40622	
0.42	1.51128e-15 0 -0.40622	
0.43	1.51722e-15 0 -0.40622	
0.44	1.51115e-15 0 -0.40622	
0.45	1.51115e-15 0 -0.40622	
0.46	1.51115e-15 0 -0.40622	
0.47	1.51115e-15 0 -0.40622	
0.48	1.51128e-15 0 -0.40622	
0.49	1.51128e-15 0 -0.40622	
0.5	1.51756e-15 0 -0.40622	
0.51	1.51115e-15 0 -0.40622	
0.52	1.51115e-15 0 -0.40622	
0.53	1.51115e-15 0 -0.40622	
0.54	1.51722e-15 0 -0.40622	
0.55	1.51115e-15 0 -0.40622	
0.56	1.51115e-15 0 -0.40622	
0.57	1.51115e-15 0 -0.40622	
0.58	1.51722e-15 0 -0.40622	
0.59	1.51756e-15 0 -0.40622	
0.6	1.51115e-15 0 -0.40622	
0.61	1.51115e-15 0 -0.40622	
0.62	1.51115e-15 0 -0.40622	
0.63	1.51722e-15 0 -0.40622	
0.64	1.51148e-15 0 -0.40622	
0.65	1.51128e-15 0 -0.40622	
0.66	1.51115e-15 0 -0.40622	
0.67	1.51115e-15 0 -0.40622	
0.68	1.51756e-15 0 -0.40622	
0.69	1.51148e-15 0 -0.40622	
0.7	1.51115e-15 0 -0.40622	
0.71	1.51148e-15 0 -0.40622	
0.72	1.51115e-15 0 -0.40622	
0.73	1.51115e-15 0 -0.40622	
0.74	1.51115e-15 0 -0.40622	
0.75	1.51722e-15 0 -0.40622	
0.76	1.51148e-15 0 -0.40622	
0.77	1.51722e-15 0 -0.40622	
0.78	1.51128e-15 0 -0.40622	
0.79	1.51115e-15 0 -0.40622	
0.8	1.51743e-15 0 -0.40622	
0.81	1.51115e-15 0 -0.40622	
0.82	1.51115e-15 0 -0.40622	
0.83	1.51128e-15 0 -0.40622	
0.84	1.51115e-15 0 -0.40622	
0.85	1.51722e-15 0 -0.40622	
0.86	1.51128e-15 0 -0.40622	
0.87	1.51115e-15 0 -0.40622	
0.88	1.51128e-15 0 -0.40622	
0.89	1.51115e-15 0 -0.40622	
0.9	1.51722e-15 0 -0.40622	
0.91	1.51115e-15 0 -0.40622	
0.92	1.51128e-15 0 -0.40622	
0.93	1.51115e-15 0 -0.40622	
0.94	1.51756e-15 0 -0.40622	
0.95	1.51115e-15 0 -0.40622	
0.96	1.51148e-15 0 -0.40622	
0.97	1.51115e-15 0 -0.40622	
0.98	1.51115e-15 0 -0.40622	
0.99	1.51115e-15 0 -0.40622	
1	1.51115e-15 0 -0.40622	
1.01	1.51736e-15 0 -0.40622	
1.02	1.51722e-15 0 -0.40622	
1.03	1.51115e-15 0 -0.40622	
1.04	1.51115e-15 0 -0.40622	
1.05	1.51115e-15 0 -0.40622	
1.06	1.51115e-15 0 -0.40622	
1.07	1.51115e-15 0 -0.40622	
1.08	1.51115e-15 0 -0.40622	
1.09	1.51722e-15 0 -0.40622	
1.1	1.51756e-15 0 -0.40622	
1.11	1.51115e-15 0 -0.40622	
1.12	1.51115e-15 0 -0.40622	
1.13	1.51115e-15 0 -0.40622	
1.14	1.51115e-15 0 -0.40622	
1.15	1.51115e-15 0 -0.40622	
1.16	1.51722e-15 0 -0.40622	
1.17	1.51115e-15 0 -0.40622	
1.18	1.51722e-15 0 -0.40622	
1.19	1.51115e-15 0 -0.40622	
1.2	1.51722e-15 0 -0.40622	
1.21	1.51736e-15 0 -0.40622	
1.22	1.51115e-15 0 -0.40622	
1.23	1.51115e-15 0 -0.40622	
1.24	1.51722e-15 0 -0.40622	
1.25	1.51115e-15 0 -0.40622	
1.26	1.51756e-15 0 -0.40622	
1.27	1.51128e-15 0 -0.40622	
1.28	1.51115e-15 0 -0.40622	
1.29	1.51115e-15 0 -0.40622	
1.3	1.51722e-15 0 -0.40622	
1.31	1.51722e-15 0 -0.40622	
1.32	1.51115e-15 0 -0.40622	
1.33	1.51722e-15 0 -0.40622	
1.34	1.51128e-15 0 -0.40622	
1.35	1.51722e-15 0 -0.40622	
1.36	1.51115e-15 0 -0.40622	
1.37	1.51115e-15 0 -0.40622	
1.38	1.51115e-15 0 -0.40622	
1.39	1.51115e-15 0 -0.40622	
1.4	1.51115e-15 0 -0.40622	
1.41	1.51115e-15 0 -0.40622	
1.42	1.51115e-15 0 -0.40622	
1.43	1.51115e-15 0 -0.40622	
1.44	1.51115e-15 0 -0.40622	
1.45	1.51115e-15 0 -0.40622	
1.46	1.51128e-15 0 -0.40622	
1.47	1.51128e-15 0 -0.40622	
1.48	1.51722e-15 0 -0.40622	
1.49	1.51722e-15 0 -0.40622	
1.5	1.51115e-15 0 -0.40622	
1.51	1.51115e-15 0 -0.40622	
1.52	1.51722e-15 0 -0.40622	
1.53	1.51115e-15 0 -0.40622	
1.54	1.51736e-15 0 -0.40622	
1.55	1.51115e-15 0 -0.40622	
1.56	1.51115e-15 0 -0.40622	
1.57	1.51115e-15 0 -0.40622	
1.58	1.51756e-15 0 -0.40622	
1.59	1.51722e-15 0 -0.40622	
1.6	1.51722e-15 0 -0.40622	
1.61	1.51115e-15 0 -0.40622	
1.62	1.51722e-15 0 -0.40622	
1.63	1.51115e-15 0 -0.40622	
1.64	1.51756e-15 0 -0.40622	
1.65	1.51115e-15 0 -0.40622	
1.66	1.51115e-15 0 -0.40622	
1.67	1.51722e-15 0 -0.40622	
1.68	1.51128e-15 0 -0.40622	
1.69	1.51115e-15 0 -0.40622	
1.7	1.51722e-15 0 -0.40622	
1.71	1.51128e-15 0 -0.40622	
1.72	1.51115e-15 0 -0.40622	
1.73	1.51115e-15 0 -0.40622	
1.74	1.51115e-15 0 -0.40622	
1.75	1.51115e-15 0 -0.40622	
1.76	1.51115e-15 0 -0.40622	
1.77	1.51128e-15 0 -0.40622	
1.78	1.51722e-15 0 -0.40622	
1.79	1.51115e-15 0 -0.40622	
1.8	1.51115e-15 0 -0.40622	
1.81	1.51128e-15 0 -0.40622	
1.82	1.51115e-15 0 -0.40622	
1.83	1.51115e-15 0 -0.40622	
1.84	1.51115e-15 0 -0.40622	
1.85	1.51115e-15 0 -0.40622	
1.86	1.51115e-15 0 -0.40622	
1.87	1.51722e-15 0 -0.40622	
1.88	1.51722e-15 0 -0.40622	
1.89	1.51722e-15 0 -0.40622	
1.9	1.51722e-15 0 -0.40622	
1.91	1.51115e-15 0 -0.40622	
1.92	1.51722e-15 0 -0.40622	
1.93	1.51148e-15 0 -0.40622	
1.94	1.51115e-15 0 -0.40622	
1.95	1.51722e-15 0 -0.40622	
1.96	1.51722e-15 0 -0.40622	
1.97	1.51722e-15 0 -0.40622	
1.98	1.51115e-15 0 -0.40622	
1.99	1.51115e-15 0 -0.40622	
2	1.51115e-15 0 -0.40622	
2.01	1.51115e-15 0 -0.40622	
2.02	1.51115e-15 0 -0.40622	
2.03	1.51128e-15 0 -0.40622	
2.04	1.51722e-15 0 -0.40622	
2.05	1.51115e-15 0 -0.40622	
2.06	1.51115e-15 0 -0.40622	
2.07	1.51115e-15 0 -0.40622	
2.08	1.51722e-15 0 -0.40622	
2.09	1.51115e-15 0 -0.40622	
2.1	1.51115e-15 0 -0.40622	
2.11	1.51722e-15 0 -0.40622	
2.12	1.51115e-15 0 -0.40622	
2.13	1.51115e-15 0 -0.40622	
2.14	1.51082e-15 0 -0.40622	
2.15	1.51115e-15 0 -0.40622	
2.16	1.51722e-15 0 -0.40622	
2.17	1.51115e-15 0 -0.40622	
2.18	1.51722e-15 0 -0.40622	
2.19	1.51722e-15 0 -0.40622	
2.2	1.51115e-15 0 -0.40622	
2.21	1.51722e-15 0 -0.40622	
2.22	1.51115e-15 0 -0.40622	
2.23	1.51115e-15 0 -0.40622	
2.24	1.51115e-15 0 -0.40622	
2.25	1.51115e-15 0 -0.40622	
2.26	1.51756e-15 0 -0.40622	
2.27	1.51115e-15 0 -0.40622	
2.28	1.51128e-15 0 -0.40622	
2.29	1.51148e-15 0 -0.40622	
2.3	1.51148e-15 0 -0.40622	
2.31	1.51115e-15 0 -0.40622	
2.32	1.51115e-15 0 -0.40622	
2.33	1.51722e-15 0 -0.40622	
2.34	1.51115e-15 0 -0.40622	
2.35	1.51756e-15 0 -0.40622	
2.36	1.51128e-15 0 -0.40622	
2.37	1.51115e-15 0 -0.40622	
2.38	1.51115e-15 0 -0.40622	
2.39	1.51722e-15 0 -0.40622	
2.4	1.51115e-15 0 -0.40622	
2.41	1.51148e-15 0 -0.40622	
2.42	1.51115e-15 0 -0.40622	
2.43	1.51756e-15 0 -0.40622	
2.44	1.51722e-15 0 -0.40622	
2.45	1.51722e-15 0 -0.40622	
2.46	1.51115e-15 0 -0.40622	
2.47	1.51722e-15 0 -0.40622	
2.48	1.51115e-15 0 -0.40622	
2.49	1.51128e-15 0 -0.40622	
2.5	1.51128e-15 0 -0.40622	
2.51	1.51115e-15 0 -0.40622	
2.52	1.51115e-15 0 -0.40622	
2.53	1.51115e-15 0 -0.40622	
2.54	1.51115e-15 0 -0.40622	
2.55	1.51115e-15 0 -0.40622	
2.56	1.51162e-15 0 -0.40622	
2.57	1.51128e-15 0 -0.40622	
2.58	1.51128e-15 0 -0.40622	
2.59	1.51115e-15 0 -0.40622	
2.6	1.51756e-15 0 -0.40622	
2.61	1.51709e-15 0 -0.40622	
2.62	1.51115e-15 0 -0.40622	
2.63	1.51115e-15 0 -0.40622	
2.64	1.51722e-15 0 -0.40622	
2.65	1.51756e-15 0 -0.40622	
2.66	1.51722e-15 0 -0.40622	
2.67	1.51756e-15 0 -0.40622	
2.68	1.51115e-15 0 -0.40622	
2.69	1.51115e-15 0 -0.40622	
2.7	1.51148e-15 0 -0.40622	
2.71	1.51128e-15 0 -0.40622	
2.72	1.51115e-15 0 -0.40622	
2.73	1.51148e-15 0 -0.40622	
2.74	1.51148e-15 0 -0.40622	
2.75	1.51115e-15 0 -0.40622	
2.76	1.51115e-15 0 -0.40622	
2.77	1.51115e-15 0 -0.40622	
2.78	1.51115e-15 0 -0.40622	
2.79	1.51115e-15 0 -0.40622	
2.8	1.51115e-15 0 -0.40622	
2.81	1.51115e-15 0 -0.40622	
2.82	1.51722e-15 0 -0.40622	
2.83	1.51722e-15 0 -0.40622	
2.84	1.51115e-15 0 -0.40622	
2.85	1.51115e-15 0 -0.40622	
2.86	1.51756e-15 0 -0.40622	
2.87	1.51115e-15 0 -0.40622	
2.88	1.51756e-15 0 -0.40622	
2.89	1.51115e-15 0 -0.40622	
2.9	1.51722e-15 0 -0.40622	
2.91	1.51722e-15 0 -0.40622	
2.92	1.51756e-15 0 -0.40622	
2.93	1.51722e-15 0 -0.40622	
2.94	1.51722e-15 0 -0.40622	
2.95	1.51722e-15 0 -0.40622	
2.96	1.51115e-15 0 -0.40622	
2.97	1.51115e-15 0 -0.40622	
2.98	1.51115e-15 0 -0.40622	
2.99	1.51722e-15 0 -0.40622	
3	1.51115e-15 0 -0.40622	
3.01	1.51115e-15 0 -0.40622	
3.02	1.51722e-15 0 -0.40622	
3.03	1.51722e-15 0 -0.40622	
3.04	1.51115e-15 0 -0.40622	
3.05	1.51709e-15 0 -0.40622	
3.06	1.51756e-15 0 -0.40622	
3.07	1.51115e-15 0 -0.40622	
3.08	1.51115e-15 0 -0.40622	
3.09	1.51115e-15 0 -0.40622	
3.1	1.51148e-15 0 -0.40622	
3.11	1.51115e-15 0 -0.40622	
3.12	1.51115e-15 0 -0.40622	
3.13	1.51722e-15 0 -0.40622	
3.14	1.51115e-15 0 -0.40622	
3.15	1.51722e-15 0 -0.40622	
3.16	1.51115e-15 0 -0.40622	
3.17	1.51115e-15 0 -0.40622	
3.18	1.51115e-15 0 -0.40622	
3.19	1.51115e-15 0 -0.40622	
3.2	1.51102e-15 0 -0.40622	
3.21	1.51115e-15 0 -0.40622	
3.22	1.51148e-15 0 -0.40622	
3.23	1.51128e-15 0 -0.40622	
3.24	1.51148e-15 0 -0.40622	
3.25	1.51162e-15 0 -0.40622	
3.26	1.51115e-15 0 -0.40622	
3.27	1.51115e-15 0 -0.40622	
3.28	1.51115e-15 0 -0.40622	
3.29	1.51722e-15 0 -0.40622	
3.3	1.51722e-15 0 -0.40622	
3.31	1.51756e-15 0 -0.40622	
3.32	1.51722e-15 0 -0.40622	
3.33	1.51115e-15 0 -0.40622	
3.34	1.51722e-15 0 -0.40622	
3.35	1.51115e-15 0 -0.40622	
3.36	1.51115e-15 0 -0.40622	
3.37	1.51722e-15 0 -0.40622	
3.38	1.51115e-15 0 -0.40622	
3.39	1.51722e-15 0 -0.40622	
3.4	1.51148e-15 0 -0.40622	
3.41	1.51722e-15 0 -0.40622	
3.42	1.51722e-15 0 -0.40622	
3.43	1.51722e-15 0 -0.40622	
3.44	1.51148e-15 0 -0.40622	
3.45	1.51128e-15 0 -0.40622	
3.46	1.51115e-15 0 -0.40622	
3.47	1.51115e-15 0 -0.40622	
3.48	1.51722e-15 0 -0.40622	
3.49	1.51115e-15 0 -0.40622	
3.5	1.51736e-15 0 -0.40622	
3.51	1.51115e-15 0 -0.40622	
3.52	1.51115e-15 0 -0.40622	
3.53	1.51115e-15 0 -0.40622	
3.54	1.51722e-15 0 -0.40622	
3.55	1.51115e-15 0 -0.40622	
3.56	1.51722e-15 0 -0.40622	
3.57	1.51722e-15 0 -0.40622	
3.58	1.51115e-15 0 -0.40622	
3.59	1.51115e-15 0 -0.40622	
3.6	1.51115e-15 0 -0.40622	
3.61	1.51743e-15 0 -0.40622	
3.62	1.51115e-15 0 -0.40622	
3.63	1.51756e-15 0 -0.40622	
3.64	1.51722e-15 0 -0.40622	
3.65	1.51115e-15 0 -0.40622	
3.66	1.51148e-15 0 -0.40622	
3.67	1.51115e-15 0 -0.40622	
3.68	1.51128e-15 0 -0.40622	
3.69	1.51128e-15 0 -0.40622	
3.7	1.51115e-15 0 -0.40622	
3.71	1.51128e-15 0 -0.40622	
3.72	1.51722e-15 0 -0.40622	
3.73	1.51115e-15 0 -0.40622	
3.74	1.51115e-15 0 -0.40622	
3.75	1.51115e-15 0 -0.40622	
3.76	1.51115e-15 0 -0.40622	
3.77	1.51722e-15 0 -0.40622	
3.78	1.51128e-15 0 -0.40622	
3.79	1.51722e-15 0 -0.40622	
3.8	1.51756e-15 0 -0.40622	
3.81	1.51115e-15 0 -0.40622	
3.82	1.51115e-15 0 -0.40622	
3.83	1.51115e-15 0 -0.40622	
3.84	1.51128e-15 0 -0.40622	
3.85	1.51148e-15 0 -0.40622	
3.86	1.51722e-15 0 -0.40622	
3.87	1.51115e-15 0 -0.40622	
3.88	1.51115e-15 0 -0.40622	
3.89	1.51115e-15 0 -0.40622	
3.9	1.51102e-15 0 -0.40622	
3.91	1.51115e-15 0 -0.40622	
3.92	1.51115e-15 0 -0.40622	
3.93	1.51756e-15 0 -0.40622	
3.94	1.51722e-15 0 -0.40622	
3.95	1.51115e-15 0 -0.40622	
3.96	1.51115e-15 0 -0.40622	
3.97	1.51115e-15 0 -0.40622	
3.98	1.51115e-15 0 -0.40622	
3.99	1.51115e-15 0 -0.40622	
4	1.51162e-15 0 -0.40622	
4.01	1.51115e-15 0 -0.40622	
4.02	1.51115e-15 0 -0.40622	
4.03	1.51115e-15 0 -0.40622	
4.04	1.51148e-15 0 -0.40622	
4.05	1.51115e-15 0 -0.40622	
4.06	1.51128e-15 0 -0.40622	
4.07	1.51722e-15 0 -0.40622	
4.08	1.51736e-15 0 -0.40622	
4.09	1.51722e-15 0 -0.40622	
4.1	1.51115e-15 0 -0.40622	
4.11	1.51115e-15 0 -0.40622	
4.12	1.51128e-15 0 -0.40622	
4.13	1.51115e-15 0 -0.40622	
4.14	1.51756e-15 0 -0.40622	
4.15	1.51722e-15 0 -0.40622	
4.16	1.51128e-15 0 -0.40622	
4.17	1.51722e-15 0 -0.40622	
4.18	1.51128e-15 0 -0.40622	
4.19	1.51115e-15 0 -0.40622	
4.2	1.51115e-15 0 -0.40622	
4.21	1.51722e-15 0 -0.40622	
4.22	1.51115e-15 0 -0.40622	
4.23	1.51115e-15 0 -0.40622	
4.24	1.51722e-15 0 -0.40622	
4.25	1.51115e-15 0 -0.40622	
4.26	1.51115e-15 0 -0.40622	
4.27	1.51115e-15 0 -0.40622	
4.28	1.51115e-15 0 -0.40622	
4.29	1.51722e-15 0 -0.40622	
4.3	1.51722e-15 0 -0.40622	
4.31	1.51115e-15 0 -0.40622	
4.32	1.51756e-15 0 -0.40622	
4.33	1.51115e-15 0 -0.40622	
4.34	1.51722e-15 0 -0.40622	
4.35	1.51722e-15 0 -0.40622	
4.36	1.51128e-15 0 -0.40622	
4.37	1.51115e-15 0 -0.40622	
4.38	1.51756e-15 0 -0.40622	
4.39	1.51115e-15 0 -0.40622	
4.4	1.51115e-15 0 -0.40622	
4.41	1.51115e-15 0 -0.40622	
4.42	1.51115e-15 0 -0.40622	
4.43	1.51115e-15 0 -0.40622	
4.44	1.51115e-15 0 -0.40622	
4.45	1.51115e-15 0 -0.40622	
4.46	1.51148e-15 0 -0.40622	
4.47	1.51128e-15 0 -0.40622	
4.48	1.51115e-15 0 -0.40622	
4.49	1.51115e-15 0 -0.40622	
4.5	1.51115e-15 0 -0.40622	
4.51	1.51115e-15 0 -0.40622	
4.52	1.51722e-15 0 -0.40622	
4.53	1.51722e-15 0 -0.40622	
4.54	1.51722e-15 0 -0.40622	
4.55	1.51128e-15 0 -0.40622	
4.56	1.51115e-15 0 -0.40622	
4.57	1.51115e-15 0 -0.40622	
4.58	1.51115e-15 0 -0.40622	
4.59	1.51756e-15 0 -0.40622	
4.6	1.51115e-15 0 -0.40622	
4.61	1.51115e-15 0 -0.40622	
4.62	1.51736e-15 0 -0.40622	
4.63	1.51722e-15 0 -0.40622	
4.64	1.51115e-15 0 -0.40622	
4.65	1.51115e-15 0 -0.40622	
4.66	1.51722e-15 0 -0.40622	
4.67	1.51115e-15 0 -0.40622	
4.68	1.51722e-15 0 -0.40622	
4.69	1.51736e-15 0 -0.40622	
4.7	1.51736e-15 0 -0.40622	
4.71	1.51115e-15 0 -0.40622	
4.72	1.51722e-15 0 -0.40622	
4.73	1.51722e-15 0 -0.40622	
4.74	1.51115e-15 0 -0.40622	
4.75	1.51736e-15 0 -0.40622	
4.76	1.51722e-15 0 -0.40622	
4.77	1.51756e-15 0 -0.40622	
4.78	1.51115e-15 0 -0.40622	
4.79	1.51115e-15 0 -0.40622	
4.8	1.51115e-15 0 -0.40622	
4.81	1.51115e-15 0 -0.40622	
4.82	1.51115e-15 0 -0.40622	
4.83	1.51722e-15 0 -0.40622	
4.84	1.51115e-15 0 -0.40622	
4.85	1.51115e-15 0 -0.40622	
4.86	1.51115e-15 0 -0.40622	
4.87	1.51115e-15 0 -0.40622	
4.88	1.51115e-15 0 -0.40622	
4.89	1.51128e-15 0 -0.40622	
4.9	1.51722e-15 0 -0.40622	
4.91	1.51115e-15 0 -0.40622	
4.92	1.51115e-15 0 -0.40622	
4.93	1.51722e-15 0 -0.40622	
4.94	1.51756e-15 0 -0.40622	
4.95	1.51115e-15 0 -0.40622	
4.96	1.51115e-15 0 -0.40622	
4.97	1.51756e-15 0 -0.40622	
4.98	1.51115e-15 0 -0.40622	
4.99	1.51115e-15 0 -0.40622	
5	1.51756e-15 0 -0.40622	
5.01	1.51115e-15 0 -0.40622	
5.02	1.51722e-15 0 -0.40622	
5.03	1.51115e-15 0 -0.40622	
5.04	1.51115e-15 0 -0.40622	
5.05	1.51128e-15 0 -0.40622	
5.06	1.51115e-15 0 -0.40622	
5.07	1.51115e-15 0 -0.40622	
5.08	1.51115e-15 0 -0.40622	
5.09	1.51722e-15 0 -0.40622	
5.1	1.51115e-15 0 -0.40622	
5.11	1.51722e-15 0 -0.40622	
5.12	1.51722e-15 0 -0.40622	
5.13	1.51722e-15 0 -0.40622	
5.14	1.51115e-15 0 -0.40622	
5.15	1.51115e-15 0 -0.40622	
5.16	1.51115e-15 0 -0.40622	
5.17	1.51736e-15 0 -0.40622	
5.18	1.51115e-15 0 -0.40622	
5.19	1.51115e-15 0 -0.40622	
5.2	1.51115e-15 0 -0.40622	
5.21	1.51722e-15 0 -0.40622	
5.22	1.51722e-15 0 -0.40622	
5.23	1.51756e-15 0 -0.40622	
5.24	1.51722e-15 0 -0.40622	
5.25	1.51722e-15 0 -0.40622	
5.26	1.51115e-15 0 -0.40622	
5.27	1.51722e-15 0 -0.40622	
5.28	1.51115e-15 0 -0.40622	
5.29	1.51722e-15 0 -0.40622	
5.3	1.51115e-15 0 -0.40622	
5.31	1.51115e-15 0 -0.40622	
5.32	1.51756e-15 0 -0.40622	
5.33	1.51115e-15 0 -0.40622	
5.34	1.51722e-15 0 -0.40622	
5.35	1.51736e-15 0 -0.40622	
5.36	1.51115e-15 0 -0.40622	
5.37	1.51115e-15 0 -0.40622	
5.38	1.51115e-15 0 -0.40622	
5.39	1.51115e-15 0 -0.40622	
5.4	1.51722e-15 0 -0.40622	
5.41	1.51736e-15 0 -0.40622	
5.42	1.51115e-15 0 -0.40622	
5.43	1.51148e-15 0 -0.40622	
5.44	1.51128e-15 0 -0.40622	
5.45	1.51115e-15 0 -0.40622	
5.46	1.51115e-15 0 -0.40622	
5.47	1.51115e-15 0 -0.40622	
5.48	1.51115e-15 0 -0.40622	
5.49	1.51722e-15 0 -0.40622	
5.5	1.51722e-15 0 -0.40622	
5.51	1.51115e-15 0 -0.40622	
5.52	1.51115e-15 0 -0.40622	
5.53	1.51115e-15 0 -0.40622	
5.54	1.51115e-15 0 -0.40622	
5.55	1.51722e-15 0 -0.40622	
5.56	1.51115e-15 0 -0.40622	
5.57	1.51128e-15 0 -0.40622	
5.58	1.51115e-15 0 -0.40622	
5.59	1.51115e-15 0 -0.40622	
5.6	1.51115e-15 0 -0.40622	
5.61	1.51756e-15 0 -0.40622	
5.62	1.51128e-15 0 -0.40622	
5.63	1.51756e-15 0 -0.40622	
5.64	1.51115e-15 0 -0.40622	
5.65	1.51722e-15 0 -0.40622	
5.66	1.51115e-15 0 -0.40622	
5.67	1.51115e-15 0 -0.40622	
5.68	1.51722e-15 0 -0.40622	
5.69	1.51115e-15 0 -0.40622	
5.7	1.51756e-15 0 -0.40622	
5.71	1.51722e-15 0 -0.40622	
5.72	1.51115e-15 0 -0.40622	
5.73	1.51115e-15 0 -0.40622	
5.74	1.51709e-15 0 -0.40622	
5.75	1.51756e-15 0 -0.40622	
5.76	1.51756e-15 0 -0.40622	
5.77	1.51722e-15 0 -0.40622	
5.78	1.51722e-15 0 -0.40622	
5.79	1.51148e-15 0 -0.40622	
5.8	1.51115e-15 0 -0.40622	
5.81	1.51115e-15 0 -0.40622	
5.82	1.51115e-15 0 -0.40622	
5.83	1.51115e-15 0 -0.40622	
5.84	1.51756e-15 0 -0.40622	
5.85	1.51756e-15 0 -0.40622	
5.86	1.51115e-15 0 -0.40622	
5.87	1.51148e-15 0 -0.40622	
5.88	1.51115e-15 0 -0.40622	
5.89	1.51115e-15 0 -0.40622	
5.9	1.51115e-15 0 -0.40622	
5.91	1.51722e-15 0 -0.40622	
5.92	1.51115e-15 0 -0.40622	
5.93	1.51115e-15 0 -0.40622	
5.94	1.51115e-15 0 -0.40622	
5.95	1.51115e-15 0 -0.40622	
5.96	1.51115e-15 0 -0.40622	
5.97	1.51115e-15 0 -0.40622	
5.98	1.51722e-15 0 -0.40622	
5.99	1.51722e-15 0 -0.40622	
6	1.51722e-15 0 -0.40622	
6.01	1.51722e-15 0 -0.40622	
6.02	1.51128e-15 0 -0.40622	
6.03	1.51115e-15 0 -0.40622	
6.04	1.51722e-15 0 -0.40622	
6.05	1.51722e-15 0 -0.40622	
6.06	1.51128e-15 0 -0.40622	
6.07	1.51115e-15 0 -0.40622	
6.08	1.51756e-15 0 -0.40622	
6.09	1.51736e-15 0 -0.40622	
6.1	1.51128e-15 0 -0.40622	
6.11	1.51115e-15 0 -0.40622	
6.12	1.51115e-15 0 -0.40622	
6.13	1.51115e-15 0 -0.40622	
6.14	1.51722e-15 0 -0.40622	
6.15	1.51115e-15 0 -0.40622	
6.16	1.51115e-15 0 -0.40622	
6.17	1.51722e-15 0 -0.40622	
6.18	1.51148e-15 0 -0.40622	
6.19	1.51115e-15 0 -0.40622	
6.2	1.51722e-15 0 -0.40622	
6.21	1.51115e-15 0 -0.40622	
6.22	1.51722e-15 0 -0.40622	
6.23	1.51115e-15 0 -0.40622	
6.24	1.51115e-15 0 -0.40622	
6.25	1.51115e-15 0 -0.40622	
6.26	1.51722e-15 0 -0.40622	
6.27	1.51115e-15 0 -0.40622	
6.28	1.51115e-15 0 -0.40622	
6.29	1.51722e-15 0 -0.40622	
6.3	1.51115e-15 0 -0.40622	
6.31	1.51722e-15 0 -0.40622	
6.32	1.51148e-15 0 -0.40622	
6.33	1.51115e-15 0 -0.40622	
6.34	1.51115e-15 0 -0.40622	
6.35	1.51722e-15 0 -0.40622	
6.36	1.51722e-15 0 -0.40622	
6.37	1.51115e-15 0 -0.40622	
6.38	1.51736e-15 0 -0.40622	
6.39	1.51722e-15 0 -0.40622	
6.4	1.51115e-15 0 -0.40622	
6.41	1.51115e-15 0 -0.40622	
6.42	1.51722e-15 0 -0.40622	
6.43	1.51115e-15 0 -0.40622	
6.44	1.51115e-15 0 -0.40622	
6.45	1.51128e-15 0 -0.40622	
6.46	1.51769e-15 0 -0.40622	
6.47	1.51128e-15 0 -0.40622	
6.48	1.51115e-15 0 -0.40622	
6.49	1.51722e-15 0 -0.40622	
6.5	1.51115e-15 0 -0.40622	
6.51	1.51115e-15 0 -0.40622	
6.52	1.51722e-15 0 -0.40622	
6.53	1.51115e-15 0 -0.40622	
6.54	1.51115e-15 0 -0.40622	
6.55	1.51115e-15 0 -0.40622	
6.56	1.51115e-15 0 -0.40622	
6.57	1.51722e-15 0 -0.40622	
6.58	1.51128e-15 0 -0.40622	
6.59	1.51115e-15 0 -0.40622	
6.6	1.51115e-15 0 -0.40622	
6.61	1.51148e-15 0 -0.40622	
6.62	1.51115e-15 0 -0.40622	
6.63	1.51115e-15 0 -0.40622	
6.64	1.51115e-15 0 -0.40622	
6.65	1.50508e-15 0 -0.40622	
6.66	1.51115e-15 0 -0.40622	
6.67	1.51102e-15 0 -0.40622	
6.68	1.51102e-15 0 -0.40622	
6.69	1.51089e-15 0 -0.40622	
6.7	1.51089e-15 0 -0.40622	
6.71	1.51089e-15 0 -0.40622	
6.72	1.51115e-15 0 -0.40622	
6.73	1.51115e-15 0 -0.40622	
6.74	1.51115e-15 0 -0.40622	
6.75	1.51722e-15 0 -0.40622	
6.76	1.51115e-15 0 -0.40622	
6.77	1.51115e-15 0 -0.40622	
6.78	1.51102e-15 0 -0.40622	
6.79	1.51135e-15 0 -0.40622	
6.8	1.51102e-15 0 -0.40622	
6.81	1.51102e-15 0 -0.40622	
6.82	1.51115e-15 0 -0.40622	
6.83	1.51102e-15 0 -0.40622	
6.84	1.51102e-15 0 -0.40622	
6.85	1.51102e-15 0 -0.40622	
6.86	1.51102e-15 0 -0.40622	
6.87	1.51709e-15 0 -0.40622	
6.88	1.51115e-15 0 -0.40622	
6.89	1.51102e-15 0 -0.40622	
6.9	1.51102e-15 0 -0.40622	
6.91	1.51115e-15 0 -0.40622	
6.92	1.51102e-15 0 -0.40622	
6.93	1.51102e-15 0 -0.40622	
6.94	1.51115e-15 0 -0.40622	
6.95	1.51102e-15 0 -0.40622	
6.96	1.51115e-15 0 -0.40622	
6.97	1.51102e-15 0 -0.40622	
6.98	1.51102e-15 0 -0.40622	
6.99	1.51102e-15 0 -0.40622	
7	1.51148e-15 0 -0.40622	
7.01	1.51115e-15 0 -0.40622	
7.02	1.51148e-15 0 -0.40622	
7.03	1.51148e-15 0 -0.40622	
7.04	1.51148e-15 0 -0.40622	
7.05	1.51148e-15 0 -0.40622	
7.06	1.51148e-15 0 -0.40622	
7.07	1.51162e-15 0 -0.40622	
7.08	1.51148e-15 0 -0.40622	
7.09	1.51743e-15 0 -0.40622	
7.1	1.51743e-15 0 -0.40622	
7.11	1.51148e-15 0 -0.40622	
7.12	1.51148e-15 0 -0.40622	
7.13	1.51148e-15 0 -0.40622	
7.14	1.51789e-15 0 -0.40622	
7.15	1.51756e-15 0 -0.40622	
7.16	1.51769e-15 0 -0.40622	
7.17	1.51756e-15 0 -0.40622	
7.18	1.51148e-15 0 -0.40622	
7.19	1.51789e-15 0 -0.40622	
7.2	1.51148e-15 0 -0.40622	
7.21	1.51789e-15 0 -0.40622	
7.22	1.51756e-15 0 -0.40622	
7.23	1.51769e-15 0 -0.40622	
7.24	1.51135e-15 0 -0.40622	
7.25	1.51148e-15 0 -0.40622	
7.26	1.51162e-15 0 -0.40622	
7.27	1.51756e-15 0 -0.40622	
7.28	1.51148e-15 0 -0.40622	
7.29	1.51148e-15 0 -0.40622	
7.3	1.51148e-15 0 -0.40622	
7.31	1.51148e-15 0 -0.40622	
7.32	1.51148e-15 0 -0.40622	
7.33	1.51148e-15 0 -0.40622	
7.34	1.51148e-15 0 -0.40622	
7.35	1.51148e-15 0 -0.40622	
7.36	1.51135e-15 0 -0.40622	
7.37	1.51182e-15 0 -0.40622	
7.38	1.51148e-15 0 -0.40622	
7.39	1.51148e-15 0 -0.40622	
7.4	1.51789e-15 0 -0.40622	
7.41	1.51162e-15 0 -0.40622	
7.42	1.51148e-15 0 -0.40622	
7.43	1.51162e-15 0 -0.40622	
7.44	1.51148e-15 0 -0.40622	
7.45	1.51148e-15 0 -0.40622	
7.46	1.51148e-15 0 -0.40622	
7.47	1.51148e-15 0 -0.40622	
7.48	1.61797e-15 0 -0.40622	
7.49	1.68116e-15 0 -0.40622	
7.5	1.75422e-15 0 -0.40622	
7.51	1.79206e-15 0 -0.40622	
7.52	1.84585e-15 0 -0.40622	
7.53	1.8847e-15 0 -0.40622	
7.54	1.91351e-15 0 -0.40622	
7.55	1.92893e-15 0 -0.40622	
7.56	1.93663e-15 0 -0.40622	
7.57	1.95103e-15 0 -0.40622	
7.58	1.93968e-15 0 -0.40622	
7.59	1.93101e-15 0 -0.40622	
7.6	1.9143e-15 0 -0.40622	
7.61	1.89277e-15 0 -0.40622	
7.62	1.87148e-15 0 -0.40622	
7.63	1.84001e-15 0 -0.40622	
7.64	1.81879e-15 0 -0.40622	
7.65	1.79343e-15 0 -0.40622	
7.66	1.7743e-15 0 -0.40622	
7.67	1.75931e-15 0 -0.40622	
7.68	1.75174e-15 0 -0.40622	
7.69	1.73852e-15 0 -0.40622	
7.7	1.74304e-15 0 -0.40622	
7.71	1.73804e-15 0 -0.40622	
7.72	1.74444e-15 0 -0.40622	
7.73	1.75109e-15 0 -0.40622	
7.74	1.75966e-15 0 -0.40622	
7.75	1.75997e-15 0 -0.40622	
7.76	1.76901e-15 0 -0.40622	
7.77	1.77552e-15 0 -0.40622	
7.78	1.78597e-15 0 -0.40622	
7.79	1.7867e-15 0 -0.40622	
7.8	1.7935e-15 0 -0.40622	
7.81	1.79808e-15 0 -0.40622	
7.82	1.80477e-15 0 -0.40622	
7.83	1.80926e-15 0 -0.40622	
7.84	1.80999e-15 0 -0.40622	
7.85	1.80828e-15 0 -0.40622	
7.86	1.80924e-15 0 -0.40622	
7.87	1.80612e-15 0 -0.40622	
7.88	1.81058e-15 0 -0.40622	
7.89	1.80322e-15 0 -0.40622	
7.9	1.81163e-15 0 -0.40622	
7.91	1.81169e-15 0 -0.40622	
7.92	1.8076e-15 0 -0.40622	
7.93	1.81356e-15 0 -0.40622	
7.94	1.81368e-15 0 -0.40622	
7.95	1.81743e-15 0 -0.40622	
7.96	1.82588e-15 0 -0.40622	
7.97	1.83121e-15 0 -0.40622	
7.98	1.83153e-15 0 -0.40622	
7.99	1.83777e-15 0 -0.40622	
8	1.84772e-15 0 -0.40622	
8.01	1.84825e-15 0 -0.40622	
8.02	1.85036e-15 0 -0.40622	
8.03	1.84443e-15 0 -0.40622	
8.04	1.84686e-15 0 -0.40622	
8.05	1.84885e-15 0 -0.40622	
8.06	1.84938e-15 0 -0.40622	
8.07	1.8505e-15 0 -0.40622	
8.08	1.85247e-15 0 -0.40622	
8.09	1.8603e-15 0 -0.40622	
8.1	1.86188e-15 0 -0.40622	
8.11	1.85804e-15 0 -0.40622	
8.12	1.86132e-15 0 -0.40622	
8.13	1.86454e-15 0 -0.40622	
8.14	1.8562e-15 0 -0.40622	
8.15	1.85394e-15 0 -0.40622	
8.16	1.85155e-15 0 -0.40622	
8.17	1.83489e-15 0 -0.40622	
8.18	1.82615e-15 0 -0.40622	
8.19	1.81895e-15 0 -0.40622	
8.2	1.80187e-15 0 -0.40622	
8.21	1.78561e-15 0 -0.40622	
8.22	1.76807e-15 0 -0.40622	
8.23	1.75043e-15 0 -0.40622	
8.24	1.74152e-15 0 -0.40622	
8.25	1.72156e-15 0 -0.40622	
8.26	1.70715e-15 0 -0.40622	
8.27	1.68368e-15 0 -0.40622	
8.28	1.66832e-15 0 -0.40622	
8.29	1.64774e-15 0 -0.40622	
8.3	1.62304e-15 0 -0.40622	
8.31	1.59544e-15 0 -0.40622	
8.32	1.56966e-15 0 -0.40622	
8.33	1.54936e-15 0 -0.40622	
8.34	1.52472e-15 0 -0.40622	
8.35	1.49898e-15 0 -0.40622	
8.36	1.4655e-15 0 -0.40622	
8.37	1.43441e-15 0 -0.40622	
8.38	1.38831e-15 0 -0.40622	
8.39	1.35687e-15 0 -0.40622	
8.4	1.32732e-15 0 -0.40622	
8.41	1.30059e-15 0 -0.40622	
8.42	1.26345e-15 0 -0.40622	
8.43	1.23319e-15 0 -0.40622	
8.44	1.20466e-15 0 -0.40622	
8.45	1.16003e-15 0 -0.40622	
8.46	1.12434e-15 0 -0.40622	
8.47	0.681729 -3.1664 -11.6747	
8.48	0.537392 -2.496 -9.65899	
8.49	0.42748 -1.9855 -7.9983	
8.5	0.335752 -1.55946 -6.63894	
8.51	0.267705 -1.2434 -5.51811	
8.52	0.211825 -0.983854 -4.59985	
8.53	0.16734 -0.777235 -3.84635	
8.54	0.132486 -0.615354 -3.22762	
8.55	0.103386 -0.480193 -2.72105	
8.56	0.0820142 -0.380928 -2.30417	
8.57	0.0637983 -0.296322 -1.96307	
8.58	0.191431 -0.67238 -6.4361	
8.59	0.142388 -0.522549 -5.7024	
8.6	0.105971 -0.389336 -4.74841	
8.61	0.0780377 -0.287104 -3.96613	
8.62	0.0563335 -0.207632 -3.32483	
8.63	-0.0770267 0.321536 12.2112	
8.64	-0.0491087 0.201335 20.8313	
8.65	-0.0139062 0.0634038 16.9918	
8.66	0.0182827 -0.0625155 13.8461	
8.67	0.0383495 -0.141361 11.268	
8.68	0.0463167 -0.173277 9.15489	
8.69	0.0548753 -0.20726 7.42385	
8.7	0.0569279 -0.215974 6.00596	
8.71	0.0571561 -0.217506 4.84422	
8.72	0.0532966 -0.203154 3.89296	
8.73	0.0495098 -0.188986 3.11409	
8.74	0.0439276 -0.167813 2.47614	
8.75	0.0374385 -0.143078 1.95408	
8.76	0.0325306 -0.124388 1.52635	
8.77	0.0281874 -0.107832 1.17609	
8.78	0.0242443 -0.0927841 0.889313	
8.79	0.0207113 -0.0792892 0.654466	
8.8	0.0179321 -0.0686775 0.462102	
8.81	0.0156166 -0.059835 0.304553	
8.82	0.0134408 -0.0515154 0.175529	
8.83	0.0114063 -0.0437272 0.0699303	
8.84	0.00948961 -0.0363829 -0.0164785	
8.85	0.00805067 -0.0308725 -0.0872938	
8.86	0.00679698 -0.0260695 -0.14526	
8.87	0.00566921 -0.0217462 -0.192713	
8.88	0.00481528 -0.0184744 -0.231603	
8.89	0.0040583 -0.0155725 -0.263434	
8.9	0.00340258 -0.013058 -0.289491	
8.91	0.00285139 -0.010944 -0.310829	
8.92	0.00241093 -0.00925489 -0.328307	
8.93	0.00204207 -0.00784022 -0.342623	
8.94	0.00172712 -0.00663197 -0.354339	
8.95	0.00145052 -0.00557051 -0.363932	
8.96	0.00121536 -0.00466786 -0.371781	
8.97	0.00101122 -0.00388408 -0.378206	
8.98	0.000832288 -0.00319688 -0.383463	
8.99	0.000694241 -0.00266684 -0.387773	
9	0.000572546 -0.00219943 -0.391299	
9.01	0.00048357 -0.00185786 -0.394192	
9.02	0.00039844 -0.00153083 -0.396554	
9.03	0.00033422 -0.00128422 -0.398493	
9.04	0.000278146 -0.00106882 -0.400079	
9.05	0.000283613 -0.00108991 -0.400082	
9.06	0.000287254 -0.00110396 -0.400084	
9.07	0.000292259 -0.00112327 -0.400087	
9.08	0.000295268 -0.00113487 -0.400088	
9.09	0.00029846 -0.00114718 -0.40009	
9.1	0.000298049 -0.0011456 -0.400089	
9.11	0.000297944 -0.00114519 -0.400089	
9.12	0.000297889 -0.00114498 -0.400089	
9.13	0.000297224 -0.00114242 -0.400088	
9.14	0.000295989 -0.00113765 -0.400087	
9.15	0.00029485 -0.00113326 -0.400087	
9.16	0.000294411 -0.00113157 -0.400086	
9.17	0.000293455 -0.00112788 -0.400086	
9.18	0.000293997 -0.00112997 -0.400086	
9.19	0.00029391 -0.00112963 -0.400085	
9.2	0.000294623 -0.00113238 -0.400086	
9.21	0.000295408 -0.00113541 -0.400087	
9.22	0.00029633 -0.00113897 -0.400087	
9.23	0.000296726 -0.0011405 -0.400087	
9.24	0.000294707 -0.00113271 -0.400086	
9.25	0.000296624 -0.0011401 -0.400088	
9.26	0.000297464 -0.00114334 -0.400088	
9.27	0.000295781 -0.00113685 -0.400088	
9.28	0.000294335 -0.00113127 -0.400087	
9.29	0.000293124 -0.0011266 -0.400087	
9.3	0.000293846 -0.00112939 -0.400088	
9.31	0.000291355 -0.00111978 -0.400087	
9.32	0.000291954 -0.00112209 -0.400089	
9.33	0.000290002 -0.00111456 -0.400088	
9.34	0.000290311 -0.00111575 -0.400089	
9.35	0.000290399 -0.00111609 -0.40009	
9.36	0.000286799 -0.00110221 -0.400089	
9.37	0.000285299 -0.00109642 -0.40009	
9.38	0.000283799 -0.00109064 -0.400091	
9.39	0.000282128 -0.00108419 -0.400092	
9.4	0.000278769 -0.00107124 -0.400092	
9.41	0.000277753 -0.00106732 -0.400093	
9.42	0.0002769 -0.00106403 -0.400094	
9.43	0.000279028 -0.00107224 -0.400097	
9.44	0.000278662 -0.00107083 -0.400098	
9.45	0.000275127 -0.0010572 -0.400099	
9.46	0.000275113 -0.00105714 -0.4001	
9.47	0.000274705 -0.00105557 -0.400102	
9.48	0.000274721 -0.00105563 -0.400104	
9.49	0.000274932 -0.00105645 -0.400105	
9.5	0.000274171 -0.00105351 -0.400107	
9.51	0.000274002 -0.00105287 -0.400108	
9.52	0.000274237 -0.00105377 -0.40011	
9.53	0.000274199 -0.00105363 -0.400112	
9.54	0.000275029 -0.00105683 -0.400113	
9.55	0.000275977 -0.00106049 -0.400115	
9.56	0.000276398 -0.00106211 -0.400115	
9.57	0.000278047 -0.00106848 -0.400117	
9.58	0.000279858 -0.00107546 -0.400119	
9.59	0.000284675 -0.00109404 -0.400122	
9.6	0.000288306 -0.00110805 -0.400125	
9.61	0.000291076 -0.00111873 -0.400126	
9.62	0.000294971 -0.00113376 -0.400129	
9.63	0.000298868 -0.00114879 -0.400132	
9.64	0.000304516 -0.00117058 -0.400135	
9.65	0.000306103 -0.0011767 -0.400136	
9.66	0.000310619 -0.00119412 -0.400138	
9.67	0.00031557 -0.00121322 -0.40014	
9.68	0.000319137 -0.00122698 -0.400141	
9.69	0.000322152 -0.00123861 -0.400142	
9.7	0.000321449 -0.0012359 -0.40014	
9.71	0.000322139 -0.00123856 -0.400139	
9.72	0.000324433 -0.00124741 -0.40014	
9.73	0.000325564 -0.00125177 -0.400141	
9.74	0.000326696 -0.00125614 -0.400142	
9.75	0.000328879 -0.00126456 -0.400143	
9.76	0.000330704 -0.0012716 -0.400144	
9.77	0.000334956 -0.001288 -0.400146	
9.78	0.000337473 -0.00129771 -0.400147	
9.79	0.000340553 -0.00130959 -0.40015	
9.8	0.000344107 -0.0013233 -0.400152	
9.81	0.000347322 -0.0013357 -0.400154	
9.82	0.000351567 -0.00135208 -0.400158	
9.83	0.000352369 -0.00135517 -0.40016	
9.84	0.000359164 -0.00138139 -0.400165	
9.85	0.000360445 -0.00138633 -0.400167	
9.86	0.000361266 -0.0013895 -0.400168	
9.87	0.0003645 -0.00140197 -0.400171	
9.88	0.000364165 -0.00140068 -0.40017	
9.89	0.000366976 -0.00141153 -0.400173	
9.9	0.000369619 -0.00142172 -0.400173	
9.91	0.000370463 -0.00142497 -0.400174	
9.92	0.000375893 -0.00144592 -0.400177	
9.93	0.000378817 -0.0014572 -0.40018	
9.94	0.00037818 -0.00145475 -0.400179	
9.95	0.00037893 -0.00145764 -0.400179	
9.96	0.000381378 -0.00146708 -0.40018	
9.97	0.000381565 -0.0014678 -0.40018	
9.98	0.000381642 -0.0014681 -0.40018	
9.99	0.000384031 -0.00147732 -0.400182	
10	0.00038343 -0.001475 -0.400181	
10.01	0.000382773 -0.00147246 -0.400181	
10.02	0.000382306 -0.00147066 -0.400181	
10.03	0.000383343 -0.00147466 -0.400182	
10.04	0.0003807 -0.00146447 -0.400181	
10.05	0.000378868 -0.0014574 -0.40018	
10.06	0.000375423 -0.00144411 -0.400179	
10.07	0.000373073 -0.00143505 -0.400178	
10.08	0.000368367 -0.00141689 -0.400176	
10.09	0.000365899 -0.00140737 -0.400174	
10.1	0.000362857 -0.00139564 -0.400173	
10.11	0.000359002 -0.00138077 -0.400171	
10.12	0.00035596 -0.00136903 -0.400169	
10.13	0.000352104 -0.00135416 -0.400168	
10.14	0.000347828 -0.00133766 -0.400165	
10.15	0.000348487 -0.00134021 -0.400167	
10.16	0.000346133 -0.00133113 -0.400167	
10.17	0.000342431 -0.00131685 -0.400165	
10.18	0.000340231 -0.00130836 -0.400164	
10.19	0.000338847 -0.00130302 -0.400164	
10.2	0.000336492 -0.00129394 -0.400163	
10.21	0.000336916 -0.00129558 -0.400164	
10.22	0.00033333 -0.00128174 -0.400162	
10.23	0.000331825 -0.00127594 -0.400161	
10.24	0.000333219 -0.00128132 -0.400162	
10.25	0.000332412 -0.0012782 -0.400162	
10.26	0.000332149 -0.00127719 -0.400162	
10.27	0.000331342 -0.00127407 -0.400161	
10.28	0.000330534 -0.00127096 -0.400161	
10.29	0.00032834 -0.00126249 -0.400159	
10.3	0.00032823 -0.00126207 -0.400159	
10.31	0.000327272 -0.00125837 -0.400159	
10.32	0.000327311 -0.00125852 -0.400158	
10.33	0.00032732 -0.00125856 -0.400158	
10.34	0.00032718 -0.00125802 -0.400159	
10.35	0.000324168 -0.0012464 -0.400157	
10.36	0.000323359 -0.00124328 -0.400156	
10.37	0.000320898 -0.00123378 -0.400156	
10.38	0.000320906 -0.00123382 -0.400156	
10.39	0.000320098 -0.0012307 -0.400156	
10.4	0.000319842 -0.00122971 -0.400156	
10.41	0.000319153 -0.00122706 -0.400156	
10.42	0.000317939 -0.00122237 -0.400157	
10.43	0.00031725 -0.00121972 -0.400157	
10.44	0.00031642 -0.00121651 -0.400157	
10.45	0.000314773 -0.00121016 -0.400157	
10.46	0.000313945 -0.00120697 -0.400158	
10.47	0.000312437 -0.00120115 -0.400157	
10.48	0.000311492 -0.00119751 -0.400157	
10.49	0.000310667 -0.00119432 -0.400157	
10.5	0.000309858 -0.00119121 -0.400157	
10.51	0.000309035 -0.00118803 -0.400157	
10.52	0.000309045 -0.00118807 -0.400157	
10.53	0.000308104 -0.00118444 -0.400158	
10.54	0.000307414 -0.00118178 -0.400157	
10.55	0.000306725 -0.00117912 -0.400157	
10.56	0.000305085 -0.0011728 -0.400157	
10.57	0.000304526 -0.00117064 -0.400156	
10.58	0.000302875 -0.00116427 -0.400157	
10.59	0.000301366 -0.00115845 -0.400156	
10.6	0.000300675 -0.00115579 -0.400156	
10.61	0.00030044 -0.00115488 -0.400156	
10.62	0.000299749 -0.00115221 -0.400156	
10.63	0.000298941 -0.00114909 -0.400156	
10.64	0.000300333 -0.00115447 -0.400157	
10.65	0.000299517 -0.00115132 -0.400158	
10.66	0.0002972 -0.00114238 -0.400157	
10.67	0.000295567 -0.00113608 -0.400157	
10.68	0.000294759 -0.00113296 -0.400156	
10.69	0.000295577 -0.00113612 -0.400157	
10.7	0.000292436 -0.00112401 -0.400156	
10.71	0.000290805 -0.00111772 -0.400156	
10.72	0.000291745 -0.00112134 -0.400156	
10.73	0.000290114 -0.00111505 -0.400156	
10.74	0.000288721 -0.00110968 -0.400155	
10.75	0.000287093 -0.0011034 -0.400154	
10.76	0.000287795 -0.0011061 -0.400154	
10.77	0.000286401 -0.00110073 -0.400154	
10.78	0.000286401 -0.00110073 -0.400154	
10.79	0.000284072 -0.00109174 -0.400152	
10.8	0.000283952 -0.00109128 -0.400153	
10.81	0.000281856 -0.0010832 -0.400151	
10.82	0.00028244 -0.00108545 -0.400152	
10.83	0.00028244 -0.00108545 -0.400152	
10.84	0.000280227 -0.00107691 -0.40015	
10.85	0.000279994 -0.00107601 -0.400152	
10.86	0.000280697 -0.00107872 -0.400152	
10.87	0.000280582 -0.00107828 -0.400153	
10.88	0.000278957 -0.00107201 -0.400153	
10.89	0.000279547 -0.00107429 -0.400154	
10.9	0.00028025 -0.001077 -0.400154	
10.91	0.000281768 -0.00108286 -0.400153	
10.92	0.000280144 -0.00107659 -0.400153	
10.93	0.000281439 -0.00108159 -0.400154	
10.94	0.000280046 -0.00107622 -0.400153	
10.95	0.000280639 -0.0010785 -0.400154	
10.96	0.000279723 -0.00107497 -0.400154	
10.97	0.000280544 -0.00107814 -0.400154	
10.98	0.000278926 -0.0010719 -0.400154	
10.99	0.000279747 -0.00107506 -0.400153	
11	0.000278236 -0.00106923 -0.400152	
11.01	0.000277336 -0.00106576 -0.400153	
11.02	0.000278039 -0.00106847 -0.400153	
11.03	0.000276528 -0.00106264 -0.400151	
11.04	0.000275735 -0.00105959 -0.400151	
11.05	0.000275633 -0.00105919 -0.400152	
11.06	0.000274239 -0.00105382 -0.400151	
11.07	0.000272627 -0.0010476 -0.40015	
11.08	0.000273232 -0.00104993 -0.400151	
11.09	0.000273251 -0.00105001 -0.400152	
11.1	0.000271547 -0.00104343 -0.400152	
11.11	0.00027157 -0.00104352 -0.400153	
11.12	0.000269965 -0.00103733 -0.400153	
11.13	0.000268361 -0.00103114 -0.400153	
11.14	0.000269092 -0.00103397 -0.400154	
11.15	0.00026749 -0.00102779 -0.400154	
11.16	0.000268195 -0.00103051 -0.400154	
11.17	0.000266008 -0.00102207 -0.400153	
11.18	0.000266743 -0.00102491 -0.400155	
11.19	0.000264526 -0.00101635 -0.400153	
11.2	0.000262222 -0.00100746 -0.400152	
11.21	0.00026054 -0.00100098 -0.400153	
11.22	0.00026296 -0.00101031 -0.400152	
11.23	0.000260658 -0.00100143 -0.400152	
11.24	0.000260775 -0.00100189 -0.400152	
11.25	0.000260693 -0.00100157 -0.400153	
11.26	0.000260692 -0.00100157 -0.400152	
11.27	0.000258392 -0.000992694 -0.400151	
11.28	0.000258429 -0.000992837 -0.400152	
11.29	0.000260765 -0.00100184 -0.400152	
11.3	0.000260607 -0.00100124 -0.400153	
11.31	0.000260724 -0.00100169 -0.400153	
11.32	0.000260647 -0.00100139 -0.400153	
11.33	0.000258353 -0.000992542 -0.400152	
11.34	0.000260731 -0.00100171 -0.400153	
11.35	0.000260731 -0.00100171 -0.400153	
11.36	0.000260774 -0.00100188 -0.400153	
11.37	0.000260818 -0.00100205 -0.400153	
11.38	0.000258645 -0.00099367 -0.400152	
11.39	0.00026091 -0.00100241 -0.400153	
11.4	0.00025933 -0.00099631 -0.400152	
11.41	0.000259446 -0.000996756 -0.400151	
11.42	0.000260135 -0.000999415 -0.400153	
11.43	0.000258147 -0.000991748 -0.400151	
11.44	0.000257957 -0.000991015 -0.400153	
11.45	0.000258718 -0.000993952 -0.400154	
11.46	0.000258773 -0.000994167 -0.400155	
11.47	0.000259537 -0.000997112 -0.400156	
11.48	0.000260301 -0.00100006 -0.400158	
11.49	0.000258848 -0.000994458 -0.400158	
11.5	0.000259615 -0.000997417 -0.400159	
11.51	0.000259676 -0.000997653 -0.400161	
11.52	0.000257457 -0.000989095 -0.40016	
11.53	0.000258112 -0.000991622 -0.400161	
11.54	0.000258279 -0.000992264 -0.40016	
11.55	0.000258289 -0.000992307 -0.400163	
11.56	0.000258289 -0.000992307 -0.400163	
11.57	0.000256778 -0.000986477 -0.400163	
11.58	0.000256892 -0.000986916 -0.400163	
11.59	0.000259061 -0.000995284 -0.400166	
11.6	0.000256842 -0.000986725 -0.400165	
11.61	0.000254623 -0.000978166 -0.400163	
11.62	0.000256956 -0.000987164 -0.400165	
11.63	0.000256842 -0.000986725 -0.400165	
11.64	0.000254574 -0.000977979 -0.400165	
11.65	0.000254574 -0.000977979 -0.400165	
11.66	0.000254688 -0.000978418 -0.400165	
11.67	0.000254688 -0.000978418 -0.400165	
11.68	0.000254688 -0.000978418 -0.400165	
11.69	0.000254688 -0.000978418 -0.400165	
11.7	0.000254641 -0.000978236 -0.400166	
11.71	0.000254688 -0.000978418 -0.400165	
11.72	0.000252582 -0.000970294 -0.400164	
11.73	0.000252535 -0.000970113 -0.400165	
11.74	0.000252582 -0.000970294 -0.400164	
11.75	0.000252535 -0.000970113 -0.400165	
11.76	0.000252582 -0.000970294 -0.400164	
11.77	0.000252535 -0.000970113 -0.400165	
11.78	0.000252535 -0.000970113 -0.400165	
11.79	0.000250315 -0.00096155 -0.400164	
11.8	0.000252695 -0.000970731 -0.400164	
11.81	0.000250362 -0.000961732 -0.400163	
11.82	0.000252648 -0.00097055 -0.400166	
11.83	0.000250428 -0.000961987 -0.400165	
11.84	0.000252648 -0.00097055 -0.400166	
11.85	0.000252648 -0.00097055 -0.400166	
11.86	0.000250428 -0.000961987 -0.400165	
11.87	0.000252648 -0.00097055 -0.400166	
11.88	0.000250428 -0.000961987 -0.400165	
11.89	0.000250428 -0.000961987 -0.400165	
11.9	0.000250428 -0.000961987 -0.400165	
11.91	0.000251136 -0.000964718 -0.400165	
11.92	0.000251136 -0.000964718 -0.400165	
11.93	0.000251249 -0.000965154 -0.400165	
11.94	0.000248916 -0.000956154 -0.400164	
11.95	0.000249624 -0.000958884 -0.400164	
11.96	0.000249737 -0.00095932 -0.400164	
11.97	0.000249737 -0.00095932 -0.400164	
11.98	0.000249624 -0.000958884 -0.400164	
11.99	0.000249624 -0.000958884 -0.400164	
12	0.000249624 -0.000958884 -0.400164	
12.01	0.000247517 -0.000950756 -0.400163	
12.02	0.000248224 -0.000953486 -0.400164	
12.03	0.000250445 -0.00096205 -0.400165	
12.04	0.000251152 -0.00096478 -0.400165	
12.05	0.00025186 -0.000967511 -0.400165	
12.06	0.000250348 -0.000961678 -0.400165	
12.07	0.000250348 -0.000961678 -0.400165	
12.08	0.000251056 -0.000964408 -0.400165	
12.09	0.000251876 -0.000967573 -0.400166	
12.1	0.000250251 -0.000961305 -0.400165	
12.11	0.000248739 -0.000955472 -0.400165	
12.12	0.000250155 -0.000960933 -0.400165	
12.13	0.000250863 -0.000963663 -0.400166	
12.14	0.000251683 -0.000966828 -0.400166	
12.15	0.000248546 -0.000954726 -0.400164	
12.16	0.000249962 -0.000960188 -0.400165	
12.17	0.00025149 -0.000966082 -0.400166	
12.18	0.000252085 -0.000968378 -0.400166	
12.19	0.000253771 -0.000974881 -0.400166	
12.2	0.000252101 -0.000968439 -0.400166	
12.21	0.000251296 -0.000965337 -0.400166	
12.22	0.000252712 -0.000970797 -0.400167	
12.23	0.0002512 -0.000964964 -0.400166	
12.24	0.000252615 -0.000970424 -0.400167	
12.25	0.000253323 -0.000973154 -0.400167	
12.26	0.000251923 -0.000967755 -0.400166	
12.27	0.000252631 -0.000970485 -0.400167	
12.28	0.000253339 -0.000973214 -0.400167	
12.29	0.000252579 -0.000970285 -0.400165	
12.3	0.00025313 -0.000972409 -0.400167	
12.31	0.00025173 -0.000967009 -0.400166	
12.32	0.000250105 -0.000960743 -0.400165	
12.33	0.000250926 -0.000963906 -0.400166	
12.34	0.000251633 -0.000966637 -0.400166	
12.35	0.000250717 -0.000963101 -0.400166	
12.36	0.000251537 -0.000966264 -0.400166	
12.37	0.000252244 -0.000968994 -0.400167	
12.38	0.00025144 -0.000965891 -0.400166	
12.39	0.000252036 -0.000968188 -0.400166	
12.4	0.000251343 -0.000965518 -0.400166	
12.41	0.000252051 -0.000968248 -0.400166	
12.42	0.000253466 -0.000973708 -0.400167	
12.43	0.000252662 -0.000970606 -0.400167	
12.44	0.000251858 -0.000967503 -0.400166	
12.45	0.00025323 -0.000972796 -0.400168	
12.46	0.000250094 -0.000960698 -0.400167	
12.47	0.000252329 -0.000969322 -0.400168	
12.48	0.000253675 -0.000974514 -0.400167	
12.49	0.00025294 -0.00097168 -0.400168	
12.5	0.000254356 -0.000977139 -0.400169	
12.51	0.000253439 -0.000973604 -0.400168	
12.52	0.000252635 -0.000970502 -0.400168	
12.53	0.000252609 -0.000970404 -0.400169	
12.54	0.000254066 -0.000976023 -0.400169	
12.55	0.000253857 -0.000975217 -0.400169	
12.56	0.00025598 -0.000983406 -0.40017	
12.57	0.000255843 -0.000982876 -0.400171	
12.58	0.000255859 -0.000982938 -0.400171	
12.59	0.000255803 -0.000982723 -0.40017	
12.6	0.0212815 -0.0615103 0.12233	
12.61	-0.0546734 -0.409647 2.81283	
12.62	-0.015945 -0.35531 2.38769	
12.63	-0.124278 -0.970647 6.70598	
12.64	-0.230607 -0.998931 6.67756	
12.65	0.176056 -1.42961 9.71201	
12.66	0.258348 -1.43828 9.85143	
12.67	0.598699 -2.07205 14.078	
12.68	0.359234 -1.83551 12.5988	
12.69	0.371505 -2.71463 17.5108	
12.7	0.293883 -2.14588 14.279	
12.71	0.461071 -2.86247 18.6851	
12.72	0.581933 -2.40449 16.0227	
12.73	0.696516 -2.89679 19.5521	
12.74	0.535575 -2.73709 18.3186	
12.75	0.697315 -2.9375 19.5649	
12.76	0.630034 -2.87167 19.1072	
12.77	0.800904 -3.21634 20.99	
12.78	0.633015 -2.73907 18.2921	
12.79	0.164856 -3.24972 21.3553	
12.8	0.768168 -2.75236 18.7417	
12.81	0.657231 -3.16116 21.3301	
12.82	0.862187 -2.72893 18.7511	
12.83	0.751923 -3.15772 21.5486	
12.84	0.421077 -2.86876 19.5173	
12.85	0.921134 -3.16552 21.5719	
12.86	0.536885 -3.05179 20.3162	
12.87	0.630261 -3.12048 20.7326	
12.88	0.945938 -3.22685 21.1782	
12.89	0.662925 -3.05228 19.919	
12.9	0.742528 -3.25407 21.2501	
12.91	0.873421 -3.01888 19.9498	
12.92	0.6186 -3.18151 21.7466	
12.93	0.83418 -2.99382 20.3494	
12.94	0.774586 -3.18228 21.449	
12.95	0.553469 -3.13603 20.7544	
12.96	0.557153 -3.33689 21.6985	
12.97	0.690526 -3.15477 20.6713	
12.98	0.675705 -3.24065 21.4081	
12.99	0.758324 -3.19086 21.002	
13	0.829587 -3.32763 21.6305	
13.01	0.820475 -3.27886 21.4229	
13.02	1.065 -3.30945 21.6834	
13.03	0.407565 -3.32406 21.6948	
13.04	1.49048 -3.3906 22.5258	
13.05	0.151026 -3.22664 21.2526	
13.06	1.7142 -3.28883 22.2856	
13.07	0.419221 -3.14121 20.9641	
13.08	1.14135 -3.18834 21.6216	
13.09	0.886278 -2.94588 20.2917	
13.1	0.526218 -2.93791 20.371	
13.11	0.360307 -2.90093 20.3199	
13.12	0.80849 -2.67583 19.6858	
13.13	0.422195 -2.71629 19.9464	
13.14	0.567628 -2.47505 18.6097	
13.15	0.437849 -2.60395 19.2786	
13.16	0.40757 -2.47907 18.2707	
13.17	0.410618 -2.57906 18.6365	
13.18	0.427062 -2.49585 17.7614	
13.19	0.100765 -2.70943 18.6038	
13.2	0.303952 -2.48537 17.2653	
13.21	0.0608612 -2.83544 19.2296	
13.22	0.262332 -2.5387 17.415	
13.23	0.0715001 -2.82966 19.1571	
13.24	0.29553 -2.55817 17.4957	
13.25	0.0481967 -2.83595 19.1107	
13.26	0.307952 -2.58524 17.5837	
13.27	0.0249451 -2.8284 18.9805	
13.28	0.33266 -2.63771 17.7771	
13.29	0.0895361 -2.91963 19.1648	
13.3	0.220068 -2.7534 18.0747	
13.31	0.033101 -3.07103 19.9798	
13.32	0.480507 -2.89652 19.0321	
13.33	0.0841918 -3.10886 20.0152	
13.34	0.191865 -2.97376 19.1206	
13.35	0.218362 -3.16565 20.1572	
13.36	0.191158 -2.96917 19.1853	
13.37	0.420177 -3.20188 21.2065	
13.38	0.307918 -3.0161 19.9032	
13.39	0.168928 -3.13585 20.8328	
13.4	0.243506 -3.08496 20.4973	
13.41	-0.0223055 -3.18189 20.942	
13.42	0.812948 -3.08383 20.5041	
13.43	-0.580426 -3.27991 20.9451	
13.44	0.944203 -3.11689 20.5595	
13.45	-0.970251 -3.30127 20.8904	
13.46	1.02312 -3.10394 20.6049	
13.47	-1.12893 -3.27676 20.869	
13.48	1.02065 -3.07904 20.6491	
13.49	-1.32919 -3.36374 21.4336	
13.5	0.65021 -3.09446 20.7289	
13.51	0.703142 -3.0776 21.3515	
13.52	0.726801 -3.21291 22.1289	
13.53	0.440122 -3.08419 21.1808	
13.54	0.581947 -3.24495 22.193	
13.55	0.79509 -3.1762 21.7261	
13.56	0.269018 -3.20379 21.6374	
13.57	1.41681 -3.26871 22.3968	
13.58	-0.31883 -3.253 21.6549	
13.59	0.447828 -3.10343 21.4943	
13.6	0.715369 -3.19849 22.2972	
13.61	1.05497 -3.03872 21.4104	
13.62	0.74884 -3.36893 23.3319	
13.63	0.617318 -3.4172 23.152	
13.64	0.974326 -3.40975 23.0833	
13.65	0.579054 -3.20818 22.5507	
13.66	1.06023 -3.2587 23.9551	
13.67	0.208992 -3.1587 23.8646	
13.68	1.74077 -3.08544 24.4216	
13.69	-0.428924 -3.07892 23.7602	
13.7	1.74287 -3.46204 26.5954	
13.71	0.124173 -2.98524 22.9538	
13.72	1.05258 -3.79188 28.1286	
13.73	0.0576284 -3.16096 24.1568	
13.74	1.01406 -3.82042 28.4935	
13.75	-0.0570195 -3.43936 26.038	
13.76	0.946584 -3.60976 27.3895	
13.77	-0.193404 -2.76909 21.8225	
13.78	-0.17453 -2.17186 17.8124	
13.79	-0.848244 -1.70284 14.1092	
13.8	-0.704348 -1.33948 11.4882	
13.81	-0.660896 -1.07183 9.29025	
13.82	-0.775303 -0.868633 7.3967	
13.83	-0.762943 -0.689662 5.91132	
13.84	1.48604 0.325079 -1.79012	
13.85	1.46133 -0.307581 4.81104	
13.86	0.153497 -0.237014 3.25694	
13.87	1.71504 -0.349544 5.84818	
13.88	-0.997354 -0.25499 3.30541	
13.89	-0.819068 -0.207752 2.63618	
13.9	-0.675575 -0.165714 2.08333	
13.91	-1.37891 -0.129837 1.13808	
13.92	-1.12982 -0.104517 0.856295	
13.93	-1.49335 -0.0703855 0.322221	
13.94	-1.22329 -0.0560006 0.188968	
13.95	-1.60638 -0.103966 0.442433	
13.96	-1.45738 -0.0945807 0.362208	
13.97	32.9253 -1.16334 -7.52036	
13.98	-13.6509 -1.1805 0.950942	
13.99	-13.8287 -1.30517 2.39792	
14	-11.2999 -1.01824 2.02868	
14.01	-9.23786 -0.803123 1.67146	
14.02	-9.02529 -0.791503 2.22359	
14.03	47.7901 -3.34424 -17.8732	
14.04	-25.4069 -3.56968 0.121074	
14.05	-26.2408 -3.71727 3.38083	
14.06	-21.3757 -2.86833 3.18477	
14.07	-17.4437 -2.21452 2.92482	
14.08	7.6028 0.161033 -4.95446	
14.09	-36.8656 -3.52755 -4.98344	
14.1	-7.97345 -0.186497 -1.64187	
14.11	-24.2764 -1.75127 5.42186	
14.12	-74.1845 -33.3289 34.5793	
14.13	-28.4123 -0.713347 -0.230099	
14.14	-23.6378 0.118572 -1.0138	
14.15	-19.6846 0.868278 -1.72561	
14.16	-16.2908 1.42682 -2.24417	
14.17	-13.4377 1.45891 -2.21995	
14.18	-11.094 1.45462 -2.16776	
14.19	-9.17724 1.33262 -2.0009	
14.2	-7.53586 1.22251 -1.85069	
14.21	-6.18349 1.08638 -1.67917	
14.22	-5.06979 0.940394 -1.50227	
14.23	-4.15648 0.807094 -1.34295	
14.24	-3.41061 0.682715 -1.1966	
14.25	-2.79487 0.573856 -1.06921	
14.26	-2.28982 0.483099 -0.963177	
14.27	-1.87396 0.404303 -0.87156	
14.28	-1.53514 0.330651 -0.787037	
14.29	-1.26209 0.272719 -0.720495	
14.3	-1.03137 0.230011 -0.670681	
14.31	-0.844821 0.189942 -0.624642	
14.32	-26.7739 -4.12092 24.4103	
14.33	-11.9651 -3.55168 23.9781	
14.34	-9.79521 -2.88184 20.4222	
14.35	-7.35434 -2.25165 17.0686	
14.36	-33.7771 -1.05032 -0.701926	
14.37	-17.4773 0.0343222 2.54185	
14.38	-14.4214 0.0309109 2.16343	
14.39	-11.7124 0.0468502 1.83897	
14.4	-9.63173 0.0451456 1.55687	
14.41	-7.87303 0.0423394 1.24698	
14.42	-6.43895 0.0405334 1.00615	
14.43	-5.26604 0.0348639 0.761434	
14.44	12.5581 -0.200175 0.127939	
14.45	-17.2637 -1.44162 1.23895	
14.46	33.4979 -1.46226 -9.04002	
14.47	-26.2864 -3.69063 4.78279	
14.48	32.6332 -1.40458 -9.89364	
14.49	-29.7645 -3.32568 -4.18504	
14.5	27.8841 -0.0506404 -16.3888	
14.51	-25.8589 -1.79943 -6.01865	
14.52	24.1093 0.0679971 -14.4267	
14.53	-22.4834 -1.25307 -5.09836	
14.54	23.545 -0.54586 -9.96694	
14.55	-23.8296 -2.71912 1.5558	
14.56	22.6916 -0.819836 -6.09668	
14.57	-19.0821 -1.7203 -3.85435	
14.58	24.3221 -1.50238 -6.20794	
14.59	-6.27609 -2.12831 10.2973	
14.6	9.41329 -0.895071 1.89844	
14.61	-48.2631 -8.7808 -15.472	
14.62	-41.6268 -2.57678 -2.90056	
14.63	-15.3255 0.13062 -3.75178	
14.64	-43.0465 -5.52983 0.737798	
14.65	6.55538 -0.959724 0.144317	
14.66	-38.4069 -5.83386 -0.954261	
14.67	1.6646 -0.744403 -2.09843	
14.68	-11.6671 -2.03537 3.08819	
14.69	-9.7753 -0.347152 1.88094	
14.7	8.12809 -0.029482 2.03418	
14.71	-18.1519 -0.741823 -0.634908	
14.72	7.50584 0.0478836 -0.166274	
14.73	-16.9845 -0.30515 -3.15541	
14.74	0.695625 0.464931 -4.47891	
14.75	-10.441 0.163832 -2.28858	
14.76	-2.81474 0.626476 -8.79746	
14.77	-22.962 -0.645668 -2.26327	
14.78	-12.5229 0.260197 -8.85353	
14.79	-34.0692 -1.34874 -5.19058	
14.8	-3.4944 1.81483 -9.39105	
14.81	-16.2448 0.136349 -1.08435	
14.82	-8.25173 0.296345 -3.78855	
14.83	-9.34709 0.442366 -2.86122	
14.84	-10.4116 -0.332419 1.12567	
14.85	0.849549 -0.430319 2.0475	
14.86	-3.51824 -1.18099 1.88597	
14.87	-0.143358 -0.399308 0.0635982	
14.88	-0.123738 -0.295982 0.046214	
14.89	-0.104265 -0.243574 -0.0386946	
14.9	-0.0877892 -0.198033 -0.102417	
14.91	-0.0794565 -0.152962 -0.137951	
14.92	-0.0592853 -0.122786 -0.180676	
14.93	-0.0493597 -0.0971819 -0.214309	
14.94	-0.0455895 -0.0800943 -0.25081	
14.95	-0.0339174 -0.0633165 -0.273785	
14.96	-0.0311567 -0.0511655 -0.296728	
14.97	-0.0258219 -0.0413739 -0.315589	
14.98	-38.808 -5.06184 -17.2095	
14.99	29.9495 -3.41493 9.86148	
15	49.9238 -4.44338 9.25912	
15.01	9.55401 0.223143 -2.0939	
15.02	-66.7958 -14.7388 -24.2879	
15.03	51.1226 -11.1479 27.1266	
15.04	36.5607 -5.80628 9.38573	
15.05	63.0951 -6.77041 -13.1683	
15.06	-22.0475 -1.87969 -5.51999	
15.07	16.5349 0.656749 -16.8219	
15.08	5.89659 -0.137281 -4.15802	
15.09	4.82725 -0.0680468 -3.47206	
15.1	3.95351 -0.0221104 -2.91262	
15.11	3.23734 0.00289918 -2.45596	
15.12	2.65059 0.0109566 -2.08361	
15.13	2.17052 0.0186202 -1.77871	
15.14	1.77743 0.0224169 -1.52938	
15.15	-37.6113 -4.84322 -21.1682	
15.16	-24.4328 -1.44095 -15.9338	
15.17	-2.72951 -0.307853 -6.60586	
15.18	-26.7599 -1.11923 -10.9092	
15.19	6.85403 -0.433773 3.66559	
15.2	-21.3154 -1.13257 -0.0885748	
15.21	-4.82514 0.00244703 1.52004	
15.22	1.50569 -0.584774 7.25063	
15.23	-5.04573 -0.510509 4.27754	
15.24	7.71164 -1.10162 11.6361	
15.25	-1.73449 -1.2111 11.9958	
15.26	8.25083 -0.615474 7.47102	
15.27	-7.14814 -0.540304 2.68093	
15.28	11.9985 -1.11788 11.3805	
15.29	-4.90268 -1.05348 9.83536	
15.3	13.6975 -1.30745 14.1798	
15.31	-8.78152 -0.456856 3.8205	
15.32	17.465 -1.76625 16.3203	
15.33	-11.767 -0.872334 5.40315	
15.34	21.6735 -2.48158 20.348	
15.35	-14.4724 -1.27168 7.02179	
15.36	19.0264 -2.04423 13.7622	
15.37	-2.81432 -0.8339 5.84359	
15.38	22.8033 -0.932176 3.61665	
15.39	13.5333 -0.511829 3.93573	
15.4	35.8726 -1.79533 6.39163	
15.41	21.8091 -0.716023 2.41054	
15.42	13.2647 -0.133555 1.5821	
15.43	-1.50695 0.271655 -2.38513	
15.44	19.2903 0.0834391 -1.04629	
15.45	-8.89891 -0.180511 -1.69979	
15.46	17.1469 0.165395 -1.74874	
15.47	-3.87875 0.184 -3.57451	
15.48	16.3707 0.215289 -1.09752	
15.49	-3.64837 0.170007 -3.21871	
15.5	15.8547 0.234378 -0.899318	
15.51	-4.04331 0.0551222 -2.26021	
15.52	14.6157 0.175362 -0.231257	
15.53	-4.49761 -0.0565399 -1.74441	
15.54	14.6423 0.0627201 0.33309	
15.55	-6.00895 -0.0778218 -1.46654	
15.56	13.9339 0.144633 0.294031	
15.57	-5.95094 0.0855034 -4.20986	
15.58	12.5352 0.336441 -2.60495	
15.59	-40.1445 -4.15444 -1.18319	
15.6	-16.8951 -0.820851 0.440905	
15.61	-28.7287 -1.58573 -2.00289	
15.62	-7.01794 0.501079 -4.14655	
15.63	-19.8321 -0.704683 -1.14934	
15.64	2.64518 0.387882 -1.74083	
15.65	-11.4563 -0.249829 0.494955	
15.66	2.47612 0.0785625 -2.46743	
15.67	-4.44636 0.138649 -1.54113	
15.68	4.12539 0.262935 -2.45245	
15.69	-6.05718 -0.13583 -2.12824	
15.7	6.38218 0.161843 -2.02678	
15.71	1.86623 0.0939246 0.627185	
15.72	3.92729 0.28611 -1.10529	
15.73	3.50869 0.0216249 0.743531	
15.74	8.32993 0.237685 -0.755652	
15.75	4.70038 0.0201795 1.43858	
15.76	6.4127 -0.0805574 1.62199	
15.77	1.51075 0.118922 -0.0958586	
15.78	8.2985 0.254286 -1.225	
15.79	0.0103516 0.153158 -0.125588	
15.8	9.04228 0.218413 -0.773713	
15.81	1.90291 0.455274 -2.05859	
15.82	10.6188 0.785413 -6.76826	
15.83	-2.87437 0.0202933 -1.11367	
15.84	9.73633 -0.24899 0.723289	
15.85	-6.79323 -0.222528 2.66256	
15.86	6.81833 -0.136716 0.217191	
15.87	-9.49838 -0.559923 2.44921	
15.88	13.0283 -0.216874 1.08556	
15.89	-2.40899 0.379084 0.478902	
15.9	12.0737 0.536595 -1.59669	
15.91	-9.93575 -0.000137528 -2.72594	
15.92	7.23022 -0.137982 1.70012	
15.93	-14.0367 -0.689961 -0.00595726	
15.94	4.02055 -0.123643 1.23731	
15.95	-16.4915 -0.986819 0.158197	
15.96	1.50357 -0.403237 -2.4695	
15.97	-15.4144 -0.860485 0.415815	
15.98	-15.2311 -1.3054 0.0674774	
15.99	-16.5647 -1.02519 4.71603	
16	-14.437 -0.803152 4.43503	
16.01	-13.7933 -0.586268 10.7264	
16.02	-18.1446 -1.0666 1.46719	
16.03	-0.5354 0.0294635 -1.61695	
16.04	-16.0557 -0.856213 0.322797	
16.05	-1.12142 -0.126042 -1.24941	
16.06	-7.09624 -0.22188 1.06973	
16.07	6.76291 -0.0450569 -3.95016	
16.08	20.5867 -0.633738 0.131273	
16.09	33.1119 -2.06852 -2.4692	
16.1	16.8642 -0.258104 4.19088	
16.11	30.3129 -1.44742 3.20777	
16.12	-1.59756 -0.0477043 4.17361	
16.13	15.7975 -0.642684 0.178952	
16.14	-16.6957 -0.90619 5.54811	
16.15	-1.02953 -0.119438 4.1421	
16.16	-15.1247 -1.17581 10.6371	
16.17	-8.93248 -0.42098 15.9129	
16.18	-9.44227 -0.795867 11.2131	
16.19	-3.90251 0.0922465 7.9705	
16.2	-12.689 -0.566745 2.6657	
16.21	-3.87874 0.0117053 -2.25255	
16.22	-16.8173 -0.577588 1.46814	
16.23	-1.97015 -0.301622 -0.219299	
16.24	-12.5717 -0.438222 -0.294799	
16.25	-1.52605 -0.338773 -2.36566	
16.26	-3.73292 0.396439 3.84671	
16.27	10.7165 -0.0136516 -1.51005	
16.28	8.52053 0.53857 2.47878	
16.29	26.1174 -0.768005 -3.20965	
16.3	24.1581 -0.439518 1.65937	
16.31	46.7185 -3.44438 -3.53425	
16.32	55.7892 -4.73234 7.19342	
16.33	55.4578 -5.07367 -0.298539	
16.34	49.5352 -3.96012 -3.2947	
16.35	52.5427 -4.37902 0.191279	
16.36	46.0902 -3.2302 -1.4598	
16.37	37.013 -1.79223 -0.337985	
16.38	29.5351 -1.03173 -0.155316	
16.39	25.8994 -0.679812 0.118038	
16.4	20.1602 -0.22785 -0.254449	
16.41	17.4963 0.0108591 1.43749	
16.42	15.3943 -0.103684 1.41215	
16.43	13.3553 -0.0512094 1.12517	
16.44	9.08145 -0.0548089 1.3214	
16.45	11.8883 -0.168747 0.394787	
16.46	16.9543 0.056302 0.267896	
16.47	9.77154 0.203518 -1.82252	
16.48	14.9076 0.0476704 -1.00804	
16.49	8.34545 0.174237 -0.89705	
16.5	26.2523 -0.787159 -0.426045	
16.51	18.8908 -0.228673 -0.694582	
16.52	-0.669695 -0.254092 0.867922	
16.53	4.45983 -0.0660348 0.771771	
16.54	0.0460857 -0.0352678 -0.143558	
16.55	3.13216 0.145145 -0.305503	
16.56	1.63545 0.134149 -0.0919481	
16.57	3.00354 0.149876 -0.236753	
16.58	1.34581 0.106257 -0.266136	
16.59	-9.73291 -0.604852 0.454559	
16.6	14.3116 -0.64054 -0.11166	
16.61	-9.64039 -0.783583 0.0461796	
16.62	13.0807 -0.462903 -0.524677	
16.63	-9.97823 -0.556262 -0.677615	
16.64	13.4267 -0.145907 -1.80656	
16.65	-14.3938 -0.931353 -1.49773	
16.66	6.00632 -0.439257 -0.484324	
16.67	-9.31599 -0.606689 -0.920101	
16.68	-8.26628 -0.966948 -1.22409	
16.69	-3.91705 -0.0988112 1.24406	
16.7	-8.92811 -0.912974 2.93833	
16.71	-17.7853 -0.715428 -3.28029	
16.72	0.726093 -0.879197 -0.999647	
16.73	-11.3516 -0.390726 -0.454407	
16.74	4.01399 -1.64212 12.4875	
16.75	-8.61047 -0.442276 2.13904	
16.76	-2.91595 -1.6345 6.52419	
16.77	1.85542 0.428077 -1.5968	
16.78	-4.5985 -1.06854 2.39668	
16.79	0.656321 0.325154 -3.72867	
16.8	3.59084 -0.27549 -3.68365	
16.81	-4.58903 0.419322 -4.80229	
16.82	-6.42608 -0.209679 -5.32196	
16.83	-16.5862 -0.843509 -0.644432	
16.84	-9.23951 -1.75077 -0.538279	
16.85	-5.58948 0.482112 -3.71684	
16.86	-2.74631 -0.609495 0.324754	
16.87	-13.6429 -1.3257 10.8564	
16.88	82.4063 -1.51052 0.981439	
16.89	-5.84055 -7.73367 31.9682	
16.9	40.6735 4.21284 -57.719	
16.91	17.2609 -3.103 28.3115	
16.92	25.1062 0.718636 0.00804712	
16.93	3.33623 -1.37222 7.12018	
16.94	17.4421 -3.27802 5.46356	
16.95	-5.60471 -1.99721 5.70894	
16.96	-6.44107 -1.28683 2.274	
16.97	-6.80493 -1.74897 4.08223	
16.98	-10.4373 -0.276478 -6.42883	
16.99	21.0956 0.692101 -7.76337	
17	-25.8112 -7.95737 19.0362	
17.01	-42.574 -11.4415 21.565	
17.02	41.8417 0.680777 -12.8414	
17.03	132.57 -95.6413 -235.669	
17.04	-50.9638 -61.3423 -159.246	
17.05	-79.2975 -1.62066 -43.1847	
17.06	16.9737 10.1836 -21.9668	
17.07	8.19888 5.96544 -0.900137	
17.08	6.52467 3.97471 5.31756	
17.09	5.05422 3.37009 3.88624	
17.1	-4.98031 -1.07339 22.5448	
17.11	-4.62976 -0.52965 17.846	
17.12	-4.05887 -0.249352 14.2382	
17.13	-3.54337 -0.131267 11.5467	
17.14	-3.04489 -0.0201422 9.2505	
17.15	-1.1379 -0.170349 9.71423	
17.16	-0.499713 -0.23104 8.87203	
17.17	0.345997 -0.376703 8.94676	
17.18	0.398199 -0.493713 8.653	
17.19	0.749645 -0.787473 9.82045	
17.2	0.497522 -0.771494 8.84789	
17.21	0.509247 -1.0904 10.5489	
17.22	0.287712 -1.0844 9.93837	
17.23	0.453033 -1.37622 11.592	
17.24	0.0837639 -1.30218 10.629	
17.25	0.629016 -1.4976 12.0967	
17.26	-0.521018 -1.55003 11.6943	
17.27	1.35108 -1.52557 12.3998	
17.28	-0.442719 -1.6878 12.7233	
17.29	1.08691 -1.57311 12.743	
17.3	-0.983593 -1.83336 13.5966	
17.31	0.589535 -1.68552 13.3724	
17.32	-1.05295 -1.82194 13.57	
17.33	-0.86948 -1.44953 11.0455	
17.34	-0.716701 -1.15999 8.97656	
17.35	0.781781 -1.19566 10.0489	
17.36	-0.138574 -1.18555 9.52469	
17.37	0.737357 -1.3203 11.3653	
17.38	0.314275 -1.22766 11.9735	
17.39	0.457368 -1.23246 12.9951	
17.4	0.307229 -1.53098 15.3348	
17.41	0.573876 -1.67213 16.7923	
17.42	-25.6204 -0.922769 -2.80281	
17.43	21.1273 1.19965 -18.1376	
17.44	-23.6748 -2.20602 1.55853	
17.45	16.4146 -0.50186 -8.20441	
17.46	-15.4953 -1.43324 0.957001	
17.47	14.1341 -0.0692045 -7.78734	
17.48	-7.20865 -1.08538 -0.748441	
17.49	13.8691 -0.362038 -6.38876	
17.5	-28.88 -2.15234 -4.33061	
17.51	8.95818 -0.599752 6.52563	
17.52	-0.930465 -1.72445 11.8378	
17.53	-26.5817 -2.21197 -16.2876	
17.54	-33.63 -10.8401 0.0428008	
17.55	-38.1087 -9.15687 -21.0818	
17.56	-24.3445 2.92298 22.2987	
17.57	-20.5252 3.00306 12.4272	
17.58	-31.9751 3.32343 -13.8233	
17.59	-14.6377 1.20828 -6.88616	
17.6	-33.568 -2.97437 -1.22217	
17.61	-3.99123 -1.11948 -0.0533528	
17.62	-29.357 -3.90289 1.20276	
17.63	15.4387 -2.87779 3.80947	
17.64	-20.8969 -4.62199 7.68831	
17.65	17.4245 -0.992457 -8.85677	
17.66	-23.3077 -3.90726 -5.06553	
17.67	5.24137 -0.505321 -2.92974	
17.68	2.46355 2.65039 -25.5093	
17.69	14.9861 0.574902 1.09731	
17.7	0.434992 1.40539 -8.98141	
17.71	-23.3715 -0.0563772 -10.8416	
17.72	3.90587 -0.441863 7.66062	
17.73	-22.4387 -1.55863 12.0143	
17.74	-8.20759 0.742941 1.42119	
17.75	0.757429 1.79375 -0.20763	
17.76	0.798643 -0.7139 5.49278	
17.77	2.53226 -5.33636 36.6336	
17.78	7.09257 -25.0469 110.282	
17.79	-34.9959 -10.4482 48.6738	
17.8	40.3095 -2.78486 -32.6907	
17.81	-24.6567 -1.73099 -8.20363	
17.82	13.8825 -1.87696 7.3164	
17.83	-26.1886 -2.01499 -1.28172	
17.84	19.4843 -1.25154 -2.14801	
17.85	-26.4399 -1.79988 -2.87545	
17.86	12.7814 -1.66628 -0.840984	
17.87	-18.6779 -0.679177 -2.38153	
17.88	10.9098 -1.3435 -1.11186	
17.89	-16.1678 -0.49509 -0.339199	
17.9	14.7465 -1.07665 0.224527	
17.91	-15.0999 -0.557649 1.56996	
17.92	18.8371 -1.13619 4.42803	
17.93	-18.3582 -1.23615 4.14807	
17.94	16.5671 -0.399551 6.05326	
17.95	-14.0176 -0.941814 5.63645	
17.96	13.9387 0.437469 3.04822	
17.97	-11.3727 -1.06599 4.32117	
17.98	16.8451 0.9346 -1.40793	
17.99	-13.576 0.552078 -4.27035	
18	15.4533 0.956551 -6.90984	
18.01	-13.6315 -0.432213 2.20424	
18.02	14.1148 -0.783605 2.33768	
18.03	-19.8837 -0.30017 -3.16449	
18.04	-0.402228 -5.83668 23.58	
18.05	-16.6467 -1.83089 5.47775	
18.06	-10.2357 -8.14779 21.3099	
18.07	-16.8887 1.78101 -6.03821	
18.08	22.6952 -2.59365 2.17438	
18.09	-27.0664 -1.05486 -9.49108	
18.1	-1.85992 -45.8407 54.831	
18.11	-16.9449 -10.8137 21.6189	
18.12	-14.3822 -8.59446 17.9588	
18.13	-12.1216 -6.70833 14.5775	
18.14	-10.2722 -5.17207 11.8271	
18.15	-8.55647 -4.09412 9.58281	
18.16	-7.12727 -3.23342 7.7468	
18.17	-5.89224 -2.58768 6.24822	
18.18	-4.86983 -2.07278 5.02896	
18.19	7.85669 -4.18229 10.3522	
18.2	-10.4169 -3.48746 6.74144	
18.21	26.9309 -1.61207 -1.91905	
18.22	-21.3414 -3.85088 3.76815	
18.23	-14.185 -4.00041 2.68535	
18.24	24.1519 -1.97392 2.79169	
18.25	3.42798 -0.81052 3.72335	
18.26	8.04294 -1.48894 6.23869	
18.27	4.12437 -1.41398 6.55201	
18.28	9.70635 -1.26367 5.47171	
18.29	2.33005 -0.891791 4.84223	
18.3	8.64993 0.129132 0.620599	
18.31	5.85428 -1.58825 8.26173	
18.32	10.8006 0.77207 1.01006	
18.33	-9.96959 0.210148 -4.90177	
18.34	14.1815 -4.2175 18.0138	
18.35	12.0027 -4.25635 27.6142	
18.36	28.2679 -5.28513 23.8998	
18.37	22.7154 -14.9297 57.5867	
18.38	-8.29087 -4.41792 19.9075	
18.39	27.0104 -7.00556 31.0462	
18.4	-21.775 -2.12549 -4.43665	
18.41	14.0314 -1.92423 6.95167	
18.42	-9.4176 -2.98885 7.85035	
18.43	13.131 -2.35492 14.1925	
18.44	-11.2049 -3.79741 12.5485	
18.45	3.63539 -4.18728 20.1048	
18.46	-8.53482 -2.58175 0.0374671	
18.47	4.90967 0.0491777 -8.67939	
18.48	6.91337 -0.571728 -6.0443	
18.49	3.11745 0.712253 -6.04002	
18.5	12.2261 0.54853 -5.4401	
18.51	3.1717 -0.13714 2.56693	
18.52	15.4447 0.292529 -0.798068	
18.53	0.179358 -0.047579 0.629658	
18.54	16.6921 0.705775 -1.5854	
18.55	-1.33724 1.84563 -19.0681	
18.56	19.075 0.240818 1.78039	
18.57	0.638549 -1.51701 19.6198	
18.58	-9.1061 -1.73028 4.35777	
18.59	3.734 -0.463727 1.50243	
18.6	-1.80273 -0.606958 -0.723315	
18.61	6.24476 -0.0248607 -1.85294	
18.62	-2.6245 -0.816276 -1.2983	
18.63	8.32407 -0.245239 -0.553615	
18.64	-1.54621 -1.17453 0.8879	
18.65	8.3324 -0.427886 -0.718367	
18.66	2.60495 -0.886269 0.0615022	
18.67	7.60355 -0.0229386 -2.21496	
18.68	1.42351 -0.0551157 -6.58704	
18.69	4.05492 0.48932 -8.80878	
18.7	2.91539 -0.0763271 -8.54881	
18.71	4.81179 -2.13077 7.79586	
18.72	-0.576686 -5.71096 26.1356	
18.73	0.220225 1.09089 0.721344	
18.74	10.0359 2.3173 -3.63639	
18.75	-11.5111 3.05615 -17.8993	
18.76	17.1119 -0.0368371 -3.96151	
18.77	-27.0825 -2.84124 2.93993	
18.78	7.88074 -0.902581 -0.757702	
18.79	-16.7649 -0.915361 1.641	
18.8	12.9939 -0.497573 -0.935122	
18.81	-18.0877 -1.08975 -0.0943973	
18.82	8.81787 -0.50236 -0.417588	
18.83	-13.3823 -0.75028 -1.43566	
18.84	8.48795 -0.601251 1.19407	
18.85	-8.91731 -0.599453 -0.189308	
18.86	12.5555 0.032314 0.22227	
18.87	-8.18561 -0.918915 2.28529	
18.88	14.7247 -0.371787 5.07253	
18.89	-7.12285 -0.193753 1.94417	
18.9	16.2588 1.23994 -3.0957	
18.91	-7.27967 1.30113 -8.26924	
18.92	18.6866 1.99975 -0.838124	
18.93	-8.16075 0.108111 7.86798	
18.94	20.2262 1.21191 -3.06057	
18.95	-9.32809 1.30122 -4.33852	
18.96	21.0032 0.747431 -1.24912	
18.97	-21.7993 -1.18896 -1.23297	
18.98	19.5973 -0.434524 -0.123651	
18.99	-23.0335 -1.78654 -2.0167	
19	27.9664 1.49291 -9.46225	
19.01	20.8934 0.47607 -13.0094	
19.02	-15.1664 -2.06994 -1.16296	
19.03	14.8641 -1.34894 0.881951	
19.04	-19.4702 -4.72456 0.240401	
19.05	7.71877 -2.68257 0.996789	
19.06	1.51081 0.033297 0.754241	
19.07	2.70881 0.256136 -3.1307	
19.08	9.78591 0.450218 -8.55248	
19.09	1.47046 -0.183886 -2.07683	
19.1	10.4935 -0.364468 -1.23106	
19.11	-1.29339 -0.358775 -0.0838913	
19.12	10.477 -0.0211131 -0.666069	
19.13	-2.51782 0.143152 -0.72965	
19.14	13.0974 0.372266 0.138015	
19.15	-3.8646 0.442166 3.22307	
19.16	14.4034 -1.38329 1.97022	
19.17	-7.94905 -0.910925 -6.79733	
19.18	17.1355 -0.751841 -2.39042	
19.19	-7.1762 -0.961272 -4.0481	
19.2	15.0665 -0.139761 -1.5285	
19.21	-4.37466 -0.971178 -2.48073	
19.22	11.8651 -1.11137 -1.7163	
19.23	-1.74407 -0.735901 -5.77735	
19.24	4.72307 -0.575912 0.374603	
19.25	2.76608 -0.0365032 -4.09131	
19.26	-0.810801 -0.460622 0.727107	
19.27	8.9786 -0.126491 0.0447851	
19.28	-4.9642 -0.570708 0.00607614	
19.29	9.284 -0.499446 4.42665	
19.3	-4.83546 -0.733777 3.64034	
19.31	9.6906 0.610303 -3.64101	
19.32	-4.7356 0.0843162 -1.43251	
19.33	8.06636 0.0331912 -1.37542	
19.34	-4.55584 -0.225159 -0.0102974	
19.35	7.0915 0.145129 -0.900349	
19.36	-5.09213 -0.401668 0.629638	
19.37	5.65586 -0.409774 1.48908	
19.38	-4.10843 -0.282582 -0.266491	
19.39	3.68061 -0.738315 0.985792	
19.4	-2.62701 -0.161722 -0.58715	
19.41	2.22765 -0.870022 0.948834	
19.42	-0.751766 -0.0858307 -0.0584826	
19.43	0.463545 -0.11882 -0.0829307	
19.44	1.20373 -0.138017 -0.405344	
19.45	-1.53388 -0.136981 0.482854	
19.46	0.843596 0.0251774 0.59444	
19.47	-1.64116 0.0400553 0.0478022	
19.48	0.576436 -0.0375046 0.117164	
19.49	-2.19047 0.447251 0.332984	
19.5	1.32441 0.75408 -0.30369	
19.51	-2.38037 0.831729 -0.841995	
19.52	1.57562 0.934054 -0.977922	
19.53	-1.73883 0.657917 2.77957	
19.54	2.55626 0.773007 4.22567	
19.55	-0.911412 1.13051 0.666933	
19.56	3.84045 1.15914 0.444742	
19.57	-0.659874 0.910936 0.0186903	
19.58	6.55427 0.992554 -0.585833	
19.59	0.832681 0.726646 -0.327728	
19.6	8.67203 0.757244 -2.48214	
19.61	-1.67568 0.34532 -0.832308	
19.62	7.51632 0.444261 1.25925	
19.63	-0.857498 0.329884 1.85029	
19.64	8.63237 -0.0425216 5.59422	
19.65	-0.794047 0.344631 3.58446	
19.66	8.14489 -0.345824 7.07234	
19.67	-2.03141 0.580012 -2.13132	
19.68	7.9291 0.501904 -1.33059	
19.69	-1.7216 -0.440784 4.30025	
19.7	10.8479 -1.39505 10.2578	
19.71	-3.31037 0.456356 -2.78582	
19.72	12.3237 0.346531 -9.29046	
19.73	-2.41133 0.277034 1.18655	
19.74	14.503 1.42003 2.06163	
19.75	-4.86185 0.506876 -1.68817	
19.76	-73.8702 -12.9184 1.1268	
19.77	-74.7393 -13.1619 3.59692	
19.78	-61.4722 -9.30951 1.17565	
19.79	-20.6707 -2.06637 1.68227	
19.8	-60.6549 -9.40384 1.33042	
19.81	-42.5596 -5.33281 2.13358	
19.82	-62.3747 -9.21664 0.996152	
19.83	-47.4617 -6.08746 2.16061	
19.84	-61.2424 -9.29879 4.59111	
19.85	-44.7019 -5.67878 2.70067	
19.86	-57.4141 -8.12735 5.66536	
19.87	-38.0725 -4.02729 1.22223	
19.88	-47.4321 -6.09574 9.83721	
19.89	-27.9539 -2.54191 3.7972	
19.9	-48.8731 -6.03617 11.6273	
19.91	-36.5548 -4.05406 4.04048	
19.92	-55.627 -7.13868 7.2731	
19.93	-48.7633 -6.60971 3.59489	
19.94	-67.6766 -10.4998 4.68143	
19.95	-109.641 -25.2955 12.6076	
19.96	-92.6192 -18.3394 6.23776	
19.97	-76.7729 -13.0158 1.97651	
19.98	-63.3598 -9.34105 -0.440671	
19.99	-52.1887 -6.7693 -1.75544	
20	-42.8342 -4.92327 -2.41592	
20.01	-51.5996 -6.09707 -2.81452	
20.02	-40.5622 -4.26545 -2.51082	
20.03	-48.8858 -5.44062 -2.4294	
20.04	-34.7454 -3.23643 -2.65404	
20.05	-47.4093 -5.05472 -3.53348	
20.06	-32.0074 -2.87797 -3.16922	
20.07	-26.2982 -2.14447 -3.0761	
20.08	-21.5915 -1.61819 -2.85693	
20.09	-17.7044 -1.22314 -2.60327	
20.1	-14.5049 -0.933346 -2.33011	
20.11	-11.9257 -0.728513 -2.06025	
20.12	-9.78579 -0.566669 -1.82043	
20.13	-8.00342 -0.436978 -1.61006	
20.14	7.48182 0.105958 6.43028	
20.15	-6.51857 -0.597087 -1.77221	
20.16	7.34686 0.245294 -2.94671	
20.17	-5.40586 -0.0232138 -2.12545	
20.18	7.88034 0.0538654 -1.96984	
20.19	-3.8293 0.16784 -4.43259	
20.2	6.9484 0.676162 -6.05068	
20.21	-1.87808 -0.906529 3.62594	
20.22	-9.24076 -0.971015 0.843407	
20.23	-1.81703 0.718267 -5.82611	
20.24	7.08263 1.68911 -11.3425	
20.25	-10.1769 0.163065 -6.07936	
20.26	-11.9938 -1.10613 -0.342055	
20.27	19.8619 -0.790396 1.63388	
20.28	-10.3972 -2.8929 10.1591	
20.29	28.4359 -0.0400893 -2.19462	
20.3	14.8681 -2.53968 4.85674	
20.31	7.15128 -1.39168 2.4673	
20.32	-4.26068 -0.772481 1.19062	
20.33	6.13139 -0.38441 0.568424	
20.34	10.6412 0.0737136 -0.24952	
20.35	3.18239 -0.576899 2.22649	
20.36	6.40763 -0.326148 1.58445	
20.37	7.06729 -0.315947 1.9549	
20.38	8.24946 0.032248 1.37506	
20.39	7.50543 0.0344205 -0.518603	
20.4	2.05876 0.338955 -2.05699	
20.41	9.51912 0.310749 -2.10953	
20.42	3.55331 0.0948138 -0.446494	
20.43	6.27791 -0.0393772 -0.690228	
20.44	-4.72316 -0.466545 0.0930986	
20.45	17.6499 0.489139 -6.43812	
20.46	0.311992 -0.561181 1.91428	
20.47	10.3231 0.529549 -5.51917	
20.48	3.73085 0.339092 -3.15215	
20.49	6.30809 0.166151 -3.27273	
20.5	5.78757 0.26197 -1.93971	
20.51	10.485 -4.55208 -5.03877	
20.52	4.92637 -1.27502 0.591808	
20.53	6.69591 -0.782677 -3.06419	
20.54	4.25874 -0.332777 -0.287102	
20.55	4.00366 -0.045078 -3.86502	
20.56	3.62484 -0.254194 -1.14205	
20.57	2.95895 0.891086 -6.76753	
20.58	4.41738 -0.551368 -2.21446	
20.59	3.33103 0.689514 -5.39391	
20.6	3.41657 -0.150709 -2.2368	
20.61	4.13823 1.04138 -5.65309	
20.62	-2.02092 -0.419151 -3.41458	
20.63	13.8589 1.66149 -15.0992	
20.64	0.268642 -3.01031 2.11698	
20.65	-0.628205 3.90329 -34.402	
20.66	-5.72138 1.62335 -18.5767	
20.67	-10.3492 -0.315769 0.821503	
20.68	9.34544 0.821427 -5.61807	
20.69	-1.16472 -0.712859 1.5863	
20.7	6.35935 0.517323 -6.05185	
20.71	1.63993 -0.277188 0.35187	
20.72	3.24152 0.33212 -5.36285	
20.73	4.19236 0.16977 -0.701471	
20.74	1.10364 1.30835 -0.298545	
20.75	25.5385 2.79818 -12.8218	
20.76	-5.65741 -0.832783 2.9685	
20.77	20.6909 0.901566 -11.3779	
20.78	1.12436 -2.83959 7.82373	
20.79	21.6212 -0.310214 -7.19952	
20.8	-2.76223 -15.8778 36.8175	
20.81	9.4424 -10.8256 19.68	
20.82	-6.70414 -10.7639 26.7766	
20.83	11.2846 -13.5684 29.137	
20.84	-15.4676 -2.71882 11.6168	
20.85	-50.8783 -6.67952 -52.1009	
20.86	-50.3806 -11.4584 -5.53074	
20.87	-9.95441 -7.18738 6.95175	
20.88	-18.8812 -19.4899 14.0657	
20.89	-2.39708 -10.0394 14.389	
20.9	-16.4548 -8.4467 9.84249	
20.91	-1.10256 -4.53825 6.24408	
20.92	-20.9634 -16.0162 13.7281	
20.93	0.195633 -9.19316 10.1797	
20.94	-22.0836 -12.8666 11.5835	
20.95	-1.7884 -4.63153 4.23276	
20.96	-19.5669 -4.59046 5.40209	
20.97	-1.87597 -2.9378 3.64285	
20.98	-1.12806 -3.45154 2.56463	
20.99	-0.367945 -3.88763 9.18836	
21	0.0644645 -4.66957 -2.22565	
21.01	0.700364 -6.83422 13.3772	
21.02	0.0202679 -3.37038 -3.20011	
21.03	0.99378 -5.58518 13.207	
21.04	0.878237 -4.20764 -2.20335	
21.05	0.833306 -6.77246 14.46	
21.06	0.406152 -3.57432 -1.48013	
21.07	0.214556 -6.73364 16.7264	
21.08	0.240121 -3.97093 -0.517771	
21.09	0.257631 -7.27291 16.9637	
21.1	0.464764 -3.84493 -0.539084	
21.11	-0.343529 -7.33624 16.6217	
21.12	-0.0851634 -3.91631 -0.240674	
21.13	-0.340216 -7.28588 16.57	
21.14	-0.0612872 -4.16019 0.570933	
21.15	-0.0462902 -6.96387 15.083	
21.16	0.018311 -4.19001 0.513721	
21.17	-0.192744 -6.57512 13.1684	
21.18	0.053577 -4.16899 -0.202882	
21.19	-0.5559 -6.55862 11.6617	
21.2	-0.505184 -4.27627 -0.440998	
21.21	-0.572474 -6.55719 10.2053	
21.22	-0.319413 -4.36045 -1.97451	
21.23	-0.507473 -6.65012 9.66771	
21.24	-0.150798 -4.25579 -2.05451	
21.25	-0.700014 -6.88406 8.27142	
21.26	-0.747263 -4.79245 -1.45752	
21.27	-0.645809 -7.08215 8.39914	
21.28	-0.262089 -4.72003 -1.86871	
21.29	-0.885611 -7.05067 8.60887	
21.3	-1.01446 -4.7354 -1.42814	
21.31	-0.7484 -6.74101 7.97548	
21.32	-0.312236 -4.34195 -2.28714	
21.33	-0.585318 -6.72424 8.71035	
21.34	-0.428369 -4.26063 -2.49123	
21.35	-0.337984 -6.31493 8.19706	
21.36	-0.0644352 -4.39654 -2.42725	
21.37	0.182458 -6.44347 8.16209	
21.38	0.158742 -4.39671 -3.02524	
21.39	-0.354764 -7.12715 8.49255	
21.4	-0.335619 -4.46048 -4.63582	
21.41	-0.158842 -7.37887 8.48535	
21.42	-0.107057 -4.44148 -6.60747	
21.43	0.0165514 -7.05116 6.89837	
21.44	0.216515 -4.31273 -8.32847	
21.45	-0.44653 -7.00983 5.31832	
21.46	-0.359881 -4.19054 -9.53405	
21.47	-0.329638 -6.96699 3.70454	
21.48	-0.181331 -5.48852 2.98553	
21.49	-0.0724447 -4.31174 2.40172	
21.5	0.0639461 -3.23521 1.94524	
21.51	0.128985 -2.46239 1.54311	
21.52	0.167225 -3.11112 8.35518	
21.53	0.196291 -3.46741 12.3346	
21.54	0.180203 -2.70472 10.0482	
21.55	0.219193 -2.95883 13.3888	
21.56	0.177459 -2.37728 11.0654	
21.57	0.225268 -2.7027 13.6111	
21.58	-0.0613381 -3.76364 19.2601	
21.59	-0.0517088 -3.04301 15.7074	
21.6	-0.0432183 -2.46899 12.7949	
21.61	-0.0353141 -2.02427 10.405	
21.62	0.748885 -7.35896 34.0394	
21.63	0.589057 -5.80149 27.8515	
21.64	0.46792 -4.61662 22.7638	
21.65	0.372495 -3.68138 18.5893	
21.66	0.401745 -3.62049 18.2977	
21.67	0.48204 -3.64946 18.4067	
21.68	0.448928 -4.01459 19.9736	
21.69	0.646292 -4.01798 20.1171	
21.7	0.360567 -4.59299 22.4959	
21.71	0.144838 -4.24021 21.2148	
21.72	0.223189 -4.84967 24.0645	
21.73	0.230659 -4.1849 21.4961	
21.74	0.496323 -5.10633 25.7716	
21.75	0.51207 -4.24262 22.071	
21.76	0.75708 -5.31329 27.1692	
21.77	0.662991 -4.40651 23.2014	
21.78	0.525544 -3.47892 18.9528	
21.79	0.418231 -2.7584 15.4653	
21.8	-1.31796 -14.1242 0.0501962	
21.81	-0.312266 -12.7483 8.7753	
21.82	-0.258422 -10.4241 7.11578	
21.83	-0.211605 -8.53721 5.75388	
21.84	-0.173811 -6.98877 4.63918	
21.85	-0.14314 -5.71897 3.7266	
21.86	-0.116253 -4.68974 2.97731	
21.87	-0.0959525 -3.83633 2.36545	
21.88	-0.0782824 -3.14374 1.86325	
21.89	-0.0643607 -2.57321 1.45255	
21.9	-0.0528079 -2.10682 1.116	
21.91	-0.0431607 -1.72609 0.840231	
21.92	-0.0353843 -1.41347 0.614489	
21.93	-0.029169 -1.15646 0.429745	
21.94	-0.0238597 -0.947342 0.278231	
21.95	-0.0195211 -0.776004 0.154145	
21.96	-0.0161323 -0.634674 0.0526906	
21.97	-0.0132364 -0.51966 -0.0305272	
21.98	-0.010918 -0.42513 -0.0986307	
21.99	-0.00895407 -0.34812 -0.154469	
22	0.046427 -0.361482 0.412419	
22.01	0.0243538 -0.604757 2.42368	
22.02	0.0500839 -0.544769 2.33942	
22.03	0.119544 -0.923965 5.10064	
22.04	0.102454 -0.83166 4.71664	
22.05	0.180573 -1.54014 9.29575	
22.06	0.160883 -1.35706 8.37307	
22.07	0.270768 -2.21353 13.2635	
22.08	0.24093 -1.95294 11.8352	
22.09	0.392228 -3.08086 17.8541	
22.1	0.381911 -2.9595 17.2516	
22.11	0.590508 -4.43347 24.6554	
22.12	0.469857 -3.52515 20.1401	
22.13	0.373298 -2.79857 16.4379	
22.14	0.300055 -2.24839 13.3971	
22.15	0.241621 -1.80972 10.9044	
22.16	0.194767 -1.45818 8.8613	
22.17	0.159005 -1.19033 7.18446	
22.18	0.128478 -0.961447 5.81272	
22.19	0.104883 -0.78481 4.6874	
22.2	0.0856563 -0.640892 3.76561	
22.21	0.112654 -0.856653 5.14151	
22.22	0.219291 -1.67412 10.0717	
22.23	0.237458 -1.81389 11.0888	
22.24	0.190048 -1.45115 9.01415	
22.25	-0.285995 2.05642 -16.091	
22.26	-0.238496 1.7145 -13.2475	
22.27	-0.199324 1.43256 -10.919	
22.28	-0.166544 1.19668 -9.0125	
22.29	-0.139389 1.00132 -7.45134	
22.3	-0.115633 0.830546 -6.17441	
22.31	-0.0946334 0.67972 -5.13034	
22.32	-0.0779779 0.560051 -4.27467	
22.33	-0.0629109 0.451912 -3.5755	
22.34	-0.0514218 0.36939 -3.00196	
22.35	-0.0420822 0.302301 -2.53229	
22.36	-0.0342426 0.246003 -2.1478	
22.37	-0.0273835 0.19678 -1.83338	
22.38	-0.020974 0.150842 -1.57656	
22.39	-0.100442 1.00773 -11.7033	
22.4	-0.0746729 0.749486 -9.66606	
22.41	-0.0583212 0.585487 -7.99273	
22.42	-0.048227 0.48413 -6.61924	
22.43	-0.0384005 0.385535 -5.49573	
22.44	-0.0295676 0.29694 -4.57614	
22.45	-0.0228791 0.229834 -3.82239	
22.46	-0.0171976 0.172839 -3.20525	
22.47	-0.0126935 0.12765 -2.69957	
22.48	-0.00950218 0.0956121 -2.28513	
22.49	-0.00667741 0.0672638 -1.94581	
22.5	-0.00498755 0.0502792 -1.66756	
22.51	-0.00347346 0.0350687 -1.4397	
22.52	-0.00248908 0.0251664 -1.25297	
22.53	-0.00193309 0.0195571 -1.09987	
22.54	-0.00148345 0.0150203 -0.974522	
22.55	-0.00119256 0.0120779 -0.871846	
22.56	-0.00103631 0.0104875 -0.787761	
22.57	-0.000855091 0.00865279 -0.718898	
22.58	-0.000695055 0.00703403 -0.662492	
22.59	-0.000577949 0.00584782 -0.616302	
22.6	-0.000511544 0.0051712 -0.578456	
22.61	-0.000464664 0.00469206 -0.547455	
22.62	-0.000400597 0.00404306 -0.522074	
22.63	-0.00033183 0.00334866 -0.501292	
22.64	-0.000291703 0.00294179 -0.484266	
22.65	-0.000240064 0.00242091 -0.470324	
22.66	-0.000203045 0.00204701 -0.458904	
22.67	-0.000167656 0.00169012 -0.449553	
22.68	-0.000146322 0.00147427 -0.441891	
22.69	-0.00011764 0.00118547 -0.43562	
22.7	-9.96475e-05 0.00100388 -0.430482	
22.71	-8.15031e-05 0.000821099 -0.426276	
22.72	-6.88172e-05 0.00069313 -0.42283	
22.73	-5.62365e-05 0.000566427 -0.420008	
22.74	-4.74729e-05 0.000478048 -0.417697	
22.75	-3.88089e-05 0.000390808 -0.415804	
22.76	-3.46101e-05 0.000348311 -0.414252	
22.77	-3.43626e-05 0.000345838 -0.414253	
22.78	-3.56197e-05 0.000358401 -0.414252	
22.79	-3.56522e-05 0.000358727 -0.414252	
22.8	-3.53143e-05 0.00035535 -0.414252	
22.81	-3.50196e-05 0.000352404 -0.414252	
22.82	-3.41403e-05 0.000343616 -0.414253	
22.83	-3.1838e-05 0.000320607 -0.414254	
22.84	-2.93251e-05 0.000295491 -0.414255	
22.85	-2.4968e-05 0.000251945 -0.414257	
22.86	-2.27758e-05 0.000230035 -0.414258	
22.87	-2.01045e-05 0.000203337 -0.414259	
22.88	-1.42197e-05 0.000144521 -0.414261	
22.89	-1.14822e-05 0.000117161 -0.414262	
22.9	-7.77881e-06 8.01468e-05 -0.414262	
22.91	-5.37805e-06 5.61519e-05 -0.414262	
22.92	-1.99851e-06 2.23745e-05 -0.414263	
22.93	1.30368e-07 1.09677e-06 -0.414263	
22.94	2.02473e-06 -1.7837e-05 -0.414263	
22.95	4.22871e-06 -3.98654e-05 -0.414262	
22.96	5.46824e-06 -5.22544e-05 -0.414262	
22.97	6.50411e-06 -6.26079e-05 -0.414262	
22.98	8.06881e-06 -7.8247e-05 -0.414262	
22.99	9.01498e-06 -8.77038e-05 -0.414261	
23	1.12011e-05 -0.000109554 -0.414261	
23.01	1.36112e-05 -0.000133644 -0.41426	
23.02	1.57376e-05 -0.000154897 -0.414259	
23.03	1.75414e-05 -0.000172926 -0.414258	
23.04	1.94771e-05 -0.000192274 -0.414257	
23.05	2.05811e-05 -0.000203308 -0.414257	
23.06	2.12493e-05 -0.000209987 -0.414256	
23.07	2.20071e-05 -0.000217562 -0.414256	
23.08	2.30436e-05 -0.000227922 -0.414255	
23.09	2.40898e-05 -0.000238378 -0.414256	
23.1	2.59278e-05 -0.000256748 -0.414255	
23.11	2.63431e-05 -0.000260899 -0.414256	
23.12	2.80279e-05 -0.000277739 -0.414255	
23.13	2.93947e-05 -0.0002914 -0.414255	
23.14	2.89844e-05 -0.000287298 -0.414256	
23.15	2.89285e-05 -0.000286739 -0.414256	
23.16	2.97037e-05 -0.000294487 -0.414257	
23.17	2.97599e-05 -0.000295049 -0.414257	
23.18	3.0931e-05 -0.000306753 -0.414257	
23.19	3.11478e-05 -0.000308919 -0.414258	
23.2	3.2426e-05 -0.000321695 -0.414258	
23.21	3.37849e-05 -0.000335277 -0.414258	
23.22	3.75125e-05 -0.000372534 -0.414257	
23.23	3.90242e-05 -0.000387643 -0.414256	
23.24	4.29479e-05 -0.000426861 -0.414255	
23.25	4.61423e-05 -0.00045879 -0.414254	
23.26	5.12872e-05 -0.000510214 -0.414251	
23.27	5.30665e-05 -0.000527998 -0.41425	
23.28	5.5632e-05 -0.00055364 -0.414249	
23.29	5.71727e-05 -0.00056904 -0.414248	
23.3	5.98259e-05 -0.00059556 -0.414246	
23.31	6.14661e-05 -0.000611954 -0.414245	
23.32	6.25093e-05 -0.000622382 -0.414244	
23.33	6.34748e-05 -0.000632032 -0.414243	
23.34	6.38261e-05 -0.000635543 -0.414243	
23.35	6.40912e-05 -0.000638193 -0.414243	
23.36	6.37071e-05 -0.000634354 -0.414243	
23.37	6.26986e-05 -0.000624273 -0.414244	
23.38	6.14068e-05 -0.000611361 -0.414245	
23.39	6.05387e-05 -0.000602685 -0.414246	
23.4	5.97428e-05 -0.00059473 -0.414246	
23.41	5.81938e-05 -0.000579247 -0.414247	
23.42	5.71897e-05 -0.000569211 -0.414248	
23.43	5.72426e-05 -0.000569739 -0.414247	
23.44	5.67967e-05 -0.000565283 -0.414247	
23.45	5.61851e-05 -0.000559171 -0.414246	
23.46	5.47646e-05 -0.000544975 -0.414244	
23.47	5.52863e-05 -0.00055019 -0.414242	
23.48	6.03973e-05 -0.000601278 -0.414237	
23.49	7.10929e-05 -0.000708185 -0.414228	
23.5	7.78098e-05 -0.000775325 -0.414221	
23.51	8.65031e-05 -0.000862218 -0.414214	
23.52	9.32737e-05 -0.000929895 -0.414207	
23.53	9.95623e-05 -0.000992754 -0.4142	
23.54	0.000106461 -0.00106171 -0.41419	
23.55	0.000112789 -0.00112496 -0.41418	
23.56	0.000118207 -0.00117913 -0.41417	
23.57	0.00012237 -0.00122075 -0.414162	
23.58	0.000126206 -0.00125909 -0.414155	
23.59	0.000129405 -0.00129106 -0.414149	
23.6	0.000227616 -0.00227286 -0.413901	
23.61	0.000227686 -0.00227357 -0.413901	
23.62	0.000227828 -0.00227498 -0.413901	
23.63	0.000227898 -0.00227568 -0.4139	
23.64	0.000227828 -0.00227498 -0.413901	
23.65	0.000227757 -0.00227427 -0.413901	
23.66	0.000227476 -0.00227146 -0.413902	
23.67	0.000227196 -0.00226866 -0.413903	
23.68	0.000226779 -0.0022645 -0.413904	
23.69	0.000226503 -0.00226174 -0.413905	
23.7	0.000226025 -0.00225695 -0.413907	
23.71	0.000225686 -0.00225356 -0.413908	
23.72	0.000225416 -0.00225087 -0.413909	
23.73	0.000225015 -0.00224686 -0.41391	
23.74	0.000224816 -0.00224487 -0.41391	
23.75	0.000224617 -0.00224288 -0.413911	
23.76	0.000224552 -0.00224222 -0.413911	
23.77	0.000226001 -0.00225671 -0.413906	
23.78	0.000224354 -0.00224025 -0.413912	
23.79	0.000224289 -0.0022396 -0.413912	
23.8	0.000224158 -0.00223829 -0.413913	
23.81	0.000224093 -0.00223764 -0.413913	
23.82	0.000224028 -0.00223699 -0.413913	
23.83	0.000223963 -0.00223634 -0.413913	
23.84	0.000223963 -0.00223634 -0.413913	
23.85	0.000223963 -0.00223634 -0.413913	
23.86	0.000223898 -0.00223569 -0.413913	
23.87	0.000223074 -0.00222746 -0.413916	
23.88	0.000223833 -0.00223505 -0.413914	
23.89	0.000223833 -0.00223505 -0.413914	
23.9	0.000223833 -0.00223505 -0.413914	
23.91	0.000223795 -0.00223466 -0.413914	
23.92	0.000223769 -0.0022344 -0.413914	
23.93	0.000223769 -0.0022344 -0.413914	
23.94	0.000223769 -0.0022344 -0.413914	
23.95	0.000223769 -0.0022344 -0.413914	
23.96	0.000223769 -0.0022344 -0.413914	
23.97	0.000223769 -0.0022344 -0.413914	
23.98	0.000223743 -0.00223414 -0.413914	
23.99	0.000223769 -0.0022344 -0.413914	
24	0.000223704 -0.00223375 -0.413914	
24.01	0.000223769 -0.0022344 -0.413914	
24.02	0.000223704 -0.00223375 -0.413914	
24.03	0.000223795 -0.00223466 -0.413914	
24.04	0.000223769 -0.0022344 -0.413914	
24.05	0.000223769 -0.0022344 -0.413914	
24.06	0.000222855 -0.00222526 -0.413917	
24.07	0.000222855 -0.00222526 -0.413917	
24.08	0.000222855 -0.00222526 -0.413917	
24.09	0.00022203 -0.00221702 -0.413919	
24.1	0.00022203 -0.00221702 -0.413919	
24.11	0.00022203 -0.00221702 -0.413919	
24.12	0.000222056 -0.00221727 -0.413919	
24.13	0.000221206 -0.00220877 -0.413922	
24.14	0.000221206 -0.00220877 -0.413922	
24.15	0.000221231 -0.00220903 -0.413922	
24.16	0.000221231 -0.00220903 -0.413922	
24.17	0.000221206 -0.00220877 -0.413922	
24.18	0.000221206 -0.00220877 -0.413922	
24.19	0.000221206 -0.00220877 -0.413922	
24.2	0.000221206 -0.00220877 -0.413922	
24.21	0.000223704 -0.00223375 -0.413914	
24.22	0.000223704 -0.00223375 -0.413914	
24.23	0.00022373 -0.00223401 -0.413914	
24.24	0.000223704 -0.00223375 -0.413914	
24.25	0.000223704 -0.00223375 -0.413914	
24.26	0.000223704 -0.00223375 -0.413914	
24.27	0.000223704 -0.00223375 -0.413914	
24.28	0.000223704 -0.00223375 -0.413914	
24.29	0.00022373 -0.00223401 -0.413914	
24.3	0.000223704 -0.00223375 -0.413914	
24.31	0.000223704 -0.00223375 -0.413914	
24.32	0.00022373 -0.00223401 -0.413914	
24.33	0.000223704 -0.00223375 -0.413914	
24.34	0.00022373 -0.00223401 -0.413914	
24.35	0.000223704 -0.00223375 -0.413914	
24.36	0.000223704 -0.00223375 -0.413914	
24.37	0.00022373 -0.00223401 -0.413914	
24.38	0.00022373 -0.00223401 -0.413914	
24.39	0.000222906 -0.00222577 -0.413917	
24.4	0.000222932 -0.00222603 -0.413917	
24.41	0.000222906 -0.00222577 -0.413917	
24.42	0.000222906 -0.00222577 -0.413917	
24.43	0.000222906 -0.00222577 -0.413917	
24.44	0.000222108 -0.00221779 -0.413919	
24.45	0.000222108 -0.00221779 -0.413919	
24.46	0.000222108 -0.00221779 -0.413919	
24.47	0.000222108 -0.00221779 -0.413919	
24.48	0.000222082 -0.00221753 -0.413919	
24.49	0.000222082 -0.00221753 -0.413919	
24.5	0.000221257 -0.00220929 -0.413922	
24.51	0.000221348 -0.0022102 -0.413922	
24.52	0.000221283 -0.00220955 -0.413922	
24.53	0.000221283 -0.00220955 -0.413922	
24.54	0.000221283 -0.00220955 -0.413922	
24.55	0.000221283 -0.00220955 -0.413922	
24.56	0.000221283 -0.00220955 -0.413922	
24.57	0.000221283 -0.00220955 -0.413922	
24.58	0.000221283 -0.00220955 -0.413922	
24.59	0.000221257 -0.00220929 -0.413922	
24.6	0.000221283 -0.00220955 -0.413922	
24.61	0.000222108 -0.00221779 -0.413919	
24.62	0.000222108 -0.00221779 -0.413919	
24.63	0.000221283 -0.00220955 -0.413922	
24.64	0.000221257 -0.00220929 -0.413922	
24.65	0.000222108 -0.00221779 -0.413919	
24.66	0.000223704 -0.00223375 -0.413914	
24.67	0.000223679 -0.0022335 -0.413914	
24.68	0.000223704 -0.00223375 -0.413914	
24.69	0.000223704 -0.00223375 -0.413914	
24.7	0.000223704 -0.00223375 -0.413914	
24.71	0.000222945 -0.00222616 -0.413917	
24.72	0.000222906 -0.00222577 -0.413917	
24.73	0.000222906 -0.00222577 -0.413917	
24.74	0.000222082 -0.00221753 -0.413919	
24.75	0.00022373 -0.00223401 -0.413914	
24.76	0.000222906 -0.00222577 -0.413917	
24.77	0.000223704 -0.00223375 -0.413914	
24.78	0.000223704 -0.00223375 -0.413914	
24.79	0.00022288 -0.00222552 -0.413917	
24.8	0.000222906 -0.00222577 -0.413917	
24.81	0.000223704 -0.00223375 -0.413914	
24.82	0.000223704 -0.00223375 -0.413914	
24.83	0.000223704 -0.00223375 -0.413914	
24.84	0.00022288 -0.00222552 -0.413917	
24.85	0.000223769 -0.0022344 -0.413914	
24.86	0.000223795 -0.00223466 -0.413914	
24.87	0.000223704 -0.00223375 -0.413914	
24.88	0.000223704 -0.00223375 -0.413914	
24.89	0.000224502 -0.00224173 -0.413911	
24.9	0.000224592 -0.00224263 -0.413911	
24.91	0.000224567 -0.00224238 -0.413911	
24.92	0.000224502 -0.00224173 -0.413911	
24.93	0.000224502 -0.00224173 -0.413911	
24.94	0.000222945 -0.00222616 -0.413917	
24.95	0.000223704 -0.00223375 -0.413914	
24.96	0.000223704 -0.00223375 -0.413914	
24.97	0.000223704 -0.00223375 -0.413914	
24.98	0.000223704 -0.00223375 -0.413914	
24.99	0.000223704 -0.00223375 -0.413914	
25	0.000223704 -0.00223375 -0.413914	
25.01	0.00022288 -0.00222552 -0.413917	
25.02	0.000223704 -0.00223375 -0.413914	
25.03	0.000223769 -0.0022344 -0.413914	
25.04	0.000223769 -0.0022344 -0.413914	
25.05	0.000223769 -0.0022344 -0.413914	
25.06	0.000223704 -0.00223375 -0.413914	
25.07	0.000223795 -0.00223466 -0.413914	
25.08	0.000223769 -0.0022344 -0.413914	
25.09	0.000223769 -0.0022344 -0.413914	
25.1	0.00022373 -0.00223401 -0.413914	
25.11	0.000222906 -0.00222577 -0.413917	
25.12	0.000223795 -0.00223466 -0.413914	
25.13	0.00022288 -0.00222552 -0.413917	
25.14	0.000223795 -0.00223466 -0.413914	
25.15	0.00022373 -0.00223401 -0.413914	
25.16	0.000223769 -0.0022344 -0.413914	
25.17	0.000223704 -0.00223375 -0.413914	
25.18	0.00022373 -0.00223401 -0.413914	
25.19	0.000223769 -0.0022344 -0.413914	
25.2	0.000223769 -0.0022344 -0.413914	
25.21	0.000223769 -0.0022344 -0.413914	
25.22	0.000223704 -0.00223375 -0.413914	
25.23	0.000224592 -0.00224263 -0.413911	
25.24	0.000223743 -0.00223414 -0.413914	
25.25	0.000223743 -0.00223414 -0.413914	
25.26	0.000223769 -0.0022344 -0.413914	
25.27	0.000224592 -0.00224263 -0.413911	
25.28	0.000224592 -0.00224263 -0.413911	
25.29	0.000223769 -0.0022344 -0.413914	
25.3	0.000224592 -0.00224263 -0.413911	
25.31	0.000224567 -0.00224238 -0.413911	
25.32	0.000224618 -0.00224289 -0.413911	
25.33	0.000225416 -0.00225086 -0.413908	
25.34	0.000225416 -0.00225086 -0.413908	
25.35	0.000225416 -0.00225086 -0.413908	
25.36	0.000224592 -0.00224263 -0.413911	
25.37	0.000225416 -0.00225086 -0.413908	
25.38	0.00022539 -0.00225061 -0.413908	
25.39	0.000225416 -0.00225086 -0.413908	
25.4	0.000225416 -0.00225086 -0.413908	
25.41	0.000224554 -0.00224225 -0.413911	
25.42	0.000226239 -0.00225909 -0.413905	
25.43	0.000225416 -0.00225086 -0.413908	
25.44	0.000226239 -0.00225909 -0.413905	
