# Gnuplot File : velocities of 1 particle(s) Monitored
# 1st Column : time, others : particle(s) number 0 
0.01	0 0 -0.019274	
0.02	0 0 -0.0378484	
0.03	0 0 -0.0557485	
0.04	-1.01248e-16 0 -0.0729989	
0.05	-9.74792e-17 0 -0.0896231	
0.06	-9.39407e-17 0 -0.105644	
0.07	-9.06294e-17 0 -0.121083	
0.08	-8.72445e-17 0 -0.135962	
0.09	-8.41147e-17 0 -0.150301	
0.1	-8.10256e-17 0 -0.164119	
0.11	-7.81449e-17 0 -0.177435	
0.12	-7.52988e-17 0 -0.190269	
0.13	-7.25655e-17 0 -0.202636	
0.14	-6.99314e-17 0 -0.214554	
0.15	-6.73929e-17 0 -0.22604	
0.16	-1.66215e-16 0 -0.237109	
0.17	-1.60131e-16 0 -0.247776	
0.18	-1.54338e-16 0 -0.258056	
0.19	-1.48686e-16 0 -0.267963	
0.2	-1.43337e-16 0 -0.27751	
0.21	-1.38134e-16 0 -0.28671	
0.22	-1.33103e-16 0 -0.295577	
0.23	-1.28328e-16 0 -0.304122	
0.24	-1.23551e-16 0 -0.312356	
0.25	-1.19128e-16 0 -0.320292	
0.26	-1.14818e-16 0 -0.32794	
0.27	-1.1065e-16 0 -0.33531	
0.28	-1.0662e-16 0 -0.342412	
0.29	-1.02763e-16 0 -0.349257	
0.3	-9.90203e-17 0 -0.355853	
0.31	-9.54259e-17 0 -0.36221	
0.32	-9.19141e-17 0 -0.368336	
0.33	-8.8635e-17 0 -0.374239	
0.34	-8.53623e-17 0 -0.379929	
0.35	-8.22897e-17 0 -0.385412	
0.36	-7.93189e-17 0 -0.390695	
0.37	-7.64493e-17 0 -0.395787	
0.38	-7.3665e-17 0 -0.400695	
0.39	-7.10458e-17 0 -0.405424	
0.4	-6.84668e-17 0 -0.409981	
0.41	-6.59473e-17 0 -0.414373	
0.42	-6.33627e-17 0 -0.418606	
0.43	-6.11466e-17 0 -0.422684	
0.44	-5.90539e-17 0 -0.426615	
0.45	-1.70324e-16 0 -0.430403	
0.46	-1.64185e-16 0 -0.434054	
0.47	-1.58316e-16 0 -0.437572	
0.48	-1.52295e-16 0 -0.440963	
0.49	-1.46767e-16 0 -0.44423	
0.5	-1.36033e-16 0 -0.447379	
0.51	-1.27361e-16 0 -0.450413	
0.52	-1.24157e-16 0 -0.453337	
0.53	-1.21112e-16 0 -0.456155	
0.54	-1.1835e-16 0 -0.458871	
0.55	-1.15832e-16 0 -0.461489	
0.56	-1.13345e-16 0 -0.464011	
0.57	-1.11308e-16 0 -0.466442	
0.58	-1.09585e-16 0 -0.468784	
0.59	-1.07182e-16 0 -0.471041	
0.6	-2.11149e-16 0 -0.473217	
0.61	-2.04013e-16 0 -0.475313	
0.62	-1.96706e-16 0 -0.477334	
0.63	-1.89611e-16 0 -0.479281	
0.64	-1.83393e-16 0 -0.481157	
0.65	-1.89378e-16 0 -0.482966	
0.66	-1.83315e-16 0 -0.484708	
0.67	-1.77369e-16 0 -0.486388	
0.68	-1.83585e-16 0 -0.488006	
0.69	-1.76973e-16 0 -0.489566	
0.7	-2.80242e-16 0 -0.491069	
0.71	-3.80449e-16 0 -0.492517	
0.72	-3.67193e-16 0 -0.493913	
0.73	-3.539e-16 0 -0.495259	
0.74	-3.40088e-16 0 -0.496555	
0.75	-3.27148e-16 0 -0.497804	
0.76	-3.14969e-16 0 -0.499008	
0.77	-3.02931e-16 0 -0.500169	
0.78	-2.91235e-16 0 -0.501287	
0.79	-2.85585e-16 0 -0.502365	
0.8	-2.74337e-16 0 -0.503403	
0.81	-2.63823e-16 0 -0.504404	
0.82	-2.53717e-16 0 -0.505368	
0.83	-2.44065e-16 0 -0.506298	
0.84	-2.34959e-16 0 -0.507193	
0.85	-2.26346e-16 0 -0.508057	
0.86	-2.85715e-16 0 -0.508889	
0.87	-3.23194e-16 0 -0.50969	
0.88	-3.10948e-16 0 -0.510463	
0.89	-2.99589e-16 0 -0.511207	
0.9	-2.8864e-16 0 -0.511925	
0.91	-2.7806e-16 0 -0.512616	
0.92	-2.67924e-16 0 -0.513283	
0.93	-2.58405e-16 0 -0.513925	
0.94	-2.96912e-16 0 -0.514544	
0.95	-2.86826e-16 0 -0.51514	
0.96	-2.8803e-16 0 -0.51514	
0.97	-2.888e-16 0 -0.51514	
0.98	-2.89409e-16 0 -0.51514	
0.99	-2.90679e-16 0 -0.51514	
1	-2.91406e-16 0 -0.51514	
1.01	-2.92251e-16 0 -0.51514	
1.02	-2.93128e-16 0 -0.51514	
1.03	-2.93975e-16 0 -0.51514	
1.04	-2.95066e-16 0 -0.51514	
1.05	-2.96087e-16 0 -0.51514	
1.06	-2.96894e-16 0 -0.51514	
1.07	-2.97726e-16 0 -0.51514	
1.08	-2.98473e-16 0 -0.51514	
1.09	-2.99131e-16 0 -0.51514	
1.1	-2.99565e-16 0 -0.51514	
1.11	-2.9981e-16 0 -0.51514	
1.12	-2.99876e-16 0 -0.51514	
1.13	-3.00041e-16 0 -0.51514	
1.14	-3.03444e-16 0 -0.51514	
1.15	-3.04684e-16 0 -0.51514	
1.16	-3.05699e-16 0 -0.51514	
1.17	-3.07332e-16 0 -0.51514	
1.18	-3.08676e-16 0 -0.51514	
1.19	-3.09227e-16 0 -0.51514	
1.2	-3.09664e-16 0 -0.51514	
1.21	-3.09813e-16 0 -0.51514	
1.22	-3.09432e-16 0 -0.51514	
1.23	-3.08571e-16 0 -0.51514	
1.24	-3.06632e-16 0 -0.51514	
1.25	-3.01255e-16 0 -0.51514	
1.26	-2.91507e-16 0 -0.51514	
1.27	-2.76738e-16 0 -0.51514	
1.28	-2.55821e-16 0 -0.51514	
1.29	-2.30759e-16 0 -0.51514	
1.3	-2.00705e-16 0 -0.51514	
1.31	-1.71495e-16 0 -0.51514	
1.32	-1.50093e-16 0 -0.51514	
1.33	-1.29633e-16 0 -0.51514	
1.34	-1.13937e-16 0 -0.51514	
1.35	-1.0003e-16 0 -0.51514	
1.36	-8.32084e-17 0 -0.51514	
1.37	-6.70446e-17 0 -0.51514	
1.38	-5.2048e-17 0 -0.51514	
1.39	-3.32286e-17 0 -0.51514	
1.4	-1.17544e-17 0 -0.51514	
1.41	1.07004e-17 0 -0.51514	
1.42	2.82204e-17 0 -0.51514	
1.43	4.49744e-17 0 -0.51514	
1.44	5.78926e-17 0 -0.51514	
1.45	6.98712e-17 0 -0.51514	
1.46	7.7626e-17 0 -0.51514	
1.47	8.23312e-17 0 -0.51514	
1.48	8.61267e-17 0 -0.51514	
1.49	9.08222e-17 0 -0.51514	
1.5	9.78631e-17 0 -0.51514	
1.51	1.05267e-16 0 -0.51514	
1.52	1.1074e-16 0 -0.51514	
1.53	1.18416e-16 0 -0.51514	
1.54	1.23503e-16 0 -0.51514	
1.55	1.29402e-16 0 -0.51514	
1.56	1.36145e-16 0 -0.51514	
1.57	1.43041e-16 0 -0.51514	
1.58	1.50851e-16 0 -0.51514	
1.59	1.58252e-16 0 -0.51514	
1.6	1.62748e-16 0 -0.51514	
1.61	1.67763e-16 0 -0.51514	
1.62	1.75546e-16 0 -0.51514	
1.63	1.80257e-16 0 -0.51514	
1.64	1.84021e-16 0 -0.51514	
1.65	1.8679e-16 0 -0.51514	
1.66	1.89869e-16 0 -0.51514	
1.67	1.9313e-16 0 -0.51514	
1.68	1.95959e-16 0 -0.51514	
1.69	1.98599e-16 0 -0.51514	
1.7	2.02192e-16 0 -0.51514	
1.71	2.05284e-16 0 -0.51514	
1.72	2.07417e-16 0 -0.51514	
1.73	2.09794e-16 0 -0.51514	
1.74	2.11745e-16 0 -0.51514	
1.75	2.12927e-16 0 -0.51514	
1.76	2.13608e-16 0 -0.51514	
1.77	2.14089e-16 0 -0.51514	
1.78	2.14549e-16 0 -0.51514	
1.79	2.14718e-16 0 -0.51514	
1.8	2.15201e-16 0 -0.51514	
1.81	2.15542e-16 0 -0.51514	
1.82	2.15592e-16 0 -0.51514	
1.83	2.16019e-16 0 -0.51514	
1.84	2.16778e-16 0 -0.51514	
1.85	2.17144e-16 0 -0.51514	
1.86	2.15769e-16 0 -0.51514	
1.87	2.10253e-16 0 -0.51514	
1.88	2.04045e-16 0 -0.51514	
1.89	1.97843e-16 0 -0.51514	
1.9	1.92941e-16 0 -0.51514	
1.91	1.88269e-16 0 -0.51514	
1.92	1.84863e-16 0 -0.51514	
1.93	1.81645e-16 0 -0.51514	
1.94	1.79549e-16 0 -0.51514	
1.95	1.80649e-16 0 -0.51514	
1.96	1.91349e-16 0 -0.51514	
1.97	2.0223e-16 0 -0.51514	
1.98	2.11182e-16 0 -0.51514	
1.99	2.17636e-16 0 -0.51514	
2	2.2604e-16 0 -0.51514	
2.01	2.31465e-16 0 -0.51514	
2.02	2.34562e-16 0 -0.51514	
2.03	2.38555e-16 0 -0.51514	
2.04	2.44918e-16 0 -0.51514	
2.05	2.50812e-16 0 -0.51514	
2.06	2.56899e-16 0 -0.51514	
2.07	2.60457e-16 0 -0.51514	
2.08	2.63567e-16 0 -0.51514	
2.09	2.65871e-16 0 -0.51514	
2.1	2.67526e-16 0 -0.51514	
2.11	2.69242e-16 0 -0.51514	
2.12	2.70414e-16 0 -0.51514	
2.13	2.71572e-16 0 -0.51514	
2.14	2.72963e-16 0 -0.51514	
2.15	2.74144e-16 0 -0.51514	
2.16	2.74592e-16 0 -0.51514	
2.17	2.74393e-16 0 -0.51514	
2.18	2.73936e-16 0 -0.51514	
2.19	2.73729e-16 0 -0.51514	
2.2	2.73751e-16 0 -0.51514	
2.21	2.73147e-16 0 -0.51514	
2.22	2.71765e-16 0 -0.51514	
2.23	2.69584e-16 0 -0.51514	
2.24	2.55167 3.25031 9.82996	
2.25	5.32931 4.7168 21.4834	
2.26	4.98788 4.81714 20.2259	
2.27	4.55963 5.24376 18.7497	
2.28	4.19442 5.67186 17.5042	
2.29	3.95537 5.75624 16.6187	
2.3	3.76432 5.66026 15.8566	
2.31	3.60118 5.49499 15.1772	
2.32	3.43987 5.31621 14.502	
2.33	3.29193 5.12912 13.8743	
2.34	3.16369 4.94759 13.321	
2.35	3.04578 4.76627 12.8066	
2.36	2.92639 4.6098 12.2952	
2.37	2.75237 4.7093 11.6608	
2.38	2.59896 4.75467 11.0868	
2.39	2.46946 4.73342 10.5814	
2.4	2.3477 4.70595 10.1032	
2.41	2.22439 4.7126 9.63043	
2.42	2.08477 4.83349 9.13251	
2.43	1.98307 4.79714 8.7276	
2.44	1.90325 4.66683 8.37577	
2.45	1.83857 4.55058 8.08386	
2.46	1.78067 4.44317 7.81997	
2.47	1.73304 4.30213 7.58443	
2.48	1.65765 4.18629 7.25626	
2.49	1.60608 3.92148 6.97207	
2.5	1.58187 3.648 6.78546	
2.51	1.54847 3.47468 6.5952	
2.52	1.50299 3.34738 6.37513	
2.53	1.45791 3.22849 6.1596	
2.54	1.40918 3.10285 5.9295	
2.55	1.36385 2.96079 5.70759	
2.56	1.34409 2.75733 5.56128	
2.57	1.33498 2.54829 5.45254	
2.58	1.33576 2.30571 5.37056	
2.59	1.31796 2.11869 5.23778	
2.6	1.28453 2.00307 5.06944	
2.61	1.23396 1.94756 4.85684	
2.62	1.17729 1.91344 4.62875	
2.63	1.13284 1.85054 4.43712	
2.64	1.09142 1.78188 4.25529	
2.65	1.05333 1.71743 4.08716	
2.66	1.01681 1.65413 3.92545	
2.67	0.981197 1.59438 3.76849	
2.68	0.946542 1.53667 3.61596	
2.69	0.912205 1.48096 3.46553	
2.7	0.87939 1.42709 3.3215	
2.71	0.848229 1.37547 3.18447	
2.72	0.817919 1.32592 3.05146	
2.73	0.788771 1.27829 2.92353	
2.74	0.78861 1.15125 2.87809	
2.75	0.796606 1.01664 2.86036	
2.76	-0.11903 -0.236197 5.47413	
2.77	6.07565 -1.1849 3.05954	
2.78	-6.91972 3.57287 7.76556	
2.79	-6.81605 2.97115 7.40118	
2.8	-11.2532 5.65964 7.69469	
2.81	38.4637 7.28963 8.23983	
2.82	71.3362 13.6895 31.7902	
2.83	35.6344 30.1919 -5.83299	
2.84	14.5118 13.2815 -25.1895	
2.85	21.964 47.8413 -31.8325	
2.86	-41.8796 4.73143 24.7483	
2.87	-28.5085 15.5567 18.5435	
2.88	-28.0015 12.928 18.1959	
2.89	-27.3992 11.6437 17.7308	
2.9	-27.1877 9.77975 17.467	
2.91	-26.8971 8.60461 17.1364	
2.92	-27.4568 7.97031 17.1037	
2.93	-28.2788 7.24044 17.1884	
2.94	-29.3382 6.41435 17.3805	
2.95	-28.7967 4.47001 17.049	
2.96	-27.4428 3.69048 16.3359	
2.97	-26.6999 2.96735 15.8613	
2.98	-25.5241 2.5352 15.2099	
2.99	-25.4156 2.19628 14.9679	
3	-25.3723 1.75278 14.7662	
3.01	-24.86 2.80264 14.2895	
3.02	-24.4112 4.62556 13.791	
3.03	-23.4762 8.14962 12.996	
3.04	-22.6889 9.81126 12.3938	
3.05	-22.242 9.28074 12.0805	
3.06	-22.02 8.59316 11.8705	
3.07	-21.6405 8.12609 11.5914	
3.08	-21.1435 7.66296 11.2731	
3.09	-20.8341 7.371 11.0205	
3.1	-20.8161 7.19732 10.8764	
3.11	-20.658 6.58224 10.715	
3.12	-20.0173 5.26812 11.6527	
3.13	-27.6171 -2.22652 41.9109	
3.14	-18.9243 -12.2148 35.216	
3.15	-5.76174 -10.7598 12.1869	
3.16	-4.08957 -12.0889 10.4802	
3.17	14.1428 27.004 -7.21851	
3.18	7.23587 19.5003 0.733567	
3.19	-19.1661 12.3383 27.8305	
3.2	-18.5032 11.7949 26.6782	
3.21	-17.6412 11.2205 25.6628	
3.22	-16.8455 10.7693 24.7422	
3.23	-16.2175 10.3588 23.8115	
3.24	-19.2136 13.244 24.8679	
3.25	-18.5861 12.7082 23.851	
3.26	-17.7458 12.2703 23.0733	
3.27	-16.9877 11.7853 22.2293	
3.28	-16.2882 11.3635 21.4505	
3.29	-15.6796 10.9598 20.6708	
3.3	-15.1212 10.5455 19.8778	
3.31	-14.6619 10.1206 19.0466	
3.32	-14.297 9.63769 18.1266	
3.33	-14.5228 8.90204 16.6585	
3.34	-14.178 8.46321 15.8176	
3.35	-13.4194 8.3602 15.5686	
3.36	-12.9187 8.13145 15.0729	
3.37	-12.3656 8.01128 14.7401	
3.38	-11.8963 7.79457 14.2772	
3.39	-11.3339 7.67328 13.9815	
3.4	-10.7745 7.5416 13.6889	
3.41	-10.1503 7.43106 13.4669	
3.42	-9.85151 7.20678 12.9743	
3.43	-9.75021 6.88917 12.2962	
3.44	-9.66134 6.54456 11.5961	
3.45	-9.56891 6.18971 10.8998	
3.46	-9.39515 5.87804 10.3037	
3.47	-8.29827 -5.92251 31.4275	
3.48	-8.11322 -5.7627 30.1879	
3.49	-7.43578 -5.37436 29.3104	
3.5	-4.09174 -3.79245 29.6695	
3.51	-3.89358 -3.63494 28.5735	
3.52	-5.65714 -4.35159 26.7207	
3.53	-10.0464 -4.80093 29.94	
3.54	-11.1 -5.26125 27.6515	
3.55	-19.4348 17.851 20.604	
3.56	-2.62203 10.6699 8.30124	
3.57	-2.68236 10.21 7.93426	
3.58	-2.61 9.81606 7.61682	
3.59	-2.53217 9.44978 7.31554	
3.6	-2.45595 9.09748 7.02558	
3.61	-2.38135 8.75861 6.74652	
3.62	-2.29948 8.44028 6.48139	
3.63	-2.23715 8.11903 6.21938	
3.64	-2.16756 7.81734 5.97052	
3.65	-2.09967 7.52708 5.73097	
3.66	-2.03836 7.23832 5.49723	
3.67	-1.96893 6.97908 5.27836	
3.68	-1.89897 6.7267 5.06741	
3.69	-1.84923 6.46317 4.85606	
3.7	-1.78295 6.22979 4.66064	
3.71	-1.73143 5.99386 4.46741	
3.72	-1.67496 5.77235 4.28385	
3.73	-1.61422 5.56435 4.10942	
