# Gnuplot File : positions of 1 particle(s) Monitored
# 1st Column : time, others : particle(s) number 0 
0.01	6.48236 30.0069 -8.61546	
0.02	6.48236 30.0069 -8.61606	
0.03	6.48879 30.0075 -8.61632	
0.04	6.48879 30.0075 -8.61673	
0.05	6.48236 30.0069 -8.6173	
0.06	6.48236 30.0069 -8.61757	
0.07	6.48879 30.0075 -8.61755	
0.08	6.48792 30.0072 -8.61834	
0.09	6.4888 30.0101 -8.60996	
0.1	6.4888 30.0101 -8.61008	
0.11	6.48792 30.0072 -8.61871	
0.12	6.4888 30.0101 -8.61026	
0.13	6.48236 30.0069 -8.61849	
0.14	6.48236 30.0069 -8.61855	
0.15	6.48149 30.0093 -8.61127	
0.16	6.48879 30.0075 -8.61839	
0.17	6.48236 30.0095 -8.61073	
0.18	6.4888 30.0101 -8.61052	
0.19	6.48792 30.0072 -8.61907	
0.2	6.48236 30.0069 -8.61872	
0.21	6.48879 30.0075 -8.6185	
0.22	6.48236 30.0069 -8.61875	
0.23	6.48792 30.0072 -8.61912	
0.24	6.48879 30.0075 -8.61852	
0.25	6.4888 30.0101 -8.6106	
0.26	6.48236 30.0069 -8.61877	
0.27	6.48792 30.0072 -8.61914	
0.28	6.48236 30.0069 -8.61878	
0.29	6.4888 30.0101 -8.61062	
0.3	6.48792 30.0072 -8.61915	
0.31	6.48792 30.0072 -8.61915	
0.32	6.48236 30.0095 -8.61086	
0.33	6.48792 30.0072 -8.61915	
0.34	6.48792 30.0072 -8.61915	
0.35	6.48236 30.0095 -8.61086	
0.36	6.48236 30.0095 -8.61086	
0.37	6.48149 30.0066 -8.61939	
0.38	6.48879 30.0075 -8.61855	
0.39	6.4888 30.0101 -8.61062	
0.4	6.48879 30.0075 -8.61855	
0.41	6.48236 30.0069 -8.61879	
0.42	6.48236 30.0069 -8.61879	
0.43	6.48236 30.0069 -8.61879	
0.44	6.48236 30.0069 -8.61879	
0.45	6.48236 30.0069 -8.61879	
0.46	6.48236 30.0095 -8.61086	
0.47	6.48149 30.0066 -8.61939	
0.48	6.48879 30.0075 -8.61855	
0.49	6.48236 30.0069 -8.61879	
0.5	6.48236 30.0069 -8.61879	
0.51	6.48792 30.0072 -8.61915	
0.52	6.48236 30.0095 -8.61086	
0.53	6.48792 30.0072 -8.61915	
0.54	6.48236 30.0069 -8.61879	
0.55	6.48149 30.0066 -8.61939	
0.56	6.48236 30.0095 -8.61086	
0.57	6.48236 30.0069 -8.61879	
0.58	6.48236 30.0069 -8.61879	
0.59	6.48236 30.0095 -8.61086	
0.6	6.48149 30.0093 -8.61146	
0.61	6.48236 30.0069 -8.61879	
0.62	6.4888 30.0101 -8.61062	
0.63	6.48879 30.0075 -8.61855	
0.64	6.48236 30.0069 -8.61879	
0.65	6.48149 30.0093 -8.61146	
0.66	6.48149 30.0093 -8.61146	
0.67	6.48149 30.0066 -8.61939	
0.68	6.4888 30.0101 -8.61062	
0.69	6.48236 30.0069 -8.61879	
0.7	6.48149 30.0066 -8.61939	
0.71	6.48792 30.0072 -8.61915	
0.72	6.48879 30.0075 -8.61855	
0.73	6.4888 30.0101 -8.61062	
0.74	6.48792 30.0072 -8.61915	
0.75	6.48149 30.0066 -8.61939	
0.76	6.48792 30.0072 -8.61915	
0.77	6.48236 30.0069 -8.61879	
0.78	6.48792 30.0072 -8.61915	
0.79	6.48149 30.0066 -8.61939	
0.8	6.48236 30.0069 -8.61879	
0.81	6.48236 30.0069 -8.61879	
0.82	6.48149 30.0066 -8.61939	
0.83	6.48149 30.0066 -8.61939	
0.84	6.48792 30.0072 -8.61915	
0.85	6.48236 30.0069 -8.61879	
0.86	6.48236 30.0095 -8.61086	
0.87	6.48793 30.0099 -8.61122	
0.88	6.48149 30.0066 -8.61939	
0.89	6.48236 30.0095 -8.61086	
0.9	6.4888 30.0101 -8.61062	
0.91	6.48149 30.0066 -8.61939	
0.92	6.48149 30.0066 -8.61939	
0.93	6.48792 30.0072 -8.61915	
0.94	6.48236 30.0095 -8.61086	
0.95	6.48236 30.0069 -8.61879	
0.96	6.48236 30.0069 -8.61879	
0.97	6.48149 30.0066 -8.61939	
0.98	6.48792 30.0072 -8.61915	
0.99	6.4888 30.0101 -8.61062	
1	6.48879 30.0075 -8.61855	
1.01	6.48149 30.0093 -8.61146	
1.02	6.48149 30.0093 -8.61146	
1.03	6.48879 30.0075 -8.61855	
1.04	6.48879 30.0075 -8.61855	
1.05	6.48236 30.0095 -8.61086	
1.06	6.48236 30.0095 -8.61086	
1.07	6.48792 30.0072 -8.61915	
1.08	6.48792 30.0072 -8.61915	
1.09	6.49523 30.0081 -8.61831	
1.1	6.49523 30.0081 -8.61831	
1.11	6.48879 30.0075 -8.61855	
1.12	6.48879 30.0075 -8.61855	
1.13	6.49523 30.0081 -8.61831	
1.14	6.48879 30.0049 -8.62647	
1.15	6.48879 30.0049 -8.62647	
1.16	6.49521 30.0055 -8.62624	
1.17	6.49521 30.0055 -8.62624	
1.18	6.49434 30.0052 -8.62684	
1.19	6.49434 30.0052 -8.62684	
1.2	6.47593 30.0063 -8.61903	
1.21	6.48236 30.0069 -8.61879	
1.22	6.48236 30.0069 -8.61879	
1.23	6.48236 30.0069 -8.61879	
1.24	6.48236 30.0069 -8.61879	
1.25	6.48149 30.0066 -8.61939	
1.26	6.48236 30.0069 -8.61879	
1.27	6.48236 30.0069 -8.61879	
1.28	6.48236 30.0069 -8.61879	
1.29	6.47589 29.8502 -8.66959	
1.3	6.45766 29.6299 -8.6865	
1.31	6.44308 29.4379 -8.71615	
1.32	6.42817 29.2607 -8.71002	
1.33	6.39906 29.0855 -8.66323	
1.34	6.36747 28.9411 -8.61376	
1.35	6.33289 28.7956 -8.51585	
1.36	6.29997 28.6688 -8.40042	
1.37	6.26653 28.55 -8.27105	
1.38	6.23358 28.3809 -8.21699	
1.39	6.20672 28.2482 -8.09449	
1.4	6.17967 28.1401 -7.99556	
1.41	6.1585 28.009 -7.91727	
1.42	6.12961 27.9362 -7.78049	
1.43	6.11378 27.8676 -7.68947	
1.44	6.09896 27.7842 -7.58837	
1.45	6.06729 27.7418 -7.44412	
1.46	6.04948 27.673 -7.3634	
1.47	6.0305 27.6575 -7.27429	
1.48	6.00761 27.6153 -7.20066	
1.49	5.97895 27.5609 -7.14561	
1.5	5.95698 27.5117 -7.11088	
1.51	5.92758 27.431 -7.09368	
1.52	5.89717 27.3515 -7.08471	
1.53	5.86671 27.2735 -7.09126	
1.54	5.84075 27.1789 -7.11242	
1.55	5.79951 27.0767 -7.14274	
1.56	5.76246 26.9732 -7.18503	
1.57	5.71122 26.7909 -7.25804	
1.58	5.66502 26.6504 -7.31996	
1.59	5.62743 26.5139 -7.37326	
1.6	5.58932 26.3867 -7.42862	
1.61	5.55409 26.2617 -7.47795	
1.62	5.50765 26.1275 -7.52233	
1.63	5.48161 26.0378 -7.54478	
1.64	5.45189 25.9325 -7.56632	
1.65	5.41468 25.8215 -7.57418	
1.66	5.39221 25.7485 -7.57588	
1.67	5.35687 25.6479 -7.57838	
1.68	5.32722 25.5506 -7.56565	
1.69	5.30569 25.4644 -7.55533	
1.7	5.26131 25.3601 -7.5435	
1.71	5.21426 25.2634 -7.51797	
1.72	5.18317 25.1758 -7.50266	
1.73	5.1116 25.0592 -7.45574	
1.74	5.0547 24.9827 -7.41704	
1.75	5.00342 24.9116 -7.37071	
1.76	4.91331 24.815 -7.31	
1.77	4.8272 24.7464 -7.23782	
1.78	4.74556 24.6855 -7.16959	
1.79	4.65185 24.6137 -7.08048	
1.8	4.54674 24.5543 -6.97954	
1.81	4.46798 24.5143 -6.88559	
1.82	4.3533 24.4645 -6.74778	
1.83	4.2664 24.4368 -6.62328	
1.84	4.17222 24.4236 -6.4832	
1.85	4.07824 24.4186 -6.31215	
1.86	4.0039 24.4299 -6.16008	
1.87	3.93125 24.4432 -6.00427	
1.88	3.8497 24.4679 -5.8126	
1.89	3.80206 24.4943 -5.67773	
1.9	3.74819 24.5336 -5.50321	
1.91	3.7003 24.5716 -5.33467	
1.92	3.67309 24.6067 -5.19361	
1.93	3.63535 24.6485 -5.03665	
1.94	3.60878 24.6908 -4.89533	
1.95	3.57265 24.7439 -4.73029	
1.96	3.54633 24.8055 -4.57596	
1.97	3.52559 24.8496 -4.44047	
1.98	3.4933 24.8862 -4.28073	
1.99	3.47197 24.924 -4.12598	
2	3.43936 24.9562 -3.9719	
2.01	3.41665 24.9753 -3.84949	
2.02	3.3844 24.9998 -3.70051	
2.03	3.36299 25.0185 -3.57511	
2.04	3.33436 25.0451 -3.41559	
2.05	3.30644 25.0812 -3.25479	
2.06	3.28392 25.1092 -3.11587	
2.07	3.25129 25.1405 -2.96843	
2.08	3.20846 25.1804 -2.77914	
2.09	3.17816 25.2181 -2.64372	
2.1	3.14643 25.2629 -2.48473	
2.11	3.11075 25.3102 -2.32035	
2.12	3.08326 25.3502 -2.18984	
2.13	3.04832 25.3899 -2.04783	
2.14	3.02091 25.4466 -1.88622	
2.15	2.99757 25.491 -1.75215	
2.16	2.979 25.5423 -1.60985	
2.17	2.95174 25.6103 -1.43659	
2.18	2.93595 25.6612 -1.3091	
2.19	2.92932 25.7164 -1.16352	
2.2	2.92562 25.7794 -1.02049	
2.21	2.91921 25.8339 -0.897661	
2.22	2.92096 25.8926 -0.768769	
2.23	2.92207 25.9531 -0.626754	
2.24	2.92894 26.001 -0.533485	
2.25	2.93377 26.047 -0.419606	
2.26	2.93341 26.0924 -0.309239	
2.27	2.93261 26.1337 -0.202285	
2.28	2.91869 26.1641 -0.0953019	
2.29	2.91329 26.1953 0.00218349	
2.3	2.90128 26.2241 0.114125	
2.31	2.88776 26.2514 0.217549	
2.32	2.87757 26.2739 0.299373	
2.33	2.8635 26.3017 0.406884	
2.34	2.86001 26.3343 0.515297	
2.35	2.84937 26.3584 0.611427	
2.36	2.84597 26.3837 0.695178	
2.37	2.84316 26.4221 0.822743	
2.38	2.84492 26.4533 0.914179	
2.39	2.84897 26.4827 1.02078	
2.4	2.84571 26.5114 1.12612	
2.41	2.8486 26.5331 1.22205	
2.42	2.8473 26.5463 1.30483	
2.43	2.86418 26.5744 1.40765	
2.44	2.86717 26.5901 1.50715	
2.45	2.86359 26.6056 1.58695	
2.46	2.86537 26.6241 1.69671	
2.47	2.8636 26.6333 1.76957	
2.48	2.86344 26.6505 1.85311	
2.49	2.85342 26.6601 1.93021	
2.5	2.84586 26.6686 2	
2.51	2.83811 26.6741 2.06144	
2.52	2.83207 26.6873 2.13595	
2.53	2.82242 26.6833 2.19772	
2.54	2.81847 26.6921 2.2614	
2.55	2.81616 26.6974 2.33363	
2.56	2.8131 26.7038 2.38423	
2.57	2.81326 26.7074 2.45158	
2.58	2.81526 26.7198 2.50806	
2.59	2.81813 26.7221 2.54182	
2.6	2.82078 26.7319 2.59007	
2.61	2.8223 26.73 2.63378	
2.62	2.84338 26.7417 2.68171	
2.63	2.84931 26.7495 2.72528	
2.64	2.8602 26.7555 2.74807	
2.65	2.87592 26.765 2.77874	
2.66	2.8988 26.7696 2.80764	
2.67	2.92264 26.7742 2.83437	
2.68	2.9458 26.7785 2.85315	
2.69	2.97371 26.7797 2.87988	
2.7	3.00015 26.7866 2.88635	
2.71	3.03238 26.7953 2.9029	
2.72	3.05533 26.7929 2.91937	
2.73	3.08328 26.7936 2.93176	
2.74	3.11015 26.7961 2.94442	
2.75	3.14252 26.7981 2.94868	
2.76	3.17888 26.8031 2.95104	
2.77	3.21626 26.8153 2.97136	
2.78	3.2513 26.825 2.97511	
2.79	3.29349 26.8322 2.97772	
2.8	3.32641 26.8392 2.98205	
2.81	3.37134 26.8497 2.98463	
2.82	3.40862 26.8581 2.97901	
2.83	3.45045 26.8658 2.98193	
2.84	3.49931 26.8752 2.98336	
2.85	3.53893 26.8845 2.98647	
2.86	3.57395 26.895 2.98338	
2.87	3.61852 26.9076 2.98511	
2.88	3.64168 26.91 2.98195	
2.89	3.67647 26.9132 2.98583	
2.9	3.70719 26.9176 2.99141	
2.91	3.72848 26.9312 2.98428	
2.92	3.75818 26.9372 2.99019	
2.93	3.78726 26.9479 2.98998	
2.94	3.80981 26.9526 2.99958	
2.95	3.8297 26.963 3.00085	
2.96	3.85094 26.9737 3.01038	
2.97	3.87216 26.9843 3.01992	
2.98	3.88851 26.9864 3.01924	
2.99	3.90867 26.9968 3.02851	
3	3.92612 27.0052 3.03632	
3.01	3.93737 27.0105 3.04524	
3.02	3.95652 27.0224 3.05484	
3.03	3.9716 27.0303 3.05414	
3.04	3.98083 27.0369 3.06308	
3.05	3.99566 27.0495 3.06415	
3.06	4.00591 27.0562 3.07339	
3.07	4.02445 27.0725 3.07471	
3.08	4.03315 27.0839 3.07743	
3.09	4.04277 27.0939 3.07986	
3.1	4.0599 27.1068 3.08952	
3.11	4.0709 27.1184 3.10081	
3.12	4.08121 27.133 3.10317	
3.13	4.09811 27.146 3.10487	
3.14	4.09861 27.1558 3.10859	
3.15	4.10953 27.167 3.11781	
3.16	4.1209 27.1878 3.12869	
3.17	4.13042 27.1974 3.12905	
3.18	4.1319 27.2071 3.13101	
3.19	4.15258 27.2231 3.13894	
3.2	4.15589 27.2313 3.13887	
3.21	4.1601 27.2384 3.14052	
3.22	4.17245 27.2468 3.13919	
3.23	4.17729 27.2504 3.14775	
3.24	4.18891 27.2541 3.14646	
3.25	4.19675 27.2543 3.13692	
3.26	4.20242 27.2567 3.14518	
3.27	4.21112 27.2614 3.1436	
3.28	4.22205 27.2604 3.14235	
3.29	4.23366 27.2641 3.14109	
3.3	4.23657 27.2632 3.1414	
3.31	4.24714 27.2667 3.13984	
3.32	4.25994 27.2647 3.1386	
3.33	4.27153 27.2684 3.13736	
3.34	4.28349 27.2677 3.13645	
3.35	4.30122 27.2726 3.13369	
3.36	4.31402 27.2706 3.13248	
3.37	4.31778 27.2684 3.13248	
3.38	4.33208 27.2616 3.13787	
3.39	4.34553 27.2643 3.13667	
3.4	4.36551 27.2637 3.13428	
3.41	4.37969 27.2654 3.12481	
3.42	4.41006 27.2588 3.12723	
3.43	4.42614 27.2595 3.11778	
3.44	4.44988 27.2566 3.11346	
3.45	4.47613 27.2577 3.11116	
3.46	4.49023 27.2498 3.10801	
3.47	4.52306 27.2473 3.1026	
3.48	4.53965 27.2433 3.09949	
3.49	4.57211 27.237 3.10076	
3.5	4.60445 27.2299 3.09542	
3.51	4.62672 27.2227 3.0829	
3.52	4.65722 27.2164 3.07564	
3.53	4.68961 27.1994 3.07465	
3.54	4.70377 27.1906 3.06093	
3.55	4.7359 27.1798 3.06233	
3.56	4.76076 27.1665 3.05418	
3.57	4.79332 27.1586 3.03839	
3.58	4.82074 27.1505 3.04096	
3.59	4.85398 27.1379 3.02351	
3.6	4.87716 27.1261 3.01739	
3.61	4.90081 27.119 3.01135	
3.62	4.93454 27.1123 3.01266	
3.63	4.9631 27.1024 3.00362	
3.64	4.9853 27.1013 2.99971	
3.65	5.01687 27.0906 2.98908	
3.66	5.03629 27.0902 2.9749	
3.67	5.05052 27.0776 2.96581	
3.68	5.0834 27.0716 2.96365	
3.69	5.10826 27.0646 2.95411	
3.7	5.13167 27.0625 2.93801	
3.71	5.15855 27.0548 2.92849	
3.72	5.19209 27.0543 2.92062	
3.73	5.22431 27.049 2.91229	
3.74	5.24989 27.0475 2.89701	
3.75	5.27341 27.0368 2.89775	
3.76	5.31028 27.0337 2.88036	
3.77	5.33369 27.033 2.87512	
3.78	5.36682 27.0232 2.86714	
3.79	5.38802 27.0182 2.85978	
3.8	5.42509 27.0153 2.84456	
3.81	5.44634 27.0104 2.83725	
3.82	5.47061 27.0052 2.83229	
3.83	5.49388 26.9997 2.825	
3.84	5.51541 26.9998 2.81992	
3.85	5.54422 27.001 2.81415	
3.86	5.56619 27.0015 2.80114	
3.87	5.57826 26.9964 2.7966	
3.88	5.58835 26.9918 2.79206	
3.89	5.60895 26.9927 2.78742	
3.9	5.62634 26.989 2.78023	
3.91	5.63446 26.9852 2.7777	
3.92	5.64401 26.9807 2.76282	
3.93	5.64483 26.9757 2.75894	
3.94	5.66006 26.968 2.75352	
3.95	5.66214 26.9577 2.73903	
3.96	5.66174 26.9478 2.73454	
3.97	5.66988 26.9438 2.72998	
3.98	5.67782 26.9351 2.72518	
3.99	5.67772 26.9206 2.7104	
4	5.68464 26.9117 2.70524	
4.01	5.68424 26.9018 2.7007	
4.02	5.692 26.8881 2.6936	
4.03	5.69944 26.879 2.69677	
4.04	5.69853 26.8694 2.68385	
4.05	5.70648 26.8606 2.679	
4.06	5.71372 26.8465 2.67986	
4.07	5.71262 26.832 2.66462	
4.08	5.71222 26.8221 2.66001	
4.09	5.71999 26.8084 2.65282	
4.1	5.71989 26.7934 2.65423	
4.11	5.73346 26.7808 2.63771	
4.12	5.73237 26.7663 2.62238	
4.13	5.73718 26.7555 2.61806	
4.14	5.74128 26.7395 2.6194	
4.15	5.75404 26.7294 2.60577	
4.16	5.76866 26.7139 2.60684	
4.17	5.78673 26.7029 2.59354	
4.18	5.80219 26.6921 2.58825	
4.19	5.81887 26.6863 2.58566	
4.2	5.84865 26.6754 2.57178	
4.21	5.87787 26.6649 2.56662	
4.22	5.90623 26.6593 2.56349	
4.23	5.94185 26.6498 2.55746	
4.24	5.97018 26.6395 2.55199	
4.25	5.99745 26.6297 2.54688	
4.26	6.03004 26.6262 2.54365	
4.27	6.0637 26.6173 2.53773	
4.28	6.09432 26.6123 2.53325	
4.29	6.1134 26.6066 2.53072	
4.3	6.14301 26.5967 2.52566	
4.31	6.19384 26.5925 2.51997	
4.32	6.23839 26.5926 2.51751	
4.33	6.28057 26.5928 2.50607	
4.34	6.3347 26.589 2.50302	
4.35	6.37394 26.59 2.50037	
4.36	6.41214 26.591 2.49955	
4.37	6.46624 26.5926 2.49908	
4.38	6.50447 26.5894 2.49661	
4.39	6.54893 26.5919 2.49593	
4.4	6.57651 26.5928 2.49381	
4.41	6.61245 26.5902 2.48309	
4.42	6.64343 26.5873 2.4888	
4.43	6.67424 26.5846 2.48618	
4.44	6.68697 26.5806 2.47545	
4.45	6.71582 26.5732 2.47045	
4.46	6.73714 26.5698 2.46816	
4.47	6.74789 26.5657 2.46581	
4.48	6.76603 26.5623 2.46322	
4.49	6.78538 26.5541 2.45853	
4.5	6.811 26.5467 2.44496	
4.51	6.81857 26.5426 2.44231	
4.52	6.83161 26.5381 2.44835	
4.53	6.8391 26.5342 2.43734	
4.54	6.84971 26.5348 2.43746	
4.55	6.8679 26.5313 2.43495	
4.56	6.87547 26.5271 2.43232	
4.57	6.89044 26.5235 2.42952	
4.58	6.89167 26.5188 2.42738	
4.59	6.89924 26.5145 2.42476	
4.6	6.91325 26.5062 2.41984	
4.61	6.91343 26.5013 2.41738	
4.62	6.91141 26.4965 2.41492	
4.63	6.92003 26.4923 2.41261	
4.64	6.92038 26.4826 2.40768	
4.65	6.92055 26.4778 2.40521	
4.66	6.92811 26.4738 2.39422	
4.67	6.92831 26.4687 2.40011	
4.68	6.93606 26.4596 2.39501	
4.69	6.92881 26.4544 2.38431	
4.7	6.93744 26.4502 2.382	
4.71	6.92934 26.4399 2.37685	
4.72	6.92315 26.4346 2.37483	
4.73	6.9309 26.4255 2.3697	
4.74	6.92385 26.4152 2.36486	
4.75	6.9242 26.4056 2.35986	
4.76	6.92437 26.4008 2.35736	
4.77	6.91714 26.3953 2.35501	
4.78	6.91749 26.3857 2.34999	
4.79	6.91784 26.376 2.34497	
4.8	6.91819 26.3664 2.33994	
4.81	6.91096 26.361 2.33758	
4.82	6.90919 26.3468 2.32165	
4.83	6.90213 26.3366 2.31676	
4.84	6.90247 26.327 2.3117	
4.85	6.90059 26.3172 2.315	
4.86	6.90089 26.3078 2.30155	
4.87	6.90123 26.2982 2.29646	
4.88	6.89929 26.2886 2.29137	
4.89	6.89222 26.2784 2.28644	
4.9	6.89255 26.2688 2.28133	
4.91	6.89285 26.2594 2.26784	
4.92	6.89318 26.2498 2.26272	
4.93	6.89352 26.2402 2.25759	
4.94	6.89385 26.2307 2.25245	
4.95	6.88677 26.2205 2.24747	
4.96	6.8869 26.2159 2.23652	
4.97	6.88728 26.2061 2.23974	
4.98	6.88102 26.201 2.22927	
4.99	6.88136 26.1914 2.2241	
5	6.88048 26.1866 2.2212	
5.01	6.88082 26.177 2.21602	
5.02	6.88835 26.173 2.20488	
5.03	6.88231 26.1629 2.20248	
5.04	6.88248 26.1581 2.19988	
5.05	6.88281 26.1486 2.19468	
5.06	6.88298 26.1438 2.19207	
5.07	6.87567 26.1386 2.18128	
5.08	6.87606 26.1289 2.18443	
5.09	6.87617 26.1243 2.17345	
5.1	6.88376 26.1201 2.17065	
5.11	6.87684 26.1052 2.16531	
5.12	6.88443 26.101 2.16251	
5.13	6.88598 26.0868 2.15729	
5.14	6.8851 26.0819 2.15436	
5.15	6.87905 26.0718 2.15194	
5.16	6.87922 26.067 2.14931	
5.17	6.88054 26.0577 2.13833	
5.18	6.88088 26.0481 2.13542	
5.19	6.87379 26.0379 2.13269	
5.2	6.87517 26.0284 2.13009	
5.21	6.88293 26.0194 2.12699	
5.22	6.876 26.0044 2.124	
5.23	6.87595 26.0045 2.11562	
5.24	6.87645 25.9901 2.11245	
5.25	6.86935 25.9799 2.10973	
5.26	6.87695 25.9757 2.10928	
5.27	6.87113 25.9606 2.11498	
5.28	6.87147 25.9511 2.11208	
5.29	6.87907 25.9469 2.11164	
5.3	6.87302 25.9368 2.10923	
5.31	6.87329 25.9273 2.09795	
5.32	6.87103 25.9225 2.09771	
5.33	6.87038 25.9127 2.10529	
5.34	6.86433 25.9025 2.10289	
5.35	6.87192 25.8984 2.10246	
5.36	6.86991 25.8841 2.09096	
5.37	6.86785 25.8745 2.09644	
5.38	6.86801 25.8697 2.09621	
5.39	6.86588 25.8601 2.09332	
5.4	6.85975 25.85 2.08499	
5.41	6.85767 25.8404 2.09047	
5.42	6.85783 25.8356 2.09025	
5.43	6.85088 25.8206 2.08735	
5.44	6.85104 25.8157 2.08713	
5.45	6.84887 25.8061 2.08671	
5.46	6.84903 25.8013 2.0865	
5.47	6.84192 25.791 2.08629	
5.48	6.83216 25.7856 2.0863	
5.49	6.84079 25.7815 2.08619	
5.5	6.84095 25.7767 2.08599	
5.51	6.83398 25.7616 2.08314	
5.52	6.83164 25.7569 2.08294	
5.53	6.83194 25.7473 2.08008	
5.54	6.83225 25.7376 2.07971	
5.55	6.82521 25.7274 2.08544	
5.56	6.82543 25.7178 2.0767	
5.57	6.82582 25.7081 2.08472	
5.58	6.82465 25.6987 2.08216	
5.59	6.8239 25.689 2.08153	
5.6	6.81678 25.6787 2.08141	
5.61	6.82287 25.6747 2.08132	
5.62	6.81216 25.6643 2.08092	
5.63	6.81245 25.6547 2.0806	
5.64	6.80397 25.6397 2.08066	
5.65	6.80426 25.6301 2.08036	
5.66	6.802 25.6205 2.08008	
5.67	6.79987 25.6061 2.07966	
5.68	6.80743 25.6019 2.0793	
5.69	6.79772 25.5917 2.07926	
5.7	6.798 25.582 2.079	
5.71	6.79557 25.5773 2.07887	
5.72	6.79326 25.5677 2.07863	
5.73	6.78458 25.5577 2.07636	
5.74	6.77863 25.5481 2.07583	
5.75	6.76887 25.5379 2.07584	
5.76	6.75664 25.5231 2.07319	
5.77	6.75168 25.5186 2.08146	
5.78	6.74931 25.509 2.08125	
5.79	6.73964 25.4941 2.07863	
5.8	6.73465 25.4896 2.0869	
5.81	6.73236 25.4754 2.08404	
5.82	6.73007 25.466 2.09223	
5.83	6.723 25.4558 2.10068	
5.84	6.71785 25.4513 2.1006	
5.85	6.71553 25.437 2.09776	
5.86	6.71321 25.4276 2.10599	
5.87	6.6962 25.4123 2.11205	
5.88	6.69388 25.4029 2.12029	
5.89	6.69046 25.3886 2.11719	
5.9	6.68917 25.3794 2.1231	
5.91	6.67944 25.3695 2.12899	
5.92	6.67953 25.3647 2.12894	
5.93	6.67247 25.3547 2.13483	
5.94	6.66275 25.3448 2.14074	
5.95	6.66292 25.3353 2.13799	
5.96	6.66315 25.3306 2.14632	
5.97	6.66065 25.3212 2.14357	
5.98	6.6582 25.3167 2.14925	
5.99	6.65731 25.3071 2.14621	
6	6.64855 25.3021 2.15245	
6.01	6.64609 25.2976 2.15812	
6.02	6.64348 25.2931 2.15541	
6.03	6.64356 25.2883 2.1527	
6.04	6.62625 25.2825 2.15057	
6.05	6.63382 25.2785 2.15594	
6.06	6.62386 25.2733 2.15351	
6.07	6.63127 25.2692 2.15051	
6.08	6.6213 25.264 2.14808	
6.09	6.6142 25.2587 2.15402	
6.1	6.61322 25.2539 2.15102	
6.11	6.61434 25.2493 2.14858	
6.12	6.61441 25.2446 2.14585	
6.13	6.61184 25.2354 2.14039	
6.14	6.60457 25.23 2.13796	
6.15	6.60359 25.2252 2.13495	
6.16	6.59738 25.2199 2.1328	
6.17	6.60495 25.216 2.13813	
6.18	6.60212 25.2114 2.12702	
6.19	6.60218 25.2067 2.12428	
6.2	6.59498 25.1966 2.11909	
6.21	6.59505 25.1919 2.11634	
6.22	6.59512 25.1872 2.1136	
6.23	6.59536 25.1826 2.11922	
6.24	6.59542 25.1779 2.11646	
6.25	6.59275 25.1734 2.11371	
6.26	6.59176 25.1686 2.11067	
6.27	6.59294 25.1593 2.10543	
6.28	6.58568 25.154 2.10298	
6.29	6.58574 25.1493 2.10021	
6.3	6.58581 25.1446 2.09745	
6.31	6.58593 25.1352 2.09191	
6.32	6.57867 25.1299 2.08945	
6.33	6.57874 25.1252 2.08668	
6.34	6.5788 25.1205 2.0839	
6.35	6.57867 25.1158 2.07275	
6.36	6.57893 25.1112 2.07835	
6.37	6.57173 25.1012 2.0731	
6.38	6.57179 25.0965 2.07031	
6.39	6.57186 25.0918 2.06753	
6.4	6.57198 25.0825 2.06195	
6.41	6.57205 25.0778 2.05915	
6.42	6.57211 25.0732 2.05636	
6.43	6.56491 25.0631 2.05109	
6.44	6.57223 25.0639 2.048	
6.45	6.56219 25.0588 2.04552	
6.46	6.56231 25.0494 2.03991	
6.47	6.55958 25.045 2.03711	
6.48	6.55964 25.0403 2.0343	
6.49	6.55696 25.0312 2.02867	
6.5	6.55696 25.0313 2.0259	
6.51	6.55702 25.0266 2.02308	
6.52	6.547 25.0168 2.01777	
6.53	6.55453 25.0177 2.02303	
6.54	6.55444 25.0083 2.00901	
6.55	6.55168 25.0039 2.00618	
6.56	6.55179 24.9946 2.00052	
6.57	6.54798 24.99 1.9974	
6.58	6.54908 24.9855 1.99485	
6.59	6.54611 24.981 1.98364	
6.6	6.53904 24.9757 1.98949	
6.61	6.53631 24.9667 1.98381	
6.62	6.53636 24.962 1.98096	
6.63	6.52782 24.9566 1.9698	
6.64	6.52635 24.9476 1.97274	
6.65	6.52618 24.943 1.96152	
6.66	6.53356 24.939 1.95833	
6.67	6.52632 24.9291 1.95295	
6.68	6.5162 24.924 1.95042	
6.69	6.52357 24.92 1.94722	
6.7	6.52081 24.911 1.94149	
6.71	6.5198 24.9062 1.93834	
6.72	6.52085 24.9065 1.9358	
6.73	6.51071 24.9014 1.93326	
6.74	6.5097 24.8967 1.93011	
6.75	6.51079 24.8922 1.92751	
6.76	6.5078 24.8831 1.91338	
6.77	6.50047 24.8824 1.91372	
6.78	6.5005 24.8778 1.91084	
6.79	6.50784 24.8786 1.90767	
6.8	6.50058 24.8687 1.90223	
6.81	6.50062 24.8641 1.89934	
6.82	6.50065 24.8595 1.89645	
6.83	6.49964 24.8548 1.89328	
6.84	6.50073 24.8503 1.89066	
6.85	6.4995 24.8455 1.87912	
6.86	6.49789 24.8459 1.88777	
6.87	6.4906 24.8406 1.88521	
6.88	6.49509 24.8369 1.88197	
6.89	6.48648 24.8361 1.87367	
6.9	6.48651 24.8315 1.87076	
6.91	6.48757 24.8316 1.87104	
6.92	6.4876 24.827 1.86814	
6.93	6.48655 24.8269 1.86786	
6.94	6.48658 24.8223 1.86495	
6.95	6.48475 24.8226 1.86523	
6.96	6.47745 24.8173 1.86267	
6.97	6.47745 24.8173 1.86267	
6.98	6.47354 24.8128 1.85948	
6.99	6.47357 24.8082 1.85657	
7	6.47462 24.8083 1.85685	
7.01	6.48196 24.809 1.8565	
7.02	6.47465 24.8037 1.85393	
7.03	6.4791 24.8046 1.85358	
7.04	6.47179 24.7994 1.85102	
7.05	6.47074 24.7993 1.85074	
7.06	6.46892 24.795 1.8481	
7.07	6.46158 24.7943 1.84845	
7.08	6.46895 24.7904 1.84518	
7.09	6.46897 24.7858 1.84226	
7.1	6.46897 24.7858 1.84226	
7.11	6.46166 24.7805 1.83969	
7.12	6.46064 24.7758 1.83649	
7.13	6.46169 24.7759 1.83676	
7.14	6.46066 24.7713 1.83356	
7.15	6.45465 24.7661 1.83964	
7.16	6.46177 24.7622 1.82798	
7.17	6.46913 24.7583 1.82469	
7.18	6.46182 24.753 1.82211	
7.19	6.46162 24.7484 1.81081	
7.2	6.46187 24.7439 1.81624	
7.21	6.46085 24.7392 1.81302	
7.22	6.46193 24.7347 1.81035	
7.23	6.46169 24.7347 1.80232	
7.24	6.46187 24.73 1.80686	
7.25	6.46187 24.7254 1.8025	
7.26	6.46233 24.7162 1.81155	
7.27	6.46207 24.7116 1.79788	
7.28	6.46144 24.7067 1.80913	
7.29	6.4624 24.7023 1.80191	
7.3	6.46997 24.6938 1.80191	
7.31	6.46272 24.6884 1.80466	
7.32	6.46169 24.6838 1.80136	
7.33	6.46296 24.6792 1.80498	
7.34	6.46298 24.6701 1.7977	
7.35	6.46232 24.6652 1.8069	
7.36	6.46323 24.6609 1.79825	
7.37	6.46361 24.6515 1.80299	
7.38	6.46364 24.647 1.80069	
7.39	6.46383 24.6378 1.7996	
7.4	6.46406 24.6285 1.79986	
7.41	6.46427 24.6193 1.79909	
7.42	6.4643 24.6145 1.80212	
7.43	6.45676 24.6047 1.78768	
7.44	6.47119 24.6009 1.81033	
7.45	6.4645 24.5917 1.78775	
7.46	6.4652 24.5864 1.80906	
7.47	6.46475 24.5779 1.78455	
7.48	6.46559 24.5679 1.8069	
7.49	6.46513 24.5639 1.78603	
7.5	6.4658 24.5587 1.80607	
7.51	6.46428 24.5546 1.78501	
7.52	6.46603 24.5494 1.80596	
7.53	6.46849 24.5498 1.78683	
7.54	6.47614 24.5454 1.79368	
7.55	6.46893 24.5448 1.79807	
7.56	6.46883 24.5404 1.79082	
7.57	6.46912 24.5356 1.79708	
7.58	6.46904 24.5312 1.79028	
7.59	6.46824 24.5308 1.7988	
7.6	6.4691 24.5266 1.78823	
7.61	6.46839 24.5261 1.79999	
7.62	6.46785 24.522 1.77766	
7.63	6.46988 24.5167 1.807	
7.64	6.47948 24.5181 1.78033	
7.65	6.48024 24.5127 1.80322	
7.66	6.47129 24.5081 1.77964	
7.67	6.47312 24.5027 1.8031	
7.68	6.47144 24.5034 1.78119	
7.69	6.47211 24.4981 1.80049	
7.7	6.47545 24.4987 1.77568	
7.71	6.47533 24.4976 1.80734	
7.72	6.47531 24.4989 1.77063	
7.73	6.48282 24.4981 1.81202	
7.74	6.48197 24.4992 1.78249	
7.75	6.48225 24.4986 1.79254	
7.76	6.49061 24.4997 1.79074	
7.77	6.49066 24.4997 1.79208	
7.78	6.48957 24.4996 1.79081	
7.79	6.49069 24.4951 1.78928	
7.8	6.4938 24.4948 1.7926	
7.81	6.49374 24.4904 1.7864	
7.82	6.50434 24.4906 1.79433	
7.83	6.5031 24.4863 1.78317	
7.84	6.50757 24.4857 1.79697	
7.85	6.50993 24.4861 1.77464	
7.86	6.52011 24.4856 1.8037	
7.87	6.52232 24.4864 1.77554	
7.88	6.53324 24.486 1.79482	
7.89	6.54327 24.4871 1.78313	
7.9	6.56138 24.4833 1.79099	
7.91	6.57139 24.4841 1.77696	
7.92	6.5832 24.4842 1.7902	
7.93	6.59339 24.4851 1.78484	
7.94	6.60567 24.4852 1.78102	
7.95	6.61301 24.4895 1.79358	
7.96	6.63021 24.4911 1.77363	
7.97	6.63293 24.49 1.80084	
7.98	6.63623 24.491 1.77474	
7.99	6.64724 24.4952 1.80002	
8	6.65676 24.4967 1.76788	
8.01	6.65767 24.4955 1.79957	
8.02	6.66818 24.4973 1.76788	
8.03	6.66907 24.4961 1.799	
8.04	6.6757 24.4978 1.77597	
8.05	6.67193 24.4918 1.78819	
8.06	6.67914 24.4927 1.78612	
8.07	6.68213 24.4881 1.7767	
8.08	6.68322 24.4828 1.78456	
8.09	6.67167 24.478 1.77325	
8.1	6.65536 24.4724 1.77479	
8.11	6.65723 24.4685 1.77254	
8.12	6.64826 24.459 1.76074	
8.13	6.65142 24.4534 1.78217	
8.14	6.66169 24.4454 1.77008	
8.15	6.67444 24.4404 1.79673	
8.16	6.68025 24.4278 1.77489	
8.17	6.68312 24.4249 1.74529	
8.18	6.68457 24.4171 1.71033	
8.19	6.68467 24.4134 1.68338	
8.2	6.68556 24.4051 1.64952	
8.21	6.68637 24.4011 1.63061	
8.22	6.68705 24.397 1.61456	
8.23	6.68763 24.3928 1.60086	
8.24	6.68804 24.3931 1.59217	
8.25	6.68846 24.3887 1.58196	
8.26	6.68888 24.3889 1.5845	
8.27	6.68799 24.3844 1.56797	
8.28	6.69658 24.3852 1.56408	
8.29	6.68938 24.3847 1.56114	
8.3	6.68964 24.3848 1.56689	
8.31	6.68961 24.3848 1.55637	
8.32	6.69276 24.3847 1.55461	
8.33	6.69283 24.3847 1.55317	
8.34	6.69288 24.3847 1.55199	
8.35	6.69494 24.3845 1.55074	
8.36	6.70658 24.3852 1.55833	
8.37	6.69799 24.3892 1.54935	
8.38	6.70107 24.3891 1.54882	
8.39	6.70416 24.389 1.54838	
8.4	6.7187 24.3895 1.54805	
8.41	6.72178 24.3894 1.54776	
8.42	6.72782 24.3937 1.55061	
8.43	6.73814 24.3987 1.55324	
8.44	6.7392 24.3988 1.55336	
8.45	6.75057 24.4039 1.55634	
8.46	6.75048 24.4083 1.55932	
8.47	6.75436 24.4127 1.55423	
8.48	6.76184 24.4134 1.56227	
8.49	6.76468 24.4177 1.55692	
8.5	6.77615 24.4229 1.56836	
8.51	6.7771 24.4275 1.57168	
8.52	6.77993 24.4318 1.56635	
8.53	6.78916 24.4416 1.57731	
8.54	6.79315 24.4461 1.58064	
8.55	6.79712 24.4506 1.58397	
8.56	6.79982 24.4597 1.57871	
8.57	6.80716 24.4652 1.58691	
8.58	6.80985 24.4743 1.58167	
8.59	6.81721 24.4749 1.58144	
8.6	6.81814 24.4798 1.58179	
8.61	6.81814 24.4798 1.58179	
8.62	6.82529 24.4851 1.57326	
8.63	6.82538 24.4852 1.58164	
8.64	6.8254 24.4806 1.5702	
8.65	6.82843 24.4806 1.5702	
8.66	6.82948 24.4807 1.57048	
8.67	6.83987 24.4812 1.57026	
8.68	6.83894 24.4766 1.56691	
8.69	6.84631 24.4772 1.56669	
8.7	6.84938 24.4726 1.55525	
8.71	6.85683 24.4733 1.56341	
8.72	6.86103 24.4688 1.56062	
8.73	6.86301 24.4687 1.56034	
8.74	6.863 24.469 1.55734	
8.75	6.87352 24.465 1.55406	
8.76	6.88076 24.4704 1.55393	
8.77	6.88088 24.4662 1.54785	
8.78	6.881 24.4617 1.54477	
8.79	6.88205 24.4621 1.54205	
8.8	6.88216 24.458 1.53596	
8.81	6.88533 24.4534 1.53287	
8.82	6.88835 24.4537 1.52986	
8.83	6.89876 24.4542 1.52967	
8.84	6.90187 24.4497 1.5182	
8.85	6.89759 24.4491 1.52677	
8.86	6.90182 24.4447 1.52396	
8.87	6.91328 24.4453 1.52405	
8.88	6.91541 24.4407 1.52067	
8.89	6.92596 24.4368 1.51738	
8.9	6.93348 24.4329 1.5141	
8.91	6.93772 24.4285 1.51128	
8.92	6.94828 24.4246 1.508	
8.93	6.95133 24.4246 1.508	
8.94	6.95148 24.4201 1.50489	
8.95	6.95148 24.4201 1.50489	
8.96	6.95162 24.4156 1.50178	
8.97	6.95914 24.4118 1.4985	
8.98	6.95914 24.4118 1.49854	
8.99	6.95929 24.4073 1.49541	
9	6.96774 24.4035 1.49708	
9.01	6.96679 24.4033 1.48826	
9.02	6.96811 24.3989 1.50228	
9.03	6.96824 24.3945 1.4968	
9.04	6.96821 24.3948 1.49183	
9.05	6.96846 24.3948 1.49891	
9.06	6.9684 24.3951 1.49301	
9.07	6.96758 24.3905 1.4944	
9.08	6.96769 24.3908 1.49255	
9.09	6.96866 24.3909 1.4894	
9.1	6.97618 24.387 1.48712	
9.11	6.96905 24.3863 1.49152	
9.12	6.97512 24.3917 1.48783	
9.13	6.97633 24.3872 1.48954	
9.14	6.97531 24.3918 1.49024	
9.15	6.97638 24.3876 1.48326	
9.16	6.97626 24.388 1.47683	
9.17	6.97512 24.3879 1.47377	
9.18	6.97504 24.388 1.47149	
9.19	6.97618 24.3837 1.46678	
9.2	6.976 24.3836 1.47183	
9.21	6.97595 24.3836 1.46102	
9.22	6.9766 24.379 1.47411	
9.23	6.9756 24.3745 1.46727	
9.24	6.97578 24.37 1.46746	
9.25	6.97609 24.3699 1.47051	
9.26	6.98439 24.3709 1.46507	
9.27	6.9832 24.3713 1.45824	
9.28	6.97588 24.3664 1.4524	
9.29	6.97606 24.3666 1.44542	
9.3	6.97701 24.3671 1.44788	
9.31	6.97601 24.3627 1.44187	
9.32	6.97678 24.3586 1.43664	
9.33	6.98469 24.3588 1.45088	
9.34	6.98458 24.3593 1.44299	
9.35	6.97664 24.3541 1.43619	
9.36	6.97633 24.359 1.43146	
9.37	6.98372 24.3556 1.42112	
9.38	6.9836 24.3561 1.41482	
9.39	6.98348 24.3565 1.40074	
9.4	6.9834 24.3569 1.39551	
9.41	6.9833 24.3574 1.38231	
9.42	6.9822 24.3577 1.37751	
9.43	6.98212 24.3581 1.36489	
9.44	6.98208 24.3585 1.36087	
9.45	6.99048 24.3595 1.35714	
9.46	6.98305 24.3594 1.3536	
9.47	6.98199 24.3593 1.35277	
9.48	6.99039 24.3603 1.34104	
9.49	6.98931 24.3607 1.33734	
9.5	6.98189 24.3605 1.33416	
9.51	6.98154 24.3701 1.32582	
9.52	6.98257 24.3706 1.32286	
9.53	6.9815 24.3709 1.31937	
9.54	6.99179 24.3767 1.31619	
9.55	6.9842 24.3809 1.30801	
9.56	6.98523 24.3814 1.30517	
9.57	6.98416 24.3818 1.30177	
9.58	6.99154 24.3827 1.29014	
9.59	6.99121 24.3924 1.29041	
9.6	6.99099 24.3976 1.27075	
9.61	6.99098 24.398 1.26768	
9.62	6.99094 24.3984 1.25625	
9.63	6.99062 24.408 1.25657	
9.64	6.9906 24.4085 1.25352	
9.65	6.99042 24.4133 1.24531	
9.66	6.99024 24.4186 1.24246	
9.67	6.98989 24.4282 1.23445	
9.68	6.9973 24.4292 1.22291	
9.69	7.00001 24.4388 1.21491	
9.7	6.99238 24.4435 1.21223	
9.71	6.99963 24.4493 1.20089	
9.72	6.9993 24.459 1.20129	
9.73	7.00213 24.4643 1.19011	
9.74	7.0018 24.474 1.19052	
9.75	7.00142 24.4841 1.1712	
9.76	7.00227 24.4895 1.16033	
9.77	7.0085 24.4952 1.14876	
9.78	7.02388 24.5106 1.14675	
9.79	7.17776 24.5277 1.13606	
9.8	7.14962 24.5368 1.11716	
9.81	7.12402 24.546 1.10663	
9.82	7.11019 24.5649 1.09105	
9.83	7.09592 24.5739 1.07505	
9.84	7.11161 24.5842 1.0672	
9.85	7.09904 24.5883 1.05088	
9.86	7.10551 24.5883 1.04316	
9.87	7.10124 24.5929 1.04436	
9.88	7.10021 24.5928 1.03797	
9.89	7.12062 24.5937 1.02921	
9.9	7.10032 24.5927 1.02885	
9.91	7.11877 24.5933 1.01968	
9.92	7.11757 24.5891 1.02446	
9.93	7.11086 24.5886 1.01587	
9.94	7.1166 24.5891 1.01833	
9.95	7.11398 24.5889 1.01788	
9.96	7.11261 24.5845 1.0158	
9.97	7.11699 24.5802 1.01265	
9.98	7.12096 24.5805 1.01177	
9.99	7.1175 24.5807 1.00788	
10	7.12009 24.5812 1.00469	
10.01	7.13452 24.5832 0.998152	
10.02	7.13455 24.5831 0.997803	
10.03	7.13513 24.5835 0.986188	
10.04	7.13928 24.5797 0.979761	
10.05	7.14901 24.5857 0.977091	
10.06	7.17458 24.5868 0.973166	
10.07	7.17389 24.5872 0.960804	
10.08	7.18732 24.5888 0.953959	
10.09	7.19542 24.5897 0.941857	
10.1	7.19635 24.5902 0.938334	
10.11	7.20825 24.5913 0.926464	
10.12	7.21785 24.5831 0.919507	
10.13	7.21516 24.5831 0.90794	
10.14	7.22457 24.5886 0.907907	
10.15	7.23 24.5844 0.904443	
10.16	7.23224 24.5802 0.907655	
10.17	7.24237 24.5813 0.903835	
10.18	7.23463 24.5762 0.893123	
10.19	7.24768 24.5726 0.888183	
10.2	7.22958 24.5718 0.88772	
10.21	7.2484 24.5685 0.883386	
10.22	7.23454 24.5635 0.880479	
10.23	7.25693 24.5646 0.871583	
10.24	7.23178 24.559 0.869505	
10.25	7.24818 24.5598 0.868537	
10.26	7.24515 24.5556 0.865771	
10.27	7.25121 24.5516 0.863585	
10.28	7.24616 24.5468 0.853959	
10.29	7.24961 24.5471 0.861233	
10.3	7.25551 24.5432 0.85128	
10.31	7.23772 24.5422 0.858057	
10.32	7.26154 24.5391 0.844873	
10.33	7.24163 24.5337 0.842138	
10.34	7.25751 24.5345 0.841762	
10.35	7.25023 24.5301 0.838793	
10.36	7.25986 24.5262 0.836424	
10.37	7.23862 24.525 0.845446	
10.38	7.26702 24.5223 0.832739	
10.39	7.2507 24.5173 0.829467	
10.4	7.26535 24.5181 0.829525	
10.41	7.24277 24.5123 0.826285	
10.42	7.27178 24.5099 0.83048	
10.43	7.24617 24.504 0.819194	
10.44	7.26742 24.5051 0.818207	
10.45	7.25307 24.5 0.815349	
10.46	7.26252 24.4962 0.813261	
10.47	7.25324 24.4957 0.81413	
10.48	7.26256 24.4919 0.810886	
10.49	7.25331 24.4914 0.811062	
10.5	7.26267 24.4874 0.799278	
10.51	7.25331 24.4869 0.799394	
10.52	7.26243 24.488 0.796279	
10.53	7.2536 24.4876 0.796389	
10.54	7.26221 24.488 0.796298	
10.55	7.25399 24.4834 0.801486	
10.56	7.26275 24.4887 0.793626	
10.57	7.25623 24.484 0.790437	
10.58	7.26132 24.4893 0.790458	
10.59	7.25799 24.4891 0.79135	
10.6	7.26029 24.4892 0.790514	
10.61	7.25874 24.489 0.782968	
10.62	7.26099 24.4849 0.787559	
10.63	7.26055 24.4849 0.788182	
10.64	7.25327 24.4843 0.787702	
10.65	7.26781 24.4852 0.779141	
10.66	7.2537 24.4846 0.787642	
10.67	7.2597 24.4896 0.787613	
10.68	7.26192 24.4899 0.787642	
10.69	7.25178 24.4897 0.776883	
10.7	7.26017 24.4901 0.775877	
10.71	7.25877 24.4908 0.772913	
10.72	7.2604 24.491 0.77356	
10.73	7.26078 24.4959 0.773969	
10.74	7.2599 24.4915 0.770494	
10.75	7.25899 24.4915 0.770517	
10.76	7.25316 24.491 0.77081	
10.77	7.26028 24.492 0.767434	
10.78	7.25504 24.4873 0.75688	
10.79	7.26604 24.4887 0.752666	
10.8	7.24808 24.4881 0.749728	
10.81	7.27219 24.4945 0.748931	
10.82	7.24012 24.4931 0.737812	
10.83	7.26355 24.4857 0.730304	
10.84	7.2509 24.49 0.730678	
10.85	7.26245 24.4861 0.719332	
10.86	7.25719 24.4819 0.724957	
10.87	7.25436 24.4822 0.722522	
10.88	7.24991 24.4824 0.719626	
10.89	7.26552 24.4747 0.704515	
10.9	7.2456 24.4742 0.701678	
10.91	7.26545 24.4715 0.685978	
10.92	7.246 24.4761 0.683287	
10.93	7.26506 24.4735 0.676367	
10.94	7.27689 24.4703 0.669348	
10.95	7.29174 24.4717 0.665514	
10.96	7.31079 24.469 0.649768	
10.97	7.32099 24.4658 0.64286	
10.98	7.32885 24.4718 0.639758	
10.99	7.33547 24.4735 0.633384	
11	7.3612 24.4677 0.53151	
11.01	7.35523 24.4734 0.534202	
11.02	7.35514 24.4697 0.540942	
11.03	7.35567 24.471 0.545916	
11.04	7.36377 24.4734 0.537488	
11.05	7.36421 24.4746 0.530475	
11.06	7.35687 24.4747 0.533541	
11.07	7.36515 24.4721 0.512304	
11.08	7.35765 24.473 0.510376	
11.09	7.36603 24.4656 0.495478	
11.1	7.36177 24.4617 0.491815	
11.11	7.3701 24.4543 0.475804	
11.12	7.36285 24.4501 0.462863	
11.13	7.36314 24.4466 0.457922	
11.14	7.36351 24.443 0.444336	
11.15	7.36352 24.4437 0.442319	
11.16	7.36406 24.4353 0.43629	
11.17	7.3644 24.4317 0.422139	
11.18	7.36448 24.4323 0.411294	
11.19	7.36461 24.429 0.41366	
11.2	7.36468 24.4296 0.402633	
11.21	7.37457 24.4268 0.396141	
11.22	7.37483 24.4225 0.392947	
11.23	7.36717 24.4234 0.37876	
11.24	7.37615 24.4198 0.375741	
11.25	7.37149 24.4202 0.372883	
11.26	7.37209 24.4117 0.357722	
11.27	7.37205 24.4125 0.354782	
11.28	7.37536 24.4084 0.351402	
11.29	7.37571 24.4041 0.339636	
11.3	7.37491 24.3998 0.335933	
11.31	7.37462 24.4048 0.336398	
11.32	7.37592 24.4007 0.333267	
11.33	7.37802 24.4006 0.324628	
11.34	7.37923 24.3966 0.329855	
11.35	7.37933 24.3965 0.321502	
11.36	7.37988 24.3873 0.317631	
11.37	7.37988 24.3873 0.317631	
11.38	7.38014 24.3831 0.314166	
11.39	7.38014 24.3831 0.314166	
11.4	7.38149 24.3782 0.314038	
11.41	7.38053 24.3779 0.305374	
11.42	7.37802 24.3686 0.301489	
11.43	7.37832 24.3636 0.301071	
11.44	7.37862 24.3586 0.300656	
11.45	7.37957 24.3589 0.30932	
11.46	7.37972 24.3578 0.304003	
11.47	7.37897 24.3528 0.303299	
11.48	7.38032 24.3478 0.303182	
11.49	7.37293 24.3423 0.302815	
11.5	7.38083 24.3381 0.310741	
11.51	7.38227 24.3329 0.30226	
11.52	7.38232 24.3321 0.305323	
11.53	7.38262 24.3271 0.304925	
11.54	7.37523 24.3215 0.304567	
11.55	7.37658 24.3166 0.304463	
11.56	7.37663 24.3158 0.307533	
11.57	7.38462 24.3114 0.307103	
11.58	7.37754 24.3008 0.306366	
11.59	7.37814 24.2908 0.305599	
11.6	7.37849 24.285 0.308302	
11.61	7.37914 24.2742 0.310639	
11.62	7.36855 24.2687 0.31868	
11.63	7.37697 24.2582 0.312627	
11.64	7.37752 24.2477 0.323371	
11.65	7.37485 24.2414 0.317749	
11.66	7.37669 24.2268 0.325355	
11.67	7.3742 24.2158 0.327777	
11.68	7.37065 24.2048 0.329925	
11.69	7.37218 24.1952 0.337916	
11.7	7.36199 24.1837 0.340425	
11.71	7.3619 24.1682 0.330807	
11.72	7.36278 24.1532 0.329861	
11.73	7.35271 24.1379 0.337348	
11.74	7.35333 24.1271 0.339886	
11.75	7.35391 24.1171 0.33929	
11.76	7.35477 24.1021 0.338412	
11.77	7.35673 24.0864 0.341002	
11.78	7.35655 24.0713 0.339879	
11.79	7.3494 24.0603 0.350921	
11.8	7.3434 24.049 0.353909	
11.81	7.35189 24.0342 0.364617	
11.82	7.35161 24.0196 0.371935	
11.83	7.35319 24.0093 0.383283	
11.84	7.35396 23.9948 0.390924	
11.85	7.34389 23.9788 0.401847	
11.86	7.34437 23.9692 0.409754	
11.87	7.3339 23.9493 0.422369	
11.88	7.3337 23.9348 0.430703	
11.89	7.33097 23.9201 0.438589	
11.9	7.32949 23.9001 0.436437	
11.91	7.32534 23.8802 0.44351	
11.92	7.32431 23.87 0.455521	
11.93	7.32569 23.8507 0.464439	
11.94	7.3243 23.8404 0.476104	
11.95	7.32491 23.8252 0.486903	
11.96	7.31876 23.8096 0.497259	
11.97	7.3219 23.7953 0.50422	
11.98	7.31862 23.7849 0.515382	
11.99	7.31782 23.7709 0.530894	
12	7.31337 23.7608 0.534085	
12.01	7.3132 23.7464 0.540781	
12.02	7.31564 23.737 0.547849	
12.03	7.31407 23.7226 0.555352	
12.04	7.29977 23.7025 0.567407	
12.05	7.30391 23.6932 0.574286	
12.06	7.30265 23.6738 0.580682	
12.07	7.18082 23.6468 0.590215	
12.08	7.27437 23.6396 0.6053	
12.09	7.20261 23.6139 0.619061	
12.1	7.2732 23.6041 0.651092	
12.11	7.19765 23.5842 0.660995	
12.12	7.27315 23.5786 0.695832	
12.13	7.19712 23.5683 0.712625	
12.14	7.28505 23.5568 0.727834	
12.15	7.18831 23.5423 0.740567	
12.16	7.20836 23.5243 0.748551	
12.17	7.26451 23.5129 0.759858	
12.18	7.2169 23.4966 0.779014	
12.19	7.27233 23.4845 0.785703	
12.2	7.22449 23.465 0.804357	
12.21	7.26947 23.4518 0.820297	
12.22	7.22892 23.4323 0.843957	
12.23	7.26833 23.4226 0.847978	
12.24	7.23892 23.3975 0.863704	
12.25	7.26495 23.3829 0.870289	
12.26	7.24677 23.3551 0.89548	
12.27	7.26651 23.3388 0.900043	
12.28	7.24582 23.3272 0.998141	
12.29	7.25677 23.3088 0.998035	
12.3	7.23253 23.2878 0.981765	
12.31	7.23669 23.274 0.992597	
12.32	7.24077 23.2556 0.985424	
12.33	7.23318 23.2371 0.99128	
12.34	7.23668 23.2143 0.995641	
12.35	7.23324 23.2007 0.998776	
12.36	7.23594 23.1788 1.00901	
12.37	7.23483 23.1654 1.01448	
12.38	7.23599 23.1525 1.01541	
12.39	7.23431 23.1348 1.01788	
12.4	7.23663 23.122 1.01899	
12.41	7.23547 23.109 1.02103	
12.42	7.22872 23.1005 1.0307	
12.43	7.24391 23.0975 1.03483	
12.44	7.23098 23.0842 1.02763	
12.45	7.2426 23.0766 1.02745	
12.46	7.23349 23.0677 1.02185	
12.47	7.24216 23.0597 1.01326	
12.48	7.22839 23.0505 1.00855	
12.49	7.2409 23.0472 1.01204	
12.5	7.24007 23.0389 1.00636	
12.51	7.23947 23.0305 0.997207	
12.52	7.23292 23.0216 0.991405	
12.53	7.24678 23.0142 0.983159	
12.54	7.23429 23.0094 0.982607	
12.55	7.24945 23.001 0.969208	
12.56	7.23094 22.9865 0.973569	
12.57	7.24509 22.9833 0.977207	
12.58	7.23494 22.9738 0.97366	
12.59	7.2388 22.9614 0.971341	
12.6	7.2401 22.9527 0.963233	
12.61	7.23901 22.9391 0.965459	
12.62	7.23205 22.9251 0.972155	
12.63	7.24606 22.9125 0.967779	
12.64	7.2339 22.9026 0.978996	
12.65	7.24315 22.8897 0.982195	
12.66	7.22957 22.88 0.988956	
12.67	7.24853 22.8627 0.996202	
12.68	7.22398 22.8518 1.00398	
12.69	7.24716 22.8442 1.01978	
12.7	7.22398 22.838 1.02018	
12.71	7.24712 22.8348 1.01926	
12.72	7.23145 22.8247 1.0284	
12.73	7.24652 22.8116 1.0369	
12.74	7.23219 22.8015 1.03784	
12.75	7.24608 22.7882 1.03831	
12.76	7.23245 22.7824 1.05109	
12.77	7.24621 22.7646 1.0601	
12.78	7.23303 22.7499 1.06109	
12.79	7.24616 22.7276 1.07883	
12.8	7.23293 22.7217 1.08305	
12.81	7.24508 22.7085 1.0916	
12.82	7.23299 22.6941 1.10115	
12.83	7.2533 22.6863 1.10965	
12.84	7.22671 22.6708 1.11923	
12.85	7.2453 22.6582 1.13555	
12.86	7.23485 22.6483 1.13607	
12.87	7.24287 22.6303 1.14558	
12.88	7.23365 22.6158 1.15801	
12.89	7.24547 22.6029 1.16513	
12.9	7.23424 22.5932 1.17644	
12.91	7.24253 22.5846 1.18343	
12.92	7.23436 22.5751 1.1941	
12.93	7.25246 22.5628 1.20979	
12.94	7.22752 22.5472 1.20986	
12.95	7.24768 22.5394 1.21792	
12.96	7.23409 22.5249 1.22724	
12.97	7.25651 22.5218 1.23582	
12.98	7.2231 22.5064 1.24254	
12.99	7.24299 22.503 1.24137	
13	7.23502 22.498 1.25025	
13.01	7.24268 22.4941 1.25986	
13.02	7.24264 22.4894 1.26167	
13.03	7.23747 22.4845 1.26134	
13.04	7.24143 22.4848 1.26984	
13.05	7.23906 22.4801 1.27056	
13.06	7.24037 22.4803 1.27854	
13.07	7.23982 22.4761 1.27543	
13.08	7.24018 22.4717 1.28379	
13.09	7.24006 22.4669 1.27598	
13.1	7.24004 22.4625 1.28448	
13.11	7.24039 22.4538 1.28142	
13.12	7.24596 22.4501 1.27744	
13.13	7.23199 22.4445 1.27834	
13.14	7.2522 22.4419 1.28233	
13.15	7.22818 22.436 1.27886	
13.16	7.24967 22.4291 1.27897	
13.17	7.2319 22.4192 1.26749	
13.18	7.2436 22.4159 1.27193	
13.19	7.23661 22.4114 1.26937	
13.2	7.2431 22.4029 1.25766	
13.21	7.23704 22.3986 1.26432	
13.22	7.2427 22.3906 1.25628	
13.23	7.23993 22.3863 1.25408	
13.24	7.24188 22.3823 1.24937	
13.25	7.24079 22.374 1.24323	
13.26	7.24846 22.3705 1.23876	
13.27	7.2345 22.3612 1.23293	
13.28	7.24649 22.3577 1.22808	
13.29	7.23626 22.353 1.22442	
13.3	7.24382 22.3493 1.22038	
13.31	7.23741 22.3448 1.21852	
13.32	7.2419 22.3409 1.21363	
13.33	7.23182 22.3361 1.21988	
13.34	7.24893 22.3331 1.20679	
13.35	7.23423 22.3281 1.20312	
13.36	7.2486 22.3248 1.19923	
13.37	7.23366 22.3197 1.19561	
13.38	7.24769 22.3165 1.1922	
13.39	7.23595 22.3076 1.18537	
13.4	7.24727 22.3041 1.18171	
13.41	7.2353 22.2993 1.17813	
13.42	7.24398 22.2957 1.17417	
13.43	7.23828 22.2872 1.17705	
13.44	7.24919 22.2839 1.16364	
13.45	7.23269 22.2787 1.17037	
13.46	7.24643 22.275 1.15762	
13.47	7.23629 22.2704 1.15319	
13.48	7.24517 22.2669 1.14988	
13.49	7.23224 22.2618 1.14736	
13.5	7.24225 22.2542 1.1388	
13.51	7.24449 22.2503 1.13705	
13.52	7.23587 22.2456 1.13162	
13.53	7.23708 22.2414 1.12872	
13.54	7.23849 22.2374 1.12492	
13.55	7.24372 22.2344 1.11786	
13.56	7.23859 22.2299 1.11393	
13.57	7.2344 22.2254 1.11026	
13.58	7.24634 22.2222 1.10644	
13.59	7.2357 22.2175 1.10375	
13.6	7.24378 22.2099 1.10385	
13.61	7.23127 22.2047 1.09331	
13.62	7.24872 22.202 1.08821	
13.63	7.23252 22.1969 1.08453	
13.64	7.24834 22.1938 1.08056	
13.65	7.23328 22.1842 1.07756	
13.66	7.24777 22.181 1.07374	
13.67	7.23379 22.1761 1.07047	
13.68	7.2404 22.1722 1.06678	
13.69	7.23609 22.1633 1.06484	
13.7	7.24538 22.16 1.05999	
13.71	7.23021 22.1548 1.05789	
13.72	7.25579 22.1523 1.0448	
13.73	7.22573 22.1464 1.04941	
13.74	7.25192 22.1354 1.04111	
13.75	7.22999 22.1299 1.03752	
13.76	7.24505 22.1266 1.03389	
13.77	7.23664 22.1219 1.03093	
13.78	7.24623 22.1141 1.02813	
13.79	7.23828 22.1095 1.02544	
13.8	7.24449 22.1013 1.02145	
13.81	7.24039 22.0924 1.01918	
13.82	7.23595 22.0879 1.01481	
13.83	7.24809 22.0848 1.01125	
13.84	7.23058 22.0748 1.00861	
13.85	7.25291 22.0684 1.00012	
13.86	7.22329 22.0576 0.997251	
13.87	7.25699 22.056 0.992086	
13.88	7.22863 22.0455 0.988965	
13.89	7.24968 22.0388 0.98929	
13.9	7.23765 22.0296 0.985987	
13.91	7.23997 22.0255 0.983507	
13.92	7.24468 22.0125 0.98179	
13.93	7.24368 22.0046 0.974563	
13.94	7.24727 21.9961 0.971217	
13.95	7.2402 21.987 0.968371	
13.96	7.2495 21.9834 0.964119	
13.97	7.23874 21.9655 0.958624	
13.98	7.24595 21.962 0.953827	
13.99	7.24185 21.9491 0.947836	
14	7.24562 21.9369 0.948567	
14.01	7.24765 21.9243 0.941897	
14.02	7.24082 21.9107 0.939003	
14.03	7.24638 21.8985 0.931417	
14.04	7.24267 21.8853 0.937707	
14.05	7.24655 21.8728 0.921728	
14.06	7.24404 21.8601 0.915271	
14.07	7.2458 21.8483 0.912071	
14.08	7.25325 21.8326 0.901824	
14.09	7.24038 21.8191 0.90326	
14.1	7.25878 21.8081 0.895504	
14.11	7.24099 21.7941 0.880148	
14.12	7.2505 21.7868 0.881178	
14.13	7.24569 21.7695 0.883765	
14.14	7.26144 21.7672 0.870972	
14.15	7.23252 21.7601 0.875042	
14.16	7.27141 21.758 0.872064	
14.17	7.29243 21.7498 0.863341	
14.18	7.3227 21.7383 0.855003	
14.19	7.32161 21.7285 0.851174	
14.2	7.32215 21.7194 0.857653	
14.21	7.32569 21.7102 0.852975	
14.22	7.32076 21.6963 0.851951	
14.23	7.32498 21.683 0.847361	
14.24	7.32204 21.6695 0.854499	
14.25	7.32427 21.6604 0.862131	
14.26	7.3231 21.6465 0.864634	
14.27	7.3242 21.6328 0.873144	
14.28	7.3349 21.62 0.883527	
14.29	7.32232 21.6053 0.884959	
14.3	7.33498 21.5929 0.90245	
14.31	7.3233 21.574 0.912501	
14.32	7.3363 21.5572 0.931111	
14.33	7.32512 21.543 0.940994	
14.34	7.33545 21.5303 0.95031	
14.35	7.32568 21.5162 0.960532	
14.36	7.3448 21.5044 0.970318	
14.37	7.31461 21.4935 0.988028	
14.38	7.34763 21.4827 0.996943	
14.39	7.32318 21.4676 1.00668	
14.4	7.34023 21.4554 1.01598	
14.41	7.33119 21.4461 1.02541	
14.42	7.34003 21.4333 1.02771	
14.43	7.32487 21.419 1.04676	
14.44	7.34053 21.4113 1.0558	
14.45	7.33284 21.3935 1.05361	
14.46	7.34005 21.3815 1.06778	
14.47	7.33438 21.3723 1.0777	
14.48	7.3337 21.3594 1.08313	
14.49	7.33563 21.3469 1.08923	
14.5	7.33557 21.3256 1.08325	
14.51	7.34255 21.3136 1.08885	
14.52	7.32908 21.2953 1.09531	
14.53	7.35101 21.2845 1.10914	
14.54	7.37207 21.269 1.12357	
14.55	7.39666 21.2497 1.1235	
14.56	7.40441 21.233 1.12788	
14.57	7.41744 21.2173 1.13684	
14.58	7.42749 21.2009 1.1418	
14.59	7.43602 21.1805 1.15162	
14.6	7.45084 21.165 1.15287	
14.61	7.45594 21.1439 1.15878	
14.62	7.45566 21.1181 1.17447	
14.63	7.45994 21.1009 1.18474	
14.64	7.46383 21.0798 1.19134	
14.65	7.47444 21.0676 1.20977	
14.66	7.47732 21.0466 1.22493	
14.67	7.48431 21.0346 1.23871	
14.68	7.48508 21.026 1.24668	
14.69	7.486 21.0135 1.25116	
14.7	7.48665 21.0049 1.25969	
14.71	7.4875 20.992 1.26906	
14.72	7.4817 20.9789 1.26591	
14.73	7.48224 20.9703 1.27496	
14.74	7.49071 20.958 1.28495	
14.75	7.48008 20.9488 1.29432	
14.76	7.48768 20.9321 1.3049	
14.77	7.48174 20.9188 1.31509	
14.78	7.48271 20.9016 1.33537	
14.79	7.48338 20.8888 1.34388	
14.8	7.48405 20.876 1.35275	
14.81	7.48471 20.8632 1.36191	
14.82	7.48537 20.8504 1.37133	
14.83	7.49247 20.8424 1.37177	
14.84	7.48651 20.8291 1.38165	
14.85	7.49027 20.8167 1.39174	
14.86	7.48961 20.8082 1.4008	
14.87	7.48548 20.7995 1.42306	
14.88	7.47929 20.7905 1.43033	
14.89	7.48 20.7778 1.43034	
14.9	7.47584 20.7691 1.4384	
14.91	7.47144 20.7647 1.44605	
14.92	7.47167 20.7605 1.44559	
14.93	7.46741 20.7519 1.46283	
14.94	7.46745 20.7516 1.47435	
14.95	7.46324 20.7434 1.47679	
14.96	7.45776 20.739 1.48327	
14.97	7.45444 20.7347 1.49588	
14.98	7.45435 20.7347 1.50174	
14.99	7.4502 20.7264 1.49663	
15	7.44362 20.7259 1.49946	
15.01	7.44383 20.722 1.49349	
15.02	7.43166 20.721 1.51003	
15.03	7.43186 20.7172 1.50294	
15.04	7.43305 20.7135 1.50587	
15.05	7.42868 20.7094 1.50234	
15.06	7.42786 20.7052 1.50482	
15.07	7.41823 20.6968 1.49972	
15.08	7.41298 20.6889 1.48788	
15.09	7.40227 20.6804 1.48285	
15.1	7.4026 20.6728 1.47991	
15.11	7.39944 20.665 1.46953	
15.12	7.39876 20.6573 1.45914	
15.13	7.39264 20.6491 1.44961	
15.14	7.38842 20.6413 1.4403	
15.15	7.38985 20.6337 1.43156	
15.16	7.38353 20.6293 1.42675	
15.17	7.38286 20.6216 1.4179	
15.18	7.37844 20.6175 1.41842	
15.19	7.24433 20.6052 1.41446	
15.2	7.25746 20.6022 1.40978	
15.21	7.23912 20.5972 1.40584	
15.22	7.2536 20.5946 1.40122	
15.23	7.2454 20.5903 1.39776	
15.24	7.24701 20.5904 1.38975	
15.25	7.24211 20.5861 1.39482	
15.26	7.24577 20.5864 1.39451	
15.27	7.23823 20.5904 1.3944	
15.28	7.24494 20.591 1.39339	
15.29	7.23449 20.5904 1.39468	
15.3	7.24335 20.5908 1.39379	
15.31	7.24501 20.5869 1.38795	
15.32	7.2399 20.5866 1.39405	
15.33	7.23302 20.5861 1.39483	
15.34	7.24562 20.5869 1.3938	
15.35	7.22778 20.5818 1.39001	
15.36	7.24304 20.5789 1.38509	
15.37	7.23119 20.5743 1.38134	
15.38	7.24094 20.5711 1.37746	
15.39	7.23582 20.5589 1.37465	
15.4	7.2445 20.5434 1.36118	
15.41	7.23121 20.5345 1.36147	
15.42	7.23683 20.5189 1.34908	
15.43	7.23798 20.5027 1.34298	
15.44	7.2385 20.4868 1.33593	
15.45	7.24194 20.4707 1.32953	
15.46	7.23791 20.4538 1.33664	
15.47	7.23679 20.4373 1.3433	
15.48	7.2391 20.4129 1.33833	
15.49	7.23604 20.3963 1.34552	
15.5	7.23842 20.3796 1.3566	
15.51	7.23725 20.3589 1.36474	
15.52	7.24313 20.3424 1.37596	
15.53	7.23434 20.321 1.3975	
15.54	7.25369 20.305 1.40925	
15.55	7.23918 20.2882 1.42843	
15.56	7.26033 20.2692 1.44887	
15.57	7.24559 20.2529 1.46018	
15.58	7.26641 20.2371 1.48021	
15.59	7.253 20.2131 1.49717	
15.6	7.27307 20.2004 1.51647	
15.61	7.25976 20.1798 1.53266	
15.62	7.28154 20.1671 1.54751	
15.63	7.27358 20.1509 1.54971	
15.64	7.28478 20.134 1.55274	
15.65	7.25052 20.1156 1.55206	
15.66	7.2765 20.101 1.56167	
15.67	7.26482 20.0802 1.56056	
15.68	7.27363 20.0694 1.56147	
15.69	7.2448 20.0516 1.54728	
15.7	7.25823 20.0404 1.54159	
15.71	7.23769 20.0272 1.52048	
15.72	7.24734 20.0161 1.51563	
15.73	7.2415 20.0041 1.50369	
15.74	7.25213 19.9931 1.50873	
15.75	7.24055 19.977 1.48386	
15.76	7.24921 19.9661 1.46688	
15.77	7.2394 19.954 1.45282	
15.78	7.24307 19.939 1.43668	
15.79	7.24769 19.9245 1.42134	
15.8	7.24211 19.9131 1.4125	
15.81	7.24689 19.8985 1.39647	
15.82	7.23761 19.8828 1.38117	
15.83	7.247 19.8686 1.36476	
15.84	7.24104 19.8649 1.34866	
15.85	7.2441 19.8579 1.34284	
15.86	7.24189 19.8546 1.32675	
15.87	7.24457 19.8515 1.31701	
15.88	7.2425 19.8557 1.32029	
15.89	7.24413 19.8563 1.30642	
15.9	7.24207 19.8524 1.30261	
15.91	7.24222 19.8488 1.29825	
15.92	7.24327 19.8452 1.29472	
15.93	7.24366 19.8452 1.29455	
15.94	7.2435 19.8416 1.2823	
15.95	7.24236 19.8414 1.29033	
15.96	7.24325 19.8378 1.28665	
15.97	7.2427 19.8377 1.2863	
15.98	7.24178 19.8377 1.27805	
15.99	7.24729 19.8379 1.27793	
16	7.23877 19.8332 1.2797	
16.01	7.24176 19.825 1.28954	
16.02	7.23959 19.8126 1.28385	
16.03	7.24566 19.7968 1.28685	
16.04	7.23976 19.78 1.29932	
16.05	7.23914 19.763 1.2993	
16.06	7.24847 19.7393 1.31293	
16.07	7.23318 19.7176 1.32686	
16.08	7.24989 19.6902 1.35773	
16.09	7.22919 19.6606 1.3728	
16.1	7.26031 19.6308 1.382	
16.11	7.22304 19.5879 1.41229	
16.12	7.25681 19.5586 1.43888	
16.13	7.2329 19.5291 1.45797	
16.14	7.25631 19.5026 1.47685	
16.15	7.23378 19.4698 1.51141	
16.16	7.25292 19.4515 1.52337	
16.17	7.2404 19.4238 1.53785	
16.18	7.24827 19.4056 1.53485	
16.19	7.24028 19.3896 1.53708	
16.2	7.24792 19.3747 1.5473	
16.21	7.23907 19.3631 1.54374	
16.22	7.24896 19.3528 1.54003	
16.23	7.24622 19.345 1.54052	
16.24	7.24811 19.338 1.53204	
16.25	7.24299 19.3265 1.53584	
16.26	7.24808 19.3124 1.52687	
16.27	7.24691 19.2978 1.50641	
16.28	7.24931 19.2873 1.48859	
16.29	7.23996 19.2721 1.46968	
16.3	7.25075 19.2626 1.44704	
16.31	7.2375 19.2505 1.44297	
16.32	7.25232 19.2408 1.43044	
16.33	7.23877 19.2255 1.41402	
16.34	7.25548 19.2157 1.4015	
16.35	7.23366 19.207 1.39368	
16.36	7.25489 19.2014 1.38471	
16.37	7.23559 19.1927 1.38546	
16.38	7.25594 19.1872 1.36832	
16.39	7.23522 19.1785 1.36033	
16.4	7.25355 19.1767 1.35067	
16.41	7.23608 19.1684 1.33457	
16.42	7.25299 19.1625 1.33436	
16.43	7.23784 19.1577 1.33932	
16.44	7.25327 19.1518 1.32203	
16.45	7.2366 19.1471 1.31833	
16.46	7.25274 19.1447 1.31382	
16.47	7.231 19.1433 1.30928	
16.48	7.25281 19.1449 1.30848	
16.49	7.23276 19.1435 1.30913	
16.5	7.25278 19.1414 1.30415	
16.51	7.23158 19.1438 1.30365	
16.52	7.2522 19.1453 1.30311	
16.53	7.23336 19.1439 1.30392	
16.54	7.24584 19.1486 1.30238	
16.55	7.23318 19.1477 1.3029	
16.56	7.2512 19.1531 1.30155	
16.57	7.2332 19.1518 1.30205	
16.58	7.24564 19.1526 1.30201	
16.59	7.22972 19.1516 1.30207	
16.6	7.2491 19.1531 1.3014	
16.61	7.23031 19.1517 1.30177	
16.62	7.25447 19.1536 1.30109	
16.63	7.23141 19.152 1.30182	
16.64	7.24819 19.153 1.30089	
16.65	7.2312 19.1517 1.30136	
16.66	7.25269 19.1531 1.29284	
16.67	7.23223 19.1518 1.29328	
16.68	7.24619 19.1566 1.30065	
16.69	7.23447 19.1522 1.28837	
16.7	7.24995 19.1536 1.28816	
16.71	7.22243 19.1475 1.29331	
16.72	7.2561 19.1502 1.29164	
16.73	7.22357 19.1442 1.28763	
16.74	7.25206 19.1465 1.27805	
16.75	7.22727 19.141 1.28287	
16.76	7.2511 19.1428 1.28242	
16.77	7.22816 19.1415 1.27819	
16.78	7.25645 19.1403 1.26503	
16.79	7.22238 19.134 1.27024	
16.8	7.25151 19.1292 1.25232	
16.81	7.22806 19.1239 1.24869	
16.82	7.24469 19.1214 1.25282	
16.83	7.2356 19.1179 1.23582	
16.84	7.24354 19.115 1.23211	
16.85	7.23116 19.1103 1.22904	
16.86	7.2488 19.1088 1.21904	
16.87	7.23228 19.1006 1.21119	
16.88	7.24889 19.0948 1.20201	
16.89	7.23122 19.0899 1.19817	
16.9	7.24848 19.0842 1.18938	
16.91	7.2317 19.0796 1.17725	
16.92	7.24774 19.0807 1.18526	
16.93	7.22757 19.0755 1.18199	
16.94	7.25424 19.0777 1.1807	
16.95	7.21998 19.075 1.17291	
16.96	7.25496 19.0742 1.17557	
16.97	7.2205 19.0715 1.17637	
16.98	7.25956 19.0743 1.17477	
16.99	7.22118 19.064 1.16396	
17	7.25817 19.0665 1.17154	
17.01	7.2245 19.06 1.17341	
17.02	7.2599 19.0624 1.17214	
17.03	7.22513 19.0555 1.16578	
17.04	7.25317 19.0537 1.16659	
17.05	7.23123 19.0476 1.17739	
17.06	7.2531 19.0451 1.17907	
17.07	7.28817 19.0446 1.16474	
17.08	7.31819 19.0426 1.16474	
17.09	7.32976 19.0393 1.17411	
17.1	7.32424 19.0315 1.16275	
17.11	7.33495 19.0279 1.17268	
17.12	7.32828 19.024 1.15996	
17.13	7.3268 19.0197 1.1612	
17.14	7.3416 19.0133 1.15814	
17.15	7.32952 19.0045 1.15496	
17.16	7.3441 19.0053 1.16342	
17.17	7.32897 19 1.16464	
17.18	7.35382 19.002 1.15543	
17.19	7.3822 19.0004 1.15532	
17.2	7.40783 18.995 1.15985	
17.21	7.42768 18.9965 1.15039	
17.22	7.4514 18.9942 1.15076	
17.23	7.46791 18.9912 1.15166	
17.24	7.48652 18.9889 1.15507	
17.25	7.49467 18.982 1.15193	
17.26	7.50608 18.9712 1.14125	
17.27	7.517 18.9646 1.14614	
17.28	7.52003 18.9573 1.14259	
17.29	7.52971 18.9467 1.14024	
17.3	7.53359 18.9395 1.14566	
17.31	7.53523 18.9283 1.13487	
17.32	7.53748 18.9175 1.12747	
17.33	7.54113 18.9104 1.12594	
17.34	7.54978 18.8997 1.13361	
17.35	7.55097 18.8889 1.12571	
17.36	7.5527 18.8816 1.12352	
17.37	7.55407 18.8669 1.1192	
17.38	7.55705 18.8523 1.12602	
17.39	7.55655 18.8375 1.11765	
17.4	7.55659 18.8301 1.12641	
17.41	7.55724 18.8154 1.11801	
17.42	7.55884 18.8013 1.11696	
17.43	7.55732 18.7938 1.11521	
17.44	7.56045 18.7798 1.1141	
17.45	7.56561 18.7734 1.1025	
17.46	7.55995 18.7626 1.09608	
17.47	7.56016 18.7558 1.09336	
17.48	7.56036 18.749 1.08759	
17.49	7.56615 18.739 1.08062	
17.5	7.57173 18.7324 1.08747	
17.51	7.57832 18.7223 1.07425	
17.52	7.58429 18.7123 1.07352	
17.53	7.58466 18.7055 1.06573	
17.54	7.58516 18.6953 1.0691	
17.55	7.59277 18.6859 1.05308	
17.56	7.59151 18.6787 1.06041	
17.57	7.59208 18.6687 1.04027	
17.58	7.59867 18.6589 1.04743	
17.59	7.59885 18.6557 1.036	
17.6	7.59343 18.6451 1.03471	
17.61	7.594 18.6352 1.02314	
17.62	7.5943 18.6288 1.0291	
17.63	7.60091 18.6196 1.00178	
17.64	7.59532 18.6121 1.0206	
17.65	7.59665 18.6061 0.996462	
17.66	7.5962 18.5964 0.958371	
17.67	7.59656 18.5898 0.936216	
17.68	7.59693 18.5833 0.916506	
17.69	7.60308 18.581 0.897567	
17.7	7.59727 18.5773 0.885948	
17.71	7.59764 18.5707 0.87122	
17.72	7.59888 18.5675 0.862184	
17.73	7.59906 18.5642 0.853776	
17.74	7.59925 18.5609 0.846107	
17.75	7.59937 18.5575 0.847416	
17.76	7.59956 18.5542 0.840846	
17.77	7.59981 18.551 0.826306	
17.78	7.60558 18.5554 0.823573	
17.79	7.60577 18.5521 0.818011	
17.8	7.59996 18.5483 0.812806	
17.81	7.60592 18.5494 0.806422	
17.82	7.60611 18.5461 0.801412	
17.83	7.60135 18.5424 0.796929	
17.84	7.59589 18.5422 0.796475	
17.85	7.59585 18.5428 0.790677	
17.86	7.59498 18.5394 0.785764	
17.87	7.59498 18.5394 0.785514	
17.88	7.60116 18.5367 0.780838	
17.89	7.59517 18.5362 0.780804	
17.9	7.59641 18.533 0.7766	
17.91	7.59641 18.533 0.776487	
17.92	7.59641 18.533 0.776395	
17.93	7.59659 18.5297 0.771979	
17.94	7.59659 18.5297 0.771918	
17.95	7.59665 18.5298 0.763493	
17.96	7.59659 18.5297 0.771826	
17.97	7.59678 18.5264 0.76745	
17.98	7.59078 18.526 0.767561	
17.99	7.59684 18.5265 0.759025	
18	7.59702 18.5232 0.754663	
18.01	7.59102 18.5227 0.754787	
18.02	7.59096 18.5227 0.763161	
18.03	7.59696 18.5232 0.763022	
18.04	7.59702 18.5232 0.754648	
18.05	7.59102 18.5227 0.754787	
18.06	7.59202 18.5228 0.76343	
18.07	7.59202 18.5228 0.76343	
18.08	7.59202 18.5228 0.76343	
18.09	7.59202 18.5228 0.76343	
18.1	7.59202 18.5228 0.76343	
18.11	7.59307 18.5229 0.763699	
18.12	7.59202 18.5228 0.76343	
18.13	7.59202 18.5228 0.76343	
18.14	7.58784 18.5194 0.75098	
18.15	7.58678 18.5193 0.750711	
18.16	7.58784 18.5194 0.75098	
18.17	7.58784 18.5194 0.75098	
18.18	7.58197 18.5156 0.755149	
18.19	7.57549 18.5153 0.746509	
18.2	7.57672 18.5121 0.742428	
18.21	7.57624 18.5156 0.561997	
18.22	7.57646 18.512 0.59029	
18.23	7.57644 18.5118 0.625399	
18.24	7.57074 18.5076 0.634715	
18.25	7.57101 18.5033 0.653741	
18.26	7.57117 18.5002 0.641771	
18.27	7.56416 18.4993 0.656209	
18.28	7.5654 18.4958 0.64394	
18.29	7.56481 18.4876 0.654169	
18.3	7.55899 18.4835 0.640512	
18.31	7.56563 18.4721 0.661847	
18.32	7.56029 18.4601 0.628526	
18.33	7.56099 18.4481 0.652318	
18.34	7.55115 18.4354 0.641142	
18.35	7.55244 18.412 0.651197	
18.36	7.55313 18.3997 0.63358	
18.37	7.5425 18.3827 0.654067	
18.38	7.53802 18.363 0.69551	
18.39	7.53463 18.3427 0.737814	
18.4	7.52352 18.3148 0.780968	
18.41	7.52515 18.2918 0.811241	
18.42	7.51472 18.271 0.835172	
18.43	7.50441 18.2473 0.869342	
18.44	7.50598 18.224 0.898559	
18.45	7.50105 18.2045 0.928315	
18.46	7.49705 18.1734 0.965962	
18.47	7.49258 18.146 1.01005	
18.48	7.48814 18.1232 1.16223	
18.49	7.48933 18.1002 1.18207	
18.5	7.48012 18.0767 1.20579	
18.51	7.47481 18.0499 1.24126	
18.52	7.47596 18.0276 1.25563	
18.53	7.46534 18.0116 1.27514	
18.54	7.4667 17.9858 1.30264	
18.55	7.46183 17.9704 1.33313	
18.56	7.46368 17.9554 1.35654	
18.57	7.45878 17.9399 1.37239	
18.58	7.45869 17.9215 1.39254	
18.59	7.45464 17.9101 1.41676	
18.6	7.44872 17.8946 1.43416	
18.61	7.45057 17.8801 1.45493	
18.62	7.45027 17.8655 1.46714	
18.63	7.43962 17.8531 1.51076	
18.64	7.44107 17.8428 1.51912	
18.65	7.42987 17.8204 1.55165	
18.66	7.42482 17.8059 1.56234	
18.67	7.41517 17.7946 1.5811	
18.68	7.41012 17.7801 1.5929	
18.69	7.39943 17.7688 1.61232	
18.7	7.38215 17.7536 1.64163	
18.71	7.36594 17.7353 1.6504	
18.72	7.23348 17.7111 1.68188	
18.73	7.23515 17.7009 1.70342	
18.74	7.22582 17.687 1.72103	
18.75	7.23302 17.6805 1.74811	
18.76	7.22321 17.6702 1.7584	
18.77	7.22069 17.6564 1.76051	
18.78	7.22608 17.6537 1.76369	
18.79	7.23011 17.647 1.76876	
18.8	7.23236 17.6405 1.75981	
18.81	7.21018 17.6358 1.76848	
18.82	7.21266 17.6295 1.76432	
18.83	7.20916 17.6188 1.76505	
18.84	7.20884 17.6159 1.75986	
18.85	7.20811 17.6027 1.75595	
18.86	7.20094 17.5923 1.74845	
18.87	7.1931 17.582 1.74105	
18.88	7.19624 17.5688 1.73742	
18.89	7.18763 17.5582 1.73855	
18.9	7.18963 17.5484 1.73102	
18.91	7.18547 17.5382 1.72937	
18.92	7.18196 17.5244 1.72626	
18.93	7.18335 17.5111 1.7203	
18.94	7.18468 17.5008 1.72712	
18.95	7.18049 17.487 1.72156	
18.96	7.18159 17.4767 1.72842	
18.97	7.18247 17.4699 1.73382	
18.98	7.18329 17.4566 1.72797	
18.99	7.18404 17.4498 1.73339	
19	7.17924 17.4427 1.7308	
19.01	7.18097 17.436 1.73646	
19.02	7.18054 17.4291 1.74168	
19.03	7.18078 17.4259 1.73727	
19.04	7.18125 17.416 1.72996	
19.05	7.18182 17.4092 1.73541	
19.06	7.182 17.406 1.73101	
19.07	7.18242 17.3962 1.7237	
19.08	7.18295 17.3894 1.72915	
19.09	7.17824 17.3759 1.71779	
19.1	7.18374 17.37 1.70863	
19.11	7.22219 17.363 1.70252	
19.12	7.19518 17.3477 1.69194	
19.13	7.2103 17.3391 1.69699	
19.14	7.20531 17.3258 1.68415	
19.15	7.20787 17.3131 1.67924	
19.16	7.21605 17.3009 1.65842	
19.17	7.2032 17.2867 1.64792	
19.18	7.21649 17.2736 1.63616	
19.19	7.20492 17.2554 1.63561	
19.2	7.21327 17.2402 1.63302	
19.21	7.20946 17.221 1.62631	
19.22	7.22215 17.2 1.62022	
19.23	7.21368 17.1759 1.60898	
19.24	7.22284 17.1552 1.6087	
19.25	7.22171 17.1353 1.6173	
19.26	7.23284 17.1179 1.62102	
19.27	7.23171 17.0977 1.61228	
19.28	7.25634 17.0777 1.62071	
19.29	7.2315 17.0534 1.62536	
19.3	7.25414 17.0358 1.63662	
19.31	7.22641 17.0156 1.65151	
19.32	7.21296 16.999 1.69064	
19.33	7.1817 16.98 1.70841	
19.34	7.20893 16.9809 1.70179	
19.35	7.14362 16.9532 1.73339	
19.36	7.14853 16.9383 1.74761	
19.37	7.16278 16.9273 1.76903	
19.38	7.16568 16.9091 1.78579	
19.39	7.17216 16.8949 1.80065	
19.4	7.17775 16.8776 1.81712	
19.41	7.18233 16.8638 1.83198	
19.42	7.18608 16.8533 1.84523	
19.43	7.18321 16.8398 1.85401	
19.44	7.18604 16.8265 1.86279	
19.45	7.18111 16.8165 1.8636	
19.46	7.17194 16.8034 1.8665	
19.47	7.16266 16.79 1.86338	
19.48	7.15775 16.7804 1.85603	
19.49	7.14073 16.7703 1.85103	
19.5	7.11439 16.757 1.83399	
19.51	7.0909 16.747 1.82899	
19.52	7.05801 16.7368 1.81645	
19.53	7.03719 16.7195 1.82465	
19.54	7.00468 16.7027 1.81116	
19.55	6.97488 16.6793 1.89845	
19.56	6.95245 16.668 1.85619	
19.57	6.92521 16.6514 1.84586	
19.58	6.89977 16.6361 1.85693	
19.59	6.87859 16.6257 1.85504	
19.6	6.86199 16.6153 1.84579	
19.61	6.84244 16.6099 1.86347	
19.62	6.82973 16.6045 1.83826	
19.63	6.81254 16.6031 1.79635	
19.64	6.78926 16.6043 1.76483	
19.65	6.77736 16.5993 1.78866	
19.66	6.76526 16.5949 1.74913	
19.67	6.75859 16.5934 1.72353	
19.68	6.74284 16.5903 1.71116	
19.69	6.742 16.5885 1.68414	
19.7	6.7306 16.5888 1.67312	
19.71	6.73046 16.5864 1.65909	
19.72	6.7244 16.5833 1.64713	
19.73	6.7254 16.5808 1.63639	
19.74	6.72367 16.5782 1.61808	
19.75	6.7193 16.5777 1.62272	
19.76	6.71923 16.5779 1.61924	
19.77	6.71923 16.5751 1.6118	
19.78	6.7143 16.5747 1.61002	
19.79	6.71915 16.5754 1.60755	
19.8	6.71428 16.572 1.60196	
19.81	6.71426 16.5721 1.60067	
19.82	6.72057 16.5691 1.59505	
19.83	6.72544 16.5696 1.59362	
19.84	6.72547 16.5667 1.58834	
19.85	6.72063 16.5633 1.58374	
19.86	6.7269 16.5632 1.58327	
19.87	6.7269 16.5632 1.58288	
19.88	6.73323 16.5599 1.58421	
19.89	6.73951 16.5598 1.58395	
19.9	6.73956 16.5569 1.57915	
19.91	6.75085 16.5511 1.57548	
19.92	6.75719 16.5481 1.57076	
19.93	6.76967 16.5478 1.57425	
19.94	6.78099 16.5421 1.57001	
19.95	6.79847 16.5424 1.57002	
19.96	6.81463 16.5402 1.57005	
19.97	6.83217 16.5377 1.56431	
19.98	6.8488 16.5383 1.57718	
19.99	6.86633 16.5358 1.57056	
20	6.88823 16.5337 1.56158	
20.01	6.89963 16.5308 1.56722	
20.02	6.92198 16.5318 1.56439	
20.03	6.93372 16.529 1.57241	
20.04	6.9621 16.5277 1.56535	
20.05	6.9722 16.5281 1.56367	
20.06	6.9782 16.5257 1.55915	
20.07	6.99448 16.5265 1.56489	
20.08	6.99418 16.5206 1.55151	
20.09	6.99885 16.5175 1.56404	
20.1	7 16.5116 1.55789	
20.11	7.00496 16.5059 1.55427	
20.12	7.00499 16.5031 1.54692	
20.13	7.01648 16.5008 1.54971	
20.14	7.01943 16.4951 1.54273	
20.15	7.01896 16.4887 1.54831	
20.16	7.01991 16.4862 1.53247	
20.17	7.01863 16.4832 1.52869	
20.18	7.02589 16.4744 1.53498	
20.19	7.02009 16.4711 1.52501	
20.2	7.02454 16.466 1.50815	
20.21	7.02478 16.4601 1.50365	
20.22	7.01671 16.4574 1.48755	
20.23	7.02537 16.4524 1.47523	
20.24	7.02357 16.4466 1.46513	
20.25	7.01568 16.4405 1.46352	
20.26	7.01533 16.4376 1.45903	
20.27	7.01443 16.4324 1.44978	
20.28	7.01161 16.4263 1.44195	
20.29	7.00926 16.4233 1.4363	
20.3	7.00633 16.4173 1.42809	
20.31	6.99881 16.4134 1.43367	
20.32	6.99851 16.408 1.41317	
20.33	6.99902 16.4022 1.40992	
20.34	6.99906 16.3994 1.40335	
20.35	6.99879 16.394 1.38414	
20.36	6.99884 16.3912 1.37821	
20.37	6.9989 16.3884 1.37251	
20.38	6.99896 16.3855 1.367	
20.39	7.01027 16.3832 1.36122	
20.4	7.02148 16.381 1.36032	
20.41	7.01874 16.3747 1.35615	
20.42	7.01667 16.3718 1.35064	
20.43	7.02401 16.3662 1.35651	
20.44	7.02321 16.3635 1.34306	
20.45	7.02393 16.3607 1.33822	
20.46	7.03473 16.3551 1.33435	
20.47	7.03293 16.352 1.33728	
20.48	7.03199 16.3519 1.33714	
20.49	7.03781 16.3525 1.33754	
20.5	7.03605 16.3495 1.33213	
20.51	7.03943 16.3499 1.33109	
20.52	7.03827 16.347 1.32592	
20.53	7.03726 16.3469 1.32551	
20.54	7.04279 16.3473 1.31885	
20.55	7.22005 16.3603 1.30673	
20.56	7.17542 16.3545 1.31103	
20.57	7.16289 16.3533 1.31082	
20.58	7.16103 16.3524 1.31058	
20.59	7.15633 16.3518 1.31032	
20.6	7.15453 16.3512 1.31005	
20.61	7.15509 16.3509 1.30977	
20.62	7.15623 16.3508 1.30088	
20.63	7.15406 16.3474 1.30224	
20.64	7.1559 16.347 1.31089	
20.65	7.15023 16.3401 1.31403	
20.66	7.16144 16.3373 1.31677	
20.67	7.16285 16.3339 1.30966	
20.68	7.1653 16.3243 1.32251	
20.69	7.17036 16.321 1.32429	
20.7	7.17236 16.3148 1.32694	
20.71	7.1709 16.3082 1.33021	
20.72	7.17794 16.2952 1.35382	
20.73	7.1757 16.2887 1.34853	
20.74	7.18014 16.2826 1.35987	
20.75	7.18067 16.2762 1.36344	
20.76	7.18052 16.2696 1.37516	
20.77	7.17906 16.2663 1.37659	
20.78	7.18398 16.2602 1.38798	
20.79	7.1784 16.257 1.38989	
20.8	7.17728 16.2505 1.39304	
20.81	7.17857 16.2441 1.40503	
20.82	7.17885 16.2376 1.4168	
20.83	7.17891 16.2312 1.4202	
20.84	7.17924 16.2247 1.43198	
20.85	7.17935 16.2184 1.4354	
20.86	7.18086 16.212 1.44772	
20.87	7.18222 16.2058 1.45171	
20.88	7.17851 16.1926 1.46753	
20.89	7.19187 16.1809 1.48621	
20.9	7.19121 16.1744 1.49731	
20.91	7.18556 16.1611 1.52055	
20.92	7.18909 16.1551 1.52302	
20.93	7.18729 16.1485 1.53411	
20.94	7.18677 16.1421 1.54553	
20.95	7.19005 16.1422 1.55563	
20.96	7.18997 16.136 1.55868	
20.97	7.19157 16.1328 1.56986	
20.98	7.19156 16.1267 1.57477	
20.99	7.19361 16.1238 1.57793	
21	7.19333 16.1176 1.58269	
21.01	7.19151 16.1143 1.58629	
21.02	7.18826 16.1057 1.57847	
21.03	7.19937 16.0974 1.58654	
21.04	7.19418 16.0883 1.57759	
21.05	7.20198 16.0859 1.58024	
21.06	7.19922 16.077 1.57209	
21.07	7.20128 16.0716 1.56496	
21.08	7.20036 16.0627 1.56454	
21.09	7.1974 16.057 1.54927	
21.1	7.20606 16.0547 1.54919	
21.11	7.20075 16.0488 1.539	
21.12	7.19724 16.0429 1.53206	
21.13	7.20722 16.0409 1.52767	
21.14	7.19917 16.0377 1.52452	
21.15	7.20709 16.033 1.50568	
21.16	7.19139 16.0266 1.49596	
21.17	7.21096 16.0262 1.48543	
21.18	7.20317 16.0198 1.48354	
21.19	7.19399 16.0114 1.46245	
21.2	7.21166 16.0075 1.46278	
21.21	7.20308 16.0014 1.44399	
21.22	7.20138 15.9956 1.44756	
21.23	7.20544 15.9909 1.42326	
21.24	7.20476 15.9879 1.42995	
21.25	7.20168 15.9823 1.42142	
21.26	7.20582 15.9773 1.41256	
21.27	7.20371 15.9745 1.40708	
21.28	7.20737 15.9694 1.39971	
21.29	7.20712 15.9667 1.39249	
21.3	7.20346 15.9637 1.39082	
21.31	7.21221 15.9619 1.38141	
21.32	7.19763 15.958 1.3681	
21.33	7.21322 15.9593 1.37693	
21.34	7.20324 15.9582 1.37653	
21.35	7.20476 15.9555 1.37933	
21.36	7.20846 15.9559 1.37231	
21.37	7.20493 15.9555 1.37486	
21.38	7.20385 15.9555 1.37463	
21.39	7.20426 15.9558 1.36742	
21.4	7.20991 15.9562 1.37447	
21.41	7.20416 15.9525 1.37637	
21.42	7.20414 15.9528 1.36935	
21.43	7.20532 15.953 1.368	
21.44	7.20536 15.953 1.36936	
21.45	7.20113 15.9526 1.37678	
21.46	7.20942 15.9533 1.37825	
21.47	7.19586 15.9522 1.36863	
21.48	7.20979 15.9532 1.37954	
21.49	7.19877 15.9521 1.37827	
21.5	7.20934 15.9532 1.37048	
21.51	7.19846 15.9522 1.3688	
21.52	7.20711 15.9502 1.36627	
21.53	7.19531 15.9465 1.35957	
21.54	7.20961 15.9418 1.36829	
21.55	7.20019 15.9355 1.35645	
21.56	7.21537 15.934 1.34495	
21.57	7.20411 15.9299 1.34732	
21.58	7.20745 15.9275 1.34303	
21.59	7.20371 15.9246 1.33648	
21.6	7.2091 15.9198 1.33004	
21.61	7.21253 15.9172 1.31315	
21.62	7.20377 15.9133 1.31643	
21.63	7.21334 15.9087 1.31144	
21.64	7.20423 15.9027 1.29114	
21.65	7.21434 15.8982 1.28355	
21.66	7.20646 15.8948 1.27655	
21.67	7.20979 15.8925 1.27462	
21.68	7.21493 15.8875 1.25287	
21.69	7.21057 15.8841 1.25588	
21.7	7.2095 15.8813 1.25572	
21.71	7.21237 15.8791 1.24479	
21.72	7.208 15.8727 1.24121	
21.73	7.19493 15.8688 1.23649	
21.74	7.23465 15.8702 1.22758	
21.75	7.19907 15.8607 1.22248	
21.76	7.22804 15.8607 1.21974	
21.77	7.19449 15.8523 1.2051	
21.78	7.22742 15.847 1.19421	
21.79	7.19947 15.8331 1.18679	
21.8	7.22662 15.8244 1.17934	
21.81	7.19977 15.8074 1.17955	
21.82	7.22656 15.7971 1.16557	
21.83	7.19756 15.7833 1.15767	
21.84	7.23067 15.7787 1.13904	
21.85	7.19726 15.7677 1.11647	
21.86	7.22986 15.7628 1.09509	
21.87	7.19502 15.7422 1.07233	
21.88	7.23702 15.7329 1.06188	
21.89	7.19549 15.7074 1.04443	
21.9	7.24137 15.6952 1.01736	
21.91	7.1982 15.6729 1.00187	
21.92	7.24192 15.6622 0.992006	
21.93	7.14353 15.6355 0.97962	
21.94	7.32858 15.6298 0.951098	
21.95	7.05634 15.5949 0.94943	
21.96	7.21483 15.5936 0.929605	
21.97	7.17074 15.5751 0.926985	
21.98	7.21629 15.5673 0.918667	
21.99	7.17095 15.5594 0.908842	
22	7.16706 15.5504 0.907014	
22.01	7.15943 15.541 0.914254	
22.02	7.15681 15.5346 0.917669	
22.03	7.15949 15.5262 0.915919	
22.04	7.15779 15.5199 0.919414	
22.05	7.15663 15.5081 0.919927	
22.06	7.15083 15.5014 0.923882	
22.07	7.14995 15.4958 0.920804	
22.08	7.1497 15.4871 0.927933	
22.09	7.14821 15.4784 0.926493	
22.1	7.14908 15.4668 0.927332	
22.11	7.14915 15.4607 0.93934	
22.12	7.14913 15.4496 0.933313	
22.13	7.14979 15.4411 0.948866	
22.14	7.14979 15.4331 0.941007	
22.15	7.151 15.4228 0.937081	
22.16	7.15106 15.4117 0.930991	
22.17	7.15153 15.4008 0.933284	
22.18	7.15205 15.3899 0.93559	
22.19	7.15225 15.3789 0.92954	
22.2	7.15266 15.3735 0.934867	
22.21	7.15373 15.3596 0.947426	
22.22	7.15382 15.3432 0.930038	
22.23	7.15494 15.3294 0.942619	
22.24	7.15562 15.3181 0.951709	
22.25	7.15637 15.3048 0.949207	
22.26	7.15726 15.2881 0.955325	
22.27	7.15823 15.269 0.956589	
22.28	7.15894 15.2469 0.951387	
22.29	7.16075 15.225 0.971306	
22.3	7.16131 15.1977 0.979687	
22.31	7.16392 15.173 0.993407	
22.32	7.16545 15.1489 1.00015	
22.33	7.16653 15.1273 1.00343	
22.34	7.16808 15.1028 1.01702	
22.35	7.16934 15.087 1.02485	
22.36	7.17014 15.0742 1.02238	
22.37	7.17093 15.0614 1.01991	
22.38	7.17173 15.0486 1.01744	
22.39	7.17208 15.0382 1.01151	
22.4	7.17126 15.0305 1.00342	
22.41	7.17278 15.0283 1.00709	
22.42	7.17331 15.0236 1.00563	
22.43	7.17346 15.019 0.995802	
22.44	7.17384 15.019 1.00417	
22.45	7.17391 15.0166 0.999253	
22.46	7.16968 15.0116 0.989841	
22.47	7.16976 15.0092 0.984924	
22.48	7.16983 15.0069 0.980005	
22.49	7.16999 15.0023 0.970165	
22.5	7.17006 15 0.965244	
22.51	7.16368 14.9953 0.963764	
22.52	7.16345 14.9907 0.945549	
22.53	7.1639 14.9883 0.948988	
22.54	7.16406 14.9837 0.939133	
22.55	7.16421 14.9791 0.929274	
22.56	7.16428 14.9769 0.924343	
22.57	7.15966 14.9719 0.906539	
22.58	7.16413 14.97 0.90118	
22.59	7.16451 14.97 0.909545	
22.6	7.16458 14.9677 0.904611	
22.61	7.16428 14.9654 0.89131	
22.62	7.16466 14.9654 0.899675	
22.63	7.16466 14.9654 0.899675	
22.64	7.16456 14.9683 0.897734	
22.65	7.16456 14.9683 0.897734	
22.66	7.16018 14.9679 0.89816	
22.67	7.15325 14.9678 0.89816	
22.68	7.15995 14.9684 0.89092	
22.69	7.15252 14.9683 0.890638	
22.7	7.15136 14.9682 0.901013	
22.71	7.15344 14.974 0.897939	
22.72	7.15163 14.9768 0.886972	
22.73	7.15242 14.9798 0.885509	
22.74	7.15213 14.9797 0.893487	
22.75	7.15214 14.9797 0.885325	
22.76	7.14505 14.9797 0.885203	
22.77	7.15466 14.9803 0.896831	
22.78	7.15182 14.9801 0.895667	
22.79	7.14472 14.9795 0.886778	
22.8	7.15548 14.9804 0.887858	
22.81	7.15497 14.9798 0.887233	
22.82	7.15246 14.9796 0.88637	
22.83	7.15082 14.9795 0.894027	
22.84	7.15684 14.9795 0.885662	
22.85	7.15525 14.9794 0.885083	
22.86	7.15405 14.9764 0.886546	
22.87	7.16032 14.9764 0.894523	
22.88	7.15904 14.9763 0.88584	
22.89	7.15852 14.9706 0.889456	
22.9	7.16497 14.9677 0.891183	
22.91	7.16897 14.9652 0.892519	
22.92	7.16488 14.9562 0.907002	
22.93	7.17139 14.9477 0.904361	
22.94	7.17141 14.9391 0.910116	
22.95	7.17198 14.9277 0.926221	
22.96	7.17217 14.9168 0.927096	
22.97	7.17085 14.9081 0.924356	
22.98	7.17256 14.8975 0.933846	
22.99	7.18313 14.8865 0.941045	
23	7.18466 14.8707 0.939246	
23.01	7.18118 14.8539 0.952977	
23.02	7.18206 14.8381 0.959377	
23.03	7.18684 14.825 0.961941	
23.04	7.18331 14.8112 0.973756	
23.05	7.18431 14.7927 0.982214	
23.06	7.18514 14.7794 0.993638	
23.07	7.18608 14.7633 1.00709	
23.08	7.18749 14.7451 1.02399	
23.09	7.18833 14.7319 1.03548	
23.1	7.18966 14.7165 1.0504	
23.11	7.19052 14.7034 1.06192	
23.12	7.19168 14.6931 1.07979	
23.13	7.19135 14.6832 1.08211	
23.14	7.19349 14.6758 1.09816	
23.15	7.19423 14.6659 1.10069	
23.16	7.19547 14.6535 1.11362	
23.17	7.19612 14.6464 1.11411	
23.18	7.19679 14.6388 1.1216	
23.19	7.19637 14.6316 1.12188	
23.2	7.19393 14.6242 1.123	
23.21	7.19866 14.6198 1.12801	
23.22	7.19466 14.6149 1.11851	
23.23	7.19516 14.6128 1.1219	
23.24	7.19945 14.6088 1.11153	
23.25	7.19538 14.6062 1.10699	
23.26	7.20001 14.6044 1.10994	
23.27	7.20016 14.6 1.09999	
23.28	7.19659 14.5952 1.09884	
23.29	7.20046 14.5912 1.08008	
23.3	7.19682 14.5887 1.0839	
23.31	7.19697 14.5843 1.07393	
23.32	7.19761 14.5778 1.06735	
23.33	7.19776 14.5735 1.05737	
23.34	7.1979 14.5691 1.0474	
23.35	7.19813 14.5626 1.03243	
23.36	7.19793 14.5561 1.00909	
23.37	7.19807 14.5518 0.999098	
23.38	7.19879 14.5433 0.987471	
23.39	7.19901 14.5368 0.972469	
23.4	7.2018 14.5301 0.949533	
23.41	7.20607 14.5263 0.939086	
23.42	7.20252 14.5216 0.937871	
23.43	7.20267 14.5174 0.927854	
23.44	7.20239 14.5131 0.90947	
23.45	7.20403 14.509 0.908013	
23.46	7.20821 14.5073 0.902565	
23.47	7.20729 14.503 0.892329	
23.48	7.2029 14.4984 0.874369	
23.49	7.20347 14.4942 0.872696	
23.5	7.20361 14.49 0.862656	
23.51	7.21046 14.4859 0.844249	
23.52	7.21063 14.4812 0.841277	
23.53	7.2112 14.477 0.839592	
23.54	7.21135 14.4728 0.82954	
23.55	7.21099 14.4708 0.81615	
23.56	7.21107 14.4687 0.811122	
23.57	7.21157 14.4666 0.814456	
23.58	7.21164 14.4646 0.809426	
23.59	7.21128 14.4625 0.796033	
23.6	7.2185 14.4605 0.791001	
23.61	7.21135 14.4577 0.79704	
23.62	7.21573 14.4561 0.782788	
23.63	7.21682 14.452 0.780743	
23.64	7.21732 14.45 0.775429	
23.65	7.21644 14.45 0.767345	
23.66	7.21737 14.448 0.770394	
23.67	7.21642 14.4479 0.762355	
23.68	7.21729 14.448 0.770432	
23.69	7.21692 14.4479 0.770662	
23.7	7.22413 14.4454 0.764102	
23.71	7.21013 14.4442 0.767258	
23.72	7.22071 14.4419 0.776873	
23.73	7.21409 14.4414 0.773198	
23.74	7.21767 14.439 0.773746	
23.75	7.22053 14.4392 0.772512	
23.76	7.22168 14.4341 0.773069	
23.77	7.21361 14.4309 0.77352	
23.78	7.22581 14.4287 0.774219	
23.79	7.21005 14.4249 0.776021	
23.8	7.21723 14.418 0.774034	
23.81	7.21862 14.4128 0.788285	
23.82	7.22484 14.4027 0.789072	
23.83	7.21159 14.3891 0.792347	
23.84	7.22038 14.3749 0.789422	
23.85	7.22055 14.3577 0.789739	
23.86	7.22679 14.3351 0.803529	
23.87	7.21457 14.3123 0.809808	
23.88	7.22234 14.2856 0.818989	
23.89	7.22232 14.2616 0.835347	
23.9	7.2264 14.2279 0.850091	
23.91	7.23593 14.2 0.853468	
23.92	7.22833 14.1695 0.886159	
23.93	7.2506 14.1342 0.906747	
23.94	7.23208 14.1011 0.935707	
23.95	7.23665 14.0758 0.947674	
23.96	7.22795 14.043 0.975985	
23.97	7.23862 14.0164 1.00587	
23.98	7.22657 13.9929 1.01542	
23.99	7.23994 13.9691 1.03492	
24	7.22799 13.9527 1.04489	
24.01	7.23882 13.9361 1.04965	
24.02	7.22912 13.9273 1.05355	
24.03	7.24315 13.9227 1.05425	
24.04	7.22506 13.9155 1.03971	
24.05	7.24211 13.9111 1.03155	
24.06	7.228 13.9044 1.01648	
24.07	7.24204 13.8979 1.00399	
24.08	7.22886 13.8894 0.984255	
24.09	7.24208 13.8811 0.966695	
24.1	7.22969 13.8709 0.941739	
24.11	7.24161 13.8644 0.92092	
24.12	7.23022 13.8581 0.906107	
24.13	7.24126 13.8516 0.885287	
24.14	7.23083 13.8417 0.860124	
24.15	7.24087 13.8353 0.839313	
24.16	7.23134 13.8274 0.819193	
24.17	7.24058 13.8209 0.798369	
24.18	7.23074 13.813 0.777965	
24.19	7.23986 13.8049 0.752232	
24.2	7.23278 13.7956 0.726803	
24.21	7.23969 13.7873 0.700856	
24.22	7.25376 13.7814 0.678801	
24.23	7.26359 13.7751 0.657801	
24.24	7.27383 13.7689 0.636339	
24.25	7.2812 13.7626 0.614812	
24.26	7.27677 13.7519 0.575056	
24.27	7.27385 13.746 0.547298	
24.28	7.27498 13.7376 0.530719	
24.29	7.27428 13.7308 0.510594	
24.3	7.2675 13.724 0.489484	
24.31	7.27351 13.7195 0.464959	
24.32	7.26891 13.7125 0.45222	
24.33	7.2694 13.7076 0.428841	
24.34	7.26935 13.7026 0.41459	
24.35	7.26569 13.699 0.403974	
24.36	7.27514 13.696 0.384881	
24.37	7.27152 13.6901 0.384656	
24.38	7.27883 13.6869 0.374866	
24.39	7.27931 13.6808 0.366705	
24.4	7.27899 13.6743 0.366276	
24.41	7.286 13.6663 0.360072	
24.42	7.2872 13.6491 0.355568	
24.43	7.30265 13.6326 0.351379	
24.44	7.28786 13.617 0.344606	
24.45	7.31535 13.6017 0.347831	
24.46	7.29184 13.5853 0.342564	
24.47	7.31689 13.5712 0.321068	
24.48	7.30677 13.5501 0.315591	
24.49	7.33242 13.5332 0.291851	
24.5	7.31936 13.513 0.278008	
24.51	7.33687 13.4946 0.249416	
24.52	7.32377 13.4773 0.224873	
24.53	7.33785 13.4621 0.195377	
24.54	7.33585 13.4449 0.15798	
24.55	7.3498 13.4274 0.10199	
24.56	7.34643 13.412 0.040422	
24.57	7.35938 13.3974 -0.00886273	
24.58	7.44673 13.3923 -0.15165	
24.59	7.46299 13.3837 -0.179703	
24.6	7.47026 13.3759 -0.196735	
24.61	7.48639 13.3664 -0.227328	
24.62	7.5084 13.3583 -0.255015	
24.63	7.5445 13.352 -0.301158	
24.64	7.57688 13.3457 -0.339984	
24.65	7.60224 13.3368 -0.385888	
24.66	7.62613 13.3314 -0.442789	
24.67	7.64186 13.3282 -0.498266	
24.68	7.67365 13.328 -0.569268	
24.69	7.69351 13.3319 -0.640462	
24.7	7.72225 13.3346 -0.734915	
24.71	7.74933 13.3373 -0.828929	
24.72	7.77194 13.3418 -0.888869	
24.73	7.80333 13.3426 -0.947383	
24.74	7.83583 13.349 -0.980697	
24.75	7.85577 13.3518 -1.02022	
24.76	7.88358 13.3595 -1.06184	
24.77	7.91617 13.3664 -1.10832	
24.78	7.9487 13.3747 -1.1624	
24.79	7.97763 13.3842 -1.23265	
24.8	8.00479 13.397 -1.29954	
24.81	8.03193 13.4105 -1.35807	
24.82	8.06815 13.4288 -1.44624	
24.83	8.10719 13.4578 -1.55263	
24.84	8.14933 13.4905 -1.67281	
24.85	8.19657 13.532 -1.82806	
24.86	8.23883 13.5713 -1.98147	
24.87	8.29788 13.6201 -2.14568	
24.88	8.36232 13.6751 -2.33073	
24.89	8.43537 13.7345 -2.52535	
24.9	8.49584 13.7767 -2.67748	
24.91	8.57558 13.8329 -2.84863	
24.92	8.66836 13.893 -3.03783	
24.93	8.75508 13.9506 -3.1947	
24.94	8.83449 14.0059 -3.3468	
24.95	8.90936 14.0673 -3.48096	
24.96	9.01036 14.1441 -3.63279	
24.97	9.10651 14.2286 -3.78793	
24.98	9.20887 14.3185 -3.94344	
24.99	9.27667 14.3731 -4.03773	
25	9.36628 14.4511 -4.17651	
25.01	9.42652 14.5096 -4.27156	
25.02	9.50083 14.5788 -4.38736	
25.03	9.57492 14.6474 -4.51098	
25.04	9.64971 14.7206 -4.63535	
25.05	9.70432 14.7756 -4.7348	
25.06	9.7728 14.8452 -4.85619	
25.07	9.83381 14.9123 -4.96772	
25.08	9.88998 14.9713 -5.07522	
25.09	9.94522 15.0471 -5.20652	
25.1	9.99833 15.1258 -5.32368	
25.11	10.0328 15.1886 -5.42329	
25.12	10.0873 15.263 -5.54571	
25.13	10.1277 15.3403 -5.66945	
25.14	10.1564 15.3932 -5.77278	
25.15	10.1994 15.4571 -5.89901	
25.16	10.2358 15.5022 -5.99546	
25.17	10.2735 15.5695 -6.13684	
25.18	10.3036 15.6204 -6.24108	
25.19	10.3197 15.6579 -6.31584	
25.2	10.3414 15.7028 -6.3809	
25.21	10.3556 15.7516 -6.4416	
25.22	10.3689 15.7969 -6.47789	
25.23	10.381 15.8578 -6.52445	
25.24	10.385 15.9145 -6.54938	
25.25	10.3863 15.9836 -6.5666	
25.26	10.3841 16.0714 -6.58591	
25.27	10.3889 16.1649 -6.60241	
25.28	10.3859 16.2547 -6.60322	
25.29	10.4014 16.3649 -6.61263	
25.3	10.4118 16.4572 -6.63417	
25.31	10.4279 16.5937 -6.65297	
25.32	10.4522 16.731 -6.6749	
25.33	10.4636 16.8483 -6.69537	
25.34	10.4837 16.9646 -6.72453	
25.35	10.5134 17.1059 -6.76199	
25.36	10.5366 17.2371 -6.80251	
25.37	10.5521 17.3391 -6.84844	
25.38	10.5646 17.4631 -6.8911	
25.39	10.5651 17.5815 -6.9461	
25.4	10.5738 17.6751 -6.98546	
25.41	10.5756 17.7886 -7.02372	
25.42	10.5705 17.8869 -7.06281	
25.43	10.5622 18.0082 -7.11461	
25.44	10.5451 18.1304 -7.14709	
25.45	10.5219 18.2358 -7.16675	
25.46	10.515 18.364 -7.19202	
25.47	10.4972 18.5067 -7.20729	
25.48	10.4801 18.6379 -7.2096	
25.49	10.4676 18.7913 -7.21158	
25.5	10.4538 18.9808 -7.19255	
25.51	10.4279 19.1241 -7.17593	
25.52	10.4047 19.2985 -7.15054	
25.53	10.3666 19.4784 -7.12437	
25.54	10.3402 19.637 -7.09822	
25.55	10.2943 19.81 -7.06398	
25.56	10.2195 20.0428 -7.01262	
25.57	10.1634 20.2161 -6.97469	
25.58	10.1046 20.3984 -6.92701	
25.59	10.0009 20.6275 -6.86669	
25.6	9.93338 20.7887 -6.81722	
25.61	9.84334 20.9862 -6.75372	
25.62	9.7262 21.2375 -6.66759	
25.63	9.65498 21.3791 -6.63048	
25.64	9.56318 21.5822 -6.56156	
25.65	9.47787 21.7481 -6.50201	
25.66	9.40864 21.8759 -6.45759	
25.67	9.33902 22.0256 -6.41707	
25.68	9.27461 22.15 -6.39775	
25.69	9.20503 22.3045 -6.36432	
25.7	9.13824 22.4468 -6.35668	
25.71	9.05872 22.6201 -6.34954	
25.72	9.00587 22.7465 -6.36751	
25.73	8.96286 22.8403 -6.38305	
25.74	8.90879 22.943 -6.40385	
25.75	8.85602 23.0433 -6.41173	
25.76	8.80746 23.1191 -6.4323	
25.77	8.75448 23.2 -6.45099	
25.78	8.69284 23.2839 -6.45937	
25.79	8.6439 23.3572 -6.46637	
25.8	8.58322 23.4238 -6.47787	
25.81	8.51515 23.5034 -6.48144	
25.82	8.44486 23.5852 -6.47943	
25.83	8.38546 23.6442 -6.47657	
25.84	8.31174 23.7221 -6.46716	
25.85	8.2554 23.7884 -6.46539	
25.86	8.1811 23.8644 -6.46012	
25.87	8.12366 23.9303 -6.45442	
25.88	8.08588 23.9799 -6.44646	
25.89	8.04759 24.0335 -6.44481	
25.9	8.00748 24.0928 -6.46096	
25.91	7.95975 24.1545 -6.46021	
25.92	7.9329 24.2109 -6.46584	
25.93	7.90394 24.2826 -6.47073	
25.94	7.87605 24.3466 -6.4852	
25.95	7.86523 24.4092 -6.49303	
25.96	7.84567 24.4741 -6.50354	
25.97	7.83485 24.5289 -6.52102	
25.98	7.82647 24.5739 -6.5337	
25.99	7.83048 24.6137 -6.56009	
26	7.8159 24.6524 -6.5779	
26.01	7.80987 24.6828 -6.59486	
26.02	7.79426 24.7081 -6.60857	
26.03	7.78743 24.7391 -6.60895	
26.04	7.7708 24.7733 -6.59971	
26.05	7.75302 24.8139 -6.58846	
26.06	7.73158 24.8503 -6.57403	
26.07	7.70564 24.9008 -6.55064	
26.08	7.67689 24.9531 -6.51906	
26.09	7.64015 25.005 -6.49068	
26.1	7.60406 25.0542 -6.46382	
26.11	7.57339 25.1076 -6.43966	
26.12	7.53154 25.1639 -6.42139	
26.13	7.5032 25.2104 -6.41124	
26.14	7.46427 25.2701 -6.39206	
26.15	7.43277 25.3309 -6.37296	
26.16	7.40759 25.3795 -6.37313	
26.17	7.36761 25.4469 -6.36216	
26.18	7.34203 25.5036 -6.35152	
26.19	7.31324 25.5581 -6.34911	
26.2	7.29067 25.6256 -6.3422	
26.21	7.26101 25.6948 -6.32985	
26.22	7.22832 25.7619 -6.32563	
26.23	7.19599 25.8291 -6.32112	
26.24	7.17372 25.8795 -6.32352	
26.25	7.14165 25.9514 -6.30551	
26.26	7.11135 26.0063 -6.30174	
26.27	7.08613 26.075 -6.29617	
26.28	7.052 26.1444 -6.28245	
26.29	7.02269 26.1997 -6.27798	
26.3	7.00136 26.2621 -6.27076	
26.31	6.96023 26.3465 -6.253	
26.32	6.93963 26.4091 -6.24518	
26.33	6.91425 26.4744 -6.23896	
26.34	6.88704 26.5575 -6.22479	
26.35	6.87391 26.6359 -6.21248	
26.36	6.85082 26.7132 -6.19975	
26.37	6.82667 26.814 -6.17625	
26.38	6.81202 26.9135 -6.15647	
26.39	6.79023 27 -6.1417	
26.4	6.77357 27.1092 -6.12373	
26.41	6.75613 27.2212 -6.10301	
26.42	6.74785 27.3188 -6.08543	
26.43	6.7314 27.4264 -6.07595	
26.44	6.71566 27.5106 -6.07742	
26.45	6.702 27.5938 -6.0749	
26.46	6.69325 27.6958 -6.08079	
26.47	6.67667 27.8018 -6.07923	
26.48	6.66372 27.8936 -6.08762	
26.49	6.64639 28.0203 -6.10887	
26.5	6.63689 28.1063 -6.11825	
26.51	6.62563 28.1939 -6.13746	
26.52	6.61586 28.2872 -6.15245	
26.53	6.60448 28.4128 -6.19786	
26.54	6.59948 28.4434 -6.27312	
26.55	6.58895 28.5368 -6.33209	
26.56	6.58067 28.6107 -6.42041	
26.57	6.57345 28.6812 -6.48852	
26.58	6.57119 28.7842 -6.57605	
26.59	6.57159 28.8802 -6.6851	
26.6	6.56245 28.9999 -6.77712	
26.61	6.55279 29.1185 -6.87293	
26.62	6.54485 29.2189 -6.95813	
26.63	6.53312 29.3387 -7.08511	
26.64	6.5242 29.4939 -7.18126	
26.65	6.52069 29.6445 -7.29916	
26.66	6.51339 29.7637 -7.40137	
26.67	6.50001 29.9564 -7.51846	
26.68	6.49755 30.0989 -7.59323	
26.69	6.49438 30.2329 -7.66677	
26.7	6.47894 30.3275 -7.82029	
26.71	6.58464 30.0344 -8.558	
26.72	6.57513 30.0322 -8.56288	
26.73	6.56287 30.0293 -8.5694	
26.74	6.55259 30.0267 -8.57506	
26.75	6.54424 30.0246 -8.57978	
26.76	6.53966 30.017 -8.60189	
26.77	6.53047 30.0209 -8.58785	
26.78	6.52592 30.0171 -8.59854	
26.79	6.52602 30.0133 -8.61013	
26.8	6.52615 30.012 -8.61384	
26.81	6.53533 30.0015 -8.64736	
26.82	6.53988 29.9962 -8.66411	
26.83	6.54352 29.9905 -8.68141	
26.84	6.50167 30.0101 -8.6138	
26.85	6.50721 30.0078 -8.62208	
26.86	6.50544 30.0099 -8.61531	
26.87	6.49636 30.0085 -8.61729	
26.88	6.49459 30.008 -8.61846	
26.89	6.49371 30.0051 -8.62698	
26.9	6.49371 30.0104 -8.61112	
26.91	6.49195 30.0072 -8.62023	
26.92	6.49108 30.0043 -8.62875	
26.93	6.49662 30.0046 -8.6291	
26.94	6.49575 30.007 -8.62177	
26.95	6.49575 30.007 -8.62177	
26.96	6.48845 30.0061 -8.6226	
26.97	6.49488 30.0094 -8.61444	
26.98	6.49488 30.0067 -8.62237	
26.99	6.48845 30.0088 -8.61468	
27	6.48845 30.0088 -8.61468	
27.01	6.48932 30.009 -8.61408	
27.02	6.48932 30.009 -8.61408	
27.03	6.48845 30.0088 -8.61468	
27.04	6.48932 30.009 -8.61408	
27.05	6.48845 30.0088 -8.61468	
27.06	6.48845 30.0088 -8.61468	
27.07	6.48845 30.0114 -8.60675	
27.08	6.48845 30.0088 -8.61468	
27.09	6.48845 30.0088 -8.61468	
27.1	6.48845 30.0088 -8.61468	
27.11	6.48845 30.0088 -8.61468	
27.12	6.48845 30.0088 -8.61468	
27.13	6.48845 30.0088 -8.61468	
27.14	6.48289 30.0084 -8.61432	
27.15	6.48201 30.0082 -8.61491	
27.16	6.48201 30.0082 -8.61491	
27.17	6.48845 30.0088 -8.61468	
27.18	6.482 30.0108 -8.60698	
27.19	6.48845 30.0114 -8.60675	
27.2	6.48113 30.0105 -8.60758	
27.21	6.48113 30.0105 -8.60758	
27.22	6.4867 30.0082 -8.61587	
27.23	6.48495 30.0077 -8.61706	
27.24	6.48408 30.0074 -8.61766	
27.25	6.47974 30.0061 -8.62068	
27.26	6.46725 30.0088 -8.60933	
27.27	6.45737 30.0096 -8.60411	
27.28	6.45479 30.0114 -8.59804	
27.29	6.45701 30.0001 -8.63261	
27.3	6.46088 29.9999 -8.63423	
27.31	6.46004 29.9996 -8.63486	
27.32	6.4575 29.9988 -8.63675	
27.33	6.4575 29.9988 -8.63675	
27.34	6.45329 29.9973 -8.63992	
27.35	6.45329 29.9973 -8.63992	
27.36	6.45245 29.997 -8.64055	
27.37	6.44437 29.9958 -8.64209	
27.38	6.44353 29.9955 -8.64272	
27.39	6.44354 29.9929 -8.65063	
27.4	6.4491 29.9959 -8.64311	
27.41	6.4491 29.9959 -8.64311	
27.42	6.4491 29.9959 -8.64311	
27.43	6.4427 29.9926 -8.65128	
27.44	6.44827 29.9956 -8.64375	
27.45	6.44827 29.9956 -8.64375	
27.46	6.4491 29.9959 -8.64311	
27.47	6.4491 29.9959 -8.64311	
27.48	6.4491 29.9959 -8.64311	
27.49	6.45468 29.9963 -8.6435	
27.5	6.46109 29.9969 -8.64324	
27.51	6.46107 29.9942 -8.65115	
27.52	6.44827 29.9956 -8.64375	
27.53	6.44827 29.9929 -8.65166	
27.54	6.45467 29.9936 -8.65141	
27.55	6.45467 29.9936 -8.65141	
27.56	6.46107 29.9942 -8.65115	
27.57	6.45467 29.9936 -8.65141	
27.58	6.46024 29.9939 -8.6518	
27.59	6.46107 29.9942 -8.65115	
27.6	6.46022 29.9913 -8.6597	
27.61	6.46662 29.9919 -8.65945	
27.62	6.46746 29.9922 -8.65881	
27.63	6.46746 29.9922 -8.65881	
27.64	6.46662 29.9919 -8.65945	
27.65	6.46662 29.9919 -8.65945	
27.66	6.46746 29.9922 -8.65881	
27.67	6.46662 29.9919 -8.65945	
27.68	6.46662 29.9919 -8.65945	
27.69	6.47302 29.9925 -8.65921	
27.7	6.47302 29.9925 -8.65921	
27.71	6.47302 29.9925 -8.65921	
27.72	6.47302 29.9925 -8.65921	
27.73	6.46662 29.9919 -8.65945	
27.74	6.47299 29.9898 -8.66711	
27.75	6.47302 29.9925 -8.65921	
27.76	6.47299 29.9898 -8.66711	
27.77	6.47299 29.9898 -8.66711	
27.78	6.47299 29.9898 -8.66711	
27.79	6.47299 29.9898 -8.66711	
27.8	6.47302 29.9925 -8.65921	
27.81	6.47299 29.9898 -8.66711	
27.82	6.47299 29.9898 -8.66711	
27.83	6.47299 29.9898 -8.66711	
27.84	6.47302 29.9925 -8.65921	
27.85	6.47299 29.9898 -8.66711	
27.86	6.47299 29.9898 -8.66711	
27.87	6.47299 29.9898 -8.66711	
27.88	6.47299 29.9898 -8.66711	
27.89	6.47299 29.9898 -8.66711	
27.9	6.47938 29.9905 -8.66687	
27.91	6.47938 29.9905 -8.66687	
27.92	6.47299 29.9898 -8.66711	
27.93	6.47299 29.9898 -8.66711	
27.94	6.47299 29.9898 -8.66711	
27.95	6.47938 29.9905 -8.66687	
27.96	6.47938 29.9905 -8.66687	
27.97	6.47938 29.9905 -8.66687	
27.98	6.47938 29.9905 -8.66687	
27.99	6.47938 29.9905 -8.66687	
28	6.47938 29.9905 -8.66687	
28.01	6.47938 29.9905 -8.66687	
28.02	6.47854 29.9902 -8.66751	
28.03	6.47854 29.9902 -8.66751	
28.04	6.47854 29.9902 -8.66751	
28.05	6.47854 29.9902 -8.66751	
28.06	6.47299 29.9898 -8.66711	
28.07	6.47299 29.9898 -8.66711	
28.08	6.47299 29.9898 -8.66711	
28.09	6.47299 29.9898 -8.66711	
28.1	6.47938 29.9905 -8.66687	
28.11	6.47938 29.9905 -8.66687	
28.12	6.47938 29.9905 -8.66687	
28.13	6.47215 29.9895 -8.66775	
28.14	6.47299 29.9898 -8.66711	
28.15	6.47299 29.9898 -8.66711	
28.16	6.47299 29.9898 -8.66711	
28.17	6.47938 29.9905 -8.66687	
28.18	6.47854 29.9902 -8.66751	
28.19	6.47854 29.9902 -8.66751	
28.2	6.47938 29.9905 -8.66687	
28.21	6.47938 29.9905 -8.66687	
28.22	6.47938 29.9905 -8.66687	
28.23	6.47938 29.9905 -8.66687	
28.24	6.47854 29.9902 -8.66751	
28.25	6.47215 29.9895 -8.66775	
28.26	6.47299 29.9898 -8.66711	
28.27	6.47215 29.9895 -8.66775	
28.28	6.47215 29.9895 -8.66775	
28.29	6.47299 29.9898 -8.66711	
28.3	6.47854 29.9902 -8.66751	
28.31	6.47299 29.9898 -8.66711	
28.32	6.47215 29.9895 -8.66775	
28.33	6.47854 29.9902 -8.66751	
28.34	6.47938 29.9905 -8.66687	
28.35	6.47854 29.9902 -8.66751	
28.36	6.47938 29.9905 -8.66687	
28.37	6.47215 29.9895 -8.66775	
28.38	6.47215 29.9895 -8.66775	
28.39	6.47299 29.9898 -8.66711	
28.4	6.47938 29.9905 -8.66687	
28.41	6.47938 29.9905 -8.66687	
28.42	6.47215 29.9895 -8.66775	
28.43	6.47213 29.9868 -8.67565	
28.44	6.47215 29.9895 -8.66775	
28.45	6.47215 29.9895 -8.66775	
28.46	6.47215 29.9895 -8.66775	
28.47	6.47938 29.9905 -8.66687	
28.48	6.47215 29.9895 -8.66775	
28.49	6.47215 29.9895 -8.66775	
28.5	6.47215 29.9895 -8.66775	
28.51	6.47299 29.9898 -8.66711	
28.52	6.47215 29.9895 -8.66775	
28.53	6.47854 29.9902 -8.66751	
28.54	6.47854 29.9902 -8.66751	
28.55	6.47215 29.9895 -8.66775	
28.56	6.47854 29.9902 -8.66751	
28.57	6.47854 29.9902 -8.66751	
28.58	6.47854 29.9902 -8.66751	
28.59	6.47215 29.9895 -8.66775	
28.6	6.47215 29.9895 -8.66775	
28.61	6.47854 29.9902 -8.66751	
28.62	6.47215 29.9895 -8.66775	
28.63	6.47854 29.9902 -8.66751	
28.64	6.47215 29.9895 -8.66775	
28.65	6.47215 29.9895 -8.66775	
