# Gnuplot File : positions of 1 particle(s) Monitored
# 1st Column : time, others : particle(s) number 0 
0.01	6.47214 29.9869 -8.67224	
0.02	6.47214 29.9869 -8.67285	
0.03	6.47214 29.9869 -8.67334	
0.04	6.47853 29.9875 -8.6735	
0.05	6.47214 29.9869 -8.67408	
0.06	6.47214 29.9869 -8.67435	
0.07	6.47214 29.9869 -8.67457	
0.08	6.47214 29.9869 -8.67475	
0.09	6.47769 29.9872 -8.6753	
0.1	6.47214 29.9869 -8.67503	
0.11	6.47214 29.9869 -8.67513	
0.12	6.47769 29.9872 -8.67561	
0.13	6.47214 29.9869 -8.67528	
0.14	6.47214 29.9869 -8.67533	
0.15	6.47214 29.9869 -8.67538	
0.16	6.47214 29.9869 -8.67541	
0.17	6.47214 29.9869 -8.67544	
0.18	6.47212 29.9842 -8.68336	
0.19	6.47853 29.9875 -8.67524	
0.2	6.47853 29.9875 -8.67526	
0.21	6.47214 29.9869 -8.67552	
0.22	6.47214 29.9869 -8.67553	
0.23	6.47214 29.9869 -8.67554	
0.24	6.47214 29.9869 -8.67555	
0.25	6.47853 29.9875 -8.67531	
0.26	6.47214 29.9869 -8.67556	
0.27	6.47214 29.9869 -8.67556	
0.28	6.47853 29.9875 -8.67532	
0.29	6.47853 29.9875 -8.67532	
0.3	6.47849 29.9848 -8.68322	
0.31	6.47214 29.9869 -8.67557	
0.32	6.47214 29.9869 -8.67557	
0.33	6.47214 29.9869 -8.67557	
0.34	6.47214 29.9869 -8.67557	
0.35	6.47214 29.9869 -8.67557	
0.36	6.47214 29.9869 -8.67557	
0.37	6.47214 29.9869 -8.67557	
0.38	6.47769 29.9872 -8.67597	
0.39	6.47131 29.9866 -8.67621	
0.4	6.47214 29.9869 -8.67557	
0.41	6.47214 29.9869 -8.67557	
0.42	6.47853 29.9875 -8.67533	
0.43	6.47214 29.9869 -8.67557	
0.44	6.47214 29.9869 -8.67557	
0.45	6.47214 29.9869 -8.67557	
0.46	6.47214 29.9869 -8.67557	
0.47	6.47214 29.9869 -8.67557	
0.48	6.47853 29.9875 -8.67533	
0.49	6.47214 29.9869 -8.67557	
0.5	6.47214 29.9869 -8.67557	
0.51	6.47853 29.9875 -8.67533	
0.52	6.47214 29.9869 -8.67557	
0.53	6.47131 29.9866 -8.67621	
0.54	6.47853 29.9875 -8.67533	
0.55	6.47214 29.9869 -8.67557	
0.56	6.47214 29.9869 -8.67557	
0.57	6.47214 29.9869 -8.67557	
0.58	6.47214 29.9869 -8.67557	
0.59	6.47214 29.9869 -8.67557	
0.6	6.47853 29.9875 -8.67533	
0.61	6.47853 29.9875 -8.67533	
0.62	6.47217 29.9896 -8.66767	
0.63	6.47853 29.9875 -8.67533	
0.64	6.47214 29.9869 -8.67557	
0.65	6.47214 29.9869 -8.67557	
0.66	6.47214 29.9869 -8.67557	
0.67	6.47853 29.9875 -8.67533	
0.68	6.47214 29.9869 -8.67557	
0.69	6.47214 29.9869 -8.67557	
0.7	6.47214 29.9869 -8.67557	
0.71	6.44662 29.995 -8.64496	
0.72	6.45303 29.9957 -8.6447	
0.73	6.45943 29.9963 -8.64445	
0.74	6.44579 29.9948 -8.6456	
0.75	6.44579 29.9948 -8.6456	
0.76	6.45303 29.9957 -8.6447	
0.77	6.44662 29.995 -8.64496	
0.78	6.44662 29.995 -8.64496	
0.79	6.44579 29.9948 -8.6456	
0.8	6.44662 29.995 -8.64496	
0.81	6.44662 29.995 -8.64496	
0.82	6.44662 29.995 -8.64496	
0.83	6.44662 29.995 -8.64496	
0.84	6.44662 29.995 -8.64496	
0.85	6.44413 29.9942 -8.64689	
0.86	6.44413 29.9942 -8.64689	
0.87	6.4433 29.9939 -8.64754	
0.88	6.44247 29.9936 -8.64819	
0.89	6.44082 29.993 -8.64949	
0.9	6.42259 29.7423 -8.70628	
0.91	6.41569 29.5399 -8.73899	
0.92	6.40009 29.3224 -8.7725	
0.93	6.38948 29.06 -8.79986	
0.94	6.35808 28.7926 -8.8029	
0.95	6.33048 28.5181 -8.79165	
0.96	6.28508 28.2636 -8.7087	
0.97	6.24124 28.0233 -8.59373	
0.98	6.1973 27.7836 -8.34897	
0.99	6.16708 27.6437 -8.16309	
1	6.14147 27.4993 -7.96533	
1.01	6.11115 27.3632 -7.76011	
1.02	6.08176 27.239 -7.59324	
1.03	6.06229 27.1017 -7.38398	
1.04	6.03292 26.9887 -7.17114	
1.05	5.99457 26.8775 -6.96678	
1.06	5.96443 26.7671 -6.76688	
1.07	5.91135 26.6917 -6.55865	
1.08	5.86699 26.6226 -6.39325	
1.09	5.80363 26.5443 -6.16014	
1.1	5.76365 26.4944 -6.0005	
1.11	5.70224 26.4448 -5.85211	
1.12	5.64016 26.3877 -5.67382	
1.13	5.57192 26.3356 -5.512	
1.14	5.52286 26.2916 -5.38269	
1.15	5.4463 26.2532 -5.22102	
1.16	5.39355 26.2208 -5.08899	
1.17	5.31858 26.1787 -4.94928	
1.18	5.26734 26.1521 -4.82428	
1.19	5.21362 26.1247 -4.67546	
1.2	5.1512 26.0926 -4.54395	
1.21	5.09833 26.0809 -4.41709	
1.22	5.03809 26.0677 -4.29537	
1.23	4.9894 26.0431 -4.20002	
1.24	4.93772 26.0204 -4.08372	
1.25	4.90014 26.0025 -3.99645	
1.26	4.86911 25.9873 -3.90863	
1.27	4.81854 25.9703 -3.82038	
1.28	4.76793 25.9561 -3.72389	
1.29	4.72865 25.9456 -3.64425	
1.3	4.68586 25.9252 -3.5608	
1.31	4.65468 25.9138 -3.489	
1.32	4.61714 25.9088 -3.41869	
1.33	4.56489 25.9004 -3.32251	
1.34	4.51984 25.9081 -3.24308	
1.35	4.47453 25.9111 -3.16905	
1.36	4.42834 25.932 -3.05903	
1.37	4.40076 25.9489 -2.98115	
1.38	4.35739 25.9671 -2.89859	
1.39	4.31189 25.9893 -2.79954	
1.4	4.28525 26.0115 -2.71845	
1.41	4.23782 26.0309 -2.60992	
1.42	4.18584 26.0449 -2.51421	
1.43	4.14019 26.0592 -2.4118	
1.44	4.07816 26.0667 -2.30483	
1.45	4.02186 26.079 -2.19482	
1.46	3.98321 26.0837 -2.09269	
1.47	3.93058 26.0837 -2.00792	
1.48	3.87031 26.0783 -1.9074	
1.49	3.81224 26.0813 -1.81196	
1.5	3.76611 26.0829 -1.70899	
1.51	3.71236 26.0802 -1.60358	
1.52	3.66698 26.0855 -1.50507	
1.53	3.6017 26.091 -1.37162	
1.54	3.56926 26.0939 -1.27742	
1.55	3.5246 26.1054 -1.16076	
1.56	3.45412 26.1029 -1.01835	
1.57	3.37669 26.1022 -0.841524	
1.58	3.32528 26.1009 -0.70581	
1.59	3.28678 26.1038 -0.608127	
1.6	3.2532 26.1079 -0.498725	
1.61	3.21044 26.1186 -0.34864	
1.62	3.17932 26.1231 -0.226337	
1.63	3.15274 26.1357 -0.111568	
1.64	3.12059 26.1653 0.0495611	
1.65	3.10657 26.1924 0.207445	
1.66	3.08738 26.2185 0.348169	
1.67	3.08835 26.2509 0.488533	
1.68	3.07736 26.2652 0.601395	
1.69	3.06949 26.2904 0.732279	
1.7	3.06856 26.3133 0.840788	
1.71	3.05803 26.3249 0.948405	
1.72	3.05883 26.3501 1.06723	
1.73	3.06233 26.3741 1.18588	
1.74	3.06325 26.3909 1.27848	
1.75	3.06952 26.4215 1.41214	
1.76	3.06961 26.4515 1.52591	
1.77	3.08339 26.4825 1.61004	
1.78	3.09286 26.5196 1.72368	
1.79	3.10566 26.5518 1.80912	
1.8	3.12981 26.6028 1.92127	
1.81	3.14321 26.6367 2.01599	
1.82	3.16752 26.6758 2.11067	
1.83	3.17683 26.7052 2.18992	
1.84	3.19821 26.7366 2.28043	
1.85	3.2086 26.7563 2.33503	
1.86	3.22888 26.7911 2.41381	
1.87	3.23911 26.8029 2.4558	
1.88	3.26473 26.826 2.51543	
1.89	3.28336 26.8468 2.56955	
1.9	3.30754 26.8639 2.61941	
1.91	3.32936 26.8746 2.65923	
1.92	3.35665 26.884 2.70933	
1.93	3.38477 26.8983 2.75665	
1.94	3.4214 26.9081 2.80478	
1.95	3.46085 26.9216 2.85236	
1.96	3.49813 26.9364 2.89762	
1.97	3.54122 26.9513 2.93071	
1.98	3.59258 26.9761 2.98125	
1.99	3.62674 26.9954 3.01117	
2	3.65993 27.0096 3.03937	
2.01	3.70586 27.0326 3.06708	
2.02	3.76066 27.0483 3.08327	
2.03	3.78947 27.0621 3.10457	
2.04	3.85062 27.087 3.13229	
2.05	3.89023 27.1001 3.15189	
2.06	3.93103 27.1161 3.16495	
2.07	3.99127 27.1343 3.18289	
2.08	4.04457 27.156 3.20205	
2.09	4.10489 27.1725 3.21187	
2.1	4.16036 27.1937 3.2279	
2.11	4.2157 27.2078 3.23423	
2.12	4.27313 27.2161 3.23955	
2.13	4.3325 27.2353 3.25237	
2.14	4.39526 27.2531 3.25509	
2.15	4.46064 27.2683 3.25554	
2.16	4.52207 27.2858 3.2562	
2.17	4.57409 27.3023 3.25073	
2.18	4.64297 27.3227 3.25246	
2.19	4.70525 27.3342 3.24441	
2.2	4.75656 27.3487 3.2485	
2.21	4.82959 27.3623 3.24243	
2.22	4.86944 27.3705 3.23959	
2.23	4.91739 27.3812 3.24385	
2.24	4.97467 27.3974 3.24083	
2.25	5.02254 27.4078 3.23755	
2.26	5.0821 27.419 3.24151	
2.27	5.13087 27.4281 3.23018	
2.28	5.18022 27.4329 3.22565	
2.29	5.22407 27.4391 3.22204	
2.3	5.27948 27.4427 3.22699	
2.31	5.32699 27.4489 3.22456	
2.32	5.36999 27.4498 3.21318	
2.33	5.42197 27.4533 3.20968	
2.34	5.46666 27.4553 3.20726	
2.35	5.50674 27.4532 3.20286	
2.36	5.557 27.4574 3.19969	
2.37	5.60054 27.4609 3.20584	
2.38	5.62328 27.4564 3.20298	
2.39	5.67535 27.4548 3.19851	
2.4	5.70646 27.4571 3.19694	
2.41	5.73609 27.4533 3.18504	
2.42	5.76904 27.45 3.18197	
2.43	5.80069 27.4479 3.18727	
2.44	5.83187 27.445 3.18429	
2.45	5.86392 27.4416 3.18088	
2.46	5.90524 27.445 3.17933	
2.47	5.93649 27.4422 3.17651	
2.48	5.9594 27.4431 3.17555	
2.49	5.98331 27.4391 3.17351	
2.5	6.02278 27.4422 3.17122	
2.51	6.05764 27.4439 3.17016	
2.52	6.08056 27.445 3.16932	
2.53	6.12641 27.4472 3.1677	
2.54	6.15725 27.4483 3.15749	
2.55	6.20313 27.4507 3.15602	
2.56	6.24626 27.4534 3.15414	
2.57	6.29059 27.457 3.16117	
2.58	6.31493 27.4622 3.15204	
2.59	6.3608 27.465 3.15086	
2.6	6.39833 27.4662 3.14802	
2.61	6.43935 27.4729 3.14781	
2.62	6.48964 27.4749 3.14459	
2.63	6.53444 27.4764 3.14289	
2.64	6.5818 27.4845 3.14192	
2.65	6.63564 27.4867 3.13158	
2.66	6.68684 27.4901 3.13094	
2.67	6.72843 27.4969 3.12227	
2.68	6.81005 27.5034 3.11209	
2.69	6.86001 27.5127 3.11208	
2.7	6.90157 27.511 3.111	
2.71	6.96167 27.5211 3.103	
2.72	7.0222 27.5267 3.10012	
2.73	7.07181 27.531 3.091	
2.74	7.13018 27.5414 3.08163	
2.75	7.18151 27.5465 3.07929	
2.76	7.22942 27.5511 3.07044	
2.77	7.28759 27.5569 3.06026	
2.78	7.32715 27.5606 3.05123	
2.79	7.36595 27.5644 3.0427	
2.8	7.41971 27.5704 3.03409	
2.81	7.45581 27.5743 3.02697	
2.82	7.49978 27.5843 3.02021	
2.83	7.54644 27.589 3.00531	
2.84	7.572 27.5872 3.00504	
2.85	7.61222 27.5917 2.99815	
2.86	7.63747 27.5944 2.99124	
2.87	7.66885 27.5933 2.9911	
2.88	7.69274 27.5912 2.99093	
2.89	7.71368 27.5872 2.97323	
2.9	7.74682 27.581 2.97198	
2.91	7.75948 27.5722 2.96967	
2.92	7.77797 27.5693 2.96868	
2.93	7.8061 27.5614 2.9583	
2.94	7.8185 27.557 2.94932	
2.95	7.83598 27.5485 2.94673	
2.96	7.84869 27.5396 2.94442	
2.97	7.85838 27.5347 2.93502	
2.98	7.87687 27.5263 2.93288	
2.99	7.8793 27.5162 2.92995	
3	7.88828 27.5067 2.92677	
3.01	7.89896 27.4922 2.92232	
3.02	7.9094 27.4821 2.91124	
3.03	7.91937 27.4727 2.90847	
3.04	7.92072 27.4571 2.9038	
3.05	7.92941 27.4423 2.89845	
3.06	7.93184 27.4322 2.89545	
3.07	7.94042 27.4121 2.88878	
3.08	7.9511 27.3976 2.88424	
3.09	7.95324 27.3823 2.87904	
3.1	7.96363 27.3626 2.8723	
3.11	7.96576 27.3473 2.86706	
3.12	7.96771 27.3361 2.85336	
3.13	7.97087 27.3207 2.84663	
3.14	7.97283 27.3112 2.84996	
3.15	7.97599 27.2958 2.84318	
3.16	7.98621 27.28 2.82594	
3.17	7.98937 27.2647 2.81908	
3.18	7.99184 27.2542 2.8121	
3.19	7.99312 27.2478 2.79624	
3.2	7.99491 27.2423 2.78912	
3.21	7.99757 27.226 2.77148	
3.22	7.99987 27.2196 2.75406	
3.23	8.00216 27.2132 2.73662	
3.24	7.99688 27.2062 2.71893	
3.25	7.99767 27.2005 2.70935	
3.26	7.9934 27.1936 2.69011	
3.27	7.98593 27.1921 2.68024	
3.28	7.98729 27.195 2.65239	
3.29	7.98128 27.1929 2.63268	
3.3	7.98315 27.1968 2.61552	
3.31	7.97757 27.1941 2.58556	
3.32	7.97153 27.1921 2.56392	
3.33	7.96588 27.1897 2.53587	
3.34	7.96884 27.1881 2.50649	
3.35	7.96292 27.1917 2.48837	
3.36	7.95751 27.1946 2.46274	
3.37	7.95246 27.1874 2.43268	
3.38	7.95474 27.1854 2.39647	
3.39	7.94752 27.1839 2.3783	
3.4	7.9427 27.1821 2.35063	
3.41	7.9442 27.1758 2.32415	
3.42	7.93903 27.1689 2.29787	
3.43	7.9332 27.1613 2.26286	
3.44	7.93567 27.1552 2.23476	
3.45	7.93113 27.1434 2.20826	
3.46	7.92554 27.1316 2.1794	
3.47	7.92797 27.1256 2.15316	
3.48	7.93109 27.1147 2.12476	
3.49	7.92508 27.1036 2.10608	
3.5	7.92622 27.0924 2.0776	
3.51	7.92899 27.0765 2.04849	
3.52	7.9226 27.0697 2.02159	
3.53	7.92532 27.054 1.99041	
3.54	7.92028 27.043 1.97391	
3.55	7.92264 27.028 1.95294	
3.56	7.92566 27.0174 1.9242	
3.57	7.9206 26.9951 1.88371	
3.58	7.93142 26.9852 1.85702	
3.59	7.92768 26.9645 1.83581	
3.6	7.92086 26.9584 1.82102	
3.61	7.92355 26.9426 1.79346	
3.62	7.92624 26.9268 1.76586	
3.63	7.92212 26.9103 1.73844	
3.64	7.92752 26.8956 1.72149	
3.65	7.93059 26.8786 1.6875	
3.66	7.92544 26.8676 1.67269	
3.67	7.92916 26.8577 1.65764	
3.68	7.93258 26.8423 1.64265	
3.69	7.93733 26.8325 1.62792	
3.7	7.93935 26.8272 1.61553	
3.71	7.93248 26.8209 1.60265	
3.72	7.93685 26.8212 1.59089	
3.73	7.93032 26.8199 1.58072	
3.74	7.9316 26.8197 1.5686	
3.75	7.93254 26.8205 1.56479	
3.76	7.92454 26.8295 1.55522	
3.77	7.92552 26.824 1.54245	
3.78	7.92507 26.8225 1.52202	
3.79	7.91676 26.8262 1.51182	
3.8	7.92493 26.8265 1.50155	
3.81	7.91836 26.8251 1.49139	
3.82	7.91797 26.8293 1.48339	
3.83	7.91722 26.8285 1.47335	
3.84	7.91756 26.8275 1.46504	
3.85	7.90687 26.8314 1.46525	
3.86	7.90687 26.8314 1.46525	
3.87	7.90617 26.8302 1.45728	
3.88	7.90445 26.8289 1.44897	
3.89	7.90167 26.8337 1.44929	
3.9	7.89961 26.8333 1.44929	
3.91	7.89961 26.8333 1.44929	
3.92	7.89892 26.8321 1.44132	
3.93	7.88895 26.8309 1.44121	
3.94	7.88722 26.8295 1.43291	
3.95	7.87725 26.8283 1.4328	
3.96	7.86554 26.8257 1.42439	
3.97	7.85453 26.8243 1.42463	
3.98	7.84384 26.8127 1.42182	
3.99	7.83179 26.8111 1.42173	
4	7.82069 26.8037 1.41095	
4.01	7.80863 26.8022 1.41086	
4.02	7.80616 26.7968 1.4088	
4.03	7.78748 26.7844 1.40593	
4.04	7.77438 26.7827 1.40553	
4.05	7.76085 26.776 1.40307	
4.06	7.7555 26.7692 1.39236	
4.07	7.73132 26.7662 1.39225	
4.08	7.71733 26.7543 1.3898	
4.09	7.70124 26.742 1.38671	
4.1	7.68571 26.7412 1.39529	
4.11	7.65639 26.7275 1.3925	
4.12	7.64216 26.7259 1.39247	
4.13	7.61954 26.7184 1.38969	
4.14	7.60321 26.7165 1.38967	
4.15	7.59265 26.7105 1.38757	
4.16	7.58052 26.7091 1.38756	
4.17	7.56892 26.7029 1.38514	
4.18	7.55709 26.6978 1.39103	
4.19	7.54706 26.6967 1.39103	
4.2	7.53545 26.6906 1.38862	
4.21	7.52382 26.6844 1.38622	
4.22	7.51959 26.684 1.38622	
4.23	7.49984 26.678 1.39214	
4.24	7.4956 26.6776 1.39214	
4.25	7.48557 26.6765 1.39216	
4.26	7.48345 26.6763 1.39216	
4.27	7.47179 26.6702 1.38977	
4.28	7.46158 26.6701 1.39811	
4.29	7.45945 26.6699 1.39811	
4.3	7.45751 26.6687 1.38981	
4.31	7.44779 26.6638 1.39573	
4.32	7.43988 26.6629 1.39577	
4.33	7.43776 26.6628 1.39577	
4.34	7.43776 26.6628 1.39577	
4.35	7.42985 26.6619 1.39582	
4.36	7.42985 26.6619 1.39582	
4.37	7.42821 26.6568 1.39339	
4.38	7.42608 26.6567 1.39339	
4.39	7.42396 26.6565 1.39339	
4.4	7.4144 26.6506 1.39101	
4.41	7.40223 26.6493 1.39107	
4.42	7.39844 26.6442 1.38864	
4.43	7.39417 26.6438 1.38864	
4.44	7.39037 26.6387 1.3862	
4.45	7.38656 26.6335 1.38377	
4.46	7.38274 26.6284 1.38133	
4.47	7.36871 26.6232 1.38726	
4.48	7.35696 26.6172 1.38488	
4.49	7.35326 26.6111 1.37413	
4.5	7.34725 26.6058 1.37168	
4.51	7.34324 26.6017 1.37754	
4.52	7.32931 26.5956 1.37516	
4.53	7.32542 26.5905 1.37271	
4.54	7.32167 26.5843 1.36195	
4.55	7.30684 26.5745 1.36572	
4.56	7.29398 26.5684 1.36303	
4.57	7.27667 26.5623 1.36096	
4.58	7.25766 26.5512 1.35581	
4.59	7.24935 26.5459 1.35334	
4.6	7.23016 26.535 1.3488	
4.61	7.21102 26.5239 1.34364	
4.62	7.18497 26.5123 1.33889	
4.63	7.16687 26.5005 1.32572	
4.64	7.13852 26.4888 1.32098	
4.65	7.12213 26.483 1.31862	
4.66	7.10669 26.4784 1.32486	
4.67	7.08137 26.4707 1.31402	
4.68	7.06846 26.4603 1.30947	
4.69	7.04496 26.4585 1.30947	
4.7	7.02848 26.4529 1.30712	
4.71	7.01642 26.4472 1.30477	
4.72	7.00212 26.4416 1.30243	
4.73	6.97199 26.4344 1.30044	
4.74	6.95741 26.4337 1.30062	
4.75	6.94427 26.4279 1.298	
4.76	6.92994 26.4224 1.29568	
4.77	6.91687 26.4122 1.29114	
4.78	6.90146 26.4065 1.28853	
4.79	6.87918 26.4012 1.29473	
4.8	6.87493 26.3955 1.2839	
4.81	6.86501 26.391 1.2899	
4.82	6.84716 26.3835 1.2795	
4.83	6.84494 26.3846 1.28781	
4.84	6.83703 26.3838 1.28803	
4.85	6.83479 26.3839 1.28803	
4.86	6.82689 26.383 1.28826	
4.87	6.81895 26.3811 1.28019	
4.88	6.81895 26.3811 1.28019	
4.89	6.81898 26.3822 1.28849	
4.9	6.80884 26.3814 1.28873	
4.91	6.79985 26.3793 1.28038	
4.92	6.80093 26.3805 1.28897	
4.93	6.80093 26.3805 1.28897	
4.94	6.80093 26.3805 1.28897	
4.95	6.79199 26.3795 1.28893	
4.96	6.79303 26.3797 1.28922	
4.97	6.79303 26.3797 1.28922	
4.98	6.78535 26.374 1.28694	
4.99	6.7853 26.3729 1.27864	
5	6.7843 26.3738 1.28666	
5.01	6.78426 26.3728 1.27835	
5.02	6.7853 26.3729 1.27864	
5.03	6.7853 26.3729 1.27864	
5.04	6.78535 26.374 1.28694	
5.05	6.77745 26.3731 1.2872	
5.06	6.78535 26.374 1.28694	
5.07	6.78535 26.374 1.28694	
5.08	6.77745 26.3731 1.2872	
5.09	6.77745 26.3731 1.2872	
5.1	6.7774 26.372 1.27889	
5.11	6.7774 26.372 1.27889	
5.12	6.77745 26.3731 1.2872	
5.13	6.77745 26.3731 1.2872	
5.14	6.7774 26.372 1.27889	
5.15	6.76846 26.371 1.27886	
5.16	6.7774 26.372 1.27889	
5.17	6.7774 26.372 1.27889	
5.18	6.77745 26.3731 1.2872	
5.19	6.7774 26.372 1.27889	
5.2	6.77636 26.3719 1.27861	
5.21	6.77735 26.371 1.27059	
5.22	6.77631 26.3708 1.2703	
5.23	6.77735 26.371 1.27059	
5.24	6.77735 26.371 1.27059	
5.25	6.76945 26.3701 1.27085	
5.26	6.77735 26.371 1.27059	
5.27	6.77735 26.371 1.27059	
5.28	6.77735 26.371 1.27059	
5.29	6.76859 26.3636 1.26195	
5.3	6.7765 26.3645 1.26169	
5.31	6.76963 26.3638 1.26224	
5.32	6.76963 26.3638 1.26224	
5.33	6.76963 26.3638 1.26224	
5.34	6.7765 26.3645 1.26169	
5.35	6.76734 26.3628 1.25394	
5.36	6.77529 26.3648 1.26198	
5.37	6.77525 26.3637 1.25368	
5.38	6.77525 26.3637 1.25368	
5.39	6.77525 26.3637 1.25368	
5.4	6.77525 26.3637 1.25368	
5.41	6.77546 26.3589 1.25115	
5.42	6.77442 26.3587 1.25086	
5.43	6.77591 26.3488 1.24832	
5.44	6.77612 26.344 1.24579	
5.45	6.7741 26.3388 1.24549	
5.46	6.77449 26.3277 1.23436	
5.47	6.77142 26.3224 1.23378	
5.48	6.77269 26.3173 1.23377	
5.49	6.76523 26.3059 1.23346	
5.5	6.76546 26.3007 1.23317	
5.51	6.77256 26.2962 1.23234	
5.52	6.76487 26.29 1.23232	
5.53	6.77302 26.2857 1.23178	
5.54	6.76637 26.2797 1.23205	
5.55	6.77325 26.2804 1.23151	
5.56	6.77348 26.2752 1.23123	
5.57	6.76579 26.269 1.23122	
5.58	6.766 26.2642 1.22869	
5.59	6.76704 26.2644 1.22897	
5.6	6.76732 26.2603 1.23699	
5.61	6.7744 26.2562 1.23391	
5.62	6.77562 26.25 1.22563	
5.63	6.76692 26.2453 1.23136	
5.64	6.76713 26.2405 1.22882	
5.65	6.7763 26.2367 1.2263	
5.66	6.77651 26.2319 1.22376	
5.67	6.77546 26.2317 1.22347	
5.68	6.77586 26.2205 1.21236	
5.69	6.77586 26.2205 1.21236	
5.7	6.77609 26.2153 1.2121	
5.71	6.7684 26.2092 1.2121	
5.72	6.76863 26.2039 1.21184	
5.73	6.76967 26.2041 1.21213	
5.74	6.777 26.1943 1.21107	
5.75	6.77036 26.1883 1.21136	
5.76	6.76955 26.1829 1.21083	
5.77	6.76955 26.1829 1.21083	
5.78	6.77021 26.1676 1.20778	
5.79	6.77021 26.1676 1.20778	
5.8	6.77044 26.1624 1.20754	
5.81	6.77088 26.1523 1.20474	
5.82	6.77924 26.1432 1.20168	
5.83	6.77259 26.1372 1.202	
5.84	6.77199 26.127 1.19892	
5.85	6.7799 26.1279 1.19865	
5.86	6.78034 26.1178 1.19586	
5.87	6.78161 26.1128 1.19592	
5.88	6.7808 26.1073 1.1954	
5.89	6.78105 26.1038 1.20113	
5.9	6.77336 26.0976 1.20117	
5.91	6.78168 26.0873 1.18983	
5.92	6.78293 26.0826 1.18755	
5.93	6.77441 26.0715 1.18475	
5.94	6.78359 26.0673 1.18454	
5.95	6.77484 26.0615 1.18196	
5.96	6.77528 26.0515 1.17917	
5.97	6.77553 26.0479 1.18488	
5.98	6.77597 26.0379 1.18209	
5.99	6.78513 26.0341 1.17953	
6	6.7853 26.0281 1.16867	
6.01	6.78574 26.0181 1.16588	
6.02	6.78622 26.0093 1.17137	
6.03	6.77853 26.0032 1.17143	
6.04	6.78688 25.994 1.16837	
6.05	6.78711 25.9888 1.16816	
6.06	6.78734 25.9835 1.16795	
6.07	6.78674 25.9733 1.16488	
6.08	6.78674 25.9733 1.16488	
6.09	6.78697 25.9681 1.16468	
6.1	6.7791 25.9684 1.17323	
6.11	6.78849 25.9595 1.17046	
6.12	6.78062 25.9598 1.17901	
6.13	6.78001 25.9496 1.17594	
6.14	6.78022 25.9449 1.17335	
6.15	6.78834 25.941 1.17049	
6.16	6.78877 25.931 1.1677	
6.17	6.79002 25.9263 1.16539	
6.18	6.78212 25.9255 1.16566	
6.19	6.7789 25.9218 1.17106	
6.2	6.78719 25.9115 1.15971	
6.21	6.78523 25.9028 1.1652	
6.22	6.78545 25.8976 1.16501	
6.23	6.78567 25.8923 1.16482	
6.24	6.7859 25.8871 1.16464	
6.25	6.78494 25.8769 1.16456	
6.26	6.78516 25.8716 1.16438	
6.27	6.78456 25.861 1.16375	
6.28	6.77797 25.8563 1.17241	
6.29	6.77819 25.8511 1.17224	
6.3	6.77737 25.8457 1.17179	
6.31	6.78549 25.8413 1.17135	
6.32	6.77908 25.8301 1.17158	
6.33	6.77826 25.8247 1.17114	
6.34	6.77705 25.8198 1.17126	
6.35	6.78291 25.8102 1.17068	
6.36	6.78065 25.8051 1.17053	
6.37	6.77069 25.7939 1.17051	
6.38	6.76738 25.7886 1.17008	
6.39	6.76778 25.7785 1.16734	
6.4	6.7734 25.7743 1.16692	
6.41	6.7634 25.7635 1.16445	
6.42	6.77045 25.7494 1.16158	
6.43	6.77066 25.7441 1.16145	
6.44	6.76045 25.7381 1.1616	
6.45	6.76 25.7227 1.15845	
6.46	6.76124 25.7177 1.15861	
6.47	6.75913 25.7073 1.15837	
6.48	6.75977 25.6929 1.16629	
6.49	6.75765 25.6826 1.16607	
6.5	6.76575 25.6782 1.16569	
6.51	6.7574 25.6615 1.16538	
6.52	6.75614 25.6579 1.17382	
6.53	6.75658 25.6488 1.18189	
6.54	6.75593 25.6381 1.18143	
6.55	6.75722 25.6344 1.18988	
6.56	6.74612 25.6231 1.18972	
6.57	6.74741 25.6194 1.19818	
6.58	6.75445 25.6148 1.19753	
6.59	6.75214 25.6111 1.20571	
6.6	6.74317 25.6014 1.21439	
6.61	6.7398 25.5975 1.2223	
6.62	6.73852 25.5939 1.23078	
6.63	6.73632 25.5836 1.23064	
6.64	6.73305 25.5735 1.22768	
6.65	6.73072 25.5698 1.23588	
6.66	6.71915 25.5603 1.2446	
6.67	6.72483 25.5525 1.2499	
6.68	6.71203 25.5481 1.25841	
6.69	6.70873 25.5377 1.25802	
6.7	6.70756 25.5293 1.2639	
6.71	6.69751 25.5196 1.27237	
6.72	6.6953 25.5106 1.28055	
6.73	6.69293 25.5069 1.28878	
6.74	6.69309 25.5017 1.28874	
6.75	6.68295 25.4984 1.30555	
6.76	6.68079 25.4834 1.30286	
6.77	6.67841 25.4797 1.3111	
6.78	6.66834 25.47 1.31963	
6.79	6.666 25.4602 1.31698	
6.8	6.66361 25.4564 1.32523	
6.81	6.65605 25.4457 1.3229	
6.82	6.65366 25.4419 1.33115	
6.83	6.65402 25.4333 1.33678	
6.84	6.65416 25.4281 1.33677	
6.85	6.64672 25.4183 1.34534	
6.86	6.64696 25.4144 1.3536	
6.87	6.63664 25.4086 1.35392	
6.88	6.63675 25.4098 1.36219	
6.89	6.63688 25.4047 1.36219	
6.9	6.63713 25.4008 1.37046	
6.91	6.63737 25.3969 1.37873	
6.92	6.63472 25.397 1.37873	
6.93	6.62705 25.3911 1.37906	
6.94	6.63496 25.3931 1.38701	
6.95	6.62729 25.3876 1.38472	
6.96	6.6274 25.3888 1.393	
6.97	6.62488 25.3838 1.393	
6.98	6.62488 25.3838 1.393	
6.99	6.61733 25.3795 1.39899	
7	6.61468 25.3796 1.39899	
7.01	6.61468 25.3796 1.39899	
7.02	6.61226 25.3762 1.40464	
7.03	6.60447 25.3754 1.40499	
7.04	6.60206 25.372 1.41064	
7.05	6.60193 25.3708 1.40236	
7.06	6.59939 25.3662 1.39972	
7.07	6.59952 25.3611 1.39972	
7.08	6.58931 25.3569 1.40572	
7.09	6.58931 25.3569 1.40572	
7.1	6.58943 25.3518 1.40572	
7.11	6.58177 25.3458 1.40608	
7.12	6.58968 25.3478 1.41401	
7.13	6.5819 25.3407 1.40608	
7.14	6.57437 25.3359 1.41473	
7.15	6.58227 25.3316 1.41439	
7.16	6.57476 25.3269 1.42304	
7.17	6.58265 25.3226 1.4227	
7.18	6.575 25.3167 1.42307	
7.19	6.57526 25.3128 1.43137	
7.2	6.5727 25.3078 1.43139	
7.21	6.57037 25.2926 1.43147	
7.22	6.57062 25.2887 1.43978	
7.23	6.56335 25.2738 1.44852	
7.24	6.56865 25.2646 1.44823	
7.25	6.56913 25.2505 1.45664	
7.26	6.56161 25.2394 1.4571	
7.27	6.55949 25.2204 1.46559	
7.28	6.55983 25.2051 1.46577	
7.29	6.55748 25.1963 1.47418	
7.3	6.55547 25.1786 1.49102	
7.31	6.55584 25.1696 1.49945	
7.32	6.55342 25.1546 1.49969	
7.33	6.54351 25.1348 1.5087	
7.34	6.53855 25.1164 1.51463	
7.35	6.53639 25.1038 1.53149	
7.36	6.53425 25.0802 1.53756	
7.37	6.52411 25.0707 1.54645	
7.38	6.52686 25.0481 1.55218	
7.39	6.51704 25.03 1.56686	
7.4	6.50696 25.0154 1.57593	
7.41	6.502 24.9873 1.57947	
7.42	6.48909 24.973 1.58858	
7.43	6.48674 24.9546 1.59467	
7.44	6.47393 24.9305 1.60133	
7.45	6.46122 24.9124 1.61896	
7.46	6.45882 24.894 1.62511	
7.47	6.4488 24.8695 1.6347	
7.48	6.44356 24.8461 1.64392	
7.49	6.43052 24.8319 1.65322	
7.5	6.42045 24.8076 1.66296	
7.51	6.40765 24.7897 1.68081	
7.52	6.40515 24.7711 1.68997	
7.53	6.38469 24.7527 1.70546	
7.54	6.37173 24.7189 1.71295	
7.55	6.35862 24.7002 1.71977	
7.56	6.35311 24.6822 1.72615	
7.57	6.33728 24.66 1.74154	
7.58	6.32091 24.6354 1.74042	
7.59	6.30769 24.6168 1.74733	
7.6	6.29176 24.5947 1.76282	
7.61	6.27523 24.5752 1.7615	
7.62	6.26194 24.5613 1.77116	
7.63	6.24238 24.5384 1.78751	
7.64	6.22771 24.5185 1.78602	
7.65	6.21542 24.5049 1.79601	
7.66	6.20234 24.4827 1.81169	
7.67	6.18593 24.4646 1.8188	
7.68	6.17251 24.4461 1.82593	
7.69	6.15633 24.4244 1.8417	
7.7	6.13982 24.4063 1.84888	
7.71	6.12493 24.3866 1.84756	
7.72	6.10658 24.3608 1.86098	
7.73	6.08995 24.3429 1.86823	
7.74	6.07638 24.3246 1.8755	
7.75	6.06007 24.308 1.89107	
7.76	6.04645 24.2898 1.89839	
7.77	6.03282 24.2716 1.90572	
7.78	6.00856 24.2531 1.91369	
7.79	5.99842 24.2357 1.92935	
7.8	5.98533 24.2284 1.94733	
7.81	5.97488 24.2147 1.95435	
7.82	5.96443 24.2011 1.96137	
7.83	5.94696 24.1878 1.97733	
7.84	5.93976 24.1752 1.98351	
7.85	5.92931 24.1616 1.99057	
7.86	5.91143 24.1473 1.99516	
7.87	5.90109 24.1385 2.00182	
7.88	5.89818 24.1306 2.00781	
7.89	5.89374 24.1213 2.00528	
7.9	5.88328 24.1077 2.01238	
7.91	5.87294 24.0989 2.01905	
7.92	5.86261 24.0902 2.02573	
7.93	5.85441 24.0806 2.03536	
7.94	5.85478 24.0769 2.04408	
7.95	5.85136 24.0679 2.0418	
7.96	5.83708 24.0673 2.05148	
7.97	5.83641 24.0634 2.05999	
7.98	5.83679 24.0597 2.06872	
7.99	5.82942 24.0588 2.06943	
8	5.8297 24.0504 2.07544	
8.01	5.82233 24.0496 2.07615	
8.02	5.82273 24.0459 2.0817	
8.03	5.82273 24.0459 2.0817	
8.04	5.82273 24.0459 2.0817	
8.05	5.82313 24.0423 2.08726	
8.06	5.82208 24.0421 2.08703	
8.07	5.81472 24.0412 2.08774	
8.08	5.82517 24.0369 2.08429	
8.09	5.82463 24.0378 2.09235	
8.1	5.81716 24.0321 2.09352	
8.11	5.81705 24.0274 2.09078	
8.12	5.81863 24.0286 2.0993	
8.13	5.82131 24.0271 2.09101	
8.14	5.82015 24.0223 2.08804	
8.15	5.82015 24.0223 2.08804	
8.16	5.82045 24.0138 2.09404	
8.17	5.81993 24.0128 2.08575	
8.18	5.82034 24.009 2.0945	
8.19	5.81917 24.0042 2.09152	
8.2	5.82012 23.9996 2.09221	
8.21	5.82001 23.9949 2.08946	
8.22	5.81255 23.9892 2.09065	
8.23	5.81138 23.9844 2.08767	
8.24	5.81956 23.9759 2.08488	
8.25	5.81105 23.9702 2.08262	
8.26	5.81136 23.9618 2.08862	
8.27	5.80812 23.9623 2.08862	
8.28	5.80789 23.9528 2.08633	
8.29	5.81512 23.949 2.08285	
8.3	5.80756 23.9386 2.08128	
8.31	5.80744 23.934 2.07852	
8.32	5.81467 23.9301 2.07503	
8.33	5.80722 23.9246 2.07299	
8.34	5.80722 23.9246 2.07299	
8.35	5.807 23.9152 2.06745	
8.36	5.807 23.9152 2.06745	
8.37	5.80677 23.9058 2.06515	
8.38	5.80666 23.9011 2.06237	
8.39	5.80643 23.8916 2.06007	
8.4	5.80632 23.887 2.05729	
8.41	5.81344 23.8784 2.05426	
8.42	5.80587 23.8681 2.05268	
8.43	5.80471 23.8632 2.04967	
8.44	5.80437 23.849 2.04784	
8.45	5.80584 23.8455 2.05684	
8.46	5.80561 23.836 2.05453	
8.47	5.80433 23.8264 2.052	
8.48	5.80411 23.817 2.0497	
8.49	5.80399 23.8122 2.05018	
8.5	5.80482 23.8029 2.04811	
8.51	5.80343 23.7886 2.04607	
8.52	5.80426 23.7793 2.04401	
8.53	5.80351 23.7708 2.04976	
8.54	5.80434 23.7615 2.04769	
8.55	5.80317 23.7566 2.04796	
8.56	5.80442 23.7436 2.05468	
8.57	5.80261 23.733 2.04387	
8.58	5.8028 23.7199 2.05037	
8.59	5.80258 23.7104 2.04808	
8.6	5.80224 23.6962 2.04963	
8.61	5.80255 23.6878 2.05562	
8.62	5.80286 23.6794 2.06495	
8.63	5.80357 23.6654 2.06342	
8.64	5.804 23.6618 2.07223	
8.65	5.80283 23.6569 2.07253	
8.66	5.80303 23.6438 2.07907	
8.67	5.8117 23.6365 2.08457	
8.68	5.80312 23.6261 2.08279	
8.69	5.80355 23.6225 2.09162	
8.7	5.80375 23.6094 2.09817	
8.71	5.80364 23.6047 2.09871	
8.72	5.80396 23.5963 2.10809	
8.73	5.80373 23.5868 2.10919	
8.74	5.80362 23.5821 2.10975	
8.75	5.80722 23.5685 2.11971	
8.76	5.80766 23.5649 2.12855	
8.77	5.80743 23.5555 2.12968	
8.78	5.80721 23.546 2.13081	
8.79	5.80754 23.5377 2.13684	
8.8	5.80787 23.5294 2.14627	
8.81	5.8083 23.5258 2.15513	
8.82	5.80874 23.5221 2.16399	
8.83	5.80863 23.5174 2.16457	
8.84	5.80852 23.5127 2.16515	
8.85	5.80896 23.5091 2.17402	
8.86	5.80874 23.4997 2.17178	
8.87	5.80874 23.4997 2.17178	
8.88	5.80918 23.4961 2.18065	
8.89	5.80747 23.4902 2.17272	
8.9	5.8078 23.4819 2.17877	
8.91	5.8078 23.4819 2.17877	
8.92	5.80769 23.4772 2.17936	
8.93	5.80089 23.4727 2.18899	
8.94	5.80802 23.4689 2.18883	
8.95	5.80067 23.4633 2.19019	
8.96	5.80836 23.4606 2.19831	
8.97	5.80836 23.4606 2.19831	
8.98	5.80814 23.4512 2.19608	
8.99	5.80803 23.4465 2.19669	
9	5.80858 23.4476 2.20497	
9.01	5.80847 23.4429 2.20557	
9.02	5.80847 23.4429 2.20557	
9.03	5.80892 23.4393 2.21446	
9.04	5.80881 23.4346 2.21507	
9.05	5.80915 23.4264 2.22114	
9.06	5.80904 23.4217 2.22175	
9.07	5.80893 23.417 2.22236	
9.08	5.80938 23.4134 2.22781	
9.09	5.80983 23.4098 2.23671	
9.1	5.80972 23.4052 2.23388	
9.11	5.80961 23.4005 2.23449	
9.12	5.80856 23.4003 2.23426	
9.13	5.81006 23.3969 2.23995	
9.14	5.80996 23.3922 2.24056	
9.15	5.80985 23.3876 2.23773	
9.16	5.80321 23.3878 2.24677	
9.17	5.81041 23.3886 2.24601	
9.18	5.8103 23.384 2.24318	
9.19	5.80194 23.3783 2.24432	
9.2	5.80288 23.3738 2.24171	
9.21	5.81008 23.3747 2.24095	
9.22	5.81054 23.3711 2.2464	
9.23	5.80948 23.3709 2.24617	
9.24	5.81043 23.3664 2.24356	
9.25	5.81043 23.3664 2.24356	
9.26	5.80313 23.361 2.24147	
9.27	5.81032 23.3618 2.24071	
9.28	5.81021 23.3571 2.24133	
9.29	5.81021 23.3571 2.24133	
9.3	5.80905 23.3523 2.23825	
9.31	5.80961 23.3534 2.24654	
9.32	5.80939 23.3441 2.24431	
9.33	5.80883 23.3431 2.23602	
9.34	5.80883 23.3431 2.23602	
9.35	5.80872 23.3384 2.23317	
9.36	5.80872 23.3384 2.23317	
9.37	5.81023 23.335 2.23884	
9.38	5.80861 23.3338 2.23032	
9.39	5.80131 23.3283 2.22822	
9.4	5.80237 23.3285 2.22845	
9.41	5.81351 23.3252 2.23312	
9.42	5.8047 23.3232 2.22536	
9.43	5.80516 23.3196 2.23079	
9.44	5.81235 23.3205 2.23003	
9.45	5.81224 23.3158 2.22717	
9.46	5.80506 23.315 2.22793	
9.47	5.81214 23.3112 2.22431	
9.48	5.81214 23.3112 2.22431	
9.49	5.81203 23.3066 2.22144	
9.5	5.8126 23.3076 2.22974	
9.51	5.81249 23.303 2.22687	
9.52	5.81238 23.2984 2.224	
9.53	5.8051 23.2929 2.22189	
9.54	5.80442 23.2872 2.21073	
9.55	5.81206 23.2845 2.21538	
9.56	5.81196 23.2799 2.21251	
9.57	5.81252 23.2809 2.2208	
9.58	5.80467 23.2744 2.21039	
9.59	5.81175 23.2707 2.20675	
9.6	5.81164 23.266 2.20387	
9.61	5.81048 23.2613 2.20075	
9.62	5.81143 23.2568 2.1981	
9.63	5.81153 23.2615 2.19748	
9.64	5.81189 23.2533 2.19999	
9.65	5.81132 23.2523 2.18819	
9.66	5.81178 23.2487 2.19359	
9.67	5.81168 23.2441 2.19069	
9.68	5.81168 23.2441 2.19069	
9.69	5.81157 23.2395 2.1878	
9.7	5.81157 23.2395 2.1878	
9.71	5.8109 23.2339 2.17661	
9.72	5.81146 23.2349 2.1849	
9.73	5.81079 23.2293 2.1737	
9.74	5.81136 23.2303 2.182	
9.75	5.81125 23.2257 2.1791	
9.76	5.81125 23.2257 2.1791	
9.77	5.81115 23.2211 2.17619	
9.78	5.81115 23.2211 2.17619	
9.79	5.81115 23.2211 2.17619	
9.8	5.81115 23.2211 2.17619	
9.81	5.81458 23.216 2.17328	
9.82	5.81458 23.216 2.17328	
9.83	5.81813 23.2155 2.17328	
9.84	5.81823 23.2202 2.17267	
9.85	5.81823 23.2202 2.17267	
9.86	5.81813 23.2156 2.16976	
9.87	5.81823 23.2202 2.16915	
9.88	5.81813 23.2156 2.16624	
9.89	5.81824 23.2203 2.16562	
9.9	5.81834 23.225 2.16501	
9.91	5.81824 23.2204 2.1621	
9.92	5.81824 23.2204 2.1621	
9.93	5.82531 23.2166 2.15844	
9.94	5.82475 23.2156 2.15014	
9.95	5.81757 23.2148 2.15089	
9.96	5.82475 23.2156 2.15014	
9.97	5.8169 23.2092 2.13968	
9.98	5.82465 23.211 2.14723	
9.99	5.82465 23.211 2.14723	
10	5.82409 23.21 2.13893	
10.01	5.83173 23.2073 2.14356	
10.02	5.83118 23.2063 2.13527	
10.03	5.83118 23.2063 2.13527	
10.04	5.83118 23.2063 2.13527	
10.05	5.83837 23.2071 2.13453	
10.06	5.83837 23.2071 2.13453	
10.07	5.83837 23.2071 2.13453	
10.08	5.83827 23.2026 2.13161	
10.09	5.8444 23.2032 2.13064	
10.1	5.8516 23.2041 2.12991	
10.11	5.84546 23.2034 2.13088	
10.12	5.85255 23.1996 2.12722	
10.13	5.85505 23.199 2.12699	
10.14	5.86329 23.2 2.1265	
10.15	5.86224 23.1998 2.12626	
10.16	5.86738 23.2005 2.1348	
10.17	5.86632 23.2003 2.13456	
10.18	5.87351 23.2012 2.13384	
10.19	5.87361 23.2058 2.13323	
10.2	5.8808 23.2066 2.13252	
10.21	5.8807 23.202 2.1296	
10.22	5.88841 23.2039 2.13366	
10.23	5.88957 23.2087 2.1333	
10.24	5.8957 23.2094 2.12883	
10.25	5.89717 23.206 2.13444	
10.26	5.9028 23.2057 2.12168	
10.27	5.9033 23.2067 2.12998	
10.28	5.9033 23.2067 2.12645	
10.29	5.91154 23.2077 2.12601	
10.3	5.90999 23.2066 2.11394	
10.31	5.90999 23.2066 2.11394	
10.32	5.91145 23.2032 2.11955	
10.33	5.91873 23.2086 2.11828	
10.34	5.91814 23.2031 2.10703	
10.35	5.92064 23.2025 2.10679	
10.36	5.92064 23.2025 2.10679	
10.37	5.92468 23.203 2.11509	
10.38	5.92468 23.203 2.11509	
10.39	5.93533 23.1987 2.11147	
10.4	5.93888 23.1983 2.11148	
10.41	5.93888 23.1983 2.11148	
10.42	5.94243 23.1979 2.11148	
10.43	5.94962 23.1986 2.1108	
10.44	5.95365 23.1991 2.11911	
10.45	5.96084 23.1999 2.11844	
10.46	5.96075 23.1953 2.1155	
10.47	5.96075 23.1953 2.1155	
10.48	5.9643 23.1949 2.1155	
10.49	5.9643 23.1949 2.1155	
10.5	5.97496 23.1907 2.1119	
10.51	5.97551 23.1963 2.11962	
10.52	5.97907 23.1958 2.11962	
10.53	5.98157 23.1953 2.11937	
10.54	5.98262 23.1954 2.11962	
10.55	5.98625 23.1997 2.11904	
10.56	5.9923 23.1957 2.11519	
10.57	5.99593 23.1999 2.1146	
10.58	5.99585 23.1954 2.11166	
10.59	6.00053 23.1998 2.11133	
10.6	6.00053 23.1998 2.11133	
10.61	6.01021 23.2 2.11043	
10.62	6.02193 23.1959 2.10709	
10.63	6.02088 23.1958 2.10684	
10.64	6.03199 23.1925 2.11156	
10.65	6.0351 23.1912 2.10325	
10.66	6.03615 23.1913 2.1035	
10.67	6.05295 23.1877 2.09904	
10.68	6.05651 23.1873 2.09904	
10.69	6.05688 23.1837 2.10439	
10.7	6.06044 23.1833 2.10439	
10.71	6.07013 23.1835 2.10351	
10.72	6.08086 23.1839 2.1029	
10.73	6.08086 23.1839 2.1029	
10.74	6.08192 23.184 2.10316	
10.75	6.08799 23.18 2.09933	
10.76	6.09155 23.1797 2.09933	
10.77	6.09973 23.176 2.09602	
10.78	6.09868 23.1758 2.09577	
10.79	6.09868 23.1758 2.09577	
10.8	6.1058 23.172 2.0922	
10.81	6.09904 23.1722 2.10112	
10.82	6.09857 23.1667 2.08984	
10.83	6.10616 23.1683 2.09756	
10.84	6.11334 23.1691 2.09696	
10.85	6.11334 23.1691 2.09696	
10.86	6.11755 23.168 2.08891	
10.87	6.11755 23.168 2.08891	
10.88	6.11795 23.1689 2.09722	
10.89	6.1287 23.1692 2.09664	
10.9	6.12152 23.1685 2.09722	
10.91	6.12764 23.1691 2.09637	
10.92	6.12909 23.1701 2.10495	
10.93	6.1287 23.1692 2.09664	
10.94	6.13588 23.1699 2.09605	
10.95	6.13627 23.1708 2.10437	
10.96	6.13593 23.1746 2.09548	
10.97	6.13593 23.1746 2.09548	
10.98	6.14311 23.1753 2.0949	
10.99	6.14316 23.1799 2.09433	
11	6.14316 23.1799 2.09433	
11.01	6.14316 23.1799 2.09433	
11.02	6.1504 23.1853 2.09319	
11.03	6.1504 23.1853 2.09319	
11.04	6.15726 23.1898 2.08374	
11.05	6.15408 23.191 2.09206	
11.06	6.14656 23.1941 2.08374	
11.07	6.14695 23.1949 2.09206	
11.08	6.14624 23.1978 2.07486	
11.09	6.14662 23.1987 2.08318	
11.1	6.15381 23.1994 2.08262	
11.11	6.15486 23.1995 2.08288	
11.12	6.14624 23.1978 2.07486	
11.13	6.15486 23.1995 2.08288	
11.14	6.15343 23.1985 2.0743	
11.15	6.15448 23.1987 2.07456	
11.16	6.15306 23.1976 2.06598	
11.17	6.16063 23.1992 2.07374	
11.18	6.16026 23.1983 2.06542	
11.19	6.16026 23.1983 2.06542	
11.2	6.16031 23.2029 2.06838	
11.21	6.16856 23.2037 2.0681	
11.22	6.16715 23.2027 2.05951	
11.23	6.1707 23.2023 2.05951	
11.24	6.17791 23.203 2.05896	
11.25	6.1707 23.2023 2.05951	
11.26	6.17796 23.2077 2.0584	
11.27	6.18487 23.212 2.05251	
11.28	6.18487 23.212 2.05251	
11.29	6.19214 23.2173 2.05141	
11.3	6.19324 23.222 2.05463	
11.31	6.19224 23.2265 2.05381	
11.32	6.19224 23.2265 2.05381	
11.33	6.19951 23.2319 2.05272	
11.34	6.19922 23.2356 2.04385	
11.35	6.19927 23.2403 2.0433	
11.36	6.20688 23.2464 2.05405	
11.37	6.21008 23.2452 2.04573	
11.38	6.21013 23.2499 2.04518	
11.39	6.20985 23.2535 2.03982	
11.4	6.20985 23.2535 2.03982	
11.41	6.22065 23.2585 2.03875	
11.42	6.22065 23.2585 2.03875	
11.43	6.22065 23.2585 2.03875	
11.44	6.22788 23.2592 2.03824	
11.45	6.22651 23.2581 2.02965	
11.46	6.22651 23.2581 2.02965	
11.47	6.22756 23.2582 2.02992	
11.48	6.2348 23.2589 2.02941	
11.49	6.2348 23.2589 2.02941	
11.5	6.23375 23.2588 2.02914	
11.51	6.23484 23.2634 2.03237	
11.52	6.23484 23.2634 2.03237	
11.53	6.22761 23.2628 2.03288	
11.54	6.23348 23.2624 2.02378	
11.55	6.2338 23.2633 2.03209	
11.56	6.23353 23.267 2.02673	
11.57	6.24082 23.2723 2.02568	
11.58	6.24187 23.2724 2.02595	
11.59	6.24191 23.277 2.0289	
11.6	6.24841 23.2784 2.03644	
11.61	6.24946 23.2785 2.03672	
11.62	6.25892 23.2823 2.03058	
11.63	6.25862 23.2814 2.02227	
11.64	6.25997 23.2825 2.03086	
11.65	6.25997 23.2825 2.03086	
11.66	6.26348 23.2822 2.03086	
11.67	6.26704 23.2864 2.0338	
11.68	6.26599 23.2863 2.03353	
11.69	6.27303 23.2952 2.02712	
11.7	6.27788 23.296 2.03571	
11.71	6.28143 23.3003 2.03866	
11.72	6.28839 23.3 2.02986	
11.73	6.28143 23.3003 2.03866	
11.74	6.29118 23.305 2.04084	
11.75	6.29089 23.3041 2.03252	
11.76	6.29818 23.3093 2.03498	
11.77	6.29818 23.3093 2.03498	
11.78	6.29849 23.3148 2.04623	
11.79	6.29849 23.3148 2.04623	
11.8	6.3055 23.3191 2.04038	
11.81	6.3055 23.3191 2.04038	
11.82	6.30554 23.3236 2.04331	
11.83	6.31279 23.3242 2.04284	
11.84	6.3131 23.3297 2.05409	
11.85	6.31286 23.3334 2.0487	
11.86	6.31395 23.3381 2.05191	
11.87	6.32015 23.3386 2.05117	
11.88	6.32046 23.3441 2.06241	
11.89	6.32046 23.3441 2.06241	
11.9	6.32023 23.3477 2.05702	
11.91	6.33101 23.3526 2.05948	
11.92	6.33104 23.3572 2.0624	
11.93	6.33453 23.3569 2.0624	
11.94	6.33456 23.3615 2.06532	
11.95	6.34507 23.3655 2.05947	
11.96	6.34536 23.371 2.0707	
11.97	6.35613 23.3759 2.07316	
11.98	6.35717 23.376 2.07344	
11.99	6.36689 23.3808 2.07563	
12	6.37417 23.386 2.07811	
12.01	6.3742 23.3907 2.07757	
12.02	6.38151 23.4005 2.07951	
12.03	6.3888 23.4057 2.07855	
12.04	6.38883 23.4104 2.07802	
12.05	6.39612 23.4157 2.07707	
12.06	6.39617 23.425 2.07602	
12.07	6.40451 23.4304 2.07537	
12.08	6.41075 23.4355 2.07415	
12.09	6.41057 23.4393 2.06531	
12.1	6.41807 23.4454 2.07272	
12.11	6.41789 23.4492 2.06388	
12.12	6.41792 23.4539 2.06337	
12.13	6.42519 23.4544 2.06297	
12.14	6.42521 23.4591 2.06246	
12.15	6.42521 23.4591 2.06246	
12.16	6.43232 23.4634 2.05324	
12.17	6.43358 23.4691 2.06134	
12.18	6.43358 23.4691 2.06134	
12.19	6.43962 23.4686 2.05235	
12.2	6.43965 23.4733 2.05184	
12.21	6.43965 23.4733 2.05184	
12.22	6.43965 23.4733 2.05184	
12.23	6.44797 23.4739 2.05176	
12.24	6.44695 23.4785 2.05096	
12.25	6.448 23.4786 2.05125	
12.26	6.448 23.4786 2.05125	
12.27	6.45426 23.4837 2.05009	
12.28	6.4553 23.4838 2.05038	
12.29	6.4553 23.4838 2.05038	
12.3	6.45408 23.4828 2.04176	
12.31	6.46261 23.489 2.04951	
12.32	6.46261 23.489 2.04951	
12.33	6.46139 23.488 2.0409	
12.34	6.45431 23.4931 2.04909	
12.35	6.45533 23.4886 2.04647	
12.36	6.46607 23.4936 2.04561	
12.37	6.46487 23.4973 2.0365	
12.38	6.4685 23.5026 2.04433	
12.39	6.47297 23.5026 2.04123	
12.4	6.47642 23.5071 2.04074	
12.41	6.48372 23.5124 2.0365	
12.42	6.48716 23.517 2.03263	
12.43	6.49786 23.5174 2.02888	
12.44	6.49771 23.5214 2.01669	
12.45	6.50738 23.5263 2.01557	
12.46	6.5074 23.5311 2.01172	
12.47	6.51065 23.5256 1.99708	
12.48	6.5117 23.5305 1.99352	
12.49	6.52241 23.5309 1.9898	
12.5	6.52241 23.5311 1.98641	
12.51	6.52464 23.5348 1.97394	
12.52	6.53313 23.5363 1.97885	
12.53	6.53298 23.531 1.9642	
12.54	6.53924 23.5363 1.95974	
12.55	6.54028 23.5365 1.95666	
12.56	6.54995 23.537 1.94927	
12.57	6.54982 23.5363 1.93755	
12.58	6.54982 23.5364 1.93417	
12.59	6.55086 23.5368 1.9277	
12.6	6.55086 23.5372 1.92093	
12.61	6.54969 23.5366 1.90553	
12.62	6.55699 23.5326 1.89887	
12.63	6.55791 23.5323 1.88407	
12.64	6.55791 23.5324 1.88068	
12.65	6.55778 23.532 1.86558	
12.66	6.56406 23.5325 1.86158	
12.67	6.55661 23.5267 1.85059	
12.68	6.55765 23.527 1.8475	
12.69	6.56486 23.5268 1.83547	
12.7	6.56369 23.5261 1.82345	
12.71	6.56473 23.5171 1.81779	
12.72	6.56473 23.5173 1.8144	
12.73	6.56473 23.5175 1.81101	
12.74	6.56367 23.5083 1.80473	
12.75	6.56355 23.5077 1.793	
12.76	6.5709 23.5083 1.7893	
12.77	6.56342 23.498 1.77528	
12.78	6.57088 23.4995 1.77991	
12.79	6.56342 23.4982 1.77188	
12.8	6.56342 23.4937 1.76888	
12.81	6.56341 23.4892 1.76588	
12.82	6.56329 23.4883 1.75755	
12.83	6.56329 23.4838 1.75454	
12.84	6.57064 23.4842 1.75424	
12.85	6.57063 23.4797 1.75123	
12.86	6.57052 23.4788 1.7429	
12.87	6.57063 23.4752 1.74822	
12.88	6.57167 23.4753 1.74853	
12.89	6.57167 23.4755 1.74512	
12.9	6.57062 23.4709 1.7418	
12.91	6.57395 23.4746 1.73308	
12.92	6.57395 23.4748 1.72967	
12.93	6.57395 23.4703 1.72665	
12.94	6.57395 23.4658 1.72363	
12.95	6.57395 23.466 1.72022	
12.96	6.57728 23.465 1.71189	
12.97	6.57843 23.4614 1.7175	
12.98	6.57843 23.4614 1.7175	
12.99	6.57843 23.4569 1.71448	
13	6.58083 23.4566 1.71417	
13.01	6.58072 23.4513 1.70282	
13.02	6.58808 23.4517 1.70252	
13.03	6.58417 23.4466 1.69979	
13.04	6.58417 23.4466 1.69979	
13.05	6.59258 23.4426 1.69677	
13.06	6.59153 23.438 1.69344	
13.07	6.59258 23.4336 1.69071	
13.08	6.59153 23.4335 1.6904	
13.09	6.59154 23.429 1.68737	
13.1	6.595 23.4243 1.68433	
13.11	6.595 23.42 1.67786	
13.12	6.595 23.4155 1.67482	
13.13	6.59501 23.411 1.67178	
13.14	6.59397 23.4019 1.66538	
13.15	6.59502 23.3975 1.66263	
13.16	6.59502 23.393 1.65958	
13.17	6.59503 23.3885 1.65653	
13.18	6.59503 23.384 1.65348	
13.19	6.59507 23.3752 1.65013	
13.2	6.60249 23.3716 1.65268	
13.21	6.59512 23.3621 1.64558	
13.22	6.59526 23.3538 1.64882	
13.23	6.59525 23.3448 1.64225	
13.24	6.60274 23.337 1.6447	
13.25	6.60275 23.3328 1.6383	
13.26	6.6029 23.3245 1.64137	
13.27	6.60289 23.3203 1.63441	
13.28	6.60656 23.3119 1.63801	
13.29	6.60656 23.3029 1.63084	
13.3	6.60671 23.2994 1.63375	
13.31	6.61024 23.2903 1.6278	
13.32	6.61038 23.2864 1.63294	
13.33	6.61384 23.286 1.62922	
13.34	6.62469 23.282 1.62931	
13.35	6.63516 23.2772 1.61881	
13.36	6.64221 23.2768 1.61592	
13.37	6.64856 23.2782 1.64175	
13.38	6.66407 23.2775 1.62791	
13.39	6.66999 23.2772 1.6288	
13.4	6.6846 23.2774 1.62817	
13.41	6.70288 23.2775 1.62807	
13.42	6.71773 23.2729 1.62802	
13.43	6.73254 23.2738 1.63502	
13.44	6.74349 23.2634 1.61985	
13.45	6.76204 23.255 1.63295	
13.46	6.78367 23.2453 1.62101	
13.47	6.79808 23.2326 1.63687	
13.48	6.81245 23.2217 1.61789	
13.49	6.8269 23.2085 1.62866	
13.5	6.84877 23.1989 1.6181	
13.51	6.86331 23.1863 1.63391	
13.52	6.87686 23.1762 1.6241	
13.53	6.90234 23.1674 1.62473	
13.54	6.91803 23.1585 1.62022	
13.55	6.93516 23.1546 1.62059	
13.56	6.95093 23.1459 1.61916	
13.57	6.96567 23.1372 1.61727	
13.58	6.98417 23.13 1.62082	
13.59	6.99538 23.1206 1.60512	
13.6	7.00921 23.1133 1.61526	
13.61	7.01402 23.1039 1.60194	
13.62	7.02777 23.0972 1.6179	
13.63	7.03992 23.0878 1.59879	
13.64	7.04061 23.0802 1.61663	
13.65	7.04701 23.0705 1.595	
13.66	7.05496 23.0627 1.60061	
13.67	7.05509 23.0543 1.59917	
13.68	7.05532 23.0493 1.59039	
13.69	7.05674 23.0373 1.60271	
13.7	7.06294 23.0367 1.59112	
13.71	7.06423 23.0332 1.59918	
13.72	7.0569 23.0279 1.58957	
13.73	7.06448 23.0245 1.59615	
13.74	7.0635 23.0197 1.58751	
13.75	7.0637 23.0195 1.58828	
13.76	7.06373 23.0158 1.59305	
13.77	7.06472 23.0157 1.58993	
13.78	7.05739 23.0155 1.59237	
13.79	7.0564 23.0145 1.58203	
13.8	7.05643 23.016 1.59994	
13.81	7.05623 23.0148 1.58286	
13.82	7.05649 23.0151 1.59102	
13.83	7.0564 23.0146 1.58329	
13.84	7.05278 23.0158 1.59861	
13.85	7.04525 23.0145 1.58431	
13.86	7.0454 23.0154 1.5977	
13.87	7.04629 23.0146 1.58567	
13.88	7.04175 23.0153 1.59627	
13.89	7.03435 23.0134 1.57856	
13.9	7.03447 23.0154 1.60364	
13.91	7.03164 23.014 1.58346	
13.92	7.03085 23.0143 1.59087	
13.93	7.02346 23.0098 1.58935	
13.94	7.02451 23.01 1.5916	
13.95	7.01614 23.0087 1.58139	
13.96	7.01634 23.0049 1.58777	
13.97	7.01634 23.0009 1.58793	
13.98	7.0165 22.9957 1.57685	
13.99	7.00922 22.9972 1.59346	
14	7.01663 22.9878 1.57309	
14.01	7.01699 22.9849 1.59145	
14.02	7.00948 22.9829 1.5623	
14.03	7.01081 22.986 1.59822	
14.04	7.01689 22.9842 1.56043	
14.05	7.01 22.9818 1.58477	
14.06	7.01717 22.9774 1.5648	
14.07	7.01012 22.978 1.57564	
14.08	7.00275 22.9727 1.56421	
14.09	7.00987 22.971 1.527	
14.1	7.00237 22.9648 1.50341	
14.11	7.00223 22.9628 1.47825	
14.12	7.00405 22.9642 1.49299	
14.13	7.00405 22.9591 1.47975	
14.14	7.00505 22.9547 1.48275	
14.15	7.00533 22.9495 1.47106	
14.16	7.01352 22.9418 1.47726	
14.17	7.00631 22.9361 1.46486	
14.18	7.00706 22.9289 1.48047	
14.19	7.00696 22.9188 1.45617	
14.2	7.00836 22.9109 1.46932	
14.21	7.00828 22.9008 1.44601	
14.22	7.00963 22.8937 1.46701	
14.23	7.00913 22.8879 1.43579	
14.24	7.01469 22.8771 1.46388	
14.25	7.01391 22.8746 1.42255	
14.26	7.013 22.8635 1.37469	
14.27	7.01216 22.8579 1.34373	
14.28	7.01055 22.8506 1.30016	
14.29	7.01008 22.8441 1.27246	
14.3	7.0135 22.8344 1.25275	
14.31	7.01417 22.8326 1.23395	
14.32	7.01395 22.8275 1.22184	
14.33	7.01384 22.8216 1.20302	
14.34	7.02013 22.817 1.19335	
14.35	7.01267 22.8108 1.17707	
14.36	7.01366 22.8062 1.17015	
14.37	7.01371 22.8005 1.15532	
14.38	7.01366 22.797 1.15769	
14.39	7.01746 22.7914 1.14393	
14.4	7.0174 22.7912 1.14214	
14.41	7.02491 22.7871 1.13725	
14.42	7.01648 22.7822 1.13261	
14.43	7.01661 22.7767 1.12004	
14.44	7.02519 22.7728 1.11613	
14.45	7.01678 22.7679 1.11202	
14.46	7.01785 22.7646 1.11683	
14.47	7.01795 22.7603 1.11311	
14.48	7.01805 22.7559 1.10946	
14.49	7.01716 22.7504 1.09725	
14.5	7.02587 22.7422 1.0906	
14.51	7.01839 22.7423 1.08685	
14.52	7.01861 22.7336 1.0801	
14.53	7.01871 22.7292 1.07667	
14.54	7.01893 22.7206 1.06996	
14.55	7.01904 22.7163 1.06657	
14.56	7.01816 22.7107 1.05457	
14.57	7.01827 22.7064 1.0512	
14.58	7.02972 22.6977 1.04811	
14.59	7.03076 22.6978 1.0484	
14.6	7.03087 22.6935 1.04505	
14.61	7.02983 22.6934 1.0447	
14.62	7.02994 22.6891 1.04137	
14.63	7.03109 22.6848 1.03837	
14.64	7.0312 22.6805 1.03504	
14.65	7.03131 22.6762 1.03172	
14.66	7.03142 22.6719 1.0284	
14.67	7.03796 22.6679 1.02461	
14.68	7.03165 22.6633 1.02176	
14.69	7.03187 22.6547 1.01512	
14.7	7.03089 22.6535 1.00649	
14.71	7.03198 22.6504 1.01179	
14.72	7.03496 22.6412 1.00856	
14.73	7.03502 22.6401 1.00026	
14.74	7.03991 22.6365 1.0093	
14.75	7.04285 22.6304 1.0011	
14.76	7.05038 22.6271 1.00968	
14.77	7.04305 22.6219 1.01025	
14.78	7.05064 22.6175 1.01053	
14.79	7.05475 22.6072 0.999336	
14.8	7.24125 22.6072 1.0071	
14.81	7.12124 22.5994 1.0051	
14.82	7.17322 22.5883 1.0068	
14.83	7.16407 22.5711 1.00803	
14.84	7.14825 22.5569 1.00489	
14.85	7.16369 22.5392 0.998174	
14.86	7.1497 22.5212 0.988218	
14.87	7.16307 22.5039 0.978359	
14.88	7.1516 22.4964 0.980459	
14.89	7.16221 22.4831 0.973724	
14.9	7.1587 22.4744 0.972023	
14.91	7.17082 22.4608 0.958507	
14.92	7.1595 22.4574 0.963432	
14.93	7.17138 22.4488 0.960442	
14.94	7.16047 22.4443 0.957141	
14.95	7.17172 22.4404 0.953748	
14.96	7.16936 22.4363 0.950649	
14.97	7.17361 22.4278 0.944014	
14.98	7.16896 22.4234 0.940937	
14.99	7.17227 22.423 0.929289	
15	7.16873 22.4153 0.93013	
15.01	7.17373 22.416 0.926271	
15.02	7.17304 22.4123 0.91958	
15.03	7.17489 22.4081 0.915568	
15.04	7.17303 22.4083 0.917082	
15.05	7.17497 22.4074 0.902696	
15.06	7.16623 22.4043 0.909808	
15.07	7.18358 22.405 0.910232	
15.08	7.17341 22.3961 0.902576	
15.09	7.1841 22.4012 0.900787	
15.1	7.17404 22.3965 0.896575	
15.11	7.18138 22.3962 0.884139	
15.12	7.17352 22.3977 0.888876	
15.13	7.18119 22.3975 0.877161	
15.14	7.18059 22.3981 0.873176	
15.15	7.18914 22.3995 0.872407	
15.16	7.17427 22.3994 0.867157	
15.17	7.19529 22.3973 0.866587	
15.18	7.18695 22.3966 0.854008	
15.19	7.1745 22.3974 0.847371	
15.2	7.19229 22.3993 0.840441	
15.21	7.18719 22.4002 0.831721	
15.22	7.17984 22.4011 0.823196	
15.23	7.19128 22.4016 0.807304	
15.24	7.18443 22.4068 0.802332	
15.25	7.18286 22.4033 0.796045	
15.26	7.18338 22.4038 0.791526	
15.27	7.18212 22.3991 0.776036	
15.28	7.19342 22.3942 0.764551	
15.29	7.18844 22.3946 0.759979	
15.3	7.18464 22.3892 0.747641	
15.31	7.18758 22.39 0.744346	
15.32	7.19577 22.3908 0.739837	
15.33	7.19433 22.3872 0.732389	
15.34	7.19116 22.3877 0.727809	
15.35	7.19715 22.3833 0.711808	
15.36	7.19569 22.3845 0.703836	
15.37	7.20227 22.3801 0.687937	
15.38	7.20533 22.376 0.684291	
15.39	7.20455 22.3759 0.684147	
15.4	7.20418 22.3706 0.67226	
15.41	7.20366 22.3706 0.672163	
15.42	7.20712 22.3706 0.672083	
15.43	7.21831 22.3662 0.67235	
15.44	7.21816 22.362 0.668825	
15.45	7.22197 22.3572 0.669173	
15.46	7.22597 22.3482 0.666058	
15.47	7.23002 22.3386 0.666824	
15.48	7.29731 22.321 0.657974	
15.49	7.23705 22.3165 0.675516	
15.5	7.32648 22.2986 0.67452	
15.51	7.27579 22.2896 0.678858	
15.52	7.35731 22.2722 0.676701	
15.53	7.30149 22.268 0.685164	
15.54	7.3621 22.2423 0.686143	
15.55	7.30717 22.2262 0.68463	
15.56	7.37137 22.2048 0.688334	
15.57	7.31352 22.1852 0.695032	
15.58	7.38435 22.1632 0.6993	
15.59	7.3404 22.1379 0.701678	
15.6	7.36185 22.1068 0.698129	
15.61	7.35405 22.1058 0.760801	
15.62	7.36575 22.0677 0.644615	
15.63	7.34591 22.0666 0.693863	
15.64	7.36663 22.0664 0.686134	
15.65	7.28974 22.0407 0.645155	
15.66	7.33741 22.0149 0.619355	
15.67	7.29571 21.9918 0.597213	
15.68	7.30151 21.9729 0.612494	
15.69	7.29559 21.9633 0.620695	
15.7	7.3057 21.9488 0.620622	
15.71	7.29241 21.9396 0.6037	
15.72	7.29227 21.927 0.610395	
15.73	7.29181 21.9073 0.611663	
15.74	7.29074 21.8935 0.624307	
15.75	7.29656 21.8801 0.637122	
15.76	7.28904 21.8682 0.660806	
15.77	7.29657 21.8455 0.654513	
15.78	7.28736 21.8297 0.675321	
15.79	7.29927 21.8136 0.683202	
15.8	7.28511 21.7933 0.692679	
15.81	7.29763 21.781 0.708601	
15.82	7.28307 21.7641 0.722736	
15.83	7.30142 21.7518 0.733454	
15.84	7.2802 21.7449 0.757128	
15.85	7.2918 21.7316 0.766303	
15.86	7.27972 21.7173 0.782968	
15.87	7.29788 21.7008 0.799124	
15.88	7.28063 21.6832 0.825969	
15.89	7.29662 21.6744 0.837092	
15.9	7.27552 21.6616 0.857257	
15.91	7.29527 21.6537 0.865241	
15.92	7.2781 21.6477 0.869441	
15.93	7.29079 21.6351 0.879178	
15.94	7.28592 21.6223 0.892362	
15.95	7.2972 21.6089 0.903007	
15.96	7.27978 21.5986 0.919308	
15.97	7.30258 21.5867 0.938808	
15.98	7.27528 21.5782 0.954665	
15.99	7.29465 21.5752 0.962457	
16	7.29065 21.5705 0.963194	
16.01	7.28929 21.5626 0.974396	
16.02	7.29596 21.5533 0.975029	
16.03	7.28284 21.5403 0.98796	
16.04	7.29491 21.5275 0.996024	
16.05	7.28399 21.5187 1.01288	
16.06	7.29358 21.5115 1.02766	
16.07	7.29255 21.4982 1.03369	
16.08	7.28494 21.4899 1.04579	
16.09	7.2923 21.4824 1.05848	
16.1	7.286 21.4691 1.06647	
16.11	7.29856 21.4607 1.07012	
16.12	7.27948 21.4474 1.07472	
16.13	7.30514 21.4401 1.08337	
16.14	7.27261 21.4308 1.09491	
16.15	7.29229 21.4278 1.10271	
16.16	7.2855 21.4154 1.10888	
16.17	7.29115 21.4065 1.11144	
16.18	7.29455 21.4041 1.11736	
16.19	7.28803 21.3959 1.12189	
16.2	7.28808 21.3915 1.12339	
16.21	7.2923 21.388 1.13158	
16.22	7.28347 21.3881 1.13348	
16.23	7.30277 21.3798 1.1285	
16.24	7.2726 21.3703 1.12075	
16.25	7.30219 21.3606 1.12986	
16.26	7.28043 21.3504 1.11501	
16.27	7.30114 21.347 1.11115	
16.28	7.27477 21.329 1.10215	
16.29	7.29727 21.3214 1.09396	
16.3	7.28604 21.31 1.09199	
16.31	7.28922 21.2937 1.07916	
16.32	7.28716 21.2815 1.06917	
16.33	7.28874 21.2652 1.05439	
16.34	7.28785 21.2449 1.03734	
16.35	7.28879 21.2239 1.02266	
16.36	7.28807 21.2077 1.00953	
16.37	7.28465 21.1871 0.989944	
16.38	7.29298 21.1701 0.967942	
16.39	7.28565 21.1588 0.965335	
16.4	7.29203 21.1427 0.950511	
16.41	7.28606 21.1294 0.932217	
16.42	7.2905 21.1173 0.919985	
16.43	7.28861 21.1084 0.906596	
16.44	7.28997 21.1011 0.904833	
16.45	7.2892 21.0923 0.892468	
16.46	7.28971 21.0848 0.889554	
16.47	7.28223 21.0798 0.882012	
16.48	7.28966 21.0755 0.874344	
16.49	7.28323 21.0761 0.880391	
16.5	7.28856 21.0684 0.875228	
16.51	7.28442 21.0641 0.869886	
16.52	7.28672 21.059 0.858538	
16.53	7.28434 21.06 0.866316	
16.54	7.28778 21.059 0.858643	
16.55	7.28388 21.0598 0.865978	
16.56	7.28669 21.0588 0.858065	
16.57	7.28578 21.0598 0.865592	
16.58	7.28556 21.0586 0.857193	
16.59	7.2852 21.0597 0.865443	
16.6	7.28727 21.0547 0.854097	
16.61	7.28546 21.0511 0.86273	
16.62	7.28743 21.0368 0.852635	
16.63	7.28474 21.0251 0.853663	
16.64	7.28696 21.0069 0.839943	
16.65	7.28661 20.9907 0.84184	
16.66	7.29418 20.9739 0.83621	
16.67	7.27947 20.9614 0.844219	
16.68	7.29333 20.9451 0.841165	
16.69	7.28056 20.9277 0.838484	
16.7	7.29088 20.9161 0.836006	
16.71	7.28372 20.9086 0.833011	
16.72	7.28857 20.896 0.816445	
16.73	7.28416 20.8899 0.822835	
16.74	7.28941 20.8774 0.806058	
16.75	7.28532 20.8655 0.805249	
16.76	7.28869 20.8528 0.78757	
16.77	7.29031 20.8498 0.790383	
16.78	7.28359 20.8443 0.777769	
16.79	7.29577 20.8331 0.776481	
16.8	7.28155 20.8242 0.77695	
16.81	7.29055 20.8172 0.773226	
16.82	7.28851 20.8073 0.76099	
16.83	7.28441 20.7962 0.76498	
16.84	7.29991 20.7887 0.755576	
16.85	7.27351 20.7842 0.756048	
16.86	7.30619 20.7768 0.750931	
16.87	7.27456 20.7686 0.750914	
16.88	7.30802 20.7646 0.73745	
16.89	7.28428 20.7552 0.734703	
16.9	7.29814 20.7482 0.740598	
16.91	7.28729 20.7396 0.738028	
16.92	7.30315 20.7319 0.734683	
16.93	7.28995 20.7231 0.733611	
16.94	7.30054 20.7155 0.724232	
16.95	7.29217 20.7127 0.731287	
16.96	7.30603 20.7052 0.720969	
16.97	7.29432 20.6917 0.709482	
16.98	7.29649 20.6826 0.703068	
16.99	7.30339 20.6754 0.715674	
17	7.30082 20.6662 0.708962	
17.01	7.29725 20.6632 0.721741	
17.02	7.30782 20.6594 0.71459	
17.03	7.33244 20.6565 0.72251	
17.04	7.35111 20.6487 0.720223	
17.05	7.3742 20.6408 0.716173	
17.06	7.39278 20.6378 0.724398	
17.07	7.41553 20.6301 0.720706	
17.08	7.42814 20.6229 0.725466	
17.09	7.43141 20.6188 0.721255	
17.1	7.44704 20.612 0.726191	
17.11	7.45426 20.6036 0.722917	
17.12	7.45988 20.6037 0.722676	
17.13	7.46582 20.592 0.728951	
17.14	7.46856 20.5919 0.728442	
17.15	7.47201 20.5835 0.725337	
17.16	7.47473 20.579 0.726041	
17.17	7.47691 20.5717 0.731273	
17.18	7.47861 20.5717 0.731202	
17.19	7.48019 20.5671 0.731957	
17.2	7.4815 20.5633 0.728124	
17.21	7.48237 20.5598 0.737192	
17.22	7.48355 20.5548 0.725081	
17.23	7.48515 20.5515 0.734513	
17.24	7.48499 20.543 0.731171	
17.25	7.48577 20.5345 0.728184	
17.26	7.48631 20.53 0.728992	
17.27	7.48676 20.5261 0.725188	
17.28	7.48718 20.5216 0.726003	
17.29	7.48728 20.5188 0.730493	
17.3	7.48779 20.5104 0.727516	
17.31	7.48915 20.5059 0.728689	
17.32	7.48103 20.5028 0.73283	
17.33	7.48838 20.4992 0.729028	
17.34	7.48881 20.4908 0.726054	
17.35	7.4892 20.483 0.718447	
17.36	7.49064 20.4747 0.71582	
17.37	7.49084 20.4708 0.712012	
17.38	7.49001 20.4668 0.707854	
17.39	7.49117 20.4596 0.713517	
17.4	7.49152 20.4519 0.705893	
17.41	7.49173 20.4474 0.706725	
17.42	7.49208 20.4396 0.699095	
17.43	7.49224 20.4357 0.695278	
17.44	7.49241 20.4319 0.691459	
17.45	7.49154 20.4279 0.687289	
17.46	7.49274 20.4241 0.683816	
17.47	7.4929 20.4203 0.679993	
17.48	7.49298 20.4137 0.680634	
17.49	7.49314 20.4098 0.676805	
17.5	7.49331 20.4059 0.672975	
17.51	7.49347 20.4021 0.669144	
17.52	7.49261 20.3981 0.664961	
17.53	7.4938 20.3944 0.661476	
17.54	7.49397 20.3905 0.65764	
17.55	7.49413 20.3867 0.653802	
17.56	7.49413 20.3867 0.653802	
17.57	7.49446 20.379 0.646122	
17.58	7.49446 20.379 0.646122	
17.59	7.49462 20.3751 0.642279	
17.6	7.49402 20.3701 0.629792	
17.61	7.49402 20.3701 0.629792	
17.62	7.49479 20.3713 0.638435	
17.63	7.48786 20.3671 0.63459	
17.64	7.49495 20.3674 0.63459	
17.65	7.49512 20.3636 0.630742	
17.66	7.49512 20.3636 0.630742	
17.67	7.49512 20.3636 0.630742	
17.68	7.49425 20.3597 0.626544	
17.69	7.48819 20.3594 0.626894	
17.7	7.49445 20.3551 0.627379	
17.71	7.49445 20.3551 0.627379	
17.72	7.49461 20.3513 0.623529	
17.73	7.49461 20.3513 0.623529	
17.74	7.48874 20.3466 0.624715	
17.75	7.48771 20.3465 0.624366	
17.76	7.48874 20.3466 0.624715	
17.77	7.48874 20.3466 0.624715	
17.78	7.48771 20.3465 0.624366	
17.79	7.48891 20.3427 0.620863	
17.8	7.48891 20.3427 0.620863	
17.81	7.48788 20.3426 0.620514	
17.82	7.48788 20.3426 0.620514	
17.83	7.48804 20.3388 0.61666	
17.84	7.48804 20.3388 0.61666	
17.85	7.48804 20.3388 0.61666	
17.86	7.48824 20.3343 0.617499	
17.87	7.4884 20.3304 0.613644	
17.88	7.48131 20.3301 0.61365	
17.89	7.48856 20.3266 0.609787	
17.9	7.48959 20.3267 0.610136	
17.91	7.48147 20.3263 0.609793	
17.92	7.48898 20.3216 0.597638	
17.93	7.4818 20.3186 0.602075	
17.94	7.48416 20.3187 0.60207	
17.95	7.48432 20.3149 0.598208	
17.96	7.47723 20.3146 0.598215	
17.97	7.47758 20.3063 0.595192	
17.98	7.47861 20.3064 0.595541	
17.99	7.47758 20.3063 0.595192	
18	7.47758 20.3063 0.595192	
18.01	7.47861 20.3064 0.595541	
18.02	7.47799 20.3013 0.583037	
18.03	7.47774 20.3024 0.591328	
18.04	7.47774 20.3024 0.591328	
18.05	7.47774 20.3024 0.591328	
18.06	7.47799 20.3013 0.583037	
18.07	7.47065 20.3021 0.59134	
18.08	7.47082 20.2983 0.587473	
18.09	7.46607 20.2981 0.587473	
18.1	7.46607 20.2981 0.587473	
18.11	7.46607 20.2981 0.587473	
18.12	7.45898 20.2978 0.587491	
18.13	7.46001 20.2979 0.587838	
18.14	7.46133 20.2979 0.587473	
18.15	7.45424 20.2976 0.587491	
18.16	7.44968 20.2929 0.588334	
18.17	7.44968 20.2929 0.588334	
18.18	7.44282 20.2914 0.580067	
18.19	7.44282 20.2914 0.580067	
18.2	7.44259 20.2926 0.588358	
18.21	7.44275 20.2887 0.58449	
18.22	7.43194 20.2883 0.584864	
18.23	7.43091 20.2882 0.58452	
18.24	7.42382 20.2879 0.584555	
18.25	7.41907 20.2877 0.584555	
18.26	7.41926 20.2832 0.585399	
18.27	7.41926 20.2832 0.585399	
18.28	7.41451 20.283 0.585399	
18.29	7.41451 20.283 0.585399	
18.3	7.41451 20.283 0.585399	
18.31	7.40282 20.2787 0.581571	
18.32	7.40282 20.2787 0.581571	
18.33	7.39806 20.2786 0.581571	
18.34	7.39331 20.2784 0.581571	
18.35	7.39367 20.2734 0.56941	
18.36	7.38637 20.2742 0.577748	
18.37	7.38179 20.2696 0.578594	
18.38	7.38179 20.2696 0.578594	
18.39	7.38231 20.2601 0.56728	
18.4	7.37755 20.2599 0.567279	
18.41	7.37755 20.2599 0.567279	
18.42	7.37755 20.2599 0.567279	
18.43	7.37043 20.2562 0.576472	
18.44	7.3667 20.2562 0.576815	
18.45	7.18334 20.2507 0.58906	
18.46	7.36914 20.2604 0.581857	
18.47	7.17699 20.2414 0.580281	
18.48	7.28884 20.2472 0.579312	
18.49	7.25824 20.241 0.582486	
18.5	7.27593 20.2331 0.577976	
18.51	7.26169 20.2278 0.580317	
18.52	7.25525 20.2197 0.572511	
18.53	7.24285 20.2127 0.574619	
18.54	7.26937 20.1983 0.548259	
18.55	7.2417 20.1894 0.562224	
18.56	7.26193 20.172 0.545778	
18.57	7.25426 20.1595 0.539581	
18.58	7.26348 20.1434 0.544389	
18.59	7.25771 20.139 0.547322	
18.6	7.2648 20.1272 0.550573	
18.61	7.25395 20.1181 0.555685	
18.62	7.27028 20.1104 0.562932	
18.63	7.25188 20.1008 0.567281	
18.64	7.26968 20.0915 0.572012	
18.65	7.25972 20.0786 0.583615	
18.66	7.26452 20.0606 0.585667	
18.67	7.26092 20.0441 0.599284	
18.68	7.27183 20.0174 0.602499	
18.69	7.25535 19.9871 0.620977	
18.7	7.27638 19.962 0.631987	
18.71	7.25499 19.9353 0.648351	
18.72	7.27848 19.9061 0.661188	
18.73	7.25577 19.8796 0.674219	
18.74	7.27686 19.8518 0.697231	
18.75	7.259 19.8175 0.709007	
18.76	7.27276 19.7939 0.730759	
18.77	7.26133 19.7675 0.761999	
18.78	7.27259 19.7397 0.77782	
18.79	7.26956 19.7266 0.810654	
18.8	7.27063 19.7109 0.826569	
18.81	7.26267 19.7047 0.849365	
18.82	7.28232 19.695 0.860302	
18.83	7.25058 19.692 0.871757	
18.84	7.28639 19.6909 0.875093	
18.85	7.25348 19.6857 0.872372	
18.86	7.27919 19.6803 0.871846	
18.87	7.25953 19.6721 0.864535	
18.88	7.2753 19.6665 0.865641	
18.89	7.26485 19.658 0.854103	
18.9	7.27319 19.6503 0.842822	
18.91	7.26653 19.6443 0.84747	
18.92	7.2706 19.6406 0.833901	
18.93	7.26746 19.6299 0.826707	
18.94	7.27139 19.6181 0.810318	
18.95	7.26826 19.6118 0.801835	
18.96	7.27066 19.6048 0.797542	
18.97	7.2692 19.593 0.781869	
18.98	7.27026 19.5855 0.764232	
18.99	7.26949 19.5761 0.765136	
19	7.27064 19.5594 0.736444	
19.01	7.26975 19.5452 0.7251	
19.02	7.27744 19.5338 0.708563	
19.03	7.26945 19.5113 0.695044	
19.04	7.27531 19.501 0.686579	
19.05	7.26463 19.4862 0.675288	
19.06	7.28007 19.4741 0.650405	
19.07	7.25947 19.4629 0.644547	
19.08	7.28504 19.4574 0.641232	
19.09	7.25593 19.4435 0.618816	
19.1	7.2877 19.4372 0.609587	
19.11	7.25246 19.4247 0.598231	
19.12	7.28105 19.4184 0.588998	
19.13	7.25994 19.4104 0.581896	
19.14	7.29315 19.4083 0.578075	
19.15	7.24824 19.399 0.571263	
19.16	7.27944 19.4003 0.570176	
19.17	7.26268 19.3959 0.566282	
19.18	7.27548 19.3928 0.562179	
19.19	7.26561 19.3892 0.561455	
19.2	7.27466 19.3813 0.556088	
19.21	7.2677 19.3777 0.554992	
19.22	7.27199 19.3738 0.547558	
19.23	7.26876 19.3625 0.54389	
19.24	7.28337 19.359 0.536205	
19.25	7.25757 19.3512 0.533548	
19.26	7.29073 19.3445 0.528011	
19.27	7.2512 19.3299 0.524851	
19.28	7.28944 19.3236 0.520157	
19.29	7.25131 19.3081 0.510292	
19.3	7.28371 19.3027 0.514577	
19.31	7.25858 19.2936 0.511749	
19.32	7.28756 19.2828 0.510024	
19.33	7.26605 19.2659 0.505479	
19.34	7.28199 19.2599 0.510876	
19.35	7.26687 19.2426 0.510258	
19.36	7.27998 19.2277 0.517258	
19.37	7.26914 19.215 0.516948	
19.38	7.27683 19.2041 0.521819	
19.39	7.2725 19.1962 0.520818	
19.4	7.27459 19.1885 0.528857	
19.41	7.2798 19.1739 0.538567	
19.42	7.26859 19.1618 0.543028	
19.43	7.27901 19.1537 0.546017	
19.44	7.27748 19.144 0.560653	
19.45	7.27014 19.1324 0.567242	
19.46	7.27788 19.1205 0.565056	
19.47	7.27833 19.1098 0.572233	
19.48	7.27611 19.0998 0.586128	
19.49	7.2781 19.0956 0.587798	
19.5	7.27674 19.0845 0.593817	
19.51	7.27769 19.076 0.596404	
19.52	7.27684 19.0685 0.60669	
19.53	7.27753 19.0576 0.613362	
19.54	7.27662 19.0513 0.632059	
19.55	7.27744 19.0428 0.634419	
19.56	7.27663 19.036 0.639715	
19.57	7.27718 19.0287 0.650296	
19.58	7.27664 19.0219 0.655663	
19.59	7.2773 19.0098 0.653827	
19.6	7.27665 18.9988 0.660396	
19.61	7.27708 18.9879 0.666819	
19.62	7.27773 18.9771 0.673764	
19.63	7.27768 18.9649 0.671523	
19.64	7.27605 18.9575 0.682331	
19.65	7.27723 18.9501 0.692705	
19.66	7.27639 18.9392 0.699518	
19.67	7.27798 18.9278 0.711365	
19.68	7.277 18.9168 0.717835	
19.69	7.27643 18.9022 0.720086	
19.7	7.27705 18.886 0.719691	
19.71	7.28315 18.872 0.721923	
19.72	7.31046 18.8578 0.72856	
19.73	7.33785 18.836 0.732167	
19.74	7.3594 18.8138 0.735706	
19.75	7.37772 18.7993 0.742701	
19.76	7.39274 18.7823 0.754043	
19.77	7.40517 18.7676 0.761342	
19.78	7.41557 18.7494 0.764639	
19.79	7.4242 18.7311 0.768022	
19.8	7.43239 18.7128 0.771821	
19.81	7.43805 18.7022 0.778228	
19.82	7.44327 18.6827 0.773502	
19.83	7.44714 18.6721 0.779995	
19.84	7.45034 18.6621 0.781145	
19.85	7.4534 18.6467 0.775269	
19.86	7.45547 18.6402 0.78059	
19.87	7.45741 18.6326 0.777636	
19.88	7.45898 18.6225 0.778845	
19.89	7.46038 18.6149 0.775911	
19.9	7.4607 18.6036 0.768497	
19.91	7.46152 18.5971 0.773868	
19.92	7.46257 18.5859 0.766806	
19.93	7.46441 18.5784 0.764239	
19.94	7.46386 18.5718 0.769277	
19.95	7.46448 18.5648 0.760958	
19.96	7.46483 18.5583 0.766343	
19.97	7.47194 18.551 0.763374	
19.98	7.46568 18.5471 0.759275	
19.99	7.46678 18.5449 0.763747	
20	7.46641 18.536 0.752208	
20.01	7.46642 18.5336 0.756333	
20.02	7.46784 18.5261 0.753776	
20.03	7.46702 18.5225 0.749264	
20.04	7.46859 18.5109 0.747975	
20.05	7.46871 18.5044 0.753366	
20.06	7.47445 18.5005 0.754225	
20.07	7.46806 18.4967 0.75012	
20.08	7.46942 18.4891 0.747567	
20.09	7.46921 18.4903 0.755858	
20.1	7.46968 18.4792 0.748786	
20.11	7.46969 18.4792 0.748785	
20.12	7.46434 18.4755 0.74461	
20.13	7.46345 18.4719 0.740088	
20.14	7.46453 18.4662 0.740369	
20.15	7.46453 18.4662 0.740369	
20.16	7.4638 18.4585 0.737119	
20.17	7.46411 18.4509 0.734214	
20.18	7.46434 18.4498 0.725922	
20.19	7.46545 18.4434 0.731655	
20.2	7.46472 18.4357 0.728405	
20.21	7.46494 18.4258 0.729604	
20.22	7.46651 18.4172 0.718753	
20.23	7.46681 18.4096 0.715848	
20.24	7.46623 18.3985 0.708404	
20.25	7.46613 18.3962 0.7125	
20.26	7.46644 18.3886 0.709592	
20.27	7.46003 18.3848 0.705467	
20.28	7.46106 18.3849 0.705812	
20.29	7.46017 18.3813 0.701268	
20.3	7.46047 18.3738 0.698358	
20.31	7.46039 18.3715 0.702447	
20.32	7.46075 18.3669 0.689953	
20.33	7.45654 18.3592 0.687384	
20.34	7.4491 18.3554 0.682913	
20.35	7.44918 18.349 0.688289	
20.36	7.45035 18.3456 0.684424	
20.37	7.44946 18.3421 0.67987	
20.38	7.44405 18.3384 0.675657	
20.39	7.43764 18.3347 0.67153	
20.4	7.43764 18.3347 0.67153	
20.41	7.43153 18.3233 0.664486	
20.42	7.43265 18.3201 0.660177	
20.43	7.42604 18.3174 0.664342	
20.44	7.42741 18.313 0.652171	
20.45	7.42177 18.3105 0.656241	
20.46	7.41537 18.3067 0.652115	
20.47	7.4155 18.3033 0.647891	
20.48	7.41467 18.3021 0.639258	
20.49	7.41583 18.2988 0.635373	
20.5	7.41577 18.2965 0.639438	
20.51	7.41487 18.293 0.634869	
20.52	7.40833 18.2926 0.634972	
20.53	7.4095 18.2893 0.631082	
20.54	7.4095 18.2893 0.631082	
20.55	7.40322 18.2845 0.618219	
20.56	7.40419 18.2823 0.622618	
20.57	7.3979 18.2775 0.609753	
20.58	7.39887 18.2753 0.614148	
20.59	7.39247 18.2716 0.61002	
20.6	7.38606 18.2678 0.605897	
20.61	7.38061 18.2642 0.601657	
20.62	7.38074 18.2608 0.597416	
20.63	7.37528 18.2573 0.593174	
20.64	7.36329 18.2534 0.589051	
20.65	7.35809 18.2423 0.581855	
20.66	7.34201 18.2386 0.581127	
20.67	7.22023 18.2286 0.578428	
20.68	7.23666 18.223 0.568973	
20.69	7.2425 18.2201 0.564114	
20.7	7.23872 18.214 0.557843	
20.71	7.24098 18.2074 0.548734	
20.72	7.23522 18.2006 0.541107	
20.73	7.23379 18.1938 0.532001	
20.74	7.22847 18.1902 0.526698	
20.75	7.23607 18.1838 0.517778	
20.76	7.22973 18.1802 0.515362	
20.77	7.23505 18.1725 0.497576	
20.78	7.22465 18.1672 0.502264	
20.79	7.22994 18.1594 0.483743	
20.8	7.22769 18.1523 0.47399	
20.81	7.23238 18.1424 0.460346	
20.82	7.22401 18.1355 0.453932	
20.83	7.22743 18.1254 0.439783	
20.84	7.22982 18.1188 0.430346	
20.85	7.22758 18.111 0.415333	
20.86	7.23572 18.1022 0.409496	
20.87	7.22083 18.0939 0.395549	
20.88	7.2258 18.0874 0.385333	
20.89	7.22924 18.0775 0.371532	
20.9	7.22688 18.071 0.364773	
20.91	7.23009 18.0609 0.350034	
20.92	7.23184 18.0557 0.351827	
20.93	7.22614 18.0463 0.336996	
20.94	7.23615 18.0398 0.327234	
20.95	7.24189 18.0294 0.31949	
20.96	7.25021 18.0262 0.314249	
20.97	7.25919 18.0159 0.307358	
20.98	7.25892 18.0127 0.30574	
20.99	7.26607 18.0052 0.300209	
21	7.26413 17.9939 0.302611	
21.01	7.27859 17.9786 0.299072	
21.02	7.27647 17.9626 0.300456	
21.03	7.2968 17.9466 0.302961	
21.04	7.30195 17.9313 0.314542	
21.05	7.31014 17.9117 0.324222	
21.06	7.31443 17.8918 0.32257	
21.07	7.32365 17.8747 0.348872	
21.08	7.32664 17.8551 0.360468	
21.09	7.32958 17.8365 0.378716	
21.1	7.33974 17.8147 0.400634	
21.11	7.33666 17.7885 0.396074	
21.12	7.34065 17.7616 0.402973	
21.13	7.34355 17.7426 0.415524	
21.14	7.34668 17.7264 0.419952	
21.15	7.34388 17.7077 0.425955	
21.16	7.35309 17.6948 0.446215	
21.17	7.39677 17.676 0.432456	
21.18	7.41395 17.6657 0.45833	
21.19	7.43863 17.6589 0.444544	
21.2	7.44533 17.6526 0.472927	
21.21	7.44803 17.6482 0.489999	
21.22	7.4511 17.6446 0.512069	
21.23	7.45163 17.6436 0.534852	
21.24	7.44172 17.6426 0.550215	
21.25	7.44908 17.642 0.563042	
21.26	7.44998 17.643 0.570417	
21.27	7.45064 17.6417 0.580389	
21.28	7.45151 17.6358 0.576625	
21.29	7.45123 17.6297 0.57162	
21.3	7.43943 17.6303 0.569255	
21.31	7.44098 17.6221 0.567516	
21.32	7.44785 17.6163 0.560901	
21.33	7.4426 17.6066 0.549617	
21.34	7.44304 17.6003 0.542364	
21.35	7.43712 17.5936 0.534946	
21.36	7.43729 17.5884 0.535485	
21.37	7.43785 17.581 0.51925	
21.38	7.43811 17.5725 0.515063	
21.39	7.43855 17.563 0.502449	
21.4	7.44001 17.545 0.372719	
21.41	7.44122 17.5384 0.382989	
21.42	7.44028 17.5342 0.392794	
21.43	7.44053 17.5264 0.395109	
21.44	7.4408 17.5184 0.394607	
21.45	7.43472 17.5149 0.392443	
21.46	7.43515 17.5031 0.383332	
21.47	7.43515 17.4987 0.389778	
21.48	7.43554 17.4919 0.378379	
21.49	7.43588 17.4829 0.369807	
21.5	7.43603 17.475 0.368667	
21.51	7.43644 17.4679 0.354667	
21.52	7.43692 17.4556 0.33952	
21.53	7.43727 17.4464 0.328324	
21.54	7.43314 17.417 0.157573	
21.55	7.43332 17.41 0.166869	
21.56	7.43338 17.4035 0.178841	
21.57	7.43365 17.3925 0.187668	
21.58	7.4337 17.3882 0.195753	
21.59	7.43379 17.3834 0.200761	
21.6	7.42757 17.3781 0.203374	
21.61	7.43404 17.3732 0.203666	
21.62	7.42787 17.3674 0.202517	
21.63	7.42805 17.3619 0.199852	
21.64	7.42811 17.3593 0.200517	
21.65	7.42849 17.3524 0.187491	
21.66	7.42839 17.3508 0.194753	
21.67	7.42848 17.348 0.1931	
21.68	7.42876 17.344 0.182644	
21.69	7.42868 17.3422 0.188351	
21.7	7.42851 17.3463 0.188468	
21.71	7.42879 17.3422 0.176967	
21.72	7.42257 17.3389 0.173663	
21.73	7.42256 17.339 0.174515	
21.74	7.42901 17.3363 0.170596	
21.75	7.42267 17.336 0.171302	
21.76	7.42294 17.329 0.168722	
21.77	7.42293 17.3291 0.169105	
21.78	7.42305 17.326 0.164936	
21.79	7.41699 17.3187 0.162285	
21.8	7.41623 17.3115 0.159111	
21.81	7.42256 17.3119 0.159141	
21.82	7.4165 17.3046 0.156376	
21.83	7.41768 17.3007 0.158267	
21.84	7.41768 17.3007 0.158362	
21.85	7.424 17.2983 0.168031	
21.86	7.41779 17.2949 0.163747	
21.87	7.41708 17.2897 0.156617	
21.88	7.41823 17.2867 0.152505	
21.89	7.41747 17.2796 0.149159	
21.9	7.41759 17.2765 0.144696	
21.91	7.41786 17.2695 0.141672	
21.92	7.41826 17.2595 0.134149	
21.93	7.41853 17.2525 0.131118	
21.94	7.4188 17.2455 0.128071	
21.95	7.41908 17.2385 0.125025	
21.96	7.41317 17.2272 0.123584	
21.97	7.41993 17.2166 0.121851	
21.98	7.42024 17.2087 0.124775	
21.99	7.41525 17.2006 0.128188	
22	7.41495 17.1897 0.12614	
22.01	7.41624 17.1801 0.133194	
22.02	7.41018 17.1701 0.140068	
22.03	7.41557 17.1646 0.144836	
22.04	7.40953 17.1572 0.141955	
22.05	7.41082 17.1477 0.149022	
22.06	7.40532 17.1336 0.142965	
22.07	7.40572 17.12 0.151193	
22.08	7.39889 17.1101 0.157607	
22.09	7.40037 17.0985 0.162422	
22.1	7.39959 17.0887 0.168849	
22.11	7.39448 17.0819 0.180622	
22.12	7.39462 17.0753 0.191911	
22.13	7.39462 17.0726 0.2017	
22.14	7.38883 17.062 0.214506	
22.15	7.38204 17.0515 0.215319	
22.16	7.38219 17.0454 0.216779	
22.17	7.37765 17.0288 0.219706	
22.18	7.37201 17.0173 0.212992	
22.19	7.37144 17.001 0.219353	
22.2	7.36683 16.9868 0.220276	
22.21	7.35538 16.9605 0.225885	
22.22	7.33863 16.9473 0.218277	
22.23	7.25701 16.9283 0.232598	
22.24	7.26197 16.9125 0.251258	
22.25	7.27797 16.8958 0.286961	
22.26	7.28467 16.8701 0.295427	
22.27	7.28227 16.8535 0.326164	
22.28	7.20394 16.8334 0.353588	
22.29	7.23664 16.8146 0.362316	
22.3	7.23897 16.7967 0.384096	
22.31	7.21133 16.768 0.396106	
22.32	7.22161 16.743 0.406466	
22.33	7.22304 16.7164 0.408897	
22.34	7.22085 16.6904 0.425359	
22.35	7.21791 16.6649 0.4363	
22.36	7.20726 16.6428 0.445921	
22.37	7.19519 16.6198 0.447089	
22.38	7.19414 16.6022 0.454721	
22.39	7.19237 16.5898 0.457263	
22.4	7.18362 16.5773 0.459834	
22.41	7.18 16.5755 0.46346	
22.42	7.17052 16.5667 0.464602	
22.43	7.19077 16.5672 0.478505	
22.44	7.18183 16.5635 0.472291	
22.45	7.17937 16.5613 0.47446	
22.46	7.17732 16.561 0.473192	
22.47	7.17046 16.5605 0.472711	
22.48	7.17688 16.5647 0.473077	
22.49	7.17418 16.5644 0.471809	
22.5	7.17852 16.5624 0.474562	
22.51	7.17176 16.5619 0.474284	
22.52	7.17524 16.5591 0.468408	
22.53	7.16909 16.5587 0.468415	
22.54	7.16704 16.5584 0.467625	
22.55	7.16629 16.5554 0.462652	
22.56	7.16673 16.5525 0.458066	
22.57	7.16522 16.5494 0.452903	
22.58	7.17804 16.5499 0.452736	
22.59	7.17076 16.5465 0.447927	
22.6	7.17683 16.5436 0.443194	
22.61	7.18261 16.541 0.438218	
22.62	7.1887 16.5411 0.438121	
22.63	7.19499 16.5353 0.428859	
22.64	7.19632 16.5322 0.424789	
22.65	7.20156 16.5292 0.419824	
22.66	7.2121 16.5299 0.421426	
22.67	7.20237 16.5284 0.433015	
22.68	7.21204 16.5245 0.418318	
22.69	7.22018 16.5217 0.41222	
22.7	7.20349 16.5208 0.41285	
22.71	7.21687 16.5186 0.406523	
22.72	7.22377 16.5163 0.404067	
22.73	7.21762 16.5127 0.395455	
22.74	7.22659 16.5142 0.389796	
22.75	7.23005 16.5117 0.386978	
22.76	7.22004 16.5082 0.380672	
22.77	7.23384 16.5073 0.384258	
22.78	7.22301 16.5031 0.373985	
22.79	7.23124 16.4975 0.36247	
22.8	7.22287 16.4982 0.358834	
22.81	7.23094 16.4984 0.356566	
22.82	7.23123 16.4957 0.354602	
22.83	7.24472 16.4933 0.348522	
22.84	7.26125 16.4908 0.342453	
22.85	7.27456 16.4885 0.336097	
22.86	7.27771 16.4826 0.325455	
22.87	7.27469 16.4797 0.322389	
22.88	7.28396 16.4729 0.302956	
22.89	7.28119 16.4684 0.304474	
22.9	7.29102 16.4635 0.286568	
22.91	7.2809 16.4575 0.280497	
22.92	7.29683 16.4484 0.257019	
22.93	7.28209 16.4417 0.246804	
22.94	7.29859 16.434 0.231804	
22.95	7.29315 16.4277 0.222052	
22.96	7.29849 16.4187 0.214668	
22.97	7.30013 16.413 0.206324	
22.98	7.31052 16.4077 0.19578	
22.99	7.3068 16.4015 0.186165	
23	7.31691 16.3991 0.182019	
23.01	7.31938 16.3935 0.172696	
23.02	7.32915 16.3883 0.163326	
23.03	7.32018 16.3822 0.154433	
23.04	7.33642 16.3764 0.151443	
23.05	7.32577 16.3665 0.143085	
23.06	7.34281 16.358 0.135325	
23.07	7.3265 16.3477 0.127652	
23.08	7.34304 16.3329 0.116544	
23.09	7.32871 16.3163 0.106104	
23.1	7.34195 16.3041 0.0997479	
23.11	7.32956 16.2904 0.0938011	
23.12	7.34226 16.2746 0.0895323	
23.13	7.33045 16.2573 0.0852486	
23.14	7.34265 16.2415 0.0809425	
23.15	7.33118 16.227 0.0813061	
23.16	7.34309 16.2112 0.0770057	
23.17	7.33159 16.2015 0.0839731	
23.18	7.34371 16.1846 0.071381	
23.19	7.33231 16.1701 0.0717665	
23.2	7.34376 16.162 0.0787728	
23.21	7.33309 16.1448 0.07446	
23.22	7.34415 16.1318 0.0749325	
23.23	7.33342 16.1223 0.0819223	
23.24	7.34457 16.1093 0.0823808	
23.25	7.33404 16.0925 0.0927981	
23.26	7.34493 16.078 0.0968722	
23.27	7.33481 16.0601 0.099059	
23.28	7.33913 16.0516 0.106329	
23.29	7.34128 16.0367 0.110263	
23.3	7.33335 16.0274 0.117788	
23.31	7.34165 16.0188 0.109969	
23.32	7.33366 16.0096 0.116943	
23.33	7.34192 16.0011 0.109225	
23.34	7.32808 15.9914 0.116472	
23.35	7.34206 15.986 0.1132	
23.36	7.3229 15.9732 0.115658	
23.37	7.34143 15.9693 0.120244	
23.38	7.331 15.9557 0.114197	
23.39	7.3408 15.9537 0.110082	
23.4	7.33134 15.9454 0.111012	
23.41	7.34105 15.937 0.103399	
23.42	7.32566 15.9318 0.102485	
23.43	7.34104 15.9277 0.107382	
23.44	7.32648 15.9178 0.0995967	
23.45	7.34081 15.9125 0.0965214	
23.46	7.32709 15.9038 0.097168	
23.47	7.34052 15.9021 0.0924152	
23.48	7.32752 15.8962 0.0977994	
23.49	7.34069 15.8845 0.0918495	
23.5	7.32815 15.8748 0.0841965	
23.51	7.3341 15.8693 0.081222	
23.52	7.32849 15.8612 0.0818371	
23.53	7.33426 15.8531 0.0891613	
23.54	7.32306 15.8434 0.0818113	
23.55	7.34115 15.8397 0.0869986	
23.56	7.31699 15.8291 0.0791429	
23.57	7.33549 15.8217 0.0854705	
23.58	7.31765 15.808 0.0795296	
23.59	7.33625 15.798 0.0816059	
23.6	7.31769 15.7905 0.0783579	
23.61	7.33536 15.7805 0.0802034	
23.62	7.31345 15.7702 0.0728424	
23.63	7.33665 15.7632 0.0792827	
23.64	7.31287 15.7505 0.0820893	
23.65	7.33649 15.7398 0.0755179	
23.66	7.31373 15.7298 0.0831203	
23.67	7.33732 15.7191 0.076574	
23.68	7.31301 15.7095 0.0877868	
23.69	7.32435 15.6994 0.089117	
23.7	7.32721 15.6839 0.0844892	
23.71	7.31764 15.6734 0.0958601	
23.72	7.32205 15.6618 0.0898416	
23.73	7.31694 15.653 0.0964292	
23.74	7.32245 15.6412 0.0905372	
23.75	7.31153 15.6321 0.0979604	
23.76	7.31603 15.624 0.0899155	
23.77	7.31292 15.6154 0.0972243	
23.78	7.31529 15.606 0.0960443	
23.79	7.31437 15.599 0.112129	
23.8	7.30946 15.5925 0.109155	
23.81	7.31452 15.5845 0.116248	
23.82	7.30894 15.5758 0.123098	
23.83	7.30907 15.5679 0.130596	
23.84	7.30932 15.5631 0.136205	
23.85	7.30923 15.5522 0.138334	
23.86	7.30961 15.5428 0.137409	
23.87	7.30944 15.5357 0.152717	
23.88	7.30991 15.5263 0.151729	
23.89	7.303 15.5201 0.148686	
23.9	7.30971 15.5134 0.163819	
23.91	7.30373 15.5036 0.162552	
23.92	7.30336 15.4918 0.171719	
23.93	7.3041 15.4871 0.177453	
23.94	7.30339 15.4814 0.189247	
23.95	7.29964 15.4743 0.1937	
23.96	7.30265 15.4628 0.202169	
23.97	7.30019 15.4594 0.204764	
23.98	7.30351 15.4505 0.21818	
23.99	7.29939 15.4472 0.221572	
24	7.30467 15.437 0.211154	
24.01	7.2941 15.4351 0.229785	
24.02	7.30467 15.4311 0.220476	
24.03	7.29338 15.4242 0.229901	
24.04	7.3048 15.4172 0.224399	
24.05	7.28901 15.4131 0.229401	
24.06	7.30481 15.4104 0.226465	
24.07	7.28807 15.4034 0.233611	
24.08	7.30506 15.3956 0.220056	
24.09	7.28273 15.3886 0.233708	
24.1	7.30523 15.3818 0.221984	
24.11	7.27741 15.3743 0.235006	
24.12	7.31001 15.3667 0.212792	
24.13	7.27286 15.3622 0.253086	
24.14	7.31046 15.3523 0.207237	
24.15	7.27287 15.3482 0.252422	
24.16	7.30441 15.3293 0.208327	
24.17	7.26736 15.3225 0.258895	
24.18	7.29837 15.3044 0.195242	
24.19	7.25412 15.2946 0.251218	
24.2	7.2706 15.2868 0.280218	
24.21	7.15463 15.2824 0.382505	
24.22	7.28399 15.2676 0.390316	
24.23	7.17177 15.2455 0.374687	
24.24	7.23101 15.2366 0.397418	
24.25	7.19132 15.2184 0.398299	
24.26	7.20189 15.203 0.397296	
24.27	7.21072 15.1915 0.403081	
24.28	7.19931 15.1779 0.402522	
24.29	7.20348 15.1658 0.405232	
24.3	7.19977 15.1541 0.399993	
24.31	7.1973 15.1407 0.39577	
24.32	7.20623 15.1279 0.400699	
24.33	7.19328 15.1135 0.405184	
24.34	7.20457 15.1061 0.410954	
24.35	7.19086 15.0966 0.426596	
24.36	7.20288 15.0869 0.427308	
24.37	7.1955 15.0797 0.443102	
24.38	7.20074 15.0717 0.433729	
24.39	7.19618 15.0673 0.441527	
24.4	7.2012 15.0595 0.446666	
24.41	7.19123 15.0503 0.44829	
24.42	7.20556 15.0437 0.468625	
24.43	7.19274 15.0366 0.474685	
24.44	7.20235 15.0253 0.48889	
24.45	7.19578 15.0147 0.515483	
24.46	7.20263 15.0075 0.535955	
24.47	7.19759 14.9961 0.554756	
24.48	7.20154 14.9823 0.578566	
24.49	7.19883 14.9679 0.599512	
24.5	7.20123 14.9479 0.627261	
24.51	7.19945 14.9348 0.656759	
24.52	7.20135 14.916 0.692941	
24.53	7.20006 14.8999 0.724591	
24.54	7.20555 14.8805 0.752007	
24.55	7.19453 14.8633 0.804365	
24.56	7.20569 14.8402 0.826743	
24.57	7.20146 14.822 0.866936	
24.58	7.2004 14.8043 0.898058	
24.59	7.20815 14.7861 0.929663	
24.6	7.20045 14.7697 0.936044	
24.61	7.20543 14.7577 0.955448	
24.62	7.20086 14.746 0.970286	
24.63	7.2044 14.7332 0.97344	
24.64	7.20289 14.7278 0.984647	
24.65	7.20451 14.7208 0.982963	
24.66	7.19702 14.7151 0.982676	
24.67	7.21642 14.712 0.978937	
24.68	7.19112 14.7067 0.977152	
24.69	7.20508 14.7025 0.966845	
24.7	7.20544 14.6984 0.961866	
24.71	7.19677 14.6908 0.949927	
24.72	7.21134 14.6849 0.937431	
24.73	7.19969 14.6795 0.928433	
24.74	7.20873 14.6729 0.911714	
24.75	7.19995 14.6677 0.903162	
24.76	7.2073 14.661 0.887162	
24.77	7.20162 14.6547 0.882425	
24.78	7.20589 14.6467 0.85847	
24.79	7.20271 14.6396 0.845572	
24.8	7.20506 14.6295 0.831232	
24.81	7.19125 14.6221 0.81863	
24.82	7.21638 14.6185 0.803657	
24.83	7.19418 14.6084 0.800874	
24.84	7.20979 14.6021 0.785232	
24.85	7.2023 14.5978 0.78276	
24.86	7.20715 14.5904 0.762936	
24.87	7.20186 14.585 0.749122	
24.88	7.20574 14.5811 0.743345	
24.89	7.19911 14.5731 0.724043	
24.9	7.21192 14.569 0.711128	
24.91	7.19921 14.5617 0.699182	
24.92	7.20851 14.552 0.68218	
24.93	7.20212 14.5453 0.671168	
24.94	7.20748 14.5354 0.655502	
24.95	7.20312 14.531 0.648831	
24.96	7.20275 14.5253 0.643419	
24.97	7.20373 14.5209 0.634784	
24.98	7.20966 14.5126 0.63253	
24.99	7.20378 14.5056 0.642746	
25	7.20126 14.4928 0.633305	
25.01	7.20981 14.4855 0.633864	
25.02	7.21412 14.4701 0.638918	
25.03	7.19635 14.4582 0.64324	
25.04	7.21662 14.4378 0.644269	
25.05	7.19819 14.4166 0.639218	
25.06	7.22021 14.3949 0.65933	
25.07	7.19451 14.3724 0.672309	
25.08	7.22905 14.3522 0.677361	
25.09	7.18904 14.3363 0.70286	
25.1	7.24769 14.3184 0.719487	
25.11	7.18002 14.2933 0.739015	
25.12	7.25098 14.2772 0.738279	
25.13	7.19978 14.2498 0.750063	
25.14	7.29043 14.2376 0.751059	
25.15	7.23021 14.2173 0.750024	
25.16	7.25032 14.2034 0.751293	
25.17	7.23134 14.1899 0.739062	
25.18	7.24224 14.1783 0.737592	
25.19	7.22069 14.1665 0.715786	
25.2	7.22849 14.1593 0.70366	
25.21	7.21542 14.1532 0.697453	
25.22	7.22488 14.1474 0.682491	
25.23	7.21652 14.1385 0.662592	
25.24	7.21457 14.1319 0.64799	
25.25	7.22081 14.1262 0.632989	
25.26	7.20035 14.1199 0.627129	
25.27	7.2246 14.1129 0.605518	
25.28	7.20626 14.1055 0.590244	
25.29	7.21658 14.0978 0.57056	
25.3	7.21132 14.0934 0.560741	
25.31	7.21266 14.0882 0.542281	
25.32	7.20667 14.0848 0.541783	
25.33	7.21376 14.079 0.526061	
25.34	7.21271 14.0751 0.516871	
25.35	7.20658 14.0682 0.501127	
25.36	7.21294 14.0646 0.491182	
25.37	7.21267 14.0606 0.481196	
25.38	7.20611 14.0539 0.466143	
25.39	7.21193 14.0481 0.450436	
25.4	7.19981 14.0438 0.44148	
25.41	7.23812 14.0416 0.413625	
25.42	7.2019 14.0379 0.411037	
25.43	7.21991 14.0301 0.389191	
25.44	7.20786 14.02 0.358876	
25.45	7.22142 14.0164 0.344064	
25.46	7.23381 14.0094 0.315646	
25.47	7.2525 14.0052 0.291794	
25.48	7.26394 13.9994 0.260185	
25.49	7.2613 13.995 0.230084	
25.5	7.26334 13.9887 0.194717	
25.51	7.27536 13.9881 0.162237	
25.52	7.2625 13.9827 0.116893	
25.53	7.27001 13.9781 0.0787045	
25.54	7.27665 13.9688 0.0549087	
25.55	7.26531 13.9622 0.0252872	
25.56	7.272 13.9606 -0.000258573	
25.57	7.27762 13.9552 -0.0162033	
25.58	7.28963 13.9469 -0.0454481	
25.59	7.29343 13.9425 -0.0684958	
25.6	7.30391 13.9361 -0.0924795	
25.61	7.313 13.927 -0.118649	
25.62	7.32377 13.9192 -0.135871	
25.63	7.33209 13.9073 -0.175412	
25.64	7.34226 13.8938 -0.21946	
25.65	7.35141 13.8836 -0.248044	
25.66	7.36561 13.8752 -0.274656	
25.67	7.37967 13.8622 -0.304133	
25.68	7.39332 13.8528 -0.338877	
25.69	7.41424 13.843 -0.370416	
25.7	7.43517 13.8276 -0.42882	
25.71	7.46077 13.8149 -0.470928	
25.72	7.48639 13.7996 -0.526479	
25.73	7.50619 13.7828 -0.590363	
25.74	7.53265 13.7707 -0.63214	
25.75	7.55338 13.756 -0.69055	
25.76	7.57298 13.7424 -0.741014	
25.77	7.59432 13.7349 -0.779557	
25.78	7.6274 13.7192 -0.840387	
25.79	7.65061 13.7062 -0.890356	
25.8	7.68359 13.694 -0.940831	
25.81	7.71284 13.6803 -0.995981	
25.82	7.74857 13.6687 -1.04933	
25.83	7.78141 13.6598 -1.08635	
25.84	7.82218 13.6489 -1.13992	
25.85	7.85524 13.6405 -1.17999	
25.86	7.8982 13.6355 -1.22206	
25.87	7.94344 13.6339 -1.26668	
25.88	7.98339 13.6348 -1.29759	
25.89	8.04404 13.6362 -1.35561	
25.9	8.08419 13.639 -1.38425	
25.91	8.14948 13.6452 -1.42351	
25.92	8.21039 13.6541 -1.44872	
25.93	8.2954 13.668 -1.47951	
25.94	8.37043 13.6815 -1.51238	
25.95	8.49128 13.7096 -1.56161	
25.96	8.58355 13.7375 -1.60162	
25.97	8.70768 13.7826 -1.66023	
25.98	8.81429 13.8301 -1.72377	
25.99	8.95265 13.8897 -1.81627	
26	9.06579 13.9525 -1.88937	
26.01	9.15749 14.0009 -1.93907	
26.02	9.25987 14.0573 -1.99498	
26.03	9.37951 14.1232 -2.06297	
26.04	9.46995 14.1908 -2.10909	
26.05	9.58771 14.276 -2.15575	
26.06	9.68245 14.3611 -2.19139	
26.07	9.79934 14.4813 -2.22415	
26.08	9.89318 14.5781 -2.26009	
26.09	9.9946 14.6956 -2.29579	
26.1	10.0853 14.8042 -2.32921	
26.11	10.1556 14.8984 -2.344	
26.12	10.2304 14.9904 -2.38015	
26.13	10.3019 15.0878 -2.41206	
26.14	10.3655 15.1892 -2.43084	
26.15	10.4262 15.2932 -2.44131	
26.16	10.4891 15.3956 -2.46759	
26.17	10.5724 15.5581 -2.47979	
26.18	10.6194 15.6713 -2.50385	
26.19	10.6818 15.8136 -2.52143	
26.2	10.7339 15.9755 -2.54362	
26.21	10.7641 16.0821 -2.56011	
26.22	10.8042 16.2181 -2.58191	
26.23	10.8342 16.3655 -2.602	
26.24	10.8571 16.5123 -2.6271	
26.25	10.8864 16.6641 -2.65974	
26.26	10.9059 16.8229 -2.68543	
26.27	10.9327 16.9991 -2.72198	
26.28	10.9426 17.182 -2.76414	
26.29	10.9529 17.3124 -2.79725	
26.3	10.9527 17.4741 -2.81849	
26.31	10.9498 17.6005 -2.83535	
26.32	10.9504 17.7545 -2.85752	
26.33	10.9395 17.9179 -2.87878	
26.34	10.9288 18.0831 -2.89859	
26.35	10.9125 18.2446 -2.93052	
26.36	10.8881 18.4369 -2.95679	
26.37	10.8744 18.5719 -2.98494	
26.38	10.8517 18.709 -3.00497	
26.39	10.8389 18.8734 -3.04164	
26.4	10.8069 19.0395 -3.07487	
26.41	10.7837 19.1785 -3.10996	
26.42	10.7399 19.373 -3.17283	
26.43	10.7038 19.5185 -3.21095	
26.44	10.6673 19.6575 -3.26107	
26.45	10.6209 19.8218 -3.31528	
26.46	10.5673 19.9854 -3.3864	
26.47	10.5264 20.1191 -3.4593	
26.48	10.4694 20.2706 -3.54049	
26.49	10.396 20.4021 -3.63359	
26.5	10.3276 20.5307 -3.72479	
26.51	10.2559 20.6483 -3.8142	
26.52	10.1868 20.7464 -3.88104	
26.53	10.1103 20.8611 -3.96305	
26.54	10.0118 21.002 -4.05071	
26.55	9.93831 21.0948 -4.11398	
26.56	9.85131 21.2189 -4.17818	
26.57	9.76786 21.3472 -4.24532	
26.58	9.70419 21.4527 -4.29168	
26.59	9.63153 21.5873 -4.33929	
26.6	9.55043 21.7217 -4.38577	
26.61	9.48179 21.8307 -4.42087	
26.62	9.40546 21.9601 -4.46468	
26.63	9.33927 22.0731 -4.50505	
26.64	9.28299 22.1828 -4.53282	
26.65	9.21105 22.3127 -4.56047	
26.66	9.13322 22.443 -4.59076	
26.67	9.08056 22.5491 -4.6113	
26.68	9.00351 22.6759 -4.63201	
26.69	8.9173 22.8036 -4.63198	
26.7	8.84942 22.905 -4.6431	
26.71	8.77263 23.0342 -4.64114	
26.72	8.689 23.1663 -4.64179	
26.73	8.63087 23.2475 -4.65076	
26.74	8.52714 23.3904 -4.65948	
26.75	8.4505 23.4945 -4.67476	
26.76	8.37607 23.5962 -4.69348	
26.77	8.24113 23.7722 -4.73827	
26.78	8.17053 23.8615 -4.77288	
26.79	8.10542 23.9391 -4.80563	
26.8	8.02343 24.0368 -4.84064	
26.81	7.95386 24.1185 -4.87871	
26.82	7.87599 24.2213 -4.91859	
26.83	7.80276 24.3182 -4.95524	
26.84	7.74657 24.3992 -4.9878	
26.85	7.6908 24.4804 -5.01972	
26.86	7.61219 24.5973 -5.05672	
26.87	7.55728 24.6812 -5.07901	
26.88	7.505 24.7878 -5.10248	
26.89	7.44787 24.8923 -5.13309	
26.9	7.39982 24.98 -5.14517	
26.91	7.34701 25.1163 -5.16525	
26.92	7.29119 25.2354 -5.17767	
26.93	7.24994 25.335 -5.19891	
26.94	7.19578 25.4558 -5.21991	
26.95	7.14592 25.61 -5.25105	
26.96	7.10144 25.7243 -5.26361	
26.97	7.06066 25.8495 -5.28649	
26.98	7.02655 25.959 -5.30632	
26.99	6.99439 26.0638 -5.33744	
27	6.95802 26.1967 -5.37196	
27.01	6.93487 26.3118 -5.40114	
27.02	6.90472 26.4354 -5.43592	
27.03	6.88518 26.542 -5.46947	
27.04	6.87438 26.6668 -5.51304	
27.05	6.86469 26.7744 -5.54441	
27.06	6.85259 26.8956 -5.57954	
27.07	6.84983 26.9984 -5.61114	
27.08	6.8389 27.1093 -5.63431	
27.09	6.8265 27.2526 -5.67739	
27.1	6.82117 27.3558 -5.70536	
27.11	6.80808 27.4708 -5.72574	
27.12	6.78601 27.6279 -5.77401	
27.13	6.77485 27.7299 -5.81193	
27.14	6.75582 27.8263 -5.85786	
27.15	6.73631 27.952 -5.90852	
27.16	6.71827 28.091 -5.95682	
27.17	6.69928 28.1956 -6.01437	
27.18	6.68595 28.3365 -6.11017	
27.19	6.67068 28.4388 -6.18382	
27.2	6.65844 28.5373 -6.26919	
27.21	6.6545 28.6278 -6.39376	
27.22	6.65193 28.7111 -6.54015	
27.23	6.64905 28.8033 -6.65631	
27.24	6.66375 28.8889 -6.80537	
27.25	6.67804 28.9712 -6.93174	
27.26	6.68445 29.0525 -7.06546	
27.27	6.69582 29.1337 -7.22919	
27.28	6.70581 29.2073 -7.36591	
27.29	6.71955 29.2889 -7.50121	
27.3	6.72472 29.4231 -7.62116	
27.31	6.71737 29.5687 -7.69343	
27.32	6.69767 29.6933 -7.74166	
27.33	6.67588 29.8469 -7.7974	
27.34	6.65342 29.9617 -7.8563	
27.35	6.61919 30.0841 -7.96535	
27.36	6.59477 30.2249 -8.07579	
27.37	6.57622 30.3275 -8.11104	
27.38	6.57983 30.0334 -8.56034	
27.39	6.57508 30.0323 -8.56279	
27.4	6.5572 30.0279 -8.57238	
27.41	6.54883 30.0258 -8.57706	
27.42	6.54605 30.0251 -8.57863	
27.43	6.52951 30.0181 -8.59625	
27.44	6.52224 30.0187 -8.59272	
27.45	6.51953 30.0179 -8.59439	
27.46	6.51412 30.0164 -8.59776	
27.47	6.50696 30.0117 -8.61025	
27.48	6.50628 30.0102 -8.61464	
27.49	6.50274 30.0065 -8.6249	
27.5	6.50561 30.0007 -8.64285	
27.51	6.50385 30.0002 -8.64403	
27.52	6.48928 30.0064 -8.62192	
27.53	6.49862 30.0039 -8.63175	
27.54	6.48404 30.0048 -8.6255	
27.55	6.48873 30.0075 -8.61854	
27.56	6.47969 30.0034 -8.62851	
27.57	6.47883 30.0032 -8.62911	
27.58	6.4771 30.0026 -8.63033	
27.59	6.4771 30.0026 -8.63033	
27.6	6.47623 30.005 -8.62302	
27.61	6.47451 30.0044 -8.62424	
27.62	6.47451 30.0044 -8.62424	
27.63	6.47365 30.0041 -8.62485	
27.64	6.47279 30.0039 -8.62546	
27.65	6.47193 30.0036 -8.62607	
27.66	6.47021 30.003 -8.6273	
27.67	6.4685 30.0051 -8.62062	
27.68	6.46679 30.0019 -8.62978	
27.69	6.46423 30.0037 -8.62372	
27.7	6.46253 30.0058 -8.61705	
27.71	6.45999 30.0076 -8.611	
27.72	6.45017 30.0058 -8.61378	
27.73	6.44764 30.0076 -8.60776	
27.74	6.44513 30.0067 -8.60968	
27.75	6.43534 30.0075 -8.60458	
27.76	6.43932 29.9941 -8.64585	
27.77	6.42959 29.9949 -8.64079	
27.78	6.43269 29.9944 -8.64313	
27.79	6.43023 29.9935 -8.64509	
27.8	6.42055 29.9916 -8.64799	
27.81	6.43009 29.9891 -8.65801	
27.82	6.42846 29.9885 -8.65934	
27.83	6.42522 29.9873 -8.66201	
27.84	6.42441 29.987 -8.66267	
27.85	6.41559 29.9837 -8.6701	
27.86	6.40924 29.9812 -8.67556	
27.87	6.40845 29.9809 -8.67625	
27.88	6.40062 29.9777 -8.68318	
27.89	6.39596 29.9758 -8.68738	
27.9	6.39596 29.9758 -8.68738	
27.91	6.39365 29.9749 -8.68949	
27.92	6.39288 29.9746 -8.6902	
27.93	6.39134 29.9739 -8.69161	
27.94	6.39906 29.9771 -8.68457	
27.95	6.39425 29.977 -8.68346	
27.96	6.40531 29.9796 -8.67901	
27.97	6.41479 29.9833 -8.67078	
27.98	6.41401 29.9821 -8.6742	
27.99	6.41722 29.986 -8.66361	
28	6.4157 29.9845 -8.66778	
28.01	6.41813 29.9854 -8.66578	
28.02	6.41419 29.9856 -8.66407	
28.03	6.41667 29.9838 -8.67	
28.04	6.4191 29.9874 -8.66013	
28.05	6.42077 29.9853 -8.66673	
28.06	6.41603 29.9852 -8.66569	
28.07	6.42409 29.9838 -8.67203	
28.08	6.42572 29.9871 -8.66283	
28.09	6.42658 29.9847 -8.67009	
28.1	6.42185 29.9846 -8.66907	
28.11	6.42268 29.9849 -8.66842	
28.12	6.42352 29.9852 -8.66778	
28.13	6.45073 29.9965 -8.64174	
28.14	6.45157 29.9941 -8.64901	
28.15	6.44516 29.9935 -8.64927	
28.16	6.446 29.9938 -8.64863	
28.17	6.44599 29.9964 -8.64072	
28.18	6.44684 29.994 -8.64799	
28.19	6.44684 29.994 -8.64799	
28.2	6.44768 29.9943 -8.64736	
28.21	6.44852 29.9946 -8.64672	
28.22	6.44852 29.9946 -8.64672	
28.23	6.44852 29.9946 -8.64672	
28.24	6.44936 29.9949 -8.64609	
28.25	6.44936 29.9949 -8.64609	
28.26	6.44936 29.9949 -8.64609	
28.27	6.44936 29.9949 -8.64609	
28.28	6.44936 29.9949 -8.64609	
28.29	6.44936 29.9949 -8.64609	
28.3	6.44936 29.9949 -8.64609	
28.31	6.45021 29.9925 -8.65337	
28.32	6.4502 29.9952 -8.64546	
28.33	6.4438 29.9945 -8.64571	
28.34	6.4438 29.9945 -8.64571	
28.35	6.4438 29.9945 -8.64571	
28.36	6.4502 29.9952 -8.64546	
28.37	6.4502 29.9952 -8.64546	
28.38	6.4502 29.9952 -8.64546	
28.39	6.4502 29.9952 -8.64546	
28.4	6.45105 29.9928 -8.65273	
28.41	6.44381 29.9919 -8.65362	
28.42	6.4502 29.9952 -8.64546	
28.43	6.4502 29.9952 -8.64546	
28.44	6.4502 29.9952 -8.64546	
28.45	6.45105 29.9955 -8.64482	
28.46	6.45105 29.9955 -8.64482	
28.47	6.45105 29.9955 -8.64482	
28.48	6.45105 29.9955 -8.64482	
28.49	6.44464 29.9948 -8.64508	
28.5	6.45105 29.9955 -8.64482	
28.51	6.4502 29.9952 -8.64546	
28.52	6.4502 29.9952 -8.64546	
28.53	6.45105 29.9928 -8.65273	
28.54	6.45105 29.9928 -8.65273	
28.55	6.44465 29.9922 -8.65299	
28.56	6.4502 29.9952 -8.64546	
28.57	6.45021 29.9925 -8.65337	
28.58	6.4502 29.9952 -8.64546	
28.59	6.45105 29.9955 -8.64482	
28.6	6.4502 29.9952 -8.64546	
28.61	6.4502 29.9952 -8.64546	
28.62	6.4438 29.9945 -8.64571	
28.63	6.4502 29.9952 -8.64546	
28.64	6.4502 29.9952 -8.64546	
28.65	6.45105 29.9928 -8.65273	
28.66	6.4502 29.9952 -8.64546	
28.67	6.4502 29.9952 -8.64546	
28.68	6.4502 29.9952 -8.64546	
28.69	6.45021 29.9925 -8.65337	
28.7	6.45021 29.9925 -8.65337	
28.71	6.45105 29.9955 -8.64482	
28.72	6.45021 29.9925 -8.65337	
28.73	6.45105 29.9928 -8.65273	
28.74	6.45105 29.9955 -8.64482	
28.75	6.45105 29.9928 -8.65273	
28.76	6.45021 29.9925 -8.65337	
28.77	6.45021 29.9925 -8.65337	
28.78	6.45105 29.9955 -8.64482	
28.79	6.45105 29.9955 -8.64482	
28.8	6.4502 29.9952 -8.64546	
28.81	6.45105 29.9955 -8.64482	
28.82	6.45105 29.9955 -8.64482	
28.83	6.45105 29.9928 -8.65273	
28.84	6.44464 29.9948 -8.64508	
28.85	6.45021 29.9925 -8.65337	
28.86	6.45021 29.9925 -8.65337	
28.87	6.44381 29.9919 -8.65362	
28.88	6.44381 29.9919 -8.65362	
28.89	6.44381 29.9919 -8.65362	
28.9	6.44465 29.9922 -8.65299	
28.91	6.45105 29.9955 -8.64482	
28.92	6.45105 29.9955 -8.64482	
28.93	6.45021 29.9925 -8.65337	
28.94	6.45021 29.9925 -8.65337	
28.95	6.45021 29.9925 -8.65337	
28.96	6.45021 29.9925 -8.65337	
28.97	6.45021 29.9925 -8.65337	
28.98	6.4502 29.9952 -8.64546	
28.99	6.45021 29.9925 -8.65337	
29	6.45021 29.9925 -8.65337	
29.01	6.45105 29.9928 -8.65273	
29.02	6.44464 29.9948 -8.64508	
29.03	6.45105 29.9928 -8.65273	
29.04	6.45021 29.9925 -8.65337	
29.05	6.45021 29.9925 -8.65337	
29.06	6.45105 29.9955 -8.64482	
29.07	6.4502 29.9952 -8.64546	
29.08	6.45021 29.9925 -8.65337	
29.09	6.45105 29.9955 -8.64482	
29.1	6.44464 29.9948 -8.64508	
29.11	6.4438 29.9945 -8.64571	
29.12	6.45021 29.9925 -8.65337	
29.13	6.45021 29.9925 -8.65337	
29.14	6.45105 29.9928 -8.65273	
29.15	6.44465 29.9922 -8.65299	
29.16	6.45105 29.9928 -8.65273	
29.17	6.45021 29.9925 -8.65337	
29.18	6.45021 29.9925 -8.65337	
29.19	6.45021 29.9925 -8.65337	
29.2	6.45105 29.9928 -8.65273	
29.21	6.45021 29.9925 -8.65337	
29.22	6.44464 29.9948 -8.64508	
29.23	6.45021 29.9925 -8.65337	
29.24	6.45021 29.9925 -8.65337	
29.25	6.45021 29.9925 -8.65337	
29.26	6.45021 29.9925 -8.65337	
29.27	6.44465 29.9922 -8.65299	
29.28	6.45021 29.9925 -8.65337	
29.29	6.45105 29.9928 -8.65273	
29.3	6.45021 29.9925 -8.65337	
29.31	6.45021 29.9925 -8.65337	
29.32	6.44381 29.9919 -8.65362	
29.33	6.44381 29.9919 -8.65362	
29.34	6.45105 29.9928 -8.65273	
29.35	6.45021 29.9925 -8.65337	
29.36	6.45021 29.9925 -8.65337	
29.37	6.44381 29.9919 -8.65362	
29.38	6.44381 29.9919 -8.65362	
29.39	6.45105 29.9928 -8.65273	
29.4	6.45105 29.9928 -8.65273	
29.41	6.44465 29.9922 -8.65299	
29.42	6.45105 29.9928 -8.65273	
29.43	6.45105 29.9928 -8.65273	
29.44	6.45021 29.9925 -8.65337	
29.45	6.45021 29.9925 -8.65337	
29.46	6.4502 29.9952 -8.64546	
29.47	6.45105 29.9928 -8.65273	
29.48	6.45021 29.9925 -8.65337	
29.49	6.45021 29.9925 -8.65337	
29.5	6.45021 29.9925 -8.65337	
29.51	6.45105 29.9928 -8.65273	
29.52	6.45105 29.9955 -8.64482	
29.53	6.45021 29.9925 -8.65337	
29.54	6.45021 29.9925 -8.65337	
29.55	6.45021 29.9925 -8.65337	
29.56	6.45021 29.9925 -8.65337	
29.57	6.45021 29.9925 -8.65337	
29.58	6.45021 29.9925 -8.65337	
29.59	6.45105 29.9928 -8.65273	
29.6	6.45105 29.9928 -8.65273	
29.61	6.45021 29.9925 -8.65337	
29.62	6.45021 29.9925 -8.65337	
29.63	6.45021 29.9925 -8.65337	
29.64	6.45105 29.9928 -8.65273	
29.65	6.44465 29.9922 -8.65299	
29.66	6.45105 29.9928 -8.65273	
29.67	6.44465 29.9922 -8.65299	
29.68	6.45105 29.9928 -8.65273	
29.69	6.45021 29.9925 -8.65337	
29.7	6.45105 29.9928 -8.65273	
29.71	6.45021 29.9925 -8.65337	
29.72	6.45021 29.9925 -8.65337	
29.73	6.45105 29.9928 -8.65273	
29.74	6.45105 29.9928 -8.65273	
29.75	6.45021 29.9925 -8.65337	
29.76	6.45105 29.9955 -8.64482	
29.77	6.4502 29.9952 -8.64546	
29.78	6.45021 29.9925 -8.65337	
29.79	6.44381 29.9919 -8.65362	
29.8	6.45105 29.9928 -8.65273	
29.81	6.45105 29.9928 -8.65273	
29.82	6.45021 29.9925 -8.65337	
29.83	6.45105 29.9928 -8.65273	
29.84	6.45105 29.9928 -8.65273	
29.85	6.45021 29.9925 -8.65337	
29.86	6.45021 29.9925 -8.65337	
29.87	6.45021 29.9925 -8.65337	
29.88	6.44381 29.9919 -8.65362	
29.89	6.45021 29.9925 -8.65337	
29.9	6.45021 29.9925 -8.65337	
29.91	6.45021 29.9925 -8.65337	
29.92	6.45021 29.9925 -8.65337	
29.93	6.45105 29.9928 -8.65273	
29.94	6.45105 29.9928 -8.65273	
29.95	6.45021 29.9925 -8.65337	
29.96	6.45021 29.9925 -8.65337	
29.97	6.45105 29.9928 -8.65273	
29.98	6.45105 29.9928 -8.65273	
29.99	6.44381 29.9919 -8.65362	
30	6.45021 29.9925 -8.65337	
30.01	6.45021 29.9925 -8.65337	
30.02	6.45021 29.9925 -8.65337	
30.03	6.45021 29.9925 -8.65337	
30.04	6.45021 29.9925 -8.65337	
30.05	6.45021 29.9925 -8.65337	
30.06	6.45105 29.9928 -8.65273	
30.07	6.45021 29.9925 -8.65337	
30.08	6.44465 29.9922 -8.65299	
30.09	6.45105 29.9928 -8.65273	
30.1	6.45105 29.9928 -8.65273	
30.11	6.45105 29.9928 -8.65273	
30.12	6.45022 29.9898 -8.66127	
30.13	6.45021 29.9925 -8.65337	
30.14	6.45021 29.9925 -8.65337	
30.15	6.45021 29.9925 -8.65337	
30.16	6.45105 29.9928 -8.65273	
30.17	6.45021 29.9925 -8.65337	
30.18	6.45105 29.9928 -8.65273	
30.19	6.45105 29.9928 -8.65273	
30.2	6.44465 29.9922 -8.65299	
30.21	6.44465 29.9922 -8.65299	
30.22	6.45021 29.9925 -8.65337	
30.23	6.45021 29.9925 -8.65337	
30.24	6.45021 29.9925 -8.65337	
30.25	6.45021 29.9925 -8.65337	
30.26	6.45105 29.9928 -8.65273	
30.27	6.45021 29.9925 -8.65337	
30.28	6.44465 29.9922 -8.65299	
30.29	6.45105 29.9928 -8.65273	
30.3	6.45105 29.9928 -8.65273	
30.31	6.45021 29.9925 -8.65337	
30.32	6.44381 29.9919 -8.65362	
30.33	6.45021 29.9925 -8.65337	
30.34	6.45105 29.9928 -8.65273	
30.35	6.45105 29.9928 -8.65273	
30.36	6.45105 29.9928 -8.65273	
30.37	6.45021 29.9925 -8.65337	
30.38	6.45021 29.9925 -8.65337	
30.39	6.45105 29.9928 -8.65273	
30.4	6.44381 29.9919 -8.65362	
30.41	6.45021 29.9925 -8.65337	
30.42	6.45021 29.9925 -8.65337	
30.43	6.45105 29.9928 -8.65273	
30.44	6.45021 29.9925 -8.65337	
30.45	6.45021 29.9925 -8.65337	
30.46	6.45105 29.9928 -8.65273	
30.47	6.45021 29.9925 -8.65337	
30.48	6.45021 29.9925 -8.65337	
30.49	6.44381 29.9919 -8.65362	
30.5	6.45105 29.9928 -8.65273	
30.51	6.45105 29.9928 -8.65273	
30.52	6.45105 29.9928 -8.65273	
30.53	6.45021 29.9925 -8.65337	
30.54	6.45105 29.9928 -8.65273	
30.55	6.45021 29.9925 -8.65337	
30.56	6.45021 29.9925 -8.65337	
30.57	6.45105 29.9928 -8.65273	
30.58	6.45105 29.9928 -8.65273	
30.59	6.45105 29.9928 -8.65273	
30.6	6.45105 29.9928 -8.65273	
30.61	6.45021 29.9925 -8.65337	
30.62	6.45105 29.9928 -8.65273	
30.63	6.45105 29.9928 -8.65273	
30.64	6.45021 29.9925 -8.65337	
30.65	6.45105 29.9928 -8.65273	
30.66	6.45105 29.9928 -8.65273	
30.67	6.45021 29.9925 -8.65337	
30.68	6.44381 29.9919 -8.65362	
30.69	6.45021 29.9925 -8.65337	
30.7	6.45105 29.9928 -8.65273	
30.71	6.45021 29.9925 -8.65337	
30.72	6.45105 29.9928 -8.65273	
30.73	6.45021 29.9925 -8.65337	
30.74	6.45021 29.9925 -8.65337	
30.75	6.44381 29.9919 -8.65362	
30.76	6.45021 29.9925 -8.65337	
30.77	6.45021 29.9925 -8.65337	
30.78	6.45021 29.9925 -8.65337	
30.79	6.45021 29.9925 -8.65337	
30.8	6.44381 29.9919 -8.65362	
30.81	6.44381 29.9919 -8.65362	
30.82	6.44381 29.9919 -8.65362	
30.83	6.45021 29.9925 -8.65337	
30.84	6.45105 29.9928 -8.65273	
30.85	6.45105 29.9928 -8.65273	
30.86	6.45105 29.9928 -8.65273	
30.87	6.44465 29.9922 -8.65299	
30.88	6.44465 29.9922 -8.65299	
30.89	6.45105 29.9928 -8.65273	
30.9	6.45021 29.9925 -8.65337	
30.91	6.44465 29.9922 -8.65299	
30.92	6.44381 29.9919 -8.65362	
30.93	6.45105 29.9928 -8.65273	
30.94	6.45021 29.9925 -8.65337	
30.95	6.45105 29.9928 -8.65273	
30.96	6.45021 29.9925 -8.65337	
30.97	6.45021 29.9925 -8.65337	
30.98	6.45021 29.9925 -8.65337	
30.99	6.45021 29.9925 -8.65337	
31	6.45021 29.9925 -8.65337	
31.01	6.44381 29.9919 -8.65362	
31.02	6.45021 29.9925 -8.65337	
31.03	6.45105 29.9928 -8.65273	
31.04	6.45105 29.9928 -8.65273	
31.05	6.45105 29.9928 -8.65273	
31.06	6.45106 29.9901 -8.66064	
31.07	6.45105 29.9928 -8.65273	
31.08	6.45021 29.9925 -8.65337	
31.09	6.45021 29.9925 -8.65337	
31.1	6.45021 29.9925 -8.65337	
31.11	6.45021 29.9925 -8.65337	
31.12	6.45105 29.9928 -8.65273	
31.13	6.45021 29.9925 -8.65337	
31.14	6.44381 29.9919 -8.65362	
31.15	6.45021 29.9925 -8.65337	
31.16	6.45105 29.9928 -8.65273	
31.17	6.45105 29.9928 -8.65273	
31.18	6.45105 29.9928 -8.65273	
31.19	6.45021 29.9925 -8.65337	
31.2	6.45021 29.9925 -8.65337	
31.21	6.45021 29.9925 -8.65337	
31.22	6.45021 29.9925 -8.65337	
31.23	6.45105 29.9928 -8.65273	
31.24	6.45021 29.9925 -8.65337	
31.25	6.45021 29.9925 -8.65337	
31.26	6.45105 29.9928 -8.65273	
31.27	6.45105 29.9928 -8.65273	
31.28	6.45106 29.9901 -8.66064	
31.29	6.45021 29.9925 -8.65337	
31.3	6.45021 29.9925 -8.65337	
31.31	6.45021 29.9925 -8.65337	
31.32	6.45021 29.9925 -8.65337	
31.33	6.45021 29.9925 -8.65337	
31.34	6.45021 29.9925 -8.65337	
