# Gnuplot File : velocities of 1 particle(s) Monitored
# 1st Column : time, others : particle(s) number 0 
0.01	0 0 -0.0365586	
0.02	2.35414e-17 0 -0.0632893	
0.03	4.07542e-17 0 -0.082834	
0.04	2.97981e-17 0 -0.0971245	
0.05	2.17881e-17 0 -0.107573	
0.06	1.5836e-17 0 -0.115213	
0.07	1.15788e-17 0 -0.120799	
0.08	8.4661e-18 0 -0.124884	
0.09	2.97686e-17 0 -0.12787	
0.1	2.17663e-17 0 -0.130054	
0.11	1.58193e-17 0 -0.13165	
0.12	1.15668e-17 0 -0.132818	
0.13	8.45729e-18 0 -0.133671	
0.14	6.18373e-18 0 -0.134295	
0.15	4.52134e-18 0 -0.134752	
0.16	4.52132e-18 0 -0.134752	
0.17	4.52519e-18 0 -0.134752	
0.18	5.76269e-18 0 -0.134752	
0.19	5.74023e-18 0 -0.134752	
0.2	4.50779e-18 0 -0.134752	
0.21	4.28153e-18 0 -0.134752	
0.22	4.29383e-18 0 -0.134752	
0.23	4.73338e-18 0 -0.134752	
0.24	5.98919e-18 0 -0.134752	
0.25	6.71911e-18 0 -0.134752	
0.26	6.45886e-18 0 -0.134752	
0.27	5.66458e-18 0 -0.134752	
0.28	4.62594e-18 0 -0.134752	
0.29	4.26453e-18 0 -0.134752	
0.3	4.05035e-18 0 -0.134752	
0.31	4.22008e-18 0 -0.134752	
0.32	4.94265e-18 0 -0.134752	
0.33	5.6446e-18 0 -0.134752	
0.34	5.87922e-18 0 -0.134752	
0.35	6.05294e-18 0 -0.134752	
0.36	6.11565e-18 0 -0.134752	
0.37	6.48047e-18 0 -0.134752	
0.38	7.01584e-18 0 -0.134752	
0.39	7.11681e-18 0 -0.134752	
0.4	6.96797e-18 0 -0.134752	
0.41	6.25031e-18 0 -0.134752	
0.42	5.57031e-18 0 -0.134752	
0.43	4.58431e-18 0 -0.134752	
0.44	3.90795e-18 0 -0.134752	
0.45	3.75817e-18 0 -0.134752	
0.46	3.59608e-18 0 -0.134752	
0.47	-3.9911 0.635953 2.02604	
0.48	1.57287 1.40371 -0.512185	
0.49	2.71002 1.00568 -2.55598	
0.5	3.00632 1.03318 -2.91346	
0.51	2.47914 0.903918 -3.24259	
0.52	1.81821 0.642427 -2.39776	
0.53	1.32612 0.464675 -1.78199	
0.54	0.967633 0.344853 -1.34167	
0.55	2.26869 -0.422082 -2.14089	
0.56	1.65662 -0.301727 -1.60346	
0.57	2.028 -0.748675 -2.37565	
0.58	3.60603 -1.17802 -4.1824	
0.59	2.63515 -0.859098 -3.09382	
0.6	1.92626 -0.629137 -2.29757	
0.61	1.40811 -0.463359 -1.71446	
0.62	1.02971 -0.341375 -1.28906	
0.63	0.753297 -0.25308 -0.977917	
0.64	0.550803 -0.190055 -0.749187	
0.65	0.402937 -0.143411 -0.582461	
0.66	0.294521 -0.106916 -0.461325	
0.67	0.215335 -0.079552 -0.373189	
0.68	0.157391 -0.0589467 -0.308977	
0.69	0.115091 -0.0436787 -0.262209	
0.7	0.0841445 -0.0324146 -0.22804	
0.71	0.0615268 -0.0242034 -0.203056	
0.72	0.0450092 -0.0179707 -0.184924	
0.73	0.0329251 -0.013352 -0.171688	
0.74	0.0240877 -0.00982932 -0.162077	
0.75	0.017619 -0.00718958 -0.155072	
0.76	0.012891 -0.00524457 -0.14996	
0.77	0.00942501 -0.0038133 -0.146215	
0.78	0.00689149 -0.00276803 -0.143477	
0.79	0.00504142 -0.0019795 -0.141489	
0.8	0.00368798 -0.00140925 -0.140033	
0.81	0.00269736 -0.0010111 -0.138957	
0.82	0.00197161 -0.000728693 -0.138164	
0.83	0.0014418 -0.00052973 -0.137582	
0.84	0.00105401 -0.000384131 -0.137156	
0.85	0.00105373 -0.000377525 -0.137159	
0.86	0.00105332 -0.000371315 -0.137162	
0.87	0.00105313 -0.000368138 -0.137163	
0.88	0.00105278 -0.000365498 -0.137164	
0.89	0.00105263 -0.000364093 -0.137164	
0.9	0.00105263 -0.000364093 -0.137164	
0.91	0.00105261 -0.000363212 -0.137165	
0.92	0.00105255 -0.000361271 -0.137165	
0.93	0.00105238 -0.000362257 -0.137165	
0.94	0.00105231 -0.000363963 -0.137164	
0.95	0.0010523 -0.00036402 -0.137164	
0.96	0.00105208 -0.000364324 -0.137163	
0.97	0.00105219 -0.00036574 -0.137163	
0.98	0.00105218 -0.000366792 -0.137162	
0.99	0.00105213 -0.000366384 -0.137162	
1	0.00105203 -0.00036662 -0.137162	
1.01	0.00105202 -0.000366896 -0.137162	
1.02	0.00105196 -0.000367825 -0.137162	
1.03	0.0010519 -0.00036836 -0.137161	
1.04	0.00105185 -0.00037133 -0.13716	
1.05	0.00105183 -0.000373263 -0.137159	
1.06	0.00105179 -0.000375571 -0.137158	
1.07	0.00105169 -0.000377036 -0.137157	
1.08	0.00105165 -0.000377851 -0.137156	
1.09	0.00105177 -0.00037949 -0.137156	
1.1	0.00105183 -0.000379937 -0.137156	
1.11	0.00105185 -0.000379734 -0.137156	
1.12	0.00105165 -0.000379519 -0.137155	
1.13	0.00105195 -0.000380626 -0.137155	
1.14	0.00105201 -0.000380882 -0.137155	
1.15	0.00105188 -0.000379446 -0.137156	
1.16	0.00105184 -0.000380042 -0.137155	
1.17	0.0010523 -0.000380336 -0.137156	
1.18	0.00105238 -0.000380992 -0.137156	
1.19	0.00105312 -0.000383859 -0.137155	
1.2	0.00105427 -0.000389405 -0.137154	
1.21	0.00105508 -0.000390957 -0.137154	
1.22	0.00105553 -0.000387277 -0.137157	
1.23	0.00105608 -0.000386864 -0.137158	
1.24	0.00105684 -0.000386439 -0.137159	
1.25	0.00105671 -0.000382177 -0.137161	
1.26	0.00105667 -0.000375337 -0.137164	
1.27	0.00105665 -0.000370295 -0.137166	
1.28	0.00105702 -0.00036465 -0.137169	
1.29	0.00105707 -0.000357117 -0.137173	
1.3	0.00105686 -0.000350737 -0.137176	
1.31	0.00105686 -0.000345556 -0.137178	
1.32	0.001057 -0.000342707 -0.13718	
1.33	0.00105711 -0.000339463 -0.137182	
1.34	0.00105725 -0.000338589 -0.137182	
1.35	0.00105735 -0.000337191 -0.137183	
1.36	0.00105753 -0.000336596 -0.137184	
1.37	0.00105769 -0.000336641 -0.137184	
1.38	0.00105729 -0.000333669 -0.137185	
1.39	0.00105673 -0.000329563 -0.137186	
1.4	0.00105617 -0.000325366 -0.137187	
1.41	2.60466 1.28006 -0.612806	
1.42	3.36714 1.94123 -0.394333	
1.43	3.12526 2.00728 -0.320947	
1.44	4.23214 2.16666 -1.04563	
1.45	3.74937 2.66995 -0.561118	
1.46	4.39259 2.41179 -1.49224	
1.47	4.29857 3.02432 -1.54115	
1.48	2.22629 3.10254 -0.678172	
1.49	0.631742 3.36449 0.309767	
1.5	0.624929 3.64797 0.623076	
1.51	-1.89949 3.82439 1.91243	
1.52	-3.72269 2.82131 4.04551	
1.53	-4.15971 2.40452 4.30746	
1.54	-4.50013 1.33123 4.49336	
1.55	-3.4565 1.15723 3.77517	
1.56	-3.13553 0.65059 4.59276	
1.57	-2.02233 1.38499 4.09025	
1.58	-2.16412 0.775965 4.67486	
1.59	-1.41462 0.77691 4.08393	
1.6	-1.25501 0.775149 4.0278	
1.61	-1.60869 0.447756 4.74025	
1.62	-1.17828 0.336659 3.42742	
1.63	-0.823784 0.350063 2.68977	
1.64	-0.482987 0.346463 2.22438	
1.65	-0.337546 0.263878 1.62122	
1.66	-0.238431 0.3693 2.27898	
1.67	-0.184783 0.357496 2.31081	
1.68	-0.154647 0.308941 2.17221	
1.69	-0.0105054 0.261493 1.68669	
1.7	0.518959 0.567938 4.09897	
1.71	0.512872 0.439192 3.63354	
1.72	0.568044 0.450911 3.89354	
1.73	0.68939 0.54314 4.55534	
1.74	0.645624 0.436924 4.14926	
1.75	0.718311 0.461491 4.47786	
1.76	1.45238 0.550821 4.49354	
1.77	1.12237 0.200116 3.43552	
1.78	1.55911 0.475683 4.34299	
1.79	1.5738 0.398393 4.59715	
1.8	1.65569 0.10221 4.93372	
1.81	1.51636 0.128879 4.42106	
1.82	1.41145 0.268615 3.79993	
1.83	2.2658 0.524456 3.65941	
1.84	1.78551 0.524855 4.15587	
1.85	1.30458 0.387858 3.00112	
1.86	0.953137 0.286776 2.15702	
1.87	0.69698 0.209117 1.5406	
1.88	0.509636 0.152669 1.08987	
1.89	0.372848 0.110675 0.760544	
1.9	0.272779 0.0800589 0.51965	
1.91	0.199429 0.0586206 0.343374	
1.92	0.14585 0.0427697 0.214556	
1.93	0.106661 0.031262 0.120363	
1.94	0.0780314 0.0226849 0.0514976	
1.95	0.0571107 0.0163368 0.00115168	
1.96	0.0418104 0.011699 -0.0356675	
1.97	0.0305892 0.00847412 -0.0626182	
1.98	0.0223831 0.00611995 -0.0823262	
1.99	0.0163749 0.00443428 -0.0967443	
2	0.0119858 0.00318312 -0.107283	
2.01	0.00876483 0.00232308 -0.115	
2.02	0.00641014 0.00169112 -0.120642	
2.03	0.00468714 0.00123534 -0.124768	
2.04	0.00342672 0.000904704 -0.127786	
2.05	0.00250415 0.000667582 -0.129994	
2.06	0.00183051 0.000489373 -0.131607	
2.07	0.0013382 0.00035819 -0.132787	
2.08	0.000978075 0.000263152 -0.133649	
2.09	0.000715317 0.000191213 -0.134279	
2.1	0.000715196 0.000191383 -0.134279	
2.11	0.000714864 0.000193017 -0.134279	
2.12	0.000714781 0.000193387 -0.13428	
2.13	0.000714815 0.000192942 -0.13428	
2.14	0.000714941 0.000191898 -0.13428	
2.15	0.000714679 0.000193063 -0.13428	
2.16	0.000714675 0.000192818 -0.13428	
2.17	0.000714442 0.000193851 -0.13428	
2.18	0.000714518 0.000193336 -0.13428	
2.19	0.000713948 0.000196061 -0.134281	
2.2	-0.501892 0.399181 0.361647	
2.21	-3.1649 0.404241 2.01022	
2.22	-3.56505 0.979338 2.46259	
2.23	-3.09495 1.77957 1.43391	
2.24	-2.91643 2.45662 1.63817	
2.25	-3.92753 2.45051 1.4584	
2.26	-1.71001 3.11122 1.14664	
2.27	1.96661 3.25071 0.225998	
2.28	2.87223 3.11707 -0.0342005	
2.29	2.87992 2.82017 -0.0885125	
2.3	2.10481 2.06587 -0.101871	
2.31	1.53847 1.5103 -0.111186	
2.32	1.12466 1.10264 -0.117794	
2.33	0.82211 0.804699 -0.122631	
2.34	0.600885 0.585873 -0.126092	
2.35	0.439156 0.427053 -0.128709	
2.36	0.320981 0.31145 -0.13064	
2.37	0.234614 0.227011 -0.132047	
2.38	0.171497 0.165398 -0.133075	
2.39	0.125369 0.120833 -0.133859	
2.4	0.0916546 0.0883802 -0.134439	
2.41	0.0670296 0.06467 -0.134856	
2.42	0.0490125 0.0473757 -0.135168	
2.43	0.0358384 0.0347211 -0.135396	
2.44	0.0262012 0.0254503 -0.135562	
2.45	0.0191509 0.0186346 -0.135682	
2.46	0.014 0.0135973 -0.135764	
2.47	0.0102309 0.00994323 -0.135827	
2.48	0.0074754 0.00725997 -0.135873	
2.49	0.00546304 0.00528105 -0.135904	
2.5	0.00399265 0.00383987 -0.135926	
2.51	0.00291724 0.0027965 -0.135944	
2.52	0.00213087 0.00203888 -0.135957	
2.53	0.00155696 0.00148906 -0.135967	
2.54	0.00113782 0.00108758 -0.135974	
2.55	0.00113705 0.0010878 -0.135974	
2.56	0.0011359 0.00109024 -0.135975	
2.57	0.00113557 0.00109202 -0.135975	
2.58	0.00113586 0.00109188 -0.135975	
2.59	0.00113597 0.00109029 -0.135975	
2.6	0.0011364 0.00108877 -0.135975	
2.61	0.00113669 0.00108816 -0.135974	
2.62	0.00113687 0.00108839 -0.135974	
2.63	0.00113744 0.00108761 -0.135974	
2.64	0.00113786 0.00108746 -0.135974	
2.65	0.00113793 0.00108687 -0.135974	
2.66	0.00113809 0.00108584 -0.135974	
2.67	0.00113821 0.00108535 -0.135974	
2.68	0.00113837 0.0010838 -0.135974	
2.69	0.00113848 0.00108262 -0.135973	
2.7	0.00113852 0.00108157 -0.135973	
2.71	0.00113841 0.00107954 -0.135973	
2.72	0.00113828 0.00107718 -0.135973	
2.73	0.00113805 0.00107628 -0.135973	
2.74	0.00113798 0.00107614 -0.135973	
2.75	0.00113798 0.0010754 -0.135973	
2.76	0.00113809 0.00107504 -0.135973	
2.77	0.00113815 0.00107291 -0.135973	
2.78	0.00113793 0.00107178 -0.135973	
2.79	0.00113791 0.00107148 -0.135973	
2.8	0.00113769 0.001071 -0.135973	
2.81	0.00113749 0.00107154 -0.135973	
2.82	0.0011372 0.00107378 -0.135973	
2.83	0.00113711 0.00107535 -0.135973	
2.84	0.769173 1.0748 -0.337893	
2.85	0.725759 2.00735 -0.121859	
2.86	0.51303 2.37954 0.121182	
2.87	0.409371 2.67197 0.262258	
2.88	0.773504 3.18861 -0.353384	
2.89	1.0542 3.18346 -0.900643	
2.9	0.566758 3.47243 -0.104222	
2.91	0.520613 3.69494 0.352017	
2.92	0.467993 3.70743 0.44596	
2.93	0.340711 3.60204 0.251097	
2.94	0.220688 3.3444 1.41892	
2.95	0.272428 3.82422 0.591381	
2.96	-0.280951 3.96425 1.68218	
2.97	0.266852 4.13885 0.813207	
2.98	-0.41855 3.73931 2.02487	
2.99	-0.108284 3.82569 1.60911	
3	0.0263703 3.92117 0.822061	
3.01	-0.0123357 4.11706 0.503742	
3.02	-0.1388 3.89981 1.47256	
3.03	-0.0742205 3.95484 1.34389	
3.04	-0.138083 4.09014 1.86362	
3.05	-0.0955086 4.04992 2.58604	
3.06	0.201687 3.94488 1.75046	
3.07	0.351468 4.05354 3.17035	
3.08	0.402427 3.58645 3.29891	
3.09	0.507758 3.75154 3.75938	
3.1	0.37082 2.74737 2.71141	
3.11	0.271091 2.00962 1.94606	
3.12	0.198368 1.46861 1.38696	
3.13	0.14528 1.07194 0.978202	
3.14	0.106309 0.78306 0.678883	
3.15	0.0778106 0.571822 0.459995	
3.16	0.0568597 0.418391 0.2997	
3.17	0.0415884 0.305722 0.182575	
3.18	0.0304039 0.223535 0.096907	
3.19	0.0222447 0.163287 0.0343162	
3.2	0.0162679 0.119319 -0.0114801	
3.21	0.0118934 0.0872171 -0.0449722	
3.22	0.00869454 0.0637728 -0.0694498	
3.23	0.00635663 0.0466174 -0.0873472	
3.24	0.00464727 0.0340834 -0.100429	
3.25	0.00339786 0.0249183 -0.109991	
3.26	0.00248457 0.0182162 -0.116982	
3.27	0.00181711 0.013312 -0.122093	
3.28	0.00132967 0.00972603 -0.125826	
3.29	0.000971826 0.00711073 -0.128562	
3.3	0.000710188 0.00519947 -0.130562	
3.31	0.000519041 0.00380176 -0.132023	
3.32	0.000379702 0.00277687 -0.13309	
3.33	0.000277627 0.00202942 -0.133871	
3.34	0.00020306 0.00148275 -0.134442	
3.35	0.000148436 0.00108418 -0.134859	
3.36	0.000148407 0.00108393 -0.134859	
3.37	0.000148261 0.00108457 -0.13486	
3.38	0.000148303 0.00108385 -0.13486	
3.39	0.000148156 0.00108486 -0.13486	
3.4	0.00014822 0.00108425 -0.13486	
3.41	0.000148174 0.00108455 -0.13486	
3.42	0.000148128 0.00108507 -0.13486	
3.43	0.000148045 0.00108568 -0.134861	
3.44	0.000148007 0.0010858 -0.134861	
3.45	0.000147935 0.00108607 -0.134861	
3.46	0.000147905 0.00108615 -0.134861	
3.47	0.000147788 0.00108709 -0.134861	
3.48	0.000147675 0.00108775 -0.134862	
3.49	0.000147567 0.00108871 -0.134862	
3.5	0.000147484 0.00108913 -0.134862	
3.51	0.000147283 0.00109064 -0.134863	
3.52	0.00014687 0.00109379 -0.134864	
3.53	0.000146729 0.00109494 -0.134865	
3.54	0.000146523 0.00109693 -0.134865	
3.55	0.000146388 0.00109806 -0.134865	
3.56	0.000146305 0.00109885 -0.134865	
3.57	0.000146279 0.00109904 -0.134866	
3.58	0.000146201 0.00109954 -0.134866	
3.59	0.000146049 0.0011007 -0.134866	
3.6	0.000145878 0.00110216 -0.134867	
3.61	0.138849 0.956547 0.101266	
3.62	0.135875 1.27534 0.198193	
3.63	0.177495 1.85471 0.318834	
3.64	-0.0200046 2.5069 0.943169	
3.65	-0.437961 2.52392 1.78122	
3.66	-0.768539 2.83282 2.72977	
3.67	-0.757555 3.21877 3.06599	
3.68	-0.396904 3.43777 2.90181	
3.69	0.0195365 3.58844 1.72044	
3.7	-0.456598 3.62361 2.19638	
3.71	-0.570479 3.74006 3.66604	
3.72	-0.0342073 3.61799 3.21422	
3.73	-0.0361932 2.39508 4.58101	
3.74	-0.326068 1.82363 5.25151	
3.75	-0.256891 1.41727 4.7832	
3.76	-0.475964 -0.452046 4.51246	
3.77	0.0722848 -1.02089 5.88938	
3.78	-1.3775 -0.894576 5.69004	
3.79	-0.492737 -0.406267 6.11072	
3.8	-0.573789 -0.600989 5.84163	
3.81	-0.379037 -0.411746 6.45571	
3.82	-0.265963 -0.288123 5.88781	
3.83	-0.157652 -0.146416 5.97282	
3.84	-3.89068 -0.432164 5.64568	
3.85	-5.87298 -0.0812029 4.1725	
3.86	-5.41439 -0.153846 4.55903	
3.87	-5.27026 -0.024517 5.0009	
3.88	-3.85673 -0.0104526 3.6163	
3.89	-2.82 -0.0105675 2.61025	
3.9	4.31602 -0.68221 0.506185	
3.91	6.09291 -0.363749 0.123628	
3.92	6.2283 0.269063 -0.123714	
3.93	6.47469 0.359203 -0.182104	
3.94	4.72642 0.291811 -0.186219	
3.95	3.4511 0.229849 -0.182052	
3.96	2.10937 0.373762 0.277613	
3.97	1.53951 0.281084 0.162358	
3.98	1.05343 0.183287 -0.598899	
3.99	0.763139 0.304085 -0.302678	
4	0.123879 0.098292 -0.449951	
4.01	0.0957389 0.0748631 -0.359058	
4.02	0.0696743 0.0551942 -0.297021	
4.03	0.0548619 0.0427335 -0.248405	
4.04	0.0439259 0.0340375 -0.211162	
4.05	0.0323307 0.0264524 -0.185149	
4.06	0.0254382 0.0202768 -0.170087	
4.07	0.0202006 0.0157683 -0.158855	
4.08	0.0163061 0.0121746 -0.151722	
4.09	0.512088 -0.0103199 3.71074	
4.1	0.278071 0.0604423 5.01586	
4.11	0.867979 0.326551 2.91891	
4.12	1.43663 -1.35235 -0.652509	
4.13	1.06426 -0.996001 -0.514909	
4.14	0.783416 -0.730563 -0.423326	
4.15	0.572492 -0.533597 -0.355428	
4.16	0.419374 -0.390279 -0.303014	
4.17	-0.109561 0.274296 5.96356	
4.18	-0.778744 -0.336645 2.86226	
4.19	-0.57262 -0.235034 2.05816	
4.2	0.119526 -0.121157 4.35542	
4.21	0.137741 -0.0503846 4.55702	
4.22	0.0188451 0.102554 4.98766	
4.23	0.11006 0.115611 4.66817	
4.24	-0.0273518 0.180204 5.45664	
4.25	-0.0269618 0.0505481 4.76597	
4.26	-0.0585459 0.227923 6.30147	
4.27	0.350998 0.153232 5.88522	
4.28	0.274567 0.248192 5.19636	
4.29	0.0884236 0.109087 7.86137	
4.3	0.216607 0.196988 7.38273	
4.31	0.647346 0.157294 5.41233	
4.32	0.718724 0.359764 6.3844	
4.33	0.502699 0.127219 6.28976	
4.34	0.354049 -0.108463 5.14755	
4.35	0.168913 -0.239602 4.29843	
4.36	0.298358 -0.314052 3.92567	
4.37	0.233408 -0.26024 2.83832	
4.38	0.170378 -0.191386 2.03406	
4.39	0.12218 -0.135214 1.44974	
4.4	0.086312 -0.0923419 1.02381	
4.41	0.0598914 -0.0613562 0.710262	
4.42	0.222345 -0.614665 4.56917	
4.43	0.259533 -0.640957 4.8586	
4.44	0.167135 -0.38202 5.34917	
4.45	0.185822 -0.434647 5.25878	
4.46	0.227894 -0.543209 5.40958	
4.47	0.168358 -0.425566 4.85277	
4.48	0.160679 -0.371167 4.58912	
4.49	0.167054 -0.398002 5.01478	
4.5	0.15064 -0.407406 5.62102	
4.51	0.158415 -0.396085 6.14972	
4.52	0.121711 -0.31039 5.14945	
4.53	0.082935 -0.274467 5.92243	
4.54	0.0528924 -0.20869 6.31939	
4.55	0.030805 -0.108229 5.63259	
4.56	0.0112712 -0.06586 5.58573	
4.57	-0.0149112 -0.0185721 5.17911	
4.58	-0.00715349 -0.0217218 6.0026	
4.59	-0.00177111 -0.00754008 5.11708	
4.6	-0.0137885 0.0179394 5.93968	
4.61	-0.00563676 0.00677804 6.48059	
4.62	-0.0282768 0.0640023 5.47008	
4.63	0.250036 0.362625 3.86968	
4.64	0.145964 0.362542 4.64131	
4.65	0.277163 0.320413 6.17513	
4.66	-0.227755 0.0250305 6.24007	
4.67	0.0868011 0.231556 5.31488	
4.68	-0.216599 0.0947476 6.02366	
4.69	-0.199648 0.0363183 5.9414	
4.7	-0.0669303 0.0335734 5.5954	
4.71	0.141232 0.233512 5.30004	
4.72	-0.00702336 -0.0407997 6.0843	
4.73	0.0079334 -0.0748078 5.81718	
4.74	0.0165435 -0.0710265 5.27466	
4.75	0.0036067 -0.0626704 5.32756	
4.76	0.0792263 -0.123818 5.59974	
4.77	0.0585209 -0.0914258 4.05638	
4.78	0.142902 -0.252526 4.99715	
4.79	0.119015 -0.247039 4.7903	
4.8	0.151516 -0.272015 4.30023	
4.81	0.175551 -0.281467 4.5783	
4.82	0.20129 -0.392075 5.87065	
4.83	0.185843 -0.383063 5.42439	
4.84	0.167751 -0.389769 5.59145	
4.85	0.148132 -0.331425 4.90352	
4.86	-1.38788 1.36205 4.67033	
4.87	-1.73794 1.12085 5.29549	
4.88	-0.960318 0.673876 5.69531	
4.89	-0.376034 0.236185 5.67195	
4.9	-0.0200756 -0.20208 5.8608	
4.91	0.0358401 -0.373231 5.48481	
4.92	0.043774 -0.340725 5.77191	
4.93	0.0444923 -0.284702 5.64823	
4.94	0.0413525 -0.202174 5.52189	
4.95	-0.101067 -0.0485085 5.12686	
4.96	-0.0439379 -0.0846977 4.85285	
4.97	-0.0199578 -0.0740985 5.14479	
4.98	-0.0396168 -0.0788332 5.33108	
4.99	-0.00991677 -0.0619199 6.37481	
5	-0.0316083 -0.0232797 5.50014	
5.01	-0.0115183 -0.06571 6.21061	
5.02	0.0048981 0.0398878 5.62592	
5.03	-0.0149246 0.127314 5.63545	
5.04	-0.0226839 0.17696 4.91303	
5.05	-0.0686093 0.274067 4.95585	
5.06	-0.0771966 0.336086 5.57937	
5.07	-1.12582 0.478522 3.06422	
5.08	-2.4537 1.34646 3.96407	
5.09	-1.33167 0.723382 4.29855	
5.1	0.111862 -0.161306 3.32153	
5.11	0.178822 -0.045017 4.7753	
5.12	1.64353 -1.87778 3.97807	
5.13	0.85585 -0.940774 4.31725	
5.14	0.690789 -0.227979 4.87682	
5.15	0.819275 -0.0101032 4.10253	
5.16	-0.00218681 0.043467 0.107038	
5.17	0.55408 -0.240736 4.05511	
5.18	0.198339 0.0661044 5.00033	
5.19	0.128128 0.0345787 3.63356	
5.2	0.0365087 -0.0329794 4.66806	
5.21	-0.109071 -0.0861813 4.02691	
5.22	-0.0799794 -0.0535277 2.9058	
5.23	3.00623 -0.97136 -0.660752	
5.24	2.1612 -0.646241 -0.526484	
5.25	1.59737 -0.544967 -0.397355	
5.26	1.15785 -0.387587 -0.32569	
5.27	0.844545 -0.279894 -0.275046	
5.28	0.612428 -0.205314 -0.233941	
5.29	0.456021 -0.166123 -0.205245	
5.3	0.333758 -0.129651 -0.182822	
5.31	0.243832 -0.0967499 -0.169137	
5.32	0.178229 -0.0708051 -0.160159	
5.33	0.130387 -0.0530218 -0.153095	
5.34	0.0953521 -0.0398352 -0.147984	
5.35	0.0697287 -0.0294301 -0.144617	
5.36	0.050981 -0.0215937 -0.14226	
5.37	0.0372759 -0.0156315 -0.140653	
5.38	0.027259 -0.0116419 -0.139298	
5.39	0.019938 -0.00856208 -0.13839	
5.4	0.0145796 -0.00626135 -0.137746	
5.41	0.0106597 -0.00456919 -0.137279	
5.42	0.0077935 -0.00334636 -0.13693	
5.43	0.00569882 -0.00244265 -0.13668	
5.44	0.00416684 -0.00178664 -0.136495	
5.45	0.00304644 -0.00130802 -0.136359	
5.46	0.00222765 -0.000955148 -0.136261	
5.47	0.0016288 -0.000698375 -0.136189	
5.48	0.00162867 -0.000699278 -0.136189	
5.49	0.001629 -0.000699076 -0.136189	
5.5	0.0016288 -0.000698375 -0.136189	
5.51	0.001629 -0.000699076 -0.136189	
5.52	0.0016288 -0.000698375 -0.136189	
5.53	0.00162887 -0.000699979 -0.136188	
5.54	0.0016288 -0.000698375 -0.136189	
5.55	0.00162842 -0.00070519 -0.136186	
5.56	0.00162941 -0.000700217 -0.136189	
5.57	0.00162906 -0.000678006 -0.136199	
5.58	0.0016283 -0.000643411 -0.136216	
5.59	0.00162683 -0.00062887 -0.136222	
5.6	0.00162641 -0.000592221 -0.13624	
5.61	0.00162618 -0.000568893 -0.136251	
5.62	0.00162615 -0.000561943 -0.136254	
5.63	0.00162614 -0.000560156 -0.136255	
5.64	0.0016264 -0.000557737 -0.136257	
5.65	0.00162624 -0.000500896 -0.136285	
5.66	0.00162746 -0.000463842 -0.136304	
5.67	0.00162739 -0.000447844 -0.136311	
5.68	0.00162777 -0.00044583 -0.136313	
5.69	0.00162755 -0.000444331 -0.136313	
5.7	0.00162756 -0.000443996 -0.136313	
5.71	0.00162762 -0.000442878 -0.136314	
5.72	0.00162727 -0.000441316 -0.136315	
5.73	0.00162729 -0.000440767 -0.136315	
5.74	0.00162747 -0.000437057 -0.136317	
5.75	0.00162758 -0.000435178 -0.136318	
5.76	0.00162843 -0.000437503 -0.136317	
5.77	0.00162774 -0.000435219 -0.136318	
5.78	0.00163504 -0.000456428 -0.136312	
5.79	0.0016384 -0.000470919 -0.136307	
5.8	0.00163832 -0.000468545 -0.136309	
5.81	0.00162803 -0.000422787 -0.136324	
5.82	0.00161921 -0.000398204 -0.13633	
5.83	0.0016131 -0.000383643 -0.136333	
5.84	0.00160952 -0.000379347 -0.136333	
5.85	0.00161269 -0.000403077 -0.136324	
5.86	0.00161216 -0.000418684 -0.136316	
5.87	0.00161165 -0.000420568 -0.136314	
5.88	0.0016115 -0.000423265 -0.136313	
5.89	0.00161149 -0.000424893 -0.136312	
5.9	0.00160871 -0.000421092 -0.136312	
5.91	0.00160666 -0.000417208 -0.136313	
5.92	0.00160685 -0.000417375 -0.136313	
5.93	0.00160974 -0.000423444 -0.136312	
5.94	0.00161129 -0.000426209 -0.136311	
5.95	0.00161213 -0.000426692 -0.136312	
5.96	0.00161193 -0.000425381 -0.136312	
5.97	0.00161055 -0.000422585 -0.136313	
5.98	0.00160887 -0.000418978 -0.136313	
5.99	0.00160701 -0.000411997 -0.136315	
6	0.00160547 -0.000404953 -0.136318	
6.01	0.00160496 -0.000406188 -0.136317	
6.02	0.00160613 -0.000409037 -0.136316	
6.03	0.00160676 -0.000410626 -0.136316	
6.04	0.00160797 -0.000417376 -0.136313	
6.05	0.00160741 -0.000424465 -0.13631	
6.06	0.00160764 -0.000434735 -0.136305	
6.07	0.00160813 -0.000444186 -0.1363	
6.08	0.00160749 -0.000446178 -0.136299	
6.09	0.00160647 -0.000448775 -0.136297	
6.1	0.00160244 -0.000443824 -0.136297	
6.11	0.0015961 -0.000433337 -0.136298	
6.12	0.00159235 -0.000426143 -0.136299	
6.13	0.00159092 -0.000420213 -0.136301	
6.14	0.00159076 -0.0004181 -0.136302	
6.15	0.00159014 -0.000416024 -0.136302	
6.16	0.00159007 -0.000414588 -0.136303	
6.17	0.00159002 -0.000413502 -0.136303	
6.18	0.00159063 -0.000414005 -0.136303	
6.19	0.00159053 -0.000413665 -0.136304	
6.2	0.0015903 -0.000410466 -0.136305	
6.21	0.00158932 -0.00040793 -0.136306	
6.22	0.00158926 -0.000407988 -0.136305	
6.23	0.00158914 -0.000406962 -0.136306	
6.24	0.00158908 -0.000405876 -0.136306	
6.25	0.0015891 -0.000406228 -0.136306	
6.26	0.00158909 -0.000406989 -0.136306	
6.27	0.00158818 -0.00040782 -0.136305	
6.28	0.00158701 -0.000407887 -0.136304	
6.29	0.00158627 -0.000407897 -0.136304	
6.3	0.00158599 -0.000404679 -0.136305	
6.31	0.00158581 -0.000401354 -0.136306	
6.32	0.0015857 -0.000399498 -0.136307	
6.33	0.0015857 -0.000399398 -0.136307	
6.34	0.00158552 -0.000397161 -0.136308	
6.35	0.00158461 -0.000390523 -0.136311	
6.36	0.00158355 -0.000388309 -0.136311	
6.37	0.0015824 -0.000382722 -0.136313	
6.38	0.00157967 -0.000377874 -0.136314	
6.39	0.00157879 -0.000374063 -0.136315	
6.4	0.00157939 -0.000368059 -0.136319	
6.41	0.00157993 -0.000366726 -0.13632	
6.42	0.00157986 -0.000368704 -0.136319	
6.43	0.00157985 -0.000372943 -0.136316	
6.44	0.00157835 -0.000369222 -0.136317	
6.45	0.00157591 -0.000360114 -0.13632	
6.46	0.00157468 -0.000354343 -0.136322	
6.47	0.00157323 -0.000350713 -0.136323	
6.48	0.00157225 -0.000347366 -0.136324	
6.49	0.00157213 -0.000338489 -0.136328	
6.5	0.0015723 -0.000337018 -0.136329	
6.51	0.00157178 -0.000337379 -0.136329	
6.52	0.00157079 -0.000337112 -0.136328	
6.53	0.00156727 -0.000321641 -0.136333	
6.54	0.00156443 -0.000312957 -0.136336	
6.55	0.00155998 -0.000308759 -0.136335	
6.56	0.00155562 -0.00030315 -0.136335	
6.57	0.0015541 -0.00029987 -0.136335	
6.58	0.00155292 -0.000298264 -0.136335	
6.59	0.00155021 -0.000297563 -0.136334	
6.6	0.00154603 -0.000295456 -0.136332	
6.61	0.0015411 -0.000288361 -0.136332	
6.62	0.00153501 -0.000280744 -0.136332	
6.63	0.00153321 -0.00027951 -0.136331	
6.64	0.00153228 -0.000280377 -0.13633	
6.65	0.00153143 -0.00027839 -0.136331	
6.66	0.00153179 -0.000278224 -0.136331	
6.67	0.00153207 -0.000278585 -0.136331	
6.68	0.00153227 -0.000277766 -0.136331	
6.69	0.00153275 -0.000278263 -0.136331	
6.7	0.00153359 -0.00027855 -0.136332	
6.71	0.0015339 -0.000279926 -0.136331	
6.72	0.00153221 -0.000278419 -0.136331	
6.73	0.00153139 -0.000279458 -0.13633	
6.74	0.00153197 -0.000282838 -0.136329	
6.75	0.0015337 -0.000287478 -0.136328	
6.76	0.00153419 -0.000288379 -0.136327	
6.77	0.00153429 -0.000288048 -0.136328	
6.78	0.00153143 -0.000283883 -0.136328	
6.79	0.00152548 -0.000279486 -0.136326	
6.8	0.00152294 -0.000278811 -0.136325	
6.81	0.00152441 -0.00028181 -0.136324	
6.82	0.00152457 -0.000280196 -0.136325	
6.83	0.00152314 -0.000279345 -0.136325	
6.84	0.0015238 -0.000281423 -0.136324	
6.85	0.00152336 -0.000279655 -0.136325	
6.86	0.00152388 -0.000283282 -0.136323	
6.87	0.00152473 -0.000291802 -0.136319	
6.88	0.00152187 -0.000291202 -0.136318	
6.89	0.00151812 -0.000288291 -0.136317	
6.9	0.0015138 -0.000286374 -0.136315	
6.91	0.00151037 -0.000284256 -0.136314	
6.92	0.001508 -0.000282682 -0.136313	
6.93	0.00150629 -0.00027912 -0.136313	
6.94	0.00150743 -0.000280873 -0.136313	
6.95	0.00150695 -0.000281221 -0.136313	
6.96	0.00150695 -0.000281221 -0.136313	
6.97	0.00150606 -0.000279644 -0.136313	
6.98	0.00150605 -0.000278533 -0.136313	
6.99	0.00150722 -0.000282095 -0.136313	
7	0.00150741 -0.000281563 -0.136313	
7.01	0.00150832 -0.000283266 -0.136313	
7.02	0.00150989 -0.000300533 -0.136305	
7.03	0.0015097 -0.000312365 -0.136299	
7.04	0.00151056 -0.000322425 -0.136295	
7.05	0.00151053 -0.000327132 -0.136293	
7.06	0.00151028 -0.000336828 -0.136288	
7.07	0.00150965 -0.000342356 -0.136284	
7.08	0.00150773 -0.000345092 -0.136282	
7.09	0.00150622 -0.000347724 -0.13628	
7.1	0.00150317 -0.000357938 -0.136273	
7.11	0.00150051 -0.000367941 -0.136266	
7.12	0.00149732 -0.000368206 -0.136264	
7.13	0.00149592 -0.000368576 -0.136262	
7.14	0.00149556 -0.000369842 -0.136262	
7.15	0.00149537 -0.000372043 -0.13626	
7.16	0.00149446 -0.000370474 -0.136261	
7.17	0.00149251 -0.00036837 -0.13626	
7.18	0.00148694 -0.000363606 -0.136259	
7.19	0.00148854 -0.000363992 -0.13626	
7.2	0.0014949 -0.000367942 -0.136262	
7.21	0.00149882 -0.000379539 -0.136259	
7.22	0.00149875 -0.000386559 -0.136255	
7.23	0.00149758 -0.000388106 -0.136254	
7.24	-1.1068 0.510238 0.0346529	
7.25	-2.31256 1.63244 0.423265	
7.26	-1.09677 2.43622 0.205202	
7.27	-0.801667 1.78275 0.113722	
7.28	-0.585998 1.30626 0.0471059	
7.29	-0.428237 0.957816 -0.00162265	
7.3	-0.313032 0.701121 -0.0376033	
7.31	-0.2288 0.513156 -0.0639653	
7.32	-0.167294 0.37532 -0.0833056	
7.33	-0.122255 0.274708 -0.0974242	
7.34	-0.089314 0.20112 -0.107753	
7.35	-0.0653011 0.147009 -0.115354	
7.36	-0.0477391 0.107509 -0.120899	
7.37	-0.0349015 0.0785902 -0.124961	
7.38	-0.0255192 0.0575681 -0.127906	
7.39	-0.0186673 0.0420995 -0.130077	
7.4	-0.0136472 0.0308286 -0.131659	
7.41	-0.0099818 0.0225399 -0.132824	
7.42	-0.00730608 0.0164489 -0.13368	
7.43	-0.0053447 0.0120111 -0.134305	
7.44	-0.00390965 0.00876942 -0.134761	
7.45	-0.00285939 0.00640647 -0.135093	
7.46	-0.00209133 0.00467834 -0.135336	
7.47	-0.00152913 0.00342095 -0.135512	
7.48	-0.00111798 0.00250278 -0.135641	
7.49	-0.000817445 0.0018302 -0.135736	
7.5	-0.000597884 0.00133621 -0.135805	
7.51	-0.000598332 0.00133103 -0.135806	
7.52	-0.000598651 0.0013267 -0.135807	
7.53	-0.000598867 0.00132339 -0.135807	
7.54	-0.000599057 0.00131987 -0.135808	
7.55	-0.00059923 0.00131521 -0.135809	
7.56	-0.000599252 0.00131327 -0.135809	
7.57	-0.000599224 0.00131104 -0.13581	
7.58	-0.000598778 0.00130918 -0.13581	
7.59	-0.000597742 0.00130871 -0.135811	
7.6	-0.000596902 0.00130953 -0.135811	
7.61	-0.000596616 0.00130972 -0.135811	
7.62	-0.000596072 0.00130981 -0.135811	
7.63	-0.00059451 0.00131087 -0.135811	
7.64	-0.000591978 0.0013134 -0.135811	
7.65	-0.000589659 0.00131601 -0.13581	
7.66	-0.000586841 0.00131883 -0.13581	
7.67	-0.00058239 0.0013216 -0.13581	
7.68	-0.000576782 0.00132553 -0.135811	
7.69	-0.000569581 0.00133028 -0.135811	
7.7	-0.000559326 0.00133591 -0.135811	
7.71	-0.000542577 0.00134476 -0.135812	
7.72	-0.000516089 0.00135871 -0.135814	
7.73	-0.000478977 0.0013757 -0.135816	
7.74	-0.000452331 0.00140769 -0.135814	
7.75	-0.000457344 0.00141978 -0.135811	
7.76	-0.000496943 0.00140593 -0.135807	
7.77	-0.000535183 0.00140004 -0.135803	
7.78	-0.000570555 0.00138239 -0.1358	
7.79	-0.000590324 0.00135485 -0.135803	
7.8	-0.000597024 0.00133225 -0.135806	
7.81	-0.000599276 0.001315 -0.135809	
7.82	-0.000599406 0.00129896 -0.135812	
7.83	-0.000598729 0.00127889 -0.135816	
7.84	-0.000596946 0.0012656 -0.135819	
7.85	-0.000593167 0.00126361 -0.13582	
7.86	-0.000586715 0.00125964 -0.135822	
7.87	-0.000560162 0.00127817 -0.135822	
7.88	-0.000551884 0.00127834 -0.135824	
7.89	-0.000561422 0.00128097 -0.135822	
7.9	-0.000563324 0.00128429 -0.135821	
7.91	-0.000563202 0.00128428 -0.135821	
7.92	-0.000553719 0.00126857 -0.135825	
7.93	-0.000550312 0.00126547 -0.135826	
7.94	-0.000549595 0.00126497 -0.135827	
7.95	-0.000549652 0.00126506 -0.135827	
7.96	-0.000549219 0.00126441 -0.135827	
7.97	-0.000549302 0.00126475 -0.135827	
7.98	-0.000549219 0.00126441 -0.135827	
7.99	-0.000549253 0.00126472 -0.135827	
8	-0.000549302 0.00126475 -0.135827	
8.01	-0.000549253 0.00126472 -0.135827	
8.02	-0.000549253 0.00126472 -0.135827	
8.03	-0.000549253 0.00126472 -0.135827	
8.04	-0.00054917 0.00126438 -0.135827	
8.05	-0.000549253 0.00126472 -0.135827	
8.06	-0.000549034 0.00126478 -0.135827	
8.07	-0.000549253 0.00126472 -0.135827	
8.08	-0.000549253 0.00126472 -0.135827	
8.09	-0.000549253 0.00126472 -0.135827	
8.1	-0.000549219 0.00126441 -0.135827	
8.11	-0.000549449 0.00126486 -0.135827	
8.12	-0.000549449 0.00126486 -0.135827	
8.13	-0.000548133 0.00126447 -0.135827	
8.14	-0.000548133 0.00126447 -0.135827	
8.15	-0.000548133 0.00126447 -0.135827	
8.16	-0.000548133 0.00126447 -0.135827	
8.17	-0.000548133 0.00126447 -0.135827	
8.18	-0.000548183 0.00126451 -0.135827	
8.19	-0.000548049 0.00126413 -0.135827	
8.2	-0.000548133 0.00126447 -0.135827	
8.21	-0.000548099 0.00126417 -0.135827	
8.22	-0.000548133 0.00126447 -0.135827	
8.23	-0.000549938 0.00126586 -0.135826	
