# Gnuplot File : velocities of 1 particle(s) Monitored
# 1st Column : time, others : particle(s) number 0 
0.01	0 0 -0.0365586	
0.02	0 0 -0.0632893	
0.03	0 0 -0.082834	
0.04	0 0 -0.0971245	
0.05	0 0 -0.107573	
0.06	0 0 -0.115213	
0.07	0 0 -0.120799	
0.08	0 0 -0.124884	
0.09	0 0 -0.12787	
0.1	0 0 -0.130054	
0.11	0 0 -0.13165	
0.12	0 0 -0.132818	
0.13	0 0 -0.133671	
0.14	0 0 -0.134295	
0.15	0 0 -0.134752	
0.16	0 0 -0.134752	
0.17	0 0 -0.134752	
0.18	0 0 -0.134752	
0.19	0 0 -0.134752	
0.2	0 0 -0.134752	
0.21	0 0 -0.134752	
0.22	0 0 -0.134752	
0.23	0 0 -0.134752	
0.24	0 0 -0.134752	
0.25	0 0 -0.134752	
0.26	0 0 -0.134752	
0.27	0 0 -0.134752	
0.28	0 0 -0.134752	
0.29	0 0 -0.134752	
0.3	0 0 -0.134752	
0.31	0 0 -0.134752	
0.32	0 0 -0.134752	
0.33	0 0 -0.134752	
0.34	0 0 -0.134752	
0.35	0 0 -0.134752	
0.36	0 0 -0.134752	
0.37	0 0 -0.134752	
0.38	0 0 -0.134752	
0.39	0 0 -0.134752	
0.4	0 0 -0.134752	
0.41	0 0 -0.134752	
0.42	0 0 -0.134752	
0.43	0 0 -0.134752	
0.44	0 0 -0.134752	
0.45	0 0 -0.134752	
0.46	0 0 -0.134752	
0.47	0 0 -0.134752	
0.48	0 0 -0.134752	
0.49	0 0 -0.134752	
0.5	0 0 -0.134752	
0.51	0 0 -0.134752	
0.52	0 0 -0.134752	
0.53	0 0 -0.134752	
0.54	0 0 -0.134752	
0.55	0 0 -0.134752	
0.56	0 0 -0.134752	
0.57	0 0 -0.134752	
0.58	0 0 -0.134752	
0.59	0 0 -0.134752	
0.6	0 0 -0.134752	
0.61	0 0 -0.134752	
0.62	0 0 -0.134752	
0.63	0 0 -0.134752	
0.64	0 0 -0.134752	
0.65	0 0 -0.134752	
0.66	0 0 -0.134752	
0.67	0 0 -0.134752	
0.68	0 0 -0.134752	
0.69	0 0 -0.134752	
0.7	0 0 -0.134752	
0.71	0 0 -0.134752	
0.72	0 0 -0.134752	
0.73	0 0 -0.134752	
0.74	0 0 -0.134752	
0.75	0 0 -0.134752	
0.76	0 0 -0.134752	
0.77	0 0 -0.134752	
0.78	0 0 -0.134752	
0.79	0 0 -0.134752	
0.8	0 0 -0.134752	
0.81	0 0 -0.134752	
0.82	0 0 -0.134752	
0.83	0 0 -0.134752	
0.84	0 0 -0.134752	
0.85	0 0 -0.134752	
0.86	0 0 -0.134752	
0.87	0 0 -0.134752	
0.88	0 0 -0.134752	
0.89	0 0 -0.134752	
0.9	0 0 -0.134752	
0.91	0 0 -0.134752	
0.92	0 0 -0.134752	
0.93	0 0 -0.134752	
0.94	0 0 -0.134752	
0.95	0 0 -0.134752	
0.96	0 0 -0.134752	
0.97	0 0 -0.134752	
0.98	0 0 -0.134752	
0.99	0 0 -0.134752	
1	0 0 -0.134752	
1.01	0 0 -0.134752	
1.02	0 0 -0.134752	
1.03	0 0 -0.134752	
1.04	0 0 -0.134752	
1.05	0 0 -0.134752	
1.06	0 0 -0.134752	
1.07	0 0 -0.134752	
1.08	0 0 -0.134752	
1.09	0 0 -0.134752	
1.1	0 0 -0.134752	
1.11	0 0 -0.134752	
1.12	0 0 -0.134752	
1.13	0 0 -0.134752	
1.14	0 0 -0.134752	
1.15	0 0 -0.134752	
1.16	0 0 -0.134752	
1.17	0 0 -0.134752	
1.18	3.13401 0.491034 2.49125	
1.19	3.57376 1.02426 3.30932	
1.2	3.24063 1.38421 3.28247	
1.21	3.17855 1.20242 4.37561	
1.22	3.50451 1.50166 5.37072	
1.23	2.93843 1.78554 4.32698	
1.24	2.23817 1.86897 3.3591	
1.25	1.71257 2.44444 3.39251	
1.26	1.25215 1.7862 2.44455	
1.27	0.915527 1.30492 1.75151	
1.28	0.669248 0.957216 1.24159	
1.29	0.48916 0.704064 0.867999	
1.3	0.357483 0.516467 0.596453	
1.31	0.261324 0.377884 0.399204	
1.32	0.191075 0.276272 0.255352	
1.33	0.139688 0.202252 0.149921	
1.34	0.102105 0.148217 0.0727442	
1.35	0.0746568 0.108343 0.0166494	
1.36	0.0545805 0.0788618 -0.0241753	
1.37	0.0399018 0.0576503 -0.0542466	
1.38	0.0291693 0.0422103 -0.0762779	
1.39	0.0213253 0.0310134 -0.0924361	
1.4	0.015595 0.0229049 -0.104285	
1.41	0.0114071 0.0169134 -0.112902	
1.42	0.00834153 0.0124732 -0.119176	
1.43	0.00609908 0.00918518 -0.123739	
1.44	0.00446018 0.0067529 -0.127055	
1.45	0.00326147 0.00496236 -0.129473	
1.46	0.00238445 0.00364611 -0.131238	
1.47	0.00174339 0.00267192 -0.13252	
1.48	0.00127471 0.00195783 -0.133456	
1.49	0.000932087 0.00143665 -0.134141	
1.5	0.000681434 0.0010537 -0.134641	
1.51	0.00068144 0.00105821 -0.134644	
1.52	0.000681435 0.00106343 -0.134648	
1.53	0.000681464 0.00106653 -0.13465	
1.54	0.000681416 0.00107081 -0.134653	
1.55	0.000681357 0.00107504 -0.134655	
1.56	0.000681318 0.00107921 -0.134658	
1.57	0.000681287 0.00108304 -0.134661	
1.58	0.000681271 0.00108283 -0.134661	
1.59	0.000681417 0.00108208 -0.13466	
1.6	0.000681474 0.0010795 -0.134658	
1.61	0.00068152 0.00107671 -0.134656	
1.62	0.000681636 0.00107523 -0.134655	
1.63	0.00068168 0.00107152 -0.134652	
1.64	0.000681662 0.00106916 -0.134651	
1.65	0.00068168 0.0010674 -0.13465	
1.66	0.000681576 0.00106751 -0.13465	
1.67	0.000681333 0.00107054 -0.134653	
1.68	0.000681183 0.00107075 -0.134653	
1.69	0.000681107 0.00106987 -0.134653	
1.7	0.000681154 0.00107033 -0.134653	
1.71	0.000681201 0.00107196 -0.134654	
1.72	0.000681144 0.00107198 -0.134654	
1.73	0.000681148 0.00107277 -0.134655	
1.74	0.000681201 0.00107305 -0.134655	
1.75	0.000681172 0.00107252 -0.134654	
1.76	0.000681038 0.00107672 -0.134658	
1.77	0.000680989 0.00107954 -0.13466	
1.78	0.000681111 0.00107952 -0.134659	
1.79	0.000681274 0.00107921 -0.134658	
1.8	0.000681319 0.00107595 -0.134656	
1.81	0.000681501 0.00107493 -0.134655	
1.82	0.000681783 0.00106977 -0.134651	
1.83	0.000681972 0.00106599 -0.134648	
1.84	0.000682236 0.00106372 -0.134645	
1.85	0.000682367 0.00106126 -0.134643	
1.86	0.000682578 0.00106088 -0.134642	
1.87	0.000682725 0.00105849 -0.13464	
1.88	0.000682802 0.00105818 -0.13464	
1.89	0.000682812 0.00105629 -0.134639	
1.9	0.000682778 0.00105587 -0.134639	
1.91	0.000682661 0.00105471 -0.134638	
1.92	0.000682786 0.00105418 -0.134637	
1.93	0.000682773 0.00105404 -0.134637	
1.94	0.000682924 0.00105516 -0.134638	
1.95	0.000683099 0.00105617 -0.134638	
1.96	0.000683244 0.0010574 -0.134638	
1.97	0.000683387 0.00105694 -0.134637	
1.98	0.0006835 0.00105878 -0.134638	
1.99	0.000683499 0.00106029 -0.134639	
2	0.000683603 0.00106096 -0.134639	
2.01	0.000683666 0.00106028 -0.134639	
2.02	-1.86421 1.33851 1.76062	
2.03	-1.76001 1.79366 1.88227	
2.04	-2.28659 2.40539 2.47442	
2.05	-1.7355 2.14765 2.02107	
2.06	-2.33842 2.67079 2.6143	
2.07	-2.10163 2.64916 2.40556	
2.08	-1.3719 3.17533 1.71177	
2.09	-1.98811 3.51657 2.28705	
2.1	-1.38677 2.81447 1.65111	
2.11	-1.01364 2.06115 1.16894	
2.12	-0.741345 1.50572 0.818966	
2.13	-0.541879 1.10253 0.561382	
2.14	-0.395973 0.807003 0.373194	
2.15	-0.28928 0.591205 0.235477	
2.16	-0.211332 0.433028 0.135031	
2.17	-0.154403 0.31736 0.0617047	
2.18	-0.112886 0.232215 0.00848123	
2.19	-0.0825424 0.169847 -0.030372	
2.2	-0.0603643 0.124206 -0.0587523	
2.21	-0.0441195 0.0909583 -0.0795973	
2.22	-0.032233 0.0666119 -0.0948408	
2.23	-0.0235509 0.0487809 -0.10596	
2.24	-0.0172043 0.0357479 -0.114089	
2.25	-0.0125643 0.0262127 -0.12003	
2.26	-0.00917961 0.0192052 -0.124348	
2.27	-0.00670994 0.0140635 -0.127489	
2.28	-0.00490414 0.0103145 -0.12979	
2.29	-0.00358545 0.00755018 -0.131461	
2.3	-0.0026214 0.00552476 -0.132681	
2.31	-0.00191785 0.00403944 -0.133569	
2.32	-0.00140339 0.00295005 -0.134218	
2.33	-0.00102684 0.00215473 -0.134693	
2.34	-0.000750551 0.00157644 -0.135043	
2.35	-0.000548631 0.00115285 -0.135299	
2.36	-0.000548362 0.00115359 -0.135299	
2.37	-0.000548177 0.001154 -0.1353	
2.38	-0.000547319 0.00115786 -0.135303	
2.39	-0.0975878 -0.307017 4.33317	
2.4	-0.0831169 -0.296651 4.18714	
2.41	-0.0437195 -0.159784 4.26825	
2.42	-0.0625454 -0.148741 4.33067	
2.43	-0.039001 -0.176788 3.9217	
2.44	-0.0536791 -0.219344 4.76678	
2.45	-0.0572963 -0.222796 3.85378	
2.46	-0.0735848 -0.246872 4.74527	
2.47	-0.0248514 -0.185469 4.46141	
2.48	-0.0560336 -0.189298 3.91278	
2.49	-0.0529087 -0.195683 4.37663	
2.5	-0.0475553 -0.121147 4.05097	
2.51	-0.0329362 -0.108908 3.93348	
2.52	0.00116671 0.033634 4.37034	
2.53	0.0321905 0.0466099 4.71826	
2.54	0.0421073 0.155918 5.23062	
2.55	0.107575 0.259185 4.91631	
2.56	0.0971903 0.394368 5.7617	
2.57	0.121475 0.460352 5.32743	
2.58	0.226155 0.604057 6.01739	
2.59	0.160873 0.436019 5.1131	
2.6	0.207855 0.651886 5.53502	
2.61	0.1933 0.600894 5.60013	
2.62	0.876453 0.447954 4.81052	
2.63	-0.180526 0.0849375 3.52556	
2.64	1.58564 -0.955999 5.10297	
2.65	1.12232 -0.499023 4.90047	
2.66	0.878381 -0.15108 4.51512	
2.67	0.712181 0.222288 5.15478	
2.68	-0.733151 -0.904991 1.53441	
2.69	-0.520776 -0.670609 1.09712	
2.7	-0.381979 -0.492227 0.761744	
2.71	-0.273329 -0.365377 0.522719	
2.72	-0.199517 -0.267108 0.34617	
2.73	0.907411 0.638639 4.92692	
2.74	0.493288 1.07039 6.04706	
2.75	0.0214375 0.234716 5.33947	
2.76	0.241087 -0.0443328 4.06588	
2.77	0.250585 0.383242 4.97307	
2.78	0.177939 0.549995 4.85649	
2.79	0.131885 0.324677 4.54847	
2.8	0.0319723 0.137059 4.62956	
2.81	-0.0169214 -0.0540145 4.29528	
2.82	0.0189035 -0.0328826 4.20974	
2.83	-0.0460063 -0.089145 3.61912	
2.84	-0.106936 -0.214114 4.62897	
2.85	-0.0738261 -0.14752 3.34003	
2.86	-0.0489644 -0.097475 2.39684	
2.87	-0.035101 -0.0698209 1.71457	
2.88	-0.0249764 -0.0496238 1.21636	
2.89	-0.0186494 -0.037086 0.853389	
2.9	-0.0140972 -0.028072 0.58815	
2.91	-0.010206 -0.0203148 0.393471	
2.92	-0.0076933 -0.0153317 0.251632	
2.93	-0.00543056 -0.010807 0.147146	
2.94	-0.00374569 -0.00743578 0.0706294	
2.95	-0.00263693 -0.00522594 0.0149172	
2.96	-0.0019584 -0.00388393 -0.025604	
2.97	-0.00152181 -0.00302599 -0.0551247	
2.98	-0.00111484 -0.00221689 -0.0768413	
2.99	-0.000817723 -0.00162629 -0.0927435	
3	-0.000576768 -0.00114537 -0.104418	
3.01	-0.000417573 -0.000828866 -0.112909	
3.02	-0.000307185 -0.000609928 -0.119117	
3.03	-0.000215267 -0.000426618 -0.123669	
3.04	-0.000141456 -0.000278911 -0.127008	
3.05	-9.54859e-05 -0.000187472 -0.129434	
3.06	-6.36701e-05 -0.000124345 -0.131208	
3.07	-4.24517e-05 -8.24208e-05 -0.132501	
3.08	-2.89485e-05 -5.59361e-05 -0.133445	
3.09	-1.88735e-05 -3.61555e-05 -0.134136	
3.1	-1.1972e-05 -2.26544e-05 -0.13464	
3.11	-9.26624e-06 -1.7056e-05 -0.134646	
3.12	-6.74909e-06 -1.18475e-05 -0.134653	
3.13	-4.82768e-06 -7.87179e-06 -0.134657	
3.14	-2.2482e-06 -2.53854e-06 -0.134665	
3.15	-2.27977e-07 1.63921e-06 -0.134671	
3.16	1.48559e-06 5.17698e-06 -0.134678	
3.17	2.16695e-06 6.57995e-06 -0.134683	
3.18	2.05625e-06 6.34711e-06 -0.134684	
3.19	8.39729e-08 2.26256e-06 -0.13468	
3.2	-1.54386e-06 -1.10922e-06 -0.134677	
3.21	-1.75159e-06 -1.54289e-06 -0.134678	
3.22	-1.26744e-06 -5.44162e-07 -0.134681	
3.23	-1.11392e-06 -2.28854e-07 -0.134682	
3.24	-1.5917e-06 -1.21833e-06 -0.134681	
3.25	-2.18355e-06 -2.4478e-06 -0.134681	
3.26	-2.18111e-06 -2.44726e-06 -0.134683	
3.27	-1.79688e-06 -1.65526e-06 -0.134685	
3.28	-1.43641e-06 -9.12569e-07 -0.134687	
3.29	-1.46436e-06 -9.72661e-07 -0.134688	
3.3	-1.28955e-06 -6.11526e-07 -0.134688	
3.31	-1.59006e-06 -1.23484e-06 -0.134688	
3.32	-1.3359e-06 -7.10308e-07 -0.134689	
3.33	-1.04512e-06 -1.10879e-07 -0.134691	
3.34	-2.84943e-07 1.46237e-06 -0.134693	
3.35	2.3468e-06 6.90484e-06 -0.1347	
3.36	4.49768e-06 1.13541e-05 -0.134706	
3.37	5.00695e-06 1.24101e-05 -0.134706	
3.38	5.20985e-06 1.283e-05 -0.134707	
3.39	6.01831e-06 1.45027e-05 -0.134709	
3.4	6.98093e-06 1.64947e-05 -0.134711	
3.41	-0.0327422 -0.297806 4.67689	
3.42	-0.0228584 -0.0935618 4.70655	
3.43	0.0694095 0.217044 4.33633	
3.44	0.0507627 0.128929 4.4824	
3.45	0.0298864 0.183937 4.78392	
3.46	0.0164919 0.0881672 5.07052	
3.47	-0.0170432 -0.110285 4.33024	
3.48	-0.0471238 -0.228208 4.50234	
3.49	-0.0339545 -0.164093 3.25173	
3.5	-0.0242391 -0.116737 2.33678	
3.51	-0.0179253 -0.086472 1.6739	
3.52	-0.0131146 -0.063271 1.18762	
3.53	-0.00967381 -0.0467299 0.832495	
3.54	-0.00740611 -0.0360056 0.574625	
3.55	-0.00554205 -0.027027 0.384458	
3.56	-0.0039948 -0.0194444 0.24412	
3.57	-0.00282977 -0.0137142 0.141226	
3.58	-0.00210054 -0.0102013 0.066934	
3.59	-0.00156346 -0.00761128 0.0125789	
3.6	-0.00114328 -0.00556586 -0.0273618	
3.61	-0.000841264 -0.004099 -0.0565388	
3.62	-0.000618412 -0.00301531 -0.0778888	
3.63	-0.000449193 -0.00218829 -0.0935371	
3.64	-0.000323795 -0.00157439 -0.104991	
3.65	-0.000235304 -0.00114316 -0.113339	
3.66	-0.000176672 -0.000861381 -0.119395	
3.67	-0.000129434 -0.000631233 -0.123855	
3.68	-9.67511e-05 -0.000473202 -0.127105	
3.69	-7.35708e-05 -0.000361612 -0.129472	
3.7	-5.581e-05 -0.000275538 -0.13121	
3.71	-4.13563e-05 -0.0002045 -0.132491	
3.72	-3.01978e-05 -0.000149301 -0.133429	
3.73	-2.15464e-05 -0.000106221 -0.13412	
3.74	-1.55062e-05 -7.62977e-05 -0.134624	
3.75	-1.51491e-05 -7.43271e-05 -0.134625	
3.76	-1.48219e-05 -7.2521e-05 -0.134626	
3.77	-1.46968e-05 -7.18301e-05 -0.134627	
3.78	-1.44864e-05 -7.06692e-05 -0.134627	
3.79	-1.43493e-05 -6.99126e-05 -0.134628	
3.8	-1.38237e-05 -6.70106e-05 -0.134632	
3.81	-1.35846e-05 -6.56904e-05 -0.134633	
3.82	-1.35298e-05 -6.53879e-05 -0.134633	
3.83	-1.35828e-05 -6.56808e-05 -0.134633	
3.84	-1.2979e-05 -6.23468e-05 -0.134638	
3.85	-1.20842e-05 -5.74063e-05 -0.134645	
3.86	-1.15644e-05 -5.45358e-05 -0.13465	
3.87	-1.16443e-05 -5.49763e-05 -0.13465	
3.88	0.0904131 0.147992 4.8496	
3.89	0.053425 0.0867146 3.52111	
3.9	-4.67287 -0.358252 0.899635	
3.91	-5.88262 0.072344 -0.0435075	
3.92	-4.32211 0.0560182 -0.0707792	
3.93	-5.99312 -0.654451 0.534356	
3.94	-4.71647 -0.550773 0.442426	
3.95	-5.39095 -0.623161 0.467303	
3.96	-3.94174 -0.502059 0.339705	
3.97	-2.87483 -0.39009 0.228815	
3.98	-2.09556 -0.291473 0.135274	
3.99	-1.52282 -0.221569 0.0684626	
4	-1.10451 -0.168015 0.0178012	
4.01	-0.798008 -0.125981 -0.0213974	
4.02	-0.575955 -0.09489 -0.0502832	
4.03	0.0468837 0.000771233 0.019507	
4.04	0.0403892 -0.00281388 -0.0214122	
4.05	0.0334717 -0.00450851 -0.0519863	
4.06	0.0246043 -0.00360571 -0.0748477	
4.07	0.0172974 -0.00214861 -0.0912539	
4.08	0.0124247 -0.00144471 -0.103309	
4.09	0.00905669 -0.00104424 -0.112104	
4.1	0.00616026 -0.000510297 -0.118595	
4.11	0.00405037 -6.01301e-05 -0.12326	
4.12	0.00261952 0.000143015 -0.126735	
4.13	0.00163491 0.000241117 -0.129287	
4.14	0.000978322 0.000277358 -0.131145	
4.15	0.000358357 0.000407621 -0.132491	
4.16	0.000250233 0.000301679 -0.133437	
4.17	0.000174511 0.000222866 -0.134129	
4.18	0.000114031 0.000169997 -0.134632	
4.19	0.000123569 0.000163749 -0.134632	
4.2	0.000124508 0.000163261 -0.134632	
4.21	0.000125004 0.00016361 -0.134631	
4.22	0.000127359 0.000163015 -0.13463	
4.23	0.000128068 0.000162832 -0.134629	
4.24	0.000133336 0.000162618 -0.134625	
4.25	0.000131421 0.000162651 -0.134627	
4.26	0.000132379 0.000162634 -0.134626	
4.27	0.000133336 0.000162618 -0.134625	
4.28	0.000133336 0.000162618 -0.134625	
4.29	0.00013312 0.000163147 -0.134625	
4.3	0.00013312 0.000163147 -0.134625	
4.31	0.00013312 0.000163147 -0.134625	
4.32	0.000133355 0.000163086 -0.134625	
4.33	0.000133355 0.000163086 -0.134625	
4.34	0.00013312 0.000163147 -0.134625	
4.35	0.00013312 0.000163147 -0.134625	
4.36	0.000133355 0.000163086 -0.134625	
4.37	0.000133355 0.000163086 -0.134625	
4.38	0.000133355 0.000163086 -0.134625	
4.39	0.000133139 0.000163615 -0.134624	
4.4	0.00013312 0.000163147 -0.134625	
4.41	0.00013312 0.000163147 -0.134625	
4.42	0.000133355 0.000163086 -0.134625	
4.43	0.00013312 0.000163147 -0.134625	
4.44	0.00013312 0.000163147 -0.134625	
4.45	0.000133139 0.000163615 -0.134624	
4.46	0.00013312 0.000163147 -0.134625	
4.47	0.000133139 0.000163615 -0.134624	
4.48	0.00013312 0.000163147 -0.134625	
4.49	0.00013312 0.000163147 -0.134625	
4.5	0.00013312 0.000163147 -0.134625	
4.51	0.00013312 0.000163147 -0.134625	
4.52	0.000131948 0.000163691 -0.134625	
4.53	0.00013312 0.000163147 -0.134625	
4.54	0.00013312 0.000163147 -0.134625	
4.55	0.00013312 0.000163147 -0.134625	
4.56	0.00013312 0.000163147 -0.134625	
4.57	0.00013312 0.000163147 -0.134625	
4.58	0.000131948 0.000163691 -0.134625	
4.59	0.000133355 0.000163086 -0.134625	
4.6	0.00013312 0.000163147 -0.134625	
4.61	0.000132903 0.000163676 -0.134624	
4.62	0.00013312 0.000163147 -0.134625	
4.63	0.00013312 0.000163147 -0.134625	
4.64	0.000132903 0.000163676 -0.134624	
4.65	0.00013312 0.000163147 -0.134625	
4.66	0.000133139 0.000163615 -0.134624	
4.67	0.00013312 0.000163147 -0.134625	
4.68	0.000131948 0.000163691 -0.134625	
4.69	0.00013312 0.000163147 -0.134625	
