# Gnuplot File : positions of 1 particle(s) Monitored
# 1st Column : time, others : particle(s) number 0 
0.01	9.8803 19.9419 3.19321	
0.02	9.88182 19.9421 3.19313	
0.03	9.88153 19.942 3.1928	
0.04	9.88153 19.942 3.19266	
0.05	9.88153 19.942 3.19255	
0.06	9.88154 19.9417 3.19103	
0.07	9.88087 19.942 3.19263	
0.08	9.88154 19.9417 3.19093	
0.09	9.88182 19.9417 3.19103	
0.1	9.88153 19.942 3.19233	
0.11	9.88182 19.9421 3.19244	
0.12	9.88182 19.9421 3.19243	
0.13	9.87962 19.9422 3.1939	
0.14	9.88058 19.9419 3.19236	
0.15	9.88154 19.9417 3.19083	
0.16	9.88153 19.942 3.19228	
0.17	9.88153 19.942 3.19228	
0.18	9.88153 19.942 3.19228	
0.19	9.88058 19.9419 3.19236	
0.2	9.88087 19.942 3.19249	
0.21	9.88182 19.9421 3.19241	
0.22	9.88058 19.9419 3.19236	
0.23	9.88182 19.9421 3.19241	
0.24	9.88182 19.9421 3.19241	
0.25	9.88058 19.9419 3.19236	
0.26	9.88182 19.9421 3.19241	
0.27	9.88058 19.9419 3.19236	
0.28	9.88087 19.942 3.19249	
0.29	9.88058 19.9419 3.19236	
0.3	9.88182 19.9421 3.19241	
0.31	9.88182 19.9421 3.19241	
0.32	9.88087 19.942 3.19249	
0.33	9.88153 19.942 3.19228	
0.34	9.88153 19.942 3.19228	
0.35	9.88058 19.9419 3.19236	
0.36	9.88153 19.942 3.19228	
0.37	9.88153 19.942 3.19228	
0.38	9.88087 19.942 3.19249	
0.39	9.88181 19.9424 3.19387	
0.4	9.88182 19.9421 3.19241	
0.41	9.88182 19.9421 3.19241	
0.42	9.88154 19.9417 3.19083	
0.43	9.88058 19.9419 3.19236	
0.44	9.88153 19.942 3.19228	
0.45	9.88154 19.9417 3.19083	
0.46	9.88087 19.942 3.19249	
0.47	9.88182 19.9421 3.19241	
0.48	9.88058 19.9419 3.19236	
0.49	9.88153 19.942 3.19228	
0.5	9.88154 19.9417 3.19083	
0.51	9.88086 19.9423 3.19394	
0.52	9.88058 19.9419 3.19236	
0.53	9.88058 19.9419 3.19236	
0.54	9.88182 19.9421 3.19241	
0.55	9.88058 19.9419 3.19236	
0.56	9.88153 19.942 3.19228	
0.57	9.88182 19.9421 3.19241	
0.58	9.88058 19.9419 3.19236	
0.59	9.88153 19.942 3.19228	
0.6	9.88086 19.9423 3.19394	
0.61	9.88058 19.9419 3.19236	
0.62	9.88153 19.942 3.19228	
0.63	9.88058 19.9419 3.19236	
0.64	9.88153 19.942 3.19228	
0.65	9.88153 19.942 3.19228	
0.66	9.88182 19.9421 3.19241	
0.67	9.88182 19.9421 3.19241	
0.68	9.88182 19.9421 3.19241	
0.69	9.88153 19.942 3.19228	
0.7	9.88058 19.9419 3.19236	
0.71	9.88153 19.942 3.19228	
0.72	9.88087 19.942 3.19249	
0.73	9.88182 19.9417 3.19096	
0.74	9.88086 19.9423 3.19394	
0.75	9.88058 19.9419 3.19236	
0.76	9.88087 19.942 3.19249	
0.77	9.88182 19.9421 3.19241	
0.78	9.88087 19.942 3.19249	
0.79	9.88058 19.9423 3.19381	
0.8	9.88182 19.9421 3.19241	
0.81	9.88153 19.942 3.19228	
0.82	9.88154 19.9417 3.19083	
0.83	9.88058 19.9419 3.19236	
0.84	9.88086 19.9423 3.19394	
0.85	9.88058 19.9419 3.19236	
0.86	9.88087 19.942 3.19249	
0.87	9.88058 19.9423 3.19381	
0.88	9.88058 19.9419 3.19236	
0.89	9.88058 19.9419 3.19236	
0.9	9.88182 19.9421 3.19241	
0.91	9.88182 19.9421 3.19241	
0.92	9.88277 19.9422 3.19234	
0.93	9.88058 19.9419 3.19236	
0.94	9.88058 19.9419 3.19236	
0.95	9.88182 19.9421 3.19241	
0.96	9.88086 19.9423 3.19394	
0.97	9.88182 19.9421 3.19241	
0.98	9.88058 19.9419 3.19236	
0.99	9.88182 19.9421 3.19241	
1	9.88182 19.9421 3.19241	
1.01	9.88153 19.942 3.19228	
1.02	9.88154 19.9417 3.19083	
1.03	9.88182 19.9421 3.19241	
1.04	9.88182 19.9421 3.19241	
1.05	9.88154 19.9417 3.19083	
1.06	9.88277 19.9422 3.19234	
1.07	9.88277 19.9418 3.19088	
1.08	9.88277 19.9418 3.19088	
1.09	9.88277 19.9418 3.19088	
1.1	9.88154 19.9417 3.19083	
1.11	9.88058 19.9419 3.19236	
1.12	9.88181 19.9424 3.19387	
1.13	9.88058 19.9419 3.19236	
1.14	9.88087 19.942 3.19249	
1.15	9.888 19.9391 3.17673	
1.16	9.88535 19.939 3.17747	
1.17	9.88027 19.9379 3.1752	
1.18	9.87631 19.9381 3.17779	
1.19	9.87603 19.9377 3.1762	
1.2	9.88431 19.9386 3.17646	
1.21	9.88516 19.9385 3.17541	
1.22	9.89036 19.9394 3.1773	
1.23	9.89459 19.9407 3.18109	
1.24	9.8972 19.9412 3.18218	
1.25	9.89952 19.9417 3.18312	
1.26	9.90163 19.9052 3.19698	
1.27	9.91204 19.7668 3.26327	
1.28	9.92191 19.5717 3.3391	
1.29	9.9334 19.3259 3.40424	
1.3	9.9544 19.1458 3.45016	
1.31	9.98036 19.0362 3.48573	
1.32	9.98793 18.9486 3.50405	
1.33	9.98898 18.8491 3.53068	
1.34	9.98731 18.7219 3.54768	
1.35	9.98953 18.5766 3.54236	
1.36	9.98979 18.427 3.55479	
1.37	9.99326 18.2883 3.56011	
1.38	9.99194 18.1403 3.56917	
1.39	9.9967 18.0043 3.61218	
1.4	10.0015 17.8987 3.7097	
1.41	10.001 17.8243 3.81079	
1.42	9.99068 17.7404 3.94762	
1.43	9.959 17.699 4.15696	
1.44	9.9388 17.6412 4.37756	
1.45	9.92895 17.55 4.66684	
1.46	9.90367 17.4968 5.07302	
1.47	9.86963 17.4333 5.43661	
1.48	9.83595 17.3815 5.8019	
1.49	9.80098 17.3604 6.10018	
1.5	9.78545 17.3446 6.31813	
1.51	9.77538 17.296 6.45191	
1.52	9.77466 17.2234 6.5877	
1.53	9.774 17.1968 6.70955	
1.54	9.77388 17.2084 6.82301	
1.55	9.7728 17.2142 6.90578	
1.56	9.78072 17.1923 6.94427	
1.57	9.78841 17.1729 6.96041	
1.58	9.78841 17.1724 6.97553	
1.59	9.79126 17.1773 6.9911	
1.6	9.8166 17.1805 6.99686	
1.61	9.85262 17.1804 6.99991	
1.62	9.88659 17.1777 6.99866	
1.63	9.91382 17.1729 7.00124	
1.64	9.94492 17.1454 6.99962	
1.65	9.99593 17.1292 6.99849	
1.66	10.053 17.127 6.99724	
1.67	10.1018 17.1278 6.99723	
1.68	10.1586 17.1256 6.99292	
1.69	10.2445 17.1214 6.98727	
1.7	10.343 17.1179 6.97867	
1.71	10.4312 17.1271 6.97889	
1.72	10.5276 17.1363 6.97096	
1.73	10.6421 17.1453 6.96688	
1.74	10.7996 17.169 6.95547	
1.75	10.9573 17.2125 6.93263	
1.76	11.1344 17.2469 6.89127	
1.77	11.3089 17.2777 6.84284	
1.78	11.5032 17.3304 6.77225	
1.79	11.6558 17.3945 6.68362	
1.8	11.7939 17.4554 6.58776	
1.81	11.896 17.4844 6.49529	
1.82	11.97 17.4963 6.37883	
1.83	12.007 17.5107 6.28251	
1.84	12.0392 17.5245 6.18135	
1.85	12.0663 17.4961 6.05404	
1.86	12.0906 17.4396 5.90395	
1.87	12.1069 17.4151 5.77951	
1.88	12.125 17.4178 5.66941	
1.89	12.1448 17.4246 5.55777	
1.9	12.159 17.3929 5.39862	
1.91	12.1651 17.3728 5.23716	
1.92	12.1637 17.3885 5.08907	
1.93	12.1658 17.3867 4.95223	
1.94	12.1702 17.3677 4.81918	
1.95	12.1735 17.3621 4.68146	
1.96	12.1743 17.3674 4.5826	
1.97	12.1774 17.3551 4.50885	
1.98	12.1827 17.334 4.4616	
1.99	12.1868 17.3194 4.40632	
2	12.1913 17.3028 4.34598	
2.01	12.1954 17.2938 4.3128	
2.02	12.1971 17.2847 4.29153	
2.03	12.2002 17.2756 4.27021	
2.04	12.2038 17.2646 4.24536	
2.05	12.2083 17.2554 4.22397	
2.06	12.2159 17.2384 4.20434	
2.07	12.2264 17.2133 4.19056	
2.08	12.2506 17.1669 4.1575	
2.09	12.2726 17.1276 4.11798	
2.1	12.2886 17.0778 4.08175	
2.11	12.3067 17.0226 4.04449	
2.12	12.3206 16.9546 4.01491	
2.13	12.3321 16.9045 3.99164	
2.14	12.346 16.8439 3.9683	
2.15	12.3583 16.7846 3.96088	
2.16	12.3673 16.7416 3.95604	
2.17	12.3776 16.6981 3.94989	
2.18	12.3866 16.655 3.94534	
2.19	12.3944 16.6131 3.94527	
2.2	12.4067 16.5533 3.93746	
2.21	12.4172 16.5052 3.93425	
2.22	12.4261 16.4666 3.92801	
2.23	12.4348 16.4235 3.92412	
2.24	12.4453 16.3666 3.92507	
2.25	12.4575 16.3141 3.92398	
2.26	12.4691 16.2592 3.93043	
2.27	12.4781 16.2098 3.9377	
2.28	12.4892 16.1798 3.95176	
2.29	12.5003 16.127 3.96388	
2.3	12.52 16.0556 3.97932	
2.31	12.5316 16.0027 4.02989	
2.32	12.5418 15.9564 4.09571	
2.33	12.5544 15.8925 4.15715	
2.34	12.5758 15.7923 4.1962	
2.35	12.5975 15.6906 4.25692	
2.36	12.6118 15.6188 4.34768	
2.37	12.6243 15.5604 4.45522	
2.38	12.6449 15.4596 4.57489	
2.39	12.6686 15.3499 4.68747	
2.4	12.6835 15.2489 4.78548	
2.41	12.695 15.1985 4.8845	
2.42	12.7084 15.1358 4.96936	
2.43	12.7289 15.0416 5.04609	
2.44	12.7459 14.9609 5.09466	
2.45	12.7618 14.8851 5.15207	
2.46	12.7757 14.818 5.21598	
2.47	12.793 14.7314 5.26654	
2.48	12.8174 14.615 5.29231	
2.49	12.8395 14.5089 5.30566	
2.5	12.8503 14.3786 5.32442	
2.51	12.861 14.2767 5.34217	
2.52	12.8819 14.1487 5.36188	
2.53	12.9138 13.9739 5.39271	
2.54	12.9399 13.8485 5.41838	
2.55	12.9615 13.7443 5.44098	
2.56	12.9788 13.662 5.46284	
2.57	12.9898 13.5836 5.48318	
2.58	13.0034 13.4993 5.50348	
2.59	13.0015 13.4239 5.52372	
2.6	12.9954 13.3368 5.54642	
2.61	13.0004 13.2341 5.56966	
2.62	12.9982 13.1209 5.59813	
2.63	13.0029 13.0141 5.6266	
2.64	13.008 12.8976 5.6595	
2.65	13.0081 12.792 5.69111	
2.66	13.0047 12.7171 5.714	
2.67	12.9963 12.6211 5.7447	
2.68	12.9872 12.5353 5.77236	
2.69	12.9617 12.4603 5.79186	
2.7	12.9249 12.3855 5.79506	
2.71	12.8922 12.3042 5.78252	
2.72	12.8602 12.1872 5.77035	
2.73	12.8206 12.0721 5.75247	
2.74	12.7638 11.981 5.7283	
2.75	12.6787 11.9258 5.68678	
2.76	12.5823 11.8589 5.61347	
2.77	12.4843 11.7881 5.54118	
2.78	12.3792 11.7367 5.47146	
2.79	12.2475 11.7168 5.40762	
2.8	12.1087 11.7032 5.34156	
2.81	11.9734 11.6789 5.29678	
2.82	11.8373 11.6736 5.27802	
2.83	11.6782 11.6981 5.2609	
2.84	11.5315 11.7312 5.24408	
2.85	11.4011 11.7708 5.23517	
2.86	11.2929 11.8095 5.2188	
2.87	11.1873 11.8387 5.20664	
2.88	11.0837 11.8623 5.19296	
2.89	10.9803 11.8951 5.186	
2.9	10.8562 11.9537 5.17167	
2.91	10.7601 12.012 5.15279	
2.92	10.6458 12.0808 5.13183	
2.93	10.5499 12.1261 5.1189	
2.94	10.4669 12.1587 5.11437	
2.95	10.3832 12.213 5.12985	
2.96	10.32 12.2584 5.13836	
2.97	10.2695 12.2994 5.12516	
2.98	10.2208 12.3474 5.11324	
2.99	10.1557 12.4121 5.11184	
3	10.1059 12.4722 5.11316	
3.01	10.0627 12.5306 5.09928	
3.02	10.0165 12.5831 5.08511	
3.03	9.97387 12.6308 5.07366	
3.04	9.92846 12.6675 5.06277	
3.05	9.87845 12.7126 5.05714	
3.06	9.84063 12.7603 5.04461	
3.07	9.79619 12.8142 5.03292	
3.08	9.76038 12.8463 5.02484	
3.09	9.71041 12.8848 5.01741	
3.1	9.6435 12.9343 5.00692	
3.11	9.57149 12.9893 4.9944	
3.12	9.50001 13.0446 4.9821	
3.13	9.4286 13.0889 4.98199	
3.14	9.33935 13.1428 4.98741	
3.15	9.20791 13.2146 4.99826	
3.16	9.07501 13.2864 5.00742	
3.17	8.95234 13.3338 5.01313	
3.18	8.82329 13.378 5.02113	
3.19	8.69256 13.4264 5.02384	
3.2	8.52322 13.5049 5.01842	
3.21	8.33701 13.6015 5.00693	
3.22	8.11921 13.7204 4.99118	
3.23	7.94227 13.7983 4.98143	
3.24	7.77911 13.8574 4.9686	
3.25	7.5984 13.9054 4.9589	
3.26	7.40532 13.9464 4.94866	
3.27	7.22126 13.9961 4.94459	
3.28	7.02981 14.0542 4.93804	
3.29	6.86716 14.0774 4.91614	
3.3	6.73006 14.0836 4.88185	
3.31	6.62471 14.0797 4.86439	
3.32	6.50803 14.0861 4.84643	
3.33	6.41357 14.0929 4.82796	
3.34	6.35011 14.0622 4.77501	
3.35	6.32268 13.9805 4.69805	
3.36	6.29145 13.8811 4.59234	
3.37	6.26754 13.8037 4.50764	
3.38	6.25781 13.7511 4.44367	
3.39	6.25483 13.681 4.37149	
3.4	6.27393 13.5931 4.29686	
3.41	6.29483 13.5275 4.24285	
3.42	6.30654 13.4927 4.21118	
3.43	6.32415 13.4645 4.17174	
3.44	6.3565 13.4172 4.12362	
3.45	6.3944 13.3675 4.08613	
3.46	6.43408 13.317 4.05937	
3.47	6.47808 13.2658 4.04833	
3.48	6.5426 13.2063 4.0536	
3.49	6.61529 13.1281 4.06122	
3.5	6.70407 13.0304 4.07145	
3.51	6.79205 12.9251 4.08999	
3.52	6.86455 12.8499 4.11279	
3.53	6.92398 12.8015 4.13556	
3.54	6.98049 12.7378 4.1487	
3.55	7.02279 12.6687 4.1703	
3.56	7.04794 12.6031 4.21906	
3.57	7.0577 12.5257 4.2886	
3.58	7.05552 12.4587 4.37635	
3.59	7.04453 12.3917 4.4481	
3.6	7.02652 12.3075 4.51689	
3.61	7.01035 12.2144 4.58156	
3.62	6.99777 12.1338 4.64815	
3.63	6.98139 12.0553 4.71992	
3.64	6.9694 11.978 4.78088	
3.65	6.95082 11.8814 4.8255	
3.66	6.9348 11.7706 4.86754	
3.67	6.91917 11.6734 4.91101	
3.68	6.90244 11.5848 4.94785	
3.69	6.88567 11.4894 4.98303	
3.7	6.86454 11.3788 5.02354	
3.71	6.84696 11.2582 5.0711	
3.72	6.82722 11.1547 5.11483	
3.73	6.80837 11.0465 5.16111	
3.74	6.79226 10.9687 5.1972	
3.75	6.77444 10.9021 5.22882	
3.76	6.76147 10.8332 5.25823	
3.77	6.74896 10.7667 5.29297	
3.78	6.7347 10.6908 5.33304	
3.79	6.71797 10.6034 5.3861	
3.8	6.70141 10.5153 5.45087	
3.81	6.6895 10.4132 5.53895	
3.82	6.6866 10.3225 5.62899	
3.83	6.67921 10.2449 5.71866	
3.84	6.67255 10.1707 5.81531	
3.85	6.66656 10.1013 5.90911	
3.86	6.66838 10.0319 5.9933	
3.87	6.67442 9.95385 6.06224	
3.88	6.69627 9.86754 6.107	
3.89	6.7209 9.79496 6.14298	
3.9	6.71973 9.73093 6.18543	
3.91	6.72479 9.67725 6.22753	
3.92	6.73258 9.62864 6.2556	
3.93	6.74188 9.58969 6.27917	
3.94	6.74572 9.56119 6.29688	
3.95	6.74643 9.52315 6.31943	
3.96	6.77483 9.46604 6.35033	
3.97	6.80931 9.40006 6.37756	
3.98	6.867 9.32917 6.4028	
3.99	6.92286 9.24612 6.42675	
4	6.99209 9.17649 6.44362	
4.01	7.05373 9.11267 6.46924	
4.02	7.11004 9.06038 6.49153	
4.03	7.16918 9.01537 6.49178	
4.04	7.23993 8.95543 6.47728	
4.05	7.31024 8.90009 6.4468	
4.06	7.36928 8.85916 6.40375	
4.07	7.43121 8.82746 6.35414	
4.08	7.49464 8.80599 6.31318	
4.09	7.56107 8.79597 6.27064	
4.1	7.62068 8.80129 6.23326	
4.11	7.68044 8.79868 6.19047	
4.12	7.73986 8.79325 6.15374	
4.13	7.79745 8.79761 6.13838	
4.14	7.85673 8.80435 6.12792	
4.15	7.91535 8.81669 6.11663	
4.16	7.98214 8.82767 6.10366	
4.17	8.05137 8.8294 6.09574	
4.18	8.12636 8.83468 6.08385	
4.19	8.20874 8.83126 6.08001	
4.2	8.29109 8.837 6.06957	
4.21	8.36883 8.85339 6.05456	
4.22	8.43539 8.86538 6.04063	
4.23	8.50702 8.86802 6.03296	
4.24	8.59432 8.86235 6.03502	
4.25	8.6734 8.86253 6.03487	
4.26	8.74482 8.86825 6.03205	
4.27	8.81705 8.87918 6.02714	
4.28	8.91161 8.89863 6.01734	
4.29	9.00753 8.92022 6.01116	
4.3	9.10029 8.9433 5.9942	
4.31	9.20121 8.95684 5.98199	
4.32	9.29637 8.97126 5.96995	
4.33	9.39836 8.98387 5.96646	
4.34	9.50013 8.99478 5.95806	
4.35	9.59482 9.0233 5.94765	
4.36	9.68326 9.04527 5.9347	
4.37	9.77298 9.06763 5.92183	
4.38	9.86246 9.08492 5.90998	
4.39	9.93572 9.1082 5.89724	
4.4	10.0173 9.13394 5.88939	
4.41	10.0814 9.1699 5.87718	
4.42	10.138 9.21098 5.86283	
4.43	10.2161 9.25457 5.84008	
4.44	10.278 9.29286 5.81832	
4.45	10.3412 9.32702 5.80029	
4.46	10.4115 9.35112 5.78539	
4.47	10.4804 9.37 5.77133	
4.48	10.5488 9.39965 5.75432	
4.49	10.6092 9.44919 5.72874	
4.5	10.6621 9.50312 5.69988	
4.51	10.7138 9.58107 5.658	
4.52	10.7711 9.64977 5.62071	
4.53	10.8296 9.71946 5.58538	
4.54	10.8704 9.78885 5.55016	
4.55	10.9212 9.84932 5.5208	
4.56	10.9772 9.90419 5.49078	
4.57	11.0337 9.95211 5.45833	
4.58	11.0994 10.0041 5.43371	
4.59	11.1658 10.0434 5.407	
4.6	11.2316 10.0829 5.38028	
4.61	11.3046 10.1223 5.35175	
4.62	11.3763 10.1752 5.3128	
4.63	11.4435 10.2257 5.25674	
4.64	11.493 10.2745 5.18496	
4.65	11.5557 10.3266 5.10399	
4.66	11.6034 10.3715 5.03537	
4.67	11.6488 10.4174 4.96795	
4.68	11.6847 10.4491 4.89804	
4.69	11.727 10.4693 4.82675	
4.7	11.7788 10.4736 4.75689	
4.71	11.825 10.4662 4.68803	
4.72	11.8724 10.4504 4.6263	
4.73	11.9282 10.4318 4.5688	
4.74	11.9709 10.4098 4.50617	
4.75	12.0104 10.3931 4.45482	
4.76	12.0508 10.3696 4.40003	
4.77	12.0771 10.3525 4.35	
4.78	12.1041 10.3298 4.30025	
4.79	12.1292 10.3113 4.24486	
4.8	12.149 10.2901 4.19991	
4.81	12.1716 10.2759 4.15416	
4.82	12.19 10.2547 4.09193	
4.83	12.2177 10.2134 4.03511	
4.84	12.243 10.1665 3.99289	
4.85	12.2719 10.1268 3.97156	
4.86	12.3049 10.0908 3.95666	
4.87	12.3311 10.0652 3.94222	
4.88	12.358 10.0232 3.91198	
4.89	12.3981 9.94985 3.88779	
4.9	12.4459 9.85904 3.87592	
4.91	12.5039 9.76777 3.87686	
4.92	12.5466 9.69757 3.87738	
4.93	12.586 9.64373 3.87365	
4.94	12.6251 9.58445 3.87075	
4.95	12.6762 9.50283 3.86575	
4.96	12.7266 9.41906 3.86953	
4.97	12.7767 9.34761 3.87547	
4.98	12.8363 9.28065 3.89219	
4.99	12.8776 9.23908 3.90536	
5	12.9103 9.19491 3.91322	
5.01	12.9341 9.14974 3.92093	
5.02	12.9668 9.0951 3.92918	
5.03	12.987 9.04455 3.94103	
5.04	13.0028 9.00169 3.95953	
5.05	13.0131 8.94945 3.98806	
5.06	13.0257 8.87901 4.02803	
5.07	13.0453 8.81355 4.06373	
5.08	13.0556 8.74784 4.10079	
5.09	13.0669 8.67751 4.14067	
5.1	13.0742 8.59305 4.1934	
5.11	13.0843 8.52807 4.23172	
5.12	13.087 8.47085 4.26453	
5.13	13.093 8.43524 4.28918	
5.14	13.0827 8.40194 4.3114	
5.15	13.0722 8.36793 4.33228	
5.16	13.0716 8.3216 4.36203	
5.17	13.0801 8.26635 4.39564	
5.18	13.0788 8.22432 4.42202	
5.19	13.076 8.1919 4.44354	
5.2	13.0734 8.15018 4.47013	
5.21	13.0801 8.09478 4.50292	
5.22	13.081 8.017 4.55265	
5.23	13.0845 7.94009 4.60461	
5.24	13.0719 7.85571 4.65838	
5.25	13.05 7.76812 4.71908	
5.26	13.0122 7.67704 4.77784	
5.27	12.9733 7.57805 4.84368	
5.28	12.9443 7.46341 4.92537	
5.29	12.9346 7.34493 5.00495	
5.3	12.9131 7.24867 5.07119	
5.31	12.8806 7.17514 5.12521	
5.32	12.8558 7.0764 5.19659	
5.33	12.8481 6.98505 5.26619	
5.34	12.83 6.90788 5.33007	
5.35	12.8109 6.84792 5.38128	
5.36	12.7905 6.79624 5.42531	
5.37	12.7714 6.74677 5.46037	
5.38	12.7493 6.70904 5.48096	
5.39	12.7191 6.66402 5.48321	
5.4	12.6872 6.62328 5.46364	
5.41	12.6644 6.60146 5.45343	
5.42	12.6294 6.59632 5.44916	
5.43	12.6034 6.58976 5.41979	
5.44	12.5798 6.57349 5.37414	
5.45	12.5463 6.55552 5.30802	
5.46	12.5157 6.52618 5.21909	
5.47	12.4904 6.49863 5.1321	
5.48	12.4592 6.47686 5.05429	
5.49	12.4153 6.48119 4.97776	
5.5	12.3697 6.50035 4.89725	
5.51	12.3331 6.51743 4.80501	
5.52	12.2803 6.51293 4.71432	
5.53	12.23 6.49323 4.64245	
5.54	12.1774 6.48868 4.60983	
5.55	12.1231 6.49557 4.58143	
5.56	12.0702 6.50968 4.53813	
5.57	12.0058 6.52277 4.47018	
5.58	11.9325 6.53988 4.39915	
5.59	11.8667 6.55556 4.3405	
5.6	11.8039 6.57088 4.29842	
5.61	11.7401 6.60154 4.2568	
5.62	11.6608 6.61899 4.20937	
5.63	11.5887 6.63227 4.15674	
5.64	11.5252 6.64499 4.10163	
5.65	11.4544 6.66076 4.06256	
5.66	11.3837 6.678 4.02887	
5.67	11.3026 6.69726 3.9813	
5.68	11.2217 6.71579 3.92852	
5.69	11.1414 6.72559 3.88162	
5.7	11.0538 6.74663 3.83978	
5.71	10.9727 6.76733 3.81649	
5.72	10.8729 6.78877 3.79453	
5.73	10.7843 6.80501 3.77032	
5.74	10.6961 6.82251 3.74754	
5.75	10.6095 6.83948 3.72368	
5.76	10.5218 6.85045 3.71324	
5.77	10.4338 6.86093 3.70146	
5.78	10.3456 6.88184 3.68519	
5.79	10.2478 6.90781 3.66608	
5.8	10.1602 6.93424 3.64728	
5.81	10.0643 6.95087 3.63274	
5.82	9.96917 6.96613 3.6291	
5.83	9.88237 6.98564 3.62146	
5.84	9.78785 7.00536 3.60991	
5.85	9.68238 7.03909 3.58864	
5.86	9.55237 7.07689 3.562	
5.87	9.43135 7.11073 3.53849	
5.88	9.28949 7.14698 3.51597	
5.89	9.14605 7.17869 3.49492	
5.9	9.00609 7.20837 3.48346	
5.91	8.8757 7.23255 3.46949	
5.92	8.73665 7.24934 3.46207	
5.93	8.59595 7.26116 3.45553	
5.94	8.4574 7.27004 3.45331	
5.95	8.31147 7.28748 3.45909	
5.96	8.1672 7.29981 3.4584	
5.97	8.04974 7.3166 3.46059	
5.98	7.92505 7.33859 3.45494	
5.99	7.79203 7.371 3.44276	
6	7.66108 7.40395 3.42663	
6.01	7.55189 7.42654 3.42121	
6.02	7.46639 7.43605 3.41959	
6.03	7.38776 7.44127 3.42231	
6.04	7.32015 7.45001 3.42203	
6.05	7.2735 7.45583 3.42187	
6.06	7.25293 7.45227 3.41894	
6.07	7.24952 7.4513 3.41362	
6.08	7.23771 7.44842 3.39642	
6.09	7.23573 7.44493 3.37642	
6.1	7.23363 7.44064 3.35519	
6.11	7.23209 7.43838 3.34063	
6.12	7.22974 7.43225 3.31283	
6.13	7.229 7.42484 3.27563	
6.14	7.21822 7.41662 3.22769	
6.15	7.21871 7.40731 3.17969	
6.16	7.21599 7.39848 3.1358	
6.17	7.21474 7.39142 3.09825	
6.18	7.21367 7.38171 3.04489	
6.19	7.20963 7.35246 2.97135	
6.2	7.21171 7.31713 2.89525	
6.21	7.20914 7.2896 2.82676	
6.22	7.20558 7.27264 2.78815	
6.23	7.2031 7.26758 2.75586	
6.24	7.20143 7.2554 2.71018	
6.25	7.19899 7.22677 2.66051	
6.26	7.19339 7.19709 2.63104	
6.27	7.19707 7.16393 2.6204	
6.28	7.21058 7.14212 2.6259	
6.29	7.23972 7.11339 2.63417	
6.3	7.26884 7.08398 2.63711	
6.31	7.29231 7.06041 2.63738	
6.32	7.31705 7.03671 2.63749	
6.33	7.34175 7.01233 2.63225	
6.34	7.36224 6.97814 2.62734	
6.35	7.37712 6.94102 2.63054	
6.36	7.39144 6.91089 2.64727	
6.37	7.39022 6.88934 2.66364	
6.38	7.3881 6.86072 2.6751	
6.39	7.38296 6.82012 2.69759	
6.4	7.37795 6.78051 2.72142	
6.41	7.37558 6.74995 2.74379	
6.42	7.36388 6.71426 2.76242	
6.43	7.35889 6.67494 2.78663	
6.44	7.35236 6.62141 2.81447	
6.45	7.35512 6.56672 2.84226	
6.46	7.34857 6.51288 2.86522	
6.47	7.34406 6.47724 2.87637	
6.48	7.33688 6.46406 2.87559	
6.49	7.32677 6.45369 2.85145	
6.5	7.31826 6.43993 2.8047	
6.51	7.31513 6.41759 2.73373	
6.52	7.31409 6.40729 2.6786	
6.53	7.31356 6.40314 2.64076	
6.54	7.31454 6.39897 2.60284	
6.55	7.3119 6.39009 2.56262	
6.56	7.30904 6.36775 2.53133	
6.57	7.30797 6.34754 2.52165	
6.58	7.30533 6.33868 2.52774	
6.59	7.30361 6.32522 2.5368	
6.6	7.29971 6.29475 2.55918	
6.61	7.30452 6.2533 2.5865	
6.62	7.30196 6.22142 2.63491	
6.63	7.30078 6.20258 2.67832	
6.64	7.29645 6.16651 2.76691	
6.65	7.2921 6.13251 2.87174	
6.66	7.28084 6.10055 3.00914	
6.67	7.26646 6.06791 3.12638	
6.68	7.242 6.01337 3.23495	
6.69	7.22433 5.94233 3.33628	
6.7	7.21719 5.87805 3.43445	
6.71	7.21089 5.8392 3.53454	
6.72	7.19708 5.80074 3.63766	
6.73	7.19156 5.75858 3.71525	
6.74	7.18457 5.70512 3.77816	
6.75	7.17879 5.64939 3.82937	
6.76	7.17237 5.61177 3.87299	
6.77	7.16843 5.58175 3.90461	
6.78	7.16608 5.55256 3.93747	
6.79	7.16378 5.53521 3.95916	
6.8	7.15863 5.50728 3.97576	
6.81	7.14521 5.47308 4.00038	
6.82	7.14021 5.43302 4.02329	
6.83	7.13604 5.40358 4.05122	
6.84	7.13197 5.37259 4.07696	
6.85	7.12897 5.34997 4.09172	
6.86	7.12631 5.32977 4.10065	
6.87	7.13063 5.2939 4.10805	
6.88	7.12423 5.25615 4.12448	
6.89	7.13677 5.21361 4.15108	
6.9	7.13997 5.16852 4.17716	
6.91	7.13368 5.13138 4.18983	
6.92	7.13534 5.08523 4.20972	
6.93	7.1387 5.04059 4.24051	
6.94	7.14002 4.98914 4.28426	
6.95	7.13373 4.94209 4.31893	
6.96	7.12763 4.89239 4.3589	
6.97	7.11991 4.8437 4.40447	
6.98	7.11514 4.79505 4.45014	
6.99	7.10827 4.74356 4.5051	
7	7.10219 4.6943 4.56297	
7.01	7.09393 4.64161 4.62482	
7.02	7.0896 4.59855 4.67307	
7.03	7.07284 4.55 4.72527	
7.04	7.06604 4.49734 4.78673	
7.05	7.05882 4.44135 4.85232	
7.06	7.05222 4.39035 4.91563	
7.07	7.05473 4.33696 4.97267	
7.08	7.05536 4.27997 5.02438	
7.09	7.04751 4.21869 5.06827	
7.1	7.04861 4.15342 5.11226	
7.11	7.05849 4.08162 5.15287	
7.12	7.0676 4.01444 5.18584	
7.13	7.0674 3.93683 5.21494	
7.14	7.07651 3.85651 5.2498	
7.15	7.07797 3.77951 5.296	
7.16	7.08927 3.70378 5.34938	
7.17	7.10334 3.62599 5.39004	
7.18	7.11924 3.56241 5.4147	
7.19	7.13839 3.51079 5.41115	
7.2	7.14401 3.45291 5.40421	
7.21	7.1754 3.36426 5.40837	
7.22	7.2068 3.27291 5.41089	
7.23	7.26161 3.18655 5.39464	
7.24	7.30168 3.12913 5.32941	
7.25	7.33072 3.09705 5.26365	
7.26	7.35282 3.09056 5.19387	
7.27	7.38482 3.08304 5.10561	
7.28	7.43099 3.07788 4.99224	
7.29	7.47904 3.08694 4.84995	
7.3	7.51754 3.11264 4.67987	
7.31	7.55557 3.14813 4.51793	
7.32	7.61327 3.18382 4.33908	
7.33	7.68219 3.22154 4.1791	
7.34	7.76552 3.29458 4.04395	
7.35	7.85679 3.36957 3.91628	
7.36	7.96077 3.45095 3.78034	
7.37	8.07432 3.55593 3.61483	
7.38	8.1774 3.66217 3.45076	
7.39	8.29046 3.78587 3.27898	
7.4	8.41978 3.90803 3.11325	
7.41	8.56611 4.02315 2.96338	
7.42	8.75361 4.14788 2.79388	
7.43	8.94679 4.301 2.60505	
7.44	9.12255 4.47443 2.40354	
7.45	9.27093 4.63591 2.25973	
7.46	9.45484 4.8207 2.06514	
7.47	9.69339 4.81045 2.05309	
7.48	9.94617 5.14118 1.7996	
7.49	10.0513 5.18506 1.7877	
7.5	10.2053 5.53606 1.60953	
7.51	10.2782 5.60239 1.56014	
7.52	10.3753 5.81096 1.37032	
7.53	10.4767 6.32805 0.861526	
7.54	10.4776 6.78734 0.475902	
7.55	10.5212 7.2689 0.196745	
7.56	10.5963 7.6767 -0.026585	
7.57	10.6292 7.99624 -0.183043	
7.58	10.6286 8.20287 -0.274052	
7.59	10.637 8.55153 -0.415481	
7.6	10.6106 9.08617 -0.638578	
7.61	10.5947 9.63685 -0.816178	
7.62	10.572 10.1143 -0.949716	
7.63	10.5468 10.6642 -1.07477	
7.64	10.5252 11.0901 -1.09444	
7.65	10.4924 11.7868 -1.0157	
7.66	10.4483 12.5933 -0.749451	
7.67	10.4232 13.2296 -0.331691	
7.68	10.4114 13.5776 0.178507	
7.69	10.4044 13.9995 0.787182	
7.7	10.3731 14.3314 1.35166	
7.71	10.3375 14.4904 1.94434	
7.72	10.3396 14.72 2.67759	
7.73	10.3234 15.0763 3.29872	
7.74	10.3217 15.3092 3.66581	
7.75	10.282 15.5966 3.98353	
7.76	10.2529 16.0752 3.99335	
7.77	10.2341 16.4648 3.89111	
7.78	10.2136 16.8875 3.83589	
7.79	10.1922 17.2081 3.7168	
7.8	10.1629 17.5302 3.58573	
7.81	10.1511 17.8629 3.50674	
7.82	10.1395 18.3669 3.26749	
7.83	10.0573 18.9188 3.23659	
7.84	10.0102 19.0676 3.23655	
7.85	9.99178 19.1622 3.27468	
7.86	9.9808 19.3063 3.30096	
7.87	9.96513 19.4508 3.31621	
7.88	9.94133 19.5586 3.32484	
7.89	9.93365 19.6874 3.31093	
7.9	9.93114 19.7903 3.29603	
7.91	9.9284 19.8964 3.27579	
7.92	9.92635 19.9711 3.23821	
7.93	9.92227 19.9453 3.19106	
7.94	9.9214 19.9452 3.1908	
7.95	9.91932 19.9449 3.19016	
7.96	9.91394 19.9427 3.1826	
7.97	9.908 19.9428 3.1849	
7.98	9.90066 19.9419 3.18357	
7.99	9.89255 19.9403 3.18021	
8	9.88316 19.9384 3.1759	
8.01	9.87536 19.937 3.17341	
8.02	9.86569 19.9343 3.16726	
8.03	9.85899 19.9329 3.16461	
8.04	9.85929 19.9323 3.16201	
8.05	9.85944 19.9325 3.16287	
8.06	9.86569 19.9347 3.1687	
8.07	9.87371 19.9362 3.17109	
8.08	9.87896 19.9375 3.17383	
8.09	9.87059 19.9364 3.19931	
8.1	9.79742 19.8524 3.31343	
8.11	9.74459 19.7372 3.33627	
8.12	9.73981 19.6851 3.30989	
8.13	9.75861 19.629 3.21954	
8.14	9.76647 19.4536 3.07087	
8.15	9.76357 19.1719 2.85535	
8.16	9.74633 18.6852 2.54467	
8.17	9.71436 18.1672 2.30111	
8.18	9.72092 17.7134 2.16427	
8.19	9.70637 17.6649 2.18935	
8.2	9.66677 17.6627 2.48761	
8.21	9.58961 17.5219 2.40292	
8.22	9.53472 17.5893 2.57003	
8.23	9.48907 17.5431 2.54459	
8.24	9.47196 17.5281 2.52265	
8.25	9.46497 17.5245 2.52189	
8.26	9.46284 17.5181 2.52289	
8.27	9.46184 17.5163 2.51776	
8.28	9.46138 17.5131 2.52564	
8.29	9.46046 17.514 2.52276	
8.3	9.46137 17.5136 2.52163	
8.31	9.47124 17.4994 2.51311	
8.32	9.48384 17.4987 2.52133	
8.33	9.48829 17.5014 2.51522	
8.34	9.50973 17.6834 2.56166	
8.35	9.54797 18.248 2.65894	
8.36	9.63116 18.4915 2.84973	
8.37	9.66533 18.6323 3.01992	
8.38	9.68677 18.8711 3.17565	
8.39	9.77117 19.1878 3.25144	
8.4	9.86159 19.4196 3.29433	
8.41	9.8461 19.6619 3.25136	
8.42	9.87239 19.8272 3.15414	
8.43	9.76816 19.8865 3.06383	
8.44	9.75661 19.8709 3.02854	
8.45	9.75147 19.857 2.99728	
8.46	9.75079 19.8436 2.96734	
8.47	9.7567 19.8369 2.95001	
8.48	9.75553 19.8333 2.94295	
8.49	9.75402 19.8308 2.93859	
8.5	9.75425 19.8302 2.93726	
8.51	9.75431 19.8301 2.93684	
8.52	9.75338 19.8309 2.93896	
8.53	9.75041 19.8326 2.94379	
8.54	9.7494 19.8348 2.94888	
8.55	9.74845 19.835 2.94976	
8.56	9.74751 19.8352 2.95064	
8.57	9.74651 19.8349 2.95051	
8.58	9.7465 19.8356 2.95181	
8.59	9.7465 19.8356 2.9518	
8.6	9.7465 19.8356 2.95179	
8.61	9.7465 19.8356 2.95178	
8.62	9.74656 19.8354 2.9515	
8.63	9.7465 19.8356 2.95178	
8.64	9.74652 19.8349 2.95047	
8.65	9.7465 19.8356 2.95178	
8.66	9.74657 19.8348 2.95018	
8.67	9.74656 19.8354 2.9515	
8.68	9.74657 19.8348 2.95018	
8.69	9.74657 19.8348 2.95018	
8.7	9.74656 19.8354 2.9515	
8.71	9.74656 19.8354 2.9515	
8.72	9.74757 19.8351 2.9503	
8.73	9.74656 19.8354 2.9515	
8.74	9.74657 19.8348 2.95018	
8.75	9.74557 19.8351 2.95138	
8.76	9.74656 19.8354 2.9515	
8.77	9.74656 19.8354 2.9515	
8.78	9.74656 19.8354 2.9515	
8.79	9.74557 19.8351 2.95138	
8.8	9.74557 19.8351 2.95138	
8.81	9.74657 19.8348 2.95018	
8.82	9.74657 19.8348 2.95018	
8.83	9.74557 19.8351 2.95138	
8.84	9.74663 19.8347 2.94989	
8.85	9.74763 19.835 2.95001	
8.86	9.74657 19.8348 2.95018	
8.87	9.74656 19.8354 2.9515	
8.88	9.74656 19.8354 2.9515	
8.89	9.74663 19.8347 2.94989	
8.9	9.74657 19.8348 2.95018	
8.91	9.74557 19.8351 2.95138	
8.92	9.74662 19.8353 2.95121	
8.93	9.74662 19.8353 2.95121	
8.94	9.74663 19.8347 2.94989	
8.95	9.74662 19.8353 2.95121	
8.96	9.74557 19.8351 2.95138	
8.97	9.74656 19.8354 2.9515	
8.98	9.74656 19.8354 2.9515	
8.99	9.74656 19.8354 2.9515	
9	9.74663 19.8347 2.94989	
9.01	9.74557 19.8351 2.95138	
9.02	9.74662 19.8353 2.95121	
9.03	9.74656 19.8354 2.9515	
9.04	9.74563 19.835 2.95109	
9.05	9.74657 19.8348 2.95018	
9.06	9.74663 19.8347 2.94989	
9.07	9.74656 19.8354 2.9515	
9.08	9.74656 19.8354 2.9515	
9.09	9.74557 19.8351 2.95138	
9.1	9.74563 19.835 2.95109	
9.11	9.74663 19.8347 2.94989	
9.12	9.74662 19.8353 2.95121	
9.13	9.74663 19.8347 2.94989	
9.14	9.74662 19.8353 2.95121	
9.15	9.74663 19.8347 2.94989	
9.16	9.74557 19.8351 2.95138	
9.17	9.74564 19.8344 2.94977	
9.18	9.74663 19.8347 2.94989	
9.19	9.74564 19.8344 2.94977	
9.2	9.74662 19.8353 2.95121	
9.21	9.74557 19.8351 2.95138	
9.22	9.74656 19.8354 2.9515	
9.23	9.74557 19.8351 2.95138	
9.24	9.74663 19.8347 2.94989	
9.25	9.74662 19.8353 2.95121	
