# Gnuplot File : velocities of 1 particle(s) Monitored
# 1st Column : time, others : particle(s) number 0 
0.01	0 0 -0.0737101	
0.02	0 0 -0.134079	
0.03	0 0 -0.183521	
0.04	0 0 -0.224014	
0.05	0 0 -0.257177	
0.06	0 0 -0.284339	
0.07	0 0 -0.306584	
0.08	0 0 -0.324802	
0.09	0 0 -0.339723	
0.1	1.05548e-16 0 -0.351944	
0.11	8.64287e-17 0 -0.361952	
0.12	7.08063e-17 0 -0.370149	
0.13	6.94391e-17 0 -0.376863	
0.14	5.71071e-17 0 -0.382361	
0.15	4.67651e-17 0 -0.386864	
0.16	3.83007e-17 0 -0.390552	
0.17	3.12516e-17 0 -0.393572	
0.18	2.56937e-17 0 -0.396046	
0.19	2.10407e-17 0 -0.398072	
0.2	1.72323e-17 0 -0.399732	
0.21	1.41133e-17 0 -0.401091	
0.22	1.15144e-17 0 -0.402204	
0.23	9.4303e-18 0 -0.403115	
0.24	7.75321e-18 0 -0.403862	
0.25	6.34988e-18 0 -0.404473	
0.26	5.17903e-18 0 -0.404974	
0.27	4.24341e-18 0 -0.405384	
0.28	3.47536e-18 0 -0.40572	
0.29	2.85695e-18 0 -0.405995	
0.3	1.40123e-17 0 -0.40622	
0.31	1.40672e-17 0 -0.40622	
0.32	1.40165e-17 0 -0.40622	
0.33	1.40148e-17 0 -0.40622	
0.34	1.40165e-17 0 -0.40622	
0.35	1.40123e-17 0 -0.40622	
0.36	1.4073e-17 0 -0.40622	
0.37	1.40688e-17 0 -0.40622	
0.38	1.40148e-17 0 -0.40622	
0.39	1.40123e-17 0 -0.40622	
0.4	1.40148e-17 0 -0.40622	
0.41	1.41752e-17 0 -0.40622	
0.42	1.41228e-17 0 -0.40622	
0.43	1.41228e-17 0 -0.40622	
0.44	1.41187e-17 0 -0.40622	
0.45	1.41768e-17 0 -0.40622	
0.46	1.41203e-17 0 -0.40622	
0.47	1.41228e-17 0 -0.40622	
0.48	1.41228e-17 0 -0.40622	
0.49	1.41768e-17 0 -0.40622	
0.5	1.41228e-17 0 -0.40622	
0.51	1.41245e-17 0 -0.40622	
0.52	1.41228e-17 0 -0.40622	
0.53	1.41245e-17 0 -0.40622	
0.54	1.41768e-17 0 -0.40622	
0.55	1.41228e-17 0 -0.40622	
0.56	1.41768e-17 0 -0.40622	
0.57	1.41245e-17 0 -0.40622	
0.58	1.41228e-17 0 -0.40622	
0.59	1.41228e-17 0 -0.40622	
0.6	1.41228e-17 0 -0.40622	
0.61	1.41794e-17 0 -0.40622	
0.62	1.41228e-17 0 -0.40622	
0.63	1.41228e-17 0 -0.40622	
0.64	1.41794e-17 0 -0.40622	
0.65	1.41228e-17 0 -0.40622	
0.66	1.41187e-17 0 -0.40622	
0.67	1.41794e-17 0 -0.40622	
0.68	1.41228e-17 0 -0.40622	
0.69	1.41768e-17 0 -0.40622	
0.7	1.41752e-17 0 -0.40622	
0.71	1.41245e-17 0 -0.40622	
0.72	1.41768e-17 0 -0.40622	
0.73	1.41768e-17 0 -0.40622	
0.74	1.41203e-17 0 -0.40622	
0.75	1.41228e-17 0 -0.40622	
0.76	1.4181e-17 0 -0.40622	
0.77	1.40663e-17 0 -0.40622	
0.78	1.41228e-17 0 -0.40622	
0.79	1.4181e-17 0 -0.40622	
0.8	1.41228e-17 0 -0.40622	
0.81	1.41245e-17 0 -0.40622	
0.82	1.41271e-17 0 -0.40622	
0.83	1.41245e-17 0 -0.40622	
0.84	1.41203e-17 0 -0.40622	
0.85	1.41245e-17 0 -0.40622	
0.86	1.41768e-17 0 -0.40622	
0.87	1.41245e-17 0 -0.40622	
0.88	1.41245e-17 0 -0.40622	
0.89	1.41245e-17 0 -0.40622	
0.9	1.41245e-17 0 -0.40622	
0.91	1.41228e-17 0 -0.40622	
0.92	1.41768e-17 0 -0.40622	
0.93	1.41245e-17 0 -0.40622	
0.94	1.41768e-17 0 -0.40622	
0.95	1.41794e-17 0 -0.40622	
0.96	1.41228e-17 0 -0.40622	
0.97	1.40663e-17 0 -0.40622	
0.98	1.41203e-17 0 -0.40622	
0.99	1.4181e-17 0 -0.40622	
1	1.41794e-17 0 -0.40622	
1.01	1.41228e-17 0 -0.40622	
1.02	1.41228e-17 0 -0.40622	
1.03	1.41271e-17 0 -0.40622	
1.04	1.41203e-17 0 -0.40622	
1.05	1.41228e-17 0 -0.40622	
1.06	1.41228e-17 0 -0.40622	
1.07	1.41228e-17 0 -0.40622	
1.08	1.41768e-17 0 -0.40622	
1.09	1.41245e-17 0 -0.40622	
1.1	1.41228e-17 0 -0.40622	
1.11	1.41794e-17 0 -0.40622	
1.12	1.41768e-17 0 -0.40622	
1.13	1.41187e-17 0 -0.40622	
1.14	1.41768e-17 0 -0.40622	
1.15	1.41768e-17 0 -0.40622	
1.16	1.41245e-17 0 -0.40622	
1.17	1.41245e-17 0 -0.40622	
1.18	1.41228e-17 0 -0.40622	
1.19	1.41245e-17 0 -0.40622	
1.2	1.41245e-17 0 -0.40622	
1.21	1.41228e-17 0 -0.40622	
1.22	1.41228e-17 0 -0.40622	
1.23	1.41187e-17 0 -0.40622	
1.24	1.41203e-17 0 -0.40622	
1.25	1.41228e-17 0 -0.40622	
1.26	1.41271e-17 0 -0.40622	
1.27	1.41245e-17 0 -0.40622	
1.28	1.41228e-17 0 -0.40622	
1.29	1.40688e-17 0 -0.40622	
1.3	1.41245e-17 0 -0.40622	
1.31	1.41228e-17 0 -0.40622	
1.32	1.41785e-17 0 -0.40622	
1.33	1.41245e-17 0 -0.40622	
1.34	1.41245e-17 0 -0.40622	
1.35	1.41245e-17 0 -0.40622	
1.36	1.41203e-17 0 -0.40622	
1.37	1.41187e-17 0 -0.40622	
1.38	1.41212e-17 0 -0.40622	
1.39	1.41245e-17 0 -0.40622	
1.4	1.41245e-17 0 -0.40622	
1.41	1.41271e-17 0 -0.40622	
1.42	1.41228e-17 0 -0.40622	
1.43	1.41245e-17 0 -0.40622	
1.44	1.41228e-17 0 -0.40622	
1.45	1.41768e-17 0 -0.40622	
1.46	1.41228e-17 0 -0.40622	
1.47	1.41245e-17 0 -0.40622	
1.48	1.41228e-17 0 -0.40622	
1.49	1.41245e-17 0 -0.40622	
1.5	1.41203e-17 0 -0.40622	
1.51	1.41228e-17 0 -0.40622	
1.52	1.41768e-17 0 -0.40622	
1.53	1.41203e-17 0 -0.40622	
1.54	1.41245e-17 0 -0.40622	
1.55	1.41245e-17 0 -0.40622	
1.56	1.41203e-17 0 -0.40622	
1.57	1.41768e-17 0 -0.40622	
1.58	1.41245e-17 0 -0.40622	
1.59	1.40705e-17 0 -0.40622	
1.6	1.40663e-17 0 -0.40622	
1.61	1.41228e-17 0 -0.40622	
1.62	1.41271e-17 0 -0.40622	
1.63	1.41271e-17 0 -0.40622	
1.64	1.41245e-17 0 -0.40622	
1.65	1.41245e-17 0 -0.40622	
1.66	1.41271e-17 0 -0.40622	
1.67	1.41245e-17 0 -0.40622	
1.68	1.41228e-17 0 -0.40622	
1.69	1.41228e-17 0 -0.40622	
1.7	1.41203e-17 0 -0.40622	
1.71	1.41228e-17 0 -0.40622	
1.72	1.41768e-17 0 -0.40622	
1.73	1.41785e-17 0 -0.40622	
1.74	1.41245e-17 0 -0.40622	
1.75	1.41245e-17 0 -0.40622	
1.76	1.4181e-17 0 -0.40622	
1.77	1.4181e-17 0 -0.40622	
1.78	1.41245e-17 0 -0.40622	
1.79	1.41203e-17 0 -0.40622	
1.8	1.41228e-17 0 -0.40622	
1.81	1.4181e-17 0 -0.40622	
1.82	1.41245e-17 0 -0.40622	
1.83	1.41228e-17 0 -0.40622	
1.84	1.41794e-17 0 -0.40622	
1.85	1.41245e-17 0 -0.40622	
1.86	1.41203e-17 0 -0.40622	
1.87	1.41768e-17 0 -0.40622	
1.88	1.4181e-17 0 -0.40622	
1.89	1.4181e-17 0 -0.40622	
1.9	1.41245e-17 0 -0.40622	
1.91	1.41203e-17 0 -0.40622	
1.92	1.41228e-17 0 -0.40622	
1.93	1.41228e-17 0 -0.40622	
1.94	1.41245e-17 0 -0.40622	
1.95	1.41203e-17 0 -0.40622	
1.96	1.41768e-17 0 -0.40622	
1.97	1.41768e-17 0 -0.40622	
1.98	1.40705e-17 0 -0.40622	
1.99	1.41228e-17 0 -0.40622	
2	1.41245e-17 0 -0.40622	
2.01	1.41245e-17 0 -0.40622	
2.02	1.41228e-17 0 -0.40622	
2.03	1.41794e-17 0 -0.40622	
2.04	1.41228e-17 0 -0.40622	
2.05	1.41245e-17 0 -0.40622	
2.06	1.41768e-17 0 -0.40622	
2.07	1.41768e-17 0 -0.40622	
2.08	1.41245e-17 0 -0.40622	
2.09	1.41245e-17 0 -0.40622	
2.1	1.41752e-17 0 -0.40622	
2.11	1.41228e-17 0 -0.40622	
2.12	1.41245e-17 0 -0.40622	
2.13	1.41228e-17 0 -0.40622	
2.14	1.4181e-17 0 -0.40622	
2.15	1.41245e-17 0 -0.40622	
2.16	1.41245e-17 0 -0.40622	
2.17	1.41228e-17 0 -0.40622	
2.18	1.41245e-17 0 -0.40622	
2.19	1.41245e-17 0 -0.40622	
2.2	1.41785e-17 0 -0.40622	
2.21	1.41203e-17 0 -0.40622	
2.22	1.41245e-17 0 -0.40622	
2.23	1.4181e-17 0 -0.40622	
2.24	1.41794e-17 0 -0.40622	
2.25	1.41768e-17 0 -0.40622	
2.26	1.41203e-17 0 -0.40622	
2.27	1.41228e-17 0 -0.40622	
2.28	1.4181e-17 0 -0.40622	
2.29	1.4181e-17 0 -0.40622	
2.3	1.41245e-17 0 -0.40622	
2.31	1.41245e-17 0 -0.40622	
2.32	1.41768e-17 0 -0.40622	
2.33	1.41228e-17 0 -0.40622	
2.34	1.40663e-17 0 -0.40622	
2.35	1.41187e-17 0 -0.40622	
2.36	1.41245e-17 0 -0.40622	
2.37	1.41245e-17 0 -0.40622	
2.38	1.41785e-17 0 -0.40622	
2.39	1.41245e-17 0 -0.40622	
2.4	1.4181e-17 0 -0.40622	
2.41	1.41245e-17 0 -0.40622	
2.42	1.41245e-17 0 -0.40622	
2.43	1.41228e-17 0 -0.40622	
2.44	1.41203e-17 0 -0.40622	
2.45	1.41228e-17 0 -0.40622	
2.46	1.4181e-17 0 -0.40622	
2.47	1.41768e-17 0 -0.40622	
2.48	1.41245e-17 0 -0.40622	
2.49	1.41768e-17 0 -0.40622	
2.5	1.4181e-17 0 -0.40622	
2.51	1.41245e-17 0 -0.40622	
2.52	1.41203e-17 0 -0.40622	
2.53	1.41768e-17 0 -0.40622	
2.54	1.4181e-17 0 -0.40622	
2.55	1.41245e-17 0 -0.40622	
2.56	1.41187e-17 0 -0.40622	
2.57	1.41228e-17 0 -0.40622	
2.58	1.4181e-17 0 -0.40622	
2.59	1.41785e-17 0 -0.40622	
2.6	1.41245e-17 0 -0.40622	
2.61	1.41245e-17 0 -0.40622	
2.62	1.41271e-17 0 -0.40622	
2.63	1.41785e-17 0 -0.40622	
2.64	1.41245e-17 0 -0.40622	
2.65	1.41228e-17 0 -0.40622	
2.66	1.41768e-17 0 -0.40622	
2.67	1.41245e-17 0 -0.40622	
2.68	1.41203e-17 0 -0.40622	
2.69	1.41228e-17 0 -0.40622	
2.7	1.41212e-17 0 -0.40622	
2.71	1.41768e-17 0 -0.40622	
2.72	1.41245e-17 0 -0.40622	
2.73	1.41245e-17 0 -0.40622	
2.74	1.41768e-17 0 -0.40622	
2.75	1.41794e-17 0 -0.40622	
2.76	1.41228e-17 0 -0.40622	
2.77	1.41187e-17 0 -0.40622	
2.78	1.41228e-17 0 -0.40622	
2.79	1.4181e-17 0 -0.40622	
2.8	1.41245e-17 0 -0.40622	
2.81	1.41245e-17 0 -0.40622	
2.82	1.41228e-17 0 -0.40622	
2.83	1.41245e-17 0 -0.40622	
2.84	1.41203e-17 0 -0.40622	
2.85	1.41228e-17 0 -0.40622	
2.86	1.4181e-17 0 -0.40622	
2.87	1.41245e-17 0 -0.40622	
2.88	1.41245e-17 0 -0.40622	
2.89	1.41271e-17 0 -0.40622	
2.9	1.41228e-17 0 -0.40622	
2.91	1.41228e-17 0 -0.40622	
2.92	1.4181e-17 0 -0.40622	
2.93	1.41245e-17 0 -0.40622	
2.94	1.41228e-17 0 -0.40622	
2.95	1.41768e-17 0 -0.40622	
2.96	1.41768e-17 0 -0.40622	
2.97	1.41245e-17 0 -0.40622	
2.98	1.41228e-17 0 -0.40622	
2.99	1.41228e-17 0 -0.40622	
3	1.41245e-17 0 -0.40622	
3.01	1.41245e-17 0 -0.40622	
3.02	1.41228e-17 0 -0.40622	
3.03	1.41752e-17 0 -0.40622	
3.04	1.41245e-17 0 -0.40622	
3.05	1.41245e-17 0 -0.40622	
3.06	1.41228e-17 0 -0.40622	
3.07	1.4181e-17 0 -0.40622	
3.08	1.41245e-17 0 -0.40622	
3.09	1.41187e-17 0 -0.40622	
3.1	1.4181e-17 0 -0.40622	
3.11	1.41245e-17 0 -0.40622	
3.12	1.41203e-17 0 -0.40622	
3.13	1.41245e-17 0 -0.40622	
3.14	1.41768e-17 0 -0.40622	
3.15	1.41228e-17 0 -0.40622	
3.16	1.41228e-17 0 -0.40622	
3.17	1.41187e-17 0 -0.40622	
3.18	1.41228e-17 0 -0.40622	
3.19	1.41228e-17 0 -0.40622	
3.2	1.41752e-17 0 -0.40622	
3.21	1.41254e-17 0 -0.40622	
3.22	1.41254e-17 0 -0.40622	
3.23	1.41271e-17 0 -0.40622	
3.24	1.40688e-17 0 -0.40622	
3.25	1.40688e-17 0 -0.40622	
3.26	1.41254e-17 0 -0.40622	
3.27	1.40672e-17 0 -0.40622	
3.28	1.40672e-17 0 -0.40622	
3.29	1.40655e-17 0 -0.40622	
3.3	1.40681e-17 0 -0.40622	
3.31	1.4181e-17 0 -0.40622	
3.32	1.41245e-17 0 -0.40622	
3.33	1.41245e-17 0 -0.40622	
3.34	1.41287e-17 0 -0.40622	
3.35	1.41271e-17 0 -0.40622	
3.36	1.40705e-17 0 -0.40622	
3.37	1.40688e-17 0 -0.40622	
3.38	1.41271e-17 0 -0.40622	
3.39	1.41287e-17 0 -0.40622	
3.4	1.40705e-17 0 -0.40622	
3.41	1.40747e-17 0 -0.40622	
3.42	1.40722e-17 0 -0.40622	
3.43	1.40722e-17 0 -0.40622	
3.44	1.40722e-17 0 -0.40622	
3.45	1.40722e-17 0 -0.40622	
3.46	1.40722e-17 0 -0.40622	
3.47	1.40747e-17 0 -0.40622	
3.48	1.41304e-17 0 -0.40622	
3.49	1.4128e-17 0 -0.40622	
3.5	1.40739e-17 0 -0.40622	
3.51	1.41254e-17 0 -0.40622	
3.52	1.41228e-17 0 -0.40622	
3.53	1.41228e-17 0 -0.40622	
3.54	1.41794e-17 0 -0.40622	
3.55	1.41794e-17 0 -0.40622	
3.56	1.41768e-17 0 -0.40622	
3.57	1.41271e-17 0 -0.40622	
3.58	1.41271e-17 0 -0.40622	
3.59	1.41271e-17 0 -0.40622	
3.6	1.41271e-17 0 -0.40622	
3.61	1.41271e-17 0 -0.40622	
3.62	1.41271e-17 0 -0.40622	
3.63	1.41228e-17 0 -0.40622	
3.64	1.40672e-17 0 -0.40622	
3.65	1.40688e-17 0 -0.40622	
3.66	1.41271e-17 0 -0.40622	
3.67	1.41271e-17 0 -0.40622	
3.68	1.41271e-17 0 -0.40622	
3.69	1.40688e-17 0 -0.40622	
3.7	1.4073e-17 0 -0.40622	
3.71	1.40705e-17 0 -0.40622	
3.72	1.40705e-17 0 -0.40622	
3.73	1.4073e-17 0 -0.40622	
3.74	1.4073e-17 0 -0.40622	
3.75	1.40207e-17 0 -0.40622	
3.76	1.40705e-17 0 -0.40622	
3.77	1.40747e-17 0 -0.40622	
3.78	1.40182e-17 0 -0.40622	
3.79	1.40182e-17 0 -0.40622	
3.8	1.40182e-17 0 -0.40622	
3.81	1.40165e-17 0 -0.40622	
3.82	1.40165e-17 0 -0.40622	
3.83	1.40182e-17 0 -0.40622	
3.84	1.40224e-17 0 -0.40622	
3.85	1.40182e-17 0 -0.40622	
3.86	1.39641e-17 0 -0.40622	
3.87	1.4014e-17 0 -0.40622	
3.88	1.40123e-17 0 -0.40622	
3.89	1.4014e-17 0 -0.40622	
3.9	1.4014e-17 0 -0.40622	
3.91	1.40123e-17 0 -0.40622	
3.92	1.41078e-17 0 -0.40622	
3.93	1.4092e-17 0 -0.40622	
3.94	1.40729e-17 0 -0.40622	
3.95	1.40427e-17 0 -0.40622	
3.96	1.40524e-17 0 -0.40622	
3.97	1.39525e-17 0 -0.40622	
3.98	1.3897e-17 0 -0.40622	
3.99	1.38223e-17 0 -0.40622	
4	1.37414e-17 0 -0.40622	
4.01	1.36884e-17 0 -0.40622	
4.02	1.36095e-17 0 -0.40622	
4.03	1.3538e-17 0 -0.40622	
4.04	1.35192e-17 0 -0.40622	
4.05	1.3459e-17 0 -0.40622	
4.06	1.33321e-17 0 -0.40622	
4.07	1.32741e-17 0 -0.40622	
4.08	1.32293e-17 0 -0.40622	
4.09	1.31808e-17 0 -0.40622	
4.1	1.31358e-17 0 -0.40622	
4.11	1.30897e-17 0 -0.40622	
4.12	1.30691e-17 0 -0.40622	
4.13	1.30573e-17 0 -0.40622	
4.14	1.2986e-17 0 -0.40622	
4.15	1.30298e-17 0 -0.40622	
4.16	1.30228e-17 0 -0.40622	
4.17	1.30148e-17 0 -0.40622	
4.18	1.30095e-17 0 -0.40622	
4.19	1.30046e-17 0 -0.40622	
4.2	1.30005e-17 0 -0.40622	
4.21	1.29968e-17 0 -0.40622	
4.22	1.29942e-17 0 -0.40622	
4.23	1.29928e-17 0 -0.40622	
4.24	1.2991e-17 0 -0.40622	
4.25	1.29897e-17 0 -0.40622	
4.26	1.29889e-17 0 -0.40622	
4.27	1.29891e-17 0 -0.40622	
4.28	1.29896e-17 0 -0.40622	
4.29	1.29369e-17 0 -0.40622	
4.3	1.2994e-17 0 -0.40622	
4.31	1.29983e-17 0 -0.40622	
4.32	1.30034e-17 0 -0.40622	
4.33	1.30078e-17 0 -0.40622	
4.34	1.30156e-17 0 -0.40622	
4.35	1.30771e-17 0 -0.40622	
4.36	1.30307e-17 0 -0.40622	
4.37	1.2988e-17 0 -0.40622	
4.38	1.31092e-17 0 -0.40622	
4.39	1.30655e-17 0 -0.40622	
4.4	1.30232e-17 0 -0.40622	
4.41	1.30938e-17 0 -0.40622	
4.42	1.31052e-17 0 -0.40622	
4.43	1.31201e-17 0 -0.40622	
4.44	1.31342e-17 0 -0.40622	
4.45	1.31451e-17 0 -0.40622	
4.46	1.3103e-17 0 -0.40622	
4.47	1.31083e-17 0 -0.40622	
4.48	1.31782e-17 0 -0.40622	
4.49	1.31318e-17 0 -0.40622	
4.5	1.31412e-17 0 -0.40622	
4.51	1.32062e-17 0 -0.40622	
4.52	1.32172e-17 0 -0.40622	
4.53	1.32192e-17 0 -0.40622	
4.54	1.32273e-17 0 -0.40622	
4.55	1.32355e-17 0 -0.40622	
4.56	1.32409e-17 0 -0.40622	
4.57	1.3251e-17 0 -0.40622	
4.58	1.32544e-17 0 -0.40622	
4.59	1.32596e-17 0 -0.40622	
4.6	1.32666e-17 0 -0.40622	
4.61	1.32697e-17 0 -0.40622	
4.62	1.32727e-17 0 -0.40622	
4.63	1.32781e-17 0 -0.40622	
4.64	1.32813e-17 0 -0.40622	
4.65	1.3283e-17 0 -0.40622	
4.66	1.3283e-17 0 -0.40622	
4.67	1.32853e-17 0 -0.40622	
4.68	1.32907e-17 0 -0.40622	
4.69	1.32875e-17 0 -0.40622	
4.7	1.32907e-17 0 -0.40622	
4.71	1.32916e-17 0 -0.40622	
4.72	1.32381e-17 0 -0.40622	
4.73	1.32959e-17 0 -0.40622	
4.74	1.32959e-17 0 -0.40622	
4.75	1.32959e-17 0 -0.40622	
4.76	1.32992e-17 0 -0.40622	
4.77	1.32992e-17 0 -0.40622	
4.78	1.33002e-17 0 -0.40622	
4.79	1.33002e-17 0 -0.40622	
4.8	1.33002e-17 0 -0.40622	
4.81	1.33002e-17 0 -0.40622	
4.82	1.33002e-17 0 -0.40622	
4.83	1.33002e-17 0 -0.40622	
4.84	1.32967e-17 0 -0.40622	
4.85	1.32944e-17 0 -0.40622	
4.86	1.32957e-17 0 -0.40622	
4.87	1.32967e-17 0 -0.40622	
4.88	1.32967e-17 0 -0.40622	
4.89	1.32967e-17 0 -0.40622	
4.9	1.32957e-17 0 -0.40622	
4.91	1.33516e-17 0 -0.40622	
4.92	1.33516e-17 0 -0.40622	
4.93	1.3294e-17 0 -0.40622	
4.94	1.33476e-17 0 -0.40622	
4.95	1.33485e-17 0 -0.40622	
4.96	1.33476e-17 0 -0.40622	
4.97	1.33491e-17 0 -0.40622	
4.98	1.33499e-17 0 -0.40622	
4.99	1.33468e-17 0 -0.40622	
5	1.32915e-17 0 -0.40622	
5.01	1.33483e-17 0 -0.40622	
5.02	1.32923e-17 0 -0.40622	
5.03	1.32923e-17 0 -0.40622	
5.04	1.33475e-17 0 -0.40622	
5.05	1.33475e-17 0 -0.40622	
5.06	1.33483e-17 0 -0.40622	
5.07	1.32915e-17 0 -0.40622	
5.08	1.32915e-17 0 -0.40622	
5.09	1.33525e-17 0 -0.40622	
5.1	1.32957e-17 0 -0.40622	
5.11	1.32957e-17 0 -0.40622	
5.12	1.33516e-17 0 -0.40622	
5.13	1.33516e-17 0 -0.40622	
5.14	1.33525e-17 0 -0.40622	
5.15	1.33525e-17 0 -0.40622	
5.16	1.3299e-17 0 -0.40622	
5.17	1.33525e-17 0 -0.40622	
5.18	1.3298e-17 0 -0.40622	
5.19	1.32967e-17 0 -0.40622	
5.2	1.32967e-17 0 -0.40622	
5.21	1.32967e-17 0 -0.40622	
5.22	1.3299e-17 0 -0.40622	
5.23	1.3299e-17 0 -0.40622	
5.24	1.32967e-17 0 -0.40622	
5.25	1.33534e-17 0 -0.40622	
5.26	1.33534e-17 0 -0.40622	
5.27	1.3299e-17 0 -0.40622	
5.28	1.3299e-17 0 -0.40622	
5.29	1.3299e-17 0 -0.40622	
5.3	1.3299e-17 0 -0.40622	
5.31	1.33534e-17 0 -0.40622	
5.32	1.34922e-17 0 -0.40622	
5.33	1.36482e-17 0 -0.40622	
5.34	1.3841e-17 0 -0.40622	
5.35	1.40483e-17 0 -0.40622	
5.36	1.42787e-17 0 -0.40622	
5.37	1.44704e-17 0 -0.40622	
5.38	1.46814e-17 0 -0.40622	
5.39	1.47899e-17 0 -0.40622	
5.4	1.4938e-17 0 -0.40622	
5.41	1.51009e-17 0 -0.40622	
5.42	1.52296e-17 0 -0.40622	
5.43	1.54483e-17 0 -0.40622	
5.44	1.55398e-17 0 -0.40622	
5.45	1.57169e-17 0 -0.40622	
5.46	1.57735e-17 0 -0.40622	
5.47	1.58608e-17 0 -0.40622	
5.48	1.58979e-17 0 -0.40622	
5.49	1.5898e-17 0 -0.40622	
5.5	1.59153e-17 0 -0.40622	
5.51	1.59689e-17 0 -0.40622	
5.52	1.59353e-17 0 -0.40622	
5.53	1.59358e-17 0 -0.40622	
5.54	1.59332e-17 0 -0.40622	
5.55	1.59505e-17 0 -0.40622	
5.56	1.59511e-17 0 -0.40622	
5.57	1.59679e-17 0 -0.40622	
5.58	1.59661e-17 0 -0.40622	
5.59	1.59445e-17 0 -0.40622	
5.6	1.59614e-17 0 -0.40622	
5.61	1.59404e-17 0 -0.40622	
5.62	1.59184e-17 0 -0.40622	
5.63	1.59144e-17 0 -0.40622	
5.64	1.59292e-17 0 -0.40622	
5.65	1.59564e-17 0 -0.40622	
5.66	1.59684e-17 0 -0.40622	
5.67	1.60319e-17 0 -0.40622	
5.68	1.60251e-17 0 -0.40622	
5.69	1.6129e-17 0 -0.40622	
5.7	1.61415e-17 0 -0.40622	
5.71	1.61879e-17 0 -0.40622	
5.72	1.61107e-17 0 -0.40622	
5.73	1.61615e-17 0 -0.40622	
5.74	1.61381e-17 0 -0.40622	
5.75	1.61141e-17 0 -0.40622	
5.76	1.61093e-17 0 -0.40622	
5.77	1.60711e-17 0 -0.40622	
5.78	1.60978e-17 0 -0.40622	
5.79	1.60597e-17 0 -0.40622	
5.8	1.60527e-17 0 -0.40622	
5.81	1.60288e-17 0 -0.40622	
5.82	1.60221e-17 0 -0.40622	
5.83	1.59982e-17 0 -0.40622	
5.84	1.60275e-17 0 -0.40622	
5.85	1.59846e-17 0 -0.40622	
5.86	1.60479e-17 0 -0.40622	
5.87	1.60243e-17 0 -0.40622	
5.88	1.60706e-17 0 -0.40622	
5.89	1.60255e-17 0 -0.40622	
5.9	1.60549e-17 0 -0.40622	
5.91	1.60481e-17 0 -0.40622	
5.92	1.60051e-17 0 -0.40622	
5.93	1.59649e-17 0 -0.40622	
5.94	1.59412e-17 0 -0.40622	
5.95	1.58784e-17 0 -0.40622	
5.96	1.58744e-17 0 -0.40622	
5.97	1.5739e-17 0 -0.40622	
5.98	1.57686e-17 0 -0.40622	
5.99	1.57085e-17 0 -0.40622	
6	1.56825e-17 0 -0.40622	
6.01	1.57297e-17 0 -0.40622	
6.02	1.56839e-17 0 -0.40622	
6.03	1.5675e-17 0 -0.40622	
6.04	1.57001e-17 0 -0.40622	
6.05	1.57275e-17 0 -0.40622	
6.06	1.56772e-17 0 -0.40622	
6.07	1.57756e-17 0 -0.40622	
6.08	1.58399e-17 0 -0.40622	
6.09	1.58429e-17 0 -0.40622	
6.1	1.58482e-17 0 -0.40622	
6.11	1.59294e-17 0 -0.40622	
6.12	1.59523e-17 0 -0.40622	
6.13	1.59921e-17 0 -0.40622	
6.14	1.59832e-17 0 -0.40622	
6.15	1.60423e-17 0 -0.40622	
6.16	1.59779e-17 0 -0.40622	
6.17	1.59129e-17 0 -0.40622	
6.18	1.59408e-17 0 -0.40622	
6.19	1.59489e-17 0 -0.40622	
6.2	1.58815e-17 0 -0.40622	
6.21	1.58703e-17 0 -0.40622	
6.22	1.59346e-17 0 -0.40622	
6.23	1.59455e-17 0 -0.40622	
6.24	1.58923e-17 0 -0.40622	
6.25	1.58981e-17 0 -0.40622	
6.26	1.59793e-17 0 -0.40622	
6.27	1.60168e-17 0 -0.40622	
6.28	1.59886e-17 0 -0.40622	
6.29	1.60284e-17 0 -0.40622	
6.3	1.59951e-17 0 -0.40622	
6.31	1.60399e-17 0 -0.40622	
6.32	1.60066e-17 0 -0.40622	
6.33	1.60853e-17 0 -0.40622	
6.34	1.60719e-17 0 -0.40622	
6.35	1.60533e-17 0 -0.40622	
6.36	1.61128e-17 0 -0.40622	
6.37	1.60845e-17 0 -0.40622	
6.38	1.61049e-17 0 -0.40622	
6.39	1.60352e-17 0 -0.40622	
6.4	1.60068e-17 0 -0.40622	
6.41	1.60443e-17 0 -0.40622	
6.42	1.6016e-17 0 -0.40622	
6.43	1.5988e-17 0 -0.40622	
6.44	1.60669e-17 0 -0.40622	
6.45	1.60524e-17 0 -0.40622	
6.46	1.59879e-17 0 -0.40622	
6.47	1.6027e-17 0 -0.40622	
6.48	1.60304e-17 0 -0.40622	
6.49	1.60161e-17 0 -0.40622	
6.5	1.60221e-17 0 -0.40622	
6.51	1.60803e-17 0 -0.40622	
6.52	1.6033e-17 0 -0.40622	
6.53	1.59632e-17 0 -0.40622	
6.54	1.60047e-17 0 -0.40622	
6.55	1.59962e-17 0 -0.40622	
6.56	1.59259e-17 0 -0.40622	
6.57	1.59122e-17 0 -0.40622	
6.58	1.5881e-17 0 -0.40622	
6.59	1.58305e-17 0 -0.40622	
6.6	1.58332e-17 0 -0.40622	
6.61	1.57854e-17 0 -0.40622	
6.62	1.57741e-17 0 -0.40622	
6.63	1.56505e-17 0 -0.40622	
6.64	1.55299e-17 0 -0.40622	
6.65	1.54588e-17 0 -0.40622	
6.66	1.53937e-17 0 -0.40622	
6.67	1.52556e-17 0 -0.40622	
6.68	1.52239e-17 0 -0.40622	
6.69	1.52124e-17 0 -0.40622	
6.7	1.51386e-17 0 -0.40622	
6.71	1.51667e-17 0 -0.40622	
6.72	1.51551e-17 0 -0.40622	
6.73	1.5138e-17 0 -0.40622	
6.74	1.50705e-17 0 -0.40622	
6.75	1.50214e-17 0 -0.40622	
6.76	1.50785e-17 0 -0.40622	
6.77	1.50622e-17 0 -0.40622	
6.78	1.49914e-17 0 -0.40622	
6.79	1.49763e-17 0 -0.40622	
6.8	1.496e-17 0 -0.40622	
6.81	1.49674e-17 0 -0.40622	
6.82	1.49661e-17 0 -0.40622	
6.83	1.49531e-17 0 -0.40622	
6.84	1.49377e-17 0 -0.40622	
6.85	1.48684e-17 0 -0.40622	
6.86	1.47997e-17 0 -0.40622	
6.87	1.48225e-17 0 -0.40622	
6.88	1.48052e-17 0 -0.40622	
6.89	1.47193e-17 0 -0.40622	
6.9	1.46676e-17 0 -0.40622	
6.91	1.46728e-17 0 -0.40622	
6.92	1.46616e-17 0 -0.40622	
6.93	1.45959e-17 0 -0.40622	
6.94	1.45804e-17 0 -0.40622	
6.95	1.45157e-17 0 -0.40622	
6.96	1.44346e-17 0 -0.40622	
6.97	1.58922 0.0577549 0.182083	
6.98	1.3011 0.0456268 0.0761529	
6.99	0.188667 -2.17699 -8.09772	
7	-0.185042 -4.39224 -15.6113	
7.01	-0.253373 -5.06242 -17.9433	
7.02	-0.202059 -4.05011 -14.8034	
7.03	-0.160924 -3.23671 -12.2254	
7.04	-0.129171 -2.60462 -10.1021	
7.05	-0.103461 -2.09215 -8.36095	
7.06	-0.0830588 -1.68395 -6.93098	
7.07	-0.0670886 -1.36266 -5.75554	
7.08	-0.0541758 -1.10245 -4.79188	
7.09	-0.0441102 -0.89833 -3.99969	
7.1	-0.0355446 -0.725483 -3.35269	
7.11	-0.0289826 -0.591907 -2.82029	
7.12	-0.0237366 -0.484769 -2.38353	
7.13	-0.0193369 -0.395204 -2.02637	
7.14	-0.0156442 -0.320276 -1.73438	
7.15	0.170816 2.70098 11.5988	
7.16	0.141625 2.24 9.41773	
7.17	0.115147 1.82092 7.64329	
7.18	0.0946534 1.49696 6.18462	
7.19	0.0768402 1.21501 4.99466	
7.2	0.0625185 0.988406 4.01879	
7.21	0.0509313 0.805119 3.21896	
7.22	0.0414325 0.654864 2.56387	
7.23	0.0338749 0.53539 2.02639	
7.24	0.0276254 0.436576 1.58644	
7.25	0.0225499 0.356337 1.22591	
7.26	0.0184039 0.290799 0.930601	
7.27	0.015015 0.23723 0.688712	
7.28	0.0123124 0.194537 0.490278	
7.29	0.0100401 0.158618 0.328024	
7.3	0.00827452 0.130743 0.194706	
7.31	0.00674293 0.106531 0.0859055	
7.32	0.00548646 0.0866669 -0.00319327	
7.33	0.00451079 0.0712611 -0.0764049	
7.34	0.00365597 0.0577428 -0.136116	
7.35	0.00301145 0.0475695 -0.185265	
7.36	0.002467 0.0389695 -0.225444	
7.37	0.00199835 0.0315584 -0.258251	
7.38	0.00164885 0.0260436 -0.285273	
7.39	0.00135294 0.0213705 -0.307359	
7.4	0.00111201 0.0175664 -0.325455	
7.41	0.000913954 0.0144389 -0.340272	
7.42	0.000750945 0.0118645 -0.352404	
7.43	0.000618382 0.00977129 -0.362344	
7.44	0.000508063 0.00802866 -0.370477	
7.45	0.000418233 0.00660989 -0.377141	
7.46	0.00034189 0.00540312 -0.382585	
7.47	0.000281891 0.00445558 -0.387056	
7.48	0.000231261 0.00365545 -0.390711	
7.49	0.000188425 0.00297802 -0.393699	
7.5	0.000154313 0.00243889 -0.396149	
7.51	0.000127058 0.00200836 -0.39816	
7.52	0.000104061 0.00164487 -0.399803	
7.53	8.47518e-05 0.00133948 -0.401147	
7.54	8.47806e-05 0.00133994 -0.401147	
7.55	8.52032e-05 0.00134677 -0.401149	
7.56	8.47567e-05 0.00133956 -0.401147	
7.57	8.47324e-05 0.00133916 -0.401147	
7.58	8.47324e-05 0.00133916 -0.401147	
7.59	8.47324e-05 0.00133916 -0.401147	
7.6	8.47034e-05 0.0013387 -0.401147	
7.61	8.51789e-05 0.00134638 -0.401149	
7.62	8.47324e-05 0.00133916 -0.401147	
7.63	8.47324e-05 0.00133916 -0.401147	
7.64	8.47324e-05 0.00133916 -0.401147	
7.65	8.42568e-05 0.00133148 -0.401145	
7.66	8.47078e-05 0.00133877 -0.401147	
7.67	8.51833e-05 0.00134645 -0.401149	
7.68	8.47034e-05 0.0013387 -0.401147	
7.69	8.51542e-05 0.00134598 -0.401149	
7.7	8.51542e-05 0.00134598 -0.401149	
7.71	8.46787e-05 0.0013383 -0.401147	
7.72	8.47077e-05 0.00133877 -0.401147	
7.73	8.47077e-05 0.00133877 -0.401147	
7.74	8.47034e-05 0.0013387 -0.401147	
7.75	8.47077e-05 0.00133877 -0.401147	
7.76	8.47077e-05 0.00133877 -0.401147	
7.77	8.47077e-05 0.00133877 -0.401147	
7.78	8.47034e-05 0.0013387 -0.401147	
7.79	8.47077e-05 0.00133877 -0.401147	
7.8	8.42321e-05 0.00133108 -0.401145	
7.81	8.47077e-05 0.00133877 -0.401147	
7.82	8.47077e-05 0.00133877 -0.401147	
7.83	8.47323e-05 0.00133916 -0.401147	
7.84	8.47323e-05 0.00133916 -0.401147	
7.85	8.47077e-05 0.00133877 -0.401147	
7.86	8.42321e-05 0.00133108 -0.401145	
7.87	8.47077e-05 0.00133877 -0.401147	
7.88	8.47077e-05 0.00133877 -0.401147	
7.89	8.47077e-05 0.00133877 -0.401147	
7.9	8.47034e-05 0.0013387 -0.401147	
7.91	8.47077e-05 0.00133877 -0.401147	
7.92	8.47077e-05 0.00133877 -0.401147	
7.93	8.47077e-05 0.00133877 -0.401147	
7.94	8.47077e-05 0.00133877 -0.401147	
7.95	8.47077e-05 0.00133877 -0.401147	
7.96	8.42611e-05 0.00133155 -0.401145	
7.97	8.47323e-05 0.00133916 -0.401147	
7.98	8.41143e-05 0.00132917 -0.401144	
7.99	8.45653e-05 0.00133646 -0.401147	
8	8.45653e-05 0.00133646 -0.401147	
8.01	8.45944e-05 0.00133693 -0.401147	
8.02	8.45653e-05 0.00133646 -0.401147	
8.03	8.44475e-05 0.00133456 -0.401146	
8.04	8.44475e-05 0.00133456 -0.401146	
8.05	8.42805e-05 0.00133186 -0.401145	
8.06	8.42805e-05 0.00133186 -0.401145	
8.07	8.41381e-05 0.00132956 -0.401145	
8.08	8.41381e-05 0.00132956 -0.401145	
8.09	8.36913e-05 0.00132234 -0.401143	
8.1	8.41671e-05 0.00133003 -0.401145	
8.11	8.41381e-05 0.00132956 -0.401145	
8.12	8.41381e-05 0.00132956 -0.401145	
8.13	8.36913e-05 0.00132234 -0.401143	
8.14	8.41381e-05 0.00132956 -0.401145	
8.15	8.41381e-05 0.00132956 -0.401145	
8.16	8.41381e-05 0.00132956 -0.401145	
8.17	8.41381e-05 0.00132956 -0.401145	
8.18	8.41381e-05 0.00132956 -0.401145	
8.19	8.41626e-05 0.00132996 -0.401145	
8.2	8.46138e-05 0.00133725 -0.401147	
8.21	8.41626e-05 0.00132996 -0.401145	
8.22	8.41381e-05 0.00132956 -0.401145	
8.23	8.45847e-05 0.00133678 -0.401147	
8.24	8.46138e-05 0.00133725 -0.401147	
8.25	8.46093e-05 0.00133718 -0.401147	
8.26	8.41626e-05 0.00132996 -0.401145	
8.27	8.48889e-05 0.00134169 -0.401148	
8.28	8.49135e-05 0.00134209 -0.401148	
8.29	8.53643e-05 0.00134938 -0.40115	
8.3	8.52175e-05 0.00134701 -0.401149	
8.31	8.61144e-05 0.0013615 -0.401154	
8.32	-0.106959 2.94234 0.685899	
8.33	-0.0875799 2.41012 0.487945	
8.34	-0.0714087 1.97936 0.324368	
8.35	-0.129012 3.83485 0.807269	
8.36	-0.0741972 4.68808 0.509475	
8.37	-0.0769778 4.76586 0.523592	
8.38	-0.103653 4.8231 0.669531	
8.39	-0.170129 5.41742 1.03453	
8.4	-0.168912 6.05096 1.02954	
8.41	-0.167139 6.62118 1.01963	
8.42	-0.183841 7.18554 1.10869	
8.43	-0.20344 7.75525 1.22503	
8.44	-0.242492 8.44132 1.43061	
8.45	-0.262749 9.23307 1.56152	
8.46	-0.214515 7.57406 1.20162	
8.47	-0.175185 6.21213 0.907777	
8.48	-0.142855 5.09888 0.666495	
8.49	-0.064482 4.38861 1.36883	
8.5	0.0676302 4.28122 4.00687	
8.51	0.0962161 3.79492 4.36618	
8.52	0.165209 3.87727 6.77633	
8.53	0.137469 3.20766 5.46637	
8.54	0.181438 3.33214 7.41073	
8.55	0.150728 2.76045 5.9861	
8.56	0.211132 3.3884 9.61031	
8.57	0.193059 3.07448 8.96276	
8.58	0.211061 3.38024 10.7607	
8.59	0.202152 3.24348 10.5532	
8.6	0.1726 2.7726 8.72911	
8.61	0.182686 2.93253 9.55717	
8.62	0.151554 2.43199 7.74383	
8.63	0.126049 2.02194 6.25856	
8.64	0.105187 1.69041 5.07378	
8.65	0.0935502 1.552 4.65101	
8.66	0.0772706 1.28148 3.73191	
8.67	0.0636867 1.05592 2.98051	
8.68	0.0523879 0.868437 2.36607	
8.69	0.0430085 0.712886 1.86354	
8.7	0.0354922 0.588119 1.45103	
8.71	0.0291848 0.483526 1.11403	
8.72	0.023873 0.395541 0.838835	
8.73	0.0196522 0.325541 0.612718	
8.74	-1.20686 0.182596 0.0777005	
8.75	-0.988678 0.149971 -0.0101435	
8.76	-0.809839 0.122518 -0.0818302	
8.77	-0.663368 0.100201 -0.140616	
8.78	-0.543422 0.0820734 -0.188822	
8.79	-0.445067 0.0680128 -0.228706	
8.8	-0.364553 0.0554365 -0.260883	
8.81	-0.298597 0.0452382 -0.287288	
8.82	-0.742499 0.112874 -0.146137	
8.83	-0.60812 0.0926528 -0.193483	
8.84	-0.498008 0.0758432 -0.232174	
8.85	-0.407917 0.0619745 -0.263778	
8.86	-1.04136 0.122372 -0.149942	
8.87	-12.7734 0.290937 -0.268127	
8.88	-10.4609 0.26172 -0.305791	
8.89	-8.5667 0.237985 -0.336745	
8.9	-7.01685 0.210725 -0.357901	
8.91	-5.74646 0.181932 -0.371812	
8.92	-5.1318 0.217469 -0.217713	
8.93	-4.93177 0.231813 -0.133386	
8.94	-4.30018 0.207162 -0.160162	
8.95	-4.95908 0.203973 -0.170694	
8.96	-4.30199 0.190998 -0.158941	
8.97	-4.10149 0.210461 -0.0773566	
8.98	-3.49752 0.187046 -0.112892	
8.99	-4.09879 0.181419 -0.139131	
9	-3.52199 0.172013 -0.150457	
9.01	-4.90159 0.177885 -0.154057	
9.02	-4.01352 0.15031 -0.202422	
9.03	-3.59899 0.172314 -0.130807	
9.04	-4.02125 0.186994 -0.0993391	
9.05	-3.63487 0.183826 -0.0958676	
9.06	-4.00184 0.189207 -0.0905677	
9.07	-3.65338 0.183263 -0.0868292	
9.08	-2.99251 0.159142 -0.149619	
9.09	-4.95049 0.166476 -0.183746	
9.1	-4.05454 0.141078 -0.226745	
9.11	-3.32066 0.121804 -0.262791	
9.12	-4.6662 0.240687 0.0235714	
9.13	-3.82168 0.201898 -0.056965	
9.14	-3.34748 0.188509 -0.0774719	
9.15	-3.84239 0.186794 -0.0973478	
9.16	-3.36418 0.174965 -0.112158	
9.17	-3.87262 0.175155 -0.116081	
9.18	-3.17185 0.149448 -0.17201	
9.19	-4.08368 0.148651 -0.203389	
9.2	-3.34424 0.124695 -0.241915	
9.21	-3.89735 0.144687 -0.208034	
9.22	-3.3766 0.145627 -0.189419	
9.23	-3.92213 0.163912 -0.15835	
9.24	-3.35092 0.154008 -0.16673	
9.25	-3.92329 0.16467 -0.160267	
9.26	-3.21327 0.137871 -0.206609	
9.27	-3.50383 0.160494 -0.159634	
9.28	-3.25322 0.161987 -0.146753	
9.29	-3.4794 0.210304 -0.0310039	
9.3	-3.30201 0.182041 -0.0992607	
9.31	-3.45663 0.214439 -0.0225488	
9.32	-3.32192 0.187445 -0.0878118	
9.33	-3.49407 0.211247 -0.0218962	
9.34	-2.86162 0.178458 -0.0946425	
9.35	-3.92608 0.171768 -0.146914	
9.36	-3.21538 0.14359 -0.195654	
9.37	-3.58635 0.159988 -0.166282	
9.38	-3.22849 0.165329 -0.141616	
9.39	-3.58919 0.181919 -0.111097	
9.4	-3.23298 0.177856 -0.109894	
9.41	-3.58977 0.186556 -0.0992071	
9.42	-3.23959 0.181668 -0.103547	
9.43	-3.00929 0.180739 -0.0977358	
9.44	-3.23617 0.207823 -0.0374892	
9.45	-3.03165 0.183069 -0.092568	
9.46	-3.22298 0.210213 -0.021234	
9.47	-2.63946 0.176895 -0.0937453	
9.48	-3.62522 0.169988 -0.146851	
9.49	-2.96915 0.141799 -0.195408	
9.5	-3.31322 0.161582 -0.158218	
9.51	-3.00019 0.153172 -0.158992	
9.52	-2.49857 0.134687 -0.196146	
9.53	-3.80157 0.146228 -0.213636	
9.54	-3.1134 0.122478 -0.250207	
9.55	-3.20743 0.156111 -0.159703	
9.56	-2.62653 0.129517 -0.205474	
9.57	-2.87435 0.157009 -0.146614	
9.58	-2.65792 0.155987 -0.150016	
9.59	-3.67512 0.16204 -0.162553	
9.6	-3.00985 0.135255 -0.208276	
9.61	-2.46499 0.113287 -0.245707	
9.62	-2.01841 0.0939126 -0.275617	
9.63	-2.30016 0.14401 -0.16322	
9.64	-2.07307 0.136452 -0.179112	
9.65	-3.09856 0.145478 -0.189186	
9.66	-2.53767 0.120957 -0.229675	
9.67	-2.07825 0.102184 -0.263576	
9.68	-3.1199 0.115551 -0.264259	
9.69	-2.55481 0.0935496 -0.289552	
9.7	-2.09262 0.0802296 -0.312874	
9.71	-18.3561 -1.04571 -4.4688	
9.72	-23.0247 -0.903976 -2.86047	
9.73	-11.3832 0.808263 -0.775523	
9.74	-15.0986 0.217115 -1.47193	
9.75	-6.8842 1.16457 -0.746044	
9.76	-16.2352 -0.418518 -1.78162	
9.77	-8.00179 1.72202 -0.607869	
9.78	-16.4091 -0.229689 -1.76155	
9.79	-3.16724 2.08797 -1.08589	
9.8	-17.0299 -0.257787 -1.57885	
9.81	-2.6103 2.47851 -0.941484	
9.82	-16.4632 -0.0301775 -1.69298	
9.83	-6.76579 2.78621 -0.508435	
9.84	-16.5628 0.0257104 -1.62597	
9.85	-3.10871 2.62032 -0.92998	
9.86	-17.3007 -0.00880444 -0.904509	
9.87	-2.45433 3.0467 -0.325865	
9.88	-18.4977 -0.180052 -1.05507	
9.89	-1.45631 3.17782 -0.43407	
9.9	-18.8279 -0.100205 -1.12138	
9.91	-1.08252 3.17677 -0.554951	
9.92	-20.1983 -0.336344 -1.14453	
9.93	0.232549 2.94818 -1.08256	
9.94	-21.8068 -0.865398 -1.52041	
9.95	1.38376 1.59168 -1.70742	
9.96	-30.4014 -1.48841 0.332961	
9.97	7.52955 -0.402211 -1.00011	
9.98	-11.8611 0.0201988 0.808151	
9.99	-9.70388 0.120639 0.442992	
10	-7.93167 0.162733 0.179944	
10.01	-6.50999 0.165869 0.0196803	
10.02	-5.34555 0.179491 -0.13025	
10.03	-4.39148 0.1634 -0.207058	
10.04	-3.4669 0.163212 -0.21337	
10.05	-0.725327 0.194348 -0.0637396	
10.06	-1.42996 0.197346 -0.0020496	
10.07	-0.615113 0.31873 -0.0721089	
10.08	1.09313 0.399428 -0.0402719	
10.09	0.0373173 0.357544 -0.150091	
10.1	1.57983 0.620908 -0.525284	
10.11	-1.45225 0.500516 -0.723805	
10.12	3.55258 0.937095 -0.325559	
10.13	-1.38771 0.513716 -0.927189	
10.14	3.40972 0.864771 -0.717222	
10.15	-1.48032 0.757185 -1.43355	
10.16	3.36263 0.978334 -0.855635	
10.17	-2.0614 0.593271 -1.51464	
10.18	6.60891 0.977111 -0.34995	
10.19	-3.98837 0.190427 -1.78018	
10.2	0.19014 0.648036 -0.342556	
10.21	0.153966 0.588875 -0.270806	
10.22	0.105534 0.491068 -0.284934	
10.23	0.080249 0.434761 -0.260825	
10.24	0.0615649 0.356418 -0.287241	
10.25	0.0479749 0.299523 -0.29825	
10.26	0.0124925 0.251227 -0.312152	
10.27	0.0102661 0.208462 -0.325464	
10.28	-0.00278367 0.168501 -0.344596	
10.29	1.44 0.192209 -0.0607438	
10.3	1.17896 0.160266 -0.116696	
10.31	0.95425 0.12697 -0.180082	
10.32	1.84284 0.0638552 -0.166013	
10.33	1.5092 0.0521386 -0.210798	
10.34	1.72904 0.0712195 -0.117847	
10.35	1.73702 0.0694002 -0.0991731	
10.36	1.42424 0.0570065 -0.155734	
10.37	1.59366 0.109703 -0.011963	
10.38	2.36635 0.10937 0.112104	
10.39	1.93693 0.0914056 0.0147616	
10.4	2.15315 0.0455063 -0.0415741	
10.41	1.762 0.0386124 -0.109775	
10.42	2.55326 -0.0111799 -0.120484	
10.43	2.09235 -0.0079223 -0.173443	
10.44	1.71395 -0.00481209 -0.217337	
10.45	1.40428 -0.00421565 -0.251388	
10.46	1.15003 -0.00185094 -0.281142	
10.47	0.942126 -0.0015735 -0.303885	
10.48	0.771816 -0.00148612 -0.32238	
10.49	0.63202 -0.00103024 -0.337929	
10.5	0.517769 -0.000753742 -0.350546	
10.51	0.424187 -0.000391872 -0.36101	
10.52	0.347431 -0.000623547 -0.369085	
10.53	0.284557 -0.000460435 -0.376038	
10.54	0.233035 -0.000592653 -0.38148	
10.55	0.190853 -0.000621086 -0.386013	
10.56	0.15633 -0.000498736 -0.389862	
10.57	0.127931 -0.000323215 -0.3931	
10.58	0.104773 -0.000341238 -0.395586	
10.59	0.0858097 -0.000277797 -0.397697	
10.6	0.0702747 -0.000287263 -0.399367	
10.61	0.0575158 -0.000196209 -0.400834	
10.62	0.047137 -0.000190334 -0.401962	
10.63	0.0386216 -0.000123191 -0.402947	
10.64	0.0316264 -0.000100738 -0.403724	
10.65	0.0259118 -9.96896e-05 -0.404343	
10.66	0.0212103 -6.68386e-05 -0.404883	
10.67	0.0173829 -6.11322e-05 -0.405302	
10.68	0.0142328 -4.66392e-05 -0.405656	
10.69	0.0116547 -3.63712e-05 -0.405945	
10.7	0.00954662 -2.69505e-05 -0.406182	
10.71	-0.265231 0.0699589 -0.274574	
10.72	-0.966422 0.128625 -0.183593	
10.73	-0.791523 0.104798 -0.223825	
10.74	-2.34099 0.227474 -0.0263909	
10.75	-3.05035 0.231725 -0.0324841	
10.76	-3.68175 0.192613 -0.137009	
10.77	-5.30317 0.16742 -0.208345	
10.78	-5.64217 0.191637 -0.144447	
10.79	-6.83481 0.207517 -0.120448	
10.8	-7.35075 0.204285 -0.134426	
10.81	-8.58919 0.202564 -0.120827	
10.82	-7.91051 0.211161 -0.123273	
10.83	-15.4607 -2.38642 -6.73069	
10.84	-17.1243 -1.20736 -4.00048	
10.85	-32.0076 -2.26637 -2.3479	
10.86	-2.91857 0.226409 -1.84991	
10.87	-5.05594 0.211282 -1.53309	
10.88	-4.13723 0.149072 -1.51163	
10.89	-4.1515 0.210196 -1.21014	
10.9	-3.45241 0.166875 -1.1402	
10.91	-5.43094 0.19288 -0.872946	
10.92	-4.45045 0.158179 -0.827489	
10.93	-4.36333 0.250228 -0.526712	
10.94	-4.64949 0.264137 -0.407349	
10.95	-3.79689 0.217005 -0.415788	
10.96	-3.11834 0.179684 -0.42921	
10.97	-2.55377 0.149629 -0.423683	
10.98	-2.09156 0.124299 -0.435715	
10.99	-1.71798 0.101946 -0.430619	
11	-1.4108 0.0841966 -0.431509	
11.01	-13.0385 0.243476 -0.428322	
11.02	-4.00061 0.207652 -0.00220454	
11.03	-10.2067 0.172684 -0.103664	
11.04	-5.46099 0.180871 0.0123754	
11.05	-9.56907 0.0923251 -0.0870312	
11.06	-5.40342 0.151331 0.159542	
11.07	-9.11517 -0.0210011 -0.200316	
11.08	-6.49275 -0.0583717 -0.0940849	
11.09	-8.23918 0.0179828 0.0911259	
11.1	-6.30549 -0.0550543 -0.192933	
11.11	-9.9866 0.0412686 -0.053079	
11.12	-5.04971 -0.0479129 -0.202593	
11.13	-9.9455 0.0109146 0.0358239	
11.14	-6.2003 0.0134136 -0.00218221	
11.15	-9.6357 -0.139647 -0.317603	
11.16	-4.51418 0.141395 0.0650227	
11.17	-10.8226 -0.0708652 0.0742429	
11.18	-4.01627 0.212644 0.180756	
11.19	-11.1487 -0.0330341 -0.739599	
11.2	-5.35835 0.161801 -0.254395	
11.21	-11.0676 -0.0535078 0.0342606	
11.22	-5.88111 0.188338 -0.0377019	
11.23	-10.7628 -0.140003 -1.06246	
11.24	-6.58657 0.137254 -0.539394	
11.25	-11.444 -0.0340958 -0.0658284	
11.26	-7.53418 0.0550608 -0.372435	
11.27	-10.7433 -0.029373 -0.00113793	
11.28	-7.59122 0.167507 -0.134024	
11.29	-12.5452 -0.379395 -0.403727	
11.3	-7.66268 0.172942 -0.046589	
11.31	-11.3159 -0.048082 -0.86351	
11.32	-7.74252 0.220179 -0.475235	
11.33	-11.8706 -0.235754 -0.57219	
11.34	-9.30432 0.0292902 -0.846999	
11.35	-14.3528 -0.183974 -0.175622	
11.36	-8.67539 0.244767 -0.0675535	
11.37	-11.5719 -0.211971 -0.251027	
11.38	-8.92755 0.174583 -0.256011	
11.39	-13.1779 -0.429373 -0.432429	
11.4	-10.3935 0.0203693 -0.310783	
11.41	-13.8937 -0.69287 -0.756505	
11.42	-9.24042 0.154224 -0.21041	
11.43	-13.608 -0.620467 -0.750426	
11.44	-10.2485 0.103744 -0.250278	
11.45	-13.9679 -0.311293 -0.0950009	
11.46	-11.3541 0.0801388 -0.111695	
11.47	-13.7044 -0.40976 -0.49384	
11.48	-11.2228 0.0858114 -0.31021	
11.49	-9.18576 0.193158 -0.238658	
11.5	-7.4846 0.207151 -0.232211	
11.51	-7.62759 0.12598 -0.225261	
11.52	-7.53884 0.302109 0.078472	
11.53	-6.12215 0.292739 0.0285287	
11.54	-3.58919 0.423806 0.294556	
11.55	0.0629701 -0.765026 -7.02203	
11.56	0.602792 -0.422563 -5.33054	
11.57	-0.208565 -0.411043 -4.07335	
11.58	0.792703 0.218306 -1.54381	
11.59	-1.53006 -0.202553 -2.5227	
11.6	-1.25664 -0.151535 -2.12879	
11.61	4.61876 0.0480097 -1.19404	
11.62	-0.416917 -0.0965662 -1.06462	
11.63	-2.24729 -0.0736631 -1.00017	
11.64	-1.84406 -0.0604311 -0.894347	
11.65	-1.50494 -0.0484193 -0.803132	
11.66	-1.23057 -0.0377757 -0.729083	
11.67	-1.00522 -0.0291972 -0.668302	
11.68	-0.824977 -0.021941 -0.620052	
11.69	-0.674405 -0.0178099 -0.580897	
11.7	-0.549915 -0.013288 -0.547391	
11.71	-0.448917 -0.0115081 -0.521971	
11.72	-0.368312 -0.00947075 -0.501502	
11.73	-0.300206 -0.00832619 -0.484349	
11.74	-0.592333 0.0858821 -0.299954	
11.75	-0.741187 0.118199 -0.227408	
11.76	-2.99025 0.170109 -0.147952	
11.77	-4.82386 0.243728 0.0167179	
11.78	-6.38179 0.194979 -0.070023	
11.79	-11.9481 0.166329 -0.0951257	
11.8	-11.6032 0.242341 0.0522568	
11.81	-17.8632 0.258404 0.165831	
11.82	-16.6095 0.277826 0.174676	
11.83	-13.6052 0.293556 0.0209343	
11.84	-11.1418 0.276056 -0.0827856	
11.85	-9.12218 0.252383 -0.160963	
11.86	-7.47178 0.235642 -0.226772	
11.87	-6.11877 0.208285 -0.270702	
11.88	-5.01103 0.177012 -0.300148	
11.89	-4.10372 0.152643 -0.325181	
11.9	-3.36033 0.125265 -0.340245	
11.91	-2.75301 0.107137 -0.355671	
11.92	-2.25442 0.0891545 -0.366053	
11.93	-1.84614 0.0720174 -0.372783	
11.94	-1.51253 0.0625106 -0.381588	
11.95	-1.2385 0.0504538 -0.385697	
11.96	-1.01408 0.0414853 -0.389728	
11.97	-0.830721 0.0342347 -0.393079	
11.98	-0.680488 0.0287803 -0.396182	
11.99	-0.557174 0.0236592 -0.398254	
12	-0.456386 0.019012 -0.39961	
12.01	-0.373851 0.0159492 -0.401266	
12.02	-0.306142 0.0129004 -0.40223	
12.03	-0.250813 0.0105814 -0.403145	
12.04	-0.205379 0.00868355 -0.4039	
12.05	-0.168262 0.0072785 -0.404625	
12.06	-0.137799 0.00588442 -0.405042	
12.07	-0.112892 0.00483543 -0.40545	
12.08	-0.0924454 0.00405886 -0.405847	
12.09	-0.0757276 0.00327966 -0.406066	
12.1	-0.0620291 0.00270708 -0.406293	
12.11	-0.0508112 0.00224077 -0.406482	
12.12	-0.0416254 0.00181097 -0.406601	
12.13	-0.0340959 0.00152673 -0.406748	
12.14	-0.0279345 0.00123126 -0.406823	
12.15	-0.0228849 0.00100994 -0.406899	
12.16	-0.0187469 0.000799604 -0.40694	
12.17	-0.0153581 0.000658579 -0.406997	
12.18	-0.0125805 0.000528931 -0.407033	
12.19	-0.0103024 0.000435045 -0.407072	
12.2	-0.00843866 0.000358608 -0.407104	
12.21	-0.00691201 0.000289074 -0.407125	
12.22	-0.00691086 0.000290193 -0.407126	
12.23	-0.00691058 0.000285021 -0.407122	
12.24	-1.25643 0.175565 -0.108441	
12.25	-1.02914 0.144419 -0.162926	
12.26	-1.548 0.200725 -0.0684172	
12.27	-1.26814 0.164796 -0.129925	
12.28	-1.03878 0.135622 -0.180522	
12.29	-0.850718 0.110596 -0.221237	
12.3	-16.6484 0.256738 -0.284515	
12.31	-8.80152 0.238865 -0.274429	
12.32	-5.52643 -0.801957 -2.34253	
12.33	-6.15624 -2.0955 -5.47112	
12.34	-4.34396 -3.65116 -8.91592	
12.35	-4.9985 -4.34135 -10.764	
12.36	-4.52934 -5.3639 -13.113	
12.37	-4.75637 -4.03708 -10.291	
12.38	-5.51326 -2.78222 -7.68158	
12.39	-4.83218 -2.16499 -6.20661	
12.4	-5.98581 -1.17824 -4.12735	
12.41	-5.40585 -0.435209 -2.49527	
12.42	-6.15683 -0.205544 -1.39856	
12.43	-2.84724 0.0742841 -0.374294	
12.44	-5.05072 0.0776324 -0.0751083	
12.45	-1.68015 0.134552 0.0384165	
12.46	-8.94935 0.430648 0.660899	
12.47	-7.3287 0.364998 0.457566	
12.48	-6.00311 0.309501 0.29269	
12.49	-4.91622 0.263192 0.158155	
12.5	-4.0243 0.218437 0.0531835	
12.51	-3.29512 0.183416 -0.0338977	
12.52	-2.69845 0.149573 -0.100994	
12.53	-2.20957 0.123263 -0.157109	
12.54	-1.80938 0.101665 -0.202994	
12.55	-1.48211 0.0840129 -0.240529	
12.56	-1.21371 0.0689747 -0.27086	
12.57	-0.993599 0.0564837 -0.295605	
12.58	-0.816809 0.0471368 -0.314749	
12.59	-0.668875 0.0386754 -0.331561	
12.6	-0.547695 0.0316334 -0.345243	
12.61	-0.448404 0.0262212 -0.35674	
12.62	-0.367088 0.0214352 -0.365872	
12.63	-0.300642 0.0175591 -0.373363	
12.64	-0.246224 0.0143806 -0.379495	
12.65	-0.201654 0.0121242 -0.384795	
12.66	-0.165189 0.00981912 -0.388764	
12.67	-0.135281 0.00790919 -0.392003	
12.68	-0.110847 0.00669706 -0.394929	
12.69	-0.0907592 0.0053644 -0.397064	
12.7	-0.0743217 0.00438965 -0.398905	
12.71	-0.0609022 0.00365713 -0.400458	
12.72	-0.0498722 0.00299225 -0.401684	
12.73	-0.0408261 0.00240398 -0.402655	
12.74	-0.0334387 0.00197199 -0.403487	
12.75	-0.0273907 0.00163766 -0.404184	
12.76	-0.0224214 0.00133567 -0.404734	
12.77	-0.01836 0.00107777 -0.405175	
12.78	-0.0150361 0.000895262 -0.405559	
12.79	-0.0123099 0.000742293 -0.405871	
12.8	-0.0100824 0.000599583 -0.406112	
12.81	-0.0082588 0.000500742 -0.406324	
12.82	-0.00675959 0.000408794 -0.406489	
12.83	-0.00675975 0.000408079 -0.406489	
12.84	-0.00676243 0.000409764 -0.40649	
12.85	-0.00676106 0.000408692 -0.406489	
12.86	-0.00676374 0.000410377 -0.40649	
12.87	-0.00676503 0.00041099 -0.40649	
12.88	-0.00676416 0.000410941 -0.40649	
12.89	-0.00676546 0.000411554 -0.406491	
12.9	-0.00676638 0.000417781 -0.406495	
12.91	-0.00676739 0.000412472 -0.406491	
12.92	-0.00676813 0.000410842 -0.40649	
12.93	-0.00676877 0.000411149 -0.40649	
12.94	-0.00677139 0.000412833 -0.406491	
12.95	-0.00676763 0.000405181 -0.406485	
12.96	-0.00676952 0.000418093 -0.406495	
12.97	-0.00676989 0.000412478 -0.406491	
12.98	-0.00677005 0.000411762 -0.40649	
12.99	-0.00676996 0.000413697 -0.406492	
13	-0.0067706 0.000414003 -0.406492	
13.01	-0.00677044 0.000414719 -0.406492	
13.02	-0.491816 0.0989885 -0.227743	
13.03	-0.402811 0.0812212 -0.260319	
13.04	-0.329934 0.0666537 -0.28698	
13.05	-0.270228 0.0549297 -0.308954	
13.06	-0.221349 0.044876 -0.326658	
13.07	-0.181282 0.0365798 -0.341136	
13.08	-0.148498 0.0302197 -0.35325	
13.09	-0.121643 0.024951 -0.363137	
13.1	-0.0996202 0.020322 -0.371051	
13.11	-0.0815964 0.0166703 -0.377615	
13.12	-0.0668335 0.0136744 -0.382987	
13.13	-0.0547415 0.0112167 -0.387385	
13.14	-0.0448391 0.00925693 -0.39102	
13.15	-0.0367213 0.00753912 -0.39393	
13.16	-0.0300818 0.00619706 -0.39635	
13.17	-0.0246345 0.00506844 -0.398318	
13.18	-0.0201765 0.0041542 -0.399934	
13.19	-0.0165251 0.00340641 -0.401259	
13.2	-0.0135334 0.00278673 -0.40234	
13.21	-0.0110859 0.00230023 -0.403237	
13.22	-0.00907889 0.00187336 -0.403955	
13.23	-0.00743615 0.00153723 -0.404551	
13.24	-0.00609098 0.00126173 -0.405039	
13.25	-0.00609204 0.00127153 -0.405045	
13.26	-0.006092 0.00126537 -0.405041	
13.27	-0.00609275 0.00126809 -0.405042	
13.28	-0.00609249 0.00126666 -0.405042	
13.29	-0.00609293 0.00127469 -0.405046	
13.3	-0.00609383 0.00127889 -0.405049	
13.31	-0.00609314 0.00126765 -0.405042	
13.32	-0.00609388 0.00127037 -0.405043	
13.33	-0.00609437 0.00127219 -0.405044	
13.34	-0.00609403 0.00127133 -0.405044	
13.35	-0.00609443 0.00127373 -0.405045	
13.36	-0.00609461 0.00128083 -0.405049	
13.37	-0.00609409 0.00127235 -0.405044	
13.38	-0.00609402 0.00127853 -0.405048	
13.39	-0.00609391 0.00127299 -0.405045	
13.4	-0.00609464 0.00127571 -0.405046	
13.41	-0.00609332 0.0012707 -0.405044	
13.42	-0.006094 0.00128012 -0.405049	
13.43	-0.00609374 0.00127868 -0.405048	
13.44	-0.00609399 0.00127959 -0.405049	
13.45	-0.00609341 0.00127782 -0.405048	
13.46	-0.00609365 0.00127873 -0.405049	
13.47	-0.00609338 0.00127171 -0.405044	
13.48	-0.00609307 0.00127696 -0.405048	
13.49	-0.00609256 0.00127461 -0.405046	
13.5	-0.00609279 0.00126995 -0.405043	
13.51	-0.00609142 0.00126493 -0.405041	
13.52	-0.00609197 0.00127284 -0.405046	
13.53	-0.00609244 0.00126909 -0.405043	
13.54	-0.00609137 0.00127107 -0.405045	
13.55	-0.00609185 0.00126733 -0.405042	
13.56	-0.00609263 0.00127615 -0.405047	
13.57	-0.00609235 0.00126915 -0.405043	
13.58	-0.00609229 0.00127529 -0.405047	
13.59	-0.00609276 0.00127155 -0.405044	
13.6	-0.00609295 0.0012786 -0.405049	
13.61	-0.00609319 0.00127951 -0.405049	
13.62	-0.00609344 0.00128042 -0.40505	
13.63	-0.00609341 0.00127433 -0.405046	
13.64	-0.0060939 0.00127614 -0.405047	
13.65	-0.00609408 0.00128319 -0.405051	
13.66	-0.00609463 0.00127887 -0.405048	
13.67	-0.00609456 0.001285 -0.405052	
13.68	-0.0060943 0.00127801 -0.405048	
13.69	-0.00609454 0.00127892 -0.405048	
13.7	-0.00609454 0.00127892 -0.405048	
13.71	-0.00609396 0.00127716 -0.405047	
13.72	-0.00609373 0.00128179 -0.40505	
13.73	-0.00609404 0.00127657 -0.405047	
13.74	-0.00609373 0.00128179 -0.40505	
13.75	-0.00609373 0.00128179 -0.40505	
13.76	-0.00609373 0.00128179 -0.40505	
13.77	-0.00609373 0.00128179 -0.40505	
13.78	-0.00609404 0.00127657 -0.405047	
13.79	-0.00609365 0.00128238 -0.405051	
13.8	-0.00609373 0.00128179 -0.40505	
13.81	-0.00609373 0.00128179 -0.40505	
13.82	-0.00609365 0.00128238 -0.405051	
13.83	-0.00609365 0.00128238 -0.405051	
13.84	-0.00609322 0.0012739 -0.405046	
13.85	-0.00609396 0.00127716 -0.405047	
13.86	-0.0060942 0.00127807 -0.405048	
13.87	-0.00609412 0.00127866 -0.405048	
13.88	-0.00609338 0.0012754 -0.405047	
13.89	-0.00609404 0.00128604 -0.405053	
13.9	-0.00609353 0.00127815 -0.405048	
13.91	-0.00609353 0.00127815 -0.405048	
13.92	-0.00609353 0.00127815 -0.405048	
13.93	-0.00609396 0.00128663 -0.405053	
13.94	-0.00609344 0.00128 -0.405049	
13.95	-0.00609367 0.00127537 -0.405046	
13.96	-0.00609336 0.00128059 -0.40505	
13.97	-0.00609327 0.00128118 -0.40505	
13.98	-0.00609327 0.00128118 -0.40505	
13.99	-0.0060937 0.00128966 -0.405055	
14	-0.00609393 0.00128503 -0.405052	
14.01	-0.00609335 0.00128328 -0.405052	
14.02	-0.00609377 0.00129175 -0.405057	
14.03	-0.00609401 0.00128713 -0.405054	
14.04	-0.00609417 0.00128863 -0.405054	
14.05	-0.00609335 0.00128597 -0.405053	
14.06	-0.00609481 0.00129248 -0.405057	
14.07	-0.00609505 0.00129338 -0.405057	
14.08	-0.00609496 0.00129398 -0.405057	
14.09	-0.0060952 0.00129488 -0.405058	
14.1	-0.00609512 0.00129548 -0.405058	
14.11	-0.00609544 0.00129579 -0.405058	
14.12	-0.00609559 0.00129176 -0.405056	
14.13	-0.00609527 0.00129698 -0.405059	
14.14	-0.00609606 0.00129964 -0.40506	
14.15	-0.00609606 0.00129964 -0.40506	
14.16	-0.00609536 0.00129639 -0.405059	
14.17	-0.00609575 0.00129933 -0.40506	
14.18	-0.00609583 0.00129873 -0.40506	
14.19	-0.00609575 0.00129933 -0.40506	
14.2	-0.00609552 0.00129842 -0.40506	
14.21	-0.00609589 0.0013069 -0.405065	
14.22	-12.9482 0.424399 0.201721	
14.23	-10.4614 -2.98832 -8.49323	
14.24	-8.70543 -2.09275 -7.14672	
14.25	-7.18117 -1.52498 -5.96127	
14.26	-5.93634 -1.08545 -4.99915	
14.27	-4.88841 -0.796716 -4.18664	
14.28	-4.01183 -0.604959 -3.50519	
14.29	-3.29689 -0.448544 -2.951	
14.3	-2.91714 4.64527 9.94642	
14.31	-2.38211 3.82433 8.0721	
14.32	-1.94327 3.14933 6.53618	
14.33	-1.57662 2.97149 6.289	
14.34	-1.26402 3.19856 7.03168	
14.35	-0.989666 3.85464 8.90064	
14.36	-0.793302 3.52656 8.15461	
14.37	-0.592032 4.51181 10.8834	
14.38	-0.466531 4.08384 9.84143	
14.39	-0.34399 4.36081 10.6017	
14.4	-0.232333 4.82996 11.941	
14.41	-0.178367 4.23525 10.2888	
14.42	-0.103931 4.68805 11.5014	
14.43	-0.0741158 4.11453 9.93839	
14.44	-0.0460689 3.71191 8.86182	
14.45	-0.0227358 3.47389 8.26805	
14.46	-5.46965e-05 3.37344 7.97946	
14.47	0.0403768 3.90587 9.43484	
14.48	0.0448559 3.5288 8.45618	
14.49	0.0910731 4.42271 10.8402	
14.5	0.0979325 4.27113 10.429	
14.51	0.124214 4.68833 11.552	
14.52	0.1435 4.98115 12.3292	
14.53	0.155336 5.11303 12.6717	
14.54	0.157675 5.01925 12.4189	
14.55	0.194489 5.90297 14.8316	
14.56	0.203479 6.04879 15.2275	
14.57	0.240581 6.98532 17.8361	
14.58	0.257232 7.37733 18.9321	
14.59	0.213394 6.11707 15.3944	
14.6	0.176928 5.06941 12.5048	
14.61	-18.4028 0.289837 1.20161	
14.62	-11.4279 -0.567749 -0.268529	
14.63	-26.5933 0.132821 1.23192	
14.64	-3.82046 0.16477 0.328893	
14.65	-3.12765 0.145135 0.201674	
14.66	-2.5599 0.119531 0.0917397	
14.67	-19.7174 0.414528 0.381581	
14.68	-8.95041 0.062494 -0.13078	
14.69	-23.9838 0.0956264 0.358181	
14.7	-5.4336 0.269581 0.395715	
14.71	-21.2095 0.0949947 0.133511	
14.72	-7.02803 0.263968 0.240101	
14.73	-20.5072 0.169163 -0.10273	
14.74	-7.92863 0.318348 0.153755	
14.75	-19.92 0.180841 -0.175493	
14.76	-7.64115 0.303682 0.095977	
14.77	-19.0863 0.205885 -0.21565	
14.78	-8.53389 0.298174 0.020706	
14.79	-18.5368 0.185687 -0.251703	
14.8	-3.39344 -1.65702 -8.41312	
14.81	-6.98918 -2.3124 -9.10316	
14.82	-5.62735 -1.79262 -7.60728	
14.83	-6.56394 -1.88011 -7.34984	
14.84	-6.27253 -1.6763 -6.57722	
14.85	-5.10259 -1.33468 -5.51736	
14.86	-7.38343 -1.25327 -5.23096	
14.87	-4.2063 -6.83643 -16.0103	
14.88	-7.77168 -4.05589 -11.0126	
14.89	-6.02237 -3.47843 -9.48086	
14.9	-4.03259 -4.36961 -10.9494	
14.91	-5.59482 -3.70431 -9.67605	
14.92	-3.26543 -3.93543 -9.72638	
14.93	-2.22331 -3.56602 -8.74232	
14.94	-1.49769 -3.22633 -7.84829	
14.95	-0.850198 -3.17036 -7.53378	
14.96	-0.378891 -3.92039 -8.88075	
14.97	-0.258575 -4.2532 -9.46729	
14.98	0.183983 -4.37972 -9.70711	
14.99	0.550236 -5.11226 -11.3343	
15	0.397731 -3.27811 -11.6672	
15.01	0.987219 -2.19928 -11.8207	
15.02	-0.092813 -1.69584 -13.2891	
15.03	-1.40538 1.35334 -1.74333	
15.04	-1.88745 0.1523 -0.476124	
15.05	-31.0595 -4.28135 -5.05083	
15.06	5.54199 -0.984169 -2.69995	
15.07	-26.9436 -1.74281 0.401488	
15.08	-0.480255 -1.48636 -3.66612	
15.09	-21.6782 -0.617326 0.25599	
15.1	-30.8288 -0.413312 0.690728	
15.11	0.60063 0.611736 -1.46264	
15.12	0.46692 0.499148 -1.37833	
15.13	0.404395 0.407636 -1.30524	
15.14	0.319942 0.333119 -1.18349	
15.15	0.29784 0.272807 -1.07837	
15.16	0.246531 0.223106 -0.981991	
15.17	0.213094 0.182729 -0.888324	
15.18	0.170495 0.149467 -0.810591	
15.19	-0.473251 7.98676 19.6633	
15.2	-0.410811 6.62974 15.9785	
15.21	-0.348151 5.4745 12.9855	
15.22	-0.293431 4.51542 10.5414	
15.23	-0.248678 3.73001 8.54102	
15.24	-0.207075 3.06802 6.91253	
15.25	-0.172421 2.52355 5.58076	
15.26	-0.142622 2.07216 4.4938	
15.27	-0.117671 1.70045 3.60429	
15.28	-0.0981993 1.39962 2.87429	
15.29	-0.0809777 1.14839 2.27916	
15.3	-0.0667288 0.941999 1.79286	
15.31	-0.0549226 0.772519 1.39418	
15.32	-0.0451435 0.633259 1.06824	
15.33	-0.036711 0.517642 0.801768	
15.34	-0.0303373 0.424979 0.582364	
15.35	-0.0248113 0.347924 0.403332	
15.36	-0.0200953 0.284076 0.257267	
15.37	-0.673985 0.22813 0.0954794	
15.38	-0.551786 0.186499 0.00461592	
15.39	-0.451938 0.152802 -0.0699637	
15.4	-0.370146 0.125208 -0.131063	
15.41	-0.303376 0.102871 -0.181258	
15.42	-1.0914 0.153638 -0.133961	
15.43	-0.893968 0.126075 -0.183571	
15.44	-0.938835 0.146512 -0.156496	
15.45	-8.0877 0.337377 -0.131092	
15.46	-1.40328 7.91452 19.993	
15.47	-1.15013 6.59767 16.2415	
15.48	-0.942387 5.47018 13.1931	
15.49	-11.9428 1.70347 4.65287	
15.5	-12.009 0.859946 2.54159	
15.51	-9.8374 0.724602 1.99212	
15.52	-8.05675 0.602902 1.5502	
15.53	-6.60003 0.506771 1.1859	
15.54	-6.28617 0.243846 0.481927	
15.55	-7.45334 0.086879 -0.0640829	
15.56	-6.18417 0.100536 -0.0874876	
15.57	-6.69416 0.163253 -0.0838628	
15.58	-6.93579 0.320956 0.147549	
15.59	-6.83412 0.170653 -0.156931	
15.6	-7.55452 0.101896 -0.277697	
15.61	-6.18603 0.0874712 -0.30457	
15.62	-6.68256 0.137759 -0.252318	
15.63	-7.00269 0.320435 0.063428	
15.64	-6.59989 0.322717 0.0743809	
15.65	-6.29738 0.265606 -0.0214084	
15.66	-5.83546 0.279099 -0.000785064	
15.67	-6.3786 0.276894 -0.0073631	
15.68	-5.85375 0.251887 -0.042435	
15.69	-5.54876 0.284421 -0.0018523	
15.7	-6.62767 0.30055 0.0174338	
15.71	-6.28871 0.291929 0.0112747	
15.72	-5.84144 0.271399 -0.0244297	
15.73	-6.35816 0.254412 -0.0543543	
15.74	-5.85024 0.257649 -0.062132	
15.75	-7.18725 0.268365 -0.0479322	
15.76	-5.88379 0.222863 -0.115815	
15.77	-6.18624 0.206756 -0.133873	
15.78	-5.24791 0.203322 -0.130375	
15.79	-5.56669 0.207966 -0.123863	
15.8	-5.32103 0.239791 -0.0571233	
15.81	-4.71692 0.225015 -0.084624	
15.82	-5.4595 0.214195 -0.0891205	
15.83	-4.4726 0.183871 -0.153868	
15.84	-5.67989 0.186635 -0.149802	
15.85	-4.65118 0.151085 -0.194917	
15.86	-3.94592 0.160189 -0.18821	
15.87	-4.68394 -4.43717 -9.22022	
15.88	-2.64246 -7.1177 -14.5144	
15.89	-4.94878 -4.85189 -10.5827	
15.9	-3.74203 -4.16398 -9.12885	
15.91	-3.25404 -4.22991 -9.34763	
15.92	-3.28644 -4.15572 -9.2997	
15.93	-3.66506 -3.75914 -8.65523	
15.94	-2.42909 -3.68996 -8.34777	
15.95	-4.68278 -2.54881 -6.31666	
15.96	-3.83142 -2.07714 -5.25355	
15.97	-3.13864 -1.69946 -4.38045	
15.98	-2.56676 -1.38243 -3.66647	
15.99	-2.34279 -1.05965 -2.95658	
16	-2.03687 -0.831167 -2.43989	
16.01	-3.16901 -0.251597 -1.38709	
16.02	-2.59651 -0.204208 -1.21227	
16.03	-2.76679 0.00953618 -0.785254	
16.04	-2.56778 0.0649935 -0.617355	
16.05	-2.10315 0.0554293 -0.581602	
16.06	-2.54744 0.232721 -0.242692	
16.07	-2.08681 0.19048 -0.272295	
16.08	-1.71001 0.156909 -0.297481	
16.09	-1.40078 0.129059 -0.317848	
16.1	-1.14738 0.105924 -0.33423	
16.11	-0.939699 0.0864801 -0.347178	
16.12	-0.769629 0.0708839 -0.358103	
16.13	-0.630117 0.0581036 -0.367075	
16.14	-0.516548 0.0481699 -0.374849	
16.15	-1.52399 0.154951 -0.190057	
16.16	-1.2488 0.128677 -0.230842	
16.17	-1.02279 0.104998 -0.262408	
16.18	-0.837669 0.0861625 -0.288778	
16.19	-0.686242 0.0709556 -0.310532	
16.2	-0.562114 0.0587022 -0.328558	
16.21	-0.460259 0.0477266 -0.342504	
16.22	-0.377034 0.0389173 -0.354045	
16.23	-0.309017 0.0325424 -0.364235	
16.24	-0.253031 0.0263269 -0.371733	
16.25	-0.20733 0.0219869 -0.378527	
16.26	-0.169765 0.0178027 -0.383545	
16.27	-0.139078 0.0145528 -0.387799	
16.28	-0.113932 0.0120212 -0.391406	
16.29	-0.0932837 0.00985814 -0.39429	
16.3	-0.0764225 0.0080496 -0.396606	
16.31	-0.0625929 0.00652431 -0.398467	
16.32	-0.0512758 0.00538867 -0.400094	
16.33	-0.041985 0.0043772 -0.401356	
16.34	-0.0343869 0.00356004 -0.402398	
16.35	-0.0281696 0.00294037 -0.403296	
16.36	-0.0230721 0.00237683 -0.40398	
16.37	-0.0189009 0.00195121 -0.404574	
16.38	-0.0154796 0.00159968 -0.405058	
16.39	-0.0126855 0.0013176 -0.405458	
16.4	-0.0103893 0.0010802 -0.405781	
16.41	-0.0085097 0.000881119 -0.406042	
16.42	-0.00697356 0.000724639 -0.40626	
16.43	-0.00697251 0.000718996 -0.406256	
16.44	-0.00697355 0.000721591 -0.406258	
16.45	-0.00697486 0.00071729 -0.406253	
16.46	-0.0069777 0.000720798 -0.406256	
16.47	-0.0069772 0.000715577 -0.406251	
16.48	-0.00698061 0.000717722 -0.406252	
16.49	-0.00698258 0.00072184 -0.406256	
16.5	-0.00698219 0.000715912 -0.40625	
16.51	-0.00698374 0.000718904 -0.406253	
16.52	-0.00698662 0.000716198 -0.40625	
16.53	-0.0069892 0.000723048 -0.406255	
16.54	-0.00698717 0.000711812 -0.406246	
16.55	-0.00698975 0.000718653 -0.406251	
16.56	-0.00699229 0.0007255 -0.406257	
16.57	-0.00699039 0.000713551 -0.406246	
16.58	-0.00699432 0.000727132 -0.406258	
16.59	-0.00699385 0.00072192 -0.406253	
16.6	-0.00699487 0.000722735 -0.406254	
16.61	-0.00699439 0.000717532 -0.406249	
16.62	-0.00699798 0.000724466 -0.406255	
16.63	-0.00699728 0.000726144 -0.406256	
16.64	-0.00700081 0.000729367 -0.406258	
16.65	-0.00700076 0.000728989 -0.406258	
16.66	-0.00700433 0.000731492 -0.40626	
16.67	-0.00700427 0.000727412 -0.406256	
16.68	-0.00700413 0.000731451 -0.40626	
16.69	-0.0070063 0.000728318 -0.406256	
16.7	-0.00700548 0.000733382 -0.406261	
16.71	-0.00700698 0.000738677 -0.406266	
16.72	-0.00700295 0.000730597 -0.406259	
16.73	-0.00700285 0.000734999 -0.406263	
16.74	-0.00700437 0.000736599 -0.406264	
16.75	-0.00700437 0.000736599 -0.406264	
16.76	-0.00700285 0.000734999 -0.406263	
16.77	-0.00700334 0.000735405 -0.406263	
16.78	-0.00700172 0.000734517 -0.406263	
16.79	-0.00700314 0.00074052 -0.406268	
16.8	-0.00700182 0.000733803 -0.406262	
16.81	-0.00700314 0.00074052 -0.406268	
16.82	-0.00700162 0.000738913 -0.406267	
16.83	-0.00700314 0.00074052 -0.406268	
16.84	-0.00700465 0.000742124 -0.406269	
16.85	-0.00700162 0.000738913 -0.406267	
16.86	-0.00700293 0.000745633 -0.406273	
16.87	-0.00700314 0.00074052 -0.406268	
16.88	-0.00700162 0.000738913 -0.406267	
16.89	-0.00700293 0.000745633 -0.406273	
16.9	-0.00700293 0.000745633 -0.406273	
16.91	-0.00700309 0.000742262 -0.40627	
16.92	-0.00700157 0.000740657 -0.406269	
16.93	-0.00700157 0.000740657 -0.406269	
16.94	-0.00700288 0.000747376 -0.406275	
16.95	-0.00700136 0.000745766 -0.406273	
16.96	-0.00700288 0.000747376 -0.406275	
16.97	-0.00700157 0.000740657 -0.406269	
16.98	-0.00700136 0.000745766 -0.406273	
16.99	-0.00700136 0.000745766 -0.406273	
17	-0.00700092 0.000743616 -0.406272	
17.01	-0.00700071 0.000748723 -0.406276	
17.02	-0.00700071 0.000748723 -0.406276	
17.03	-0.00700071 0.000748723 -0.406276	
17.04	-0.00700048 0.000753828 -0.406281	
17.05	-0.00700065 0.000751371 -0.406279	
17.06	-0.00700183 0.000758814 -0.406285	
17.07	-0.00700134 0.000758408 -0.406285	
17.08	-0.00700134 0.000758408 -0.406285	
17.09	-0.00700121 0.000762803 -0.406289	
17.1	-0.00700117 0.000761771 -0.406288	
17.11	-0.00700078 0.000771269 -0.406297	
17.12	-0.00700009 0.000774221 -0.4063	
17.13	-0.00699796 0.000772873 -0.406299	
17.14	-0.00699766 0.000781045 -0.406307	
17.15	-0.00699512 0.000778566 -0.406305	
17.16	-0.0069922 0.00079116 -0.406317	
17.17	-0.00699156 0.000795588 -0.406321	
17.18	-0.00698783 0.000802841 -0.406329	
17.19	-0.0069832 0.00081521 -0.406341	
17.2	-0.00697763 0.000812598 -0.40634	
17.21	-0.00697216 0.000817829 -0.406346	
17.22	-0.00696131 0.000827436 -0.406358	
17.23	-0.00695699 0.000830659 -0.406362	
17.24	-0.00694381 0.000830461 -0.406365	
17.25	-11.9734 0.27146 -0.55374	
17.26	-1.56071 0.0562088 -0.249526	
17.27	-10.5424 -0.354117 -1.7633	
17.28	-1.91837 0.35612 0.243176	
17.29	-0.654696 -0.374584 -1.08174	
17.3	-0.532709 -0.302324 -0.961095	
17.31	-0.434266 -0.245067 -0.861578	
17.32	-0.353869 -0.198236 -0.780434	
17.33	-0.287555 -0.159506 -0.713725	
17.34	-0.233508 -0.127979 -0.65927	
17.35	-0.364923 -0.0530065 -0.525074	
17.36	-0.297777 -0.0430758 -0.503517	
17.37	0.866047 0.15972 0.070507	
17.38	3.08424 0.0592232 0.216885	
17.39	2.40358 0.0108257 0.0990158	
17.4	4.72705 0.132863 0.687781	
17.41	3.8633 0.110451 0.485481	
17.42	3.15371 0.0966977 0.313792	
17.43	2.57514 0.0808834 0.179234	
17.44	2.10565 0.0687029 0.0692797	
17.45	1.71991 0.0562273 -0.0181508	
17.46	1.40501 0.0466093 -0.0901921	
17.47	1.14957 0.0389207 -0.148763	
17.48	0.93986 0.0328163 -0.197091	
17.49	0.766186 0.0282556 -0.237702	
17.5	0.626537 0.0228626 -0.268317	
17.51	0.510716 0.0191039 -0.294553	
17.52	0.417521 0.0157594 -0.315284	
17.53	0.340877 0.013034 -0.332363	
17.54	0.278762 0.0107658 -0.346134	
17.55	0.227693 0.0085599 -0.357054	
17.56	0.185877 0.00706124 -0.366358	
17.57	0.151927 0.00574656 -0.373796	
17.58	0.124072 0.00477651 -0.380027	
17.59	0.101354 0.00394676 -0.385063	
17.6	0.0827707 0.0032559 -0.389168	
17.61	0.0676537 0.00271757 -0.392535	
17.62	0.0553159 0.00226282 -0.395265	
17.63	0.0452614 0.00187359 -0.397468	
17.64	0.0370411 0.001614 -0.399338	
17.65	0.0302499 0.00136168 -0.400838	
17.66	0.0247444 0.0011686 -0.402068	
17.67	0.0202613 0.000971547 -0.403022	
17.68	0.0165481 0.000816415 -0.403822	
17.69	0.0135328 0.000674961 -0.404454	
17.7	0.0110606 0.000570671 -0.404985	
17.71	0.00904161 0.000472657 -0.405404	
17.72	0.00739437 0.000392504 -0.405745	
17.73	0.0060348 0.000325742 -0.406027	
17.74	0.00491159 0.000264261 -0.406251	
17.75	0.0048918 0.000263771 -0.406256	
17.76	0.00486903 0.000258994 -0.406257	
17.77	0.00484313 0.000256303 -0.40626	
17.78	0.00482549 0.000256003 -0.406265	
17.79	0.00479839 0.000252165 -0.406267	
17.8	0.00477885 0.00025087 -0.406271	
17.81	0.00475986 0.000242621 -0.406266	
17.82	0.00472466 0.000241674 -0.406275	
17.83	0.00471516 0.000240697 -0.406276	
17.84	0.00470243 0.000236819 -0.406275	
17.85	0.0046859 0.000241532 -0.406285	
17.86	0.00467109 0.000237511 -0.406284	
17.87	0.00466524 0.00024165 -0.40629	
17.88	0.00465986 0.000241295 -0.406291	
17.89	0.00465217 0.000239223 -0.406291	
17.9	0.00463961 0.000240496 -0.406296	
17.91	0.00462825 0.000243215 -0.406302	
17.92	0.00462095 0.00023865 -0.406299	
17.93	0.00460206 0.000242959 -0.406309	
17.94	0.00458685 0.000238946 -0.406308	
17.95	0.00457921 0.000237492 -0.406308	
17.96	0.0045558 0.000240704 -0.406318	
17.97	0.00454262 0.000233154 -0.406313	
17.98	0.00452218 0.000227852 -0.406312	
17.99	0.00450182 0.000222602 -0.406311	
18	0.00448157 0.00021796 -0.406311	
18.01	0.00445942 0.000212313 -0.406311	
18.02	0.00443349 0.000209875 -0.406315	
18.03	0.00441002 0.000203018 -0.406313	
18.04	0.00439212 0.000198538 -0.406312	
18.05	0.00436776 0.000197156 -0.406317	
18.06	0.00434379 0.000191772 -0.406317	
18.07	0.00432747 0.000186251 -0.406315	
18.08	0.0043099 0.000177255 -0.406309	
18.09	0.00429308 0.000177832 -0.406314	
18.1	0.0042762 0.000173177 -0.406313	
18.11	0.00426881 0.000172481 -0.406314	
18.12	0.00425223 0.000172609 -0.406319	
18.13	0.00424894 0.000171809 -0.406319	
18.14	0.00424237 0.000175457 -0.406325	
18.15	0.00424657 0.000172316 -0.40632	
18.16	0.00424251 0.000175467 -0.406325	
18.17	0.00423541 0.000183112 -0.406336	
18.18	0.00423836 0.000188483 -0.406341	
18.19	0.00424885 0.000186847 -0.406337	
18.2	0.00425176 0.000191645 -0.406341	
18.21	0.00425086 0.000202253 -0.406354	
18.22	0.0042557 0.000203375 -0.406354	
18.23	0.00426103 0.00020515 -0.406355	
18.24	0.00426543 0.000216985 -0.406368	
18.25	0.00426493 0.000216252 -0.406367	
18.26	0.00427333 0.000224896 -0.406375	
18.27	0.00427387 0.000233703 -0.406385	
18.28	0.00427514 0.000235428 -0.406387	
18.29	0.00428219 0.00023905 -0.406389	
18.3	0.00428869 0.00024661 -0.406396	
18.31	0.00429155 0.000248127 -0.406397	
18.32	0.0042947 0.000253344 -0.406403	
18.33	0.0043032 0.000255784 -0.406403	
18.34	0.00430613 0.000260926 -0.406409	
18.35	0.00431139 0.000261975 -0.406408	
18.36	0.00431825 0.000263404 -0.406408	
18.37	0.00432672 0.000260691 -0.406403	
18.38	0.004333 0.000270487 -0.406413	
18.39	0.00433909 0.000276291 -0.406418	
18.4	0.00435381 0.000279602 -0.406418	
18.41	0.00436349 0.000286168 -0.406423	
18.42	0.00438198 0.000286416 -0.406419	
18.43	0.00438443 0.000291303 -0.406424	
18.44	0.0044041 0.000295744 -0.406424	
18.45	0.00441346 0.000297777 -0.406424	
18.46	0.00443773 0.000311844 -0.406434	
18.47	0.00447947 0.000324106 -0.406437	
18.48	0.00448148 0.000332668 -0.406447	
18.49	0.00448679 0.000338256 -0.406452	
18.5	0.00450927 0.000350189 -0.40646	
18.51	0.00450839 0.000352126 -0.406462	
18.52	0.00451253 0.0003535 -0.406463	
18.53	0.00452439 0.000354856 -0.406461	
18.54	0.00451556 0.000355464 -0.406464	
18.55	0.00451796 0.000354515 -0.406463	
18.56	0.00451244 0.00035737 -0.406467	
18.57	0.00451022 0.00035381 -0.406464	
18.58	0.00450173 0.00034871 -0.40646	
18.59	0.00450072 0.000354038 -0.406467	
18.6	0.00449814 0.000352653 -0.406466	
18.61	0.00449125 0.000346487 -0.40646	
18.62	0.00448865 0.0003445 -0.406459	
18.63	0.00447494 0.000339794 -0.406457	
18.64	0.00446775 0.000332432 -0.40645	
18.65	0.0044543 0.000321445 -0.406441	
18.66	0.00445013 0.000319682 -0.40644	
18.67	0.00443958 0.000316359 -0.406438	
18.68	0.00443516 0.000313376 -0.406436	
18.69	0.00442588 0.000309221 -0.406434	
18.7	0.0044263 0.000303843 -0.406427	
18.71	0.00443248 0.000303579 -0.406425	
18.72	0.00444039 0.000299553 -0.406418	
18.73	0.00444964 0.000300069 -0.406417	
18.74	0.00446369 0.000302361 -0.406416	
18.75	0.00448092 0.000300696 -0.406409	
18.76	0.00449333 0.0003026 -0.406408	
18.77	0.00450893 0.000305284 -0.406407	
18.78	0.00452597 0.000308351 -0.406406	
18.79	0.0045385 0.000308245 -0.406403	
18.8	0.0045541 0.00031154 -0.406402	
18.81	0.00456963 0.00031483 -0.406402	
18.82	0.00457561 0.000319836 -0.406406	
18.83	0.00459055 0.000328006 -0.406412	
18.84	0.00460414 0.000336374 -0.406418	
18.85	0.00461502 0.00033907 -0.406419	
18.86	0.00463026 0.000346929 -0.406424	
18.87	0.0046518 0.000356894 -0.40643	
18.88	0.00466107 0.000363772 -0.406435	
18.89	0.00467957 0.000371006 -0.406439	
18.9	0.00469484 0.000383907 -0.40645	
18.91	0.00469789 0.000384654 -0.40645	
18.92	0.00506304 0.000385132 -0.406354	
18.93	0.0050632 0.000385744 -0.406354	
18.94	0.0050632 0.000385744 -0.406354	
18.95	0.00506337 0.000386356 -0.406355	
18.96	0.00506402 0.000388801 -0.406358	
18.97	0.00506418 0.000389411 -0.406358	
18.98	0.00506501 0.000392464 -0.406362	
18.99	0.00506932 0.000395467 -0.406364	
19	0.00506569 0.000394903 -0.406364	
19.01	0.00506603 0.000396121 -0.406366	
19.02	0.0050662 0.00039673 -0.406367	
19.03	0.00507895 0.000405116 -0.406373	
19.04	0.00509826 0.000412792 -0.406377	
19.05	0.00507995 0.000404534 -0.406372	
19.06	0.00507674 0.000409404 -0.406379	
19.07	0.00507674 0.000409404 -0.406379	
19.08	0.00507385 0.00041126 -0.406382	
19.09	0.00507006 0.000410087 -0.406381	
19.1	0.0050706 0.000411902 -0.406383	
19.11	0.00507476 0.000414283 -0.406385	
19.12	0.00507115 0.000413715 -0.406385	
19.13	0.00507115 0.000413715 -0.406385	
19.14	0.00508304 0.000419043 -0.406388	
19.15	0.00507567 0.000417302 -0.406388	
19.16	0.00508341 0.000420249 -0.40639	
19.17	0.00507604 0.000418508 -0.40639	
19.18	0.00507604 0.000418508 -0.40639	
19.19	0.00507604 0.000418508 -0.40639	
19.2	0.00507982 0.00041968 -0.40639	
19.21	0.00507604 0.000418508 -0.40639	
19.22	0.00507623 0.000419111 -0.40639	
19.23	0.00507226 0.000417336 -0.406389	
19.24	0.00507986 0.000423901 -0.406395	
19.25	0.00507244 0.000417939 -0.40639	
19.26	0.00507244 0.000417939 -0.40639	
19.27	0.00507623 0.000419111 -0.40639	
19.28	0.00507623 0.000419111 -0.40639	
19.29	0.00508001 0.000420283 -0.406391	
19.3	0.00508378 0.000421455 -0.406391	
19.31	0.00508378 0.000421455 -0.406391	
19.32	0.00508754 0.000422626 -0.406391	
19.33	0.00508772 0.000423228 -0.406392	
19.34	0.00508754 0.000422626 -0.406391	
19.35	0.00509143 0.00042019 -0.406387	
19.36	0.00507642 0.000419714 -0.406391	
19.37	0.0050723 0.000421564 -0.406394	
19.38	0.00507244 0.000417939 -0.40639	
19.39	0.00507244 0.000417939 -0.40639	
19.4	0.00507258 0.000414314 -0.406386	
19.41	0.00507305 0.000407668 -0.406378	
19.42	0.00507282 0.000419144 -0.406391	
19.43	0.00507296 0.00041552 -0.406387	
19.44	0.0050731 0.000411896 -0.406383	
19.45	0.00507282 0.000419144 -0.406391	
19.46	0.00507277 0.000414917 -0.406386	
19.47	0.00507263 0.000418541 -0.406391	
19.48	0.00507301 0.000419746 -0.406392	
19.49	0.00507301 0.000419746 -0.406392	
19.5	0.00507301 0.000419746 -0.406392	
19.51	0.00507319 0.000420348 -0.406393	
19.52	0.00507301 0.000419746 -0.406392	
19.53	0.00508717 0.000432146 -0.406403	
19.54	0.00509901 0.000444373 -0.406414	
19.55	0.00510687 0.000451399 -0.40642	
19.56	0.00512449 0.000463461 -0.40643	
19.57	0.00513239 0.000471062 -0.406437	
19.58	0.0051429 0.000475819 -0.406439	
19.59	0.00515082 0.000477797 -0.40644	
19.6	0.00515903 0.000480403 -0.40644	
19.61	0.00516239 0.000483704 -0.406443	
19.62	0.00516223 0.000483676 -0.406443	
19.63	0.00515478 0.000483595 -0.406445	
19.64	0.00514489 0.000484198 -0.406449	
19.65	0.00512859 0.000486581 -0.406456	
19.66	0.00511252 0.000481702 -0.406454	
19.67	0.00508486 0.000477117 -0.406456	
19.68	0.0050538 0.000474927 -0.406462	
19.69	0.00503272 0.000469739 -0.406462	
19.7	0.00500077 0.000460047 -0.406459	
19.71	0.00495905 0.000436606 -0.406442	
19.72	0.00493342 0.000425914 -0.406436	
19.73	0.00490722 0.000411575 -0.406426	
19.74	0.00488165 0.00039125 -0.406409	
19.75	0.00486425 0.000375183 -0.406395	
19.76	0.00484273 0.000349008 -0.40637	
19.77	0.0048215 0.000317508 -0.406338	
19.78	0.00479979 0.000292267 -0.406314	
19.79	0.00478225 0.000264154 -0.406286	
19.8	0.0047618 0.000229194 -0.40625	
19.81	0.00474545 0.00020535 -0.406226	
19.82	0.00472433 0.00017857 -0.4062	
19.83	0.00470643 0.000149752 -0.406171	
19.84	0.00468315 0.000129731 -0.406154	
19.85	0.00466294 0.00010096 -0.406125	
19.86	0.00464124 7.77936e-05 -0.406103	
19.87	0.00461456 6.07223e-05 -0.40609	
19.88	0.00458107 4.10831e-05 -0.406076	
19.89	0.00455397 1.66852e-05 -0.406055	
19.9	0.0045331 8.58628e-07 -0.406042	
19.91	0.00449699 -1.5452e-05 -0.406032	
19.92	0.00445764 -3.00168e-05 -0.406025	
19.93	0.00442286 -4.8342e-05 -0.406013	
19.94	0.00438778 -6.24917e-05 -0.406005	
19.95	0.00433182 -7.76844e-05 -0.406002	
19.96	0.00429089 -8.88792e-05 -0.406	
19.97	0.00423393 -0.000104664 -0.405997	
19.98	0.00417799 -0.000123734 -0.405989	
19.99	0.00413046 -0.000135999 -0.405987	
20	0.00405387 -0.000153882 -0.405987	
20.01	0.00396484 -0.000176405 -0.405984	
20.02	0.00390417 -0.000186634 -0.405988	
20.03	0.00381732 -0.000209443 -0.405984	
20.04	0.00370706 -0.000234889 -0.405983	
20.05	0.0036122 -0.000251708 -0.405989	
20.06	0.00351589 -0.000268298 -0.405995	
20.07	0.00338445 -0.000290227 -0.406004	
20.08	0.00326245 -0.000311417 -0.406011	
20.09	0.00314274 -0.000330896 -0.40602	
20.1	0.00298784 -0.000355929 -0.406032	
20.11	0.00282134 -0.000373998 -0.406055	
20.12	0.0026107 -0.000407554 -0.406071	
20.13	0.00238555 -0.000433444 -0.406101	
20.14	0.00218922 -0.000461787 -0.40612	
20.15	0.00198067 -0.000490929 -0.406141	
20.16	0.00182263 -0.000515667 -0.406154	
20.17	0.00170219 -0.000525566 -0.406174	
20.18	0.00157944 -0.000543359 -0.406186	
20.19	0.0014602 -0.000556931 -0.406201	
20.2	0.00137784 -0.000569348 -0.406209	
20.21	0.00128658 -0.000586141 -0.406213	
20.22	0.00122335 -0.000598803 -0.406215	
20.23	0.0011452 -0.000605734 -0.406228	
20.24	0.00106462 -0.000612899 -0.406241	
20.25	0.00101264 -0.000619904 -0.406246	
20.26	0.000963194 -0.000630251 -0.406247	
20.27	0.000905931 -0.000634032 -0.406258	
20.28	0.000872585 -0.000638367 -0.406262	
20.29	0.000836945 -0.000642992 -0.406266	
20.3	0.000794149 -0.000648504 -0.406271	
20.31	0.000765933 -0.000647271 -0.40628	
20.32	0.000736709 -0.000643607 -0.406292	
20.33	0.000715611 -0.000645728 -0.406295	
20.34	0.000694153 -0.000639948 -0.406307	
20.35	0.00067982 -0.000633273 -0.406319	
20.36	0.000657924 -0.000619656 -0.406341	
20.37	0.000643584 -0.000617256 -0.406348	
20.38	0.000643861 -0.000612406 -0.406353	
20.39	0.000622186 -0.000598247 -0.406376	
20.4	0.000599884 -0.000589583 -0.406392	
20.41	0.000600044 -0.000580522 -0.406403	
20.42	0.000585377 -0.000565518 -0.406424	
20.43	0.000578019 -0.000558028 -0.406435	
20.44	0.000570645 -0.000550547 -0.406446	
20.45	0.000563256 -0.000543074 -0.406457	
20.46	0.000563446 -0.000538247 -0.406462	
20.47	0.000548565 -0.000532363 -0.406473	
20.48	0.00054843 -0.000528155 -0.406478	
20.49	0.000540684 -0.000521324 -0.406488	
20.5	0.000540994 -0.000520709 -0.406489	
20.51	0.000533542 -0.000513271 -0.4065	
20.52	0.000525923 -0.000510659 -0.406505	
20.53	0.000526075 -0.000505843 -0.40651	
20.54	0.000519075 -0.000511018 -0.406506	
20.55	0.000518757 -0.000502622 -0.406516	
20.56	0.000511127 -0.000500021 -0.406521	
20.57	0.000518592 -0.000498424 -0.406521	
20.58	0.000518592 -0.000498424 -0.406521	
20.59	0.000503801 -0.000496808 -0.406527	
20.6	0.000510959 -0.000495825 -0.406526	
20.61	0.000511266 -0.000495209 -0.406527	
20.62	0.000503936 -0.000491999 -0.406533	
20.63	0.00050363 -0.000492615 -0.406532	
20.64	0.000511266 -0.000495209 -0.406527	
20.65	0.000496296 -0.000489409 -0.406538	
20.66	0.000503936 -0.000491999 -0.406533	
20.67	0.000503759 -0.000487806 -0.406538	
20.68	0.000496296 -0.000489409 -0.406538	
20.69	0.000496296 -0.000489409 -0.406538	
20.7	0.000496778 -0.000492983 -0.406533	
20.71	0.000496296 -0.000489409 -0.406538	
20.72	0.000496296 -0.000489409 -0.406538	
20.73	0.000497085 -0.000492367 -0.406534	
20.74	0.000496601 -0.000488793 -0.406538	
20.75	0.000488958 -0.000486207 -0.406543	
20.76	0.000489444 -0.000489779 -0.406539	
20.77	0.000496601 -0.000488793 -0.406538	
20.78	0.000488958 -0.000486207 -0.406543	
20.79	0.000489138 -0.000490395 -0.406538	
20.8	0.00049695 -0.000497174 -0.406528	
20.81	0.000482327 -0.000499751 -0.406529	
20.82	0.000490444 -0.000514906 -0.406509	
20.83	0.000498052 -0.000526507 -0.406493	
20.84	0.000483968 -0.000545787 -0.406474	
20.85	0.000491924 -0.00056097 -0.406454	
20.86	0.000501105 -0.000573718 -0.406437	
20.87	0.000505792 -0.000582522 -0.406425	
20.88	0.000523398 -0.000588613 -0.406413	
20.89	0.000539256 -0.000590277 -0.406407	
20.9	0.000541322 -0.000589624 -0.406407	
20.91	0.000564618 -0.000597515 -0.406392	
20.92	0.000573395 -0.000602805 -0.406383	
20.93	0.000583861 -0.000611312 -0.406371	
20.94	0.000603304 -0.000620017 -0.406355	
20.95	0.000613458 -0.000623495 -0.406348	
20.96	0.00068211 -0.000627489 -0.406325	
20.97	0.000738095 -0.000629197 -0.406308	
20.98	0.000804042 -0.000632998 -0.406286	
20.99	0.000864574 -0.000636803 -0.406266	
21	0.000910917 -0.000637515 -0.406253	
21.01	0.000956426 -0.000638759 -0.406239	
21.02	0.00101883 -0.000642961 -0.406217	
21.03	0.00109256 -0.000640547 -0.406201	
21.04	0.0011487 -0.000636253 -0.406191	
21.05	0.0012113 -0.000631538 -0.40618	
21.06	0.00129535 -0.000631016 -0.406158	
21.07	0.00137163 -0.000630008 -0.406139	
21.08	0.00144792 -0.000628303 -0.406121	
21.09	0.00154683 -0.00062837 -0.406094	
21.1	0.00163367 -0.000626723 -0.406073	
21.11	0.0016736 -0.000621801 -0.406068	
21.12	0.00180817 -0.000614155 -0.406041	
21.13	0.00190979 -0.000609689 -0.40602	
21.14	0.00199915 -0.000596804 -0.406011	
21.15	0.00210781 -0.000582456 -0.405999	
21.16	0.00221611 -0.000571874 -0.405983	
21.17	0.00231081 -0.000561276 -0.40597	
21.18	0.00242398 -0.000540411 -0.405964	
21.19	0.00251174 -0.000531291 -0.405952	
21.2	0.00259742 -0.000517154 -0.405946	
21.21	0.00270853 -0.000493514 -0.405944	
21.22	0.00281113 -0.000471946 -0.405942	
21.23	0.00290758 -0.000457362 -0.405934	
21.24	0.00302156 -0.000434833 -0.40593	
21.25	0.00311289 -0.000408073 -0.405937	
21.26	0.00320781 -0.000382801 -0.405942	
21.27	0.003306 -0.000361896 -0.40594	
21.28	0.00338089 -0.000339921 -0.405946	
21.29	0.00344296 -0.000326428 -0.405946	
21.3	0.00353646 -0.000296599 -0.405956	
21.31	0.00359748 -0.000278212 -0.405961	
21.32	0.00365069 -0.000263874 -0.405964	
21.33	0.00371858 -0.000243305 -0.40597	
21.34	0.00378265 -0.000216881 -0.405984	
21.35	0.0038168 -0.00019861 -0.405997	
21.36	0.00387194 -0.000177398 -0.406007	
21.37	0.00393443 -0.000159072 -0.406012	
21.38	0.00398659 -0.000138106 -0.406023	
21.39	0.00403205 -0.000115078 -0.406038	
21.4	0.00410175 -8.97454e-05 -0.406049	
21.41	0.00413837 -7.46075e-05 -0.406058	
21.42	0.0042018 -5.55221e-05 -0.406063	
21.43	0.00427044 -3.26593e-05 -0.406072	
21.44	0.00431433 -1.66816e-05 -0.406079	
21.45	0.0043724 1.7315e-06 -0.406085	
21.46	0.00441704 2.01448e-05 -0.406095	
21.47	0.0044642 3.37524e-05 -0.406099	
21.48	0.00451243 4.79913e-05 -0.406103	
21.49	0.00509261 0.000475342 -0.406452	
21.5	0.00509284 0.000475921 -0.406453	
21.51	0.00509261 0.000475342 -0.406452	
21.52	0.00509984 0.000477098 -0.406452	
21.53	0.00509238 0.000474762 -0.406452	
21.54	0.00511425 0.000484766 -0.406458	
21.55	0.00509566 0.000474771 -0.406451	
21.56	0.00512139 0.000486508 -0.406458	
21.57	0.00509193 0.000473603 -0.40645	
21.58	0.00511011 0.000482444 -0.406456	
21.59	0.00509543 0.000474191 -0.40645	
21.6	0.00510641 0.000481282 -0.406456	
21.61	0.0050917 0.000473022 -0.40645	
21.62	0.0050917 0.000473022 -0.40645	
21.63	0.00509147 0.000472442 -0.406449	
21.64	0.00509876 0.000478375 -0.406454	
21.65	0.00509521 0.00047361 -0.406449	
21.66	0.00509876 0.000478375 -0.406454	
21.67	0.0051023 0.000483131 -0.406459	
