# Gnuplot File : velocities of 1 particle(s) Monitored
# 1st Column : time, others : particle(s) number 0 
0.01	8.68605e-17 0 -0.0365586	
0.02	1.5037e-16 0 -0.0632893	
0.03	1.09399e-16 0 -0.082834	
0.04	8.00461e-17 0 -0.0971245	
0.05	5.87542e-17 0 -0.107573	
0.06	4.27633e-17 0 -0.115213	
0.07	6.12602e-17 0 -0.120799	
0.08	4.4779e-17 0 -0.124884	
0.09	6.25644e-17 0 -0.12787	
0.1	1.32574e-16 0 -0.130054	
0.11	9.65194e-17 0 -0.13165	
0.12	7.05723e-17 0 -0.132818	
0.13	5.15639e-17 0 -0.133671	
0.14	3.7907e-17 0 -0.134295	
0.15	2.75784e-17 0 -0.134752	
0.16	2.75784e-17 0 -0.134752	
0.17	2.75863e-17 0 -0.134752	
0.18	2.75667e-17 0 -0.134752	
0.19	2.77244e-17 0 -0.134752	
0.2	2.75863e-17 0 -0.134752	
0.21	2.77244e-17 0 -0.134752	
0.22	2.77165e-17 0 -0.134752	
0.23	2.77048e-17 0 -0.134752	
0.24	2.77244e-17 0 -0.134752	
0.25	2.75863e-17 0 -0.134752	
0.26	2.77244e-17 0 -0.134752	
0.27	2.75667e-17 0 -0.134752	
0.28	2.75863e-17 0 -0.134752	
0.29	2.77165e-17 0 -0.134752	
0.3	2.75667e-17 0 -0.134752	
0.31	2.77244e-17 0 -0.134752	
0.32	2.77244e-17 0 -0.134752	
0.33	2.77165e-17 0 -0.134752	
0.34	2.77048e-17 0 -0.134752	
0.35	2.75863e-17 0 -0.134752	
0.36	2.75667e-17 0 -0.134752	
0.37	2.75784e-17 0 -0.134752	
0.38	2.77244e-17 0 -0.134752	
0.39	2.75667e-17 0 -0.134752	
0.4	2.75667e-17 0 -0.134752	
0.41	2.75863e-17 0 -0.134752	
0.42	2.88446e-17 0 -0.134752	
0.43	2.88173e-17 0 -0.134752	
0.44	2.88173e-17 0 -0.134752	
0.45	2.86913e-17 0 -0.134752	
0.46	2.89541e-17 0 -0.134752	
0.47	2.90721e-17 0 -0.134752	
0.48	2.8966e-17 0 -0.134752	
0.49	2.89582e-17 0 -0.134752	
0.5	2.8966e-17 0 -0.134752	
0.51	2.91038e-17 0 -0.134752	
0.52	2.91038e-17 0 -0.134752	
0.53	2.91038e-17 0 -0.134752	
0.54	2.89937e-17 0 -0.134752	
0.55	2.89353e-17 0 -0.134752	
0.56	2.90731e-17 0 -0.134752	
0.57	2.92228e-17 0 -0.134752	
0.58	2.92228e-17 0 -0.134752	
0.59	2.91049e-17 0 -0.134752	
0.6	2.91795e-17 0 -0.134752	
0.61	2.91963e-17 0 -0.134752	
0.62	2.90582e-17 0 -0.134752	
0.63	2.91049e-17 0 -0.134752	
0.64	2.89273e-17 0 -0.134752	
0.65	2.90135e-17 0 -0.134752	
0.66	2.89194e-17 0 -0.134752	
0.67	2.91448e-17 0 -0.134752	
0.68	3.46321e-17 0 -0.134752	
0.69	3.69706e-17 0 -0.134752	
0.7	3.74961e-17 0 -0.134752	
0.71	3.73592e-17 0 -0.134752	
0.72	3.60447e-17 0 -0.134752	
0.73	3.39001e-17 0 -0.134752	
0.74	3.2259e-17 0 -0.134752	
0.75	3.18274e-17 0 -0.134752	
0.76	3.21556e-17 0 -0.134752	
0.77	3.1344e-17 0 -0.134752	
0.78	3.11068e-17 0 -0.134752	
0.79	3.01588e-17 0 -0.134752	
0.8	2.97714e-17 0 -0.134752	
0.81	2.94129e-17 0 -0.134752	
0.82	2.95628e-17 0 -0.134752	
0.83	2.93632e-17 0 -0.134752	
0.84	2.9237e-17 0 -0.134752	
0.85	2.89703e-17 0 -0.134752	
0.86	2.91177e-17 0 -0.134752	
0.87	2.97184e-17 0 -0.134752	
0.88	3.00758e-17 0 -0.134752	
0.89	3.02259e-17 0 -0.134752	
0.9	3.01534e-17 0 -0.134752	
0.91	3.00611e-17 0 -0.134752	
0.92	2.97265e-17 0 -0.134752	
0.93	2.94765e-17 0 -0.134752	
0.94	2.92314e-17 0 -0.134752	
0.95	2.91918e-17 0 -0.134752	
0.96	2.90667e-17 0 -0.134752	
0.97	2.90668e-17 0 -0.134752	
0.98	2.91069e-17 0 -0.134752	
0.99	2.91069e-17 0 -0.134752	
1	2.91468e-17 0 -0.134752	
1.01	2.91469e-17 0 -0.134752	
1.02	2.94499e-17 0 -0.134752	
1.03	2.97508e-17 0 -0.134752	
1.04	3.00296e-17 0 -0.134752	
1.05	3.02124e-17 0 -0.134752	
1.06	3.04333e-17 0 -0.134752	
1.07	3.06721e-17 0 -0.134752	
1.08	3.09903e-17 0 -0.134752	
1.09	3.13475e-17 0 -0.134752	
1.1	3.17227e-17 0 -0.134752	
1.11	3.20954e-17 0 -0.134752	
1.12	3.27731e-17 0 -0.134752	
1.13	3.33255e-17 0 -0.134752	
1.14	3.37148e-17 0 -0.134752	
1.15	3.41868e-17 0 -0.134752	
1.16	3.43328e-17 0 -0.134752	
1.17	3.47253e-17 0 -0.134752	
1.18	3.48065e-17 0 -0.134752	
1.19	3.47603e-17 0 -0.134752	
1.2	3.44867e-17 0 -0.134752	
1.21	3.42373e-17 0 -0.134752	
1.22	3.41127e-17 0 -0.134752	
1.23	3.4067e-17 0 -0.134752	
1.24	3.39185e-17 0 -0.134752	
1.25	3.38796e-17 0 -0.134752	
1.26	3.37847e-17 0 -0.134752	
1.27	3.37278e-17 0 -0.134752	
1.28	3.40846e-17 0 -0.134752	
1.29	3.43923e-17 0 -0.134752	
1.3	3.44992e-17 0 -0.134752	
1.31	3.47265e-17 0 -0.134752	
1.32	3.49551e-17 0 -0.134752	
1.33	3.49829e-17 0 -0.134752	
1.34	3.5444e-17 0 -0.134752	
1.35	3.56585e-17 0 -0.134752	
1.36	3.62015e-17 0 -0.134752	
1.37	3.64198e-17 0 -0.134752	
1.38	3.65455e-17 0 -0.134752	
1.39	3.66711e-17 0 -0.134752	
1.4	3.65855e-17 0 -0.134752	
1.41	3.6122e-17 0 -0.134752	
1.42	3.57425e-17 0 -0.134752	
1.43	3.56398e-17 0 -0.134752	
1.44	3.54784e-17 0 -0.134752	
1.45	3.53394e-17 0 -0.134752	
1.46	3.53812e-17 0 -0.134752	
1.47	3.52922e-17 0 -0.134752	
1.48	3.51154e-17 0 -0.134752	
1.49	3.47717e-17 0 -0.134752	
1.5	3.45502e-17 0 -0.134752	
1.51	3.44518e-17 0 -0.134752	
1.52	3.41776e-17 0 -0.134752	
1.53	3.41193e-17 0 -0.134752	
1.54	3.39596e-17 0 -0.134752	
1.55	3.39595e-17 0 -0.134752	
1.56	3.40254e-17 0 -0.134752	
1.57	3.42818e-17 0 -0.134752	
1.58	3.43169e-17 0 -0.134752	
1.59	3.41356e-17 0 -0.134752	
1.6	3.39938e-17 0 -0.134752	
1.61	3.33515e-17 0 -0.134752	
1.62	3.27243e-17 0 -0.134752	
1.63	3.22411e-17 0 -0.134752	
1.64	3.18139e-17 0 -0.134752	
1.65	3.16682e-17 0 -0.134752	
1.66	3.14936e-17 0 -0.134752	
1.67	3.14237e-17 0 -0.134752	
1.68	3.15963e-17 0 -0.134752	
1.69	3.1761e-17 0 -0.134752	
1.7	3.19487e-17 0 -0.134752	
1.71	3.22168e-17 0 -0.134752	
1.72	3.28775e-17 0 -0.134752	
1.73	3.35702e-17 0 -0.134752	
1.74	3.40732e-17 0 -0.134752	
1.75	3.44374e-17 0 -0.134752	
1.76	3.46083e-17 0 -0.134752	
1.77	3.49808e-17 0 -0.134752	
1.78	3.54313e-17 0 -0.134752	
1.79	3.61085e-17 0 -0.134752	
1.8	3.65852e-17 0 -0.134752	
1.81	3.6782e-17 0 -0.134752	
1.82	3.66801e-17 0 -0.134752	
1.83	3.65203e-17 0 -0.134752	
1.84	3.66219e-17 0 -0.134752	
1.85	3.72564e-17 0 -0.134752	
1.86	3.77457e-17 0 -0.134752	
1.87	3.80722e-17 0 -0.134752	
1.88	3.84047e-17 0 -0.134752	
1.89	3.85319e-17 0 -0.134752	
1.9	3.88418e-17 0 -0.134752	
1.91	3.89093e-17 0 -0.134752	
1.92	3.89158e-17 0 -0.134752	
1.93	3.89911e-17 0 -0.134752	
1.94	3.92407e-17 0 -0.134752	
1.95	3.91754e-17 0 -0.134752	
1.96	3.91111e-17 0 -0.134752	
1.97	3.89221e-17 0 -0.134752	
1.98	3.92476e-17 0 -0.134752	
1.99	3.96991e-17 0 -0.134752	
2	3.99288e-17 0 -0.134752	
2.01	3.95804e-17 0 -0.134752	
2.02	3.93676e-17 0 -0.134752	
2.03	3.95457e-17 0 -0.134752	
2.04	3.94563e-17 0 -0.134752	
2.05	3.95852e-17 0 -0.134752	
2.06	3.92816e-17 0 -0.134752	
2.07	3.92081e-17 0 -0.134752	
2.08	3.90972e-17 0 -0.134752	
2.09	3.89024e-17 0 -0.134752	
2.1	3.87778e-17 0 -0.134752	
2.11	3.85438e-17 0 -0.134752	
2.12	3.83661e-17 0 -0.134752	
2.13	3.81586e-17 0 -0.134752	
2.14	3.77576e-17 0 -0.134752	
2.15	3.76106e-17 0 -0.134752	
2.16	3.75123e-17 0 -0.134752	
2.17	3.74155e-17 0 -0.134752	
2.18	3.7635e-17 0 -0.134752	
2.19	3.7786e-17 0 -0.134752	
2.2	3.79928e-17 0 -0.134752	
2.21	3.81553e-17 0 -0.134752	
2.22	3.82215e-17 0 -0.134752	
2.23	3.79822e-17 0 -0.134752	
2.24	3.78676e-17 0 -0.134752	
2.25	3.76797e-17 0 -0.134752	
2.26	3.77679e-17 0 -0.134752	
2.27	3.78047e-17 0 -0.134752	
2.28	3.75308e-17 0 -0.134752	
2.29	3.73761e-17 0 -0.134752	
2.3	3.7192e-17 0 -0.134752	
2.31	3.70549e-17 0 -0.134752	
2.32	3.69558e-17 0 -0.134752	
2.33	3.67508e-17 0 -0.134752	
2.34	3.64578e-17 0 -0.134752	
2.35	3.63375e-17 0 -0.134752	
2.36	3.62103e-17 0 -0.134752	
2.37	3.63152e-17 0 -0.134752	
2.38	3.62717e-17 0 -0.134752	
2.39	3.64573e-17 0 -0.134752	
2.4	3.66679e-17 0 -0.134752	
2.41	3.69862e-17 0 -0.134752	
2.42	3.7323e-17 0 -0.134752	
2.43	3.80454e-17 0 -0.134752	
2.44	3.8662e-17 0 -0.134752	
2.45	3.90291e-17 0 -0.134752	
2.46	3.9325e-17 0 -0.134752	
2.47	3.96918e-17 0 -0.134752	
2.48	4.00147e-17 0 -0.134752	
2.49	-0.000860939 0.0343274 -0.101252	
2.5	-0.0233935 0.590647 0.173056	
2.51	0.496972 1.61451 -0.793438	
2.52	0.363287 1.1809 -0.61707	
2.53	0.258542 0.909165 -0.491547	
2.54	0.212771 0.761828 -0.426223	
2.55	0.155607 0.557177 -0.348266	
2.56	0.113802 0.407469 -0.291226	
2.57	0.0832089 0.297935 -0.249499	
2.58	0.0608449 0.217903 -0.219021	
2.59	0.0444876 0.159356 -0.196722	
2.6	0.0325297 0.116526 -0.1804	
2.61	0.0237856 0.0852109 -0.168469	
2.62	0.0173939 0.0623045 -0.159736	
2.63	0.0127159 0.0455517 -0.153353	
2.64	0.00929945 0.0333002 -0.14868	
2.65	0.0067988 0.0243474 -0.14527	
2.66	0.00497165 0.0178044 -0.142777	
2.67	0.00363557 0.0130208 -0.140954	
2.68	0.00265936 0.0095212 -0.13962	
2.69	0.00194469 0.00696087 -0.138644	
2.7	0.00142233 0.00509041 -0.137931	
2.71	0.0010404 0.00372339 -0.137411	
2.72	0.000761064 0.00272368 -0.13703	
2.73	0.000556571 0.00199267 -0.136752	
2.74	0.000407146 0.00145722 -0.136548	
2.75	0.000297644 0.00106569 -0.136399	
2.76	0.000297678 0.0010659 -0.136399	
2.77	0.000297753 0.00106619 -0.136399	
2.78	0.000297789 0.00106634 -0.136399	
2.79	0.000297769 0.00106674 -0.136399	
2.8	0.000297787 0.00106694 -0.136399	
2.81	0.000297784 0.00106768 -0.1364	
2.82	0.000297893 0.00106821 -0.1364	
2.83	0.000297957 0.00106889 -0.136401	
2.84	0.000297991 0.00106932 -0.136401	
2.85	0.000298055 0.00106953 -0.136401	
2.86	0.000298191 0.00106941 -0.136401	
2.87	0.000298254 0.00106968 -0.136401	
2.88	0.000298218 0.00106979 -0.136401	
2.89	0.000298238 0.00106968 -0.136401	
2.9	0.000298329 0.00106938 -0.136401	
2.91	0.000298422 0.00106906 -0.1364	
2.92	0.000298435 0.00106868 -0.1364	
2.93	0.000298478 0.00106828 -0.1364	
2.94	0.000298513 0.00106828 -0.1364	
2.95	0.000298528 0.00106882 -0.1364	
2.96	0.000298598 0.0010691 -0.1364	
2.97	0.000298633 0.0010693 -0.1364	
2.98	0.000298624 0.00106882 -0.1364	
2.99	0.000298579 0.00106856 -0.1364	
3	0.000298626 0.00106821 -0.136399	
3.01	0.000298523 0.00106821 -0.1364	
3.02	0.000298546 0.00106795 -0.136399	
3.03	0.000298537 0.00106792 -0.136399	
3.04	0.000298467 0.0010675 -0.136399	
3.05	0.000298455 0.0010671 -0.136399	
3.06	0.000298381 0.00106676 -0.136399	
3.07	0.000298332 0.00106678 -0.136399	
3.08	0.000298324 0.00106649 -0.136399	
3.09	0.000298326 0.0010664 -0.136399	
3.1	0.000298286 0.00106634 -0.136399	
3.11	0.000298222 0.00106625 -0.136399	
3.12	0.000298227 0.00106638 -0.136399	
3.13	0.000298195 0.00106631 -0.136399	
3.14	0.000298223 0.00106629 -0.136399	
3.15	0.00029821 0.00106623 -0.136399	
3.16	0.000298172 0.00106621 -0.136399	
3.17	0.000298236 0.00106631 -0.136399	
3.18	0.000298215 0.00106632 -0.136399	
3.19	0.00029826 0.00106603 -0.136398	
3.2	0.000298329 0.00106549 -0.136398	
3.21	0.00029851 0.00106478 -0.136397	
3.22	0.000298639 0.00106414 -0.136397	
3.23	0.000298748 0.0010636 -0.136396	
3.24	0.000298868 0.00106303 -0.136396	
3.25	0.000298938 0.00106278 -0.136396	
3.26	0.000298952 0.00106259 -0.136395	
3.27	0.000299004 0.00106281 -0.136396	
3.28	0.000299104 0.00106319 -0.136396	
3.29	0.000299166 0.00106339 -0.136396	
3.3	0.000299207 0.00106341 -0.136396	
3.31	0.000299227 0.00106347 -0.136396	
3.32	0.000299234 0.00106326 -0.136396	
3.33	0.000299288 0.0010628 -0.136395	
3.34	0.00029933 0.00106235 -0.136395	
3.35	0.000299401 0.00106191 -0.136395	
3.36	0.000299424 0.00106141 -0.136394	
3.37	0.00029946 0.00106129 -0.136394	
3.38	0.000299493 0.00106113 -0.136394	
3.39	0.000299522 0.00106081 -0.136394	
3.4	0.000299531 0.0010608 -0.136394	
3.41	0.000299615 0.00106068 -0.136394	
3.42	0.000299674 0.00106078 -0.136394	
3.43	0.000299718 0.00106064 -0.136393	
3.44	0.000299742 0.00106076 -0.136393	
3.45	0.000299779 0.00106085 -0.136393	
3.46	0.000299799 0.00106115 -0.136394	
3.47	0.0002998 0.0010611 -0.136394	
3.48	0.000299806 0.0010612 -0.136394	
3.49	0.000299831 0.0010611 -0.136394	
3.5	0.000299823 0.00106091 -0.136393	
3.51	0.000299814 0.00106094 -0.136394	
3.52	0.000299816 0.00106091 -0.136393	
3.53	0.000299852 0.00106086 -0.136393	
3.54	0.000299871 0.00106055 -0.136393	
3.55	0.000299897 0.00106005 -0.136393	
3.56	0.000299896 0.00105937 -0.136392	
3.57	0.000299915 0.00105939 -0.136392	
3.58	0.000299933 0.00105932 -0.136392	
3.59	0.000299952 0.00105922 -0.136392	
3.6	0.000299962 0.00105913 -0.136392	
3.61	0.000299963 0.00105923 -0.136392	
3.62	0.000299983 0.00105909 -0.136392	
3.63	0.000299997 0.00105918 -0.136392	
3.64	0.000300011 0.0010593 -0.136392	
3.65	0.000300038 0.00105939 -0.136392	
3.66	0.000300023 0.00105944 -0.136392	
3.67	0.000300037 0.0010594 -0.136392	
3.68	0.000300069 0.00105953 -0.136392	
3.69	0.000300088 0.00105979 -0.136392	
3.7	0.000300109 0.00105999 -0.136393	
3.71	0.000300118 0.00106012 -0.136393	
3.72	0.000300133 0.00106031 -0.136393	
3.73	0.000300138 0.00106063 -0.136393	
3.74	0.000300165 0.00106078 -0.136393	
3.75	0.000300194 0.00106107 -0.136393	
3.76	0.000300224 0.00106105 -0.136393	
3.77	0.000300243 0.00106091 -0.136393	
3.78	0.000300256 0.00106088 -0.136393	
3.79	0.000300283 0.00106074 -0.136393	
3.8	0.000300302 0.00106084 -0.136393	
3.81	0.000300316 0.00106069 -0.136393	
3.82	0.000300338 0.00106075 -0.136393	
3.83	0.000300343 0.00106063 -0.136393	
3.84	0.000300354 0.00106048 -0.136393	
3.85	0.000300361 0.0010606 -0.136393	
3.86	0.000300369 0.00106058 -0.136393	
3.87	0.000300361 0.00106064 -0.136393	
3.88	0.000300362 0.00106086 -0.136393	
3.89	0.00030036 0.00106081 -0.136393	
3.9	0.000300378 0.00106123 -0.136393	
3.91	0.000300392 0.00106137 -0.136393	
3.92	0.000300411 0.00106134 -0.136393	
3.93	0.000300408 0.00106125 -0.136393	
3.94	0.000300421 0.00106109 -0.136393	
3.95	0.000300424 0.0010612 -0.136393	
3.96	0.000300436 0.00106116 -0.136393	
3.97	0.000300448 0.00106113 -0.136393	
3.98	0.000300452 0.00106077 -0.136393	
3.99	0.000300456 0.00106088 -0.136393	
4	0.00030046 0.00106071 -0.136393	
4.01	0.000300463 0.00106053 -0.136393	
4.02	0.000300465 0.00106029 -0.136392	
4.03	0.000300465 0.00106016 -0.136392	
4.04	0.000300466 0.0010599 -0.136392	
4.05	0.000300466 0.00105971 -0.136392	
4.06	0.000300465 0.00105952 -0.136392	
4.07	0.000300464 0.00105929 -0.136392	
4.08	0.000300463 0.00105909 -0.136392	
4.09	0.000300459 0.00105882 -0.136391	
4.1	0.000300455 0.00105857 -0.136391	
4.11	0.00030045 0.00105825 -0.136391	
4.12	0.000300453 0.00105833 -0.136391	
4.13	0.000300452 0.00105827 -0.136391	
4.14	0.000300446 0.00105795 -0.136391	
4.15	0.000300438 0.00105757 -0.136391	
4.16	0.000300431 0.00105731 -0.13639	
4.17	0.000300425 0.00105709 -0.13639	
4.18	0.00030042 0.00105699 -0.13639	
4.19	0.000300407 0.00105681 -0.13639	
4.2	0.000300393 0.00105662 -0.13639	
4.21	0.000300373 0.00105633 -0.13639	
4.22	0.000300375 0.00105654 -0.13639	
4.23	0.000300374 0.00105656 -0.13639	
4.24	0.000300377 0.00105664 -0.13639	
4.25	0.00030037 0.00105663 -0.13639	
4.26	0.000300365 0.00105681 -0.13639	
4.27	0.000300355 0.00105702 -0.13639	
4.28	0.000300378 0.00105735 -0.136391	
4.29	0.000300403 0.00105797 -0.136391	
4.3	0.000300429 0.00105847 -0.136391	
4.31	0.000300439 0.00105875 -0.136391	
4.32	0.000300441 0.0010588 -0.136391	
4.33	0.000300445 0.00105888 -0.136392	
4.34	0.000300452 0.00105928 -0.136392	
4.35	0.000300459 0.00105938 -0.136392	
4.36	0.000300456 0.00105936 -0.136392	
4.37	0.000300454 0.00105907 -0.136392	
4.38	0.000300451 0.00105926 -0.136392	
4.39	0.00030045 0.00105947 -0.136392	
4.4	0.000300456 0.00106026 -0.136392	
4.41	0.000300456 0.0010608 -0.136393	
4.42	0.00030046 0.00106143 -0.136393	
4.43	0.000300456 0.00106201 -0.136394	
4.44	0.000300457 0.00106216 -0.136394	
4.45	0.000300456 0.00106222 -0.136394	
4.46	0.000300459 0.00106229 -0.136394	
4.47	0.000300458 0.00106258 -0.136394	
4.48	0.000300455 0.00106287 -0.136394	
4.49	0.000300451 0.00106303 -0.136394	
4.5	0.000300447 0.00106326 -0.136394	
4.51	0.000300445 0.00106341 -0.136395	
4.52	0.000300447 0.00106322 -0.136394	
4.53	0.000300442 0.00106358 -0.136395	
4.54	0.000300441 0.00106369 -0.136395	
4.55	0.000300432 0.00106391 -0.136395	
4.56	0.000300431 0.00106407 -0.136395	
4.57	0.000300425 0.00106421 -0.136395	
4.58	0.000300422 0.00106439 -0.136395	
4.59	0.000300416 0.0010646 -0.136395	
4.6	0.000300403 0.00106476 -0.136395	
4.61	0.000300384 0.00106523 -0.136396	
4.62	0.000300354 0.00106593 -0.136396	
4.63	0.000300317 0.00106677 -0.136397	
4.64	0.000300294 0.00106723 -0.136397	
4.65	0.000300278 0.00106737 -0.136397	
4.66	0.000300256 0.00106747 -0.136397	
4.67	0.000300253 0.00106728 -0.136397	
4.68	0.000300233 0.00106719 -0.136397	
4.69	0.000300216 0.00106696 -0.136397	
4.7	0.000300217 0.00106651 -0.136397	
4.71	0.000300215 0.00106601 -0.136396	
4.72	0.000300203 0.00106572 -0.136396	
4.73	0.000300218 0.00106558 -0.136396	
4.74	0.000300196 0.00106579 -0.136396	
4.75	0.000300202 0.00106641 -0.136397	
4.76	0.000300199 0.00106685 -0.136397	
4.77	0.000300197 0.00106714 -0.136397	
4.78	0.000300201 0.00106727 -0.136397	
4.79	0.000300184 0.00106769 -0.136398	
4.8	0.000300167 0.001068 -0.136398	
4.81	0.000300157 0.00106825 -0.136398	
4.82	0.000300135 0.00106846 -0.136398	
4.83	0.000300121 0.00106871 -0.136398	
4.84	0.000300085 0.00106905 -0.136399	
4.85	0.000300034 0.00106952 -0.136399	
4.86	0.000299989 0.00106992 -0.136399	
4.87	0.000299898 0.00107083 -0.1364	
4.88	0.000299809 0.00107157 -0.136401	
4.89	0.000299734 0.00107225 -0.136401	
4.9	0.000299668 0.00107295 -0.136402	
4.91	0.000299605 0.00107391 -0.136402	
4.92	-0.0701705 -0.446173 4.19025	
4.93	-0.094222 -0.463765 4.74276	
4.94	-0.0735647 -0.46867 5.05381	
4.95	-0.042897 -0.453666 4.75084	
4.96	-0.0505482 -0.405214 5.12455	
4.97	-0.0206336 -0.275823 4.44248	
4.98	-0.0201896 -0.322345 4.61597	
4.99	-0.0144349 -0.229967 3.33393	
5	-0.0523048 -0.375491 4.62387	
5.01	-0.0330924 -0.314946 3.94862	
5.02	-0.040628 -0.362568 4.67414	
5.03	0.00429968 -0.278576 3.92041	
5.04	-0.0239567 -0.291104 4.8478	
5.05	-0.0311844 -0.30489 5.19799	
5.06	-0.0272804 -0.193824 5.17377	
5.07	-0.0318392 -0.197857 5.04307	
5.08	-0.0217073 -0.118048 4.8803	
5.09	-0.0220906 -0.0709552 5.05718	
5.1	0.00359475 0.0338057 5.39831	
5.11	0.0250426 0.110989 4.77164	
5.12	0.0221497 0.287868 5.26885	
5.13	0.0195613 0.340268 5.83784	
5.14	0.816151 0.021266 4.13344	
5.15	0.430917 -0.122899 3.19974	
5.16	1.11616 -0.185425 3.77166	
5.17	0.565726 0.322218 2.86809	
5.18	0.132389 0.0425281 4.60971	
5.19	0.0688696 -0.0666181 5.58439	
5.2	-0.0173442 -0.0592247 5.47049	
5.21	-0.153353 -0.139134 5.02091	
5.22	-0.208502 -0.301959 4.21067	
5.23	-0.153864 -0.222627 3.0444	
5.24	-0.114318 -0.165067 2.1926	
5.25	-0.0854525 -0.123242 1.56911	
5.26	-0.0627382 -0.0904086 1.11128	
5.27	-0.0458908 -0.0660837 0.776183	
5.28	-0.0333454 -0.0480572 0.530594	
5.29	-0.0240572 -0.034672 0.351055	
5.3	-0.0174132 -0.0251069 0.219898	
5.31	-0.012551 -0.0180931 0.124048	
5.32	-0.0090879 -0.0131261 0.0539512	
5.33	-0.00654837 -0.00944429 0.00284301	
5.34	-0.00474209 -0.00685027 -0.0345706	
5.35	-0.00346149 -0.00499577 -0.0618238	
5.36	-0.0024999 -0.00361169 -0.0818092	
5.37	-0.00176013 -0.00255349 -0.0964862	
5.38	-0.00125664 -0.00182576 -0.107148	
5.39	-0.000903549 -0.00131462 -0.114925	
5.4	-0.000658508 -0.000958467 -0.120592	
5.41	-0.000475994 -0.000692244 -0.124735	
5.42	-0.000345549 -0.000503613 -0.127768	
5.43	-0.000249251 -0.000364601 -0.129988	
5.44	-0.000177465 -0.000260942 -0.131612	
5.45	-0.000129764 -0.000191431 -0.132792	
5.46	-9.42573e-05 -0.000139087 -0.133653	
5.47	-6.81859e-05 -0.000100676 -0.134283	
5.48	-4.85209e-05 -7.17407e-05 -0.134744	
5.49	-4.75675e-05 -7.04211e-05 -0.134745	
5.5	-4.61819e-05 -6.85315e-05 -0.134747	
5.51	-4.40826e-05 -6.53533e-05 -0.134749	
5.52	-4.1719e-05 -6.14743e-05 -0.13475	
5.53	-3.99221e-05 -5.83125e-05 -0.134749	
5.54	-3.90743e-05 -5.68988e-05 -0.134749	
5.55	-3.72982e-05 -5.44323e-05 -0.134752	
5.56	-3.67275e-05 -5.34625e-05 -0.134752	
5.57	4.05721 0.223227 4.57578	
5.58	2.9726 0.177422 3.29631	
5.59	1.31048 -0.0480053 2.0912	
5.6	-3.90088 0.127571 5.34521	
5.61	-2.73624 0.162466 5.12452	
5.62	-3.53878 -0.0745849 5.05264	
5.63	-5.29745 -0.318895 2.7833	
5.64	-5.13378 0.311442 4.67842	
5.65	-4.90543 0.586711 5.19092	
5.66	-3.49146 0.738213 6.06899	
5.67	-1.78414 0.675817 6.09592	
5.68	-6.08872 -0.0281884 4.27403	
5.69	-5.05656 -0.0775477 2.85116	
5.7	-5.38815 -0.158032 1.38999	
5.71	-6.22825 -0.396463 0.464952	
5.72	-5.77338 -0.605566 0.694442	
5.73	-4.12503 -0.944969 -1.54256	
5.74	-2.95655 -0.63836 -1.18413	
5.75	-2.13808 -0.446773 -0.908874	
5.76	-1.53505 -0.301977 -0.71009	
5.77	-1.10231 -0.202514 -0.563194	
5.78	-0.877273 -0.129803 -0.399045	
5.79	-0.629176 -0.0864189 -0.330472	
5.8	-0.456138 -0.061694 -0.277428	
5.81	-0.330619 -0.0439167 -0.23894	
5.82	-0.238963 -0.0304993 -0.211377	
5.83	-0.171452 -0.0201774 -0.191514	
5.84	-0.124672 -0.0136248 -0.177488	
5.85	-0.0939552 -0.0122131 -0.165469	
5.86	-0.0709691 -0.0106443 -0.156978	
5.87	-0.053434 -0.00904528 -0.150835	
5.88	-0.0409445 -0.00843023 -0.145897	
5.89	-0.0300879 -0.00635428 -0.143105	
5.9	-0.0220465 -0.00471826 -0.141137	
5.91	-0.01609 -0.00340955 -0.139783	
5.92	-0.0117615 -0.00248633 -0.13877	
5.93	-0.00858237 -0.00179739 -0.138037	
5.94	-0.00625461 -0.00128783 -0.137505	
5.95	-0.0045649 -0.000935995 -0.1371	
5.96	-0.00333424 -0.000684613 -0.1368	
5.97	-0.00243777 -0.000500367 -0.136583	
5.98	-0.00178235 -0.000366436 -0.136424	
5.99	-0.00178168 -0.000365848 -0.136424	
6	-0.00178185 -0.000365411 -0.136424	
6.01	-0.0017816 -0.000366432 -0.136423	
6.02	-0.00178243 -0.000365853 -0.136424	
6.03	-0.00178168 -0.000365848 -0.136424	
6.04	-0.00178168 -0.000365848 -0.136424	
6.05	-0.00178168 -0.000365848 -0.136424	
6.06	-0.0017825 -0.00036527 -0.136425	
6.07	-0.00178243 -0.000365853 -0.136424	
6.08	-0.00178168 -0.000365848 -0.136424	
6.09	-0.00178233 -0.000365706 -0.136424	
6.1	-0.00178225 -0.000366289 -0.136424	
6.11	-0.00178243 -0.000365853 -0.136424	
6.12	-0.00178243 -0.000365853 -0.136424	
6.13	-0.00178225 -0.000366289 -0.136424	
6.14	-0.00178225 -0.000366289 -0.136424	
6.15	-0.00178168 -0.000365848 -0.136424	
6.16	-0.00178168 -0.000365848 -0.136424	
6.17	-0.00178233 -0.000365706 -0.136424	
6.18	-0.00178168 -0.000365848 -0.136424	
6.19	-0.00178233 -0.000365706 -0.136424	
6.2	-0.00178243 -0.000365853 -0.136424	
6.21	-0.00178225 -0.000366289 -0.136424	
6.22	-0.00178243 -0.000365853 -0.136424	
6.23	-0.00178301 -0.000366294 -0.136424	
6.24	-0.00178243 -0.000365853 -0.136424	
6.25	-0.00178243 -0.000365853 -0.136424	
6.26	-0.00178168 -0.000365848 -0.136424	
6.27	-0.00178225 -0.000366289 -0.136424	
6.28	-0.00178225 -0.000366289 -0.136424	
6.29	-0.00178243 -0.000365853 -0.136424	
6.3	-0.00178225 -0.000366289 -0.136424	
6.31	-0.00178243 -0.000365853 -0.136424	
6.32	-0.00178233 -0.000365706 -0.136424	
6.33	-0.00178243 -0.000365853 -0.136424	
6.34	-0.0017825 -0.00036527 -0.136425	
6.35	-0.00178243 -0.000365853 -0.136424	
6.36	-0.0017825 -0.00036527 -0.136425	
6.37	-0.00178225 -0.000366289 -0.136424	
6.38	-0.00178168 -0.000365848 -0.136424	
6.39	-0.00178233 -0.000365706 -0.136424	
6.4	-0.00178168 -0.000365848 -0.136424	
6.41	-0.00178243 -0.000365853 -0.136424	
6.42	-0.00178233 -0.000365706 -0.136424	
6.43	-0.00178225 -0.000366289 -0.136424	
6.44	-0.00178218 -0.000366872 -0.136423	
6.45	-0.00178168 -0.000365848 -0.136424	
6.46	-0.00178243 -0.000365853 -0.136424	
