# Gnuplot File : positions of 1 particle(s) Monitored
# 1st Column : time, others : particle(s) number 0 
0.01	9.76372 19.8884 3.07116	
0.02	9.76261 19.8881 3.07078	
0.03	9.76373 19.8879 3.06931	
0.04	9.76261 19.8881 3.07044	
0.05	9.76261 19.8881 3.07034	
0.06	9.76372 19.8884 3.07037	
0.07	9.76261 19.8881 3.07021	
0.08	9.76372 19.8884 3.07027	
0.09	9.76248 19.888 3.06987	
0.1	9.76372 19.8884 3.07022	
0.11	9.7636 19.8883 3.06994	
0.12	9.76372 19.8884 3.07019	
0.13	9.76372 19.8884 3.07019	
0.14	9.76372 19.8884 3.07018	
0.15	9.7636 19.8883 3.06991	
0.16	9.76372 19.8884 3.07018	
0.17	9.76261 19.8881 3.07007	
0.18	9.76372 19.8884 3.07018	
0.19	9.76261 19.8881 3.07007	
0.2	9.76261 19.8881 3.07007	
0.21	9.76372 19.8884 3.07018	
0.22	9.76372 19.8884 3.07018	
0.23	9.76261 19.8881 3.07007	
0.24	9.76261 19.8881 3.07007	
0.25	9.76372 19.8884 3.07018	
0.26	9.76372 19.8884 3.07018	
0.27	9.76372 19.8884 3.07018	
0.28	9.76261 19.8881 3.07007	
0.29	9.76372 19.8884 3.07018	
0.3	9.76261 19.8881 3.07007	
0.31	9.7636 19.8883 3.06991	
0.32	9.76261 19.8881 3.07007	
0.33	9.76372 19.8884 3.07018	
0.34	9.76372 19.8884 3.07018	
0.35	9.76261 19.8881 3.07007	
0.36	9.76372 19.8884 3.07018	
0.37	9.76372 19.8884 3.07018	
0.38	9.76372 19.8884 3.07018	
0.39	9.76261 19.8881 3.07007	
0.4	9.76372 19.8884 3.07018	
0.41	9.76372 19.8884 3.07018	
0.42	9.76261 19.8881 3.07007	
0.43	9.76372 19.8884 3.07018	
0.44	9.76372 19.8884 3.07018	
0.45	9.76372 19.8884 3.07018	
0.46	9.76372 19.8884 3.07018	
0.47	9.76372 19.8884 3.07018	
0.48	9.76372 19.8884 3.07018	
0.49	9.76373 19.8879 3.06879	
0.5	9.76372 19.8884 3.07018	
0.51	9.76372 19.8884 3.07018	
0.52	9.76261 19.8881 3.07007	
0.53	9.76372 19.8884 3.07018	
0.54	9.76261 19.8881 3.07007	
0.55	9.76372 19.8884 3.07018	
0.56	9.76261 19.8881 3.07007	
0.57	9.76261 19.8881 3.07007	
0.58	9.76261 19.8881 3.07007	
0.59	9.76261 19.8881 3.07007	
0.6	9.76372 19.8884 3.07018	
0.61	9.76372 19.8884 3.07018	
0.62	9.76261 19.8881 3.07007	
0.63	9.76372 19.8884 3.07018	
0.64	9.76372 19.8884 3.07018	
0.65	9.76261 19.8881 3.07007	
0.66	9.76372 19.8884 3.07018	
0.67	9.76372 19.8884 3.07018	
0.68	9.76372 19.8884 3.07018	
0.69	9.76372 19.8884 3.07018	
0.7	9.76372 19.8884 3.07018	
0.71	9.76261 19.8881 3.07007	
0.72	9.76261 19.8881 3.07007	
0.73	9.76372 19.8884 3.07018	
0.74	9.7636 19.8883 3.06991	
0.75	9.76261 19.8881 3.07007	
0.76	9.76372 19.8884 3.07018	
0.77	9.77041 19.8877 3.06391	
0.78	9.77041 19.8877 3.06391	
0.79	9.76918 19.8873 3.06353	
0.8	9.7693 19.8874 3.0638	
0.81	9.77041 19.8877 3.06391	
0.82	9.76721 19.887 3.06385	
0.83	9.77005 19.8876 3.06402	
0.84	9.7718 19.889 3.06684	
0.85	9.77225 19.8902 3.06991	
0.86	9.77582 19.8926 3.07474	
0.87	9.77952 19.8949 3.07951	
0.88	9.77987 19.8959 3.08198	
0.89	9.78139 19.897 3.08453	
0.9	9.79218 19.8177 3.13225	
0.91	9.81666 19.6321 3.23446	
0.92	9.83564 19.4729 3.30368	
0.93	9.85234 19.3852 3.36754	
0.94	9.86538 19.3694 3.39831	
0.95	9.87113 19.3739 3.41013	
0.96	9.87063 19.2738 3.40173	
0.97	9.86871 19.1775 3.47666	
0.98	9.86838 19.0829 3.58282	
0.99	9.86706 19.0168 3.67581	
1	9.86548 18.9694 3.75425	
1.01	9.86568 18.9635 3.8442	
1.02	9.86408 18.9256 3.88622	
1.03	9.86517 18.8548 3.93959	
1.04	9.87208 18.7898 4.00781	
1.05	9.87094 18.7495 4.05215	
1.06	9.87051 18.7073 4.091	
1.07	9.87115 18.6184 4.16592	
1.08	9.88467 18.4265 4.3127	
1.09	9.90895 18.2196 4.44864	
1.1	9.92209 18.0559 4.50977	
1.11	9.92349 18.0087 4.5088	
1.12	9.9142 18.0191 4.49317	
1.13	9.89344 17.9878 4.47941	
1.14	9.86291 17.8244 4.45009	
1.15	9.84677 17.6496 4.44015	
1.16	9.84574 17.4229 4.50258	
1.17	9.84081 17.2525 4.62696	
1.18	9.83772 17.138 4.76178	
1.19	9.82642 17.0263 4.84183	
1.2	9.8051 16.8619 4.92983	
1.21	9.77751 16.6862 5.05671	
1.22	9.73479 16.5952 5.21118	
1.23	9.67244 16.5559 5.40416	
1.24	9.60563 16.5709 5.62837	
1.25	9.53797 16.6421 5.79928	
1.26	9.45382 16.738 5.9288	
1.27	9.39851 16.8232 6.00081	
1.28	9.38751 16.8756 6.07326	
1.29	9.38502 16.9397 6.16038	
1.3	9.38632 17.0146 6.26101	
1.31	9.39762 17.0966 6.37867	
1.32	9.42006 17.1287 6.4627	
1.33	9.44866 17.1288 6.5516	
1.34	9.4844 17.1473 6.6275	
1.35	9.52365 17.1612 6.66155	
1.36	9.58075 17.152 6.67362	
1.37	9.66569 17.1383 6.69338	
1.38	9.81475 17.1219 6.70862	
1.39	9.97671 17.112 6.70811	
1.4	10.1283 17.0926 6.70674	
1.41	10.2653 17.0617 6.70339	
1.42	10.4022 17.0028 6.70421	
1.43	10.5169 16.9303 6.70302	
1.44	10.6179 16.857 6.69933	
1.45	10.7148 16.7838 6.689	
1.46	10.812 16.7039 6.66905	
1.47	10.9014 16.6154 6.65213	
1.48	10.9906 16.5429 6.64878	
1.49	11.0545 16.4928 6.63496	
1.5	11.0957 16.471 6.61718	
1.51	11.1222 16.4519 6.58951	
1.52	11.1428 16.4218 6.54735	
1.53	11.1456 16.4096 6.53127	
1.54	11.1486 16.409 6.52263	
1.55	11.15 16.4091 6.52263	
1.56	11.1523 16.4004 6.51818	
1.57	11.1576 16.3523 6.50588	
1.58	11.1611 16.3074 6.47498	
1.59	11.1661 16.2612 6.42659	
1.6	11.1715 16.1969 6.36777	
1.61	11.1768 16.1485 6.31599	
1.62	11.1831 16.1016 6.24922	
1.63	11.1909 16.0318 6.16462	
1.64	11.2049 15.9441 6.05906	
1.65	11.2137 15.8706 5.95634	
1.66	11.2108 15.796 5.87466	
1.67	11.2176 15.735 5.82271	
1.68	11.224 15.6853 5.81492	
1.69	11.2317 15.6266 5.77303	
1.7	11.2136 15.5783 5.74703	
1.71	11.2272 15.5392 5.70468	
1.72	11.2488 15.5261 5.67995	
1.73	11.2518 15.5259 5.67235	
1.74	11.2489 15.5216 5.66212	
1.75	11.2482 15.5284 5.65887	
1.76	11.2561 15.5504 5.64286	
1.77	11.247 15.5857 5.65168	
1.78	11.2273 15.6489 5.6502	
1.79	11.1831 15.7427 5.64865	
1.8	11.169 15.8893 5.67955	
1.81	11.1541 16.0344 5.74953	
1.82	11.1513 16.2003 5.81347	
1.83	11.1423 16.3522 5.81257	
1.84	11.1312 16.5147 5.81644	
1.85	11.1153 16.6977 5.81454	
1.86	11.107 16.7996 5.80626	
1.87	11.097 16.8963 5.80114	
1.88	11.0878 16.9899 5.79305	
1.89	11.0835 17.0371 5.78037	
1.9	11.0801 17.088 5.77461	
1.91	11.0739 17.1725 5.76548	
1.92	11.0649 17.2555 5.74628	
1.93	11.0591 17.3327 5.71034	
1.94	11.0543 17.3955 5.66786	
1.95	11.0474 17.4632 5.6337	
1.96	11.0422 17.5148 5.62332	
1.97	11.0383 17.5703 5.61217	
1.98	11.0371 17.6201 5.57511	
1.99	11.0322 17.6612 5.51652	
2	11.0266 17.7154 5.4366	
2.01	11.0219 17.7737 5.34638	
2.02	11.0187 17.8167 5.21977	
2.03	11.0208 17.7986 5.05175	
2.04	11.0327 17.7317 4.86907	
2.05	11.0479 17.6633 4.69572	
2.06	11.0849 17.587 4.51693	
2.07	11.1309 17.5414 4.34065	
2.08	11.1778 17.5133 4.14051	
2.09	11.1987 17.4892 3.98207	
2.1	11.2158 17.5065 3.87826	
2.11	11.2409 17.5479 3.81409	
2.12	11.2594 17.5852 3.75302	
2.13	11.2624 17.6227 3.68437	
2.14	11.2564 17.6838 3.61329	
2.15	11.2552 17.7379 3.56009	
2.16	11.2598 17.7735 3.50884	
2.17	11.2842 17.8086 3.47512	
2.18	11.3243 17.8327 3.44713	
2.19	11.3802 17.8459 3.43673	
2.2	11.4539 17.8614 3.43663	
2.21	11.5391 17.8731 3.43486	
2.22	11.6425 17.8889 3.43308	
2.23	11.7473 17.9065 3.43271	
2.24	11.8556 17.9259 3.43231	
2.25	11.965 17.9472 3.43196	
2.26	12.095 17.9747 3.43278	
2.27	12.1941 17.9959 3.43233	
2.28	12.2833 18.0152 3.43181	
2.29	12.3724 18.0359 3.43236	
2.3	12.4505 18.0542 3.43288	
2.31	12.5185 18.0692 3.43203	
2.32	12.5832 18.0852 3.4326	
2.33	12.6524 18.1026 3.4329	
2.34	12.7199 18.1032 3.42925	
2.35	12.7944 18.1014 3.42476	
2.36	12.8798 18.1037 3.42031	
2.37	12.9636 18.1047 3.4143	
2.38	13.0537 18.0926 3.40841	
2.39	13.1326 18.0641 3.39615	
2.4	13.186 18.046 3.38863	
2.41	13.2302 18.029 3.37908	
2.42	13.2805 18.0123 3.36147	
2.43	13.3394 18.0086 3.33189	
2.44	13.3934 17.973 3.27721	
2.45	13.4428 17.9044 3.22797	
2.46	13.5092 17.814 3.1734	
2.47	13.5947 17.7142 3.09264	
2.48	13.673 17.6501 3.02414	
2.49	13.7436 17.5811 2.96389	
2.5	13.8206 17.5145 2.91739	
2.51	13.8758 17.4707 2.89442	
2.52	13.931 17.4287 2.87445	
2.53	13.971 17.3999 2.84536	
2.54	13.9908 17.3758 2.83662	
2.55	14.006 17.3394 2.83099	
2.56	14.0207 17.304 2.82718	
2.57	14.0293 17.2721 2.8242	
2.58	14.0403 17.229 2.81828	
2.59	14.0522 17.1325 2.80601	
2.6	14.0614 17.0006 2.7945	
2.61	14.0856 16.8406 2.78387	
2.62	14.1005 16.6589 2.78748	
2.63	14.1091 16.4789 2.82	
2.64	14.0993 16.3202 2.93017	
2.65	14.0862 16.253 3.09178	
2.66	14.0608 16.2014 3.27606	
2.67	14.0496 16.1212 3.44743	
2.68	14.0253 16.0409 3.54281	
2.69	13.9841 15.9192 3.61831	
2.7	13.9044 15.8055 3.69827	
2.71	13.8181 15.7262 3.76526	
2.72	13.7325 15.6803 3.81819	
2.73	13.6455 15.6546 3.88016	
2.74	13.5331 15.6764 3.9946	
2.75	13.4441 15.7225 4.1142	
2.76	13.393 15.7661 4.20315	
2.77	13.3575 15.773 4.22392	
2.78	13.3095 15.7633 4.22916	
2.79	13.2616 15.751 4.23153	
2.8	13.219 15.7388 4.23115	
2.81	13.1872 15.7326 4.23477	
2.82	13.1537 15.7193 4.24898	
2.83	13.1196 15.6781 4.28642	
2.84	13.1014 15.6369 4.33837	
2.85	13.0933 15.6039 4.39045	
2.86	13.0782 15.5544 4.44681	
2.87	13.0544 15.4769 4.5087	
2.88	13.0343 15.3895 4.57265	
2.89	13.0117 15.2856 4.63892	
2.9	12.9941 15.1805 4.73315	
2.91	12.9733 15.0831 4.82066	
2.92	12.9486 14.9753 4.9223	
2.93	12.9207 14.8698 5.03817	
2.94	12.9026 14.7664 5.16313	
2.95	12.8934 14.6794 5.29208	
2.96	12.8784 14.6201 5.39854	
2.97	12.8556 14.5451 5.50137	
2.98	12.814 14.4545 5.59486	
2.99	12.7583 14.3871 5.67029	
3	12.7087 14.3245 5.7319	
3.01	12.6487 14.2492 5.7949	
3.02	12.6043 14.1524 5.848	
3.03	12.5657 14.0422 5.87777	
3.04	12.539 13.9432 5.90201	
3.05	12.491 13.8378 5.93254	
3.06	12.4256 13.7577 5.94998	
3.07	12.3474 13.7132 5.9591	
3.08	12.2724 13.6577 5.96916	
3.09	12.2214 13.5483 5.9933	
3.1	12.1811 13.3779 6.03392	
3.11	12.1491 13.2025 6.0757	
3.12	12.0936 13.0411 6.11627	
3.13	12.0261 12.9141 6.15521	
3.14	11.9518 12.8143 6.1889	
3.15	11.8725 12.6895 6.23289	
3.16	11.805 12.5545 6.28776	
3.17	11.7532 12.424 6.33791	
3.18	11.6816 12.2884 6.38424	
3.19	11.6238 12.1238 6.43203	
3.2	11.6089 11.9656 6.48322	
3.21	11.6064 11.8297 6.52857	
3.22	11.5855 11.7031 6.57227	
3.23	11.5662 11.5829 6.61661	
3.24	11.5618 11.4702 6.66027	
3.25	11.5623 11.3901 6.69454	
3.26	11.5581 11.3404 6.71736	
3.27	11.5452 11.2888 6.73884	
3.28	11.5112 11.2267 6.76698	
3.29	11.4573 11.1604 6.79128	
3.3	11.3959 11.106 6.81502	
3.31	11.3363 11.0663 6.83075	
3.32	11.2568 11.0221 6.84164	
3.33	11.1714 10.9868 6.83672	
3.34	11.059 10.9666 6.8371	
3.35	10.9281 10.9421 6.83133	
3.36	10.7824 10.9064 6.83751	
3.37	10.6591 10.8563 6.84801	
3.38	10.5333 10.8045 6.86491	
3.39	10.4066 10.7637 6.87748	
3.4	10.2627 10.7499 6.88156	
3.41	10.1317 10.7418 6.88248	
3.42	10.0372 10.738 6.88831	
3.43	9.96292 10.7372 6.88797	
3.44	9.87818 10.7376 6.88861	
3.45	9.78855 10.743 6.88617	
3.46	9.70792 10.7434 6.88606	
3.47	9.63961 10.7443 6.88556	
3.48	9.56809 10.7443 6.88375	
3.49	9.51258 10.745 6.88289	
3.5	9.43702 10.7465 6.88184	
3.51	9.3535 10.7528 6.87763	
3.52	9.27416 10.7544 6.87609	
3.53	9.21105 10.7566 6.87567	
3.54	9.14287 10.7658 6.87513	
3.55	9.05968 10.793 6.88137	
3.56	8.96361 10.8292 6.88985	
3.57	8.8726 10.8554 6.90253	
3.58	8.80013 10.8813 6.91652	
3.59	8.73812 10.9183 6.94735	
3.6	8.66062 11.0449 7.03341	
3.61	8.59292 11.1983 7.11918	
3.62	8.54922 11.2971 7.16406	
3.63	8.52042 11.3506 7.17406	
3.64	8.49169 11.3967 7.18018	
3.65	8.46276 11.453 7.20127	
3.66	8.45567 11.5213 7.23255	
3.67	8.4433 11.598 7.25593	
3.68	8.42869 11.664 7.27368	
3.69	8.43172 11.754 7.29903	
3.7	8.42712 11.8736 7.34663	
3.71	8.40793 11.9805 7.37521	
3.72	8.37987 12.0422 7.36692	
3.73	8.33093 12.1183 7.34996	
3.74	8.25968 12.2134 7.33715	
3.75	8.16297 12.314 7.31925	
3.76	8.06992 12.4014 7.29016	
3.77	7.95836 12.4869 7.26338	
3.78	7.82971 12.5811 7.2356	
3.79	7.68233 12.6737 7.20928	
3.8	7.52366 12.7697 7.18349	
3.81	7.35598 12.8637 7.16119	
3.82	7.19199 12.9446 7.13786	
3.83	7.05119 13.0006 7.11019	
3.84	6.89558 13.0385 7.06089	
3.85	6.73988 13.0607 7.02146	
3.86	6.59183 13.0772 6.99387	
3.87	6.4611 13.1128 6.97769	
3.88	6.34046 13.1399 6.94383	
3.89	6.23525 13.1698 6.88067	
3.9	6.14947 13.1982 6.79325	
3.91	6.07467 13.2207 6.69149	
3.92	6.03298 13.2381 6.60084	
3.93	6.00744 13.2534 6.50452	
3.94	5.99857 13.252 6.39747	
3.95	5.9936 13.2367 6.28817	
3.96	5.98964 13.2077 6.1778	
3.97	5.98686 13.172 6.06396	
3.98	5.98654 13.1507 5.9725	
3.99	5.98395 13.1389 5.88265	
4	5.98383 13.1371 5.7986	
4.01	5.9802 13.1224 5.72234	
4.02	5.97269 13.0974 5.64855	
4.03	5.98106 13.0812 5.59466	
4.04	5.98969 13.0741 5.56646	
4.05	6.01417 13.0641 5.52257	
4.06	6.04159 13.0681 5.49287	
4.07	6.07014 13.0481 5.45351	
4.08	6.08612 13.0257 5.41268	
4.09	6.1061 13.011 5.38523	
4.1	6.1137 13.0005 5.36591	
4.11	6.13252 12.9929 5.34541	
4.12	6.13754 12.9886 5.31689	
4.13	6.1414 12.9784 5.29026	
4.14	6.1426 12.9801 5.26729	
4.15	6.14742 12.9598 5.22478	
4.16	6.15991 12.9483 5.20249	
4.17	6.17372 12.9409 5.18967	
4.18	6.18207 12.9281 5.16188	
4.19	6.18629 12.9296 5.14658	
4.2	6.18729 12.9278 5.12037	
4.21	6.18498 12.9384 5.09233	
4.22	6.18516 12.9427 5.06804	
4.23	6.18901 12.9513 5.04789	
4.24	6.18727 12.9677 5.02655	
4.25	6.17807 12.9731 5.01286	
4.26	6.1746 12.983 5.00999	
4.27	6.16987 12.982 5.00775	
4.28	6.16421 12.9829 5.00818	
4.29	6.15953 12.9887 4.99523	
4.3	6.15973 13.0082 4.98505	
4.31	6.15866 13.0573 4.97365	
4.32	6.16807 13.1129 4.95414	
4.33	6.17394 13.1839 4.9391	
4.34	6.18544 13.2526 4.9232	
4.35	6.19263 13.3283 4.90655	
4.36	6.20241 13.3839 4.87647	
4.37	6.21248 13.4323 4.84809	
4.38	6.2259 13.4787 4.81458	
4.39	6.23709 13.5164 4.77588	
4.4	6.24444 13.5494 4.7271	
4.41	6.25207 13.5778 4.65697	
4.42	6.26035 13.6101 4.57049	
4.43	6.27616 13.6649 4.45829	
4.44	6.28622 13.7201 4.3437	
4.45	6.29482 13.7567 4.22807	
4.46	6.30073 13.7764 4.12374	
4.47	6.31225 13.7738 4.02628	
4.48	6.31258 13.7594 3.94884	
4.49	6.31741 13.7487 3.89112	
4.5	6.31506 13.7425 3.8399	
4.51	6.31071 13.7286 3.78176	
4.52	6.30786 13.7117 3.72853	
4.53	6.30779 13.6867 3.68682	
4.54	6.32709 13.6661 3.66586	
4.55	6.35768 13.6483 3.6448	
4.56	6.38254 13.6264 3.62381	
4.57	6.40956 13.6131 3.60865	
4.58	6.43254 13.5822 3.60599	
4.59	6.46821 13.526 3.60907	
4.6	6.50619 13.4593 3.61614	
4.61	6.543 13.4 3.62263	
4.62	6.57868 13.3545 3.62926	
4.63	6.61096 13.3192 3.63196	
4.64	6.63058 13.2847 3.62747	
4.65	6.64641 13.2389 3.62427	
4.66	6.66036 13.1833 3.62643	
4.67	6.66214 13.1044 3.63868	
4.68	6.68016 13.0107 3.65278	
4.69	6.70123 12.9236 3.6677	
4.7	6.72128 12.8588 3.67845	
4.71	6.72611 12.7896 3.69907	
4.72	6.75024 12.7124 3.7244	
4.73	6.77736 12.6374 3.75798	
4.74	6.80998 12.5693 3.79422	
4.75	6.82857 12.4901 3.82402	
4.76	6.84643 12.4186 3.84634	
4.77	6.86334 12.3399 3.86521	
4.78	6.88107 12.2507 3.88872	
4.79	6.89189 12.1561 3.92247	
4.8	6.90531 12.0879 3.9788	
4.81	6.91823 12.0427 4.05562	
4.82	6.92255 11.9777 4.12732	
4.83	6.92906 11.9039 4.19345	
4.84	6.94101 11.8237 4.26139	
4.85	6.94274 11.7561 4.35117	
4.86	6.94208 11.6895 4.45199	
4.87	6.93121 11.624 4.55131	
4.88	6.91312 11.5612 4.64026	
4.89	6.90305 11.4926 4.72075	
4.9	6.8873 11.4428 4.8116	
4.91	6.86992 11.4067 4.90291	
4.92	6.84207 11.3708 4.99152	
4.93	6.82626 11.3371 5.05382	
4.94	6.80234 11.2879 5.09339	
4.95	6.78909 11.2245 5.1228	
4.96	6.77393 11.1507 5.15586	
4.97	6.761 11.0819 5.18499	
4.98	6.76257 11.0261 5.20957	
4.99	6.75868 10.9769 5.23267	
5	6.74751 10.9174 5.25561	
5.01	6.73783 10.828 5.28422	
5.02	6.73749 10.7224 5.32139	
5.03	6.74148 10.5933 5.37458	
5.04	6.7543 10.4645 5.43003	
5.05	6.76035 10.3585 5.47713	
5.06	6.75702 10.2602 5.52516	
5.07	6.75415 10.1562 5.57451	
5.08	6.75813 10.0502 5.62339	
5.09	6.76296 9.9459 5.67466	
5.1	6.7645 9.82986 5.72884	
5.11	6.7864 9.69623 5.79153	
5.12	6.80876 9.55957 5.85932	
5.13	6.8509 9.40571 5.93651	
5.14	6.9077 9.22509 6.0259	
5.15	6.97865 9.06827 6.10393	
5.16	7.04742 8.92932 6.17685	
5.17	7.11869 8.81758 6.24131	
5.18	7.18604 8.72688 6.2961	
5.19	7.26059 8.63848 6.34681	
5.2	7.338 8.56523 6.39028	
5.21	7.40187 8.50436 6.41859	
5.22	7.46921 8.44335 6.43331	
5.23	7.54239 8.38638 6.43362	
5.24	7.62085 8.33526 6.42067	
5.25	7.69133 8.30514 6.41092	
5.26	7.75442 8.28867 6.39112	
5.27	7.81108 8.27317 6.35824	
5.28	7.86613 8.25237 6.28719	
5.29	7.9159 8.21439 6.19241	
5.3	7.95487 8.18494 6.10053	
5.31	8.00405 8.16836 6.01405	
5.32	8.0573 8.1779 5.94434	
5.33	8.10184 8.19389 5.87059	
5.34	8.14045 8.21451 5.77929	
5.35	8.17016 8.23735 5.68958	
5.36	8.20761 8.26552 5.60095	
5.37	8.25303 8.31393 5.53555	
5.38	8.30786 8.38704 5.48512	
5.39	8.35425 8.43591 5.4466	
5.4	8.39849 8.49761 5.40694	
5.41	8.44037 8.55479 5.36849	
5.42	8.47237 8.62256 5.32576	
5.43	8.491 8.69789 5.28467	
5.44	8.50828 8.7908 5.24256	
5.45	8.53045 8.89223 5.20605	
5.46	8.54897 8.98785 5.15667	
5.47	8.56872 9.07981 5.11298	
5.48	8.59036 9.18031 5.06043	
5.49	8.61409 9.29257 5.00538	
5.5	8.64254 9.39254 4.95355	
5.51	8.67152 9.47978 4.91115	
5.52	8.72271 9.56379 4.8669	
5.53	8.76764 9.66547 4.81853	
5.54	8.81413 9.78034 4.76153	
5.55	8.85314 9.89807 4.70774	
5.56	8.92039 10.0034 4.65786	
5.57	8.98265 10.105 4.61235	
5.58	9.04702 10.2147 4.5732	
5.59	9.12143 10.3464 4.54098	
5.6	9.21622 10.444 4.51652	
5.61	9.33004 10.4966 4.49831	
5.62	9.46938 10.5204 4.48384	
5.63	9.63066 10.5342 4.47227	
5.64	9.80655 10.5346 4.46695	
5.65	9.99585 10.5387 4.46386	
5.66	10.165 10.5394 4.46245	
5.67	10.3464 10.5488 4.46035	
5.68	10.5274 10.5589 4.45702	
5.69	10.6869 10.57 4.45398	
5.7	10.8405 10.5941 4.44879	
5.71	10.9849 10.6128 4.44463	
5.72	11.1294 10.6282 4.44326	
5.73	11.2651 10.6391 4.44396	
5.74	11.4037 10.6514 4.44487	
5.75	11.52 10.6704 4.43646	
5.76	11.6206 10.696 4.43127	
5.77	11.7212 10.7114 4.42695	
5.78	11.8166 10.7223 4.42779	
5.79	11.9099 10.7366 4.42183	
5.8	11.9903 10.7477 4.41109	
5.81	12.0647 10.753 4.40197	
5.82	12.1232 10.7544 4.38762	
5.83	12.1667 10.7594 4.38455	
5.84	12.2034 10.7625 4.38018	
5.85	12.2395 10.7602 4.37739	
5.86	12.2626 10.7603 4.37152	
5.87	12.2702 10.7551 4.35669	
5.88	12.2732 10.7485 4.32561	
5.89	12.2745 10.7386 4.27518	
5.9	12.2778 10.724 4.21355	
5.91	12.2794 10.7108 4.14011	
5.92	12.2727 10.6998 4.07269	
5.93	12.2733 10.6924 3.99725	
5.94	12.2644 10.6864 3.9269	
5.95	12.2603 10.6642 3.84426	
5.96	12.2608 10.6381 3.76314	
5.97	12.2637 10.6063 3.67946	
5.98	12.2676 10.5759 3.59964	
5.99	12.2696 10.5476 3.52458	
6	12.2685 10.5348 3.45776	
6.01	12.2754 10.5342 3.40477	
6.02	12.2741 10.5426 3.34438	
6.03	12.2737 10.5549 3.2773	
6.04	12.2707 10.5662 3.22627	
6.05	12.269 10.5755 3.18678	
6.06	12.2739 10.5795 3.16211	
6.07	12.2856 10.5823 3.14912	
6.08	12.3006 10.5817 3.14288	
6.09	12.3144 10.5792 3.13144	
6.1	12.3382 10.5757 3.11079	
6.11	12.3538 10.5712 3.0901	
6.12	12.3776 10.5696 3.07479	
6.13	12.3995 10.5674 3.06227	
6.14	12.4276 10.5697 3.05694	
6.15	12.4501 10.5768 3.05047	
6.16	12.4698 10.5828 3.04286	
6.17	12.4859 10.5851 3.04292	
6.18	12.5152 10.5882 3.04172	
6.19	12.5349 10.5943 3.03411	
6.2	12.5507 10.5977 3.0212	
6.21	12.5721 10.593 2.99543	
6.22	12.5893 10.5801 2.94781	
6.23	12.6077 10.5545 2.87612	
6.24	12.6241 10.5249 2.80684	
6.25	12.649 10.4981 2.74958	
6.26	12.6767 10.4924 2.7135	
6.27	12.706 10.4766 2.68459	
6.28	12.7313 10.4574 2.6674	
6.29	12.7514 10.4309 2.64362	
6.3	12.7778 10.4164 2.61662	
6.31	12.7879 10.4067 2.59741	
6.32	12.7928 10.3867 2.58657	
6.33	12.8173 10.3662 2.5825	
6.34	12.8313 10.3437 2.57873	
6.35	12.837 10.325 2.57289	
6.36	12.8462 10.3128 2.56574	
6.37	12.8563 10.2954 2.56018	
6.38	12.8735 10.2854 2.55399	
6.39	12.883 10.2811 2.55163	
6.4	12.8924 10.2757 2.54803	
6.41	12.8933 10.2717 2.53244	
6.42	12.8976 10.2625 2.51837	
6.43	12.8992 10.253 2.50421	
6.44	12.9088 10.2471 2.47378	
6.45	12.9272 10.239 2.43194	
6.46	12.9454 10.2262 2.4105	
6.47	12.9624 10.2171 2.39578	
6.48	13.0133 10.1854 2.37169	
6.49	13.112 10.1266 2.39297	
6.5	13.2287 10.0245 2.43057	
6.51	13.3575 9.94056 2.45962	
6.52	13.5103 9.85449 2.50751	
6.53	13.6407 9.7379 2.57928	
6.54	13.7521 9.56946 2.66719	
6.55	13.8306 9.39496 2.75536	
6.56	13.8623 9.31197 2.8375	
6.57	13.876 9.25871 2.88207	
6.58	13.8653 9.23249 2.94064	
6.59	13.8725 9.17421 3.01581	
6.6	13.8857 9.10243 3.08886	
6.61	13.8901 9.01237 3.18363	
6.62	13.8481 8.98683 3.27937	
6.63	13.7469 9.00833 3.37605	
6.64	13.658 9.09936 3.44056	
6.65	13.5607 9.19761 3.48732	
6.66	13.4757 9.28286 3.50707	
6.67	13.4038 9.31242 3.52292	
6.68	13.3553 9.31078 3.57276	
6.69	13.3235 9.29966 3.65325	
6.7	13.289 9.27938 3.72199	
6.71	13.2401 9.25466 3.76394	
6.72	13.1951 9.19727 3.80939	
6.73	13.1651 9.0984 3.85955	
6.74	13.1451 8.98099 3.91923	
6.75	13.1369 8.85252 3.98896	
6.76	13.1334 8.73442 4.05809	
6.77	13.1217 8.63281 4.11589	
6.78	13.1273 8.54029 4.17213	
6.79	13.1356 8.4546 4.21697	
6.8	13.1425 8.37881 4.26844	
6.81	13.1357 8.31839 4.30709	
6.82	13.143 8.24503 4.35365	
6.83	13.1492 8.16235 4.40599	
6.84	13.1556 8.06612 4.46737	
6.85	13.1576 7.95994 4.53526	
6.86	13.1597 7.84832 4.60537	
6.87	13.1723 7.72931 4.68206	
6.88	13.1739 7.60335 4.76892	
6.89	13.1873 7.48717 4.84935	
6.9	13.1943 7.37664 4.92515	
6.91	13.1948 7.28665 4.98516	
6.92	13.1659 7.18228 5.02522	
6.93	13.156 7.07487 5.01924	
6.94	13.1506 6.97495 4.99346	
6.95	13.1378 6.89409 4.95269	
6.96	13.1093 6.85113 4.89394	
6.97	13.0711 6.81657 4.82921	
6.98	13.0415 6.78031 4.75695	
6.99	12.9974 6.73502 4.64668	
7	12.925 6.68768 4.54436	
7.01	12.8495 6.64911 4.45767	
7.02	12.7623 6.6134 4.37837	
7.03	12.6665 6.57456 4.28829	
7.04	12.5487 6.53039 4.19085	
7.05	12.4021 6.48565 4.10279	
7.06	12.2708 6.45098 4.02213	
7.07	12.1321 6.41277 3.92529	
7.08	11.991 6.372 3.81631	
7.09	11.8173 6.32722 3.72094	
7.1	11.6357 6.3153 3.65711	
7.11	11.4629 6.3284 3.62294	
7.12	11.3078 6.34288 3.59508	
7.13	11.171 6.37257 3.56448	
7.14	11.0256 6.4022 3.53799	
7.15	10.9025 6.43569 3.51335	
7.16	10.7807 6.49346 3.50296	
7.17	10.6767 6.58307 3.50135	
7.18	10.5934 6.68318 3.51373	
7.19	10.5178 6.80051 3.52814	
7.2	10.4553 6.88868 3.52153	
7.21	10.3943 6.94047 3.49528	
7.22	10.3422 6.97601 3.47134	
7.23	10.2905 7.00823 3.45142	
7.24	10.2552 7.04565 3.42884	
7.25	10.2024 7.08579 3.40186	
7.26	10.1513 7.1226 3.38301	
7.27	10.1003 7.16934 3.35884	
7.28	10.024 7.22257 3.34199	
7.29	9.93161 7.30049 3.31602	
7.3	9.83712 7.39973 3.30494	
7.31	9.73678 7.49646 3.30648	
7.32	9.62912 7.56713 3.31082	
7.33	9.51404 7.62402 3.32311	
7.34	9.38518 7.67464 3.34254	
7.35	9.24084 7.73291 3.36863	
7.36	9.11072 7.79901 3.39462	
7.37	8.99291 7.85735 3.41558	
7.38	8.87371 7.92957 3.41562	
7.39	8.75687 8.00197 3.40006	
7.4	8.62309 8.08211 3.3793	
7.41	8.49947 8.1629 3.34395	
7.42	8.38874 8.23303 3.30983	
7.43	8.27032 8.31148 3.26852	
7.44	8.16152 8.36823 3.24212	
7.45	8.0568 8.40772 3.22137	
7.46	7.96041 8.426 3.20511	
7.47	7.87674 8.44173 3.19895	
7.48	7.80493 8.44569 3.19579	
7.49	7.74502 8.44391 3.19617	
7.5	7.67859 8.44955 3.19126	
7.51	7.5887 8.4632 3.16516	
7.52	7.49897 8.48888 3.12516	
7.53	7.41972 8.50407 3.09351	
7.54	7.33572 8.51074 3.08302	
7.55	7.24582 8.51382 3.08272	
7.56	7.16511 8.50747 3.08784	
7.57	7.09775 8.49635 3.0975	
7.58	7.03615 8.47393 3.11168	
7.59	6.98958 8.43943 3.1306	
7.6	6.94355 8.40183 3.13017	
7.61	6.88968 8.31363 3.10248	
7.62	6.84436 8.18202 3.06139	
7.63	6.80387 8.08418 3.02552	
7.64	6.78924 8.04376 3.00293	
7.65	6.78538 8.00379 2.96605	
7.66	6.78909 7.96924 2.90421	
7.67	6.78478 7.94289 2.82591	
7.68	6.79251 7.92469 2.74124	
7.69	6.80537 7.90474 2.6516	
7.7	6.80913 7.88738 2.57161	
7.71	6.81631 7.87196 2.50123	
7.72	6.81398 7.85771 2.43066	
7.73	6.82784 7.8338 2.42544	
7.74	6.85887 7.78292 2.41058	
7.75	6.91247 7.70135 2.39524	
7.76	6.95361 7.67144 2.35873	
7.77	6.98234 7.63764 2.3444	
7.78	7.01245 7.58461 2.33365	
7.79	7.02166 7.56338 2.33544	
7.8	7.05663 7.45706 2.3159	
7.81	7.10501 7.33444 2.35254	
7.82	7.16073 7.17982 2.43304	
7.83	7.23595 7.0048 2.50535	
7.84	7.26204 6.86889 2.57164	
7.85	7.2661 6.73368 2.6571	
7.86	7.26982 6.60529 2.74418	
7.87	7.25993 6.46838 2.84627	
7.88	7.25487 6.34671 2.9417	
7.89	7.25948 6.23291 3.02563	
7.9	7.29497 6.09842 3.12492	
7.91	7.30532 6.0398 3.18008	
7.92	7.29992 5.9824 3.22815	
7.93	7.30208 5.91516 3.28321	
7.94	7.29693 5.8717 3.32279	
7.95	7.28922 5.80552 3.37379	
7.96	7.28313 5.74339 3.42603	
7.97	7.2956 5.68755 3.46684	
7.98	7.28524 5.61213 3.4993	
7.99	7.27922 5.54884 3.55118	
8	7.27141 5.48267 3.60792	
8.01	7.25381 5.40937 3.67196	
8.02	7.24304 5.32939 3.74552	
8.03	7.23351 5.23804 3.83045	
8.04	7.21257 5.14999 3.9176	
8.05	7.20311 5.06905 3.99754	
8.06	7.19319 4.9856 4.08251	
8.07	7.17315 4.90642 4.17015	
8.08	7.15398 4.835 4.25033	
8.09	7.13766 4.777 4.3251	
8.1	7.12728 4.71386 4.39932	
8.11	7.10824 4.65702 4.47555	
8.12	7.07738 4.59194 4.55371	
8.13	7.05208 4.52115 4.63577	
8.14	7.03505 4.42997 4.74389	
8.15	7.02065 4.33739 4.85066	
8.16	7.00205 4.23206 4.98227	
8.17	6.98545 4.10813 5.13997	
8.18	6.97675 3.99494 5.2938	
8.19	6.96815 3.88155 5.44755	
8.2	6.96228 3.76564 5.60564	
8.21	6.96731 3.65889 5.75802	
8.22	6.95477 3.56491 5.90454	
8.23	6.95363 3.49821 6.01872	
8.24	6.9735 3.42943 6.12816	
8.25	6.99746 3.37225 6.20005	
8.26	7.01974 3.32181 6.25922	
8.27	7.07202 3.26193 6.27538	
8.28	7.1363 3.19446 6.21409	
8.29	7.24813 3.15891 6.13311	
8.3	7.37592 3.15125 6.00482	
8.31	7.50912 3.17161 5.7999	
8.32	7.63102 3.21065 5.51859	
8.33	7.7538 3.26448 5.1928	
8.34	7.8521 3.30221 4.93393	
8.35	7.99212 3.37677 4.66078	
8.36	8.20651 3.50262 4.34629	
8.37	8.43355 3.69226 3.98259	
8.38	8.59794 3.89595 3.6427	
8.39	8.75821 4.09935 3.31636	
8.4	8.92947 4.32055 3.03459	
8.41	9.10049 4.5887 2.74768	
8.42	9.22931 4.87236 2.47825	
8.43	9.33931 5.25834 2.15664	
8.44	9.43912 5.69335 1.87746	
8.45	9.52232 5.73378 1.9826	
8.46	9.68617 6.45368 1.73872	
8.47	9.74874 6.7599 1.95109	
8.48	9.68037 7.08417 1.91743	
8.49	9.77627 7.25388 2.02835	
8.5	9.79964 7.91028 1.93067	
8.51	9.87825 8.67501 2.11374	
8.52	10.0254 9.67754 2.08352	
8.53	10.1171 10.2037 2.12092	
8.54	10.1648 10.8849 2.08708	
8.55	10.1971 11.712 2.12891	
8.56	10.1576 12.5749 2.14665	
8.57	10.0291 13.345 2.32949	
8.58	9.92158 13.9411 2.61046	
8.59	9.67837 14.4224 3.01285	
8.6	9.63116 14.7876 3.41247	
8.61	9.58302 15.1778 3.75542	
8.62	9.57505 15.5761 3.89841	
8.63	9.57496 15.861 3.92852	
8.64	9.57904 16.1643 3.96845	
8.65	9.58372 16.4547 4.00634	
8.66	9.58455 16.727 4.04384	
8.67	9.5952 17.2385 4.11088	
8.68	9.6158 17.932 4.13866	
8.69	9.64346 18.4744 3.98573	
8.7	9.67892 19.0451 3.64709	
8.71	9.77721 19.1737 3.52042	
8.72	9.78741 19.2069 3.58694	
8.73	9.81944 19.2229 3.61417	
8.74	9.82752 19.229 3.61691	
8.75	9.85065 19.2297 3.61231	
8.76	9.84536 19.2298 3.60709	
8.77	9.84103 19.2291 3.57236	
8.78	9.87697 19.2105 3.49436	
8.79	9.93829 19.19 3.38797	
8.8	9.99655 19.1724 3.29077	
8.81	10.0551 19.1454 3.16708	
8.82	10.0871 19.137 3.12859	
8.83	10.0627 19.1252 3.12263	
8.84	10.029 19.1275 3.13903	
8.85	9.92783 19.1397 3.19301	
8.86	9.85614 19.1595 3.25767	
8.87	9.8333 19.1672 3.29984	
8.88	9.80616 19.3181 3.24196	
8.89	9.8297 19.3706 3.23997	
8.9	9.83972 19.396 3.2314	
8.91	9.85727 19.4218 3.23116	
8.92	9.87829 19.4594 3.23239	
8.93	9.88958 19.4903 3.22647	
8.94	9.89163 19.5057 3.21677	
8.95	9.8905 19.5258 3.20983	
8.96	9.87987 19.5472 3.20855	
8.97	9.87121 19.5902 3.21865	
8.98	9.86108 19.6516 3.22499	
8.99	9.84937 19.7117 3.22363	
9	9.85116 19.7793 3.21896	
9.01	9.8365 19.8623 3.20612	
9.02	9.81741 19.9142 3.18527	
9.03	9.8068 19.9196 3.14975	
9.04	9.80658 19.9124 3.12485	
9.05	9.79649 19.9049 3.0993	
9.06	9.79369 19.8758 3.09479	
9.07	9.79315 19.7907 3.10106	
9.08	9.80508 19.7606 3.09395	
9.09	9.81822 19.7225 3.09603	
9.1	9.82091 19.7101 3.10724	
9.11	9.81454 19.7108 3.10949	
9.12	9.80449 19.7172 3.11209	
9.13	9.78562 19.74 3.12109	
9.14	9.77404 19.7797 3.12418	
9.15	9.77707 19.8169 3.10771	
9.16	9.77861 19.865 3.0847	
9.17	9.76848 19.8857 3.05961	
9.18	9.76993 19.8872 3.06284	
9.19	9.77486 19.8917 3.0729	
9.2	9.77605 19.8942 3.07951	
9.21	9.78232 19.8977 3.08605	
9.22	9.78437 19.8998 3.09123	
9.23	9.79087 19.9035 3.09897	
9.24	9.79532 19.9063 3.10499	
9.25	9.80054 19.9093 3.11158	
9.26	9.80962 19.9144 3.1236	
9.27	9.81514 19.9174 3.13053	
9.28	9.82348 19.9202 3.13568	
9.29	9.83223 19.924 3.14473	
9.3	9.83773 19.9256 3.14771	
9.31	9.8404 19.9266 3.14977	
9.32	9.84022 19.9273 3.15272	
9.33	9.83663 19.9288 3.16051	
9.34	9.83591 19.9291 3.16223	
9.35	9.83615 19.9296 3.16385	
9.36	9.83543 19.9299 3.16558	
9.37	9.83543 19.9299 3.16558	
9.38	9.83446 19.9301 3.16712	
9.39	9.83446 19.9301 3.16712	
9.4	9.8335 19.93 3.16723	
9.41	9.83447 19.9298 3.16568	
9.42	9.8335 19.93 3.16723	
9.43	9.83543 19.9299 3.16558	
9.44	9.83447 19.9298 3.16568	
9.45	9.8335 19.93 3.16723	
9.46	9.8335 19.93 3.16723	
9.47	9.83471 19.9302 3.1673	
9.48	9.8335 19.93 3.16723	
9.49	9.8335 19.93 3.16723	
9.5	9.83471 19.9302 3.1673	
9.51	9.8335 19.93 3.16723	
9.52	9.83568 19.93 3.16576	
9.53	9.8335 19.93 3.16723	
9.54	9.83471 19.9302 3.1673	
9.55	9.8335 19.93 3.16723	
9.56	9.83447 19.9298 3.16568	
9.57	9.83471 19.9302 3.1673	
9.58	9.8335 19.93 3.16723	
9.59	9.83568 19.93 3.16576	
9.6	9.83592 19.9304 3.16738	
9.61	9.83567 19.9303 3.1672	
9.62	9.8335 19.93 3.16723	
9.63	9.83447 19.9298 3.16568	
9.64	9.8335 19.93 3.16723	
9.65	9.8335 19.93 3.16723	
9.66	9.83472 19.9299 3.16587	
9.67	9.83447 19.9298 3.16568	
9.68	9.83593 19.9301 3.16594	
9.69	9.83447 19.9298 3.16568	
9.7	9.83471 19.9302 3.1673	
9.71	9.83568 19.93 3.16576	
9.72	9.83472 19.9299 3.16587	
9.73	9.83568 19.93 3.16576	
9.74	9.83568 19.93 3.16576	
9.75	9.83375 19.9301 3.16741	
9.76	9.83568 19.93 3.16576	
9.77	9.83472 19.9299 3.16587	
9.78	9.83471 19.9302 3.1673	
9.79	9.83568 19.93 3.16576	
9.8	9.83568 19.93 3.16576	
9.81	9.83568 19.93 3.16576	
9.82	9.83471 19.9302 3.1673	
9.83	9.83568 19.93 3.16576	
9.84	9.83496 19.9303 3.16749	
9.85	9.83568 19.93 3.16576	
9.86	9.83472 19.9299 3.16587	
9.87	9.83471 19.9302 3.1673	
9.88	9.8335 19.93 3.16723	
9.89	9.83471 19.9302 3.1673	
9.9	9.83472 19.9299 3.16587	
9.91	9.83472 19.9299 3.16587	
9.92	9.83496 19.9303 3.16749	
9.93	9.83447 19.9298 3.16568	
9.94	9.83472 19.9299 3.16587	
9.95	9.83471 19.9302 3.1673	
9.96	9.83471 19.9302 3.1673	
