$MeshFormat
2.2 0 8
$EndMeshFormat
$Nodes
336
1 0 0 10
2 0 0 0
3 0 10 10
4 0 10 0
5 10 0 10
6 10 0 0
7 10 10 10
8 10 10 0
9 0 0 1.666666666666662
10 0 0 3.333333333333323
11 0 0 4.999999999999986
12 0 0 6.666666666666647
13 0 0 8.333333333333321
14 0 1.666666666666662 10
15 0 3.333333333333323 10
16 0 4.999999999999986 10
17 0 6.666666666666647 10
18 0 8.333333333333321 10
19 0 10 1.666666666666662
20 0 10 3.333333333333323
21 0 10 4.999999999999986
22 0 10 6.666666666666647
23 0 10 8.333333333333321
24 0 1.666666666666662 0
25 0 3.333333333333323 0
26 0 4.999999999999986 0
27 0 6.666666666666647 0
28 0 8.333333333333321 0
29 10 0 1.666666666666662
30 10 0 3.333333333333323
31 10 0 4.999999999999986
32 10 0 6.666666666666647
33 10 0 8.333333333333321
34 10 1.666666666666662 10
35 10 3.333333333333323 10
36 10 4.999999999999986 10
37 10 6.666666666666647 10
38 10 8.333333333333321 10
39 10 10 1.666666666666662
40 10 10 3.333333333333323
41 10 10 4.999999999999986
42 10 10 6.666666666666647
43 10 10 8.333333333333321
44 10 1.666666666666662 0
45 10 3.333333333333323 0
46 10 4.999999999999986 0
47 10 6.666666666666647 0
48 10 8.333333333333321 0
49 1.666666666666662 0 0
50 3.333333333333323 0 0
51 4.999999999999986 0 0
52 6.666666666666647 0 0
53 8.333333333333321 0 0
54 1.666666666666662 0 10
55 3.333333333333323 0 10
56 4.999999999999986 0 10
57 6.666666666666647 0 10
58 8.333333333333321 0 10
59 1.666666666666662 10 0
60 3.333333333333323 10 0
61 4.999999999999986 10 0
62 6.666666666666647 10 0
63 8.333333333333321 10 0
64 1.666666666666662 10 10
65 3.333333333333323 10 10
66 4.999999999999986 10 10
67 6.666666666666647 10 10
68 8.333333333333321 10 10
69 0 5.815109568340524 1.508426476087526
70 0 8.506173125074282 5.977876091177628
71 0 1.493826874925712 5.977876091177626
72 0 5.833333333333316 8.55662432702594
73 0 2.62374225284756 1.513080901435646
74 0 2.507062282134787 8.588713258240283
75 0 8.611620212026558 2.477062749977592
76 0 7.492937717865185 8.588713258240283
77 0 6.925646466622741 6.975287124464878
78 0 5.043163299992671 7.090255065787379
79 0 5.833333333333321 5.669872981077818
80 0 4.222204468242289 5.638129342155493
81 0 5.009256300262594 4.25063584221011
82 0 3.399105658185377 4.212660308626626
83 0 6.66666666666665 4.226497308103756
84 0 4.199000080986993 2.722221709498883
85 0 3.088453690744141 6.967467520581044
86 0 8.318012084636081 4.209213154057613
87 0 1.691750301123362 4.220429753551874
88 0 4.134224323256371 8.533843361939105
89 0 8.613549960618434 7.514957068082696
90 0 7.528831044824418 1.369493419813703
91 0 1.388128629544284 7.514026162858428
92 0 1.39278356241809 2.555622040077319
93 0 5.784344142880588 3.131019839180583
94 0 4.194237047101677 1.148745817404411
95 0 2.661276371112276 3.044802942638069
96 0 7.120763953229137 2.820285491203462
97 0 7.209936490538897 5.502404735808367
98 0 2.779068198644177 5.403312603218533
99 0 8.779915320718526 8.779915320718526
100 0 1.220084679281459 1.220084679281459
101 0 1.220084679281455 8.779915320718541
102 0 8.779915320718542 1.220084679281456
103 10 8.506173125074282 5.977876091177628
104 10 1.493826874925712 5.977876091177626
105 10 5.815109568340524 1.508426476087526
106 10 5.833333333333316 8.55662432702594
107 10 2.62374225284756 1.513080901435646
108 10 2.507062282134787 8.588713258240283
109 10 8.611620212026558 2.477062749977592
110 10 7.492937717865185 8.588713258240283
111 10 6.925646466622741 6.975287124464878
112 10 5.043163299992671 7.090255065787379
113 10 5.833333333333321 5.669872981077818
114 10 4.222204468242289 5.638129342155493
115 10 5.009256300262594 4.25063584221011
116 10 3.399105658185377 4.212660308626626
117 10 6.66666666666665 4.226497308103756
118 10 4.199000080986993 2.722221709498883
119 10 3.088453690744141 6.967467520581044
120 10 8.318012084636081 4.209213154057613
121 10 1.691750301123362 4.220429753551874
122 10 4.134224323256371 8.533843361939105
123 10 8.613549960618434 7.514957068082696
124 10 7.528831044824418 1.369493419813703
125 10 1.388128629544284 7.514026162858428
126 10 1.39278356241809 2.555622040077319
127 10 5.784344142880588 3.131019839180583
128 10 4.194237047101677 1.148745817404411
129 10 2.661276371112276 3.044802942638069
130 10 7.120763953229137 2.820285491203462
131 10 7.209936490538897 5.502404735808367
132 10 2.779068198644177 5.403312603218533
133 10 8.779915320718526 8.779915320718526
134 10 1.220084679281459 1.220084679281459
135 10 1.220084679281455 8.779915320718541
136 10 8.779915320718542 1.220084679281456
137 5.977876091177627 0 8.50617312507428
138 5.977876091177626 0 1.493826874925712
139 1.508426476087526 0 5.815109568340524
140 8.55662432702594 0 5.833333333333316
141 1.513080901435646 0 2.62374225284756
142 2.477062749977592 0 8.611620212026557
143 8.588713258240283 0 2.507062282134787
144 8.588713258240283 0 7.492937717865185
145 6.975287124464878 0 6.925646466622741
146 7.090255065787379 0 5.043163299992671
147 5.669872981077818 0 5.833333333333321
148 5.638129342155493 0 4.222204468242289
149 4.25063584221011 0 5.009256300262594
150 4.212660308626626 0 3.399105658185377
151 4.226497308103756 0 6.66666666666665
152 2.722221709498883 0 4.199000080986993
153 6.967467520581044 0 3.088453690744141
154 4.220429753551874 0 1.691750301123362
155 4.209213154057612 0 8.318012084636081
156 8.533843361939105 0 4.134224323256371
157 7.514957068082696 0 8.61354996061843
158 7.514026162858428 0 1.388128629544284
159 1.369493419813703 0 7.528831044824418
160 2.555622040077319 0 1.39278356241809
161 3.131019839180583 0 5.784344142880589
162 1.148745817404411 0 4.194237047101677
163 3.044802942638069 0 2.661276371112276
164 2.820285491203461 0 7.120763953229134
165 5.502404735808367 0 7.209936490538897
166 5.403312603218533 0 2.779068198644177
167 8.779915320718526 0 8.779915320718526
168 1.220084679281459 0 1.220084679281459
169 8.779915320718541 0 1.220084679281455
170 1.220084679281456 0 8.779915320718542
171 1.508426476087526 10 5.815109568340524
172 5.977876091177626 10 1.493826874925712
173 5.977876091177627 10 8.50617312507428
174 8.55662432702594 10 5.833333333333316
175 1.513080901435646 10 2.62374225284756
176 8.588713258240283 10 2.507062282134787
177 2.477062749977592 10 8.611620212026558
178 8.588713258240283 10 7.492937717865185
179 6.975287124464878 10 6.925646466622741
180 7.090255065787379 10 5.043163299992671
181 5.669872981077818 10 5.833333333333321
182 5.638129342155493 10 4.222204468242289
183 4.25063584221011 10 5.009256300262594
184 4.212660308626626 10 3.399105658185377
185 4.226497308103756 10 6.66666666666665
186 2.722221709498883 10 4.199000080986993
187 6.967467520581044 10 3.088453690744141
188 4.220429753551874 10 1.691750301123362
189 4.209213154057613 10 8.318012084636081
190 8.533843361939105 10 4.134224323256371
191 7.514957068082696 10 8.61354996061843
192 1.369493419813703 10 7.528831044824418
193 7.514026162858428 10 1.388128629544284
194 2.555622040077319 10 1.39278356241809
195 3.131019839180583 10 5.784344142880588
196 1.148745817404411 10 4.194237047101677
197 3.044802942638069 10 2.661276371112276
198 2.820285491203462 10 7.120763953229137
199 5.502404735808367 10 7.209936490538897
200 5.403312603218533 10 2.779068198644177
201 8.779915320718526 10 8.779915320718526
202 1.220084679281459 10 1.220084679281459
203 8.779915320718541 10 1.220084679281455
204 1.220084679281456 10 8.779915320718542
205 5.977876091177626 1.49382687492571 0
206 1.508426476087526 5.815109568340525 0
207 8.55662432702594 5.833333333333315 0
208 5.977876091177628 8.50617312507428 0
209 1.513080901435647 2.62374225284756 0
210 2.477062749977592 8.611620212026557 0
211 8.588713258240283 2.507062282134787 0
212 8.588713258240279 7.492937717865191 0
213 6.975287124464878 6.925646466622741 0
214 7.090255065787376 5.043163299992668 0
215 5.669872981077817 5.833333333333316 0
216 5.638129342155492 4.222204468242285 0
217 4.25063584221011 5.00925630026259 0
218 4.212660308626626 3.399105658185375 0
219 4.22649730810376 6.666666666666647 0
220 2.722221709498883 4.199000080986991 0
221 6.967467520581043 3.08845369074414 0
222 4.209213154057616 8.318012084636081 0
223 4.220429753551874 1.691750301123361 0
224 8.533843361939105 4.13422432325637 0
225 7.514957068082694 8.613549960618434 0
226 7.514026162858428 1.388128629544284 0
227 1.369493419813703 7.528831044824418 0
228 2.55562204007732 1.39278356241809 0
229 1.148745817404411 4.194237047101677 0
230 3.131019839180585 5.784344142880587 0
231 3.04480294263807 2.661276371112276 0
232 2.820285491203463 7.120763953229134 0
233 5.502404735808375 7.209936490538893 0
234 5.403312603218533 2.779068198644175 0
235 8.779915320718532 8.779915320718532 0
236 1.220084679281459 1.220084679281459 0
237 1.220084679281455 8.779915320718541 0
238 8.779915320718542 1.220084679281456 0
239 5.977876091177626 1.49382687492571 10
240 1.508426476087526 5.815109568340525 10
241 8.55662432702594 5.833333333333315 10
242 5.977876091177628 8.50617312507428 10
243 2.45879829473358 1.356302602983094 10
244 2.477062749977592 8.611620212026557 10
245 8.588713258240283 2.507062282134787 10
246 8.588713258240279 7.492937717865191 10
247 6.975287124464878 6.925646466622741 10
248 7.090255065787376 5.043163299992668 10
249 5.669872981077817 5.833333333333316 10
250 5.638129342155492 4.222204468242285 10
251 4.25063584221011 5.00925630026259 10
252 4.22649730810376 6.666666666666647 10
253 4.213699392000606 3.400905403382409 10
254 2.835712984850786 4.404659175556338 10
255 6.967467520581043 3.08845369074414 10
256 4.209213154057616 8.318012084636081 10
257 4.203907139583829 1.687852027634297 10
258 8.533843361939105 4.13422432325637 10
259 7.514957068082694 8.613549960618434 10
260 7.514026162858428 1.388128629544284 10
261 1.369493419813703 7.528831044824418 10
262 1.31307267140649 2.418072307765989 10
263 1.351634612227939 4.059952396911894 10
264 3.153718094250966 5.825475961794456 10
265 2.833193598962173 2.83207576000983 10
266 2.824068533715193 7.127619256381445 10
267 5.502404735808375 7.209936490538893 10
268 5.40021589709972 2.778648492985769 10
269 8.779915320718532 8.779915320718532 10
270 1.220084679281455 8.779915320718541 10
271 8.779915320718542 1.220084679281456 10
272 1.211598774258424 1.211598774258424 10
273 5.000000000000001 5 5
274 3.155115321988377 3.155115321988377 3.155115321988377
275 3.627546334010084 6.972068679270663 3.032067128237916
276 3.545771591559443 6.959478876127025 6.959478876127026
277 6.184444016087321 2.938543852255781 2.938543852255781
278 3.554760083731572 3.040494911491778 6.963571812718174
279 7.074081846880389 6.554435877692259 3.413830473111723
280 7.022015664042403 2.990064332815416 6.174253408332146
281 6.683299115820027 6.874184274594351 6.874184274594352
282 2.462888986131917 5.559866554671374 4.879793026096172
283 5.138209818055975 4.957428357715176 7.593987337182192
284 5.148752312231762 7.613280444219187 4.976013718357272
285 5.136962905615707 5.116964945519335 2.327785287585633
286 4.756817223286647 2.419296014339611 4.891815121031406
287 2.187454949575266 5.19662041889751 2.597972150898404
288 7.788841498828321 5.037041615765046 5.183370217440706
289 2.459767378357528 2.128072461323809 5.124093939746878
290 5.588976097592498 7.797876827539435 2.204672238337142
291 5.550624496490013 2.230377627984685 7.770993354594997
292 2.308162915435521 7.88242062944582 5.190030354207835
293 2.340270992051483 4.997989536016078 7.706324577534626
294 7.516439433364951 4.784065969888771 7.667060696284287
295 7.943294868486577 2.056705131513419 7.943294868486576
296 7.830521532314239 7.839097854279778 5.147564827626782
297 2.01211551855598 7.979355106376493 2.012115518555981
298 7.971117533605643 7.970738835378775 2.029261164621221
299 5.172770041000457 7.987901320812905 7.987901320812906
300 7.717471539210863 4.601832665094974 2.239811699468516
301 7.957902796143641 2.037366360954802 2.037366360954803
302 2.000995259663936 2.011345202260792 8.015008882188747
303 1.996558844895669 7.995267802169388 8.009072663981701
304 8.029652489786294 8.029652489786294 8.02965248978629
305 8.195453908519003 2.527878556968608 4.189285758488468
306 1.950707081928221 1.937421605607021 1.93742160560702
307 4.549177306743116 2.592098072999611 1.814615922700735
308 1.98709493164102 3.914819107563989 5.991136947222534
309 1.798194274138763 6.797940263425016 3.57648957213136
310 3.447448689915289 3.966871633082398 4.818352659984879
311 1.750170018590193 4.05057313239404 4.020416746539706
312 3.632101253509916 5.125177790758914 6.315876631115713
313 6.450230656108537 4.729357494131731 3.720307384652384
314 5.203466905523202 3.623611327457177 6.267595259491288
315 1.77459390494516 6.498175345219431 6.399443475876189
316 3.856599626709433 5.263431645234471 3.610749089604294
317 3.567617804767905 4.276824374492862 1.689699095775094
318 6.471563596788597 8.312615450321614 3.805939398060448
319 6.377764914679085 6.233473180844999 5.099574525850828
320 6.432412479635303 6.248230099961741 1.637378030615255
321 1.674390826982083 3.715938192230589 1.674390826982083
322 3.721461484446394 8.410291609606961 4.157100351752181
323 5.26668060748789 6.418183705625943 3.605010315941211
324 3.889448366594648 8.397220939393293 5.963916343076389
325 4.911235299541023 1.643171384861267 3.28735474381294
326 3.908512854869666 5.967536960816569 8.393301372359907
327 3.842056172931196 6.022757729260636 1.579487311751256
328 4.761740340097877 3.734722453135324 3.645251580193021
329 8.354538706160005 6.443566774274283 6.229907241690831
330 6.35724169270676 1.67296433067723 4.409489172575503
331 5.052995672251319 6.224998666782529 6.313439216196533
332 3.821982526618828 4.21450092377373 8.491713545983387
333 1.628322760503706 2.357247317888432 3.603503875732397
334 3.804440715734663 1.573200582867995 6.069460476534078
335 8.488210816123907 6.313104525208849 2.375902086962459
336 1.86530355282431 8.524496473787138 3.646645734297253
$EndNodes
$Elements
1722
1 15 2 0 1 1
2 15 2 0 2 2
3 15 2 0 3 3
4 15 2 0 4 4
5 15 2 0 5 5
6 15 2 0 6 6
7 15 2 0 7 7
8 15 2 0 8 8
9 1 2 0 1 2 9
10 1 2 0 1 9 10
11 1 2 0 1 10 11
12 1 2 0 1 11 12
13 1 2 0 1 12 13
14 1 2 0 1 13 1
15 1 2 0 2 1 14
16 1 2 0 2 14 15
17 1 2 0 2 15 16
18 1 2 0 2 16 17
19 1 2 0 2 17 18
20 1 2 0 2 18 3
21 1 2 0 3 4 19
22 1 2 0 3 19 20
23 1 2 0 3 20 21
24 1 2 0 3 21 22
25 1 2 0 3 22 23
26 1 2 0 3 23 3
27 1 2 0 4 2 24
28 1 2 0 4 24 25
29 1 2 0 4 25 26
30 1 2 0 4 26 27
31 1 2 0 4 27 28
32 1 2 0 4 28 4
33 1 2 0 5 6 29
34 1 2 0 5 29 30
35 1 2 0 5 30 31
36 1 2 0 5 31 32
37 1 2 0 5 32 33
38 1 2 0 5 33 5
39 1 2 0 6 5 34
40 1 2 0 6 34 35
41 1 2 0 6 35 36
42 1 2 0 6 36 37
43 1 2 0 6 37 38
44 1 2 0 6 38 7
45 1 2 0 7 8 39
46 1 2 0 7 39 40
47 1 2 0 7 40 41
48 1 2 0 7 41 42
49 1 2 0 7 42 43
50 1 2 0 7 43 7
51 1 2 0 8 6 44
52 1 2 0 8 44 45
53 1 2 0 8 45 46
54 1 2 0 8 46 47
55 1 2 0 8 47 48
56 1 2 0 8 48 8
57 1 2 0 9 2 49
58 1 2 0 9 49 50
59 1 2 0 9 50 51
60 1 2 0 9 51 52
61 1 2 0 9 52 53
62 1 2 0 9 53 6
63 1 2 0 10 1 54
64 1 2 0 10 54 55
65 1 2 0 10 55 56
66 1 2 0 10 56 57
67 1 2 0 10 57 58
68 1 2 0 10 58 5
69 1 2 0 11 4 59
70 1 2 0 11 59 60
71 1 2 0 11 60 61
72 1 2 0 11 61 62
73 1 2 0 11 62 63
74 1 2 0 11 63 8
75 1 2 0 12 3 64
76 1 2 0 12 64 65
77 1 2 0 12 65 66
78 1 2 0 12 66 67
79 1 2 0 12 67 68
80 1 2 0 12 68 7
81 2 2 0 1 13 1 101
82 2 2 0 1 1 14 101
83 2 2 0 1 2 9 100
84 2 2 0 1 24 2 100
85 2 2 0 1 18 3 99
86 2 2 0 1 3 23 99
87 2 2 0 1 19 4 102
88 2 2 0 1 4 28 102
89 2 2 0 1 9 10 92
90 2 2 0 1 9 92 100
91 2 2 0 1 10 11 87
92 2 2 0 1 10 87 92
93 2 2 0 1 11 12 71
94 2 2 0 1 11 71 87
95 2 2 0 1 12 13 91
96 2 2 0 1 71 12 91
97 2 2 0 1 91 13 101
98 2 2 0 1 14 15 74
99 2 2 0 1 14 74 101
100 2 2 0 1 15 16 88
101 2 2 0 1 74 15 88
102 2 2 0 1 16 17 72
103 2 2 0 1 16 72 88
104 2 2 0 1 17 18 76
105 2 2 0 1 72 17 76
106 2 2 0 1 76 18 99
107 2 2 0 1 20 19 75
108 2 2 0 1 75 19 102
109 2 2 0 1 21 20 86
110 2 2 0 1 20 75 86
111 2 2 0 1 22 21 70
112 2 2 0 1 70 21 86
113 2 2 0 1 23 22 89
114 2 2 0 1 22 70 89
115 2 2 0 1 23 89 99
116 2 2 0 1 25 24 73
117 2 2 0 1 73 24 100
118 2 2 0 1 26 25 94
119 2 2 0 1 25 73 94
120 2 2 0 1 27 26 69
121 2 2 0 1 69 26 94
122 2 2 0 1 28 27 90
123 2 2 0 1 27 69 90
124 2 2 0 1 28 90 102
125 2 2 0 1 69 84 93
126 2 2 0 1 84 69 94
127 2 2 0 1 90 69 96
128 2 2 0 1 69 93 96
129 2 2 0 1 70 77 89
130 2 2 0 1 77 70 97
131 2 2 0 1 70 86 97
132 2 2 0 1 85 71 91
133 2 2 0 1 71 85 98
134 2 2 0 1 87 71 98
135 2 2 0 1 72 76 77
136 2 2 0 1 72 77 78
137 2 2 0 1 72 78 88
138 2 2 0 1 73 84 94
139 2 2 0 1 84 73 95
140 2 2 0 1 73 92 95
141 2 2 0 1 92 73 100
142 2 2 0 1 85 74 88
143 2 2 0 1 74 85 91
144 2 2 0 1 74 91 101
145 2 2 0 1 86 75 96
146 2 2 0 1 75 90 96
147 2 2 0 1 90 75 102
148 2 2 0 1 77 76 89
149 2 2 0 1 89 76 99
150 2 2 0 1 78 77 79
151 2 2 0 1 79 77 97
152 2 2 0 1 78 79 80
153 2 2 0 1 78 80 85
154 2 2 0 1 78 85 88
155 2 2 0 1 80 79 81
156 2 2 0 1 81 79 83
157 2 2 0 1 83 79 97
158 2 2 0 1 80 81 82
159 2 2 0 1 80 82 98
160 2 2 0 1 85 80 98
161 2 2 0 1 82 81 84
162 2 2 0 1 81 83 93
163 2 2 0 1 84 81 93
164 2 2 0 1 82 84 95
165 2 2 0 1 87 82 95
166 2 2 0 1 82 87 98
167 2 2 0 1 83 86 96
168 2 2 0 1 86 83 97
169 2 2 0 1 93 83 96
170 2 2 0 1 92 87 95
171 2 2 0 2 33 135 5
172 2 2 0 2 5 135 34
173 2 2 0 2 6 134 29
174 2 2 0 2 44 134 6
175 2 2 0 2 38 133 7
176 2 2 0 2 7 133 43
177 2 2 0 2 39 136 8
178 2 2 0 2 8 136 48
179 2 2 0 2 29 126 30
180 2 2 0 2 29 134 126
181 2 2 0 2 30 121 31
182 2 2 0 2 30 126 121
183 2 2 0 2 31 104 32
184 2 2 0 2 31 121 104
185 2 2 0 2 32 125 33
186 2 2 0 2 104 125 32
187 2 2 0 2 125 135 33
188 2 2 0 2 34 108 35
189 2 2 0 2 34 135 108
190 2 2 0 2 35 122 36
191 2 2 0 2 108 122 35
192 2 2 0 2 36 106 37
193 2 2 0 2 36 122 106
194 2 2 0 2 37 110 38
195 2 2 0 2 106 110 37
196 2 2 0 2 110 133 38
197 2 2 0 2 40 109 39
198 2 2 0 2 109 136 39
199 2 2 0 2 41 120 40
200 2 2 0 2 40 120 109
201 2 2 0 2 42 103 41
202 2 2 0 2 103 120 41
203 2 2 0 2 43 123 42
204 2 2 0 2 42 123 103
205 2 2 0 2 43 133 123
206 2 2 0 2 45 107 44
207 2 2 0 2 107 134 44
208 2 2 0 2 46 128 45
209 2 2 0 2 45 128 107
210 2 2 0 2 47 105 46
211 2 2 0 2 105 128 46
212 2 2 0 2 48 124 47
213 2 2 0 2 47 124 105
214 2 2 0 2 48 136 124
215 2 2 0 2 103 123 111
216 2 2 0 2 111 131 103
217 2 2 0 2 103 131 120
218 2 2 0 2 119 125 104
219 2 2 0 2 104 132 119
220 2 2 0 2 121 132 104
221 2 2 0 2 105 127 118
222 2 2 0 2 118 128 105
223 2 2 0 2 124 130 105
224 2 2 0 2 105 130 127
225 2 2 0 2 106 111 110
226 2 2 0 2 106 112 111
227 2 2 0 2 106 122 112
228 2 2 0 2 107 128 118
229 2 2 0 2 118 129 107
230 2 2 0 2 107 129 126
231 2 2 0 2 126 134 107
232 2 2 0 2 119 122 108
233 2 2 0 2 108 125 119
234 2 2 0 2 108 135 125
235 2 2 0 2 120 130 109
236 2 2 0 2 109 130 124
237 2 2 0 2 124 136 109
238 2 2 0 2 111 123 110
239 2 2 0 2 123 133 110
240 2 2 0 2 112 113 111
241 2 2 0 2 113 131 111
242 2 2 0 2 112 114 113
243 2 2 0 2 112 119 114
244 2 2 0 2 112 122 119
245 2 2 0 2 114 115 113
246 2 2 0 2 115 117 113
247 2 2 0 2 117 131 113
248 2 2 0 2 114 116 115
249 2 2 0 2 114 132 116
250 2 2 0 2 119 132 114
251 2 2 0 2 116 118 115
252 2 2 0 2 115 127 117
253 2 2 0 2 118 127 115
254 2 2 0 2 116 129 118
255 2 2 0 2 121 129 116
256 2 2 0 2 116 132 121
257 2 2 0 2 117 130 120
258 2 2 0 2 120 131 117
259 2 2 0 2 127 130 117
260 2 2 0 2 126 129 121
261 2 2 0 3 1 13 170
262 2 2 0 3 54 1 170
263 2 2 0 3 9 2 168
264 2 2 0 3 2 49 168
265 2 2 0 3 33 5 167
266 2 2 0 3 5 58 167
267 2 2 0 3 6 29 169
268 2 2 0 3 53 6 169
269 2 2 0 3 10 9 141
270 2 2 0 3 141 9 168
271 2 2 0 3 11 10 162
272 2 2 0 3 10 141 162
273 2 2 0 3 12 11 139
274 2 2 0 3 139 11 162
275 2 2 0 3 13 12 159
276 2 2 0 3 12 139 159
277 2 2 0 3 13 159 170
278 2 2 0 3 29 30 143
279 2 2 0 3 29 143 169
280 2 2 0 3 30 31 156
281 2 2 0 3 143 30 156
282 2 2 0 3 31 32 140
283 2 2 0 3 31 140 156
284 2 2 0 3 32 33 144
285 2 2 0 3 140 32 144
286 2 2 0 3 144 33 167
287 2 2 0 3 49 50 160
288 2 2 0 3 49 160 168
289 2 2 0 3 50 51 154
290 2 2 0 3 50 154 160
291 2 2 0 3 51 52 138
292 2 2 0 3 51 138 154
293 2 2 0 3 52 53 158
294 2 2 0 3 138 52 158
295 2 2 0 3 158 53 169
296 2 2 0 3 55 54 142
297 2 2 0 3 142 54 170
298 2 2 0 3 56 55 155
299 2 2 0 3 55 142 155
300 2 2 0 3 57 56 137
301 2 2 0 3 137 56 155
302 2 2 0 3 58 57 157
303 2 2 0 3 57 137 157
304 2 2 0 3 58 157 167
305 2 2 0 3 137 145 157
306 2 2 0 3 145 137 165
307 2 2 0 3 137 155 165
308 2 2 0 3 153 138 158
309 2 2 0 3 138 153 166
310 2 2 0 3 154 138 166
311 2 2 0 3 139 152 161
312 2 2 0 3 152 139 162
313 2 2 0 3 159 139 164
314 2 2 0 3 139 161 164
315 2 2 0 3 140 144 145
316 2 2 0 3 140 145 146
317 2 2 0 3 140 146 156
318 2 2 0 3 141 152 162
319 2 2 0 3 152 141 163
320 2 2 0 3 141 160 163
321 2 2 0 3 160 141 168
322 2 2 0 3 155 142 164
323 2 2 0 3 142 159 164
324 2 2 0 3 159 142 170
325 2 2 0 3 153 143 156
326 2 2 0 3 143 153 158
327 2 2 0 3 143 158 169
328 2 2 0 3 145 144 157
329 2 2 0 3 157 144 167
330 2 2 0 3 146 145 147
331 2 2 0 3 147 145 165
332 2 2 0 3 146 147 148
333 2 2 0 3 146 148 153
334 2 2 0 3 146 153 156
335 2 2 0 3 148 147 149
336 2 2 0 3 149 147 151
337 2 2 0 3 151 147 165
338 2 2 0 3 148 149 150
339 2 2 0 3 148 150 166
340 2 2 0 3 153 148 166
341 2 2 0 3 150 149 152
342 2 2 0 3 149 151 161
343 2 2 0 3 152 149 161
344 2 2 0 3 150 152 163
345 2 2 0 3 154 150 163
346 2 2 0 3 150 154 166
347 2 2 0 3 151 155 164
348 2 2 0 3 155 151 165
349 2 2 0 3 161 151 164
350 2 2 0 3 160 154 163
351 2 2 0 4 3 204 23
352 2 2 0 4 64 204 3
353 2 2 0 4 19 202 4
354 2 2 0 4 4 202 59
355 2 2 0 4 43 201 7
356 2 2 0 4 7 201 68
357 2 2 0 4 8 203 39
358 2 2 0 4 63 203 8
359 2 2 0 4 20 175 19
360 2 2 0 4 175 202 19
361 2 2 0 4 21 196 20
362 2 2 0 4 20 196 175
363 2 2 0 4 22 171 21
364 2 2 0 4 171 196 21
365 2 2 0 4 23 192 22
366 2 2 0 4 22 192 171
367 2 2 0 4 23 204 192
368 2 2 0 4 39 176 40
369 2 2 0 4 39 203 176
370 2 2 0 4 40 190 41
371 2 2 0 4 176 190 40
372 2 2 0 4 41 174 42
373 2 2 0 4 41 190 174
374 2 2 0 4 42 178 43
375 2 2 0 4 174 178 42
376 2 2 0 4 178 201 43
377 2 2 0 4 59 194 60
378 2 2 0 4 59 202 194
379 2 2 0 4 60 188 61
380 2 2 0 4 60 194 188
381 2 2 0 4 61 172 62
382 2 2 0 4 61 188 172
383 2 2 0 4 62 193 63
384 2 2 0 4 172 193 62
385 2 2 0 4 193 203 63
386 2 2 0 4 65 177 64
387 2 2 0 4 177 204 64
388 2 2 0 4 66 189 65
389 2 2 0 4 65 189 177
390 2 2 0 4 67 173 66
391 2 2 0 4 173 189 66
392 2 2 0 4 68 191 67
393 2 2 0 4 67 191 173
394 2 2 0 4 68 201 191
395 2 2 0 4 171 195 186
396 2 2 0 4 186 196 171
397 2 2 0 4 192 198 171
398 2 2 0 4 171 198 195
399 2 2 0 4 187 193 172
400 2 2 0 4 172 200 187
401 2 2 0 4 188 200 172
402 2 2 0 4 173 191 179
403 2 2 0 4 179 199 173
404 2 2 0 4 173 199 189
405 2 2 0 4 174 179 178
406 2 2 0 4 174 180 179
407 2 2 0 4 174 190 180
408 2 2 0 4 175 196 186
409 2 2 0 4 186 197 175
410 2 2 0 4 175 197 194
411 2 2 0 4 194 202 175
412 2 2 0 4 187 190 176
413 2 2 0 4 176 193 187
414 2 2 0 4 176 203 193
415 2 2 0 4 189 198 177
416 2 2 0 4 177 198 192
417 2 2 0 4 192 204 177
418 2 2 0 4 179 191 178
419 2 2 0 4 191 201 178
420 2 2 0 4 180 181 179
421 2 2 0 4 181 199 179
422 2 2 0 4 180 182 181
423 2 2 0 4 180 187 182
424 2 2 0 4 180 190 187
425 2 2 0 4 182 183 181
426 2 2 0 4 183 185 181
427 2 2 0 4 185 199 181
428 2 2 0 4 182 184 183
429 2 2 0 4 182 200 184
430 2 2 0 4 187 200 182
431 2 2 0 4 184 186 183
432 2 2 0 4 183 195 185
433 2 2 0 4 186 195 183
434 2 2 0 4 184 197 186
435 2 2 0 4 188 197 184
436 2 2 0 4 184 200 188
437 2 2 0 4 185 198 189
438 2 2 0 4 189 199 185
439 2 2 0 4 195 198 185
440 2 2 0 4 194 197 188
441 2 2 0 5 2 24 236
442 2 2 0 5 49 2 236
443 2 2 0 5 28 4 237
444 2 2 0 5 4 59 237
445 2 2 0 5 44 6 238
446 2 2 0 5 6 53 238
447 2 2 0 5 8 48 235
448 2 2 0 5 63 8 235
449 2 2 0 5 24 25 209
450 2 2 0 5 24 209 236
451 2 2 0 5 25 26 229
452 2 2 0 5 209 25 229
453 2 2 0 5 26 27 206
454 2 2 0 5 26 206 229
455 2 2 0 5 27 28 227
456 2 2 0 5 206 27 227
457 2 2 0 5 227 28 237
458 2 2 0 5 45 44 211
459 2 2 0 5 211 44 238
460 2 2 0 5 46 45 224
461 2 2 0 5 45 211 224
462 2 2 0 5 47 46 207
463 2 2 0 5 207 46 224
464 2 2 0 5 48 47 212
465 2 2 0 5 47 207 212
466 2 2 0 5 48 212 235
467 2 2 0 5 50 49 228
468 2 2 0 5 228 49 236
469 2 2 0 5 51 50 223
470 2 2 0 5 223 50 228
471 2 2 0 5 52 51 205
472 2 2 0 5 205 51 223
473 2 2 0 5 53 52 226
474 2 2 0 5 52 205 226
475 2 2 0 5 53 226 238
476 2 2 0 5 59 60 210
477 2 2 0 5 59 210 237
478 2 2 0 5 60 61 222
479 2 2 0 5 210 60 222
480 2 2 0 5 61 62 208
481 2 2 0 5 61 208 222
482 2 2 0 5 62 63 225
483 2 2 0 5 208 62 225
484 2 2 0 5 225 63 235
485 2 2 0 5 205 221 226
486 2 2 0 5 221 205 234
487 2 2 0 5 205 223 234
488 2 2 0 5 206 220 229
489 2 2 0 5 220 206 230
490 2 2 0 5 206 227 232
491 2 2 0 5 230 206 232
492 2 2 0 5 212 207 213
493 2 2 0 5 213 207 214
494 2 2 0 5 214 207 224
495 2 2 0 5 213 208 225
496 2 2 0 5 208 213 233
497 2 2 0 5 222 208 233
498 2 2 0 5 220 209 229
499 2 2 0 5 209 220 231
500 2 2 0 5 228 209 231
501 2 2 0 5 209 228 236
502 2 2 0 5 210 222 232
503 2 2 0 5 227 210 232
504 2 2 0 5 210 227 237
505 2 2 0 5 211 221 224
506 2 2 0 5 221 211 226
507 2 2 0 5 226 211 238
508 2 2 0 5 212 213 225
509 2 2 0 5 212 225 235
510 2 2 0 5 213 214 215
511 2 2 0 5 213 215 233
512 2 2 0 5 215 214 216
513 2 2 0 5 216 214 221
514 2 2 0 5 221 214 224
515 2 2 0 5 215 216 217
516 2 2 0 5 215 217 219
517 2 2 0 5 215 219 233
518 2 2 0 5 217 216 218
519 2 2 0 5 218 216 234
520 2 2 0 5 216 221 234
521 2 2 0 5 217 218 220
522 2 2 0 5 219 217 230
523 2 2 0 5 217 220 230
524 2 2 0 5 220 218 231
525 2 2 0 5 218 223 231
526 2 2 0 5 223 218 234
527 2 2 0 5 222 219 232
528 2 2 0 5 219 222 233
529 2 2 0 5 219 230 232
530 2 2 0 5 223 228 231
531 2 2 0 6 1 272 14
532 2 2 0 6 54 272 1
533 2 2 0 6 18 270 3
534 2 2 0 6 3 270 64
535 2 2 0 6 34 271 5
536 2 2 0 6 5 271 58
537 2 2 0 6 7 269 38
538 2 2 0 6 68 269 7
539 2 2 0 6 14 262 15
540 2 2 0 6 14 272 262
541 2 2 0 6 15 263 16
542 2 2 0 6 262 263 15
543 2 2 0 6 16 240 17
544 2 2 0 6 16 263 240
545 2 2 0 6 17 261 18
546 2 2 0 6 240 261 17
547 2 2 0 6 261 270 18
548 2 2 0 6 35 245 34
549 2 2 0 6 245 271 34
550 2 2 0 6 36 258 35
551 2 2 0 6 35 258 245
552 2 2 0 6 37 241 36
553 2 2 0 6 241 258 36
554 2 2 0 6 38 246 37
555 2 2 0 6 37 246 241
556 2 2 0 6 38 269 246
557 2 2 0 6 55 243 54
558 2 2 0 6 243 272 54
559 2 2 0 6 56 257 55
560 2 2 0 6 55 257 243
561 2 2 0 6 57 239 56
562 2 2 0 6 239 257 56
563 2 2 0 6 58 260 57
564 2 2 0 6 57 260 239
565 2 2 0 6 58 271 260
566 2 2 0 6 64 244 65
567 2 2 0 6 64 270 244
568 2 2 0 6 65 256 66
569 2 2 0 6 244 256 65
570 2 2 0 6 66 242 67
571 2 2 0 6 66 256 242
572 2 2 0 6 67 259 68
573 2 2 0 6 242 259 67
574 2 2 0 6 259 269 68
575 2 2 0 6 239 260 255
576 2 2 0 6 255 268 239
577 2 2 0 6 239 268 257
578 2 2 0 6 240 263 254
579 2 2 0 6 254 264 240
580 2 2 0 6 240 266 261
581 2 2 0 6 264 266 240
582 2 2 0 6 246 247 241
583 2 2 0 6 247 248 241
584 2 2 0 6 248 258 241
585 2 2 0 6 247 259 242
586 2 2 0 6 242 267 247
587 2 2 0 6 256 267 242
588 2 2 0 6 257 265 243
589 2 2 0 6 243 265 262
590 2 2 0 6 262 272 243
591 2 2 0 6 244 266 256
592 2 2 0 6 261 266 244
593 2 2 0 6 244 270 261
594 2 2 0 6 245 258 255
595 2 2 0 6 255 260 245
596 2 2 0 6 260 271 245
597 2 2 0 6 246 259 247
598 2 2 0 6 246 269 259
599 2 2 0 6 247 249 248
600 2 2 0 6 247 267 249
601 2 2 0 6 249 250 248
602 2 2 0 6 250 255 248
603 2 2 0 6 255 258 248
604 2 2 0 6 249 251 250
605 2 2 0 6 249 252 251
606 2 2 0 6 249 267 252
607 2 2 0 6 251 253 250
608 2 2 0 6 253 268 250
609 2 2 0 6 250 268 255
610 2 2 0 6 252 264 251
611 2 2 0 6 251 254 253
612 2 2 0 6 251 264 254
613 2 2 0 6 256 266 252
614 2 2 0 6 252 267 256
615 2 2 0 6 252 266 264
616 2 2 0 6 254 265 253
617 2 2 0 6 253 265 257
618 2 2 0 6 257 268 253
619 2 2 0 6 263 265 254
620 2 2 0 6 262 265 263
621 4 2 0 1 199 181 281 299
622 4 2 0 1 249 267 281 299
623 4 2 0 1 222 188 275 290
624 4 2 0 1 181 284 281 299
625 4 2 0 1 222 275 188 297
626 4 2 0 1 250 291 283 294
627 4 2 0 1 249 281 283 299
628 4 2 0 1 273 282 284 316
629 4 2 0 1 181 281 284 296
630 4 2 0 1 280 286 147 291
631 4 2 0 1 116 288 115 300
632 4 2 0 1 188 275 197 297
633 4 2 0 1 257 155 278 291
634 4 2 0 1 273 284 282 331
635 4 2 0 1 163 274 152 325
636 4 2 0 1 257 278 155 302
637 4 2 0 1 249 283 281 294
638 4 2 0 1 276 303 299 324
639 4 2 0 1 282 292 284 322
640 4 2 0 1 250 255 291 294
641 4 2 0 1 152 274 163 333
642 4 2 0 1 288 314 294 319
643 4 2 0 1 249 281 247 294
644 4 2 0 1 299 303 276 326
645 4 2 0 1 294 314 283 319
646 4 2 0 1 147 286 280 330
647 4 2 0 1 116 288 300 305
648 4 2 0 1 199 181 179 281
649 4 2 0 1 249 267 247 281
650 4 2 0 1 222 275 297 327
651 4 2 0 1 197 275 188 322
652 4 2 0 1 249 299 283 326
653 4 2 0 1 179 281 181 296
654 4 2 0 1 284 299 181 324
655 4 2 0 1 163 306 274 325
656 4 2 0 1 189 299 303 324
657 4 2 0 1 106 294 304 329
658 4 2 0 1 222 290 275 327
659 4 2 0 1 114 288 280 294
660 4 2 0 1 147 291 286 334
661 4 2 0 1 256 303 299 326
662 4 2 0 1 140 104 280 295
663 4 2 0 1 283 319 314 331
664 4 2 0 1 188 275 290 322
665 4 2 0 1 114 132 280 305
666 4 2 0 1 199 281 179 299
667 4 2 0 1 247 281 267 299
668 4 2 0 1 282 275 292 322
669 4 2 0 1 241 106 294 304
670 4 2 0 1 247 294 281 304
671 4 2 0 1 152 274 289 325
672 4 2 0 1 274 306 163 333
673 4 2 0 1 155 302 278 334
674 4 2 0 1 104 140 280 305
675 4 2 0 1 189 303 198 324
676 4 2 0 1 241 294 247 304
677 4 2 0 1 163 307 306 325
678 4 2 0 1 155 278 291 334
679 4 2 0 1 114 280 119 294
680 4 2 0 1 253 291 257 332
681 4 2 0 1 145 280 147 291
682 4 2 0 1 256 266 303 326
683 4 2 0 1 273 314 319 331
684 4 2 0 1 283 294 319 331
685 4 2 0 1 197 188 184 322
686 4 2 0 1 255 291 294 295
687 4 2 0 1 286 313 280 330
688 4 2 0 1 257 291 278 332
689 4 2 0 1 273 314 288 319
690 4 2 0 1 132 104 280 305
691 4 2 0 1 216 285 277 300
692 4 2 0 1 138 205 277 301
693 4 2 0 1 280 313 286 314
694 4 2 0 1 296 298 130 335
695 4 2 0 1 279 288 117 296
696 4 2 0 1 279 298 296 335
697 4 2 0 1 205 138 277 307
698 4 2 0 1 152 289 274 333
699 4 2 0 1 199 181 299 324
700 4 2 0 1 222 297 232 327
701 4 2 0 1 120 130 296 298
702 4 2 0 1 117 296 130 335
703 4 2 0 1 306 307 274 325
704 4 2 0 1 116 115 118 300
705 4 2 0 1 249 267 299 326
706 4 2 0 1 234 277 216 307
707 4 2 0 1 206 297 287 327
708 4 2 0 1 273 316 284 323
709 4 2 0 1 114 280 288 305
710 4 2 0 1 189 299 256 303
711 4 2 0 1 273 282 312 331
712 4 2 0 1 117 279 296 335
713 4 2 0 1 132 104 119 280
714 4 2 0 1 85 302 289 308
715 4 2 0 1 163 152 150 325
716 4 2 0 1 114 132 119 280
717 4 2 0 1 293 303 266 326
718 4 2 0 1 117 288 279 335
719 4 2 0 1 282 276 312 331
720 4 2 0 1 257 265 278 302
721 4 2 0 1 138 277 307 325
722 4 2 0 1 166 153 138 325
723 4 2 0 1 190 120 296 298
724 4 2 0 1 117 120 130 296
725 4 2 0 1 140 280 145 295
726 4 2 0 1 197 297 275 322
727 4 2 0 1 234 205 277 307
728 4 2 0 1 277 285 216 307
729 4 2 0 1 117 296 288 329
730 4 2 0 1 281 319 294 331
731 4 2 0 1 206 232 297 327
732 4 2 0 1 248 249 247 294
733 4 2 0 1 250 291 268 332
734 4 2 0 1 98 85 289 308
735 4 2 0 1 280 294 288 314
736 4 2 0 1 147 280 145 330
737 4 2 0 1 286 314 313 328
738 4 2 0 1 234 221 216 277
739 4 2 0 1 257 278 265 332
740 4 2 0 1 164 302 155 334
741 4 2 0 1 71 289 85 302
742 4 2 0 1 277 313 286 330
743 4 2 0 1 154 228 160 306
744 4 2 0 1 216 277 221 300
745 4 2 0 1 115 300 288 335
746 4 2 0 1 283 294 291 314
747 4 2 0 1 146 280 140 305
748 4 2 0 1 264 293 266 326
749 4 2 0 1 210 222 194 297
750 4 2 0 1 280 294 291 295
751 4 2 0 1 286 313 277 328
752 4 2 0 1 281 304 294 329
753 4 2 0 1 104 119 280 295
754 4 2 0 1 265 302 293 332
755 4 2 0 1 283 291 250 332
756 4 2 0 1 221 234 205 277
757 4 2 0 1 253 257 265 332
758 4 2 0 1 190 298 296 318
759 4 2 0 1 273 313 314 328
760 4 2 0 1 177 189 244 303
761 4 2 0 1 280 313 305 330
762 4 2 0 1 85 293 302 308
763 4 2 0 1 72 240 293 303
764 4 2 0 1 88 293 263 302
765 4 2 0 1 71 98 85 289
766 4 2 0 1 146 280 305 330
767 4 2 0 1 222 188 194 297
768 4 2 0 1 266 293 240 303
769 4 2 0 1 165 291 147 334
770 4 2 0 1 291 294 280 314
771 4 2 0 1 72 303 293 315
772 4 2 0 1 165 145 147 291
773 4 2 0 1 283 281 294 331
774 4 2 0 1 179 299 281 304
775 4 2 0 1 281 299 247 304
776 4 2 0 1 85 293 88 302
777 4 2 0 1 163 154 306 307
778 4 2 0 1 257 142 243 302
779 4 2 0 1 110 106 246 304
780 4 2 0 1 250 255 268 291
781 4 2 0 1 281 296 179 304
782 4 2 0 1 263 293 265 302
783 4 2 0 1 119 294 280 295
784 4 2 0 1 258 294 122 295
785 4 2 0 1 286 289 274 325
786 4 2 0 1 219 290 222 327
787 4 2 0 1 139 289 71 302
788 4 2 0 1 261 240 76 303
789 4 2 0 1 289 302 164 334
790 4 2 0 1 245 258 108 295
791 4 2 0 1 153 277 138 325
792 4 2 0 1 145 140 146 280
793 4 2 0 1 109 190 176 298
794 4 2 0 1 106 304 111 329
795 4 2 0 1 287 297 69 309
796 4 2 0 1 286 291 280 314
797 4 2 0 1 189 256 244 303
798 4 2 0 1 300 305 288 313
799 4 2 0 1 221 277 205 301
800 4 2 0 1 138 277 153 301
801 4 2 0 1 206 69 287 297
802 4 2 0 1 90 69 227 297
803 4 2 0 1 257 155 142 302
804 4 2 0 1 156 126 143 301
805 4 2 0 1 163 154 307 325
806 4 2 0 1 231 306 228 307
807 4 2 0 1 188 197 194 297
808 4 2 0 1 180 179 181 296
809 4 2 0 1 264 240 266 293
810 4 2 0 1 174 296 103 304
811 4 2 0 1 114 116 132 305
812 4 2 0 1 277 305 313 330
813 4 2 0 1 114 112 288 294
814 4 2 0 1 200 290 318 322
815 4 2 0 1 114 119 112 294
816 4 2 0 1 114 288 116 305
817 4 2 0 1 189 185 299 324
818 4 2 0 1 109 120 190 298
819 4 2 0 1 223 231 228 307
820 4 2 0 1 280 291 145 295
821 4 2 0 1 254 265 293 332
822 4 2 0 1 242 299 173 304
823 4 2 0 1 122 294 119 295
824 4 2 0 1 256 299 252 326
825 4 2 0 1 103 304 296 329
826 4 2 0 1 146 147 145 330
827 4 2 0 1 189 198 185 324
828 4 2 0 1 146 145 280 330
829 4 2 0 1 198 303 292 324
830 4 2 0 1 164 289 139 302
831 4 2 0 1 171 70 292 303
832 4 2 0 1 174 179 296 304
833 4 2 0 1 242 247 299 304
834 4 2 0 1 173 299 179 304
835 4 2 0 1 152 149 150 325
836 4 2 0 1 126 301 156 305
837 4 2 0 1 256 252 266 326
838 4 2 0 1 258 122 108 295
839 4 2 0 1 89 70 192 303
840 4 2 0 1 241 246 106 304
841 4 2 0 1 292 303 70 315
842 4 2 0 1 249 248 283 294
843 4 2 0 1 163 154 160 306
844 4 2 0 1 155 291 151 334
845 4 2 0 1 71 91 159 302
846 4 2 0 1 284 322 292 324
847 4 2 0 1 128 224 107 300
848 4 2 0 1 174 103 178 304
849 4 2 0 1 72 76 240 303
850 4 2 0 1 103 123 178 304
851 4 2 0 1 262 74 263 302
852 4 2 0 1 288 300 279 335
853 4 2 0 1 96 69 297 309
854 4 2 0 1 83 282 309 315
855 4 2 0 1 288 294 281 319
856 4 2 0 1 140 144 104 295
857 4 2 0 1 283 299 281 331
858 4 2 0 1 206 230 232 327
859 4 2 0 1 263 254 265 293
860 4 2 0 1 83 309 97 315
861 4 2 0 1 144 125 104 295
862 4 2 0 1 255 294 258 295
863 4 2 0 1 265 278 302 332
864 4 2 0 1 276 303 293 326
865 4 2 0 1 172 290 208 298
866 4 2 0 1 287 297 275 327
867 4 2 0 1 239 137 291 295
868 4 2 0 1 259 242 191 304
869 4 2 0 1 193 208 225 298
870 4 2 0 1 157 137 260 295
871 4 2 0 1 159 139 71 302
872 4 2 0 1 281 299 284 331
873 4 2 0 1 171 192 70 303
874 4 2 0 1 283 326 299 331
875 4 2 0 1 206 287 230 327
876 4 2 0 1 299 324 284 331
877 4 2 0 1 88 263 74 302
878 4 2 0 1 288 305 280 313
879 4 2 0 1 198 171 292 303
880 4 2 0 1 253 268 291 332
881 4 2 0 1 79 282 83 315
882 4 2 0 1 197 297 322 336
883 4 2 0 1 278 302 293 308
884 4 2 0 1 296 298 279 318
885 4 2 0 1 282 292 275 309
886 4 2 0 1 306 307 231 317
887 4 2 0 1 72 77 303 315
888 4 2 0 1 293 302 278 332
889 4 2 0 1 161 289 164 334
890 4 2 0 1 249 248 250 283
891 4 2 0 1 253 268 257 291
892 4 2 0 1 224 107 300 301
893 4 2 0 1 289 302 278 308
894 4 2 0 1 121 126 156 305
895 4 2 0 1 242 173 191 304
896 4 2 0 1 246 241 247 304
897 4 2 0 1 110 111 106 304
898 4 2 0 1 174 178 179 304
899 4 2 0 1 206 227 69 297
900 4 2 0 1 282 81 309 311
901 4 2 0 1 222 232 219 327
902 4 2 0 1 205 158 226 301
903 4 2 0 1 221 300 277 301
904 4 2 0 1 117 288 113 329
905 4 2 0 1 193 172 208 298
906 4 2 0 1 250 283 248 294
907 4 2 0 1 239 260 137 295
908 4 2 0 1 224 211 107 301
909 4 2 0 1 72 77 76 303
910 4 2 0 1 279 300 288 313
911 4 2 0 1 216 307 285 317
912 4 2 0 1 81 282 80 311
913 4 2 0 1 291 314 286 334
914 4 2 0 1 241 248 247 294
915 4 2 0 1 79 80 81 282
916 4 2 0 1 233 290 219 327
917 4 2 0 1 97 309 292 315
918 4 2 0 1 80 282 79 308
919 4 2 0 1 140 145 144 295
920 4 2 0 1 97 79 83 315
921 4 2 0 1 104 121 140 305
922 4 2 0 1 138 158 205 301
923 4 2 0 1 284 322 290 323
924 4 2 0 1 306 317 231 321
925 4 2 0 1 275 297 287 309
926 4 2 0 1 103 111 304 329
927 4 2 0 1 98 308 289 311
928 4 2 0 1 282 308 80 311
929 4 2 0 1 79 308 282 315
930 4 2 0 1 117 115 113 288
931 4 2 0 1 293 303 276 315
932 4 2 0 1 292 303 276 324
933 4 2 0 1 79 81 83 282
934 4 2 0 1 233 320 290 327
935 4 2 0 1 187 298 190 318
936 4 2 0 1 98 311 289 333
937 4 2 0 1 129 301 126 305
938 4 2 0 1 208 290 213 298
939 4 2 0 1 145 291 137 295
940 4 2 0 1 187 176 190 298
941 4 2 0 1 219 233 222 290
942 4 2 0 1 261 266 240 303
943 4 2 0 1 189 177 198 303
944 4 2 0 1 195 198 292 324
945 4 2 0 1 85 88 74 302
946 4 2 0 1 69 93 287 309
947 4 2 0 1 222 210 232 297
948 4 2 0 1 159 164 139 302
949 4 2 0 1 274 307 306 317
950 4 2 0 1 156 140 121 305
951 4 2 0 1 164 142 155 302
952 4 2 0 1 83 282 81 309
953 4 2 0 1 138 154 166 325
954 4 2 0 1 205 154 138 307
955 4 2 0 1 284 318 290 322
956 4 2 0 1 253 250 268 332
957 4 2 0 1 108 122 119 295
958 4 2 0 1 255 258 245 295
959 4 2 0 1 198 192 171 303
960 4 2 0 1 153 277 325 330
961 4 2 0 1 256 266 244 303
962 4 2 0 1 172 187 290 298
963 4 2 0 1 239 291 255 295
964 4 2 0 1 129 118 107 301
965 4 2 0 1 278 302 289 334
966 4 2 0 1 250 248 255 294
967 4 2 0 1 112 294 106 329
968 4 2 0 1 109 130 120 298
969 4 2 0 1 155 239 137 291
970 4 2 0 1 114 115 116 288
971 4 2 0 1 290 322 275 323
972 4 2 0 1 288 294 112 329
973 4 2 0 1 151 291 165 334
974 4 2 0 1 154 205 223 307
975 4 2 0 1 155 165 151 291
976 4 2 0 1 172 188 208 290
977 4 2 0 1 153 156 301 305
978 4 2 0 1 257 239 155 291
979 4 2 0 1 224 221 211 301
980 4 2 0 1 153 156 143 301
981 4 2 0 1 206 232 227 297
982 4 2 0 1 90 96 69 297
983 4 2 0 1 222 208 188 290
984 4 2 0 1 224 300 221 301
985 4 2 0 1 161 139 164 289
986 4 2 0 1 77 70 303 315
987 4 2 0 1 214 216 221 300
988 4 2 0 1 151 164 155 334
989 4 2 0 1 153 301 277 330
990 4 2 0 1 69 96 93 309
991 4 2 0 1 138 307 154 325
992 4 2 0 1 216 218 307 317
993 4 2 0 1 106 122 258 294
994 4 2 0 1 229 69 94 321
995 4 2 0 1 173 199 179 299
996 4 2 0 1 242 247 267 299
997 4 2 0 1 283 314 291 332
998 4 2 0 1 262 263 265 302
999 4 2 0 1 121 129 126 305
1000 4 2 0 1 98 82 311 333
1001 4 2 0 1 282 309 287 311
1002 4 2 0 1 230 287 317 327
1003 4 2 0 1 173 179 191 304
1004 4 2 0 1 242 259 247 304
1005 4 2 0 1 103 111 123 304
1006 4 2 0 1 241 106 258 294
1007 4 2 0 1 151 165 147 334
1008 4 2 0 1 233 219 215 327
1009 4 2 0 1 85 78 293 308
1010 4 2 0 1 213 298 290 320
1011 4 2 0 1 77 70 89 303
1012 4 2 0 1 199 299 185 324
1013 4 2 0 1 291 314 278 332
1014 4 2 0 1 118 300 107 301
1015 4 2 0 1 128 107 118 300
1016 4 2 0 1 257 243 265 302
1017 4 2 0 1 288 296 279 319
1018 4 2 0 1 208 213 225 298
1019 4 2 0 1 79 78 308 315
1020 4 2 0 1 230 287 220 317
1021 4 2 0 1 233 215 320 327
1022 4 2 0 1 153 305 301 330
1023 4 2 0 1 91 71 85 302
1024 4 2 0 1 292 309 282 315
1025 4 2 0 1 252 299 267 326
1026 4 2 0 1 276 292 282 315
1027 4 2 0 1 157 145 137 295
1028 4 2 0 1 285 323 290 327
1029 4 2 0 1 290 298 187 318
1030 4 2 0 1 156 146 140 305
1031 4 2 0 1 199 185 181 324
1032 4 2 0 1 274 317 306 321
1033 4 2 0 1 181 284 182 318
1034 4 2 0 1 296 304 281 329
1035 4 2 0 1 131 296 117 329
1036 4 2 0 1 147 148 149 286
1037 4 2 0 1 284 296 281 319
1038 4 2 0 1 172 193 187 298
1039 4 2 0 1 85 78 88 293
1040 4 2 0 1 281 294 288 329
1041 4 2 0 1 277 301 300 305
1042 4 2 0 1 297 275 322 336
1043 4 2 0 1 163 306 141 333
1044 4 2 0 1 87 289 162 333
1045 4 2 0 1 114 112 113 288
1046 4 2 0 1 260 239 255 295
1047 4 2 0 1 104 125 119 295
1048 4 2 0 1 171 195 198 292
1049 4 2 0 1 119 122 112 294
1050 4 2 0 1 220 230 206 287
1051 4 2 0 1 196 292 86 336
1052 4 2 0 1 128 207 224 300
1053 4 2 0 1 113 288 112 329
1054 4 2 0 1 290 318 284 323
1055 4 2 0 1 276 324 299 331
1056 4 2 0 1 249 252 267 326
1057 4 2 0 1 276 303 292 315
1058 4 2 0 1 212 298 213 335
1059 4 2 0 1 215 285 216 320
1060 4 2 0 1 132 121 104 305
1061 4 2 0 1 221 205 226 301
1062 4 2 0 1 138 153 158 301
1063 4 2 0 1 290 320 285 327
1064 4 2 0 1 277 305 300 313
1065 4 2 0 1 290 323 275 327
1066 4 2 0 1 148 286 147 330
1067 4 2 0 1 251 249 250 283
1068 4 2 0 1 152 163 141 333
1069 4 2 0 1 147 286 149 334
1070 4 2 0 1 182 318 284 322
1071 4 2 0 1 78 80 79 308
1072 4 2 0 1 80 98 82 311
1073 4 2 0 1 288 313 273 319
1074 4 2 0 1 240 88 72 293
1075 4 2 0 1 156 305 153 330
1076 4 2 0 1 263 88 240 293
1077 4 2 0 1 128 105 207 300
1078 4 2 0 1 80 308 98 311
1079 4 2 0 1 249 283 251 326
1080 4 2 0 1 206 287 69 321
1081 4 2 0 1 274 289 286 310
1082 4 2 0 1 217 216 285 317
1083 4 2 0 1 183 182 181 284
1084 4 2 0 1 296 319 288 329
1085 4 2 0 1 163 150 154 325
1086 4 2 0 1 234 216 218 307
1087 4 2 0 1 277 300 285 313
1088 4 2 0 1 299 326 276 331
1089 4 2 0 1 206 220 287 321
1090 4 2 0 1 65 177 189 244
1091 4 2 0 1 293 308 78 315
1092 4 2 0 1 154 50 160 228
1093 4 2 0 1 71 87 98 289
1094 4 2 0 1 207 212 213 335
1095 4 2 0 1 183 284 181 324
1096 4 2 0 1 55 142 243 257
1097 4 2 0 1 145 165 137 291
1098 4 2 0 1 206 69 229 321
1099 4 2 0 1 239 268 255 291
1100 4 2 0 1 72 293 78 315
1101 4 2 0 1 239 56 155 137
1102 4 2 0 1 97 292 70 315
1103 4 2 0 1 301 305 277 330
1104 4 2 0 1 83 81 93 309
1105 4 2 0 1 172 188 61 208
1106 4 2 0 1 205 154 51 138
1107 4 2 0 1 257 56 155 239
1108 4 2 0 1 112 106 111 329
1109 4 2 0 1 207 320 300 335
1110 4 2 0 1 222 61 188 208
1111 4 2 0 1 92 162 141 333
1112 4 2 0 1 298 320 213 335
1113 4 2 0 1 92 87 162 333
1114 4 2 0 1 172 187 200 290
1115 4 2 0 1 154 205 51 223
1116 4 2 0 1 285 307 277 328
1117 4 2 0 1 208 233 213 290
1118 4 2 0 1 278 289 310 334
1119 4 2 0 1 87 98 289 333
1120 4 2 0 1 182 284 183 322
1121 4 2 0 1 215 217 216 285
1122 4 2 0 1 149 286 148 325
1123 4 2 0 1 174 120 103 296
1124 4 2 0 1 190 120 174 296
1125 4 2 0 1 212 207 124 335
1126 4 2 0 1 242 66 173 299
1127 4 2 0 1 278 310 286 334
1128 4 2 0 1 222 210 194 60
1129 4 2 0 1 220 317 287 321
1130 4 2 0 1 162 289 152 333
1131 4 2 0 1 285 320 215 327
1132 4 2 0 1 258 255 248 294
1133 4 2 0 1 181 182 180 318
1134 4 2 0 1 278 314 291 334
1135 4 2 0 1 256 65 189 244
1136 4 2 0 1 274 287 311 316
1137 4 2 0 1 217 285 215 327
1138 4 2 0 1 84 311 95 333
1139 4 2 0 1 131 117 113 329
1140 4 2 0 1 189 173 66 299
1141 4 2 0 1 242 256 66 299
1142 4 2 0 1 161 149 152 334
1143 4 2 0 1 55 155 142 257
1144 4 2 0 1 103 296 131 329
1145 4 2 0 1 189 66 256 299
1146 4 2 0 1 84 95 321 333
1147 4 2 0 1 308 312 282 315
1148 4 2 0 1 214 300 207 320
1149 4 2 0 1 285 320 290 323
1150 4 2 0 1 292 275 309 322
1151 4 2 0 1 286 310 289 334
1152 4 2 0 1 281 288 319 329
1153 4 2 0 1 251 283 250 332
1154 4 2 0 1 215 216 214 320
1155 4 2 0 1 200 290 187 318
1156 4 2 0 1 37 110 106 246
1157 4 2 0 1 233 213 290 320
1158 4 2 0 1 275 282 309 316
1159 4 2 0 1 207 213 320 335
1160 4 2 0 1 179 180 174 296
1161 4 2 0 1 217 218 216 317
1162 4 2 0 1 276 282 312 315
1163 4 2 0 1 274 311 310 316
1164 4 2 0 1 69 227 27 90
1165 4 2 0 1 161 152 289 334
1166 4 2 0 1 35 108 245 258
1167 4 2 0 1 292 309 86 336
1168 4 2 0 1 156 146 305 330
1169 4 2 0 1 212 124 298 335
1170 4 2 0 1 124 207 212 47
1171 4 2 0 1 228 154 50 223
1172 4 2 0 1 106 112 122 294
1173 4 2 0 1 84 321 311 333
1174 4 2 0 1 268 239 257 291
1175 4 2 0 1 194 188 222 60
1176 4 2 0 1 93 84 287 311
1177 4 2 0 1 162 152 141 333
1178 4 2 0 1 273 310 282 316
1179 4 2 0 1 153 325 166 330
1180 4 2 0 1 273 313 316 323
1181 4 2 0 1 135 245 108 295
1182 4 2 0 1 271 245 135 295
1183 4 2 0 1 172 200 188 290
1184 4 2 0 1 231 307 218 317
1185 4 2 0 1 77 72 78 315
1186 4 2 0 1 274 289 310 311
1187 4 2 0 1 293 312 308 315
1188 4 2 0 1 287 309 282 316
1189 4 2 0 1 131 120 117 296
1190 4 2 0 1 311 321 274 333
1191 4 2 0 1 273 316 313 328
1192 4 2 0 1 273 282 310 312
1193 4 2 0 1 285 317 307 328
1194 4 2 0 1 155 137 165 291
1195 4 2 0 1 279 298 290 318
1196 4 2 0 1 290 298 279 320
1197 4 2 0 1 93 81 84 311
1198 4 2 0 1 208 222 233 290
1199 4 2 0 1 275 309 287 316
1200 4 2 0 1 293 326 264 332
1201 4 2 0 1 167 271 135 295
1202 4 2 0 1 285 316 313 323
1203 4 2 0 1 284 318 296 319
1204 4 2 0 1 126 134 143 301
1205 4 2 0 1 97 70 77 315
1206 4 2 0 1 111 103 131 329
1207 4 2 0 1 144 167 125 295
1208 4 2 0 1 207 300 105 335
1209 4 2 0 1 278 286 310 314
1210 4 2 0 1 286 148 325 330
1211 4 2 0 1 235 212 124 298
1212 4 2 0 1 196 21 86 70
1213 4 2 0 1 135 125 167 295
1214 4 2 0 1 167 260 271 295
1215 4 2 0 1 35 108 258 122
1216 4 2 0 1 313 316 285 328
1217 4 2 0 1 273 284 319 323
1218 4 2 0 1 309 322 275 336
1219 4 2 0 1 143 134 169 301
1220 4 2 0 1 134 211 238 301
1221 4 2 0 1 95 306 321 333
1222 4 2 0 1 136 235 124 298
1223 4 2 0 1 246 106 37 241
1224 4 2 0 1 210 194 202 297
1225 4 2 0 1 162 87 11 71
1226 4 2 0 1 286 325 274 328
1227 4 2 0 1 287 274 311 321
1228 4 2 0 1 114 113 115 288
1229 4 2 0 1 185 199 189 299
1230 4 2 0 1 256 267 252 299
1231 4 2 0 1 36 122 258 106
1232 4 2 0 1 109 176 203 298
1233 4 2 0 1 84 94 69 321
1234 4 2 0 1 206 229 220 321
1235 4 2 0 1 227 102 90 297
1236 4 2 0 1 278 289 308 310
1237 4 2 0 1 180 190 296 318
1238 4 2 0 1 136 109 203 298
1239 4 2 0 1 102 227 237 297
1240 4 2 0 1 260 167 157 295
1241 4 2 0 1 41 103 174 120
1242 4 2 0 1 174 190 41 120
1243 4 2 0 1 178 42 123 103
1244 4 2 0 1 273 319 284 331
1245 4 2 0 1 207 105 124 335
1246 4 2 0 1 40 109 190 176
1247 4 2 0 1 72 240 16 88
1248 4 2 0 1 86 70 97 292
1249 4 2 0 1 88 240 16 263
1250 4 2 0 1 202 237 210 297
1251 4 2 0 1 202 75 102 297
1252 4 2 0 1 274 289 311 333
1253 4 2 0 1 235 203 193 298
1254 4 2 0 1 136 203 235 298
1255 4 2 0 1 285 313 279 323
1256 4 2 0 1 287 316 274 317
1257 4 2 0 1 248 241 258 294
1258 4 2 0 1 156 140 31 121
1259 4 2 0 1 144 32 104 125
1260 4 2 0 1 148 166 325 330
1261 4 2 0 1 106 258 36 241
1262 4 2 0 1 287 282 311 316
1263 4 2 0 1 84 69 287 321
1264 4 2 0 1 140 104 31 121
1265 4 2 0 1 264 254 240 293
1266 4 2 0 1 94 229 26 69
1267 4 2 0 1 214 221 224 300
1268 4 2 0 1 196 186 292 336
1269 4 2 0 1 272 101 262 302
1270 4 2 0 1 261 76 99 303
1271 4 2 0 1 159 101 170 302
1272 4 2 0 1 192 204 99 303
1273 4 2 0 1 134 238 169 301
1274 4 2 0 1 242 259 191 67
1275 4 2 0 1 101 74 262 302
1276 4 2 0 1 89 70 22 192
1277 4 2 0 1 246 269 110 304
1278 4 2 0 1 202 102 237 297
1279 4 2 0 1 285 313 300 320
1280 4 2 0 1 169 238 158 301
1281 4 2 0 1 74 263 15 262
1282 4 2 0 1 292 322 309 336
1283 4 2 0 1 193 225 235 298
1284 4 2 0 1 99 270 261 303
1285 4 2 0 1 137 260 57 157
1286 4 2 0 1 193 208 62 225
1287 4 2 0 1 285 279 313 320
1288 4 2 0 1 21 196 171 70
1289 4 2 0 1 110 269 133 304
1290 4 2 0 1 285 279 320 323
1291 4 2 0 1 310 312 278 314
1292 4 2 0 1 91 159 12 71
1293 4 2 0 1 139 162 11 71
1294 4 2 0 1 96 309 297 336
1295 4 2 0 1 227 69 27 206
1296 4 2 0 1 270 204 244 303
1297 4 2 0 1 251 326 283 332
1298 4 2 0 1 205 226 158 52
1299 4 2 0 1 156 153 146 330
1300 4 2 0 1 195 292 322 324
1301 4 2 0 1 99 89 192 303
1302 4 2 0 1 128 118 105 300
1303 4 2 0 1 105 207 124 47
1304 4 2 0 1 310 311 282 316
1305 4 2 0 1 159 91 101 302
1306 4 2 0 1 254 293 264 332
1307 4 2 0 1 177 244 204 303
1308 4 2 0 1 220 231 317 321
1309 4 2 0 1 96 297 75 336
1310 4 2 0 1 183 322 284 324
1311 4 2 0 1 158 238 226 301
1312 4 2 0 1 109 190 120 40
1313 4 2 0 1 243 170 272 302
1314 4 2 0 1 170 101 272 302
1315 4 2 0 1 178 42 103 174
1316 4 2 0 1 156 30 143 126
1317 4 2 0 1 270 99 204 303
1318 4 2 0 1 32 104 140 144
1319 4 2 0 1 92 141 306 333
1320 4 2 0 1 274 310 286 328
1321 4 2 0 1 82 95 311 333
1322 4 2 0 1 191 173 242 67
1323 4 2 0 1 178 123 201 304
1324 4 2 0 1 162 139 152 289
1325 4 2 0 1 297 309 275 336
1326 4 2 0 1 78 72 88 293
1327 4 2 0 1 274 317 316 328
1328 4 2 0 1 263 240 254 293
1329 4 2 0 1 191 201 269 304
1330 4 2 0 1 201 123 133 304
1331 4 2 0 1 260 137 57 239
1332 4 2 0 1 208 193 62 172
1333 4 2 0 1 243 142 170 302
1334 4 2 0 1 308 310 289 311
1335 4 2 0 1 52 158 205 138
1336 4 2 0 1 236 160 228 306
1337 4 2 0 1 148 153 166 330
1338 4 2 0 1 274 325 307 328
1339 4 2 0 1 69 93 84 287
1340 4 2 0 1 300 313 279 320
1341 4 2 0 1 100 92 168 306
1342 4 2 0 1 275 316 287 327
1343 4 2 0 1 211 134 107 301
1344 4 2 0 1 278 310 308 312
1345 4 2 0 1 191 269 259 304
1346 4 2 0 1 168 160 236 306
1347 4 2 0 1 307 317 274 328
1348 4 2 0 1 234 223 205 307
1349 4 2 0 1 85 80 78 308
1350 4 2 0 1 278 308 293 312
1351 4 2 0 1 84 287 311 321
1352 4 2 0 1 133 269 201 304
1353 4 2 0 1 217 317 285 327
1354 4 2 0 1 30 156 121 126
1355 4 2 0 1 70 171 22 192
1356 4 2 0 1 175 75 202 297
1357 4 2 0 1 139 12 159 71
1358 4 2 0 1 284 318 319 323
1359 4 2 0 1 151 147 149 334
1360 4 2 0 1 184 182 183 322
1361 4 2 0 1 157 144 145 295
1362 4 2 0 1 150 149 148 325
1363 4 2 0 1 278 312 293 332
1364 4 2 0 1 128 207 46 224
1365 4 2 0 1 213 212 225 298
1366 4 2 0 1 186 171 196 292
1367 4 2 0 1 296 318 279 319
1368 4 2 0 1 73 95 306 321
1369 4 2 0 1 284 319 281 331
1370 4 2 0 1 217 215 219 327
1371 4 2 0 1 214 224 207 300
1372 4 2 0 1 279 319 318 323
1373 4 2 0 1 186 195 292 322
1374 4 2 0 1 95 84 82 311
1375 4 2 0 1 263 15 88 74
1376 4 2 0 1 274 287 317 321
1377 4 2 0 1 209 306 231 321
1378 4 2 0 1 273 312 310 314
1379 4 2 0 1 255 245 260 295
1380 4 2 0 1 119 125 108 295
1381 4 2 0 1 77 89 76 303
1382 4 2 0 1 131 103 120 296
1383 4 2 0 1 229 94 25 321
1384 4 2 0 1 187 193 176 298
1385 4 2 0 1 87 10 92 162
1386 4 2 0 1 86 309 96 336
1387 4 2 0 1 246 247 259 304
1388 4 2 0 1 178 191 179 304
1389 4 2 0 1 110 123 111 304
1390 4 2 0 1 283 312 326 331
1391 4 2 0 1 276 326 312 331
1392 4 2 0 1 236 73 100 306
1393 4 2 0 1 306 274 321 333
1394 4 2 0 1 105 300 118 335
1395 4 2 0 1 214 207 213 320
1396 4 2 0 1 252 249 251 326
1397 4 2 0 1 98 80 85 308
1398 4 2 0 1 85 74 91 302
1399 4 2 0 1 46 105 207 128
1400 4 2 0 1 276 312 293 315
1401 4 2 0 1 277 313 285 328
1402 4 2 0 1 162 10 92 141
1403 4 2 0 1 283 326 312 332
1404 4 2 0 1 139 161 152 289
1405 4 2 0 1 127 105 118 335
1406 4 2 0 1 316 317 287 327
1407 4 2 0 1 87 82 98 333
1408 4 2 0 1 211 221 226 301
1409 4 2 0 1 153 143 158 301
1410 4 2 0 1 183 181 185 324
1411 4 2 0 1 206 26 229 69
1412 4 2 0 1 285 316 317 328
1413 4 2 0 1 279 313 288 319
1414 4 2 0 1 281 319 296 329
1415 4 2 0 1 293 312 276 326
1416 4 2 0 1 82 81 80 311
1417 4 2 0 1 312 326 293 332
1418 4 2 0 1 278 286 314 334
1419 4 2 0 1 180 187 190 318
1420 4 2 0 1 197 175 297 336
1421 4 2 0 1 168 92 141 306
1422 4 2 0 1 186 195 171 292
1423 4 2 0 1 290 320 279 323
1424 4 2 0 1 116 121 132 305
1425 4 2 0 1 92 306 95 333
1426 4 2 0 1 129 121 116 305
1427 4 2 0 1 236 100 168 306
1428 4 2 0 1 279 318 290 323
1429 4 2 0 1 194 197 175 297
1430 4 2 0 1 96 86 83 309
1431 4 2 0 1 86 96 75 336
1432 4 2 0 1 157 167 144 295
1433 4 2 0 1 277 286 325 330
1434 4 2 0 1 195 322 183 324
1435 4 2 0 1 277 325 286 328
1436 4 2 0 1 117 130 127 335
1437 4 2 0 1 75 297 175 336
1438 4 2 0 1 197 322 186 336
1439 4 2 0 1 298 279 320 335
1440 4 2 0 1 107 126 129 301
1441 4 2 0 1 271 260 245 295
1442 4 2 0 1 125 135 108 295
1443 4 2 0 1 190 174 180 296
1444 4 2 0 1 274 316 310 328
1445 4 2 0 1 150 166 154 325
1446 4 2 0 1 124 130 109 298
1447 4 2 0 1 229 25 209 321
1448 4 2 0 1 25 94 73 321
1449 4 2 0 1 282 310 308 311
1450 4 2 0 1 227 232 210 297
1451 4 2 0 1 90 75 96 297
1452 4 2 0 1 235 225 212 298
1453 4 2 0 1 164 159 142 302
1454 4 2 0 1 86 20 196 336
1455 4 2 0 1 236 209 73 306
1456 4 2 0 1 49 236 160 228
1457 4 2 0 1 218 231 223 307
1458 4 2 0 1 285 317 316 327
1459 4 2 0 1 136 124 109 298
1460 4 2 0 1 192 198 177 303
1461 4 2 0 1 86 75 20 336
1462 4 2 0 1 308 310 282 312
1463 4 2 0 1 273 319 313 323
1464 4 2 0 1 176 193 203 298
1465 4 2 0 1 253 251 250 332
1466 4 2 0 1 251 264 326 332
1467 4 2 0 1 173 189 199 299
1468 4 2 0 1 267 256 242 299
1469 4 2 0 1 49 236 168 160
1470 4 2 0 1 227 210 237 297
1471 4 2 0 1 102 75 90 297
1472 4 2 0 1 261 244 266 303
1473 4 2 0 1 300 320 279 335
1474 4 2 0 1 226 238 211 301
1475 4 2 0 1 158 143 169 301
1476 4 2 0 1 262 243 272 302
1477 4 2 0 1 262 265 243 302
1478 4 2 0 1 230 317 217 327
1479 4 2 0 1 29 143 126 134
1480 4 2 0 1 236 73 24 100
1481 4 2 0 1 95 92 73 306
1482 4 2 0 1 124 130 298 335
1483 4 2 0 1 170 142 159 302
1484 4 2 0 1 38 110 246 269
1485 4 2 0 1 192 177 204 303
1486 4 2 0 1 277 307 325 328
1487 4 2 0 1 99 76 89 303
1488 4 2 0 1 269 38 110 133
1489 4 2 0 1 135 34 108 245
1490 4 2 0 1 34 135 271 245
1491 4 2 0 1 143 29 169 134
1492 4 2 0 1 270 244 261 303
1493 4 2 0 1 141 163 160 306
1494 4 2 0 1 231 209 228 306
1495 4 2 0 1 220 231 218 317
1496 4 2 0 1 175 202 194 297
1497 4 2 0 1 101 91 74 302
1498 4 2 0 1 107 134 126 301
1499 4 2 0 1 75 175 20 336
1500 4 2 0 1 168 100 9 92
1501 4 2 0 1 246 259 269 304
1502 4 2 0 1 178 201 191 304
1503 4 2 0 1 110 133 123 304
1504 4 2 0 1 25 73 209 321
1505 4 2 0 1 175 196 20 336
1506 4 2 0 1 210 194 59 202
1507 4 2 0 1 313 319 279 323
1508 4 2 0 1 220 209 231 321
1509 4 2 0 1 73 84 95 321
1510 4 2 0 1 79 77 78 315
1511 4 2 0 1 124 235 48 212
1512 4 2 0 1 18 99 261 76
1513 4 2 0 1 43 201 178 123
1514 4 2 0 1 203 176 109 39
1515 4 2 0 1 44 134 211 238
1516 4 2 0 1 125 144 33 167
1517 4 2 0 1 186 183 195 322
1518 4 2 0 1 39 109 203 136
1519 4 2 0 1 64 270 204 244
1520 4 2 0 1 237 210 59 202
1521 4 2 0 1 191 68 269 201
1522 4 2 0 1 201 43 133 123
1523 4 2 0 1 227 102 28 90
1524 4 2 0 1 292 186 322 336
1525 4 2 0 1 102 227 28 237
1526 4 2 0 1 170 159 13 101
1527 4 2 0 1 235 136 124 48
1528 4 2 0 1 18 99 270 261
1529 4 2 0 1 23 192 204 99
1530 4 2 0 1 238 169 158 53
1531 4 2 0 1 193 235 63 203
1532 4 2 0 1 135 125 33 167
1533 4 2 0 1 167 260 58 271
1534 4 2 0 1 177 64 204 244
1535 4 2 0 1 251 254 264 332
1536 4 2 0 1 209 73 306 321
1537 4 2 0 1 259 191 68 269
1538 4 2 0 1 192 23 89 99
1539 4 2 0 1 235 193 63 225
1540 4 2 0 1 260 167 58 157
1541 4 2 0 1 252 264 266 326
1542 4 2 0 1 101 159 13 91
1543 4 2 0 1 198 195 185 324
1544 4 2 0 1 73 236 24 209
1545 4 2 0 1 158 226 238 53
1546 4 2 0 1 186 197 184 322
1547 4 2 0 1 84 81 82 311
1548 4 2 0 1 14 74 262 101
1549 4 2 0 1 92 9 168 141
1550 4 2 0 1 243 54 272 170
1551 4 2 0 1 111 113 112 329
1552 4 2 0 1 19 102 202 75
1553 4 2 0 1 65 189 66 256
1554 4 2 0 1 146 148 147 330
1555 4 2 0 1 55 56 155 257
1556 4 2 0 1 154 51 50 223
1557 4 2 0 1 272 14 262 101
1558 4 2 0 1 188 61 222 60
1559 4 2 0 1 230 220 217 317
1560 4 2 0 1 223 234 218 307
1561 4 2 0 1 243 54 170 142
1562 4 2 0 1 92 95 87 333
1563 4 2 0 1 273 310 316 328
1564 4 2 0 1 134 211 107 44
1565 4 2 0 1 96 83 93 309
1566 4 2 0 1 182 200 187 318
1567 4 2 0 1 100 73 92 306
1568 4 2 0 1 168 141 160 306
1569 4 2 0 1 236 228 209 306
1570 4 2 0 1 230 219 232 327
1571 4 2 0 1 148 146 153 330
1572 4 2 0 1 175 19 202 75
1573 4 2 0 1 79 97 77 315
1574 4 2 0 1 166 150 148 325
1575 4 2 0 1 182 187 180 318
1576 4 2 0 1 82 87 95 333
1577 4 2 0 1 37 110 246 38
1578 4 2 0 1 73 94 84 321
1579 4 2 0 1 229 209 220 321
1580 4 2 0 1 34 35 108 245
1581 4 2 0 1 161 164 151 334
1582 4 2 0 1 265 254 253 332
1583 4 2 0 1 215 214 213 320
1584 4 2 0 1 251 264 252 326
1585 4 2 0 1 218 217 220 317
1586 4 2 0 1 43 178 42 123
1587 4 2 0 1 230 217 219 327
1588 4 2 0 1 190 41 120 40
1589 4 2 0 1 185 195 183 324
1590 4 2 0 1 33 32 144 125
1591 4 2 0 1 15 14 74 262
1592 4 2 0 1 156 31 30 121
1593 4 2 0 1 161 151 149 334
1594 4 2 0 1 66 242 173 67
1595 4 2 0 1 133 269 7 201
1596 4 2 0 1 2 236 100 168
1597 4 2 0 1 6 169 134 238
1598 4 2 0 1 102 237 4 202
1599 4 2 0 1 136 203 8 235
1600 4 2 0 1 99 204 3 270
1601 4 2 0 1 5 135 167 271
1602 4 2 0 1 197 186 175 336
1603 4 2 0 1 212 48 124 47
1604 4 2 0 1 261 17 18 76
1605 4 2 0 1 1 272 170 101
1606 4 2 0 1 172 61 62 208
1607 4 2 0 1 233 215 213 320
1608 4 2 0 1 56 239 57 137
1609 4 2 0 1 52 205 51 138
1610 4 2 0 1 122 258 35 36
1611 4 2 0 1 211 45 107 44
1612 4 2 0 1 259 191 67 68
1613 4 2 0 1 260 57 157 58
1614 4 2 0 1 193 62 63 225
1615 4 2 0 1 184 183 186 322
1616 4 2 0 1 226 158 52 53
1617 4 2 0 1 124 105 130 335
1618 4 2 0 1 28 27 227 90
1619 4 2 0 1 73 24 25 209
1620 4 2 0 1 131 113 111 329
1621 4 2 0 1 89 22 23 192
1622 4 2 0 1 30 29 143 126
1623 4 2 0 1 160 50 49 228
1624 4 2 0 1 159 12 13 91
1625 4 2 0 1 240 16 17 72
1626 4 2 0 1 42 103 174 41
1627 4 2 0 1 104 31 32 140
1628 4 2 0 1 36 37 106 241
1629 4 2 0 1 176 40 109 39
1630 4 2 0 1 27 26 206 69
1631 4 2 0 1 22 21 171 70
1632 4 2 0 1 60 210 194 59
1633 4 2 0 1 139 11 12 71
1634 4 2 0 1 47 105 207 46
1635 4 2 0 1 86 20 21 196
1636 4 2 0 1 87 11 10 162
1637 4 2 0 1 177 65 64 244
1638 4 2 0 1 253 254 251 332
1639 4 2 0 1 196 175 186 336
1640 4 2 0 1 10 9 92 141
1641 4 2 0 1 88 16 15 263
1642 4 2 0 1 175 20 19 75
1643 4 2 0 1 243 54 142 55
1644 4 2 0 1 43 133 7 201
1645 4 2 0 1 2 49 236 168
1646 4 2 0 1 169 29 6 134
1647 4 2 0 1 237 59 4 202
1648 4 2 0 1 269 7 38 133
1649 4 2 0 1 269 68 7 201
1650 4 2 0 1 39 203 8 136
1651 4 2 0 1 204 3 23 99
1652 4 2 0 1 235 8 136 48
1653 4 2 0 1 170 13 1 101
1654 4 2 0 1 58 5 167 271
1655 4 2 0 1 235 203 8 63
1656 4 2 0 1 3 18 99 270
1657 4 2 0 1 33 5 135 167
1658 4 2 0 1 270 204 3 64
1659 4 2 0 1 238 6 169 53
1660 4 2 0 1 237 4 28 102
1661 4 2 0 1 135 5 34 271
1662 4 2 0 1 1 14 272 101
1663 4 2 0 1 272 54 1 170
1664 4 2 0 1 46 128 224 45
1665 4 2 0 1 102 4 19 202
1666 4 2 0 1 100 9 2 168
1667 4 2 0 1 24 2 236 100
1668 4 2 0 1 44 6 134 238
1669 4 2 0 1 130 105 127 335
1670 4 2 0 1 229 26 25 94
1671 4 2 0 1 115 335 117 127
1672 4 2 0 1 117 335 115 288
1673 4 2 0 1 288 314 313 280
1674 4 2 0 1 313 314 288 273
1675 4 2 0 1 322 200 188 184
1676 4 2 0 1 322 188 200 290
1677 4 2 0 1 318 181 296 180
1678 4 2 0 1 318 296 181 284
1679 4 2 0 1 320 216 300 285
1680 4 2 0 1 320 300 216 214
1681 4 2 0 1 322 200 182 318
1682 4 2 0 1 322 182 200 184
1683 4 2 0 1 301 118 305 129
1684 4 2 0 1 301 305 118 300
1685 4 2 0 1 116 305 118 129
1686 4 2 0 1 116 118 305 300
1687 4 2 0 1 228 307 154 223
1688 4 2 0 1 154 307 228 306
1689 4 2 0 1 76 240 17 72
1690 4 2 0 1 76 17 240 261
1691 4 2 0 1 311 93 309 287
1692 4 2 0 1 311 309 93 81
1693 4 2 0 1 309 97 86 83
1694 4 2 0 1 309 86 97 292
1695 4 2 0 1 196 70 292 171
1696 4 2 0 1 292 70 196 86
1697 4 2 0 1 162 71 289 87
1698 4 2 0 1 289 71 162 139
1699 4 2 0 1 314 328 310 273
1700 4 2 0 1 310 328 314 286
1701 4 2 0 1 334 152 286 149
1702 4 2 0 1 334 286 152 289
1703 4 2 0 1 325 286 152 149
1704 4 2 0 1 325 152 286 289
1705 4 2 0 1 282 331 292 276
1706 4 2 0 1 282 292 331 284
1707 4 2 0 1 324 292 331 276
1708 4 2 0 1 324 331 292 284
1709 4 2 0 1 332 314 312 283
1710 4 2 0 1 332 312 314 278
1711 4 2 0 1 224 107 45 128
1712 4 2 0 1 45 107 224 211
1713 4 2 0 1 323 322 316 284
1714 4 2 0 1 323 316 322 275
1715 4 2 0 1 282 316 322 284
1716 4 2 0 1 282 322 316 275
1717 4 2 0 1 331 314 312 273
1718 4 2 0 1 331 312 314 283
1719 4 2 0 1 118 335 115 127
1720 4 2 0 1 115 335 118 300
1721 4 2 0 1 327 323 316 285
1722 4 2 0 1 327 316 323 275
$EndElements
