$MeshFormat
2.2 0 8
$EndMeshFormat
$Nodes
98
1 0 0 0
2 50 0 0
3 50 50 0
4 0 50 0
5 6.249999999999988 0 0
6 12.49999999999997 0 0
7 18.74999999999995 0 0
8 24.99999999999992 0 0
9 31.24999999999992 0 0
10 37.49999999999995 0 0
11 43.74999999999997 0 0
12 50 6.249999999999988 0
13 50 12.49999999999997 0
14 50 18.74999999999995 0
15 50 24.99999999999992 0
16 50 31.24999999999992 0
17 50 37.49999999999995 0
18 50 43.74999999999997 0
19 43.75000000000001 50 0
20 37.50000000000004 50 0
21 31.25000000000005 50 0
22 25.00000000000008 50 0
23 18.75000000000008 50 0
24 12.50000000000005 50 0
25 6.250000000000028 50 0
26 0 43.75000000000001 0
27 0 37.50000000000004 0
28 0 31.25000000000005 0
29 0 25.00000000000008 0
30 0 18.75000000000008 0
31 0 12.50000000000005 0
32 0 6.250000000000028 0
33 28.12499999999992 5.41265877365273 0
34 44.463753041211 28.20474315531143 0
35 21.87500000000008 44.58734122634726 0
36 6.062957047626195 21.55605851833068 0
37 44.08686574491041 16.53870130384943 0
38 34.50540732181766 44.64924786951805 0
39 15.64054329924009 5.224659304321868 0
40 5.412658773652723 34.37500000000004 0
41 44.52574039056468 39.83289672011652 0
42 9.401483558005514 44.70767471840104 0
43 40.62499999999996 5.412658773652758 0
44 6.038476838184391 9.345467881177012 0
45 15.62941392633431 44.60739680835622 0
46 18.8880866061048 39.25732465864252 0
47 25.02301443435086 39.18845615368588 0
48 22.03920112512501 33.85739260581153 0
49 28.24800247406569 33.83751865385241 0
50 25.02442207476119 28.36389414872076 0
51 19.34714290373709 28.36495893542681 0
52 22.15051908739301 22.84246577596723 0
53 28.17499019369242 22.92342094633014 0
54 25.05425154684765 17.50612643455443 0
55 18.97688669668342 17.40609291020321 0
56 31.25633149541674 17.52215194330382 0
57 34.3843869481849 22.93417603170538 0
58 21.87500000000012 12.11138858443094 0
59 37.50000000000006 17.52404735808368 0
60 34.33411592100113 12.38144633224699 0
61 15.70593197980764 12.48277216388763 0
62 12.20930774214782 17.88680619088858 0
63 40.62144733609108 22.75012415587931 0
64 37.50000000000004 28.34936490538912 0
65 41.10633903139396 33.83929759739068 0
66 34.92579928491805 34.10585090014424 0
67 38.12159029160642 39.34383766549901 0
68 11.76663748994816 38.5466996946593 0
69 5.412658773652755 15.62500000000005 0
70 11.12886794017374 23.67236082055814 0
71 6.856152690197742 28.08991235909741 0
72 10.90462672609508 32.74044641125937 0
73 34.37499999999994 5.412658773652755 0
74 21.87499999999994 5.41265877365273 0
75 28.15057029269479 44.59995461704096 0
76 31.42552191660162 39.25525044597708 0
77 31.37626682927038 28.41903759769034 0
78 28.1250000000001 12.11138858443095 0
79 44.82921084713931 9.668100341973773 0
80 9.592686059069361 4.64628243367352 0
81 5.204975711069519 40.60339110483395 0
82 40.44333219357564 44.8586543220291 0
83 10.38363080069577 12.814459221038 0
84 39.94555302794505 12.503667476647 0
85 16.30366689699721 33.88005713027981 0
86 45.77321493812445 21.87499999999994 0
87 16.40797883887861 22.8862167904605 0
88 46.13312227371034 34.37499999999994 0
89 4.575317547305506 45.4246824526945 0
90 45.4246824526945 45.4246824526945 0
91 45.4246824526945 4.575317547305495 0
92 4.575317547305495 4.575317547305506 0
93 13.49140599934658 28.27232540784701 0
94 31.24999999999992 8.762023679041754 0
95 24.99999999999999 8.76202367904181 0
96 18.74999999999995 8.762023679041739 0
97 36.99195837820303 8.765338539234847 0
98 12.55177866968621 8.732249869236711 0
$EndNodes
$Elements
198
1 15 2 0 1 1
2 15 2 0 2 2
3 15 2 0 3 3
4 15 2 0 4 4
5 1 2 0 1 1 5
6 1 2 0 1 5 6
7 1 2 0 1 6 7
8 1 2 0 1 7 8
9 1 2 0 1 8 9
10 1 2 0 1 9 10
11 1 2 0 1 10 11
12 1 2 0 1 11 2
13 1 2 0 2 2 12
14 1 2 0 2 12 13
15 1 2 0 2 13 14
16 1 2 0 2 14 15
17 1 2 0 2 15 16
18 1 2 0 2 16 17
19 1 2 0 2 17 18
20 1 2 0 2 18 3
21 1 2 0 3 3 19
22 1 2 0 3 19 20
23 1 2 0 3 20 21
24 1 2 0 3 21 22
25 1 2 0 3 22 23
26 1 2 0 3 23 24
27 1 2 0 3 24 25
28 1 2 0 3 25 4
29 1 2 0 4 4 26
30 1 2 0 4 26 27
31 1 2 0 4 27 28
32 1 2 0 4 28 29
33 1 2 0 4 29 30
34 1 2 0 4 30 31
35 1 2 0 4 31 32
36 1 2 0 4 32 1
37 2 2 0 1 68 81 40
38 2 2 0 1 40 72 68
39 2 2 0 1 36 69 62
40 2 2 0 1 37 63 59
41 2 2 0 1 62 70 36
42 2 2 0 1 37 86 63
43 2 2 0 1 29 71 28
44 2 2 0 1 41 67 65
45 2 2 0 1 38 76 67
46 2 2 0 1 65 88 41
47 2 2 0 1 36 71 29
48 2 2 0 1 28 71 40
49 2 2 0 1 34 65 64
50 2 2 0 1 34 64 63
51 2 2 0 1 49 77 66
52 2 2 0 1 67 76 66
53 2 2 0 1 42 81 68
54 2 2 0 1 70 71 36
55 2 2 0 1 66 77 64
56 2 2 0 1 66 76 49
57 2 2 0 1 70 93 71
58 2 2 0 1 71 93 72
59 2 2 0 1 69 83 62
60 2 2 0 1 59 84 37
61 2 2 0 1 65 66 64
62 2 2 0 1 79 84 43
63 2 2 0 1 84 97 43
64 2 2 0 1 72 85 68
65 2 2 0 1 71 72 40
66 2 2 0 1 65 67 66
67 2 2 0 1 67 82 38
68 2 2 0 1 45 68 46
69 2 2 0 1 23 45 35
70 2 2 0 1 30 69 36
71 2 2 0 1 9 73 33
72 2 2 0 1 45 46 35
73 2 2 0 1 31 69 30
74 2 2 0 1 10 73 9
75 2 2 0 1 24 45 23
76 2 2 0 1 49 76 47
77 2 2 0 1 42 68 45
78 2 2 0 1 18 41 17
79 2 2 0 1 7 74 39
80 2 2 0 1 11 43 10
81 2 2 0 1 42 45 24
82 2 2 0 1 44 69 31
83 2 2 0 1 46 47 35
84 2 2 0 1 33 74 8
85 2 2 0 1 16 34 15
86 2 2 0 1 23 35 22
87 2 2 0 1 47 76 75
88 2 2 0 1 25 42 24
89 2 2 0 1 46 48 47
90 2 2 0 1 50 77 49
91 2 2 0 1 9 33 8
92 2 2 0 1 30 36 29
93 2 2 0 1 22 75 21
94 2 2 0 1 35 75 22
95 2 2 0 1 54 56 53
96 2 2 0 1 8 74 7
97 2 2 0 1 14 37 13
98 2 2 0 1 21 38 20
99 2 2 0 1 21 75 38
100 2 2 0 1 32 44 31
101 2 2 0 1 47 75 35
102 2 2 0 1 48 51 50
103 2 2 0 1 53 77 50
104 2 2 0 1 56 57 53
105 2 2 0 1 59 63 57
106 2 2 0 1 7 39 6
107 2 2 0 1 28 40 27
108 2 2 0 1 75 76 38
109 2 2 0 1 57 77 53
110 2 2 0 1 55 61 58
111 2 2 0 1 55 62 61
112 2 2 0 1 63 64 57
113 2 2 0 1 43 73 10
114 2 2 0 1 51 52 50
115 2 2 0 1 52 54 53
116 2 2 0 1 56 60 59
117 2 2 0 1 48 49 47
118 2 2 0 1 52 53 50
119 2 2 0 1 55 58 54
120 2 2 0 1 54 78 56
121 2 2 0 1 58 78 54
122 2 2 0 1 48 50 49
123 2 2 0 1 52 55 54
124 2 2 0 1 56 78 60
125 2 2 0 1 56 59 57
126 2 2 0 1 64 77 57
127 2 2 0 1 62 87 70
128 2 2 0 1 80 98 44
129 2 2 0 1 44 98 83
130 2 2 0 1 27 81 26
131 2 2 0 1 6 80 5
132 2 2 0 1 13 79 12
133 2 2 0 1 63 86 34
134 2 2 0 1 20 82 19
135 2 2 0 1 38 82 20
136 2 2 0 1 34 88 65
137 2 2 0 1 40 81 27
138 2 2 0 1 37 79 13
139 2 2 0 1 39 80 6
140 2 2 0 1 51 93 87
141 2 2 0 1 41 82 67
142 2 2 0 1 68 85 46
143 2 2 0 1 48 85 51
144 2 2 0 1 34 86 15
145 2 2 0 1 14 86 37
146 2 2 0 1 55 87 62
147 2 2 0 1 51 87 52
148 2 2 0 1 16 88 34
149 2 2 0 1 41 88 17
150 2 2 0 1 5 92 1
151 2 2 0 1 1 92 32
152 2 2 0 1 2 91 11
153 2 2 0 1 3 90 18
154 2 2 0 1 19 90 3
155 2 2 0 1 4 89 25
156 2 2 0 1 26 89 4
157 2 2 0 1 12 91 2
158 2 2 0 1 85 93 51
159 2 2 0 1 44 83 69
160 2 2 0 1 62 83 61
161 2 2 0 1 60 84 59
162 2 2 0 1 87 93 70
163 2 2 0 1 46 85 48
164 2 2 0 1 37 84 79
165 2 2 0 1 15 86 14
166 2 2 0 1 52 87 55
167 2 2 0 1 72 93 85
168 2 2 0 1 81 89 26
169 2 2 0 1 80 92 5
170 2 2 0 1 79 91 12
171 2 2 0 1 17 88 16
172 2 2 0 1 18 90 41
173 2 2 0 1 25 89 42
174 2 2 0 1 11 91 43
175 2 2 0 1 32 92 44
176 2 2 0 1 82 90 19
177 2 2 0 1 94 97 60
178 2 2 0 1 95 96 74
179 2 2 0 1 58 96 95
180 2 2 0 1 73 94 33
181 2 2 0 1 33 95 74
182 2 2 0 1 61 96 58
183 2 2 0 1 78 94 60
184 2 2 0 1 74 96 39
185 2 2 0 1 58 95 78
186 2 2 0 1 94 95 33
187 2 2 0 1 78 95 94
188 2 2 0 1 73 97 94
189 2 2 0 1 43 97 73
190 2 2 0 1 43 91 79
191 2 2 0 1 42 89 81
192 2 2 0 1 44 92 80
193 2 2 0 1 61 98 96
194 2 2 0 1 96 98 39
195 2 2 0 1 41 90 82
196 2 2 0 1 39 98 80
197 2 2 0 1 60 97 84
198 2 2 0 1 83 98 61
$EndElements
