$MeshFormat
2.2 0 8
$EndMeshFormat
$ParametricNodes
230
1 0 0 10 0 1
2 0 0 0 0 2
3 0 100 10 0 3
4 0 100 0 0 4
5 100 0 10 0 5
6 100 0 0 0 6
7 100 100 10 0 7
8 100 100 0 0 8
9 0 12.49999999999997 10 1 2 12.49999999999997
10 0 24.99999999999993 10 1 2 24.99999999999993
11 0 37.49999999999989 10 1 2 37.49999999999989
12 0 49.99999999999984 10 1 2 49.99999999999984
13 0 62.49999999999984 10 1 2 62.49999999999984
14 0 74.9999999999999 10 1 2 74.9999999999999
15 0 87.49999999999994 10 1 2 87.49999999999994
16 0 12.49999999999997 0 1 4 12.49999999999997
17 0 24.99999999999993 0 1 4 24.99999999999993
18 0 37.49999999999989 0 1 4 37.49999999999989
19 0 49.99999999999984 0 1 4 49.99999999999984
20 0 62.49999999999984 0 1 4 62.49999999999984
21 0 74.9999999999999 0 1 4 74.9999999999999
22 0 87.49999999999994 0 1 4 87.49999999999994
23 100 12.49999999999997 10 1 6 12.49999999999997
24 100 24.99999999999993 10 1 6 24.99999999999993
25 100 37.49999999999989 10 1 6 37.49999999999989
26 100 49.99999999999984 10 1 6 49.99999999999984
27 100 62.49999999999984 10 1 6 62.49999999999984
28 100 74.9999999999999 10 1 6 74.9999999999999
29 100 87.49999999999994 10 1 6 87.49999999999994
30 100 12.49999999999997 0 1 8 12.49999999999997
31 100 24.99999999999993 0 1 8 24.99999999999993
32 100 37.49999999999989 0 1 8 37.49999999999989
33 100 49.99999999999984 0 1 8 49.99999999999984
34 100 62.49999999999984 0 1 8 62.49999999999984
35 100 74.9999999999999 0 1 8 74.9999999999999
36 100 87.49999999999994 0 1 8 87.49999999999994
37 12.49999999999997 0 0 1 9 12.49999999999997
38 24.99999999999993 0 0 1 9 24.99999999999993
39 37.49999999999989 0 0 1 9 37.49999999999989
40 49.99999999999984 0 0 1 9 49.99999999999984
41 62.49999999999984 0 0 1 9 62.49999999999984
42 74.9999999999999 0 0 1 9 74.9999999999999
43 87.49999999999994 0 0 1 9 87.49999999999994
44 12.49999999999997 0 10 1 10 12.49999999999997
45 24.99999999999993 0 10 1 10 24.99999999999993
46 37.49999999999989 0 10 1 10 37.49999999999989
47 49.99999999999984 0 10 1 10 49.99999999999984
48 62.49999999999984 0 10 1 10 62.49999999999984
49 74.9999999999999 0 10 1 10 74.9999999999999
50 87.49999999999994 0 10 1 10 87.49999999999994
51 12.49999999999997 100 0 1 11 12.49999999999997
52 24.99999999999993 100 0 1 11 24.99999999999993
53 37.49999999999989 100 0 1 11 37.49999999999989
54 49.99999999999984 100 0 1 11 49.99999999999984
55 62.49999999999984 100 0 1 11 62.49999999999984
56 74.9999999999999 100 0 1 11 74.9999999999999
57 87.49999999999994 100 0 1 11 87.49999999999994
58 12.49999999999997 100 10 1 12 12.49999999999997
59 24.99999999999993 100 10 1 12 24.99999999999993
60 37.49999999999989 100 10 1 12 37.49999999999989
61 49.99999999999984 100 10 1 12 49.99999999999984
62 62.49999999999984 100 10 1 12 62.49999999999984
63 74.9999999999999 100 10 1 12 74.9999999999999
64 87.49999999999994 100 10 1 12 87.49999999999994
65 0 68.74999999999987 4.999999999999999 2 1 4.999999999999999 -68.74999999999987
66 0 93.74999999999997 5 2 1 5 -93.74999999999997
67 0 81.24999999999991 4.999999999999998 2 1 4.999999999999998 -81.24999999999991
68 0 56.24999999999984 5 2 1 5 -56.24999999999984
69 0 6.249999999999986 4.999999999999999 2 1 4.999999999999999 -6.249999999999986
70 0 18.74999999999995 5 2 1 5 -18.74999999999995
71 0 31.24999999999991 5 2 1 5 -31.24999999999991
72 0 43.74999999999986 5 2 1 5 -43.74999999999986
73 100 68.74999999999987 4.999999999999999 2 2 4.999999999999999 -68.74999999999987
74 100 93.74999999999997 5 2 2 5 -93.74999999999997
75 100 81.24999999999991 5 2 2 5 -81.24999999999991
76 100 56.24999999999984 5 2 2 5 -56.24999999999984
77 100 6.249999999999987 5 2 2 5 -6.249999999999987
78 100 18.74999999999995 5 2 2 5 -18.74999999999995
79 100 31.24999999999991 5 2 2 5 -31.24999999999991
80 100 43.74999999999986 5 2 2 5 -43.74999999999986
81 68.74999999999987 0 4.999999999999999 2 3 4.999999999999999 68.74999999999987
82 93.74999999999997 0 5 2 3 5 93.74999999999997
83 81.24999999999991 0 5 2 3 5 81.24999999999991
84 56.24999999999984 0 5 2 3 5 56.24999999999984
85 6.249999999999987 0 5 2 3 5 6.249999999999987
86 18.74999999999995 0 5 2 3 5 18.74999999999995
87 31.24999999999991 0 5 2 3 5 31.24999999999991
88 43.74999999999986 0 5 2 3 5 43.74999999999986
89 68.74999999999987 100 4.999999999999999 2 4 4.999999999999999 68.74999999999987
90 93.74999999999997 100 5 2 4 5 93.74999999999997
91 81.24999999999991 100 5 2 4 5 81.24999999999991
92 56.24999999999984 100 5 2 4 5 56.24999999999984
93 6.249999999999987 100 5 2 4 5 6.249999999999987
94 31.24999999999991 100 5 2 4 5 31.24999999999991
95 18.74999999999995 100 5 2 4 5 18.74999999999995
96 43.74999999999986 100 5 2 4 5 43.74999999999986
97 57.14876988476365 11.24243810246153 0 2 5 57.14876988476365 11.24243810246153
98 89.43758686553379 56.70536380057152 0 2 5 89.43758686553379 56.70536380057152
99 10.82531754730546 56.24999999999984 0 2 5 10.82531754730546 56.24999999999984
100 57.41214795617107 88.08310019960389 0 2 5 57.41214795617107 88.08310019960389
101 10.82531754730545 31.24999999999991 0 2 5 10.82531754730545 31.24999999999991
102 89.55068139135625 31.28108659848017 0 2 5 89.55068139135625 31.28108659848017
103 31.97922505585187 89.5957007349905 0 2 5 31.97922505585187 89.5957007349905
104 30.16592931616766 11.20370156194282 0 2 5 30.16592931616766 11.20370156194282
105 89.45379619481022 80.76656081756471 0 2 5 89.45379619481022 80.76656081756471
106 81.30906423764591 12.07695367636874 0 2 5 81.30906423764591 12.07695367636874
107 10.58465056319792 81.19703288398895 0 2 5 10.58465056319792 81.19703288398895
108 10.78520638328754 68.74117214733135 0 2 5 10.78520638328754 68.74117214733135
109 21.56916159881159 62.36899155269869 0 2 5 21.56916159881159 62.36899155269869
110 21.63705617864435 49.97816525878301 0 2 5 21.63705617864435 49.97816525878301
111 32.38532227149237 56.09498899672379 0 2 5 32.38532227149237 56.09498899672379
112 32.45858442751792 43.72052570925107 0 2 5 32.45858442751792 43.72052570925107
113 43.28327042508472 49.9692524509957 0 2 5 43.28327042508472 49.9692524509957
114 43.37567545937587 61.62104309155872 0 2 5 43.37567545937587 61.62104309155872
115 54.22849894677763 55.93815006345241 0 2 5 54.22849894677763 55.93815006345241
116 54.1405729775461 43.6929004190746 0 2 5 54.1405729775461 43.6929004190746
117 64.2663966157161 49.93850841375437 0 2 5 64.2663966157161 49.93850841375437
118 64.63285523428881 62.76311351238905 0 2 5 64.63285523428881 62.76311351238905
119 64.83998471264968 37.48023480547142 0 2 5 64.83998471264968 37.48023480547142
120 53.91261956287032 31.5795214574507 0 2 5 53.91261956287032 31.5795214574507
121 75.77722283113809 43.74999999999982 0 2 5 75.77722283113809 43.74999999999982
122 64.05275871659589 23.3253849807402 0 2 5 64.05275871659589 23.3253849807402
123 69.04888009988149 11.03830098874259 0 2 5 69.04888009988149 11.03830098874259
124 89.17468245269453 68.74999999999982 0 2 5 89.17468245269453 68.74999999999982
125 78.65878827524755 75.37479060349898 0 2 5 78.65878827524755 75.37479060349898
126 79.67657096193284 88.55247200899713 0 2 5 79.67657096193284 88.55247200899713
127 68.45448607416492 81.70240472079442 0 2 5 68.45448607416492 81.70240472079442
128 77.49720748806828 63.43680478904555 0 2 5 77.49720748806828 63.43680478904555
129 20.51526528525786 75.05502180078999 0 2 5 20.51526528525786 75.05502180078999
130 44.06522883533707 89.06292179089542 0 2 5 44.06522883533707 89.06292179089542
131 49.99999999999988 78.34936490538908 0 2 5 49.99999999999988 78.34936490538908
132 38.43067512274678 79.52549537500002 0 2 5 38.43067512274678 79.52549537500002
133 21.64800353590639 37.49563698707766 0 2 5 21.64800353590639 37.49563698707766
134 32.68195465298599 31.60693983621446 0 2 5 32.68195465298599 31.60693983621446
135 88.66050300251285 43.98459425674053 0 2 5 88.66050300251285 43.98459425674053
136 43.54123541376285 12.73937278650298 0 2 5 43.54123541376285 12.73937278650298
137 10.82261580152694 43.74563370764335 0 2 5 10.82261580152694 43.74563370764335
138 10.58465056319786 18.8029671160109 0 2 5 10.58465056319786 18.8029671160109
139 22.71439948827982 23.10801961794247 0 2 5 22.71439948827982 23.10801961794247
140 43.30127018922177 37.49999999999991 0 2 5 43.30127018922177 37.49999999999991
141 43.35162638750468 25.85921732021409 0 2 5 43.35162638750468 25.85921732021409
142 75.777222831138 31.2499999999999 0 2 5 75.777222831138 31.2499999999999
143 90.7074351326529 19.18537211813871 0 2 5 90.7074351326529 19.18537211813871
144 18.64128067054235 10.40437149983943 0 2 5 18.64128067054235 10.40437149983943
145 19.6641309909954 88.56109484397039 0 2 5 19.6641309909954 88.56109484397039
146 32.68406767883398 69.54824978094784 0 2 5 32.68406767883398 69.54824978094784
147 52.55800299592612 67.75056216166945 0 2 5 52.55800299592612 67.75056216166945
148 74.54468522935754 20.55883939704478 0 2 5 74.54468522935754 20.55883939704478
149 52.55549114499963 20.90770309824087 0 2 5 52.55549114499963 20.90770309824087
150 68.60864099845371 91.66759538587911 0 2 5 68.60864099845371 91.66759538587911
151 34.27415346022505 20.90974339496188 0 2 5 34.27415346022505 20.90974339496188
152 80.39633961761028 52.79873263617386 0 2 5 80.39633961761028 52.79873263617386
153 69.72086508137684 71.89163598566891 0 2 5 69.72086508137684 71.89163598566891
154 9.150635094611003 90.84936490538897 0 2 5 9.150635094611003 90.84936490538897
155 90.84936490538897 9.150635094610996 0 2 5 90.84936490538897 9.150635094610996
156 90.849364905389 90.849364905389 0 2 5 90.849364905389 90.849364905389
157 9.150635094610939 9.150635094610939 0 2 5 9.150635094610939 9.150635094610939
158 60.14818206502414 75.40175483473745 0 2 5 60.14818206502414 75.40175483473745
159 43.74999999999987 71.65063509461089 0 2 5 43.74999999999987 71.65063509461089
160 82.47185888452822 36.86845263403738 0 2 5 82.47185888452822 36.86845263403738
161 72.23808150416582 55.0267370501946 0 2 5 72.23808150416582 55.0267370501946
162 82.53550026152644 25.10355733937245 0 2 5 82.53550026152644 25.10355733937245
163 28.76237401415359 80.52157255525283 0 2 5 28.76237401415359 80.52157255525283
164 10.82531754730546 56.24999999999984 10 2 6 10.82531754730546 56.24999999999984
165 57.41214795617103 88.08310019960385 10 2 6 57.41214795617103 88.08310019960385
166 56.65865088063863 11.19148383639983 10 2 6 56.65865088063863 11.19148383639983
167 89.43758686553379 56.7053638005715 10 2 6 89.43758686553379 56.7053638005715
168 31.3521627201596 10.7663338733201 10 2 6 31.3521627201596 10.7663338733201
169 89.55068139135625 31.28108659848017 10 2 6 89.55068139135625 31.28108659848017
170 31.35216272015959 89.23366612667988 10 2 6 31.35216272015959 89.23366612667988
171 10.82531754730544 31.24999999999991 10 2 6 10.82531754730544 31.24999999999991
172 89.45379619481022 80.76656081756471 10 2 6 89.45379619481022 80.76656081756471
173 81.30906423764591 12.07695367636873 10 2 6 81.30906423764591 12.07695367636873
174 11.97390805823168 80.17356289903292 10 2 6 11.97390805823168 80.17356289903292
175 10.65471469081588 67.94353148081305 10 2 6 10.65471469081588 67.94353148081305
176 21.18537837508904 61.60898910592002 10 2 6 21.18537837508904 61.60898910592002
177 21.8603386145382 49.35397298715064 10 2 6 21.8603386145382 49.35397298715064
178 32.35857214018758 55.86428987698861 10 2 6 32.35857214018758 55.86428987698861
179 32.60896434644187 43.66966407372308 10 2 6 32.60896434644187 43.66966407372308
180 43.30387538968791 49.92232565845183 10 2 6 43.30387538968791 49.92232565845183
181 43.3746512649256 61.57477210617886 10 2 6 43.3746512649256 61.57477210617886
182 54.23176240846978 55.92261710046512 10 2 6 54.23176240846978 55.92261710046512
183 54.14455104859533 43.68249045981939 10 2 6 54.14455104859533 43.68249045981939
184 64.26760353783968 49.93418459338061 10 2 6 64.26760353783968 49.93418459338061
185 64.63331139590265 62.76108731000525 10 2 6 64.63331139590265 62.76108731000525
186 64.84084887817849 37.47777917553323 10 2 6 64.84084887817849 37.47777917553323
187 53.60622549730147 32.04507223123109 10 2 6 53.60622549730147 32.04507223123109
188 75.77722283113812 43.74999999999981 10 2 6 75.77722283113812 43.74999999999981
189 63.51899258389373 23.34058716379882 10 2 6 63.51899258389373 23.34058716379882
190 68.8403005164101 10.93181103765221 10 2 6 68.8403005164101 10.93181103765221
191 89.17468245269453 68.74999999999982 10 2 6 89.17468245269453 68.74999999999982
192 78.65878827524753 75.37479060349895 10 2 6 78.65878827524753 75.37479060349895
193 79.6765709619328 88.55247200899709 10 2 6 79.6765709619328 88.55247200899709
194 68.45448607416489 81.70240472079438 10 2 6 68.45448607416489 81.70240472079438
195 77.4972726540131 63.43651533156213 10 2 6 77.4972726540131 63.43651533156213
196 75.77722283113809 31.24999999999983 10 2 6 75.77722283113809 31.24999999999983
197 43.96071844605501 89.00258268951031 10 2 6 43.96071844605501 89.00258268951031
198 49.99999999999989 78.34936490538908 10 2 6 49.99999999999989 78.34936490538908
199 37.68168399955877 79.09306514840679 10 2 6 37.68168399955877 79.09306514840679
200 25.3127302291323 79.53988030423898 10 2 6 25.3127302291323 79.53988030423898
201 88.66050300251285 43.98459425674054 10 2 6 88.66050300251285 43.98459425674054
202 43.74999999999989 10.82531754730547 10 2 6 43.74999999999989 10.82531754730547
203 37.49999999999987 21.6506350946109 10 2 6 37.49999999999987 21.6506350946109
204 23.85227220552702 22.97405866298219 10 2 6 23.85227220552702 22.97405866298219
205 43.53707865350043 38.19602685762354 10 2 6 43.53707865350043 38.19602685762354
206 11.14751444047428 43.14480363402243 10 2 6 11.14751444047428 43.14480363402243
207 10.82531754730545 18.74999999999995 10 2 6 10.82531754730545 18.74999999999995
208 22.33673758725847 37.30127945174083 10 2 6 22.33673758725847 37.30127945174083
209 90.7074351326529 19.18537211813871 10 2 6 90.7074351326529 19.18537211813871
210 18.94661080213125 10.33005057607824 10 2 6 18.94661080213125 10.33005057607824
211 19.21490601702241 89.96607903922344 10 2 6 19.21490601702241 89.96607903922344
212 31.87734906480577 68.65275108888432 10 2 6 31.87734906480577 68.65275108888432
213 52.55845223406875 67.73992380321093 10 2 6 52.55845223406875 67.73992380321093
214 49.99999999999988 20.49826792378819 10 2 6 49.99999999999988 20.49826792378819
215 74.39621608612285 20.54058184343841 10 2 6 74.39621608612285 20.54058184343841
216 68.60864099845371 91.66759538587905 10 2 6 68.60864099845371 91.66759538587905
217 33.9495564836836 32.39285543036747 10 2 6 33.9495564836836 32.39285543036747
218 80.39634892703097 52.79869128510479 10 2 6 80.39634892703097 52.79869128510479
219 69.72096934688857 71.89117285369545 10 2 6 69.72096934688857 71.89117285369545
220 9.150635094611003 90.84936490538897 10 2 6 9.150635094611003 90.84936490538897
221 90.84936490538897 9.150635094610996 10 2 6 90.84936490538897 9.150635094610996
222 90.849364905389 90.849364905389 10 2 6 90.849364905389 90.849364905389
223 9.150635094610939 9.150635094610939 10 2 6 9.150635094610939 9.150635094610939
224 60.14830226327035 75.40019201416411 10 2 6 60.14830226327035 75.40019201416411
225 44.39877758398082 28.11189582824601 10 2 6 44.39877758398082 28.11189582824601
226 43.74999999999989 71.65063509461085 10 2 6 43.74999999999989 71.65063509461085
227 82.47185888452827 36.86845263403744 10 2 6 82.47185888452827 36.86845263403744
228 72.2383297268948 55.02578264572173 10 2 6 72.2383297268948 55.02578264572173
229 82.53550026152641 25.10355733937244 10 2 6 82.53550026152641 25.10355733937244
230 19.74168861051536 71.36376191512153 10 2 6 19.74168861051536 71.36376191512153
$EndParametricNodes
$Elements
1130
1 15 2 0 1 1
2 15 2 0 2 2
3 15 2 0 3 3
4 15 2 0 4 4
5 15 2 0 5 5
6 15 2 0 6 6
7 15 2 0 7 7
8 15 2 0 8 8
9 1 2 0 1 2 1
10 1 2 0 2 1 9
11 1 2 0 2 9 10
12 1 2 0 2 10 11
13 1 2 0 2 11 12
14 1 2 0 2 12 13
15 1 2 0 2 13 14
16 1 2 0 2 14 15
17 1 2 0 2 15 3
18 1 2 0 3 4 3
19 1 2 0 4 2 16
20 1 2 0 4 16 17
21 1 2 0 4 17 18
22 1 2 0 4 18 19
23 1 2 0 4 19 20
24 1 2 0 4 20 21
25 1 2 0 4 21 22
26 1 2 0 4 22 4
27 1 2 0 5 6 5
28 1 2 0 6 5 23
29 1 2 0 6 23 24
30 1 2 0 6 24 25
31 1 2 0 6 25 26
32 1 2 0 6 26 27
33 1 2 0 6 27 28
34 1 2 0 6 28 29
35 1 2 0 6 29 7
36 1 2 0 7 8 7
37 1 2 0 8 6 30
38 1 2 0 8 30 31
39 1 2 0 8 31 32
40 1 2 0 8 32 33
41 1 2 0 8 33 34
42 1 2 0 8 34 35
43 1 2 0 8 35 36
44 1 2 0 8 36 8
45 1 2 0 9 2 37
46 1 2 0 9 37 38
47 1 2 0 9 38 39
48 1 2 0 9 39 40
49 1 2 0 9 40 41
50 1 2 0 9 41 42
51 1 2 0 9 42 43
52 1 2 0 9 43 6
53 1 2 0 10 1 44
54 1 2 0 10 44 45
55 1 2 0 10 45 46
56 1 2 0 10 46 47
57 1 2 0 10 47 48
58 1 2 0 10 48 49
59 1 2 0 10 49 50
60 1 2 0 10 50 5
61 1 2 0 11 4 51
62 1 2 0 11 51 52
63 1 2 0 11 52 53
64 1 2 0 11 53 54
65 1 2 0 11 54 55
66 1 2 0 11 55 56
67 1 2 0 11 56 57
68 1 2 0 11 57 8
69 1 2 0 12 3 58
70 1 2 0 12 58 59
71 1 2 0 12 59 60
72 1 2 0 12 60 61
73 1 2 0 12 61 62
74 1 2 0 12 62 63
75 1 2 0 12 63 64
76 1 2 0 12 64 7
77 2 2 0 1 2 1 69
78 2 2 0 1 1 9 69
79 2 2 0 1 16 2 69
80 2 2 0 1 3 4 66
81 2 2 0 1 15 3 66
82 2 2 0 1 4 22 66
83 2 2 0 1 9 10 70
84 2 2 0 1 9 16 69
85 2 2 0 1 16 9 70
86 2 2 0 1 10 11 71
87 2 2 0 1 10 17 70
88 2 2 0 1 17 10 71
89 2 2 0 1 11 12 72
90 2 2 0 1 11 18 71
91 2 2 0 1 18 11 72
92 2 2 0 1 12 13 68
93 2 2 0 1 19 12 68
94 2 2 0 1 12 19 72
95 2 2 0 1 13 14 65
96 2 2 0 1 20 13 65
97 2 2 0 1 13 20 68
98 2 2 0 1 14 15 67
99 2 2 0 1 14 21 65
100 2 2 0 1 21 14 67
101 2 2 0 1 22 15 66
102 2 2 0 1 15 22 67
103 2 2 0 1 17 16 70
104 2 2 0 1 18 17 71
105 2 2 0 1 19 18 72
106 2 2 0 1 20 19 68
107 2 2 0 1 21 20 65
108 2 2 0 1 22 21 67
109 2 2 0 2 6 77 5
110 2 2 0 2 5 77 23
111 2 2 0 2 30 77 6
112 2 2 0 2 7 74 8
113 2 2 0 2 29 74 7
114 2 2 0 2 8 74 36
115 2 2 0 2 23 78 24
116 2 2 0 2 23 77 30
117 2 2 0 2 30 78 23
118 2 2 0 2 24 79 25
119 2 2 0 2 24 78 31
120 2 2 0 2 31 79 24
121 2 2 0 2 25 80 26
122 2 2 0 2 25 79 32
123 2 2 0 2 32 80 25
124 2 2 0 2 26 76 27
125 2 2 0 2 33 76 26
126 2 2 0 2 26 80 33
127 2 2 0 2 27 73 28
128 2 2 0 2 34 73 27
129 2 2 0 2 27 76 34
130 2 2 0 2 28 75 29
131 2 2 0 2 28 73 35
132 2 2 0 2 35 75 28
133 2 2 0 2 36 74 29
134 2 2 0 2 29 75 36
135 2 2 0 2 31 78 30
136 2 2 0 2 32 79 31
137 2 2 0 2 33 80 32
138 2 2 0 2 34 76 33
139 2 2 0 2 35 73 34
140 2 2 0 2 36 75 35
141 2 2 0 3 1 2 85
142 2 2 0 3 44 1 85
143 2 2 0 3 2 37 85
144 2 2 0 3 6 5 82
145 2 2 0 3 5 50 82
146 2 2 0 3 43 6 82
147 2 2 0 3 37 38 86
148 2 2 0 3 37 44 85
149 2 2 0 3 44 37 86
150 2 2 0 3 38 39 87
151 2 2 0 3 38 45 86
152 2 2 0 3 45 38 87
153 2 2 0 3 39 40 88
154 2 2 0 3 39 46 87
155 2 2 0 3 46 39 88
156 2 2 0 3 40 41 84
157 2 2 0 3 47 40 84
158 2 2 0 3 40 47 88
159 2 2 0 3 41 42 81
160 2 2 0 3 48 41 81
161 2 2 0 3 41 48 84
162 2 2 0 3 42 43 83
163 2 2 0 3 42 49 81
164 2 2 0 3 49 42 83
165 2 2 0 3 50 43 82
166 2 2 0 3 43 50 83
167 2 2 0 3 45 44 86
168 2 2 0 3 46 45 87
169 2 2 0 3 47 46 88
170 2 2 0 3 48 47 84
171 2 2 0 3 49 48 81
172 2 2 0 3 50 49 83
173 2 2 0 4 3 93 4
174 2 2 0 4 58 93 3
175 2 2 0 4 4 93 51
176 2 2 0 4 8 90 7
177 2 2 0 4 7 90 64
178 2 2 0 4 57 90 8
179 2 2 0 4 51 95 52
180 2 2 0 4 51 93 58
181 2 2 0 4 58 95 51
182 2 2 0 4 52 94 53
183 2 2 0 4 59 94 52
184 2 2 0 4 52 95 59
185 2 2 0 4 53 96 54
186 2 2 0 4 53 94 60
187 2 2 0 4 60 96 53
188 2 2 0 4 54 92 55
189 2 2 0 4 61 92 54
190 2 2 0 4 54 96 61
191 2 2 0 4 55 89 56
192 2 2 0 4 62 89 55
193 2 2 0 4 55 92 62
194 2 2 0 4 56 91 57
195 2 2 0 4 56 89 63
196 2 2 0 4 63 91 56
197 2 2 0 4 64 90 57
198 2 2 0 4 57 91 64
199 2 2 0 4 59 95 58
200 2 2 0 4 60 94 59
201 2 2 0 4 61 96 60
202 2 2 0 4 62 92 61
203 2 2 0 4 63 89 62
204 2 2 0 4 64 91 63
205 2 2 0 5 2 16 157
206 2 2 0 5 37 2 157
207 2 2 0 5 22 4 154
208 2 2 0 5 4 51 154
209 2 2 0 5 30 6 155
210 2 2 0 5 6 43 155
211 2 2 0 5 8 36 156
212 2 2 0 5 57 8 156
213 2 2 0 5 16 17 138
214 2 2 0 5 16 138 157
215 2 2 0 5 17 18 101
216 2 2 0 5 17 101 138
217 2 2 0 5 18 19 137
218 2 2 0 5 101 18 137
219 2 2 0 5 19 20 99
220 2 2 0 5 19 99 137
221 2 2 0 5 20 21 108
222 2 2 0 5 99 20 108
223 2 2 0 5 21 22 107
224 2 2 0 5 21 107 108
225 2 2 0 5 107 22 154
226 2 2 0 5 31 30 143
227 2 2 0 5 143 30 155
228 2 2 0 5 32 31 102
229 2 2 0 5 102 31 143
230 2 2 0 5 33 32 135
231 2 2 0 5 32 102 135
232 2 2 0 5 34 33 98
233 2 2 0 5 98 33 135
234 2 2 0 5 35 34 124
235 2 2 0 5 34 98 124
236 2 2 0 5 36 35 105
237 2 2 0 5 105 35 124
238 2 2 0 5 36 105 156
239 2 2 0 5 38 37 144
240 2 2 0 5 144 37 157
241 2 2 0 5 39 38 104
242 2 2 0 5 104 38 144
243 2 2 0 5 40 39 136
244 2 2 0 5 39 104 136
245 2 2 0 5 41 40 97
246 2 2 0 5 97 40 136
247 2 2 0 5 42 41 123
248 2 2 0 5 41 97 123
249 2 2 0 5 43 42 106
250 2 2 0 5 106 42 123
251 2 2 0 5 43 106 155
252 2 2 0 5 51 52 145
253 2 2 0 5 51 145 154
254 2 2 0 5 52 53 103
255 2 2 0 5 52 103 145
256 2 2 0 5 53 54 130
257 2 2 0 5 103 53 130
258 2 2 0 5 54 55 100
259 2 2 0 5 54 100 130
260 2 2 0 5 55 56 150
261 2 2 0 5 100 55 150
262 2 2 0 5 56 57 126
263 2 2 0 5 56 126 150
264 2 2 0 5 126 57 156
265 2 2 0 5 97 122 123
266 2 2 0 5 122 97 149
267 2 2 0 5 97 136 149
268 2 2 0 5 124 98 128
269 2 2 0 5 128 98 152
270 2 2 0 5 98 135 152
271 2 2 0 5 99 108 109
272 2 2 0 5 99 109 110
273 2 2 0 5 99 110 137
274 2 2 0 5 127 100 150
275 2 2 0 5 100 127 158
276 2 2 0 5 130 100 131
277 2 2 0 5 131 100 158
278 2 2 0 5 133 101 137
279 2 2 0 5 101 133 139
280 2 2 0 5 138 101 139
281 2 2 0 5 135 102 160
282 2 2 0 5 102 143 162
283 2 2 0 5 160 102 162
284 2 2 0 5 103 130 132
285 2 2 0 5 103 132 163
286 2 2 0 5 145 103 163
287 2 2 0 5 136 104 151
288 2 2 0 5 139 104 144
289 2 2 0 5 104 139 151
290 2 2 0 5 105 124 125
291 2 2 0 5 105 125 126
292 2 2 0 5 105 126 156
293 2 2 0 5 106 123 148
294 2 2 0 5 106 143 155
295 2 2 0 5 143 106 162
296 2 2 0 5 106 148 162
297 2 2 0 5 108 107 129
298 2 2 0 5 129 107 145
299 2 2 0 5 145 107 154
300 2 2 0 5 109 108 129
301 2 2 0 5 110 109 111
302 2 2 0 5 111 109 146
303 2 2 0 5 109 129 146
304 2 2 0 5 110 111 112
305 2 2 0 5 110 112 133
306 2 2 0 5 110 133 137
307 2 2 0 5 112 111 113
308 2 2 0 5 113 111 114
309 2 2 0 5 114 111 146
310 2 2 0 5 112 113 140
311 2 2 0 5 133 112 134
312 2 2 0 5 134 112 140
313 2 2 0 5 113 114 115
314 2 2 0 5 113 115 116
315 2 2 0 5 113 116 140
316 2 2 0 5 115 114 147
317 2 2 0 5 114 146 159
318 2 2 0 5 147 114 159
319 2 2 0 5 116 115 117
320 2 2 0 5 117 115 118
321 2 2 0 5 118 115 147
322 2 2 0 5 116 117 119
323 2 2 0 5 116 119 120
324 2 2 0 5 116 120 140
325 2 2 0 5 117 118 161
326 2 2 0 5 119 117 121
327 2 2 0 5 121 117 161
328 2 2 0 5 128 118 153
329 2 2 0 5 118 128 161
330 2 2 0 5 118 147 158
331 2 2 0 5 153 118 158
332 2 2 0 5 120 119 122
333 2 2 0 5 119 121 142
334 2 2 0 5 122 119 142
335 2 2 0 5 120 122 149
336 2 2 0 5 140 120 141
337 2 2 0 5 141 120 149
338 2 2 0 5 135 121 152
339 2 2 0 5 121 135 160
340 2 2 0 5 142 121 160
341 2 2 0 5 152 121 161
342 2 2 0 5 123 122 148
343 2 2 0 5 122 142 148
344 2 2 0 5 125 124 128
345 2 2 0 5 126 125 127
346 2 2 0 5 127 125 153
347 2 2 0 5 125 128 153
348 2 2 0 5 126 127 150
349 2 2 0 5 127 153 158
350 2 2 0 5 128 152 161
351 2 2 0 5 129 145 163
352 2 2 0 5 146 129 163
353 2 2 0 5 130 131 132
354 2 2 0 5 132 131 159
355 2 2 0 5 147 131 158
356 2 2 0 5 131 147 159
357 2 2 0 5 146 132 159
358 2 2 0 5 132 146 163
359 2 2 0 5 133 134 139
360 2 2 0 5 139 134 151
361 2 2 0 5 134 140 141
362 2 2 0 5 134 141 151
363 2 2 0 5 136 141 149
364 2 2 0 5 141 136 151
365 2 2 0 5 138 139 144
366 2 2 0 5 138 144 157
367 2 2 0 5 148 142 162
368 2 2 0 5 142 160 162
369 2 2 0 6 1 223 9
370 2 2 0 6 44 223 1
371 2 2 0 6 15 220 3
372 2 2 0 6 3 220 58
373 2 2 0 6 23 221 5
374 2 2 0 6 5 221 50
375 2 2 0 6 7 222 29
376 2 2 0 6 64 222 7
377 2 2 0 6 9 207 10
378 2 2 0 6 9 223 207
379 2 2 0 6 10 171 11
380 2 2 0 6 10 207 171
381 2 2 0 6 11 206 12
382 2 2 0 6 171 206 11
383 2 2 0 6 12 164 13
384 2 2 0 6 12 206 164
385 2 2 0 6 13 175 14
386 2 2 0 6 164 175 13
387 2 2 0 6 14 174 15
388 2 2 0 6 14 175 174
389 2 2 0 6 174 220 15
390 2 2 0 6 24 209 23
391 2 2 0 6 209 221 23
392 2 2 0 6 25 169 24
393 2 2 0 6 169 209 24
394 2 2 0 6 26 201 25
395 2 2 0 6 25 201 169
396 2 2 0 6 27 167 26
397 2 2 0 6 167 201 26
398 2 2 0 6 28 191 27
399 2 2 0 6 27 191 167
400 2 2 0 6 29 172 28
401 2 2 0 6 172 191 28
402 2 2 0 6 29 222 172
403 2 2 0 6 45 210 44
404 2 2 0 6 210 223 44
405 2 2 0 6 46 168 45
406 2 2 0 6 168 210 45
407 2 2 0 6 47 202 46
408 2 2 0 6 46 202 168
409 2 2 0 6 48 166 47
410 2 2 0 6 166 202 47
411 2 2 0 6 49 190 48
412 2 2 0 6 48 190 166
413 2 2 0 6 50 173 49
414 2 2 0 6 173 190 49
415 2 2 0 6 50 221 173
416 2 2 0 6 58 211 59
417 2 2 0 6 58 220 211
418 2 2 0 6 59 170 60
419 2 2 0 6 59 211 170
420 2 2 0 6 60 197 61
421 2 2 0 6 170 197 60
422 2 2 0 6 61 165 62
423 2 2 0 6 61 197 165
424 2 2 0 6 62 216 63
425 2 2 0 6 165 216 62
426 2 2 0 6 63 193 64
427 2 2 0 6 63 216 193
428 2 2 0 6 193 222 64
429 2 2 0 6 164 176 175
430 2 2 0 6 164 177 176
431 2 2 0 6 164 206 177
432 2 2 0 6 194 216 165
433 2 2 0 6 165 224 194
434 2 2 0 6 197 198 165
435 2 2 0 6 198 224 165
436 2 2 0 6 166 190 189
437 2 2 0 6 189 214 166
438 2 2 0 6 166 214 202
439 2 2 0 6 191 195 167
440 2 2 0 6 195 218 167
441 2 2 0 6 167 218 201
442 2 2 0 6 202 203 168
443 2 2 0 6 203 204 168
444 2 2 0 6 204 210 168
445 2 2 0 6 201 227 169
446 2 2 0 6 169 229 209
447 2 2 0 6 227 229 169
448 2 2 0 6 170 199 197
449 2 2 0 6 170 200 199
450 2 2 0 6 170 211 200
451 2 2 0 6 171 207 204
452 2 2 0 6 204 208 171
453 2 2 0 6 171 208 206
454 2 2 0 6 172 192 191
455 2 2 0 6 172 193 192
456 2 2 0 6 172 222 193
457 2 2 0 6 173 215 190
458 2 2 0 6 173 221 209
459 2 2 0 6 209 229 173
460 2 2 0 6 173 229 215
461 2 2 0 6 175 230 174
462 2 2 0 6 200 211 174
463 2 2 0 6 174 230 200
464 2 2 0 6 211 220 174
465 2 2 0 6 176 230 175
466 2 2 0 6 177 178 176
467 2 2 0 6 178 212 176
468 2 2 0 6 212 230 176
469 2 2 0 6 177 179 178
470 2 2 0 6 177 208 179
471 2 2 0 6 206 208 177
472 2 2 0 6 179 180 178
473 2 2 0 6 180 181 178
474 2 2 0 6 181 212 178
475 2 2 0 6 179 205 180
476 2 2 0 6 179 217 205
477 2 2 0 6 208 217 179
478 2 2 0 6 180 182 181
479 2 2 0 6 180 183 182
480 2 2 0 6 180 205 183
481 2 2 0 6 182 213 181
482 2 2 0 6 181 226 212
483 2 2 0 6 213 226 181
484 2 2 0 6 183 184 182
485 2 2 0 6 184 185 182
486 2 2 0 6 185 213 182
487 2 2 0 6 183 186 184
488 2 2 0 6 183 187 186
489 2 2 0 6 183 205 187
490 2 2 0 6 184 228 185
491 2 2 0 6 186 188 184
492 2 2 0 6 188 228 184
493 2 2 0 6 195 219 185
494 2 2 0 6 185 228 195
495 2 2 0 6 185 224 213
496 2 2 0 6 219 224 185
497 2 2 0 6 187 189 186
498 2 2 0 6 186 196 188
499 2 2 0 6 189 196 186
500 2 2 0 6 187 214 189
501 2 2 0 6 205 225 187
502 2 2 0 6 187 225 214
503 2 2 0 6 196 227 188
504 2 2 0 6 201 218 188
505 2 2 0 6 188 227 201
506 2 2 0 6 218 228 188
507 2 2 0 6 190 215 189
508 2 2 0 6 189 215 196
509 2 2 0 6 192 195 191
510 2 2 0 6 193 194 192
511 2 2 0 6 194 219 192
512 2 2 0 6 192 219 195
513 2 2 0 6 193 216 194
514 2 2 0 6 194 224 219
515 2 2 0 6 195 228 218
516 2 2 0 6 215 229 196
517 2 2 0 6 196 229 227
518 2 2 0 6 197 199 198
519 2 2 0 6 199 226 198
520 2 2 0 6 213 224 198
521 2 2 0 6 198 226 213
522 2 2 0 6 200 212 199
523 2 2 0 6 212 226 199
524 2 2 0 6 200 230 212
525 2 2 0 6 202 214 203
526 2 2 0 6 203 217 204
527 2 2 0 6 214 225 203
528 2 2 0 6 203 225 217
529 2 2 0 6 207 210 204
530 2 2 0 6 204 217 208
531 2 2 0 6 217 225 205
532 2 2 0 6 207 223 210
533 4 2 0 1 99 13 20 68
534 4 2 0 1 170 94 52 59
535 4 2 0 1 92 165 61 100
536 4 2 0 1 61 54 92 100
537 4 2 0 1 52 103 94 170
538 4 2 0 1 201 25 32 80
539 4 2 0 1 201 32 135 80
540 4 2 0 1 124 28 73 35
541 4 2 0 1 73 27 191 34
542 4 2 0 1 137 12 19 72
543 4 2 0 1 99 19 12 68
544 4 2 0 1 68 99 13 164
545 4 2 0 1 108 14 21 65
546 4 2 0 1 191 28 73 124
547 4 2 0 1 124 73 191 34
548 4 2 0 1 60 53 96 197
549 4 2 0 1 33 26 201 80
550 4 2 0 1 169 31 79 24
551 4 2 0 1 10 17 138 70
552 4 2 0 1 173 83 49 42
553 4 2 0 1 173 83 42 106
554 4 2 0 1 135 33 201 80
555 4 2 0 1 31 169 79 102
556 4 2 0 1 65 108 14 175
557 4 2 0 1 48 190 81 41
558 4 2 0 1 206 18 11 72
559 4 2 0 1 12 99 68 164
560 4 2 0 1 206 137 18 72
561 4 2 0 1 76 26 167 33
562 4 2 0 1 12 137 206 72
563 4 2 0 1 53 130 96 197
564 4 2 0 1 105 75 28 35
565 4 2 0 1 28 172 75 105
566 4 2 0 1 169 25 79 102
567 4 2 0 1 123 81 190 41
568 4 2 0 1 88 39 46 202
569 4 2 0 1 63 216 89 150
570 4 2 0 1 32 79 25 102
571 4 2 0 1 211 52 95 59
572 4 2 0 1 13 20 65 175
573 4 2 0 1 98 76 167 33
574 4 2 0 1 10 138 207 70
575 4 2 0 1 113 182 116 115
576 4 2 0 1 40 166 47 84
577 4 2 0 1 182 183 180 116
578 4 2 0 1 182 113 116 180
579 4 2 0 1 65 20 108 175
580 4 2 0 1 86 38 210 45
581 4 2 0 1 179 112 113 205
582 4 2 0 1 62 165 92 55
583 4 2 0 1 137 19 12 99
584 4 2 0 1 113 179 205 180
585 4 2 0 1 99 137 110 164
586 4 2 0 1 178 112 113 179
587 4 2 0 1 113 178 179 180
588 4 2 0 1 167 27 76 34
589 4 2 0 1 47 88 202 40
590 4 2 0 1 140 113 112 205
591 4 2 0 1 103 94 170 60
592 4 2 0 1 94 103 53 60
593 4 2 0 1 164 137 110 177
594 4 2 0 1 48 97 41 84
595 4 2 0 1 180 205 113 116
596 4 2 0 1 205 180 183 116
597 4 2 0 1 87 104 38 45
598 4 2 0 1 56 63 89 150
599 4 2 0 1 52 211 170 59
600 4 2 0 1 31 78 209 143
601 4 2 0 1 18 11 71 171
602 4 2 0 1 71 10 17 171
603 4 2 0 1 126 63 91 56
604 4 2 0 1 25 169 201 102
605 4 2 0 1 99 12 137 164
606 4 2 0 1 124 105 28 35
607 4 2 0 1 28 191 172 105
608 4 2 0 1 81 190 49 123
609 4 2 0 1 42 81 49 123
610 4 2 0 1 97 166 40 84
611 4 2 0 1 118 182 213 115
612 4 2 0 1 205 140 113 116
613 4 2 0 1 209 24 78 31
614 4 2 0 1 102 31 209 143
615 4 2 0 1 32 25 201 102
616 4 2 0 1 135 32 201 102
617 4 2 0 1 38 144 86 210
618 4 2 0 1 193 156 91 222
619 4 2 0 1 20 13 99 175
620 4 2 0 1 216 89 150 55
621 4 2 0 1 95 145 52 211
622 4 2 0 1 28 191 105 124
623 4 2 0 1 178 110 112 177
624 4 2 0 1 165 198 130 131
625 4 2 0 1 105 172 75 156
626 4 2 0 1 209 78 221 143
627 4 2 0 1 137 164 206 177
628 4 2 0 1 215 122 148 123
629 4 2 0 1 165 92 55 100
630 4 2 0 1 177 112 178 179
631 4 2 0 1 105 192 172 126
632 4 2 0 1 211 145 52 170
633 4 2 0 1 24 209 169 31
634 4 2 0 1 115 118 182 117
635 4 2 0 1 112 113 111 178
636 4 2 0 1 118 224 219 153
637 4 2 0 1 107 21 108 174
638 4 2 0 1 26 201 167 33
639 4 2 0 1 128 191 98 124
640 4 2 0 1 39 87 46 168
641 4 2 0 1 161 228 184 121
642 4 2 0 1 192 172 191 105
643 4 2 0 1 111 110 112 178
644 4 2 0 1 147 118 213 115
645 4 2 0 1 229 173 215 148
646 4 2 0 1 108 20 99 175
647 4 2 0 1 34 76 167 98
648 4 2 0 1 173 148 123 215
649 4 2 0 1 172 222 75 156
650 4 2 0 1 182 113 181 115
651 4 2 0 1 31 209 169 102
652 4 2 0 1 154 95 220 211
653 4 2 0 1 218 152 135 121
654 4 2 0 1 96 130 61 197
655 4 2 0 1 13 99 175 164
656 4 2 0 1 167 135 33 201
657 4 2 0 1 180 113 181 182
658 4 2 0 1 116 115 182 117
659 4 2 0 1 182 184 183 116
660 4 2 0 1 39 88 136 202
661 4 2 0 1 103 52 145 170
662 4 2 0 1 114 159 146 226
663 4 2 0 1 187 140 205 116
664 4 2 0 1 219 118 153 128
665 4 2 0 1 12 137 164 206
666 4 2 0 1 130 198 132 131
667 4 2 0 1 106 221 83 155
668 4 2 0 1 97 48 166 84
669 4 2 0 1 88 136 202 40
670 4 2 0 1 105 191 192 124
671 4 2 0 1 182 118 213 185
672 4 2 0 1 67 107 154 220
673 4 2 0 1 178 113 181 180
674 4 2 0 1 60 103 53 197
675 4 2 0 1 27 167 191 34
676 4 2 0 1 150 165 216 55
677 4 2 0 1 176 110 178 177
678 4 2 0 1 205 183 187 116
679 4 2 0 1 21 14 108 174
680 4 2 0 1 176 99 110 164
681 4 2 0 1 185 184 182 117
682 4 2 0 1 126 125 194 127
683 4 2 0 1 105 125 192 126
684 4 2 0 1 156 193 91 126
685 4 2 0 1 178 111 110 176
686 4 2 0 1 143 78 221 155
687 4 2 0 1 125 194 192 126
688 4 2 0 1 109 108 99 175
689 4 2 0 1 91 193 63 126
690 4 2 0 1 126 194 216 150
691 4 2 0 1 181 212 111 178
692 4 2 0 1 216 63 126 150
693 4 2 0 1 130 54 96 61
694 4 2 0 1 130 61 197 165
695 4 2 0 1 176 109 99 175
696 4 2 0 1 192 125 105 124
697 4 2 0 1 191 98 124 34
698 4 2 0 1 182 184 116 117
699 4 2 0 1 135 167 33 98
700 4 2 0 1 119 184 121 117
701 4 2 0 1 195 98 191 167
702 4 2 0 1 191 128 98 195
703 4 2 0 1 60 170 103 197
704 4 2 0 1 186 121 184 188
705 4 2 0 1 128 192 191 124
706 4 2 0 1 118 213 224 147
707 4 2 0 1 118 185 182 117
708 4 2 0 1 223 138 157 70
709 4 2 0 1 198 130 197 165
710 4 2 0 1 209 162 143 106
711 4 2 0 1 99 176 175 164
712 4 2 0 1 89 216 62 55
713 4 2 0 1 113 114 181 115
714 4 2 0 1 95 154 145 211
715 4 2 0 1 106 221 173 83
716 4 2 0 1 184 116 119 183
717 4 2 0 1 218 195 167 152
718 4 2 0 1 130 53 103 197
719 4 2 0 1 101 18 71 171
720 4 2 0 1 101 71 17 171
721 4 2 0 1 130 54 61 100
722 4 2 0 1 165 130 61 100
723 4 2 0 1 123 173 42 106
724 4 2 0 1 49 173 42 123
725 4 2 0 1 194 150 165 216
726 4 2 0 1 218 201 188 135
727 4 2 0 1 173 49 190 123
728 4 2 0 1 135 188 218 121
729 4 2 0 1 104 87 168 45
730 4 2 0 1 193 172 192 126
731 4 2 0 1 167 152 135 218
732 4 2 0 1 223 16 9 70
733 4 2 0 1 157 37 86 44
734 4 2 0 1 221 78 23 30
735 4 2 0 1 224 185 213 118
736 4 2 0 1 224 158 118 147
737 4 2 0 1 194 193 192 126
738 4 2 0 1 36 75 29 156
739 4 2 0 1 128 125 192 124
740 4 2 0 1 132 197 199 198
741 4 2 0 1 109 99 110 176
742 4 2 0 1 111 109 110 176
743 4 2 0 1 14 108 174 175
744 4 2 0 1 119 142 186 122
745 4 2 0 1 228 188 184 121
746 4 2 0 1 100 165 130 131
747 4 2 0 1 184 161 121 117
748 4 2 0 1 166 47 202 40
749 4 2 0 1 181 111 113 178
750 4 2 0 1 116 187 140 120
751 4 2 0 1 110 176 164 177
752 4 2 0 1 116 183 187 119
753 4 2 0 1 18 101 137 206
754 4 2 0 1 190 122 123 97
755 4 2 0 1 158 198 165 131
756 4 2 0 1 227 121 135 160
757 4 2 0 1 184 161 185 228
758 4 2 0 1 56 126 63 150
759 4 2 0 1 133 110 137 177
760 4 2 0 1 160 135 227 102
761 4 2 0 1 189 187 186 120
762 4 2 0 1 190 48 97 41
763 4 2 0 1 198 130 132 197
764 4 2 0 1 116 184 119 117
765 4 2 0 1 138 17 10 171
766 4 2 0 1 107 67 174 220
767 4 2 0 1 191 98 34 167
768 4 2 0 1 213 182 181 115
769 4 2 0 1 142 196 186 122
770 4 2 0 1 86 144 157 223
771 4 2 0 1 165 62 216 55
772 4 2 0 1 157 16 223 70
773 4 2 0 1 44 86 157 223
774 4 2 0 1 220 95 154 58
775 4 2 0 1 30 221 78 155
776 4 2 0 1 191 195 192 128
777 4 2 0 1 75 222 29 156
778 4 2 0 1 97 166 202 40
779 4 2 0 1 195 228 185 161
780 4 2 0 1 223 207 138 70
781 4 2 0 1 173 229 162 148
782 4 2 0 1 153 125 219 128
783 4 2 0 1 87 39 104 168
784 4 2 0 1 112 177 208 179
785 4 2 0 1 162 173 209 229
786 4 2 0 1 132 130 103 197
787 4 2 0 1 118 158 224 153
788 4 2 0 1 219 185 224 118
789 4 2 0 1 121 186 184 119
790 4 2 0 1 114 111 113 181
791 4 2 0 1 122 215 190 123
792 4 2 0 1 198 132 159 226
793 4 2 0 1 198 159 132 131
794 4 2 0 1 150 126 194 127
795 4 2 0 1 110 133 112 177
796 4 2 0 1 206 133 137 177
797 4 2 0 1 221 23 78 209
798 4 2 0 1 143 30 78 155
799 4 2 0 1 147 213 114 115
800 4 2 0 1 39 46 202 168
801 4 2 0 1 119 187 116 120
802 4 2 0 1 206 11 18 171
803 4 2 0 1 218 167 201 135
804 4 2 0 1 196 189 186 122
805 4 2 0 1 185 219 195 118
806 4 2 0 1 97 202 136 40
807 4 2 0 1 51 154 95 58
808 4 2 0 1 148 162 173 106
809 4 2 0 1 212 146 109 230
810 4 2 0 1 20 19 99 68
811 4 2 0 1 97 123 190 41
812 4 2 0 1 19 18 137 72
813 4 2 0 1 211 95 220 58
814 4 2 0 1 173 162 209 106
815 4 2 0 1 210 38 104 45
816 4 2 0 1 129 109 146 230
817 4 2 0 1 144 86 210 223
818 4 2 0 1 226 146 114 181
819 4 2 0 1 144 139 138 207
820 4 2 0 1 125 219 194 153
821 4 2 0 1 108 21 20 65
822 4 2 0 1 213 181 114 115
823 4 2 0 1 118 219 195 128
824 4 2 0 1 102 201 227 169
825 4 2 0 1 208 133 139 171
826 4 2 0 1 109 111 146 212
827 4 2 0 1 165 224 198 158
828 4 2 0 1 150 194 165 127
829 4 2 0 1 190 189 122 97
830 4 2 0 1 148 173 123 106
831 4 2 0 1 133 101 139 171
832 4 2 0 1 218 161 121 228
833 4 2 0 1 158 165 194 127
834 4 2 0 1 184 186 183 119
835 4 2 0 1 161 184 185 117
836 4 2 0 1 152 195 167 98
837 4 2 0 1 195 152 128 98
838 4 2 0 1 189 190 166 97
839 4 2 0 1 139 134 133 208
840 4 2 0 1 107 154 22 67
841 4 2 0 1 73 124 35 34
842 4 2 0 1 28 27 191 73
843 4 2 0 1 226 212 146 181
844 4 2 0 1 188 196 186 121
845 4 2 0 1 55 150 165 100
846 4 2 0 1 227 188 201 135
847 4 2 0 1 121 227 135 188
848 4 2 0 1 194 216 193 126
849 4 2 0 1 163 132 103 199
850 4 2 0 1 144 139 207 210
851 4 2 0 1 26 25 201 80
852 4 2 0 1 135 32 33 80
853 4 2 0 1 156 105 172 126
854 4 2 0 1 202 136 39 168
855 4 2 0 1 152 167 135 98
856 4 2 0 1 216 63 193 126
857 4 2 0 1 173 190 215 123
858 4 2 0 1 29 172 222 75
859 4 2 0 1 36 105 75 156
860 4 2 0 1 201 102 227 135
861 4 2 0 1 107 22 21 67
862 4 2 0 1 83 221 50 155
863 4 2 0 1 225 140 141 217
864 4 2 0 1 206 11 12 72
865 4 2 0 1 10 138 171 207
866 4 2 0 1 59 170 94 60
867 4 2 0 1 15 22 154 67
868 4 2 0 1 194 224 165 158
869 4 2 0 1 161 218 121 152
870 4 2 0 1 190 48 166 97
871 4 2 0 1 28 172 29 75
872 4 2 0 1 75 105 36 35
873 4 2 0 1 183 186 187 119
874 4 2 0 1 196 215 189 122
875 4 2 0 1 185 118 161 117
876 4 2 0 1 205 225 140 187
877 4 2 0 1 83 49 50 173
878 4 2 0 1 83 42 106 43
879 4 2 0 1 165 100 158 131
880 4 2 0 1 102 209 162 143
881 4 2 0 1 120 189 187 149
882 4 2 0 1 51 145 52 95
883 4 2 0 1 16 157 138 70
884 4 2 0 1 64 222 91 156
885 4 2 0 1 193 222 172 156
886 4 2 0 1 163 103 145 170
887 4 2 0 1 170 145 163 200
888 4 2 0 1 198 199 132 226
889 4 2 0 1 17 16 138 70
890 4 2 0 1 195 118 161 185
891 4 2 0 1 163 199 200 212
892 4 2 0 1 189 215 190 122
893 4 2 0 1 186 121 142 119
894 4 2 0 1 88 39 136 40
895 4 2 0 1 67 154 15 220
896 4 2 0 1 170 163 103 199
897 4 2 0 1 202 46 88 47
898 4 2 0 1 100 150 165 127
899 4 2 0 1 67 15 14 174
900 4 2 0 1 62 165 61 92
901 4 2 0 1 55 92 54 100
902 4 2 0 1 17 138 101 171
903 4 2 0 1 199 163 146 212
904 4 2 0 1 208 139 134 204
905 4 2 0 1 187 225 140 120
906 4 2 0 1 158 100 165 127
907 4 2 0 1 38 104 144 210
908 4 2 0 1 64 193 63 91
909 4 2 0 1 91 57 126 56
910 4 2 0 1 227 102 162 160
911 4 2 0 1 125 192 219 128
912 4 2 0 1 43 83 50 155
913 4 2 0 1 65 14 13 175
914 4 2 0 1 177 133 112 208
915 4 2 0 1 157 37 144 86
916 4 2 0 1 118 195 161 128
917 4 2 0 1 171 139 208 204
918 4 2 0 1 120 225 141 149
919 4 2 0 1 162 169 209 102
920 4 2 0 1 52 103 53 94
921 4 2 0 1 207 9 10 70
922 4 2 0 1 68 13 12 164
923 4 2 0 1 176 212 109 230
924 4 2 0 1 58 211 95 59
925 4 2 0 1 121 196 186 142
926 4 2 0 1 170 211 145 200
927 4 2 0 1 48 47 166 84
928 4 2 0 1 86 44 210 223
929 4 2 0 1 189 149 122 97
930 4 2 0 1 18 101 206 171
931 4 2 0 1 228 218 188 121
932 4 2 0 1 227 196 121 160
933 4 2 0 1 230 108 109 175
934 4 2 0 1 136 104 39 168
935 4 2 0 1 101 133 137 206
936 4 2 0 1 229 169 209 162
937 4 2 0 1 221 143 106 209
938 4 2 0 1 195 219 192 128
939 4 2 0 1 149 214 136 97
940 4 2 0 1 217 225 140 205
941 4 2 0 1 132 163 146 199
942 4 2 0 1 24 25 79 169
943 4 2 0 1 31 79 32 102
944 4 2 0 1 159 213 198 226
945 4 2 0 1 156 172 193 126
946 4 2 0 1 223 9 207 70
947 4 2 0 1 198 158 147 131
948 4 2 0 1 198 159 131 147
949 4 2 0 1 127 125 194 153
950 4 2 0 1 156 91 64 57
951 4 2 0 1 204 134 208 217
952 4 2 0 1 220 174 107 211
953 4 2 0 1 224 194 219 153
954 4 2 0 1 219 125 194 192
955 4 2 0 1 37 144 86 38
956 4 2 0 1 114 159 226 213
957 4 2 0 1 141 140 225 120
958 4 2 0 1 189 214 187 149
959 4 2 0 1 123 42 81 41
960 4 2 0 1 134 112 133 208
961 4 2 0 1 109 176 230 175
962 4 2 0 1 77 5 221 82
963 4 2 0 1 3 66 93 220
964 4 2 0 1 66 154 4 93
965 4 2 0 1 82 77 6 155
966 4 2 0 1 8 74 90 156
967 4 2 0 1 74 222 7 90
968 4 2 0 1 1 223 85 69
969 4 2 0 1 85 157 2 69
970 4 2 0 1 136 151 168 203
971 4 2 0 1 17 18 71 101
972 4 2 0 1 87 46 168 45
973 4 2 0 1 102 227 162 169
974 4 2 0 1 177 206 133 208
975 4 2 0 1 48 190 49 81
976 4 2 0 1 168 210 104 45
977 4 2 0 1 204 151 134 217
978 4 2 0 1 27 26 167 76
979 4 2 0 1 98 34 76 33
980 4 2 0 1 210 44 86 45
981 4 2 0 1 149 120 189 122
982 4 2 0 1 139 171 207 204
983 4 2 0 1 145 51 154 95
984 4 2 0 1 140 134 141 217
985 4 2 0 1 39 104 38 87
986 4 2 0 1 195 218 228 161
987 4 2 0 1 174 108 129 230
988 4 2 0 1 230 174 108 175
989 4 2 0 1 143 221 106 155
990 4 2 0 1 204 207 139 210
991 4 2 0 1 169 229 227 162
992 4 2 0 1 43 106 83 155
993 4 2 0 1 50 221 83 173
994 4 2 0 1 104 204 210 168
995 4 2 0 1 224 213 198 147
996 4 2 0 1 213 159 198 147
997 4 2 0 1 60 96 61 197
998 4 2 0 1 57 156 91 126
999 4 2 0 1 193 64 222 91
1000 4 2 0 1 195 218 161 152
1001 4 2 0 1 54 53 130 96
1002 4 2 0 1 114 159 213 147
1003 4 2 0 1 40 41 97 84
1004 4 2 0 1 227 196 188 121
1005 4 2 0 1 30 78 31 143
1006 4 2 0 1 23 24 78 209
1007 4 2 0 1 174 67 15 220
1008 4 2 0 1 158 198 147 224
1009 4 2 0 1 146 199 212 226
1010 4 2 0 1 77 221 23 30
1011 4 2 0 1 223 9 16 69
1012 4 2 0 1 157 37 44 85
1013 4 2 0 1 108 129 107 174
1014 4 2 0 1 29 74 36 156
1015 4 2 0 1 168 202 136 203
1016 4 2 0 1 136 151 104 168
1017 4 2 0 1 151 204 203 217
1018 4 2 0 1 204 104 151 168
1019 4 2 0 1 221 209 106 173
1020 4 2 0 1 93 66 154 220
1021 4 2 0 1 85 223 157 69
1022 4 2 0 1 82 221 77 155
1023 4 2 0 1 90 74 222 156
1024 4 2 0 1 71 11 10 171
1025 4 2 0 1 4 22 154 66
1026 4 2 0 1 220 93 3 58
1027 4 2 0 1 221 23 5 77
1028 4 2 0 1 157 16 2 69
1029 4 2 0 1 223 44 1 85
1030 4 2 0 1 37 157 2 85
1031 4 2 0 1 223 1 9 69
1032 4 2 0 1 30 6 77 155
1033 4 2 0 1 160 196 162 227
1034 4 2 0 1 29 222 7 74
1035 4 2 0 1 74 8 36 156
1036 4 2 0 1 196 229 215 148
1037 4 2 0 1 16 157 223 69
1038 4 2 0 1 157 44 223 85
1039 4 2 0 1 30 77 221 155
1040 4 2 0 1 220 154 93 58
1041 4 2 0 1 74 29 222 156
1042 4 2 0 1 194 158 127 153
1043 4 2 0 1 199 170 163 200
1044 4 2 0 1 168 151 204 203
1045 4 2 0 1 139 104 151 204
1046 4 2 0 1 194 224 158 153
1047 4 2 0 1 203 136 141 214
1048 4 2 0 1 214 141 225 149
1049 4 2 0 1 101 133 206 171
1050 4 2 0 1 109 129 108 230
1051 4 2 0 1 196 121 160 142
1052 4 2 0 1 154 51 93 58
1053 4 2 0 1 114 226 181 213
1054 4 2 0 1 141 203 225 217
1055 4 2 0 1 208 206 133 171
1056 4 2 0 1 152 161 195 128
1057 4 2 0 1 154 51 4 93
1058 4 2 0 1 129 163 145 200
1059 4 2 0 1 50 221 5 82
1060 4 2 0 1 82 6 43 155
1061 4 2 0 1 139 151 134 204
1062 4 2 0 1 196 227 229 162
1063 4 2 0 1 82 50 221 155
1064 4 2 0 1 154 22 15 66
1065 4 2 0 1 89 56 150 55
1066 4 2 0 1 63 216 62 89
1067 4 2 0 1 156 90 8 57
1068 4 2 0 1 222 64 7 90
1069 4 2 0 1 66 3 15 220
1070 4 2 0 1 222 64 90 156
1071 4 2 0 1 119 186 187 120
1072 4 2 0 1 203 202 136 214
1073 4 2 0 1 136 141 214 149
1074 4 2 0 1 15 154 66 220
1075 4 2 0 1 229 196 162 148
1076 4 2 0 1 151 136 141 203
1077 4 2 0 1 50 82 43 155
1078 4 2 0 1 210 207 144 223
1079 4 2 0 1 196 160 162 142
1080 4 2 0 1 64 90 156 57
1081 4 2 0 1 200 174 129 230
1082 4 2 0 1 196 142 162 148
1083 4 2 0 1 225 203 141 214
1084 4 2 0 1 85 2 1 69
1085 4 2 0 1 74 7 8 90
1086 4 2 0 1 6 5 77 82
1087 4 2 0 1 4 3 66 93
1088 4 2 0 1 103 199 197 170
1089 4 2 0 1 197 199 103 132
1090 4 2 0 1 21 174 67 14
1091 4 2 0 1 67 174 21 107
1092 4 2 0 1 205 112 217 179
1093 4 2 0 1 205 217 112 140
1094 4 2 0 1 134 112 217 140
1095 4 2 0 1 181 146 111 212
1096 4 2 0 1 181 111 146 114
1097 4 2 0 1 111 176 212 109
1098 4 2 0 1 212 176 111 178
1099 4 2 0 1 210 139 104 144
1100 4 2 0 1 210 104 139 204
1101 4 2 0 1 211 107 200 174
1102 4 2 0 1 211 200 107 145
1103 4 2 0 1 129 200 107 174
1104 4 2 0 1 129 107 200 145
1105 4 2 0 1 212 163 230 200
1106 4 2 0 1 212 230 163 146
1107 4 2 0 1 129 230 163 200
1108 4 2 0 1 129 163 230 146
1109 4 2 0 1 202 97 214 166
1110 4 2 0 1 214 97 202 136
1111 4 2 0 1 186 122 120 119
1112 4 2 0 1 120 122 186 189
1113 4 2 0 1 97 214 189 149
1114 4 2 0 1 97 189 214 166
1115 4 2 0 1 187 149 225 120
1116 4 2 0 1 225 149 187 214
1117 4 2 0 1 211 154 107 220
1118 4 2 0 1 211 107 154 145
1119 4 2 0 1 196 148 122 142
1120 4 2 0 1 122 148 196 215
1121 4 2 0 1 226 132 146 199
1122 4 2 0 1 226 146 132 159
1123 4 2 0 1 217 151 141 203
1124 4 2 0 1 217 141 151 134
1125 4 2 0 1 138 171 139 101
1126 4 2 0 1 139 171 138 207
1127 4 2 0 1 138 223 144 207
1128 4 2 0 1 144 223 138 157
1129 4 2 0 1 112 217 208 134
1130 4 2 0 1 112 208 217 179
$EndElements
