# Gnuplot File : positions of 1 particle(s) Monitored
# 1st Column : time, others : particle(s) number 0 
0.01	8.03516 14.0442 1.41664	
0.02	8.0403 14.0441 1.413	
0.03	8.04002 14.0443 1.41299	
0.04	8.04251 14.0434 1.41069	
0.05	8.04225 14.0435 1.41068	
0.06	8.04199 14.0436 1.41068	
0.07	8.04359 14.0414 1.40977	
0.08	8.0415 14.0438 1.41067	
0.09	8.04127 14.0439 1.41067	
0.1	8.04105 14.0441 1.41066	
0.11	8.04083 14.0441 1.41066	
0.12	8.04063 14.0442 1.41065	
0.13	8.04043 14.0443 1.41065	
0.14	8.04024 14.0444 1.41065	
0.15	8.04005 14.0445 1.41064	
0.16	8.04173 14.0422 1.40973	
0.17	8.04155 14.0423 1.40973	
0.18	8.04139 14.0424 1.40973	
0.19	8.03938 14.0448 1.41063	
0.2	8.03923 14.0449 1.41063	
0.21	8.03909 14.0449 1.41062	
0.22	8.03923 14.0448 1.41051	
0.23	8.03908 14.0449 1.41051	
0.24	8.03924 14.0447 1.41039	
0.25	8.03725 14.0187 1.42215	
0.26	8.03966 14.017 1.42114	
0.27	8.03943 14.0171 1.42118	
0.28	8.0392 14.0172 1.42122	
0.29	8.04087 14.015 1.42035	
0.3	8.03878 14.0175 1.4213	
0.31	8.04046 14.0152 1.42043	
0.32	8.03839 14.0177 1.42137	
0.33	8.03853 14.0176 1.42127	
0.34	8.03839 14.0177 1.42129	
0.35	8.04041 14.0152 1.42028	
0.36	8.03834 14.0177 1.42123	
0.37	8.03857 14.0175 1.4211	
0.38	8.04115 14.0166 1.41886	
0.39	8.04007 14.0154 1.42028	
0.4	8.03802 14.0178 1.42123	
0.41	8.04167 14.0136 1.41956	
0.42	8.04147 14.0137 1.41962	
0.43	8.04127 14.0164 1.41866	
0.44	8.03831 14.0176 1.42099	
0.45	8.0386 14.0174 1.42084	
0.46	8.04029 14.0152 1.41999	
0.47	8.0401 14.0153 1.42004	
0.48	8.04082 14.0141 1.41972	
0.49	8.04065 14.0168 1.41876	
0.5	8.03771 14.0179 1.42109	
0.51	8.04109 14.0146 1.41955	
0.52	8.039 14.0171 1.42052	
0.53	8.04067 14.0149 1.41968	
0.54	8.04137 14.0163 1.41837	
0.55	8.0384 14.0174 1.42071	
0.56	8.03851 14.0174 1.42065	
0.57	8.04305 14.0141 1.41749	
0.58	8.04009 14.0152 1.41983	
0.59	8.03991 14.0153 1.41988	
0.6	8.03786 14.0178 1.42085	
0.61	8.03905 14.017 1.42034	
0.62	8.03884 14.0171 1.42041	
0.63	8.03864 14.0172 1.42048	
0.64	8.0431 14.014 1.41736	
0.65	8.03826 14.0175 1.42061	
0.66	8.04052 14.0149 1.41953	
0.67	8.04033 14.015 1.4196	
0.68	8.03826 14.0175 1.42057	
0.69	8.03864 14.0172 1.4204	
0.7	8.03845 14.0148 1.42148	
0.71	8.03845 14.0173 1.42046	
0.72	8.04033 14.015 1.41955	
0.73	8.03826 14.0175 1.42052	
0.74	8.04052 14.0149 1.41944	
0.75	8.04123 14.0137 1.41915	
0.76	8.03826 14.0175 1.42049	
0.77	8.04052 14.0149 1.41942	
0.78	8.03845 14.0173 1.4204	
0.79	8.04033 14.015 1.41948	
0.8	8.03639 14.0198 1.42136	
0.81	8.04368 14.0148 1.41706	
0.82	8.04063 14.016 1.41945	
0.83	8.04224 14.0138 1.41865	
0.84	8.04198 14.014 1.41875	
0.85	8.03986 14.0165 1.41975	
0.86	8.04239 14.0156 1.41756	
0.87	8.03939 14.0168 1.41993	
0.88	8.03917 14.0169 1.42002	
0.89	8.03896 14.017 1.4201	
0.9	8.04341 14.0138 1.41699	
0.91	8.03855 14.0173 1.42026	
0.92	8.03836 14.0174 1.42033	
0.93	8.04131 14.0163 1.41797	
0.94	8.03835 14.0174 1.42033	
0.95	8.03855 14.0173 1.42024	
0.96	8.03836 14.0174 1.42031	
0.97	8.04042 14.0149 1.41933	
0.98	8.03835 14.0174 1.42031	
0.99	8.04321 14.0139 1.41704	
1	8.04114 14.0163 1.41802	
1.01	8.04006 14.0152 1.41947	
1.02	8.038 14.0176 1.42044	
1.03	8.03891 14.017 1.42007	
1.04	8.0387 14.0171 1.42015	
1.05	8.03851 14.0173 1.42023	
1.06	8.04117 14.0163 1.41799	
1.07	8.03821 14.0175 1.42035	
1.08	8.0387 14.0171 1.42014	
1.09	8.04038 14.0175 1.41831	
1.1	8.03831 14.0174 1.4203	
1.11	8.04136 14.0162 1.4179	
1.12	8.04028 14.015 1.41935	
1.13	8.04099 14.0164 1.41805	
1.14	8.03804 14.0176 1.4204	
1.15	8.04075 14.0147 1.41915	
1.16	8.04144 14.0161 1.41785	
1.17	8.04125 14.0162 1.41793	
1.18	8.04017 14.0151 1.41939	
1.19	8.03811 14.0175 1.42037	
1.2	8.04157 14.016 1.41779	
1.21	8.04138 14.0136 1.41888	
1.22	8.03841 14.0173 1.42024	
1.23	8.04315 14.0139 1.41701	
1.24	8.03831 14.0174 1.42028	
1.25	8.04137 14.0136 1.41888	
1.26	8.04028 14.015 1.41932	
1.27	8.04099 14.0164 1.41802	
1.28	8.04082 14.0165 1.4181	
1.29	8.04252 14.0143 1.41726	
1.3	8.04048 14.0167 1.41823	
1.31	8.0422 14.0145 1.41739	
1.32	8.03927 14.0156 1.41974	
1.33	8.03725 14.0181 1.4207	
1.34	8.04432 14.0131 1.41652	
1.35	8.04409 14.0133 1.41661	
1.36	8.04386 14.0134 1.41671	
1.37	8.03899 14.0169 1.41998	
1.38	8.04156 14.016 1.41778	
1.39	8.04136 14.0161 1.41786	
1.4	8.0384 14.0173 1.42022	
1.41	8.04038 14.0149 1.41927	
1.42	8.03832 14.0174 1.42025	
1.43	8.04046 14.0148 1.41924	
1.44	8.0384 14.0173 1.42022	
1.45	8.03851 14.0172 1.42017	
1.46	8.04027 14.015 1.41931	
1.47	8.03821 14.0174 1.4203	
1.48	8.04148 14.0135 1.41882	
1.49	8.0385 14.0172 1.42017	
1.5	8.04117 14.0163 1.41793	
1.51	8.03821 14.0174 1.42029	
1.52	8.04057 14.0148 1.41918	
1.53	8.04038 14.0123 1.42027	
1.54	8.04108 14.0163 1.41796	
1.55	8.03813 14.0175 1.42032	
1.56	8.04155 14.016 1.41777	
1.57	8.04135 14.0162 1.41785	
1.58	8.04116 14.0163 1.41793	
1.59	8.04008 14.0151 1.41938	
1.6	8.03803 14.015 1.42137	
1.61	8.03888 14.017 1.42001	
1.62	8.04056 14.0148 1.41919	
1.63	8.03848 14.0172 1.42017	
1.64	8.03842 14.0173 1.4202	
1.65	8.03848 14.0173 1.42017	
1.66	8.03841 14.0173 1.4202	
1.67	8.03849 14.0173 1.42017	
1.68	8.04118 14.0163 1.41792	
1.69	8.041 14.0164 1.41799	
1.7	8.04082 14.0139 1.41908	
1.71	8.04065 14.0166 1.41814	
1.72	8.03771 14.0178 1.42049	
1.73	8.0392 14.0168 1.41988	
1.74	8.04087 14.0146 1.41906	
1.75	8.04066 14.0147 1.41914	
1.76	8.04324 14.0138 1.41694	
1.77	8.04305 14.0139 1.41702	
1.78	8.04009 14.0151 1.41938	
1.79	8.04268 14.0142 1.41717	
1.8	8.03786 14.0176 1.42043	
1.81	8.03905 14.0169 1.41994	
1.82	8.03884 14.017 1.42003	
1.83	8.04142 14.0161 1.41783	
1.84	8.03845 14.0173 1.42019	
1.85	8.03845 14.0173 1.42019	
1.86	8.04032 14.0149 1.41928	
1.87	8.03826 14.0174 1.42026	
1.88	8.04142 14.0161 1.41782	
1.89	8.04122 14.0162 1.4179	
1.9	8.03826 14.0174 1.42026	
1.91	8.00014 14.0318 1.4524	
1.92	7.99207 14.0324 1.47064	
1.93	7.98046 14.035 1.48315	
1.94	7.96786 14.0399 1.49446	
1.95	7.96537 14.0408 1.49672	
1.96	7.96506 14.041 1.49752	
1.97	7.96438 14.0394 1.49899	
1.98	7.97079 14.0389 1.49258	
1.99	8.10313 13.9892 1.38224	
2	8.20032 13.9583 1.30814	
2.01	8.27279 13.9358 1.25728	
2.02	8.30022 13.9264 1.23916	
2.03	8.29954 13.9281 1.23932	
2.04	8.15835 13.9725 1.33764	
2.05	8.03515 14.0112 1.43618	
2.06	7.83345 14.0997 1.61895	
2.07	7.69247 14.056 1.82881	
2.08	7.62012 14.0972 1.92011	
2.09	7.6753 14.0679 1.85224	
2.1	7.70869 14.0538 1.81046	
2.11	7.73245 14.0524 1.77852	
2.12	7.77183 14.0359 1.73481	
2.13	7.88293 13.9911 1.62027	
2.14	7.96606 13.9578 1.54222	
2.15	8.02803 13.9485 1.4858	
2.16	8.02986 13.957 1.47923	
2.17	8.02944 13.9614 1.47677	
2.18	8.03772 13.9526 1.47135	
2.19	8.0412 13.9521 1.4672	
2.2	8.04005 13.9548 1.46627	
2.21	8.03703 13.9598 1.46626	
2.22	8.03597 13.9623 1.4654	
2.23	8.03219 13.9658 1.46687	
2.24	8.03397 13.9671 1.46377	
2.25	8.06899 13.7592 1.52794	
2.26	8.06402 13.5103 1.63911	
2.27	8.06126 13.2875 1.71645	
2.28	8.0759 13.1093 1.75665	
2.29	8.0983 12.904 1.79495	
2.3	8.12302 12.6531 1.81654	
2.31	8.15534 12.5108 1.98234	
2.32	8.20781 12.387 2.13837	
2.33	8.28007 12.2606 2.33745	
2.34	8.48167 12.1631 2.51195	
2.35	8.70188 12.1397 2.68779	
2.36	8.87218 12.0079 2.73604	
2.37	9.02357 11.9569 2.76189	
2.38	9.16517 11.8588 2.79598	
2.39	9.3914 11.7753 2.84032	
2.4	9.60185 11.725 3.00223	
2.41	9.84212 11.7344 3.34319	
2.42	10.1088 11.7781 3.70465	
2.43	10.3303 11.8035 4.00819	
2.44	10.5582 11.7505 4.25196	
2.45	10.7141 11.6811 4.3688	
2.46	10.8453 11.594 4.43284	
2.47	10.9583 11.5199 4.46562	
2.48	11.1071 11.4669 4.46884	
2.49	11.2929 11.4366 4.46298	
2.5	11.5241 11.4043 4.45929	
2.51	11.7759 11.3798 4.44975	
2.52	11.943 11.3824 4.44387	
2.53	12.0351 11.3769 4.43885	
2.54	12.0919 11.364 4.43004	
2.55	12.1564 11.3476 4.41717	
2.56	12.2205 11.3028 4.40641	
2.57	12.3053 11.2734 4.39068	
2.58	12.418 11.2347 4.37181	
2.59	12.5584 11.2182 4.33326	
2.6	12.6654 11.214 4.29977	
2.61	12.7591 11.2118 4.25721	
2.62	12.8542 11.2179 4.20752	
2.63	12.9518 11.2212 4.15554	
2.64	13.0509 11.2241 4.09998	
2.65	13.1622 11.2309 4.0388	
2.66	13.2785 11.2284 3.96427	
2.67	13.4073 11.2333 3.88521	
2.68	13.5346 11.256 3.81421	
2.69	13.6314 11.2865 3.76651	
2.7	13.7051 11.3482 3.72121	
2.71	13.7268 11.3983 3.70342	
2.72	13.7345 11.4342 3.69244	
2.73	13.7381 11.4637 3.67616	
2.74	13.7347 11.4723 3.66558	
2.75	13.7331 11.4772 3.65055	
2.76	13.7315 11.4847 3.63493	
2.77	13.7308 11.4873 3.60605	
2.78	13.7371 11.4712 3.56457	
2.79	13.7499 11.4428 3.50865	
2.8	13.7679 11.3881 3.4228	
2.81	13.7997 11.318 3.31658	
2.82	13.8259 11.2399 3.21107	
2.83	13.8523 11.1666 3.12452	
2.84	13.8923 11.0771 3.04692	
2.85	13.9215 11.0058 2.98304	
2.86	13.9587 10.9139 2.93553	
2.87	13.994 10.8218 2.89795	
2.88	14.0355 10.7329 2.86356	
2.89	14.0705 10.6296 2.83676	
2.9	14.1145 10.5293 2.814	
2.91	14.1475 10.4445 2.79469	
2.92	14.1603 10.3546 2.79705	
2.93	14.1843 10.2506 2.80662	
2.94	14.2186 10.164 2.80985	
2.95	14.2433 10.087 2.81246	
2.96	14.2658 10.0074 2.82028	
2.97	14.2822 9.9541 2.82745	
2.98	14.2805 9.92774 2.8315	
2.99	14.2643 9.92158 2.8346	
3	14.2556 9.9165 2.83761	
3.01	14.2465 9.92376 2.83293	
3.02	14.2434 9.92273 2.82875	
3.03	14.2415 9.9235 2.82893	
3.04	14.2347 9.92147 2.82928	
3.05	14.2299 9.90774 2.82181	
3.06	14.2327 9.89863 2.79785	
3.07	14.2364 9.88577 2.76948	
3.08	14.2318 9.87005 2.75039	
3.09	14.2216 9.85049 2.7368	
3.1	14.2148 9.84827 2.72208	
3.11	14.2183 9.84215 2.70219	
3.12	14.2063 9.8424 2.69644	
3.13	14.2041 9.84853 2.69548	
3.14	14.1918 9.86722 2.68748	
3.15	14.1766 9.89626 2.68465	
3.16	14.1651 9.90684 2.68515	
3.17	14.1551 9.91732 2.6835	
3.18	14.1371 9.93164 2.67973	
3.19	14.1145 9.95673 2.67677	
3.2	14.1108 9.97334 2.67431	
3.21	14.105 9.99204 2.67039	
3.22	14.0947 10.0175 2.66661	
3.23	14.0942 10.0379 2.6629	
3.24	14.1112 10.0524 2.65099	
3.25	14.1498 10.0624 2.62505	
3.26	14.1738 10.0618 2.58817	
3.27	14.1818 10.0328 2.53559	
3.28	14.1829 10.0083 2.46495	
3.29	14.2072 9.97587 2.38972	
3.3	14.2753 9.90402 2.36421	
3.31	14.2726 9.8458 2.39465	
3.32	14.2759 9.84121 2.45028	
3.33	14.2604 9.83215 2.45496	
3.34	14.2147 9.81831 2.48495	
3.35	14.1845 9.81476 2.47709	
3.36	13.9984 9.80647 2.47912	
3.37	13.7617 9.78224 2.46241	
3.38	13.4128 9.67181 2.45337	
3.39	12.9347 9.44643 2.284	
3.4	12.5476 9.23145 2.13007	
3.41	11.9208 9.15786 2.11038	
3.42	11.7448 8.98589 1.70917	
3.43	9.98344 8.75357 1.81419	
3.44	9.72342 8.46747 1.67056	
3.45	9.2397 8.4038 1.56525	
3.46	8.46753 8.10594 1.54691	
3.47	8.25956 8.19065 1.62009	
3.48	8.21801 8.19773 1.59364	
3.49	7.78995 8.22458 1.65207	
3.5	7.49129 8.25654 1.79333	
3.51	7.36398 8.3016 1.9042	
3.52	7.22951 8.28301 2.04678	
3.53	7.09745 8.23501 2.28749	
3.54	7.10993 8.20287 2.38393	
3.55	7.1766 8.19561 2.42532	
3.56	7.16093 8.18836 2.49102	
3.57	7.17913 8.19335 2.54839	
3.58	7.15704 8.20307 2.60234	
3.59	7.15141 8.24402 2.63952	
3.6	7.12683 8.27989 2.7145	
3.61	7.11414 8.33635 2.78174	
3.62	7.29526 8.52042 2.78901	
3.63	7.70502 8.83732 2.79228	
3.64	7.95504 9.12682 2.81754	
3.65	7.95192 9.32278 2.81464	
3.66	7.92955 9.55233 2.80574	
3.67	7.91162 9.75669 2.7894	
3.68	7.89859 9.90451 2.77626	
3.69	7.81242 9.97971 2.77141	
3.7	7.7671 10.0844 2.76412	
3.71	7.70856 10.1407 2.77088	
3.72	7.38006 10.1432 2.83318	
3.73	6.96923 10.0075 2.9589	
3.74	6.8181 9.94792 3.15299	
3.75	6.73723 9.94019 3.31702	
3.76	6.6523 9.93937 3.49165	
3.77	6.55777 9.93559 3.7165	
3.78	6.49709 9.9419 3.94594	
3.79	6.45812 9.93399 4.16466	
3.8	6.43886 9.91362 4.37929	
3.81	6.41096 9.88218 4.59828	
3.82	6.39211 9.84152 4.79509	
3.83	6.44711 9.84662 5.00668	
3.84	6.47291 9.87472 5.00231	
3.85	6.51945 9.77123 4.67302	
3.86	6.5762 9.66526 4.2765	
3.87	6.72405 9.53782 3.69587	
3.88	7.00657 9.4253 3.17944	
3.89	7.13707 9.36665 2.7857	
3.9	7.33423 9.33268 2.25568	
3.91	7.6144 9.42533 1.76638	
3.92	7.94999 9.58552 1.30649	
3.93	8.10474 9.73536 1.1237	
3.94	7.7731 9.82513 1.03243	
3.95	7.68639 9.97554 0.984286	
3.96	7.36181 10.1593 0.999119	
3.97	7.18082 10.2096 0.904251	
3.98	6.61266 10.2349 0.991458	
3.99	6.45594 10.18 1.04948	
4	6.10659 10.1351 1.39295	
4.01	5.84883 10.0771 1.75071	
4.02	5.71543 9.90001 2.36634	
4.03	5.58442 9.78801 2.86285	
4.04	5.67399 9.74264 3.30474	
4.05	5.66456 9.70274 3.68938	
4.06	5.71759 9.67551 4.07047	
4.07	5.79861 9.65211 4.20805	
4.08	5.8938 9.57145 4.04075	
4.09	5.85428 9.47557 3.82158	
4.1	5.82285 9.31876 3.59215	
4.11	5.87221 9.12441 3.37164	
4.12	6.1554 8.95476 3.11719	
4.13	6.55045 8.89811 2.93729	
4.14	6.96183 8.90445 2.77348	
4.15	7.42761 9.04552 2.63393	
4.16	7.82441 9.31744 2.53551	
4.17	8.08339 9.6763 2.46802	
4.18	8.09267 9.95019 2.43407	
4.19	8.13154 10.1944 2.4116	
4.2	8.13619 10.3767 2.38213	
4.21	8.13297 10.5205 2.36516	
4.22	8.13057 10.6658 2.3499	
4.23	8.12376 10.6884 2.32916	
4.24	8.10263 10.6986 2.32053	
4.25	8.07602 10.7013 2.30256	
4.26	8.01847 10.6753 2.30898	
4.27	7.84601 10.6312 2.34456	
4.28	7.69509 10.6114 2.46583	
4.29	7.5294 10.5915 2.5884	
4.3	7.31272 10.5596 2.77212	
4.31	7.08025 10.5226 3.00185	
4.32	6.6201 10.3836 3.21381	
4.33	5.94036 10.1213 3.40811	
4.34	5.60411 9.90689 3.59319	
4.35	5.60713 9.89664 3.75045	
4.36	5.6143 9.90142 3.84672	
4.37	5.63864 9.89897 3.99085	
4.38	5.67528 9.88053 4.15118	
4.39	5.71675 9.85137 4.33547	
4.4	5.78008 9.8459 4.52747	
4.41	5.87722 9.84075 4.6394	
4.42	5.98752 9.80359 4.61543	
4.43	6.19699 9.70238 4.37362	
4.44	6.59491 9.68824 4.05363	
4.45	7.0696 9.7258 3.73549	
4.46	7.49873 9.72802 3.44125	
4.47	8.02826 9.78608 3.17923	
4.48	8.54295 9.87894 2.80438	
4.49	9.01041 10.0506 2.50523	
4.5	9.1369 10.2767 2.20354	
4.51	9.1457 10.5539 1.94313	
4.52	9.15219 10.8033 1.58299	
4.53	9.29644 10.9302 0.993468	
4.54	9.24748 11.0149 0.647833	
4.55	9.37662 11.2283 0.291537	
4.56	9.18665 10.8873 -0.163733	
4.57	9.24645 11.2082 -0.41624	
4.58	8.89442 11.0818 -1.06268	
4.59	8.44166 10.7958 -1.92377	
4.6	8.11225 10.7785 -1.63098	
4.61	7.96926 10.8015 -1.64045	
4.62	7.92629 10.8589 -1.55923	
4.63	7.81269 10.8276 -1.71064	
4.64	7.41141 10.7793 -1.18091	
4.65	7.27825 10.7601 -1.00375	
4.66	6.9252 10.7991 -0.367323	
4.67	6.73737 10.8047 0.035805	
4.68	6.52039 10.8541 0.844246	
4.69	6.69251 10.591 1.63122	
4.7	6.21507 9.53591 2.68865	
4.71	7.71669 7.55366 3.19837	
4.72	7.50103 6.67653 3.98824	
4.73	8.58848 6.16893 4.03284	
4.74	8.9787 5.35336 4.92371	
4.75	9.58604 5.1123 5.65633	
4.76	10.2461 4.92601 5.87417	
4.77	10.9133 4.80804 5.94426	
4.78	11.3978 4.65189 6.03266	
4.79	11.712 4.45128 6.12863	
4.8	12.0427 4.25388 6.13505	
4.81	12.4247 4.01846 5.98713	
4.82	12.7789 3.80497 5.68431	
4.83	13.1627 3.63143 5.28947	
4.84	13.4217 3.47981 5.04882	
4.85	13.6656 3.38532 4.85905	
4.86	14.0378 3.38079 4.74827	
4.87	14.4328 3.40676 4.65216	
4.88	14.6957 3.41778 4.62467	
4.89	14.9922 3.55202 4.53368	
4.9	15.2106 3.7416 4.25802	
4.91	15.3707 3.89037 3.86657	
4.92	15.5112 4.0459 3.43878	
4.93	15.5725 4.18881 2.9539	
4.94	15.6433 4.40988 2.51514	
4.95	15.7218 4.71796 2.07755	
4.96	15.7491 5.11135 1.76967	
4.97	15.988 5.37605 1.36587	
4.98	16.2573 5.5366 1.09712	
4.99	16.2765 5.61442 0.937033	
5	16.198 5.56994 0.859139	
5.01	15.6354 5.49758 0.792709	
5.02	15.2998 5.64391 0.622163	
5.03	14.9827 5.6214 0.597348	
5.04	14.478 5.50067 0.606458	
5.05	14.5016 5.60979 0.504247	
5.06	13.759 5.43126 0.517777	
5.07	13.5102 5.38883 0.537348	
5.08	13.0981 5.20807 0.555592	
5.09	12.992 5.29162 0.520804	
5.1	12.8814 5.35033 0.496187	
5.11	12.6233 5.32825 0.56578	
5.12	12.2256 5.15278 0.83635	
5.13	11.9937 4.86213 1.22653	
5.14	11.7318 4.70419 1.79113	
5.15	11.6247 4.58836 2.11645	
5.16	11.5863 4.51376 2.58893	
5.17	11.6274 4.39688 2.76615	
5.18	12.2726 4.36927 2.62832	
5.19	12.841 4.24429 2.19452	
5.2	13.1725 3.91818 2.02585	
5.21	13.4159 3.60828 2.07966	
5.22	13.5475 3.17658 2.05889	
5.23	13.5643 2.8151 2.23055	
5.24	13.586 2.66528 2.35709	
5.25	13.2331 2.46736 2.64723	
5.26	12.0556 1.97357 3.07372	
5.27	11.2703 1.69378 3.25989	
5.28	10.8571 1.66744 3.26242	
5.29	10.1722 1.53195 3.3388	
5.3	9.73942 1.45934 3.37581	
5.31	9.35012 1.40401 3.40899	
5.32	8.90698 1.36414 3.44169	
5.33	8.48646 1.32171 3.4677	
5.34	8.22392 1.29551 3.45309	
5.35	8.09844 1.27988 3.43598	
5.36	8.08962 1.29532 3.4068	
5.37	8.09527 1.34342 3.3602	
5.38	8.24463 1.53059 3.21044	
5.39	8.61831 1.91046 2.92258	
5.4	8.69536 2.17327 2.73105	
5.41	8.68806 2.47649 2.51526	
5.42	8.61321 2.7504 2.3163	
5.43	8.47298 2.92617 2.19912	
5.44	8.42486 3.16688 2.0588	
5.45	8.20732 3.32713 2.02607	
5.46	8.10697 3.55051 1.89399	
5.47	6.49199 4.30635 3.68874	
5.48	5.64024 5.44533 3.44426	
5.49	4.77419 6.25947 3.42445	
5.5	2.15865 6.14406 3.69613	
5.51	0.654764 6.3009 3.84785	
5.52	0.833818 6.7006 3.82408	
5.53	0.583605 6.68002 4.14971	
5.54	0.451017 7.00292 4.97772	
5.55	0.448221 7.2388 5.554	
5.56	0.568056 7.43273 6.05185	
5.57	0.679766 7.58188 6.42185	
5.58	0.869298 7.77604 6.74837	
5.59	1.06685 8.00667 7.12402	
5.6	1.343 8.29091 7.32951	
5.61	1.87194 8.6158 7.5732	
5.62	2.32363 8.9499 7.65098	
5.63	2.90422 9.26663 7.78477	
5.64	3.50288 9.69125 7.89659	
5.65	4.01979 10.0869 7.93899	
5.66	4.59225 10.5685 7.90232	
5.67	5.03657 11.033 7.87703	
5.68	5.3652 11.3457 7.85963	
5.69	5.59746 11.5386 7.78696	
5.7	5.75104 11.6521 7.57638	
5.71	5.99388 11.6821 7.36556	
5.72	6.58585 11.5729 7.28704	
5.73	6.99762 11.3706 6.86699	
5.74	7.00309 11.1122 6.22021	
5.75	7.00112 11.0189 5.36224	
5.76	7.09432 11.2651 4.9763	
5.77	7.12046 11.7559 4.91305	
5.78	7.27886 12.3088 4.89306	
5.79	7.58291 12.9646 4.73522	
5.8	7.49993 13.5048 4.22302	
5.81	7.3574 14.0115 3.87014	
5.82	7.01121 15.0731 3.66714	
5.83	7.00125 14.985 3.4913	
5.84	7.00489 14.8907 3.30137	
5.85	7.02859 14.7793 3.07501	
5.86	7.06989 14.6777 2.8672	
5.87	7.14019 14.5627 2.63033	
5.88	7.28843 14.3833 2.32911	
5.89	7.48738 14.2286 2.01682	
5.9	7.55103 14.1864 1.93255	
5.91	7.56813 14.1745 1.91227	
5.92	7.40595 14.2899 2.14217	
5.93	7.07709 14.6803 3.13699	
5.94	7.05712 14.9501 3.666	
5.95	7.06669 15.0067 3.7491	
5.96	7.06878 15.0158 3.75527	
5.97	7.069 15.0148 3.74726	
5.98	7.06805 14.9982 3.73595	
5.99	7.0683 14.9972 3.72871	
6	7.06881 14.9999 3.72252	
6.01	7.06877 14.9954 3.71459	
6.02	7.069 14.9947 3.70769	
6.03	7.06952 14.9974 3.70248	
6.04	7.06948 14.9932 3.69504	
6.05	7.06972 14.9924 3.68907	
6.06	7.06995 14.9918 3.6833	
6.07	7.07019 14.9911 3.67775	
6.08	7.07074 14.9921 3.67575	
6.09	7.07098 14.9914 3.67081	
6.1	7.07089 14.9892 3.66249	
6.11	7.07169 14.9939 3.6621	
6.12	7.07163 14.9898 3.65622	
6.13	7.07184 14.9893 3.65178	
6.14	7.07205 14.9888 3.64749	
6.15	7.07226 14.9884 3.64336	
