# Gnuplot File : velocities of 1 particle(s) Monitored
# 1st Column : time, others : particle(s) number 0 
0.01	0 0 -0.019274	
0.02	0 0 -0.0378484	
0.03	0 0 -0.0557485	
0.04	0 0 -0.0729989	
0.05	0 0 -0.0896231	
0.06	0 0 -0.105644	
0.07	0 0 -0.121083	
0.08	0 0 -0.135962	
0.09	1.80926e-17 0 -0.150301	
0.1	1.73926e-17 0 -0.164119	
0.11	1.67613e-17 0 -0.177435	
0.12	1.61529e-17 0 -0.190269	
0.13	1.55665e-17 0 -0.202636	
0.14	1.50015e-17 0 -0.214554	
0.15	1.44569e-17 0 -0.22604	
0.16	3.20593e-17 0 -0.237109	
0.17	3.0819e-17 0 -0.247776	
0.18	2.97003e-17 0 -0.258056	
0.19	2.86222e-17 0 -0.267963	
0.2	4.57443e-17 0 -0.27751	
0.21	6.17648e-17 0 -0.28671	
0.22	6.3139e-17 0 -0.295577	
0.23	8.18742e-17 0 -0.304122	
0.24	1.0647e-16 0 -0.312356	
0.25	1.04455e-16 0 -0.320292	
0.26	8.99502e-17 0 -0.32794	
0.27	9.81535e-17 0 -0.33531	
0.28	1.02875e-16 0 -0.342412	
0.29	-0.036557 -0.0111307 1.17371	
0.3	-0.204996 -0.164034 5.49987	
0.31	-0.255262 -0.243936 5.47249	
0.32	-0.324339 -0.55739 6.31714	
0.33	-0.444451 -0.732399 6.29134	
0.34	-0.423636 -0.685611 6.05563	
0.35	-0.0145736 -0.264456 5.80446	
0.36	0.133244 -0.0602843 5.83476	
0.37	0.173856 -0.0124731 5.59415	
0.38	0.175648 -0.00392067 5.37112	
0.39	0.241563 0.068788 5.14178	
0.4	0.296756 0.130693 4.91678	
0.41	0.390275 0.230826 4.69178	
0.42	0.449732 0.296733 4.47572	
0.43	0.445345 0.298 4.2899	
0.44	0.431305 0.289346 4.11359	
0.45	0.413649 0.276758 3.94767	
0.46	0.395862 0.264036 3.78257	
0.47	0.379764 0.252629 3.6289	
0.48	0.365243 0.242732 3.4777	
0.49	0.362597 0.244709 3.32602	
0.5	0.431369 0.318511 3.15617	
0.51	0.468331 0.360125 3.00101	
0.52	0.462463 0.358317 2.86785	
0.53	0.451032 0.350659 2.74418	
0.54	0.441527 0.344955 2.62006	
0.55	0.444238 0.351255 2.50139	
0.56	0.43277 0.343033 2.39464	
0.57	0.421693 0.334574 2.30659	
0.58	0.411717 0.326381 2.24318	
0.59	0.405453 0.322458 2.16361	
0.6	0.396062 0.315628 2.07844	
0.61	0.385911 0.308081 1.99249	
0.62	0.399419 0.324279 1.90211	
0.63	0.431271 0.358922 1.80741	
0.64	0.432998 0.363546 1.71295	
0.65	0.423668 0.356841 1.62782	
0.66	0.406423 0.341812 1.55577	
0.67	0.364457 0.301328 1.50781	
0.68	0.344851 0.283421 1.45166	
0.69	0.327521 0.267796 1.39542	
0.7	0.314907 0.25708 1.33342	
0.71	0.303824 0.247909 1.27114	
0.72	0.295584 0.241631 1.20744	
0.73	0.287026 0.234949 1.14649	
0.74	0.279478 0.229058 1.09213	
0.75	0.272498 0.223591 1.04213	
0.76	0.26364 0.216005 0.999548	
0.77	0.251247 0.204859 0.958317	
0.78	0.237436 0.192354 0.91571	
0.79	0.221421 0.177909 0.865831	
0.8	0.209074 0.167192 0.81411	
0.81	0.197604 0.15741 0.760788	
0.82	0.18869 0.150163 0.708006	
0.83	0.179711 0.142652 0.661199	
0.84	0.171962 0.136248 0.618067	
0.85	0.164903 0.130527 0.575241	
0.86	0.157395 0.124278 0.534888	
0.87	0.151113 0.119149 0.497681	
0.88	0.144531 0.113618 0.46364	
0.89	0.137752 0.10793 0.428592	
0.9	0.131055 0.102355 0.392778	
0.91	0.124759 0.0971107 0.359106	
0.92	0.11832 0.0916423 0.327943	
0.93	0.112995 0.0872247 0.29864	
0.94	0.106791 0.0819617 0.268579	
0.95	0.100104 0.0763034 0.236125	
0.96	0.090951 0.068139 0.205186	
0.97	0.0804235 0.0584416 0.179113	
0.98	0.0678937 0.0466973 0.154641	
0.99	0.052465 0.0320475 0.130749	
1	0.0397612 0.0201243 0.106639	
1.01	0.0277404 0.00886987 0.0829734	
1.02	0.0151133 -0.00298296 0.0592297	
1.03	0.00413529 -0.0132368 0.0368697	
1.04	-0.00477744 -0.0214325 0.0146026	
1.05	-0.0149246 -0.0308671 -0.00733091	
1.06	-0.0244822 -0.0397234 -0.0289157	
1.07	-0.0330355 -0.0475752 -0.0505269	
1.08	-0.03995 -0.0538179 -0.07136	
1.09	-0.0465376 -0.059737 -0.0920583	
1.1	-0.0501969 -0.0627917 -0.111114	
1.11	-0.0541636 -0.066161 -0.129866	
1.12	-0.0570475 -0.0684747 -0.147869	
1.13	-0.0594036 -0.0702806 -0.165278	
1.14	-0.0605593 -0.0709362 -0.181293	
1.15	-0.061707 -0.071594 -0.19695	
1.16	-0.0626038 -0.0720286 -0.21177	
1.17	-0.0632885 -0.0722707 -0.225991	
1.18	-0.0639401 -0.0724948 -0.239723	
1.19	-0.0644411 -0.0725805 -0.253068	
1.2	-0.0657062 -0.0734095 -0.266893	
1.21	-0.0661402 -0.0734452 -0.279656	
1.22	-0.0659766 -0.0729188 -0.291398	
1.23	-0.0662674 -0.0728282 -0.303597	
1.24	-0.0666117 -0.0727816 -0.316023	
1.25	-0.0669274 -0.0727197 -0.328026	
1.26	-0.0659616 -0.0714532 -0.337879	
1.27	-0.0644761 -0.0697031 -0.346697	
1.28	-0.0628598 -0.0678453 -0.354821	
1.29	-0.0609758 -0.0657496 -0.362072	
1.3	-0.0590707 -0.0636453 -0.368925	
1.31	-0.0571769 -0.0615667 -0.375329	
1.32	-0.0551809 -0.0594029 -0.381217	
1.33	-0.0532429 -0.0573004 -0.386974	
1.34	-0.0512885 -0.0551934 -0.392358	
1.35	-0.0494625 -0.053219 -0.39758	
1.36	-0.047605 -0.0512246 -0.402443	
1.37	-0.0458461 -0.0493307 -0.407217	
1.38	-0.0442021 -0.0475588 -0.41175	
1.39	-0.0424969 -0.0457331 -0.416046	
1.4	-0.0409667 -0.0440831 -0.420286	
1.41	-0.039451 -0.0424523 -0.424363	
1.42	-0.0379747 -0.0408653 -0.428288	
1.43	-0.0364993 -0.0392843 -0.432044	
1.44	-0.0351644 -0.0378431 -0.43579	
1.45	-0.033799 -0.0363836 -0.439163	
1.46	-0.0324788 -0.0349752 -0.442339	
1.47	-0.0311767 -0.0335939 -0.445237	
1.48	-0.0299474 -0.032286 -0.448092	
1.49	-0.0288014 -0.0310651 -0.450816	
1.5	-0.0276438 -0.0298346 -0.453467	
1.51	-0.0266157 -0.028732 -0.456136	
1.52	-0.0255559 -0.0276043 -0.458605	
1.53	-0.024619 -0.0265968 -0.461123	
1.54	-0.0236951 -0.0256062 -0.463511	
1.55	-0.0228069 -0.0246542 -0.465802	
1.56	-0.021918 -0.0237048 -0.467982	
1.57	1.43912 -4.778 5.17216	
1.58	3.38854 -6.18848 11.0204	
1.59	4.76342 -4.83026 16.3365	
1.6	8.15685 -4.16545 18.5908	
1.61	11.3101 -2.15007 22.5767	
1.62	11.0484 -1.45398 25.1877	
1.63	11.0146 -1.28932 24.8097	
1.64	8.52753 -1.76239 26.3888	
1.65	7.25832 -2.10863 26.7052	
1.66	6.59442 -2.66244 29.758	
1.67	5.9711 -2.65367 28.0218	
1.68	10.4451 -6.52375 24.5013	
1.69	7.76984 -15.7862 18.1153	
1.7	-12.5527 1.17832 -5.40496	
1.71	-11.7328 -10.1209 -7.51272	
1.72	-11.5437 -9.80021 -7.25568	
1.73	-11.2876 -9.52589 -7.01469	
1.74	-6.90279 -11.203 -6.24234	
1.75	-34.0334 4.17968 1.62659	
1.76	-4.07313 -6.36057 -3.68809	
1.77	-3.86238 -6.15663 -3.59435	
1.78	1.12168 -5.38658 -9.46624	
1.79	1.34526 -4.61512 -4.50961	
1.8	1.8462 -5.97798 -8.00574	
1.81	-0.625358 -6.31891 -7.90791	
1.82	-0.0373017 -4.37602 -3.19588	
1.83	0.0956485 -3.21978 2.50925	
1.84	0.422316 -2.82033 -0.975163	
1.85	0.80884 -2.75348 4.0961	
1.86	0.0937117 -0.569645 14.9404	
1.87	-1.17061 1.82341 4.93107	
1.88	3.29321 -2.66104 -1.90338	
1.89	-0.0932775 -0.732504 -1.517	
1.9	-6.87969 1.34843 -1.23571	
1.91	-2.08756 -15.0068 2.94649	
1.92	2.46098 -11.6158 4.61614	
1.93	1.29799 -4.01475 19.4541	
1.94	-4.83473 -7.6365 14.5056	
1.95	-13.5713 -21.0753 -8.69687	
1.96	-18.3403 -1.61709 0.844125	
1.97	-10.6605 -10.7673 4.14419	
1.98	-4.79827 -13.1273 3.35132	
1.99	-4.71526 -13.247 3.05547	
2	-4.76265 -13.4559 2.74429	
2.01	-3.77537 -13.3292 2.54493	
2.02	-2.88258 -13.02 2.40004	
2.03	-2.8778 -12.9539 2.18744	
2.04	-2.8475 -12.6851 2.03574	
2.05	-2.68043 -12.3007 1.92397	
2.06	-2.17487 -12.1053 1.77655	
2.07	-1.82795 -11.8659 1.64547	
2.08	-1.69499 -11.5781 1.5307	
2.09	-1.50265 -11.2614 1.43122	
2.1	-1.47464 -11.0551 1.30745	
2.11	-1.28841 -10.8958 1.18047	
2.12	-0.937754 -10.7226 1.06584	
2.13	-0.450796 -10.5775 0.952041	
2.14	0.0616149 -10.544 0.815692	
2.15	0.630734 -10.4843 0.692511	
2.16	1.14644 -10.3464 0.593997	
2.17	1.70635 -10.1008 0.529037	
2.18	2.26148 -9.68087 0.513878	
2.19	2.745 -8.97427 0.576197	
2.2	3.04924 -8.07477 0.690011	
2.21	3.08079 -7.18118 0.80251	
2.22	3.02239 -6.28925 0.91747	
2.23	2.90104 -5.50554 1.00772	
2.24	2.71409 -4.79654 1.08169	
2.25	2.57595 -4.23862 1.12136	
2.26	2.49211 -3.86894 1.1171	
2.27	2.41704 -3.65433 1.07661	
2.28	2.30403 -3.51094 1.02063	
2.29	2.18507 -3.3764 0.965584	
2.3	2.04944 -3.28434 0.902531	
2.31	1.69566 -2.99561 1.70062	
2.32	5.03845 -3.37663 16.6918	
2.33	7.42095 -6.29819 31.4827	
2.34	25.6293 -2.96395 40.9657	
2.35	24.6685 -2.86702 39.4461	
2.36	23.7668 -2.76312 37.9918	
2.37	22.4127 5.9884 32.5891	
2.38	18.9625 5.82477 33.1025	
2.39	-0.433417 -16.45 41.2614	
2.4	-16.6629 -9.63815 53.7721	
2.41	6.52192 -7.10578 25.599	
2.42	6.36893 -6.73891 24.8507	
2.43	6.09108 -6.55025 23.8859	
2.44	6.0638 -6.19252 23.065	
2.45	5.84765 -5.95779 22.2878	
2.46	5.67227 -5.69482 21.5253	
2.47	6.44117 -4.29598 21.8461	
2.48	8.30519 -1.63362 22.5803	
2.49	10.5002 1.32675 22.3838	
2.5	12.2553 3.70133 21.2263	
2.51	12.6628 4.51907 20.094	
2.52	12.6499 4.85934 19.242	
2.53	12.466 4.99318 18.4545	
2.54	12.1729 4.99312 17.7458	
2.55	11.8084 4.90264 17.115	
2.56	11.4219 4.77465 16.5006	
2.57	11.0413 4.64039 15.8846	
2.58	10.6466 4.48025 15.3079	
2.59	10.2521 4.30886 14.7394	
2.6	9.85298 4.12409 14.2217	
2.61	9.47233 3.95085 13.727	
2.62	9.0683 3.74354 13.2828	
2.63	8.6078 3.46015 12.8224	
2.64	8.15351 3.17648 12.4001	
2.65	7.8215 3.01748 11.8949	
2.66	7.55092 2.9168 11.3498	
2.67	7.29822 2.82625 10.7842	
2.68	7.05057 2.73601 10.2646	
2.69	6.78607 2.62038 9.77739	
2.7	6.54357 2.52605 9.3504	
2.71	6.3097 2.43134 8.88623	
2.72	6.07292 2.3255 8.41642	
2.73	5.8285 2.21088 8.05107	
2.74	5.59753 2.10863 7.74263	
2.75	5.37849 2.01536 7.46292	
2.76	5.16929 1.92641 7.17557	
2.77	4.96456 1.83737 6.90235	
2.78	4.76777 1.75334 6.6565	
2.79	4.60058 1.69454 6.3681	
2.8	4.43585 1.63152 6.05748	
2.81	4.25978 1.55586 5.82982	
2.82	4.08023 1.47195 5.61496	
2.83	3.89922 1.3831 5.42468	
2.84	3.80617 1.34469 4.56762	
2.85	3.55503 1.17292 4.47568	
2.86	3.28468 0.97603 4.40255	
2.87	2.97543 0.731785 4.35041	
2.88	2.70785 0.52885 4.26496	
2.89	2.44339 0.32492 4.1708	
2.9	2.20349 0.14396 4.05713	
2.91	1.9885 -0.0131031 3.92979	
2.92	1.73061 -0.222648 3.80497	
2.93	0.774355 0.345382 5.89986	
2.94	-1.02313 -0.532182 11.3675	
2.95	-3.57083 -1.14775 17.5283	
2.96	-7.54481 -2.35309 27.7829	
2.97	-9.16888 -3.10212 32.6355	
2.98	-9.12734 -3.10639 31.6167	
2.99	-8.90589 -3.11467 34.6127	
3	-7.73021 -2.75399 33.7624	
3.01	-5.30229 -2.02911 33.3846	
3.02	-9.80453 -3.31929 29.8171	
3.03	-15.8535 -5.04365 22.6486	
3.04	-6.33339 -5.62821 16.0388	
3.05	2.20781 -5.74391 10.4553	
3.06	3.562 -6.78806 10.9558	
3.07	11.8722 -0.280035 -1.10405	
3.08	9.6537 -2.63222 1.78351	
3.09	9.15 -2.76547 1.58089	
3.1	11.887 9.12648 -5.35674	
3.11	11.0879 8.92189 -5.36252	
3.12	9.51244 8.80171 -5.21671	
3.13	8.18689 8.03667 -3.84146	
3.14	7.52483 7.5922 -3.22092	
3.15	6.7949 7.09432 -2.44842	
3.16	6.30672 6.7307 -2.02197	
3.17	5.91003 6.4197 -1.72351	
3.18	5.43044 6.08329 -1.29616	
3.19	5.16209 5.83762 -1.16575	
3.2	4.76278 5.56764 -0.833973	
3.21	4.41423 5.31586 -0.559071	
3.22	4.03769 5.07282 -0.230403	
3.23	3.71035 4.85795 0.0314847	
3.24	3.35051 4.66231 0.352572	
3.25	3.03798 4.49492 0.610271	
3.26	2.68813 4.3789 0.958321	
3.27	2.47315 4.26157 1.16804	
3.28	2.33183 4.1501 1.35753	
3.29	2.23708 4.02134 1.50487	
3.3	2.16184 3.87388 1.59848	
3.31	2.10105 3.74271 1.69138	
3.32	2.03035 3.61085 1.82205	
3.33	1.96268 3.48767 1.89893	
3.34	1.90169 3.36871 2.00193	
3.35	1.84892 3.25847 2.09234	
3.36	1.80514 3.13819 2.17596	
3.37	1.75745 3.02146 2.27343	
3.38	1.71235 2.91983 2.32468	
3.39	1.67167 2.80747 2.40916	
3.4	1.63578 2.70974 2.47333	
