# Gnuplot File : positions of 1 particle(s) Monitored
# 1st Column : time, others : particle(s) number 0 
0.01	9.96079 19.9491 3.20051	
0.02	9.96204 19.9488 3.1988	
0.03	9.96079 19.9488 3.19859	
0.04	9.96079 19.9488 3.19845	
0.05	9.96048 19.9491 3.19976	
0.06	9.96204 19.9488 3.19828	
0.07	9.96079 19.9491 3.19967	
0.08	9.96048 19.9491 3.19958	
0.09	9.96048 19.9491 3.19955	
0.1	9.96079 19.9488 3.19812	
0.11	9.96079 19.9491 3.19956	
0.12	9.96079 19.9491 3.19955	
0.13	9.96079 19.9488 3.19808	
0.14	9.96048 19.9488 3.19803	
0.15	9.96172 19.9488 3.19804	
0.16	9.96172 19.9488 3.19804	
0.17	9.96048 19.9488 3.19802	
0.18	9.96172 19.9488 3.19804	
0.19	9.96172 19.9488 3.19804	
0.2	9.96204 19.9491 3.19955	
0.21	9.96204 19.9488 3.19809	
0.22	9.96204 19.9491 3.19955	
0.23	9.96204 19.9491 3.19955	
0.24	9.96079 19.9491 3.19953	
0.25	9.96048 19.9488 3.19802	
0.26	9.96048 19.9488 3.19802	
0.27	9.96079 19.9491 3.19953	
0.28	9.96079 19.9491 3.19953	
0.29	9.96048 19.9488 3.19802	
0.3	9.96204 19.9491 3.19955	
0.31	9.96048 19.9491 3.19948	
0.32	9.96079 19.9491 3.19953	
0.33	9.96204 19.9488 3.19809	
0.34	9.96079 19.9491 3.19953	
0.35	9.96172 19.9488 3.19804	
0.36	9.96172 19.9488 3.19804	
0.37	9.96048 19.9488 3.19802	
0.38	9.96172 19.9488 3.19804	
0.39	9.96079 19.9491 3.19953	
0.4	9.96109 19.9491 3.19941	
0.41	9.95013 19.9482 3.19712	
0.42	9.93622 19.9464 3.19223	
0.43	9.92425 19.9455 3.19164	
0.44	9.92004 19.9452 3.19149	
0.45	9.90467 19.9419 3.18239	
0.46	9.89662 19.9403 3.17859	
0.47	9.86436 19.934 3.1665	
0.48	9.8533 19.9309 3.15965	
0.49	9.8412 19.9273 3.15202	
0.5	9.83584 19.9253 3.14737	
0.51	9.83462 19.9248 3.14643	
0.52	9.83414 19.925 3.14749	
0.53	9.8339 19.9249 3.1473	
0.54	9.8339 19.9246 3.14587	
0.55	9.8339 19.9249 3.1473	
0.56	9.83366 19.9245 3.14568	
0.57	9.8339 19.9246 3.14587	
0.58	9.83366 19.9245 3.14568	
0.59	9.83366 19.9245 3.14568	
0.6	9.83366 19.9245 3.14568	
0.61	9.8339 19.9249 3.1473	
0.62	9.83365 19.9249 3.14711	
0.63	9.83867 19.9257 3.1476	
0.64	9.83892 19.9262 3.14922	
0.65	9.85382 19.9307 3.15855	
0.66	9.86237 19.9333 3.16466	
0.67	9.86693 19.9342 3.16606	
0.68	9.8637 19.9337 3.16546	
0.69	9.86025 19.9327 3.16337	
0.7	9.85799 19.9322 3.16265	
0.71	9.85799 19.9322 3.16265	
0.72	9.8592 19.9324 3.16272	
0.73	9.85704 19.9322 3.16275	
0.74	9.85489 19.9319 3.16278	
0.75	9.85852 19.9324 3.16298	
0.76	9.85946 19.9321 3.16144	
0.77	9.85852 19.9309 3.15723	
0.78	9.85468 19.9269 3.14395	
0.79	9.8612 19.9328 3.16327	
0.8	9.85999 19.9326 3.16321	
0.81	9.86884 19.8651 3.19019	
0.82	9.86787 19.7264 3.22731	
0.83	9.86791 19.6721 3.24534	
0.84	9.86797 19.6732 3.24966	
0.85	9.86551 19.6748 3.25621	
0.86	9.86594 19.6418 3.26911	
0.87	9.86342 19.6015 3.28802	
0.88	9.86093 19.5644 3.31806	
0.89	9.85843 19.5163 3.37203	
0.9	9.85593 19.4867 3.42606	
0.91	9.85216 19.4673 3.48303	
0.92	9.84709 19.4451 3.53106	
0.93	9.84451 19.4124 3.57356	
0.94	9.84085 19.3431 3.64308	
0.95	9.83582 19.2263 3.76154	
0.96	9.83298 19.1105 3.84435	
0.97	9.83275 19.0331 3.86557	
0.98	9.83448 18.9345 3.86723	
0.99	9.84847 18.824 3.88736	
1	9.86462 18.728 3.93475	
1.01	9.88121 18.62 3.98817	
1.02	9.89846 18.5144 4.0375	
1.03	9.92455 18.4218 4.09504	
1.04	9.96827 18.3383 4.12807	
1.05	10.0245 18.2674 4.15642	
1.06	10.1097 18.2135 4.18684	
1.07	10.1976 18.1478 4.23311	
1.08	10.2923 18.0539 4.3032	
1.09	10.3684 17.9582 4.36803	
1.1	10.421 17.8763 4.44555	
1.11	10.4821 17.7915 4.50405	
1.12	10.5451 17.7235 4.53459	
1.13	10.6197 17.6674 4.5667	
1.14	10.7281 17.6099 4.58918	
1.15	10.8373 17.5763 4.60652	
1.16	10.9584 17.5475 4.61734	
1.17	11.0601 17.5175 4.62698	
1.18	11.1605 17.4825 4.63415	
1.19	11.2537 17.4415 4.65071	
1.2	11.3342 17.4024 4.66365	
1.21	11.4106 17.3576 4.67571	
1.22	11.4796 17.3075 4.68003	
1.23	11.5416 17.2727 4.68466	
1.24	11.6161 17.2522 4.68229	
1.25	11.6852 17.2255 4.67897	
1.26	11.7542 17.1932 4.67342	
1.27	11.8273 17.1621 4.66788	
1.28	11.8987 17.1365 4.66332	
1.29	11.9646 17.0937 4.65797	
1.3	12.0183 17.043 4.65191	
1.31	12.0613 16.9849 4.64679	
1.32	12.0937 16.9251 4.64344	
1.33	12.1238 16.8782 4.64543	
1.34	12.1572 16.8293 4.65313	
1.35	12.175 16.7802 4.65689	
1.36	12.1956 16.7314 4.65943	
1.37	12.2132 16.6898 4.66626	
1.38	12.2313 16.6519 4.67032	
1.39	12.2557 16.6068 4.66773	
1.4	12.2792 16.5668 4.67652	
1.41	12.3105 16.5255 4.68979	
1.42	12.349 16.486 4.70472	
1.43	12.372 16.4378 4.70882	
1.44	12.3912 16.3994 4.72323	
1.45	12.4115 16.3572 4.75011	
1.46	12.4307 16.3157 4.78027	
1.47	12.4453 16.2795 4.79096	
1.48	12.4621 16.2469 4.79591	
1.49	12.4709 16.2094 4.79467	
1.5	12.4891 16.1714 4.79946	
1.51	12.512 16.1319 4.79941	
1.52	12.5325 16.0831 4.80366	
1.53	12.553 16.0343 4.80814	
1.54	12.566 15.978 4.81255	
1.55	12.5766 15.9322 4.82862	
1.56	12.5911 15.8854 4.84164	
1.57	12.6095 15.828 4.85444	
1.58	12.6245 15.7843 4.86318	
1.59	12.6383 15.7402 4.87077	
1.6	12.6546 15.6911 4.8797	
1.61	12.6701 15.6469 4.88623	
1.62	12.6828 15.5871 4.90696	
1.63	12.6956 15.5268 4.94861	
1.64	12.7059 15.4781 4.99368	
1.65	12.7161 15.4296 5.03905	
1.66	12.7271 15.3761 5.07501	
1.67	12.7359 15.3338 5.11281	
1.68	12.7468 15.2805 5.13831	
1.69	12.7608 15.2167 5.16454	
1.7	12.7754 15.1525 5.18936	
1.71	12.7873 15.0908 5.21974	
1.72	12.7996 15.0377 5.25631	
1.73	12.8072 14.9781 5.29354	
1.74	12.8198 14.9252 5.34067	
1.75	12.8223 14.8793 5.37443	
1.76	12.8308 14.8427 5.41144	
1.77	12.8409 14.7926 5.45429	
1.78	12.8504 14.7235 5.50661	
1.79	12.853 14.6666 5.54224	
1.8	12.854 14.6099 5.58947	
1.81	12.8626 14.5601 5.62401	
1.82	12.8574 14.5133 5.66117	
1.83	12.8396 14.4773 5.67962	
1.84	12.8059 14.4404 5.69299	
1.85	12.7649 14.4043 5.69833	
1.86	12.7264 14.3631 5.70425	
1.87	12.6798 14.3261 5.70972	
1.88	12.6275 14.2713 5.71688	
1.89	12.5848 14.213 5.72327	
1.9	12.5442 14.1616 5.73217	
1.91	12.5089 14.1251 5.73475	
1.92	12.4857 14.0826 5.74196	
1.93	12.4617 14.0347 5.75122	
1.94	12.4386 13.9868 5.75905	
1.95	12.415 13.9444 5.76662	
1.96	12.3916 13.9045 5.76722	
1.97	12.3536 13.8537 5.77424	
1.98	12.3076 13.7914 5.78559	
1.99	12.2663 13.7297 5.79559	
2	12.2092 13.655 5.80904	
2.01	12.155 13.565 5.82635	
2.02	12.1041 13.4628 5.84281	
2.03	12.0553 13.3746 5.86117	
2.04	12.0212 13.2997 5.8681	
2.05	11.986 13.231 5.87746	
2.06	11.9701 13.1723 5.88641	
2.07	11.9644 13.1236 5.88888	
2.08	11.9561 13.0716 5.88683	
2.09	11.9491 13.02 5.89528	
2.1	11.9462 12.9504 5.9126	
2.11	11.9358 12.8808 5.93468	
2.12	11.9152 12.8103 5.95854	
2.13	11.8841 12.7484 5.97775	
2.14	11.8349 12.6872 5.99286	
2.15	11.776 12.6377 5.99855	
2.16	11.7179 12.5938 6.01096	
2.17	11.651 12.56 6.02281	
2.18	11.5799 12.5205 6.03425	
2.19	11.507 12.4807 6.04437	
2.2	11.4331 12.4466 6.05339	
2.21	11.3568 12.4334 6.05625	
2.22	11.281 12.4152 6.05885	
2.23	11.1988 12.3838 6.06213	
2.24	11.1151 12.3498 6.07	
2.25	11.029 12.321 6.07666	
2.26	10.9093 12.3007 6.08121	
2.27	10.7919 12.2874 6.08588	
2.28	10.6808 12.2694 6.08891	
2.29	10.5617 12.2571 6.09228	
2.3	10.4485 12.2456 6.09423	
2.31	10.3354 12.2296 6.09747	
2.32	10.2395 12.225 6.09814	
2.33	10.1453 12.2214 6.09887	
2.34	10.0585 12.2214 6.10422	
2.35	9.97125 12.2319 6.10553	
2.36	9.87852 12.2354 6.10497	
2.37	9.77527 12.2344 6.1041	
2.38	9.66315 12.2335 6.10348	
2.39	9.54656 12.2422 6.10769	
2.4	9.4425 12.2591 6.10484	
2.41	9.35777 12.2762 6.10179	
2.42	9.25972 12.2912 6.10337	
2.43	9.15048 12.3235 6.10276	
2.44	9.05898 12.3552 6.102	
2.45	8.97373 12.3922 6.1	
2.46	8.89017 12.4272 6.09322	
2.47	8.79345 12.4702 6.0856	
2.48	8.71234 12.5064 6.0775	
2.49	8.63598 12.5418 6.06817	
2.5	8.5406 12.5786 6.05749	
2.51	8.4608 12.6106 6.05108	
2.52	8.3865 12.652 6.05471	
2.53	8.30639 12.6994 6.0429	
2.54	8.24268 12.7523 6.03526	
2.55	8.18081 12.8019 6.03302	
2.56	8.11962 12.8441 6.01389	
2.57	8.05587 12.8827 6.01339	
2.58	7.98886 12.9159 5.99755	
2.59	7.9101 12.9505 5.9821	
2.6	7.8267 12.9748 5.96942	
2.61	7.75432 13.0063 5.96222	
2.62	7.66875 13.0363 5.95367	
2.63	7.5951 13.0651 5.9447	
2.64	7.51879 13.1013 5.93548	
2.65	7.43983 13.1296 5.92305	
2.66	7.36887 13.1684 5.91068	
2.67	7.30699 13.2171 5.88478	
2.68	7.24978 13.2567 5.84365	
2.69	7.1935 13.3067 5.78945	
2.7	7.14385 13.3453 5.72366	
2.71	7.10039 13.3759 5.65417	
2.72	7.05548 13.4062 5.59522	
2.73	7.01075 13.4366 5.53494	
2.74	6.97718 13.463 5.47301	
2.75	6.94522 13.4971 5.41371	
2.76	6.91399 13.5273 5.34624	
2.77	6.88946 13.5619 5.27812	
2.78	6.86978 13.5926 5.20376	
2.79	6.86448 13.609 5.14273	
2.8	6.86582 13.622 5.08724	
2.81	6.86621 13.6302 5.03389	
2.82	6.86957 13.6467 4.98459	
2.83	6.87355 13.6663 4.92983	
2.84	6.87335 13.6725 4.87153	
2.85	6.87363 13.6733 4.83606	
2.86	6.87184 13.6633 4.80182	
2.87	6.86865 13.653 4.76768	
2.88	6.87032 13.6385 4.73905	
2.89	6.86713 13.6214 4.70188	
2.9	6.86118 13.5968 4.64863	
2.91	6.85577 13.5754 4.60307	
2.92	6.8551 13.5497 4.54954	
2.93	6.85029 13.5242 4.49237	
2.94	6.84416 13.4978 4.42129	
2.95	6.83839 13.4673 4.33841	
2.96	6.83432 13.4468 4.26453	
2.97	6.82599 13.4158 4.19365	
2.98	6.81898 13.3866 4.1244	
2.99	6.81904 13.3567 4.06848	
3	6.82415 13.3286 4.03486	
3.01	6.83269 13.2968 4.0104	
3.02	6.84403 13.2565 3.98846	
3.03	6.84694 13.2171 3.98248	
3.04	6.85006 13.1716 3.98787	
3.05	6.84986 13.108 3.99047	
3.06	6.84245 13.0684 3.99044	
3.07	6.83406 13.0239 3.99266	
3.08	6.82529 12.9775 3.98999	
3.09	6.82361 12.9367 3.99031	
3.1	6.81998 12.8856 3.99372	
3.11	6.81202 12.8433 4.00154	
3.12	6.8027 12.7936 4.00529	
3.13	6.79212 12.7385 4.00995	
3.14	6.78211 12.6843 4.01645	
3.15	6.77348 12.6076 4.02796	
3.16	6.76626 12.5362 4.03834	
3.17	6.75197 12.4699 4.04584	
3.18	6.74648 12.4147 4.05553	
3.19	6.7422 12.3631 4.05962	
3.2	6.7386 12.3149 4.0578	
3.21	6.73503 12.2651 4.06596	
3.22	6.72994 12.2067 4.08146	
3.23	6.72055 12.1503 4.09712	
3.24	6.70849 12.0877 4.11284	
3.25	6.6958 12.0204 4.13151	
3.26	6.68147 11.9527 4.15064	
3.27	6.66965 11.8918 4.17152	
3.28	6.66538 11.8296 4.19109	
3.29	6.67268 11.7743 4.20893	
3.3	6.67727 11.7319 4.22565	
3.31	6.68144 11.6937 4.24006	
3.32	6.68641 11.651 4.25575	
3.33	6.6916 11.6029 4.27113	
3.34	6.6961 11.5566 4.29207	
3.35	6.70082 11.5036 4.30924	
3.36	6.69659 11.4441 4.33743	
3.37	6.69934 11.3714 4.36176	
3.38	6.70584 11.2992 4.39461	
3.39	6.71341 11.2197 4.42073	
3.4	6.74023 11.1328 4.45311	
3.41	6.76222 11.0533 4.48544	
3.42	6.7944 10.9677 4.52674	
3.43	6.8324 10.9056 4.56713	
3.44	6.86799 10.8424 4.59703	
3.45	6.89984 10.7786 4.62942	
3.46	6.93568 10.7302 4.65549	
3.47	6.98027 10.6842 4.67475	
3.48	7.03103 10.6321 4.69581	
3.49	7.07989 10.5742 4.71758	
3.5	7.13626 10.5067 4.74564	
3.51	7.20581 10.4413 4.77111	
3.52	7.26606 10.3943 4.79139	
3.53	7.32976 10.3675 4.80269	
3.54	7.40774 10.3483 4.80973	
3.55	7.48445 10.3334 4.81365	
3.56	7.56324 10.3225 4.81061	
3.57	7.65857 10.3125 4.81068	
3.58	7.745 10.3085 4.81095	
3.59	7.8335 10.3 4.80963	
3.6	7.93033 10.2919 4.80949	
3.61	8.02442 10.2834 4.80988	
3.62	8.11899 10.2805 4.80853	
3.63	8.20713 10.2839 4.80545	
3.64	8.28831 10.288 4.80098	
3.65	8.37677 10.3023 4.79435	
3.66	8.45697 10.312 4.78858	
3.67	8.54413 10.3311 4.77786	
3.68	8.6167 10.3415 4.77048	
3.69	8.68922 10.3476 4.76638	
3.7	8.76324 10.3592 4.75895	
3.71	8.82789 10.3762 4.75174	
3.72	8.90845 10.3879 4.74438	
3.73	8.98894 10.4004 4.73848	
3.74	9.0708 10.4185 4.72931	
3.75	9.15123 10.4417 4.71876	
3.76	9.22466 10.4608 4.71134	
3.77	9.31281 10.4848 4.70071	
3.78	9.41419 10.5093 4.69158	
3.79	9.51527 10.5344 4.68254	
3.8	9.61632 10.5653 4.67211	
3.81	9.71005 10.602 4.66008	
3.82	9.80327 10.6496 4.64505	
3.83	9.88925 10.7026 4.62726	
3.84	9.96798 10.7511 4.61251	
3.85	10.0522 10.7891 4.59999	
3.86	10.1307 10.8274 4.58585	
3.87	10.2069 10.8707 4.57039	
3.88	10.2834 10.9151 4.5568	
3.89	10.361 10.9489 4.54308	
3.9	10.4321 10.9782 4.53231	
3.91	10.4953 11.0014 4.52175	
3.92	10.5518 11.0304 4.51141	
3.93	10.6015 11.0535 4.50081	
3.94	10.6434 11.0765 4.49197	
3.95	10.679 11.0995 4.48332	
3.96	10.7152 11.1121 4.47746	
3.97	10.7508 11.1245 4.47132	
3.98	10.7812 11.1268 4.46967	
3.99	10.8145 11.1337 4.46674	
4	10.8496 11.1363 4.4665	
4.01	10.8978 11.1377 4.46121	
4.02	10.9516 11.1501 4.45319	
4.03	11.0136 11.1579 4.445	
4.04	11.0786 11.1652 4.43297	
4.05	11.1367 11.1796 4.42479	
4.06	11.2055 11.1871 4.41317	
4.07	11.2685 11.2016 4.40371	
4.08	11.3258 11.2086 4.39057	
4.09	11.3871 11.2102 4.37899	
4.1	11.4452 11.2236 4.36585	
4.11	11.502 11.2348 4.34777	
4.12	11.5525 11.2435 4.32465	
4.13	11.6099 11.249 4.30507	
4.14	11.6737 11.2558 4.28692	
4.15	11.7289 11.267 4.26754	
4.16	11.7869 11.2697 4.23942	
4.17	11.8365 11.2768 4.21006	
4.18	11.888 11.2822 4.17426	
4.19	11.9381 11.2956 4.14494	
4.2	11.98 11.3089 4.10264	
4.21	12.0261 11.3272 4.04115	
4.22	12.0682 11.3407 3.99758	
4.23	12.1128 11.3581 3.94907	
4.24	12.1601 11.3781 3.9041	
4.25	12.2009 11.397 3.85774	
4.26	12.234 11.4135 3.82436	
4.27	12.2737 11.4312 3.79116	
4.28	12.3135 11.4478 3.77087	
4.29	12.3474 11.4602 3.75694	
4.3	12.379 11.4865 3.73427	
4.31	12.4166 11.5152 3.69876	
4.32	12.4418 11.5407 3.6596	
4.33	12.473 11.5679 3.60476	
4.34	12.5183 11.5949 3.55894	
4.35	12.5515 11.6165 3.51946	
4.36	12.587 11.6335 3.4811	
4.37	12.6311 11.659 3.44703	
4.38	12.6758 11.6775 3.40865	
4.39	12.7257 11.7133 3.36581	
4.4	12.7809 11.7523 3.31149	
4.41	12.8359 11.7841 3.26978	
4.42	12.8935 11.7999 3.22973	
4.43	12.9393 11.8124 3.2041	
4.44	12.9881 11.8111 3.18698	
4.45	13.0269 11.8131 3.16885	
4.46	13.0809 11.8196 3.15365	
4.47	13.1231 11.8199 3.12648	
4.48	13.1521 11.812 3.1001	
4.49	13.1747 11.8068 3.06773	
4.5	13.1959 11.7996 3.03002	
4.51	13.2191 11.7894 2.98025	
4.52	13.2428 11.7784 2.92678	
4.53	13.2688 11.7556 2.87001	
4.54	13.2896 11.7285 2.82104	
4.55	13.3139 11.7073 2.76941	
4.56	13.3342 11.682 2.72546	
4.57	13.3544 11.6569 2.68147	
4.58	13.3813 11.6253 2.65019	
4.59	13.4038 11.5908 2.63194	
4.6	13.4251 11.555 2.60994	
4.61	13.4411 11.5207 2.59709	
4.62	13.4645 11.483 2.58686	
4.63	13.4912 11.4539 2.58471	
4.64	13.5223 11.4192 2.5785	
4.65	13.5447 11.3934 2.57	
4.66	13.5664 11.3647 2.55102	
4.67	13.5938 11.3402 2.54264	
4.68	13.6286 11.3119 2.53538	
4.69	13.6653 11.2788 2.52973	
4.7	13.7007 11.2568 2.52454	
4.71	13.7309 11.222 2.52518	
4.72	13.8039 11.1708 2.52507	
4.73	13.8629 11.1303 2.51045	
4.74	13.9056 11.0877 2.50022	
4.75	13.9744 11.0504 2.50962	
4.76	14.0201 10.999 2.49649	
4.77	14.0767 10.9479 2.49993	
4.78	14.128 10.8962 2.49075	
4.79	14.169 10.832 2.5021	
4.8	14.201 10.7708 2.48285	
4.81	14.2167 10.705 2.5004	
4.82	14.2373 10.6324 2.48807	
4.83	14.2538 10.5692 2.50336	
4.84	14.2767 10.5104 2.49834	
4.85	14.2936 10.4466 2.52581	
4.86	14.3114 10.3781 2.53766	
4.87	14.3301 10.3007 2.56234	
4.88	14.3451 10.2158 2.58558	
4.89	14.3654 10.1371 2.60732	
4.9	14.3736 10.0713 2.62536	
4.91	14.3661 10.0092 2.62879	
4.92	14.3501 9.95088 2.63504	
4.93	14.3238 9.89098 2.64468	
4.94	14.2981 9.82757 2.66443	
4.95	14.2814 9.78699 2.67578	
4.96	14.2573 9.75194 2.69366	
4.97	14.2417 9.71249 2.70932	
4.98	14.2243 9.67353 2.72802	
4.99	14.2073 9.63905 2.74212	
5	14.1903 9.60722 2.76015	
5.01	14.1826 9.59211 2.77551	
5.02	14.1653 9.56865 2.79332	
5.03	14.1479 9.55169 2.80518	
5.04	14.137 9.52891 2.8201	
5.05	14.1236 9.5117 2.82901	
5.06	14.1113 9.49282 2.84004	
5.07	14.0881 9.46611 2.85506	
5.08	14.071 9.4479 2.87325	
5.09	14.0498 9.43972 2.87621	
5.1	14.0464 9.44019 2.8712	
5.11	14.0322 9.43945 2.88123	
5.12	14.0268 9.43748 2.88875	
5.13	14.0257 9.44234 2.89124	
5.14	14.0196 9.47196 2.89789	
5.15	14.0217 9.51826 2.8829	
5.16	14.0154 9.55838 2.86612	
5.17	14.0136 9.57512 2.88375	
5.18	14.0136 9.5812 2.92223	
5.19	14.0119 9.58946 2.96823	
5.2	14.0039 9.59841 3.01995	
5.21	14.0011 9.61084 3.07872	
5.22	13.9917 9.61934 3.12566	
5.23	13.9777 9.62212 3.17464	
5.24	13.9632 9.61382 3.22377	
5.25	13.9379 9.58794 3.27879	
5.26	13.9038 9.55417 3.33208	
5.27	13.8752 9.50112 3.37015	
5.28	13.8406 9.44298 3.41458	
5.29	13.802 9.35956 3.47213	
5.3	13.7736 9.26922 3.515	
5.31	13.7381 9.16753 3.56171	
5.32	13.7117 9.06338 3.61123	
5.33	13.6799 8.96887 3.65873	
5.34	13.6554 8.88777 3.70665	
5.35	13.6371 8.81279 3.75142	
5.36	13.6251 8.74388 3.79294	
5.37	13.6231 8.67205 3.83579	
5.38	13.6159 8.60936 3.87586	
5.39	13.613 8.53775 3.91924	
5.4	13.6012 8.47264 3.95176	
5.41	13.5827 8.40065 3.98316	
5.42	13.5603 8.30755 4.01934	
5.43	13.5128 8.21 4.05605	
5.44	13.4686 8.12794 4.08613	
5.45	13.4006 8.03539 4.11252	
5.46	13.3274 7.96759 4.13198	
5.47	13.2461 7.89759 4.1464	
5.48	13.152 7.84256 4.16385	
5.49	13.0656 7.79817 4.17346	
5.5	12.9773 7.76508 4.18482	
5.51	12.8957 7.73765 4.19206	
5.52	12.8124 7.71109 4.20329	
5.53	12.7367 7.68553 4.21299	
5.54	12.6619 7.65628 4.22705	
5.55	12.569 7.62925 4.23855	
5.56	12.484 7.602 4.24337	
5.57	12.3916 7.57132 4.25774	
5.58	12.2983 7.53999 4.2689	
5.59	12.205 7.50515 4.28554	
5.6	12.1293 7.47731 4.29771	
5.61	12.0348 7.44766 4.31171	
5.62	11.9499 7.4151 4.32829	
5.63	11.8638 7.37786 4.34767	
5.64	11.7865 7.34712 4.36585	
5.65	11.7077 7.31116 4.38531	
5.66	11.6377 7.28583 4.3995	
5.67	11.5705 7.26205 4.41491	
5.68	11.5091 7.24235 4.42484	
5.69	11.4399 7.22069 4.42821	
5.7	11.3613 7.19533 4.44117	
5.71	11.2915 7.18031 4.4486	
5.72	11.221 7.1682 4.44645	
5.73	11.1531 7.14841 4.4513	
5.74	11.0661 7.12841 4.46194	
5.75	10.9812 7.10808 4.46658	
5.76	10.895 7.09204 4.46756	
5.77	10.7922 7.08055 4.46723	
5.78	10.7066 7.06712 4.47445	
5.79	10.6119 7.05158 4.47407	
5.8	10.523 7.04201 4.47752	
5.81	10.4341 7.0374 4.47835	
5.82	10.3384 7.03342 4.47892	
5.83	10.2507 7.02997 4.47951	
5.84	10.1635 7.02675 4.47897	
5.85	10.0667 7.02369 4.48002	
5.86	9.97121 7.0257 4.47673	
5.87	9.86754 7.02398 4.47753	
5.88	9.74629 7.02188 4.47595	
5.89	9.64064 7.02913 4.46983	
5.9	9.53432 7.0412 4.46155	
5.91	9.42241 7.05068 4.45674	
5.92	9.31706 7.0595 4.45071	
5.93	9.22162 7.06949 4.44594	
5.94	9.12661 7.08454 4.43855	
5.95	9.03271 7.11327 4.42086	
5.96	8.94673 7.14174 4.40271	
5.97	8.86132 7.17023 4.38246	
5.98	8.77589 7.19391 4.36231	
5.99	8.69142 7.22343 4.34246	
6	8.6083 7.25337 4.32092	
6.01	8.53359 7.28789 4.298	
6.02	8.45742 7.31292 4.27965	
6.03	8.39141 7.34314 4.25985	
6.04	8.32415 7.37717 4.23626	
6.05	8.25769 7.42061 4.20743	
6.06	8.19304 7.46968 4.17701	
6.07	8.1347 7.50866 4.15238	
6.08	8.05327 7.55536 4.10552	
6.09	8.00392 7.58371 4.07942	
6.1	7.93823 7.62144 4.0433	
6.11	7.87991 7.6493 4.01244	
6.12	7.83048 7.66854 3.98922	
6.13	7.78185 7.69645 3.95824	
6.14	7.7266 7.73207 3.90929	
6.15	7.67084 7.76572 3.8522	
6.16	7.62401 7.79599 3.80391	
6.17	7.58201 7.81838 3.75239	
6.18	7.54172 7.84306 3.70725	
6.19	7.51084 7.87041 3.6526	
6.2	7.47287 7.90003 3.60096	
6.21	7.44948 7.92199 3.54891	
6.22	7.43447 7.94477 3.50377	
6.23	7.41168 7.97237 3.45331	
6.24	7.40688 8.00423 3.40306	
6.25	7.39359 8.03098 3.34861	
6.26	7.38682 8.05903 3.2841	
6.27	7.38105 8.08402 3.22704	
6.28	7.3671 8.10544 3.17244	
6.29	7.35193 8.12593 3.11431	
6.3	7.34643 8.14847 3.06536	
6.31	7.33393 8.17979 3.00366	
6.32	7.32959 8.20158 2.94774	
6.33	7.31495 8.22365 2.8926	
6.34	7.30892 8.24141 2.84479	
6.35	7.29517 8.25942 2.79167	
6.36	7.2895 8.27842 2.7467	
6.37	7.29189 8.30073 2.6981	
6.38	7.29128 8.30817 2.65672	
6.39	7.29228 8.3176 2.62172	
6.4	7.29273 8.32225 2.589	
6.41	7.27812 8.32969 2.55766	
6.42	7.27134 8.33867 2.51194	
6.43	7.25897 8.34666 2.47945	
6.44	7.25119 8.34069 2.46829	
6.45	7.25009 8.33117 2.41618	
6.46	7.24949 8.32825 2.39116	
6.47	7.24843 8.32255 2.35254	
6.48	7.24734 8.31834 2.32709	
6.49	7.25249 8.3073 2.26721	
6.5	7.25076 8.29495 2.20575	
6.51	7.25655 8.27807 2.16919	
6.52	7.26283 8.27041 2.10465	
6.53	7.27637 8.26277 2.04783	
6.54	7.28453 8.25368 1.99389	
6.55	7.29994 8.25976 1.95189	
6.56	7.30698 8.2445 1.90359	
6.57	7.31952 8.21115 1.83944	
6.58	7.33064 8.16246 1.80658	
6.59	7.35794 8.06532 1.79212	
6.6	7.37199 7.98956 1.73574	
6.61	7.34637 7.94751 1.67965	
6.62	7.39468 7.87412 1.64333	
6.63	7.37623 7.83997 1.65843	
6.64	7.33514 7.78529 1.67466	
6.65	7.34615 7.74067 1.68803	
6.66	7.34475 7.65632 1.70627	
6.67	7.33617 7.6072 1.72581	
6.68	7.33903 7.48932 1.75596	
6.69	7.31596 7.30382 1.91601	
6.7	7.3018 7.17882 2.00324	
6.71	7.31766 7.11379 2.06456	
6.72	7.34847 7.09421 2.07582	
6.73	7.37145 7.0783 2.07779	
6.74	7.38454 7.04356 2.08727	
6.75	7.37984 6.99997 2.10023	
6.76	7.3828 6.94805 2.0785	
6.77	7.3938 6.88295 2.09189	
6.78	7.38797 6.83514 2.08783	
6.79	7.39177 6.78366 2.0655	
6.8	7.4109 6.72366 2.10514	
6.81	7.42026 6.6539 2.13501	
6.82	7.42396 6.59571 2.1751	
6.83	7.4264 6.52894 2.2093	
6.84	7.42792 6.46403 2.25248	
6.85	7.4378 6.40861 2.29831	
6.86	7.43412 6.37515 2.31803	
6.87	7.42911 6.34655 2.35095	
6.88	7.41788 6.3239 2.35588	
6.89	7.40657 6.30792 2.37813	
6.9	7.40416 6.28073 2.40917	
6.91	7.3923 6.25737 2.44317	
6.92	7.3868 6.21199 2.50458	
6.93	7.37886 6.16043 2.56987	
6.94	7.37232 6.1089 2.62881	
6.95	7.36443 6.03658 2.69391	
6.96	7.36322 5.96701 2.77369	
6.97	7.36557 5.92085 2.82852	
6.98	7.3845 5.86873 2.88386	
6.99	7.39425 5.80366 2.956	
7	7.40032 5.71752 3.04106	
7.01	7.39515 5.60389 3.13918	
7.02	7.397 5.51858 3.20589	
7.03	7.40951 5.45153 3.26519	
7.04	7.43283 5.39689 3.31913	
7.05	7.45492 5.31589 3.39387	
7.06	7.46982 5.19242 3.51329	
7.07	7.47583 5.06802 3.63843	
7.08	7.49514 4.9613 3.7517	
7.09	7.51496 4.88875 3.8339	
7.1	7.53843 4.84198 3.88426	
7.11	7.57154 4.79035 3.93131	
7.12	7.61336 4.73875 3.98625	
7.13	7.65639 4.69084 4.03481	
7.14	7.70848 4.63509 4.08691	
7.15	7.78 4.57474 4.14247	
7.16	7.85266 4.52563 4.18182	
7.17	7.9267 4.47361 4.2193	
7.18	8.00155 4.42971 4.25498	
7.19	8.07831 4.39081 4.28786	
7.2	8.13685 4.35951 4.29574	
7.21	8.21303 4.33326 4.29541	
7.22	8.27202 4.31272 4.29505	
7.23	8.34815 4.29722 4.29148	
7.24	8.44779 4.28302 4.28724	
7.25	8.53489 4.26827 4.28351	
7.26	8.63203 4.25369 4.28435	
7.27	8.72073 4.24809 4.2846	
7.28	8.81735 4.24115 4.27862	
7.29	8.90208 4.22882 4.27926	
7.3	8.99244 4.23075 4.27946	
7.31	9.09873 4.23019 4.27934	
7.32	9.19713 4.2292 4.27375	
7.33	9.32441 4.22879 4.27296	
7.34	9.43237 4.22961 4.27163	
7.35	9.5507 4.23441 4.2661	
7.36	9.65951 4.23601 4.26423	
7.37	9.77719 4.23822 4.26465	
7.38	9.90317 4.24314 4.25823	
7.39	10.0296 4.25658 4.24605	
7.4	10.1753 4.27862 4.23136	
7.41	10.3102 4.29622 4.2128	
7.42	10.4456 4.31179 4.1998	
7.43	10.5731 4.32489 4.19034	
7.44	10.7414 4.34157 4.18019	
7.45	10.9195 4.35649 4.17426	
7.46	11.0695 4.37496 4.16471	
7.47	11.1981 4.39205 4.15552	
7.48	11.3267 4.40607 4.14994	
7.49	11.4551 4.42076 4.14443	
7.5	11.5831 4.43241 4.14345	
7.51	11.7112 4.44517 4.14392	
7.52	11.8383 4.45834 4.14499	
7.53	11.9766 4.47366 4.1452	
7.54	12.1432 4.49297 4.14621	
7.55	12.2913 4.51153 4.14727	
7.56	12.4397 4.53122 4.15298	
7.57	12.5878 4.55139 4.15317	
7.58	12.7454 4.57385 4.1538	
7.59	12.8925 4.59598 4.15604	
7.6	13.0518 4.62104 4.15612	
7.61	13.2089 4.64673 4.16246	
7.62	13.3681 4.67393 4.16296	
7.63	13.5088 4.69873 4.16199	
7.64	13.657 4.7259 4.16806	
7.65	13.7971 4.75214 4.16717	
7.66	13.9271 4.77726 4.16679	
7.67	14.064 4.80436 4.17249	
7.68	14.2006 4.83182 4.17264	
7.69	14.3279 4.85849 4.18229	
7.7	14.446 4.88439 4.18945	
7.71	14.5567 4.90897 4.19001	
7.72	14.6649 4.9331 4.19474	
7.73	14.7637 4.95533 4.1939	
7.74	14.8611 4.97746 4.19306	
7.75	14.9473 5.00097 4.18849	
7.76	15.0153 5.021 4.18538	
7.77	15.1008 5.04463 4.17985	
7.78	15.1687 5.06509 4.17677	
7.79	15.2452 5.08776 4.17356	
7.8	15.3208 5.12148 4.15812	
7.81	15.4132 5.16715 4.13515	
7.82	15.5164 5.2165 4.11362	
7.83	15.6004 5.25686 4.09308	
7.84	15.6848 5.2942 4.07757	
7.85	15.7747 5.33775 4.06958	
7.86	15.8549 5.39058 4.0507	
7.87	15.9459 5.46278 4.02838	
7.88	16.032 5.52208 4.018	
7.89	16.1197 5.57082 4.01855	
7.9	16.2102 5.61315 4.02237	
7.91	16.3002 5.66003 4.02794	
7.92	16.3782 5.71124 4.01719	
7.93	16.4444 5.76609 3.99109	
7.94	16.5112 5.82142 3.96101	
7.95	16.5783 5.87265 3.93186	
7.96	16.6517 5.93133 3.90747	
7.97	16.7072 5.99551 3.8645	
7.98	16.7514 6.06096 3.81987	
7.99	16.7941 6.12562 3.77226	
8	16.8362 6.19089 3.72637	
8.01	16.8766 6.25687 3.69154	
8.02	16.8992 6.31769 3.65826	
8.03	16.9161 6.3863 3.62903	
8.04	16.9245 6.45752 3.60803	
8.05	16.9408 6.55828 3.57804	
8.06	16.9515 6.65247 3.54005	
8.07	16.9478 6.72471 3.50841	
8.08	16.9476 6.79046 3.48921	
8.09	16.944 6.83429 3.48778	
8.1	16.9389 6.88202 3.47932	
8.11	16.9283 6.94252 3.47241	
8.12	16.9203 6.9989 3.46205	
8.13	16.9147 7.07027 3.44391	
8.14	16.9051 7.13077 3.42563	
8.15	16.8914 7.19993 3.40698	
8.16	16.8855 7.27131 3.38158	
8.17	16.8902 7.33853 3.36822	
8.18	16.8929 7.41074 3.35757	
8.19	16.9093 7.47378 3.35109	
8.2	16.9342 7.53778 3.36399	
8.21	16.9742 7.60855 3.3801	
8.22	17.0232 7.67816 3.39537	
8.23	17.0754 7.74283 3.40173	
8.24	17.1343 7.81165 3.4149	
8.25	17.2117 7.88239 3.42595	
8.26	17.3191 7.97637 3.41145	
8.27	17.4232 8.04966 3.39754	
8.28	17.5395 8.11811 3.3843	
8.29	17.6578 8.17996 3.38349	
8.3	17.7922 8.24858 3.37793	
8.31	17.9199 8.31436 3.36703	
8.32	18.0602 8.39238 3.35874	
8.33	18.1773 8.45679 3.35303	
8.34	18.3019 8.527 3.35815	
8.35	18.3927 8.58333 3.36269	
8.36	18.4927 8.64612 3.37995	
8.37	18.5807 8.71728 3.41322	
8.38	18.6602 8.79786 3.45141	
8.39	18.7502 8.90493 3.48877	
8.4	18.8024 9.00551 3.51998	
8.41	18.8355 9.10403 3.55387	
8.42	18.8455 9.20833 3.58353	
8.43	18.8485 9.32553 3.60551	
8.44	18.823 9.43829 3.61164	
8.45	18.7974 9.57205 3.60708	
8.46	18.7714 9.70216 3.60584	
8.47	18.7468 9.84697 3.61008	
8.48	18.7217 9.99142 3.60868	
8.49	18.6732 10.144 3.61041	
8.5	18.6402 10.284 3.62074	
8.51	18.5868 10.427 3.63136	
8.52	18.5356 10.5655 3.63882	
8.53	18.4773 10.6839 3.64876	
8.54	18.416 10.8257 3.65746	
8.55	18.3568 10.963 3.66433	
8.56	18.2995 11.1284 3.67501	
8.57	18.2413 11.2778 3.6923	
8.58	18.1791 11.4149 3.71225	
8.59	18.1038 11.5614 3.74165	
8.6	18.0312 11.7061 3.77815	
8.61	17.9711 11.8383 3.82783	
8.62	17.9007 11.9723 3.87507	
8.63	17.8336 12.1063 3.91693	
8.64	17.7649 12.2393 3.95431	
8.65	17.7098 12.3616 3.99381	
8.66	17.6452 12.4904 4.02818	
8.67	17.5827 12.6112 4.07056	
8.68	17.5205 12.7308 4.10699	
8.69	17.4625 12.8457 4.14358	
8.7	17.393 12.9773 4.18246	
8.71	17.3271 13.1018 4.22842	
8.72	17.2876 13.2083 4.26289	
8.73	17.251 13.3088 4.29398	
8.74	17.2147 13.4187 4.32924	
8.75	17.1916 13.5187 4.3714	
8.76	17.1774 13.631 4.40169	
8.77	17.1721 13.7617 4.43162	
8.78	17.1757 13.8798 4.45294	
8.79	17.1817 13.9924 4.48683	
8.8	17.199 14.0938 4.52373	
8.81	17.208 14.1874 4.56838	
8.82	17.2083 14.2835 4.61508	
8.83	17.2079 14.377 4.65393	
8.84	17.202 14.4703 4.69943	
8.85	17.1881 14.5591 4.75412	
8.86	17.1666 14.6459 4.79951	
8.87	17.141 14.7544 4.83895	
8.88	17.1196 14.8543 4.86971	
8.89	17.0893 14.9467 4.89746	
8.9	17.0625 15.0626 4.93555	
8.91	17.037 15.1809 4.9563	
8.92	16.9932 15.2977 4.9703	
8.93	16.9473 15.4139 4.98345	
8.94	16.8971 15.5371 5.00172	
8.95	16.8525 15.6576 5.04313	
8.96	16.7955 15.7798 5.08945	
8.97	16.7436 15.8834 5.13303	
8.98	16.6941 15.9924 5.17172	
8.99	16.6334 16.11 5.22347	
9	16.5717 16.2154 5.27618	
9.01	16.5142 16.3146 5.32643	
9.02	16.4644 16.4029 5.37417	
9.03	16.4126 16.4913 5.42343	
9.04	16.3624 16.5783 5.46018	
9.05	16.3091 16.6698 5.48597	
9.06	16.2558 16.7615 5.51227	
9.07	16.2022 16.8506 5.53434	
9.08	16.1515 16.9405 5.54757	
9.09	16.105 17.02 5.55849	
9.1	16.0636 17.0903 5.5806	
9.11	16.0241 17.1394 5.61844	
9.12	15.9875 17.1842 5.67494	
9.13	15.9439 17.2224 5.72021	
9.14	15.891 17.2557 5.76539	
9.15	15.8275 17.2839 5.81045	
9.16	15.7484 17.3097 5.85404	
9.17	15.6717 17.3411 5.89447	
9.18	15.6004 17.3738 5.92611	
9.19	15.5221 17.4133 5.95328	
9.2	15.4178 17.437 5.96881	
9.21	15.3128 17.4524 5.98283	
9.22	15.1975 17.4755 5.99437	
9.23	15.0691 17.4859 5.99717	
9.24	14.9343 17.5016 5.99899	
9.25	14.794 17.5127 6.00558	
9.26	14.6593 17.5181 6.00756	
9.27	14.5443 17.532 6.01413	
9.28	14.4234 17.5406 6.01637	
9.29	14.3081 17.5463 6.01994	
9.3	14.1903 17.553 6.03242	
9.31	14.0657 17.5607 6.04961	
9.32	13.932 17.5567 6.06193	
9.33	13.7929 17.5377 6.076	
9.34	13.6608 17.5272 6.09911	
9.35	13.5337 17.5085 6.11983	
9.36	13.3983 17.4941 6.14238	
9.37	13.2528 17.4743 6.15903	
9.38	13.0992 17.4426 6.17762	
9.39	12.9333 17.397 6.18522	
9.4	12.7637 17.3622 6.19773	
9.41	12.5998 17.3352 6.21628	
9.42	12.4591 17.3167 6.24178	
9.43	12.3117 17.3013 6.26478	
9.44	12.1558 17.2814 6.26619	
9.45	11.9988 17.2689 6.26667	
9.46	11.8463 17.2454 6.26875	
9.47	11.6915 17.2185 6.27162	
9.48	11.5337 17.1899 6.26989	
9.49	11.3654 17.1618 6.26834	
9.5	11.1889 17.1298 6.26755	
9.51	11.022 17.1071 6.26736	
9.52	10.8809 17.0837 6.26665	
9.53	10.7527 17.0688 6.26654	
9.54	10.6477 17.0519 6.26593	
9.55	10.5436 17.0417 6.26582	
9.56	10.4462 17.0335 6.26571	
9.57	10.3383 17.0261 6.26569	
9.58	10.2209 17.013 6.25659	
9.59	10.0859 17.0037 6.25207	
9.6	9.97616 16.9941 6.25292	
9.61	9.88136 16.9788 6.25038	
9.62	9.81323 16.976 6.25027	
9.63	9.75894 16.9738 6.25025	
9.64	9.70457 16.9721 6.25169	
9.65	9.6419 16.9704 6.25158	
9.66	9.58234 16.9668 6.24561	
9.67	9.51715 16.9638 6.24255	
9.68	9.45725 16.9607 6.23649	
9.69	9.40141 16.9495 6.227	
9.7	9.35909 16.9441 6.21944	
9.71	9.32495 16.938 6.21041	
9.72	9.30002 16.9284 6.19532	
9.73	9.28477 16.9192 6.18178	
9.74	9.28312 16.9096 6.16822	
9.75	9.28147 16.9 6.15466	
9.76	9.2799 16.8897 6.13103	
9.77	9.27807 16.8742 6.10837	
9.78	9.27715 16.8498 6.0705	
9.79	9.27514 16.8251 6.03265	
9.8	9.2787 16.803 5.98195	
9.81	9.28599 16.7719 5.92452	
9.82	9.28927 16.7446 5.88023	
9.83	9.29642 16.709 5.83222	
9.84	9.31213 16.6785 5.78457	
9.85	9.33301 16.6399 5.72282	
9.86	9.35032 16.6013 5.65806	
9.87	9.36865 16.5719 5.5995	
9.88	9.38469 16.5389 5.54362	
9.89	9.39526 16.5187 5.49746	
9.9	9.40054 16.5044 5.47104	
9.91	9.42262 16.4917 5.44919	
9.92	9.46203 16.4868 5.44246	
9.93	9.51207 16.4856 5.44217	
9.94	9.56014 16.4908 5.44071	
9.95	9.61189 16.5014 5.44003	
9.96	9.68608 16.5149 5.43515	
9.97	9.76683 16.5242 5.42971	
9.98	9.85477 16.5598 5.42935	
9.99	9.92683 16.6063 5.42136	
10	9.98576 16.6534 5.39585	
10.01	10.0432 16.7111 5.36024	
10.02	10.0821 16.7769 5.33046	
10.03	10.0934 16.8413 5.29968	
10.04	10.0951 16.9023 5.2734	
10.05	10.0968 16.9686 5.26589	
10.06	10.0973 17.0344 5.25873	
10.07	10.1019 17.12 5.25023	
10.08	10.1005 17.1994 5.22282	
10.09	10.1005 17.2791 5.18601	
10.1	10.0969 17.3528 5.15621	
10.11	10.0947 17.4178 5.13272	
10.12	10.0899 17.4858 5.09432	
10.13	10.0892 17.5566 5.07153	
10.14	10.0834 17.6214 5.05806	
10.15	10.0828 17.6819 5.02691	
10.16	10.0822 17.7356 4.97454	
10.17	10.0818 17.7944 4.92096	
10.18	10.0797 17.8635 4.87867	
10.19	10.0776 17.9274 4.84709	
10.2	10.0771 17.9946 4.81113	
10.21	10.0743 18.0736 4.76111	
10.22	10.0733 18.1473 4.73055	
10.23	10.0734 18.2174 4.70107	
10.24	10.0737 18.2829 4.67372	
10.25	10.0739 18.3604 4.64151	
10.26	10.0684 18.4514 4.59805	
10.27	10.0664 18.549 4.54891	
10.28	10.0634 18.6475 4.50147	
10.29	10.0589 18.7296 4.43845	
10.3	10.0559 18.8058 4.34032	
10.31	10.0456 18.8889 4.24751	
10.32	10.0258 18.9886 4.13542	
10.33	10.0001 19.0868 4.04107	
10.34	9.98371 19.1735 3.95216	
10.35	9.97939 19.2527 3.86539	
10.36	9.97718 19.3319 3.77875	
10.37	9.97744 19.41 3.69829	
10.38	9.97655 19.4786 3.61704	
10.39	9.97409 19.5443 3.53804	
10.4	9.96944 19.6082 3.45418	
10.41	9.96607 19.6549 3.3977	
10.42	9.95563 19.6618 3.38748	
10.43	9.94271 19.6824 3.37664	
10.44	9.93248 19.6981 3.36484	
10.45	9.91783 19.7136 3.35103	
10.46	9.91262 19.735 3.34092	
10.47	9.90439 19.7589 3.32416	
10.48	9.90215 19.9421 3.18415	
10.49	9.90215 19.9421 3.18415	
10.5	9.90215 19.9421 3.18415	
10.51	9.90215 19.9421 3.18415	
10.52	9.90215 19.9421 3.18415	
10.53	9.90215 19.9421 3.18415	
10.54	9.90215 19.9421 3.18415	
10.55	9.90215 19.9421 3.18415	
10.56	9.90098 19.9422 3.18514	
10.57	9.90752 19.9438 3.18942	
10.58	9.90017 19.9423 3.18583	
10.59	9.90549 19.9441 3.19151	
10.6	9.90862 19.9446 3.19285	
10.61	9.89676 19.9413 3.1825	
10.62	9.89122 19.9403 3.18057	
10.63	9.8878 19.9396 3.17901	
10.64	9.88525 19.939 3.17781	
10.65	9.88535 19.9389 3.17732	
10.66	9.88328 19.9383 3.17541	
10.67	9.88423 19.939 3.17822	
10.68	9.88244 19.9381 3.175	
10.69	9.88122 19.9379 3.17495	
10.7	9.88094 19.9382 3.17626	
10.71	9.88338 19.9389 3.17781	
10.72	9.88066 19.9378 3.17467	
10.73	9.88066 19.9378 3.17467	
10.74	9.88122 19.9379 3.17495	
10.75	9.8815 19.938 3.17509	
10.76	9.88346 19.9384 3.17604	
10.77	9.88714 19.9389 3.17633	
10.78	9.89048 19.94 3.17978	
10.79	9.89423 19.9408 3.18139	
10.8	9.90105 19.9418 3.18328	
10.81	9.90544 19.9423 3.18353	
10.82	9.90859 19.9433 3.18695	
10.83	9.9134 19.9443 3.18968	
10.84	9.9161 19.9447 3.19057	
10.85	9.91636 19.9448 3.19102	
10.86	9.91757 19.945 3.1914	
10.87	9.91847 19.9451 3.19168	
10.88	9.92001 19.9449 3.19036	
10.89	9.92185 19.9451 3.19058	
10.9	9.92061 19.945 3.19054	
10.91	9.92061 19.9453 3.192	
10.92	9.92031 19.9446 3.189	
10.93	9.92031 19.945 3.19045	
10.94	9.9191 19.9448 3.19008	
10.95	9.91247 19.9439 3.18829	
10.96	9.90598 19.9431 3.18705	
10.97	9.89778 19.9413 3.18241	
10.98	9.88734 19.9397 3.17983	
10.99	9.88094 19.9379 3.17481	
11	9.87482 19.9365 3.17168	
11.01	9.86854 19.9346 3.16698	
11.02	9.86025 19.9327 3.16336	
11.03	9.85476 19.9311 3.15988	
11.04	9.84919 19.9296 3.15689	
11.05	9.84464 19.9282 3.15371	
11.06	9.84166 19.9272 3.15153	
11.07	9.84113 19.9268 3.15032	
11.08	9.83727 19.9259 3.14906	
11.09	9.83724 19.9254 3.14733	
11.1	9.83293 19.9235 3.14244	
11.11	9.82615 19.9211 3.13762	
11.12	9.82027 19.9191 3.13373	
11.13	9.81589 19.9172 3.12952	
11.14	9.81406 19.9161 3.1266	
11.15	9.81237 19.9153 3.12486	
11.16	9.81016 19.9141 3.12226	
11.17	9.80954 19.9142 3.12302	
11.18	9.81364 19.9154 3.12475	
11.19	9.81763 19.918 3.13122	
11.2	9.82341 19.9204 3.13662	
11.21	9.82869 19.9225 3.14124	
11.22	9.83436 19.9246 3.14592	
11.23	9.8434 19.9278 3.15281	
11.24	9.85936 19.9323 3.16211	
11.25	9.87223 19.936 3.17089	
11.26	9.88506 19.9393 3.17878	
11.27	9.8959 19.9415 3.184	
11.28	9.9038 19.9433 3.18853	
11.29	9.91063 19.944 3.1895	
11.3	9.91844 19.9452 3.19202	
11.31	9.93189 19.9464 3.19343	
11.32	9.94205 19.9472 3.19467	
11.33	9.9517 19.9484 3.19805	
11.34	9.96171 19.9491 3.19932	
11.35	9.96552 19.9494 3.20016	
11.36	9.97402 19.9498 3.20088	
11.37	9.97877 19.9499 3.20133	
11.38	9.98195 19.9501 3.20158	
11.39	9.98104 19.9501 3.20168	
11.4	9.97754 19.9499 3.20141	
11.41	9.96552 19.9497 3.20162	
11.42	9.94951 19.9482 3.19764	
11.43	9.92941 19.9465 3.19482	
11.44	9.91127 19.9441 3.18934	
11.45	9.89982 19.9417 3.18323	
11.46	9.88365 19.9403 3.1839	
11.47	9.87731 19.9384 3.17876	
11.48	9.86543 19.9371 3.17866	
11.49	9.85251 19.9342 3.17352	
11.5	9.84286 19.9274 3.15161	
11.51	9.83651 19.9255 3.14785	
11.52	9.82692 19.9217 3.13922	
11.53	9.81999 19.9184 3.13139	
11.54	9.81313 19.9153 3.12451	
11.55	9.80855 19.9127 3.11838	
11.56	9.80344 19.9096 3.11115	
11.57	9.79477 19.9059 3.10427	
11.58	9.79018 19.9031 3.09799	
11.59	9.7873 19.9012 3.09381	
11.6	9.78809 19.9007 3.09177	
11.61	9.78907 19.9008 3.09136	
11.62	9.78827 19.9002 3.09011	
11.63	9.78925 19.9003 3.08995	
11.64	9.78468 19.8994 3.08982	
11.65	9.79029 19.9022 3.09522	
11.66	9.79411 19.906 3.10481	
11.67	9.80344 19.9108 3.11502	
11.68	9.81301 19.9151 3.1241	
11.69	9.81881 19.9161 3.12421	
11.7	9.82168 19.9194 3.13402	
11.71	9.8246 19.9206 3.1367	
11.72	9.82711 19.9216 3.13893	
11.73	9.83153 19.9223 3.13894	
11.74	9.83721 19.9234 3.13986	
11.75	9.83966 19.9259 3.14777	
11.76	9.8436 19.9269 3.14929	
11.77	9.85032 19.9292 3.15472	
11.78	9.85356 19.9306 3.15837	
11.79	9.86078 19.9328 3.16368	
11.8	9.86719 19.9346 3.16748	
11.81	9.8729 19.936 3.17066	
11.82	9.87444 19.9358 3.16917	
11.83	9.87731 19.9346 3.16288	
11.84	9.87843 19.9341 3.16056	
11.85	9.87926 19.9375 3.17397	
11.86	9.87954 19.9376 3.17411	
11.87	9.87982 19.9376 3.17425	
11.88	9.87887 19.9379 3.17578	
11.89	9.8801 19.938 3.17584	
11.9	9.87609 19.9369 3.17292	
11.91	9.87372 19.9366 3.17254	
