# Gnuplot File : velocities of 1 particle(s) Monitored
# 1st Column : time, others : particle(s) number 0 
0.01	0 0 -0.0365586	
0.02	4.62621e-17 0 -0.0632893	
0.03	3.38022e-17 0 -0.082834	
0.04	2.47152e-17 0 -0.0971245	
0.05	1.79967e-17 0 -0.107573	
0.06	1.16188e-16 0 -0.115213	
0.07	8.5245e-17 0 -0.120799	
0.08	1.08634e-16 0 -0.124884	
0.09	7.90485e-17 0 -0.12787	
0.1	1.04339e-16 0 -0.130054	
0.11	1.22552e-16 0 -0.13165	
0.12	8.95821e-17 0 -0.132818	
0.13	6.52031e-17 0 -0.133671	
0.14	9.4167e-17 0 -0.134295	
0.15	6.88047e-17 0 -0.134752	
0.16	6.85692e-17 0 -0.134752	
0.17	6.85215e-17 0 -0.134752	
0.18	6.88523e-17 0 -0.134752	
0.19	6.88523e-17 0 -0.134752	
0.2	6.88047e-17 0 -0.134752	
0.21	6.88523e-17 0 -0.134752	
0.22	6.85215e-17 0 -0.134752	
0.23	6.88523e-17 0 -0.134752	
0.24	6.85215e-17 0 -0.134752	
0.25	6.85215e-17 0 -0.134752	
0.26	6.85215e-17 0 -0.134752	
0.27	6.88523e-17 0 -0.134752	
0.28	6.85692e-17 0 -0.134752	
0.29	6.88523e-17 0 -0.134752	
0.3	6.88523e-17 0 -0.134752	
0.31	6.88523e-17 0 -0.134752	
0.32	6.88523e-17 0 -0.134752	
0.33	6.88523e-17 0 -0.134752	
0.34	6.88523e-17 0 -0.134752	
0.35	6.88523e-17 0 -0.134752	
0.36	6.88523e-17 0 -0.134752	
0.37	6.88047e-17 0 -0.134752	
0.38	6.88047e-17 0 -0.134752	
0.39	6.88047e-17 0 -0.134752	
0.4	6.88523e-17 0 -0.134752	
0.41	6.88523e-17 0 -0.134752	
0.42	6.88523e-17 0 -0.134752	
0.43	6.85692e-17 0 -0.134752	
0.44	6.85692e-17 0 -0.134752	
0.45	6.85215e-17 0 -0.134752	
0.46	6.85692e-17 0 -0.134752	
0.47	6.85215e-17 0 -0.134752	
0.48	6.88523e-17 0 -0.134752	
0.49	6.85692e-17 0 -0.134752	
0.5	6.85215e-17 0 -0.134752	
0.51	6.88523e-17 0 -0.134752	
0.52	6.88523e-17 0 -0.134752	
0.53	6.88523e-17 0 -0.134752	
0.54	6.88523e-17 0 -0.134752	
0.55	6.88523e-17 0 -0.134752	
0.56	6.88523e-17 0 -0.134752	
0.57	6.88047e-17 0 -0.134752	
0.58	6.85692e-17 0 -0.134752	
0.59	6.88047e-17 0 -0.134752	
0.6	6.88047e-17 0 -0.134752	
0.61	6.85215e-17 0 -0.134752	
0.62	6.88047e-17 0 -0.134752	
0.63	6.88047e-17 0 -0.134752	
0.64	6.88523e-17 0 -0.134752	
0.65	6.88047e-17 0 -0.134752	
0.66	6.85692e-17 0 -0.134752	
0.67	6.85692e-17 0 -0.134752	
0.68	6.88523e-17 0 -0.134752	
0.69	6.85692e-17 0 -0.134752	
0.7	6.88523e-17 0 -0.134752	
0.71	6.88523e-17 0 -0.134752	
0.72	6.85692e-17 0 -0.134752	
0.73	6.88714e-17 0 -0.134752	
0.74	6.88334e-17 0 -0.134752	
0.75	6.88523e-17 0 -0.134752	
0.76	6.85882e-17 0 -0.134752	
0.77	6.88047e-17 0 -0.134752	
0.78	6.88523e-17 0 -0.134752	
0.79	6.88523e-17 0 -0.134752	
0.8	6.88523e-17 0 -0.134752	
0.81	6.88523e-17 0 -0.134752	
0.82	6.88523e-17 0 -0.134752	
0.83	6.85692e-17 0 -0.134752	
0.84	6.85692e-17 0 -0.134752	
0.85	6.85215e-17 0 -0.134752	
0.86	6.88523e-17 0 -0.134752	
0.87	6.88523e-17 0 -0.134752	
0.88	6.85692e-17 0 -0.134752	
0.89	6.88523e-17 0 -0.134752	
0.9	6.88523e-17 0 -0.134752	
0.91	6.88523e-17 0 -0.134752	
0.92	6.88523e-17 0 -0.134752	
0.93	6.88047e-17 0 -0.134752	
0.94	6.88523e-17 0 -0.134752	
0.95	6.88047e-17 0 -0.134752	
0.96	6.88523e-17 0 -0.134752	
0.97	6.88523e-17 0 -0.134752	
0.98	6.88523e-17 0 -0.134752	
0.99	6.88523e-17 0 -0.134752	
1	6.88523e-17 0 -0.134752	
1.01	6.8757e-17 0 -0.134752	
1.02	6.80667e-17 0 -0.134752	
1.03	6.77741e-17 0 -0.134752	
1.04	6.68155e-17 0 -0.134752	
1.05	6.53929e-17 0 -0.134752	
1.06	6.34632e-17 0 -0.134752	
1.07	6.18513e-17 0 -0.134752	
1.08	6.07211e-17 0 -0.134752	
1.09	6.01697e-17 0 -0.134752	
1.1	5.96143e-17 0 -0.134752	
1.11	5.92978e-17 0 -0.134752	
1.12	5.91303e-17 0 -0.134752	
1.13	5.90217e-17 0 -0.134752	
1.14	5.89496e-17 0 -0.134752	
1.15	5.86394e-17 0 -0.134752	
1.16	5.85889e-17 0 -0.134752	
1.17	5.88778e-17 0 -0.134752	
1.18	5.88778e-17 0 -0.134752	
1.19	5.88564e-17 0 -0.134752	
1.2	5.8553e-17 0 -0.134752	
1.21	5.87418e-17 0 -0.134752	
1.22	5.85997e-17 0 -0.134752	
1.23	5.8399e-17 0 -0.134752	
1.24	5.7416e-17 0 -0.134752	
1.25	5.63132e-17 0 -0.134752	
1.26	5.58523e-17 0 -0.134752	
1.27	5.61225e-17 0 -0.134752	
1.28	5.58998e-17 0 -0.134752	
1.29	5.60289e-17 0 -0.134752	
1.3	5.59717e-17 0 -0.134752	
1.31	5.4728e-17 0 -0.134752	
1.32	5.49907e-17 0 -0.134752	
1.33	5.49512e-17 0 -0.134752	
1.34	5.49512e-17 0 -0.134752	
1.35	5.52535e-17 0 -0.134752	
1.36	5.49341e-17 0 -0.134752	
1.37	5.49512e-17 0 -0.134752	
1.38	5.49341e-17 0 -0.134752	
1.39	5.49341e-17 0 -0.134752	
1.4	5.52252e-17 0 -0.134752	
1.41	5.4923e-17 0 -0.134752	
1.42	5.49455e-17 0 -0.134752	
1.43	5.49341e-17 0 -0.134752	
1.44	5.49341e-17 0 -0.134752	
1.45	5.49455e-17 0 -0.134752	
1.46	5.4906e-17 0 -0.134752	
1.47	5.4906e-17 0 -0.134752	
1.48	5.49341e-17 0 -0.134752	
1.49	5.49341e-17 0 -0.134752	
1.5	5.49341e-17 0 -0.134752	
1.51	5.49341e-17 0 -0.134752	
1.52	5.49341e-17 0 -0.134752	
1.53	5.49341e-17 0 -0.134752	
1.54	5.49341e-17 0 -0.134752	
1.55	5.49341e-17 0 -0.134752	
1.56	5.49455e-17 0 -0.134752	
1.57	5.49341e-17 0 -0.134752	
1.58	5.52252e-17 0 -0.134752	
1.59	5.49341e-17 0 -0.134752	
1.6	5.49455e-17 0 -0.134752	
1.61	5.4906e-17 0 -0.134752	
1.62	5.52141e-17 0 -0.134752	
1.63	5.46148e-17 0 -0.134752	
1.64	5.48948e-17 0 -0.134752	
1.65	5.49341e-17 0 -0.134752	
1.66	5.46318e-17 0 -0.134752	
1.67	5.52252e-17 0 -0.134752	
1.68	5.4923e-17 0 -0.134752	
1.69	5.49455e-17 0 -0.134752	
1.7	5.49341e-17 0 -0.134752	
1.71	5.68808e-17 0 -0.134752	
1.72	6.24146e-17 0 -0.134752	
1.73	6.38153e-17 0 -0.134752	
1.74	6.31116e-17 0 -0.134752	
1.75	6.10175e-17 0 -0.134752	
1.76	5.99022e-17 0 -0.134752	
1.77	5.87758e-17 0 -0.134752	
1.78	5.82292e-17 0 -0.134752	
1.79	5.79619e-17 0 -0.134752	
1.8	5.77987e-17 0 -0.134752	
1.81	5.74022e-17 0 -0.134752	
1.82	5.66089e-17 0 -0.134752	
1.83	5.64633e-17 0 -0.134752	
1.84	5.67236e-17 0 -0.134752	
1.85	5.6855e-17 0 -0.134752	
1.86	5.67994e-17 0 -0.134752	
1.87	5.72048e-17 0 -0.134752	
1.88	5.74083e-17 0 -0.134752	
1.89	5.72084e-17 0 -0.134752	
1.9	5.7111e-17 0 -0.134752	
1.91	5.69168e-17 0 -0.134752	
1.92	5.68742e-17 0 -0.134752	
1.93	5.58513e-17 0 -0.134752	
1.94	5.485e-17 0 -0.134752	
1.95	5.36723e-17 0 -0.134752	
1.96	5.26963e-17 0 -0.134752	
1.97	5.16145e-17 0 -0.134752	
1.98	5.06566e-17 0 -0.134752	
1.99	5.05812e-17 0 -0.134752	
2	5.09823e-17 0 -0.134752	
2.01	5.06355e-17 0 -0.134752	
2.02	5.03006e-17 0 -0.134752	
2.03	5.04458e-17 0 -0.134752	
2.04	5.02026e-17 0 -0.134752	
2.05	5.00593e-17 0 -0.134752	
2.06	5.0496e-17 0 -0.134752	
2.07	5.05338e-17 0 -0.134752	
2.08	5.05658e-17 0 -0.134752	
2.09	5.02248e-17 0 -0.134752	
2.1	5.00874e-17 0 -0.134752	
2.11	5.01551e-17 0 -0.134752	
2.12	5.01987e-17 0 -0.134752	
2.13	5.02056e-17 0 -0.134752	
2.14	5.06661e-17 0 -0.134752	
2.15	5.06502e-17 0 -0.134752	
2.16	5.05418e-17 0 -0.134752	
2.17	5.10067e-17 0 -0.134752	
2.18	5.14708e-17 0 -0.134752	
2.19	5.15552e-17 0 -0.134752	
2.2	5.17075e-17 0 -0.134752	
2.21	5.17266e-17 0 -0.134752	
2.22	5.19817e-17 0 -0.134752	
2.23	5.23848e-17 0 -0.134752	
2.24	5.19614e-17 0 -0.134752	
2.25	5.19745e-17 0 -0.134752	
2.26	5.19477e-17 0 -0.134752	
2.27	5.21164e-17 0 -0.134752	
2.28	5.19929e-17 0 -0.134752	
2.29	5.21553e-17 0 -0.134752	
2.3	5.2413e-17 0 -0.134752	
2.31	5.18081e-17 0 -0.134752	
2.32	5.14972e-17 0 -0.134752	
2.33	5.11832e-17 0 -0.134752	
2.34	5.10682e-17 0 -0.134752	
2.35	5.02945e-17 0 -0.134752	
2.36	4.99986e-17 0 -0.134752	
2.37	5.01804e-17 0 -0.134752	
2.38	5.03619e-17 0 -0.134752	
2.39	5.03632e-17 0 -0.134752	
2.4	5.03412e-17 0 -0.134752	
2.41	5.0611e-17 0 -0.134752	
2.42	5.10647e-17 0 -0.134752	
2.43	5.15173e-17 0 -0.134752	
2.44	5.16588e-17 0 -0.134752	
2.45	5.20893e-17 0 -0.134752	
2.46	5.2519e-17 0 -0.134752	
2.47	5.27482e-17 0 -0.134752	
2.48	5.2764e-17 0 -0.134752	
2.49	5.26528e-17 0 -0.134752	
2.5	5.21915e-17 0 -0.134752	
2.51	5.17591e-17 0 -0.134752	
2.52	5.13263e-17 0 -0.134752	
2.53	5.10655e-17 0 -0.134752	
2.54	5.08328e-17 0 -0.134752	
2.55	5.05996e-17 0 -0.134752	
2.56	5.0659e-17 0 -0.134752	
2.57	5.05345e-17 0 -0.134752	
2.58	5.05023e-17 0 -0.134752	
2.59	5.05629e-17 0 -0.134752	
2.6	5.05319e-17 0 -0.134752	
2.61	5.07932e-17 0 -0.134752	
2.62	5.0561e-17 0 -0.134752	
2.63	5.03299e-17 0 -0.134752	
2.64	5.02981e-17 0 -0.134752	
2.65	5.02676e-17 0 -0.134752	
2.66	5.02994e-17 0 -0.134752	
2.67	5.04521e-17 0 -0.134752	
2.68	5.02217e-17 0 -0.134752	
2.69	4.99897e-17 0 -0.134752	
2.7	4.96673e-17 0 -0.134752	
2.71	4.92217e-17 0 -0.134752	
2.72	4.92212e-17 0 -0.134752	
2.73	4.93925e-17 0 -0.134752	
2.74	4.91763e-17 0 -0.134752	
2.75	4.93454e-17 0 -0.134752	
2.76	4.9517e-17 0 -0.134752	
2.77	4.98708e-17 0 -0.134752	
2.78	5.0135e-17 0 -0.134752	
2.79	5.01068e-17 0 -0.134752	
2.8	5.02791e-17 0 -0.134752	
2.81	5.06362e-17 0 -0.134752	
2.82	5.08193e-17 0 -0.134752	
2.83	5.06515e-17 0 -0.134752	
2.84	5.06382e-17 0 -0.134752	
2.85	5.04742e-17 0 -0.134752	
2.86	5.06577e-17 0 -0.134752	
2.87	5.05864e-17 0 -0.134752	
2.88	5.00003e-17 0 -0.134752	
2.89	4.92035e-17 0 -0.134752	
2.9	4.85915e-17 0 -0.134752	
2.91	4.86583e-17 0 -0.134752	
2.92	4.85203e-17 0 -0.134752	
2.93	4.83573e-17 0 -0.134752	
2.94	4.8259e-17 0 -0.134752	
2.95	4.82192e-17 0 -0.134752	
2.96	4.80919e-17 0 -0.134752	
2.97	4.78224e-17 0 -0.134752	
2.98	4.76185e-17 0 -0.134752	
2.99	4.72921e-17 0 -0.134752	
3	4.6936e-17 0 -0.134752	
3.01	4.67034e-17 0 -0.134752	
3.02	4.6172e-17 0 -0.134752	
3.03	4.62642e-17 0 -0.134752	
3.04	4.57089e-17 0 -0.134752	
3.05	4.51841e-17 0 -0.134752	
3.06	4.50607e-17 0 -0.134752	
3.07	4.49317e-17 0 -0.134752	
3.08	4.49082e-17 0 -0.134752	
3.09	4.48791e-17 0 -0.134752	
3.1	4.50626e-17 0 -0.134752	
3.11	4.47573e-17 0 -0.134752	
3.12	4.43632e-17 0 -0.134752	
3.13	4.41632e-17 0 -0.134752	
3.14	4.39624e-17 0 -0.134752	
3.15	4.38723e-17 0 -0.134752	
3.16	4.38767e-17 0 -0.134752	
3.17	4.39689e-17 0 -0.134752	
3.18	4.40528e-17 0 -0.134752	
3.19	4.39389e-17 0 -0.134752	
3.2	4.38237e-17 0 -0.134752	
3.21	4.38931e-17 0 -0.134752	
3.22	4.34696e-17 0 -0.134752	
3.23	4.30125e-17 0 -0.134752	
3.24	4.25185e-17 0 -0.134752	
3.25	4.24912e-17 0 -0.134752	
3.26	4.18719e-17 0 -0.134752	
3.27	4.14524e-17 0 -0.134752	
3.28	4.05158e-17 0 -0.134752	
3.29	4.0319e-17 0 -0.134752	
3.3	4.00864e-17 0 -0.134752	
3.31	3.94306e-17 0 -0.134752	
3.32	3.91923e-17 0 -0.134752	
3.33	3.89503e-17 0 -0.134752	
3.34	3.83302e-17 0 -0.134752	
3.35	3.8192e-17 0 -0.134752	
3.36	3.79519e-17 0 -0.134752	
3.37	3.76189e-17 0 -0.134752	
3.38	3.72834e-17 0 -0.134752	
3.39	3.73289e-17 0 -0.134752	
3.4	3.71839e-17 0 -0.134752	
3.41	3.69323e-17 0 -0.134752	
3.42	3.6957e-17 0 -0.134752	
3.43	3.64593e-17 0 -0.134752	
3.44	3.63845e-17 0 -0.134752	
3.45	3.58946e-17 0 -0.134752	
3.46	3.53921e-17 0 -0.134752	
3.47	3.46191e-17 0 -0.134752	
3.48	3.37962e-17 0 -0.134752	
3.49	3.3168e-17 0 -0.134752	
3.5	3.222e-17 0 -0.134752	
3.51	3.14053e-17 0 -0.134752	
3.52	3.09573e-17 0 -0.134752	
3.53	3.04363e-17 0 -0.134752	
3.54	3.01222e-17 0 -0.134752	
3.55	2.98235e-17 0 -0.134752	
3.56	2.98457e-17 0 -0.134752	
3.57	2.96579e-17 0 -0.134752	
3.58	2.94683e-17 0 -0.134752	
3.59	2.95668e-17 0 -0.134752	
3.6	2.95058e-17 0 -0.134752	
3.61	2.94854e-17 0 -0.134752	
3.62	2.94624e-17 0 -0.134752	
3.63	2.92568e-17 0 -0.134752	
3.64	2.93845e-17 0 -0.134752	
3.65	0.475639 0.151879 0.681367	
3.66	0.823729 0.301501 1.61667	
3.67	1.12007 0.42537 2.37404	
3.68	1.24685 0.516654 2.81048	
3.69	1.39299 0.601429 3.27371	
3.7	1.60606 0.70859 3.86632	
3.71	1.78089 0.801141 4.38341	
3.72	1.97998 0.89926 4.96073	
3.73	1.82732 0.856549 4.73826	
3.74	1.98807 0.932647 5.19058	
3.75	1.51946 0.840234 4.67869	
3.76	1.79709 0.943621 4.87131	
3.77	1.92106 0.888752 4.82806	
3.78	1.33592 0.889314 5.43809	
3.79	1.02494 0.873515 5.60738	
3.8	0.872915 0.860202 5.58914	
3.81	0.810303 0.853602 5.5941	
3.82	0.785534 0.863612 5.59488	
3.83	0.790283 0.877231 5.69985	
3.84	0.724775 1.04454 5.44802	
3.85	0.779222 1.31938 5.64333	
3.86	0.7725 1.13539 5.70903	
3.87	0.685888 1.47224 5.24285	
3.88	0.613249 1.93993 4.46057	
3.89	0.602884 1.98998 4.58013	
3.9	0.684621 2.13067 4.98812	
3.91	0.63656 2.27824 4.40123	
3.92	0.566405 2.39867 4.08945	
3.93	0.576341 2.63468 4.31599	
3.94	0.533764 2.68024 4.16146	
3.95	0.421114 2.46706 3.50704	
3.96	0.472747 2.73867 4.10889	
3.97	0.340369 2.086 3.01652	
3.98	0.481527 2.1074 5.03938	
3.99	0.583165 2.76369 4.40644	
4	0.702723 2.51266 5.20655	
4.01	0.749822 2.04627 5.85772	
4.02	0.86285 2.73544 5.1847	
4.03	0.571972 2.88275 3.34646	
4.04	0.365703 3.2208 3.81655	
4.05	0.521073 2.74385 4.62514	
4.06	0.415828 3.03593 5.04697	
4.07	0.386197 2.3304 5.38138	
4.08	0.517474 2.21681 4.8739	
4.09	0.201782 1.32809 5.47836	
4.1	1.58377 1.89017 6.42174	
4.11	2.02497 2.43356 7.03008	
4.12	1.03242 1.83718 6.87172	
4.13	1.08959 1.58106 6.58313	
4.14	-0.472224 -4.12506 4.96516	
4.15	2.29884 4.40182 3.67892	
4.16	1.64718 4.88972 -0.0649325	
4.17	-1.06643 8.61419 -0.638702	
4.18	0.676443 1.98603 3.01864	
4.19	2.15204 -33.9567 15.2109	
4.2	3.26009 -29.0362 4.56098	
4.21	3.56191 -7.88331 -4.08663	
4.22	-0.684594 -2.03614 -3.11921	
4.23	-1.6073 1.43755 -3.45942	
4.24	-1.93363 2.46315 -3.12493	
4.25	-1.8849 2.87808 -3.48168	
4.26	-2.14833 2.43264 -5.37066	
4.27	-1.57864 1.23782 -4.32335	
4.28	-1.2796 0.422133 -4.36428	
4.29	-0.936341 0.262509 -3.25369	
4.3	-0.684753 0.19446 -2.41592	
4.31	-0.500787 0.142452 -1.80333	
4.32	-0.365978 0.103673 -1.3546	
4.33	-0.267585 0.0757143 -1.02698	
4.34	-0.195556 0.0543827 -0.787197	
4.35	-0.142963 0.0395225 -0.612075	
4.36	-0.1045 0.0285069 -0.484006	
4.37	-0.0763775 0.0205995 -0.390367	
4.38	-0.0558221 0.0147378 -0.321921	
4.39	-0.0407862 0.0105312 -0.271857	
4.4	-0.0297999 0.00754414 -0.235273	
4.41	-0.0217733 0.00536891 -0.208541	
4.42	-0.0159112 0.00387679 -0.189013	
4.43	-0.0116292 0.00282562 -0.174747	
4.44	-0.00850378 0.00208169 -0.164331	
4.45	-0.00621652 0.00152642 -0.15671	
4.46	-0.00454614 0.0011375 -0.151143	
4.47	-0.00332541 0.000851372 -0.147074	
4.48	-0.00243174 0.000636669 -0.144096	
4.49	-0.00177858 0.000473154 -0.141919	
4.5	-0.00130051 0.000351039 -0.140326	
4.51	-0.000950912 0.00025674 -0.139161	
4.52	-0.000695125 0.00018728 -0.138309	
4.53	-0.000508542 0.000137465 -0.137687	
4.54	-0.00050868 0.000137491 -0.137687	
4.55	-0.00050872 0.000137794 -0.137688	
4.56	-0.000508655 0.000136332 -0.137687	
4.57	-0.000508699 0.00013653 -0.137688	
4.58	-0.000508624 0.000136432 -0.137687	
4.59	-0.000508611 0.000137071 -0.137687	
4.6	-0.000508641 0.000137289 -0.137687	
4.61	-0.000508699 0.000136647 -0.137688	
4.62	-0.000508983 0.000137476 -0.137688	
4.63	-0.000509253 0.000137633 -0.137689	
4.64	-0.000509535 0.000138925 -0.13769	
4.65	-0.000509856 0.000138803 -0.137691	
4.66	-0.000509969 0.000139219 -0.137691	
4.67	-0.000510201 0.000140411 -0.137692	
4.68	-0.000510434 0.000142077 -0.137692	
4.69	-0.000510574 0.000142209 -0.137693	
4.7	-0.000510705 0.00014265 -0.137693	
4.71	-0.000510964 0.000145215 -0.137694	
4.72	-0.000511235 0.000148534 -0.137695	
4.73	-0.000511552 0.000149603 -0.137695	
4.74	-0.000511795 0.000149607 -0.137696	
4.75	-0.00051188 0.0001476 -0.137696	
4.76	-0.000512073 0.000147466 -0.137697	
4.77	-0.000512056 0.000145834 -0.137697	
4.78	-0.0005123 0.000144273 -0.137697	
4.79	-0.000512355 0.000141313 -0.137698	
4.8	-0.00051233 0.000137975 -0.137697	
4.81	-0.00051243 0.000137034 -0.137698	
4.82	-0.000512664 0.000137382 -0.137698	
4.83	-0.000512802 0.00013715 -0.137699	
4.84	-0.000513038 0.000138275 -0.137699	
4.85	-0.000513148 0.000138014 -0.1377	
4.86	-0.000513325 0.000139267 -0.1377	
4.87	-0.000513462 0.000139916 -0.137701	
4.88	-0.000513672 0.000140962 -0.137701	
4.89	-0.000513851 0.000141979 -0.137702	
4.9	-0.000513961 0.00014331 -0.137702	
4.91	-0.000514199 0.000145721 -0.137703	
4.92	-0.000514383 0.000147191 -0.137703	
4.93	-0.000514508 0.000148003 -0.137703	
4.94	-0.000514427 0.000146432 -0.137703	
4.95	-0.000514282 0.000143297 -0.137703	
4.96	-0.000514161 0.000140097 -0.137703	
4.97	-0.000514079 0.000138395 -0.137702	
4.98	-0.000513913 0.000135867 -0.137702	
4.99	-0.000513966 0.000135227 -0.137702	
5	-0.000513866 0.000133023 -0.137702	
5.01	-0.000513916 0.000132459 -0.137702	
5.02	-0.00051377 0.000130107 -0.137701	
5.03	-0.000513705 0.000128759 -0.137701	
5.04	-0.000513686 0.000127818 -0.137701	
5.05	-0.000513623 0.000126655 -0.137701	
5.06	-0.000513722 0.000127245 -0.137701	
5.07	-0.000513709 0.000126756 -0.137701	
5.08	-0.000513808 0.00012736 -0.137702	
5.09	-0.000513988 0.000127548 -0.137702	
5.1	-0.000514274 0.000129534 -0.137703	
5.11	-0.000514428 0.000129282 -0.137703	
5.12	-0.000514576 0.000130108 -0.137704	
5.13	-0.000514784 0.000130822 -0.137704	
5.14	-0.000514769 0.000130452 -0.137704	
5.15	-0.000514865 0.000130347 -0.137704	
5.16	-0.000514788 0.000129219 -0.137704	
5.17	-0.000514766 0.000127927 -0.137704	
5.18	-0.000514658 0.000126276 -0.137704	
5.19	-0.000514532 0.000124831 -0.137704	
5.2	-0.000514471 0.000123896 -0.137703	
5.21	-0.000514343 0.000122268 -0.137703	
5.22	-0.000514099 0.000119445 -0.137702	
5.23	-0.000514167 0.000119506 -0.137703	
5.24	-0.00051399 0.000117472 -0.137702	
5.25	-0.000514078 0.000117672 -0.137702	
5.26	-0.000514164 0.000118023 -0.137703	
5.27	-0.000514101 0.000117333 -0.137702	
5.28	-0.000513944 0.000115558 -0.137702	
5.29	-0.000513841 0.000114488 -0.137702	
5.3	-0.000513806 0.000114164 -0.137702	
5.31	-0.000513821 0.000114367 -0.137702	
5.32	-0.000513951 0.000115871 -0.137702	
5.33	-0.00051425 0.000119559 -0.137703	
5.34	-0.00051447 0.000122588 -0.137703	
5.35	-0.00051465 0.000124367 -0.137704	
5.36	-0.000514504 0.000123075 -0.137703	
5.37	-0.000514459 0.000122117 -0.137703	
5.38	-0.000514322 0.000120399 -0.137703	
5.39	-0.000514282 0.000119943 -0.137703	
5.4	-0.000514147 0.000118343 -0.137702	
5.41	-0.000514078 0.000117521 -0.137702	
5.42	-0.000513878 0.000115527 -0.137702	
5.43	-0.000513793 0.000114859 -0.137701	
5.44	-0.000513723 0.000113856 -0.137701	
5.45	-0.000513703 0.000113866 -0.137701	
5.46	-0.000513951 0.00011692 -0.137702	
5.47	-0.0005143 0.000121095 -0.137703	
5.48	-0.000514506 0.000123721 -0.137703	
5.49	-0.000514533 0.000124178 -0.137704	
5.5	-0.000514617 0.000125075 -0.137704	
5.51	-0.000514665 0.000126214 -0.137704	
5.52	-0.850347 1.13539 1.43586	
5.53	-2.32493 0.935373 3.35511	
5.54	-1.72179 0.701554 2.58652	
5.55	-1.25925 0.514216 1.85432	
5.56	-0.92095 0.376839 1.31907	
5.57	-0.673432 0.275812 0.92782	
5.58	-0.492399 0.201679 0.641836	
5.59	-0.359743 0.146366 0.432991	
5.6	-0.262918 0.106575 0.280135	
5.61	-0.192199 0.0777953 0.168289	
5.62	-0.140545 0.0569199 0.0864882	
5.63	-0.102756 0.0415913 0.0266861	
5.64	-0.0751326 0.0304138 -0.0170481	
5.65	-0.0549078 0.0221373 -0.0490017	
5.66	-0.0401568 0.0162198 -0.0723934	
5.67	-0.0293576 0.01184 -0.0894841	
5.68	-0.0214639 0.00864724 -0.101983	
5.69	-0.0156909 0.00631038 -0.111122	
5.7	-0.0114545 0.00454663 -0.117794	
5.71	-0.00836538 0.00328892 -0.122679	
5.72	-0.00610993 0.00238181 -0.126254	
5.73	-0.00446335 0.00172731 -0.128869	
5.74	-0.00326112 0.00125524 -0.130783	
5.75	-0.00238336 0.000914516 -0.132183	
5.76	-0.00174185 0.000665785 -0.133207	
5.77	-0.00127319 0.000485121 -0.133955	
5.78	-0.000930622 0.000353371 -0.134503	
5.79	-0.000930458 0.000352591 -0.134502	
5.8	-0.000930438 0.000352244 -0.134502	
5.81	-0.000930751 0.000353121 -0.134502	
5.82	-0.000930172 0.000351113 -0.134502	
5.83	-0.000929906 0.000350103 -0.134502	
5.84	-0.000929453 0.000348549 -0.134501	
5.85	-0.00092921 0.000347817 -0.134501	
5.86	-0.000928742 0.000346147 -0.134501	
5.87	-0.000928081 0.000343884 -0.1345	
5.88	-0.000927616 0.000342314 -0.1345	
5.89	-0.000926954 0.000339924 -0.1345	
5.9	-0.000926403 0.000337913 -0.134499	
5.91	-0.000926382 0.00033783 -0.134499	
5.92	-0.000925829 0.000335931 -0.134499	
5.93	-0.000925636 0.000335244 -0.134499	
5.94	-0.000924979 0.000332786 -0.134498	
5.95	-0.000924436 0.000330687 -0.134498	
5.96	-0.000923944 0.000328754 -0.134497	
5.97	-0.000923421 0.000326828 -0.134497	
5.98	-0.000922913 0.000324995 -0.134496	
5.99	-0.000922339 0.000322946 -0.134496	
6	-0.000921696 0.000320736 -0.134496	
6.01	-0.000920991 0.000318338 -0.134495	
6.02	-0.000920299 0.000316032 -0.134495	
6.03	-0.00092013 0.000315462 -0.134495	
6.04	-0.000919171 0.000312336 -0.134494	
6.05	-0.000918304 0.00030954 -0.134494	
6.06	-0.000917063 0.000305582 -0.134493	
6.07	-0.000915844 0.000301742 -0.134493	
6.08	-0.000914894 0.00029876 -0.134492	
6.09	-0.000914716 0.000298208 -0.134492	
6.1	-0.000915179 0.000299651 -0.134493	
6.11	-0.000915864 0.000301792 -0.134493	
6.12	-0.000916367 0.000303389 -0.134493	
6.13	-0.000915779 0.000301558 -0.134493	
6.14	-0.000915536 0.000300831 -0.134493	
6.15	-0.000914955 0.000299053 -0.134493	
6.16	-0.00091431 0.00029706 -0.134492	
6.17	-0.000913196 0.000293598 -0.134492	
6.18	-0.000912643 0.000291922 -0.134492	
6.19	-0.000912049 0.000290111 -0.134491	
6.2	-0.000911371 0.000288047 -0.134491	
6.21	-0.000911075 0.000287179 -0.134491	
6.22	-0.000910901 0.000286648 -0.134491	
6.23	-0.00091124 0.000287759 -0.134491	
6.24	-0.000911956 0.000289994 -0.134492	
6.25	-0.00091209 0.000290457 -0.134492	
6.26	-0.000912194 0.000290835 -0.134492	
6.27	-0.00091182 0.000289816 -0.134492	
6.28	-0.000911779 0.000289833 -0.134492	
6.29	-0.000911406 0.000288835 -0.134492	
6.3	-0.000910937 0.000287498 -0.134492	
6.31	-0.000911054 0.000288011 -0.134492	
6.32	-0.000910828 0.000287442 -0.134492	
6.33	-0.000910973 0.000288013 -0.134492	
6.34	-0.000910994 0.000288127 -0.134492	
6.35	-0.000911181 0.000288835 -0.134492	
6.36	-0.000911973 0.00029153 -0.134493	
6.37	-0.00091281 0.000294476 -0.134493	
6.38	-0.000913866 0.000298029 -0.134494	
6.39	-0.000914561 0.000300465 -0.134494	
6.4	-0.000915263 0.000302815 -0.134495	
6.41	-0.000915354 0.00030321 -0.134495	
6.42	-0.000915486 0.000303705 -0.134495	
6.43	-0.000915294 0.000303026 -0.134495	
6.44	-0.00091564 0.00030412 -0.134495	
6.45	-0.000915713 0.000304365 -0.134495	
6.46	-0.000915649 0.000304377 -0.134495	
6.47	-0.00091597 0.000305289 -0.134495	
6.48	-0.00091628 0.000306313 -0.134495	
6.49	-0.000917322 0.000309756 -0.134496	
6.5	-0.000917865 0.000311746 -0.134496	
6.51	-0.000918553 0.000314116 -0.134497	
6.52	-0.000919222 0.000316642 -0.134497	
6.53	-0.000920114 0.000319656 -0.134498	
6.54	-0.000920897 0.000322712 -0.134498	
6.55	-0.000921097 0.000323553 -0.134499	
6.56	-0.000921376 0.000324519 -0.134499	
6.57	-0.00092147 0.000325171 -0.134499	
6.58	-0.000922337 0.000328316 -0.1345	
6.59	-0.00092284 0.000330095 -0.1345	
6.6	-0.000923271 0.00033204 -0.134501	
6.61	0.210897 -0.744064 4.66718	
6.62	0.237782 -0.816206 4.5259	
6.63	0.183008 -0.69197 4.51822	
6.64	0.18883 -0.834543 5.00292	
6.65	0.214348 -0.810959 4.87148	
6.66	0.164815 -0.631316 4.13178	
6.67	0.184368 -0.777148 5.39015	
6.68	0.138429 -0.577508 4.41379	
6.69	0.171299 -0.705464 5.62696	
6.7	0.19997 -0.687403 5.6861	
6.71	0.145937 -0.525491 4.78204	
6.72	0.172526 -0.685818 5.70798	
6.73	0.157588 -0.595312 4.93657	
6.74	0.133409 -0.491292 3.82149	
6.75	0.225067 -0.717552 5.68502	
6.76	0.228326 -0.680656 5.63953	
6.77	0.423101 0.184778 4.33466	
6.78	0.472211 1.03301 4.40384	
6.79	0.538033 0.454562 5.27638	
6.8	0.406285 0.12375 5.55031	
6.81	0.345172 -0.460651 5.2292	
6.82	-0.418569 -1.29812 5.52889	
6.83	-0.881741 -1.42039 6.22497	
6.84	-0.680092 -1.44162 6.42536	
6.85	-0.468259 -1.28974 6.36271	
6.86	-0.459249 -1.31378 5.85903	
6.87	0.0265865 -1.45144 5.48784	
6.88	0.32141 -1.21896 4.09252	
6.89	0.256401 -0.689117 2.75075	
6.9	0.186822 -0.498234 1.97509	
6.91	0.136264 -0.36145 1.40779	
6.92	0.0994912 -0.264039 0.993435	
6.93	0.0725983 -0.19096 0.689411	
6.94	0.0529749 -0.137947 0.467138	
6.95	0.0388443 -0.101857 0.304959	
6.96	0.0283626 -0.0738509 0.186274	
6.97	0.0207193 -0.0536205 0.0995237	
6.98	0.0152056 -0.0399713 0.0363425	
6.99	0.011173 -0.0298719 -0.00991731	
7	0.00820645 -0.022345 -0.0437236	
7.01	0.00602409 -0.0165589 -0.0685325	
7.02	0.00441586 -0.0122257 -0.0866615	
7.03	0.00323795 -0.00896841 -0.0999579	
7.04	0.00236715 -0.00653385 -0.109657	
7.05	0.00173353 -0.00479095 -0.116744	
7.06	0.00126755 -0.00350098 -0.12192	
7.07	0.000928208 -0.00256311 -0.125709	
7.08	0.000679839 -0.00188185 -0.128476	
7.09	0.000498699 -0.00139696 -0.130493	
7.1	0.000366613 -0.00104163 -0.131971	
7.11	0.000269718 -0.000780303 -0.133051	
7.12	0.000197968 -0.000578585 -0.133841	
7.13	0.000144712 -0.00042529 -0.134418	
7.14	0.000106372 -0.000318679 -0.13484	
7.15	0.00010646 -0.000321977 -0.134839	
7.16	0.00010666 -0.000325903 -0.134837	
7.17	0.000106601 -0.00032729 -0.134836	
7.18	0.000106681 -0.000328951 -0.134836	
7.19	0.000106668 -0.000330204 -0.134835	
7.2	0.000106664 -0.000331077 -0.134834	
7.21	0.000106981 -0.000334496 -0.134834	
7.22	0.000107036 -0.000335627 -0.134834	
7.23	0.000107081 -0.000336397 -0.134834	
7.24	0.000107121 -0.000336683 -0.134834	
7.25	0.000107215 -0.000337663 -0.134834	
7.26	0.000107276 -0.000338396 -0.134833	
7.27	0.000107302 -0.000339554 -0.134833	
7.28	0.000107202 -0.000339925 -0.134832	
7.29	0.000106979 -0.000337566 -0.134832	
7.3	0.000106584 -0.000333962 -0.134832	
7.31	0.000106366 -0.000332265 -0.134832	
7.32	0.000106071 -0.000329339 -0.134832	
7.33	0.000105512 -0.000325352 -0.134831	
7.34	0.000105149 -0.000322441 -0.134831	
7.35	0.00010498 -0.000322465 -0.13483	
7.36	0.000104465 -0.000318797 -0.134829	
7.37	0.00010443 -0.000320167 -0.134828	
7.38	0.000104342 -0.000320921 -0.134827	
7.39	0.000103908 -0.000319323 -0.134826	
7.4	0.000103544 -0.000318557 -0.134824	
7.41	0.00010327 -0.000319273 -0.134822	
7.42	0.000102949 -0.000319782 -0.13482	
7.43	0.000102136 -0.000315422 -0.134818	
7.44	0.000101114 -0.000308963 -0.134816	
7.45	0.000100503 -0.000305682 -0.134814	
7.46	0.000100011 -0.000303246 -0.134813	
7.47	9.92836e-05 -0.000298522 -0.134812	
7.48	9.87455e-05 -0.000294937 -0.134811	
7.49	9.8282e-05 -0.000291668 -0.13481	
7.5	9.79108e-05 -0.00028922 -0.134809	
7.51	9.75014e-05 -0.000285882 -0.134809	
7.52	9.70808e-05 -0.000282233 -0.134809	
7.53	9.67657e-05 -0.000281077 -0.134808	
7.54	9.63548e-05 -0.000278892 -0.134807	
7.55	9.60238e-05 -0.000277434 -0.134806	
7.56	9.57606e-05 -0.000275936 -0.134805	
7.57	9.54756e-05 -0.000274643 -0.134804	
7.58	9.52642e-05 -0.000274602 -0.134803	
7.59	9.5023e-05 -0.000273691 -0.134802	
7.6	9.46469e-05 -0.000271972 -0.134801	
7.61	9.44841e-05 -0.000272183 -0.1348	
7.62	9.44527e-05 -0.000273197 -0.134799	
7.63	9.4334e-05 -0.000273109 -0.134799	
7.64	9.42026e-05 -0.000272691 -0.134798	
7.65	9.43849e-05 -0.00027576 -0.134797	
7.66	9.456e-05 -0.000278953 -0.134797	
7.67	9.51853e-05 -0.000286462 -0.134796	
7.68	9.54941e-05 -0.000290894 -0.134795	
7.69	9.5628e-05 -0.000292786 -0.134794	
7.7	9.57313e-05 -0.000294461 -0.134794	
7.71	9.59057e-05 -0.000296756 -0.134794	
7.72	9.60718e-05 -0.000298752 -0.134793	
7.73	9.63078e-05 -0.000301692 -0.134793	
7.74	9.66668e-05 -0.000305779 -0.134793	
7.75	9.71825e-05 -0.00031168 -0.134792	
7.76	9.79864e-05 -0.000320443 -0.134792	
7.77	9.83345e-05 -0.000324452 -0.134791	
7.78	9.8993e-05 -0.000331852 -0.134791	
7.79	9.98255e-05 -0.000340705 -0.13479	
7.8	0.000100294 -0.00034575 -0.13479	
7.81	0.000100283 -0.000345923 -0.13479	
7.82	0.000100267 -0.000346101 -0.134789	
7.83	0.000100186 -0.000345441 -0.134789	
7.84	9.98264e-05 -0.000342032 -0.134789	
7.85	9.98795e-05 -0.000342742 -0.134789	
7.86	0.000100027 -0.000344519 -0.134789	
7.87	0.000100148 -0.000345925 -0.134789	
7.88	0.000100506 -0.000349773 -0.134789	
7.89	0.000100495 -0.000349867 -0.134788	
7.9	0.000100434 -0.000349341 -0.134788	
7.91	0.000100523 -0.000350442 -0.134788	
7.92	9.98998e-05 -0.000344128 -0.134788	
7.93	9.90107e-05 -0.000334928 -0.134789	
7.94	9.83118e-05 -0.000327512 -0.134789	
7.95	9.80593e-05 -0.000324734 -0.134789	
7.96	9.78273e-05 -0.000322264 -0.13479	
7.97	9.77894e-05 -0.000321839 -0.13479	
7.98	9.78109e-05 -0.000321925 -0.13479	
7.99	9.78746e-05 -0.00032261 -0.13479	
8	9.73517e-05 -0.000317151 -0.13479	
8.01	9.70581e-05 -0.000314158 -0.13479	
8.02	9.63085e-05 -0.000306076 -0.13479	
8.03	9.5481e-05 -0.000296756 -0.134791	
8.04	9.48764e-05 -0.000289849 -0.134792	
8.05	9.48666e-05 -0.000289435 -0.134792	
8.06	9.51395e-05 -0.000292258 -0.134792	
8.07	9.5323e-05 -0.000294381 -0.134792	
8.08	9.55978e-05 -0.00029757 -0.134791	
8.09	9.59063e-05 -0.000301094 -0.134791	
8.1	9.58135e-05 -0.000300283 -0.134791	
8.11	9.56979e-05 -0.000299332 -0.134791	
8.12	9.56779e-05 -0.000299323 -0.134791	
8.13	9.5744e-05 -0.000300151 -0.134791	
8.14	9.59513e-05 -0.000302481 -0.134791	
8.15	9.59792e-05 -0.000302798 -0.134791	
8.16	9.63067e-05 -0.000306409 -0.13479	
8.17	9.6707e-05 -0.000310854 -0.13479	
8.18	9.72605e-05 -0.000316859 -0.13479	
8.19	9.79561e-05 -0.000324261 -0.134789	
8.2	9.8163e-05 -0.000326429 -0.134789	
8.21	9.83742e-05 -0.000328628 -0.134789	
8.22	9.83958e-05 -0.000328826 -0.134789	
8.23	9.85788e-05 -0.000330722 -0.134789	
8.24	9.87342e-05 -0.000332341 -0.134789	
8.25	9.90569e-05 -0.000335688 -0.134789	
8.26	9.92914e-05 -0.000338113 -0.134789	
8.27	9.95172e-05 -0.000340414 -0.134788	
8.28	9.94615e-05 -0.000339809 -0.134788	
8.29	9.98126e-05 -0.00034344 -0.134788	
8.3	9.98232e-05 -0.000343519 -0.134788	
8.31	9.94303e-05 -0.000339437 -0.134789	
8.32	9.88695e-05 -0.000333572 -0.134789	
8.33	9.86283e-05 -0.000331019 -0.134789	
8.34	9.88745e-05 -0.000333498 -0.134789	
8.35	9.8956e-05 -0.000334289 -0.134789	
8.36	9.89101e-05 -0.000333777 -0.134789	
8.37	9.89727e-05 -0.000334347 -0.134789	
8.38	9.91387e-05 -0.000335998 -0.134789	
8.39	9.92986e-05 -0.000337544 -0.134789	
8.4	9.96561e-05 -0.00034113 -0.134789	
8.41	9.99812e-05 -0.000344489 -0.134789	
8.42	0.000100478 -0.000349466 -0.134789	
8.43	0.000100885 -0.000353584 -0.134788	
8.44	0.000101149 -0.000356146 -0.134788	
8.45	0.000101473 -0.000359429 -0.134788	
8.46	0.000101727 -0.000361924 -0.134788	
8.47	0.000101883 -0.000363459 -0.134788	
8.48	0.000102246 -0.000367123 -0.134788	
8.49	0.000102418 -0.000368876 -0.134788	
8.5	0.000102435 -0.000369157 -0.134788	
8.51	0.000102581 -0.000370773 -0.134788	
8.52	0.00010247 -0.000369833 -0.134788	
8.53	0.000102685 -0.000372047 -0.134788	
8.54	0.000102545 -0.000370797 -0.134788	
8.55	0.000102572 -0.000371141 -0.134788	
8.56	0.000102614 -0.000371595 -0.134788	
8.57	0.00010289 -0.000374316 -0.134788	
8.58	0.000102979 -0.000375186 -0.134788	
8.59	0.000102975 -0.000375137 -0.134788	
8.6	0.000103107 -0.000376335 -0.134788	
8.61	0.000103176 -0.000376879 -0.134788	
8.62	0.000103442 -0.000379168 -0.134788	
8.63	0.000103537 -0.000379766 -0.134788	
8.64	0.000103746 -0.000381087 -0.134788	
8.65	0.000104049 -0.000383419 -0.134789	
8.66	0.000104141 -0.000383726 -0.134789	
8.67	0.000104222 -0.000384099 -0.134789	
8.68	0.000104327 -0.000384509 -0.13479	
8.69	0.000104255 -0.00038318 -0.13479	
8.7	0.000104197 -0.000382408 -0.13479	
8.71	0.000104359 -0.000383309 -0.134791	
8.72	0.000104519 -0.000383724 -0.134791	
8.73	0.000104982 -0.000386873 -0.134792	
8.74	0.000105143 -0.000387726 -0.134792	
8.75	0.000105292 -0.000388373 -0.134793	
8.76	0.000105334 -0.000387925 -0.134793	
8.77	0.000105362 -0.000387207 -0.134794	
8.78	0.000105438 -0.000386917 -0.134795	
8.79	0.00010548 -0.000386582 -0.134795	
8.8	0.000105673 -0.000387839 -0.134795	
8.81	0.00010567 -0.000387438 -0.134796	
8.82	0.000105545 -0.000385657 -0.134796	
8.83	0.000105636 -0.000386191 -0.134796	
8.84	0.000105624 -0.000385421 -0.134796	
8.85	0.000105531 -0.000384111 -0.134797	
8.86	0.000105605 -0.000383873 -0.134797	
8.87	0.00010558 -0.000383016 -0.134798	
8.88	0.000105796 -0.000383936 -0.134798	
8.89	0.000105752 -0.000383051 -0.134799	
8.9	0.000105886 -0.000383802 -0.134799	
8.91	0.000105855 -0.000382924 -0.134799	
8.92	0.000105866 -0.000382295 -0.1348	
8.93	0.000105866 -0.000382295 -0.1348	
8.94	0.000105953 -0.000382596 -0.1348	
8.95	0.000105993 -0.00038275 -0.1348	
8.96	0.000106053 -0.000382982 -0.1348	
8.97	0.000106173 -0.000383445 -0.134801	
8.98	0.000106326 -0.000384152 -0.134801	
8.99	0.000106682 -0.000387058 -0.134802	
9	0.000106947 -0.000389491 -0.134802	
9.01	0.000107077 -0.000390815 -0.134802	
9.02	0.000107205 -0.000391254 -0.134802	
9.03	0.000107291 -0.000392297 -0.134802	
9.04	0.000107204 -0.000391609 -0.134802	
9.05	0.000106707 -0.000387044 -0.134802	
9.06	0.000106314 -0.000382437 -0.134802	
9.07	0.000105442 -0.000374716 -0.134802	
9.08	0.000103767 -0.000359103 -0.134801	
9.09	0.000101909 -0.000343077 -0.1348	
9.1	0.000100208 -0.00032673 -0.1348	
9.11	9.79834e-05 -0.000304554 -0.134801	
9.12	9.59262e-05 -0.000282843 -0.134802	
9.13	9.45652e-05 -0.000267671 -0.134803	
9.14	9.37638e-05 -0.000259048 -0.134804	
9.15	9.32542e-05 -0.000253079 -0.134804	
9.16	9.28566e-05 -0.000248826 -0.134805	
9.17	9.22802e-05 -0.000242762 -0.134805	
9.18	9.1767e-05 -0.000236557 -0.134806	
9.19	9.13369e-05 -0.00023132 -0.134806	
9.2	9.09606e-05 -0.000226885 -0.134807	
9.21	9.07384e-05 -0.000224874 -0.134807	
9.22	9.0574e-05 -0.000223477 -0.134807	
9.23	9.00742e-05 -0.00021737 -0.134807	
9.24	8.94349e-05 -0.000208504 -0.134809	
9.25	8.90692e-05 -0.000203552 -0.13481	
9.26	8.87772e-05 -0.00019932 -0.134811	
9.27	8.89568e-05 -0.000201315 -0.134811	
9.28	8.88582e-05 -0.000198639 -0.134812	
9.29	8.85769e-05 -0.000192857 -0.134813	
9.3	8.24471e-05 -0.00012216 -0.13482	
9.31	8.23272e-05 -0.000119621 -0.134821	
9.32	8.22837e-05 -0.000118817 -0.134821	
9.33	8.23559e-05 -0.000119941 -0.134821	
9.34	8.23739e-05 -0.000119967 -0.134821	
9.35	8.23701e-05 -0.000119854 -0.134821	
9.36	8.23701e-05 -0.000119854 -0.134821	
9.37	8.23701e-05 -0.000119854 -0.134821	
9.38	8.23664e-05 -0.000119741 -0.134821	
9.39	8.22651e-05 -0.000118254 -0.134822	
9.4	8.22435e-05 -0.000118115 -0.134821	
9.41	8.22614e-05 -0.000118141 -0.134822	
9.42	8.23664e-05 -0.000119741 -0.134821	
9.43	8.23664e-05 -0.000119741 -0.134821	
9.44	8.2186e-05 -0.000116907 -0.134822	
9.45	8.23089e-05 -0.00011853 -0.134822	
9.46	8.22869e-05 -0.000118392 -0.134822	
9.47	8.22025e-05 -0.000116334 -0.134822	
9.48	8.21566e-05 -0.00011546 -0.134823	
9.49	8.22154e-05 -0.000116811 -0.134822	
9.5	8.22695e-05 -0.000118019 -0.134822	
9.51	8.25531e-05 -0.000124248 -0.13482	
9.52	8.26418e-05 -0.000125808 -0.134819	
9.53	8.24791e-05 -0.000123105 -0.13482	
9.54	8.2765e-05 -0.000128225 -0.134818	
9.55	8.29142e-05 -0.00013089 -0.134818	
9.56	8.29936e-05 -0.00013214 -0.134817	
9.57	8.29975e-05 -0.000132243 -0.134817	
9.58	8.29936e-05 -0.00013214 -0.134817	
9.59	8.29975e-05 -0.000132243 -0.134817	
9.6	8.29975e-05 -0.000132243 -0.134817	
9.61	8.29936e-05 -0.00013214 -0.134817	
9.62	8.29975e-05 -0.000132243 -0.134817	
9.63	8.29936e-05 -0.00013214 -0.134817	
9.64	8.29936e-05 -0.00013214 -0.134817	
9.65	8.29975e-05 -0.000132243 -0.134817	
9.66	8.29975e-05 -0.000132243 -0.134817	
9.67	8.29936e-05 -0.00013214 -0.134817	
9.68	8.29936e-05 -0.00013214 -0.134817	
9.69	8.29776e-05 -0.000132098 -0.134817	
9.7	8.29936e-05 -0.00013214 -0.134817	
9.71	8.29936e-05 -0.00013214 -0.134817	
9.72	8.29975e-05 -0.000132243 -0.134817	
9.73	8.29975e-05 -0.000132243 -0.134817	
9.74	8.29975e-05 -0.000132243 -0.134817	
9.75	8.29736e-05 -0.000131994 -0.134817	
9.76	8.29776e-05 -0.000132098 -0.134817	
9.77	8.29936e-05 -0.00013214 -0.134817	
9.78	8.29975e-05 -0.000132243 -0.134817	
9.79	8.29936e-05 -0.00013214 -0.134817	
9.8	8.29975e-05 -0.000132243 -0.134817	
9.81	8.29975e-05 -0.000132243 -0.134817	
