# Gnuplot File : positions of 1 particle(s) Monitored
# 1st Column : time, others : particle(s) number 0 
0.01	9.86817 19.9368 3.1772	
0.02	9.86817 19.9368 3.17693	
0.03	9.86817 19.9368 3.17673	
0.04	9.86843 19.9369 3.17675	
0.05	9.86843 19.9369 3.17664	
0.06	9.86843 19.9369 3.17657	
0.07	9.86816 19.9365 3.17491	
0.08	9.86843 19.9369 3.17647	
0.09	9.86817 19.9368 3.17628	
0.1	9.86817 19.9368 3.17626	
0.11	9.86817 19.9368 3.17624	
0.12	9.86843 19.9369 3.17639	
0.13	9.86817 19.9368 3.17622	
0.14	9.86817 19.9368 3.17622	
0.15	9.86843 19.9369 3.17637	
0.16	9.86817 19.9368 3.17621	
0.17	9.86843 19.9369 3.17637	
0.18	9.86843 19.9369 3.17637	
0.19	9.86817 19.9368 3.17621	
0.2	9.86843 19.9369 3.17637	
0.21	9.86817 19.9368 3.17621	
0.22	9.86817 19.9368 3.17621	
0.23	9.86817 19.9368 3.17621	
0.24	9.86816 19.9365 3.17477	
0.25	9.86816 19.9365 3.17477	
0.26	9.86817 19.9368 3.17621	
0.27	9.86817 19.9368 3.17621	
0.28	9.86843 19.9369 3.17637	
0.29	9.86817 19.9368 3.17621	
0.3	9.86843 19.9369 3.17637	
0.31	9.86817 19.9368 3.17621	
0.32	9.86817 19.9368 3.17621	
0.33	9.86817 19.9368 3.17621	
0.34	9.86817 19.9368 3.17621	
0.35	9.86843 19.9369 3.17637	
0.36	9.86843 19.9369 3.17637	
0.37	9.86817 19.9368 3.17621	
0.38	9.86843 19.9369 3.17637	
0.39	9.86817 19.9368 3.17621	
0.4	9.86817 19.9368 3.17621	
0.41	9.86817 19.9368 3.17621	
0.42	9.86816 19.9365 3.17477	
0.43	9.86843 19.9369 3.17637	
0.44	9.86843 19.9369 3.17637	
0.45	9.86843 19.9369 3.17637	
0.46	9.86817 19.9368 3.17621	
0.47	9.86817 19.9368 3.17621	
0.48	9.86817 19.9368 3.17621	
0.49	9.86816 19.9365 3.17477	
0.5	9.86843 19.9369 3.17637	
0.51	9.86817 19.9368 3.17621	
0.52	9.86843 19.9369 3.17637	
0.53	9.86816 19.9365 3.17477	
0.54	9.86391 19.9357 3.17365	
0.55	9.84993 19.9314 3.16358	
0.56	9.83677 19.9272 3.15431	
0.57	9.82666 19.9231 3.14453	
0.58	9.82268 19.9215 3.14075	
0.59	9.82277 19.9212 3.13977	
0.6	9.82137 19.9209 3.13948	
0.61	9.82115 19.9208 3.13926	
0.62	9.82234 19.921 3.13934	
0.63	9.82212 19.9209 3.13913	
0.64	9.82212 19.9209 3.13913	
0.65	9.82212 19.9209 3.13913	
0.66	9.82094 19.9207 3.13905	
0.67	9.81738 19.9173 3.12885	
0.68	9.81951 19.9176 3.1288	
0.69	9.81855 19.9171 3.12751	
0.7	9.81973 19.9177 3.12902	
0.71	9.82347 19.9202 3.13568	
0.72	9.83269 19.924 3.14458	
0.73	9.84166 19.9272 3.15154	
0.74	9.84515 19.9284 3.15408	
0.75	9.84615 19.9287 3.15479	
0.76	9.8464 19.9288 3.15497	
0.77	9.8464 19.9288 3.15497	
0.78	9.84665 19.9288 3.15515	
0.79	9.84786 19.929 3.15522	
0.8	9.85321 19.9307 3.15887	
0.81	9.85606 19.9315 3.16073	
0.82	9.85563 19.9316 3.16116	
0.83	9.8571 19.9318 3.1614	
0.84	9.85589 19.9316 3.16133	
0.85	9.8559 19.9313 3.15989	
0.86	9.85736 19.9315 3.16012	
0.87	9.85736 19.9323 3.163	
0.88	9.85616 19.9317 3.1615	
0.89	9.85736 19.9315 3.16012	
0.9	9.85616 19.9317 3.1615	
0.91	9.85831 19.9316 3.16002	
0.92	9.85857 19.9317 3.16019	
0.93	9.85736 19.9315 3.16012	
0.94	9.85736 19.9319 3.16156	
0.95	9.8571 19.9318 3.1614	
0.96	9.85831 19.9316 3.16002	
0.97	9.85736 19.9315 3.16012	
0.98	9.85616 19.9317 3.1615	
0.99	9.8545 19.8554 3.16257	
1	9.84944 19.3818 3.46999	
1.01	9.83331 19.1789 3.7423	
1.02	9.7903 19.1993 3.73862	
1.03	9.77878 19.2313 3.69051	
1.04	9.79636 19.208 3.68286	
1.05	9.83256 19.1488 3.67783	
1.06	9.86486 19.0812 3.66123	
1.07	9.90985 19.0279 3.65779	
1.08	9.92642 18.9759 3.64243	
1.09	9.9163 18.9442 3.63261	
1.1	9.91197 18.9171 3.62459	
1.11	9.91935 18.8949 3.61845	
1.12	9.92662 18.844 3.61081	
1.13	9.93699 18.7821 3.60971	
1.14	9.9537 18.71 3.62148	
1.15	9.97048 18.6205 3.63719	
1.16	10.0088 18.5303 3.70576	
1.17	10.0712 18.4462 3.787	
1.18	10.1431 18.3809 3.86667	
1.19	10.2252 18.3421 3.89939	
1.2	10.3199 18.315 3.92094	
1.21	10.4377 18.2984 3.96148	
1.22	10.5352 18.2794 3.9834	
1.23	10.5453 18.243 3.99953	
1.24	10.565 18.1691 4.00665	
1.25	10.6064 18.099 4.04441	
1.26	10.6587 18.0165 4.03879	
1.27	10.7258 17.9102 4.01886	
1.28	10.7937 17.8278 4.03284	
1.29	10.8698 17.762 4.03781	
1.3	10.9599 17.731 4.0385	
1.31	11.0703 17.6756 4.03302	
1.32	11.1747 17.6371 4.03147	
1.33	11.2654 17.5949 4.02233	
1.34	11.3462 17.5352 4.0097	
1.35	11.4238 17.4932 4.01623	
1.36	11.5019 17.462 4.01139	
1.37	11.5645 17.423 4.00555	
1.38	11.6346 17.3815 4.0009	
1.39	11.7165 17.3596 4.00116	
1.4	11.7955 17.3355 3.9965	
1.41	11.8738 17.297 3.9938	
1.42	11.9522 17.2542 4.00431	
1.43	12.0292 17.2222 4.00453	
1.44	12.0811 17.1943 4.00189	
1.45	12.1378 17.1505 3.99503	
1.46	12.1896 17.114 3.9972	
1.47	12.2247 17.0772 3.99405	
1.48	12.2597 17.0352 3.99159	
1.49	12.3045 17.001 3.98876	
1.5	12.3511 16.9707 3.99303	
1.51	12.3895 16.9484 3.99587	
1.52	12.4378 16.9214 3.99572	
1.53	12.4769 16.8913 3.99276	
1.54	12.5141 16.8572 3.99267	
1.55	12.5542 16.8187 3.99483	
1.56	12.588 16.7829 4.00574	
1.57	12.6205 16.7233 4.00103	
1.58	12.6545 16.6724 4.00395	
1.59	12.6769 16.6354 4.00607	
1.6	12.6978 16.5956 4.00359	
1.61	12.7189 16.5493 4.01139	
1.62	12.7443 16.4913 4.02736	
1.63	12.7735 16.4389 4.05394	
1.64	12.7899 16.3779 4.08174	
1.65	12.8162 16.3079 4.10743	
1.66	12.8491 16.2432 4.15448	
1.67	12.8791 16.1802 4.19565	
1.68	12.9157 16.1195 4.24048	
1.69	12.9463 16.0609 4.26716	
1.7	12.9604 16.0093 4.29471	
1.71	12.9751 15.9551 4.31617	
1.72	12.9914 15.9013 4.33808	
1.73	13.0082 15.8505 4.36494	
1.74	13.025 15.7898 4.40783	
1.75	13.0456 15.7186 4.4506	
1.76	13.0629 15.6443 4.50023	
1.77	13.0843 15.5585 4.55833	
1.78	13.0964 15.4553 4.64298	
1.79	13.1123 15.3754 4.70465	
1.8	13.1268 15.3104 4.76485	
1.81	13.1394 15.2534 4.81787	
1.82	13.1405 15.2004 4.86425	
1.83	13.1341 15.1604 4.88327	
1.84	13.1301 15.1118 4.90616	
1.85	13.1167 15.0519 4.93276	
1.86	13.0945 14.9848 4.96274	
1.87	13.0721 14.9227 4.98998	
1.88	13.0175 14.8533 5.02875	
1.89	12.9707 14.7781 5.06489	
1.9	12.9104 14.7056 5.09955	
1.91	12.8534 14.6377 5.13078	
1.92	12.8018 14.5678 5.16465	
1.93	12.7542 14.4855 5.20781	
1.94	12.7138 14.4079 5.25614	
1.95	12.6751 14.3342 5.30125	
1.96	12.6509 14.2664 5.32864	
1.97	12.6335 14.2033 5.35248	
1.98	12.6208 14.1383 5.37065	
1.99	12.6224 14.0678 5.38319	
2	12.6203 13.983 5.4043	
2.01	12.619 13.9065 5.43002	
2.02	12.6105 13.821 5.4534	
2.03	12.6007 13.7355 5.48927	
2.04	12.5982 13.6543 5.5304	
2.05	12.5891 13.5691 5.57765	
2.06	12.5751 13.4863 5.6215	
2.07	12.5542 13.3917 5.65726	
2.08	12.5323 13.2999 5.68811	
2.09	12.5169 13.2334 5.70742	
2.1	12.491 13.1594 5.7265	
2.11	12.46 13.0958 5.74552	
2.12	12.4216 13.0473 5.76193	
2.13	12.3825 12.9929 5.77653	
2.14	12.3301 12.9207 5.79724	
2.15	12.2696 12.8583 5.81623	
2.16	12.2079 12.7907 5.83649	
2.17	12.1414 12.7228 5.85702	
2.18	12.07 12.6438 5.87853	
2.19	11.9957 12.5699 5.89784	
2.2	11.9207 12.4959 5.91452	
2.21	11.8533 12.4188 5.93575	
2.22	11.7952 12.3534 5.95175	
2.23	11.7364 12.3041 5.95373	
2.24	11.6708 12.2464 5.96307	
2.25	11.6032 12.1889 5.97409	
2.26	11.5215 12.1302 5.98534	
2.27	11.4477 12.0784 5.99541	
2.28	11.3722 12.0372 6.0029	
2.29	11.3007 12.0046 6.01421	
2.3	11.2188 11.9743 6.01916	
2.31	11.1273 11.9515 6.02929	
2.32	11.0354 11.9313 6.03042	
2.33	10.9292 11.913 6.0348	
2.34	10.7941 11.8932 6.03953	
2.35	10.6723 11.8753 6.04414	
2.36	10.5563 11.8639 6.04891	
2.37	10.4401 11.8582 6.05103	
2.38	10.3102 11.8529 6.05328	
2.39	10.1954 11.8516 6.05867	
2.4	10.1049 11.8512 6.06398	
2.41	10.0145 11.8539 6.06321	
2.42	9.93148 11.8674 6.05819	
2.43	9.8422 11.8813 6.0531	
2.44	9.75282 11.9036 6.05283	
2.45	9.66619 11.9291 6.05406	
2.46	9.57762 11.9525 6.054	
2.47	9.47064 11.9742 6.0491	
2.48	9.38369 11.9962 6.05495	
2.49	9.31003 12.0103 6.05564	
2.5	9.21151 12.0313 6.0569	
2.51	9.13907 12.0543 6.05201	
2.52	9.06629 12.0647 6.05576	
2.53	8.98823 12.0861 6.0556	
2.54	8.92208 12.1014 6.0538	
2.55	8.84436 12.1236 6.05368	
2.56	8.78854 12.1493 6.06837	
2.57	8.73086 12.1678 6.07975	
2.58	8.6734 12.1838 6.09262	
2.59	8.60587 12.2184 6.09691	
2.6	8.5553 12.2462 6.10717	
2.61	8.49624 12.2715 6.10916	
2.62	8.43751 12.2941 6.10524	
2.63	8.37784 12.3257 6.10032	
2.64	8.31727 12.3499 6.08772	
2.65	8.2637 12.3788 6.09796	
2.66	8.20932 12.4006 6.09778	
2.67	8.15611 12.4215 6.10162	
2.68	8.11767 12.4382 6.09478	
2.69	8.0909 12.4503 6.0954	
2.7	8.07867 12.4907 6.09465	
2.71	8.07892 12.5229 6.09985	
2.72	8.09001 12.5669 6.10123	
2.73	8.10093 12.6169 6.09884	
2.74	8.11175 12.6675 6.08764	
2.75	8.12393 12.7301 6.08202	
2.76	8.1268 12.7969 6.06268	
2.77	8.13437 12.8916 6.04475	
2.78	8.13931 12.9584 6.01866	
2.79	8.13884 13.0315 5.99446	
2.8	8.138 13.099 5.9687	
2.81	8.12226 13.1643 5.94552	
2.82	8.09332 13.2256 5.92429	
2.83	8.05149 13.2881 5.90447	
2.84	7.99216 13.3428 5.8884	
2.85	7.92345 13.3873 5.87462	
2.86	7.84321 13.4236 5.86444	
2.87	7.76444 13.466 5.85527	
2.88	7.67966 13.5044 5.84699	
2.89	7.59379 13.5351 5.83333	
2.9	7.51528 13.5735 5.82531	
2.91	7.44014 13.5957 5.82119	
2.92	7.35876 13.6216 5.81176	
2.93	7.28212 13.6415 5.79294	
2.94	7.20824 13.6524 5.78055	
2.95	7.14039 13.6654 5.76415	
2.96	7.08035 13.6753 5.73107	
2.97	7.01831 13.6747 5.69804	
2.98	6.95444 13.6719 5.67355	
2.99	6.90076 13.664 5.64284	
3	6.86249 13.6577 5.61776	
3.01	6.83391 13.6434 5.58167	
3.02	6.8148 13.6266 5.54715	
3.03	6.80826 13.6048 5.51612	
3.04	6.80165 13.5811 5.48332	
3.05	6.79506 13.5523 5.43768	
3.06	6.79026 13.5296 5.39436	
3.07	6.78348 13.5039 5.34483	
3.08	6.77705 13.4733 5.29437	
3.09	6.77459 13.4391 5.24071	
3.1	6.76775 13.4062 5.19712	
3.11	6.76788 13.3779 5.15426	
3.12	6.75969 13.345 5.11068	
3.13	6.75368 13.3149 5.08387	
3.14	6.74758 13.2843 5.06759	
3.15	6.74517 13.2441 5.05772	
3.16	6.73642 13.2081 5.04383	
3.17	6.73158 13.1555 5.03234	
3.18	6.72665 13.1075 5.0325	
3.19	6.73118 13.0648 5.02081	
3.2	6.72832 13.0226 5.00775	
3.21	6.72636 12.9836 4.98909	
3.22	6.72463 12.9444 4.96912	
3.23	6.7306 12.8968 4.95191	
3.24	6.74453 12.8633 4.93553	
3.25	6.75342 12.824 4.92353	
3.26	6.76295 12.7793 4.90958	
3.27	6.76703 12.7386 4.90193	
3.28	6.77696 12.689 4.90253	
3.29	6.7785 12.6406 4.90652	
3.3	6.78127 12.5843 4.91436	
3.31	6.77482 12.5264 4.91917	
3.32	6.77164 12.4698 4.92539	
3.33	6.76842 12.4228 4.92813	
3.34	6.76109 12.3855 4.92399	
3.35	6.75529 12.3564 4.91275	
3.36	6.75386 12.3249 4.89883	
3.37	6.76247 12.2979 4.896	
3.38	6.76466 12.2443 4.89897	
3.39	6.76019 12.1941 4.90738	
3.4	6.7635 12.1366 4.91469	
3.41	6.76054 12.085 4.91989	
3.42	6.76324 12.0393 4.93039	
3.43	6.76093 11.9903 4.94231	
3.44	6.75826 11.9415 4.95559	
3.45	6.75619 11.8957 4.96281	
3.46	6.75995 11.8464 4.9652	
3.47	6.76357 11.7966 4.96481	
3.48	6.77442 11.748 4.96978	
3.49	6.78603 11.7062 4.97678	
3.5	6.7905 11.6585 4.98041	
3.51	6.80618 11.5984 4.9885	
3.52	6.81755 11.5446 4.99213	
3.53	6.82956 11.4933 5.00234	
3.54	6.847 11.4426 5.01793	
3.55	6.87238 11.3893 5.03005	
3.56	6.89088 11.3338 5.04588	
3.57	6.90885 11.2736 5.06486	
3.58	6.93346 11.2128 5.08685	
3.59	6.95143 11.1578 5.10647	
3.6	6.97718 11.102 5.12591	
3.61	7.0084 11.0449 5.14726	
3.62	7.04171 10.9889 5.17013	
3.63	7.08068 10.9267 5.19601	
3.64	7.11653 10.8746 5.21388	
3.65	7.15703 10.8176 5.23722	
3.66	7.19841 10.764 5.25556	
3.67	7.22818 10.7129 5.27103	
3.68	7.26261 10.6533 5.28511	
3.69	7.29065 10.5879 5.2943	
3.7	7.31759 10.5202 5.29912	
3.71	7.33773 10.4519 5.28599	
3.72	7.37153 10.3799 5.26946	
3.73	7.42592 10.3056 5.24112	
3.74	7.47748 10.2493 5.22264	
3.75	7.53522 10.1957 5.21306	
3.76	7.58358 10.1575 5.20564	
3.77	7.64014 10.1275 5.20511	
3.78	7.70446 10.1019 5.20421	
3.79	7.7702 10.0786 5.20517	
3.8	7.84332 10.0674 5.19737	
3.81	7.92287 10.0554 5.18931	
3.82	8.00382 10.0437 5.17822	
3.83	8.08406 10.0373 5.16699	
3.84	8.17274 10.033 5.16054	
3.85	8.26141 10.0337 5.15066	
3.86	8.3493 10.0395 5.13933	
3.87	8.43722 10.0461 5.12949	
3.88	8.52657 10.0582 5.11614	
3.89	8.61605 10.0777 5.1046	
3.9	8.71259 10.1005 5.0892	
3.91	8.8086 10.1252 5.07455	
3.92	8.9004 10.1523 5.06246	
3.93	8.98344 10.1746 5.05102	
3.94	9.06069 10.203 5.03754	
3.95	9.13678 10.2247 5.02284	
3.96	9.19851 10.2537 5.0083	
3.97	9.25528 10.2776 4.99502	
3.98	9.30883 10.3052 4.97745	
3.99	9.3691 10.3378 4.95827	
4	9.42107 10.3677 4.94758	
4.01	9.4687 10.3914 4.93177	
4.02	9.52703 10.4212 4.91978	
4.03	9.57971 10.4465 4.90788	
4.04	9.62312 10.4767 4.89637	
4.05	9.66743 10.5051 4.87812	
4.06	9.71802 10.5405 4.86323	
4.07	9.77544 10.5743 4.84504	
4.08	9.82595 10.6104 4.832	
4.09	9.87627 10.6414 4.81916	
4.1	9.93172 10.6701 4.80153	
4.11	9.99643 10.7001 4.78514	
4.12	10.0557 10.7274 4.77379	
4.13	10.1266 10.7577 4.7561	
4.14	10.1845 10.7831 4.74016	
4.15	10.2497 10.8091 4.72383	
4.16	10.3134 10.8401 4.70639	
4.17	10.3641 10.8608 4.69198	
4.18	10.416 10.8872 4.67602	
4.19	10.4586 10.9078 4.66331	
4.2	10.5003 10.9178 4.65364	
4.21	10.5367 10.9332 4.64112	
4.22	10.5794 10.9489 4.62993	
4.23	10.6153 10.9677 4.6123	
4.24	10.6517 10.9763 4.59753	
4.25	10.6942 10.9974 4.5837	
4.26	10.7377 11.0191 4.57111	
4.27	10.7797 11.0406 4.55867	
4.28	10.8203 11.0593 4.53838	
4.29	10.8625 11.0758 4.5274	
4.3	10.9103 11.0872 4.51661	
4.31	10.9522 11.1059 4.51073	
4.32	11.0023 11.1237 4.49988	
4.33	11.0588 11.1418 4.48759	
4.34	11.1223 11.1559 4.47978	
4.35	11.1805 11.1716 4.47402	
4.36	11.2436 11.1858 4.46462	
4.37	11.3 11.205 4.45407	
4.38	11.3635 11.2163 4.44981	
4.39	11.4217 11.2309 4.43908	
4.4	11.4914 11.2467 4.43009	
4.41	11.5488 11.2564 4.42243	
4.42	11.6097 11.2766 4.4106	
4.43	11.6725 11.2904 4.39627	
4.44	11.7213 11.3025 4.38071	
4.45	11.7761 11.3177 4.3717	
4.46	11.8313 11.33 4.37054	
4.47	11.887 11.3491 4.35514	
4.48	11.9309 11.3615 4.33974	
4.49	11.9792 11.3765 4.33079	
4.5	12.0217 11.3856 4.32314	
4.51	12.0593 11.3946 4.31691	
4.52	12.1008 11.4108 4.3116	
4.53	12.141 11.4232 4.29898	
4.54	12.1766 11.4351 4.28501	
4.55	12.2146 11.4524 4.26972	
4.56	12.2531 11.4752 4.25315	
4.57	12.2918 11.4983 4.23678	
4.58	12.3311 11.5247 4.21246	
4.59	12.3682 11.5457 4.19095	
4.6	12.4072 11.5638 4.17574	
4.61	12.4401 11.5792 4.15545	
4.62	12.4739 11.5914 4.14164	
4.63	12.5064 11.6 4.134	
4.64	12.5355 11.6083 4.1263	
4.65	12.5626 11.6111 4.12133	
4.66	12.5905 11.6172 4.10858	
4.67	12.611 11.6277 4.09594	
4.68	12.6316 11.6307 4.07811	
4.69	12.6521 11.641 4.06401	
4.7	12.6724 11.6459 4.05129	
4.71	12.6949 11.6446 4.0374	
4.72	12.7075 11.6481 4.02468	
4.73	12.7301 11.6466 4.00932	
4.74	12.7582 11.6424 3.99879	
4.75	12.7793 11.6428 3.99017	
4.76	12.8082 11.6423 3.97332	
4.77	12.8312 11.6392 3.95282	
4.78	12.8486 11.6314 3.92207	
4.79	12.8705 11.6263 3.89643	
4.8	12.8858 11.6218 3.8759	
4.81	12.9099 11.6138 3.85653	
4.82	12.9204 11.6086 3.83598	
4.83	12.9294 11.6031 3.81542	
4.84	12.9441 11.6023 3.80513	
4.85	12.9525 11.6001 3.79337	
4.86	12.9609 11.5984 3.78454	
4.87	12.9618 11.595 3.77441	
4.88	12.9709 11.5896 3.77045	
4.89	12.972 11.5826 3.76634	
4.9	12.9742 11.5727 3.77034	
4.91	12.976 11.562 3.77112	
4.92	12.9784 11.55 3.76837	
4.93	12.9856 11.5479 3.75823	
4.94	12.9926 11.5439 3.74263	
4.95	12.9999 11.54 3.72718	
4.96	13.0145 11.5322 3.71292	
4.97	13.0309 11.5232 3.69496	
4.98	13.0411 11.5127 3.67406	
4.99	13.0637 11.4977 3.65068	
5	13.0752 11.4807 3.62728	
5.01	13.094 11.4527 3.60115	
5.02	13.1083 11.422 3.58662	
5.03	13.1222 11.3862 3.57485	
5.04	13.136 11.3521 3.56848	
5.05	13.1475 11.3266 3.55414	
5.06	13.1643 11.3092 3.52558	
5.07	13.1762 11.2927 3.50236	
5.08	13.1873 11.2709 3.48172	
5.09	13.2049 11.2429 3.4726	
5.1	13.2279 11.2284 3.46611	
5.11	13.2435 11.2251 3.44532	
5.12	13.26 11.219 3.41573	
5.13	13.2698 11.2039 3.39753	
5.14	13.2754 11.1773 3.38195	
5.15	13.2881 11.1488 3.3744	
5.16	13.296 11.1172 3.3586	
5.17	13.3008 11.0871 3.35114	
5.18	13.3153 11.0519 3.33856	
5.19	13.3223 11.017 3.33242	
5.2	13.3307 10.9772 3.32789	
5.21	13.3453 10.9403 3.32867	
5.22	13.3545 10.8976 3.33405	
5.23	13.3643 10.8495 3.33923	
5.24	13.375 10.7997 3.35825	
5.25	13.3858 10.7485 3.37209	
5.26	13.3961 10.6992 3.39283	
5.27	13.4052 10.6551 3.41371	
5.28	13.4189 10.6158 3.428	
5.29	13.4268 10.5859 3.43948	
5.3	13.4398 10.55 3.44576	
5.31	13.4551 10.5161 3.4572	
5.32	13.4615 10.4801 3.46759	
5.33	13.4703 10.445 3.47939	
5.34	13.4834 10.409 3.4846	
5.35	13.4916 10.377 3.48681	
5.36	13.4995 10.3412 3.49612	
5.37	13.5062 10.3092 3.49995	
5.38	13.5135 10.2734 3.50913	
5.39	13.5222 10.2331 3.52188	
5.4	13.5297 10.1977 3.5329	
5.41	13.5361 10.1603 3.53732	
5.42	13.5439 10.1233 3.54183	
5.43	13.5506 10.0901 3.54077	
5.44	13.5611 10.0471 3.54197	
5.45	13.5768 10.0069 3.54854	
5.46	13.5844 9.96369 3.55147	
5.47	13.5953 9.91959 3.54779	
5.48	13.6034 9.87527 3.54588	
5.49	13.6138 9.8315 3.54375	
5.5	13.6241 9.78418 3.54917	
5.51	13.6398 9.73781 3.55313	
5.52	13.6477 9.70009 3.55347	
5.53	13.6564 9.65918 3.56252	
5.54	13.6675 9.61356 3.57214	
5.55	13.6744 9.57384 3.58672	
5.56	13.6841 9.53481 3.60142	
5.57	13.6911 9.49353 3.60937	
5.58	13.7 9.45954 3.62249	
5.59	13.7071 9.42542 3.63701	
5.6	13.7122 9.39403 3.64145	
5.61	13.7211 9.35875 3.64942	
5.62	13.72 9.32136 3.6575	
5.63	13.7281 9.28242 3.67298	
5.64	13.729 9.24225 3.69006	
5.65	13.7275 9.21277 3.7069	
5.66	13.7181 9.18522 3.71645	
5.67	13.7135 9.16367 3.72397	
5.68	13.7036 9.1375 3.73887	
5.69	13.6977 9.12206 3.74962	
5.7	13.6826 9.11439 3.75468	
5.71	13.6671 9.10147 3.76041	
5.72	13.654 9.08412 3.76825	
5.73	13.6339 9.05541 3.78023	
5.74	13.6231 9.03369 3.79025	
5.75	13.6021 9.01009 3.8018	
5.76	13.5908 8.98337 3.81406	
5.77	13.5784 8.96162 3.82567	
5.78	13.5646 8.93958 3.83733	
5.79	13.5428 8.9207 3.84553	
5.8	13.5301 8.89872 3.8556	
5.81	13.5188 8.87244 3.86969	
5.82	13.5016 8.83526 3.88808	
5.83	13.4938 8.7951 3.9086	
5.84	13.4759 8.75325 3.93094	
5.85	13.4672 8.71801 3.94961	
5.86	13.4571 8.68272 3.96988	
5.87	13.4468 8.64749 3.99025	
5.88	13.4443 8.61381 4.01086	
5.89	13.4408 8.57505 4.0336	
5.9	13.4401 8.53707 4.05655	
5.91	13.4374 8.50377 4.07895	
5.92	13.4267 8.46853 4.09818	
5.93	13.4242 8.43998 4.11674	
5.94	13.4203 8.41115 4.1354	
5.95	13.4114 8.36734 4.16277	
5.96	13.4043 8.31453 4.19527	
5.97	13.3966 8.26168 4.22768	
5.98	13.3831 8.19853 4.26539	
5.99	13.3717 8.13164 4.30748	
6	13.3586 8.05511 4.35473	
6.01	13.3549 7.98095 4.4042	
6.02	13.3437 7.90113 4.45656	
6.03	13.3234 7.81884 4.50571	
6.04	13.3118 7.73878 4.55681	
6.05	13.2945 7.65189 4.60283	
6.06	13.2722 7.57672 4.63619	
6.07	13.2584 7.5064 4.66043	
6.08	13.2362 7.4382 4.67715	
6.09	13.2175 7.37809 4.6817	
6.1	13.201 7.32088 4.6746	
6.11	13.1821 7.26811 4.64315	
6.12	13.1562 7.21798 4.6039	
6.13	13.1454 7.17506 4.56169	
6.14	13.1419 7.1355 4.50441	
6.15	13.1384 7.0978 4.45401	
6.16	13.1273 7.05567 4.4088	
6.17	13.1253 7.01675 4.37031	
6.18	13.1226 6.97355 4.33477	
6.19	13.1109 6.93247 4.31511	
6.2	13.0938 6.8833 4.30686	
6.21	13.0743 6.83925 4.30109	
6.22	13.0463 6.79431 4.29689	
6.23	13.0085 6.74777 4.29125	
6.24	12.9614 6.7003 4.28757	
6.25	12.9129 6.65813 4.28608	
6.26	12.8563 6.61535 4.28646	
6.27	12.8049 6.58177 4.27926	
6.28	12.7455 6.5569 4.27021	
6.29	12.6849 6.53746 4.26487	
6.3	12.6326 6.52007 4.26342	
6.31	12.5624 6.4993 4.25527	
6.32	12.5019 6.47778 4.26074	
6.33	12.4324 6.46298 4.255	
6.34	12.3619 6.44486 4.25776	
6.35	12.2911 6.42689 4.2604	
6.36	12.2101 6.40777 4.26291	
6.37	12.1271 6.39275 4.26243	
6.38	12.0447 6.38235 4.25735	
6.39	11.968 6.37251 4.25393	
6.4	11.8937 6.36442 4.25561	
6.41	11.8281 6.35296 4.25886	
6.42	11.7635 6.34206 4.26331	
6.43	11.6979 6.33094 4.26662	
6.44	11.6339 6.31538 4.26893	
6.45	11.5687 6.30075 4.27828	
6.46	11.5043 6.28637 4.28585	
6.47	11.4476 6.28129 4.28885	
6.48	11.3834 6.27177 4.29519	
6.49	11.3097 6.26171 4.30322	
6.5	11.2456 6.25249 4.30828	
6.51	11.1726 6.24721 4.31164	
6.52	11.101 6.24244 4.31347	
6.53	11.0283 6.2375 4.3142	
6.54	10.9554 6.23286 4.31628	
6.55	10.8641 6.22715 4.31698	
6.56	10.7829 6.22265 4.31777	
6.57	10.7003 6.21802 4.31868	
6.58	10.6101 6.21795 4.31631	
6.59	10.5364 6.22696 4.30773	
6.6	10.4623 6.24459 4.2931	
6.61	10.3895 6.25833 4.27836	
6.62	10.3171 6.27257 4.26527	
6.63	10.2617 6.2958 4.24633	
6.64	10.2047 6.31852 4.22596	
6.65	10.158 6.34217 4.20716	
6.66	10.1109 6.36132 4.18832	
6.67	10.0569 6.38634 4.17327	
6.68	10.0019 6.41451 4.15022	
6.69	9.94839 6.44426 4.13249	
6.7	9.89477 6.47505 4.12006	
6.71	9.84113 6.51438 4.09907	
6.72	9.79578 6.54949 4.08099	
6.73	9.74935 6.59155 4.07647	
6.74	9.71437 6.6349 4.0746	
6.75	9.68747 6.67802 4.06992	
6.76	9.6511 6.7352 4.06378	
6.77	9.61559 6.78523 4.03999	
6.78	9.57024 6.84073 4.02258	
6.79	9.52744 6.88209 4.00252	
6.8	9.48441 6.92981 3.98891	
6.81	9.43329 6.98225 3.97125	
6.82	9.37369 7.03637 3.9625	
6.83	9.32199 7.08481 3.94971	
6.84	9.2721 7.13428 3.93974	
6.85	9.21304 7.17843 3.92757	
6.86	9.16251 7.23257 3.91554	
6.87	9.1109 7.28213 3.90665	
6.88	9.05956 7.32654 3.8967	
6.89	9.00938 7.36796 3.89309	
6.9	8.96648 7.41351 3.88873	
6.91	8.91681 7.45883 3.87744	
6.92	8.87617 7.49409 3.8658	
6.93	8.8256 7.53152 3.86565	
6.94	8.78407 7.56783 3.8598	
6.95	8.74127 7.5981 3.85025	
6.96	8.69169 7.62607 3.84963	
6.97	8.64192 7.64734 3.84093	
6.98	8.59272 7.67467 3.83652	
6.99	8.54339 7.70407 3.81611	
7	8.49458 7.73403 3.79867	
7.01	8.4361 7.76397 3.77986	
7.02	8.39593 7.78908 3.76312	
7.03	8.3483 7.81507 3.74658	
7.04	8.30812 7.83567 3.73108	
7.05	8.25906 7.85698 3.71868	
7.06	8.21852 7.86882 3.71089	
7.07	8.17023 7.88149 3.70311	
7.08	8.12098 7.89398 3.6958	
7.09	8.07145 7.90659 3.68965	
7.1	8.03008 7.91851 3.68236	
7.11	7.97256 7.92741 3.67736	
7.12	7.92331 7.93596 3.67397	
7.13	7.87403 7.94893 3.66656	
7.14	7.83067 7.95165 3.66578	
7.15	7.78753 7.95885 3.66114	
7.16	7.73839 7.96783 3.65778	
7.17	7.69563 7.97873 3.64541	
7.18	7.66078 7.98558 3.64239	
7.19	7.61948 7.99387 3.63905	
7.2	7.58574 8.00101 3.63427	
7.21	7.54426 8.00491 3.6335	
7.22	7.49379 8.01378 3.62907	
7.23	7.45196 8.01662 3.62285	
7.24	7.41693 8.01943 3.62375	
7.25	7.37488 8.02216 3.61609	
7.26	7.33318 8.02636 3.61521	
7.27	7.29276 8.03107 3.61397	
7.28	7.25056 8.03307 3.6023	
7.29	7.21732 8.0346 3.59156	
7.3	7.18298 8.03672 3.58522	
7.31	7.15725 8.03693 3.57304	
7.32	7.13016 8.03248 3.56524	
7.33	7.11297 8.02638 3.54995	
7.34	7.09977 8.00912 3.54155	
7.35	7.09834 7.99765 3.53578	
7.36	7.0971 7.98964 3.52208	
7.37	7.09375 7.97441 3.50053	
7.38	7.09075 7.95859 3.47524	
7.39	7.0947 7.9369 3.45225	
7.4	7.09009 7.90173 3.4295	
7.41	7.08503 7.86136 3.40538	
7.42	7.07929 7.82535 3.3792	
7.43	7.06737 7.79365 3.33821	
7.44	7.06339 7.76212 3.30386	
7.45	7.06603 7.73073 3.27919	
7.46	7.06223 7.70049 3.25023	
7.47	7.05812 7.66746 3.23329	
7.48	7.06202 7.63443 3.22304	
7.49	7.05726 7.60575 3.20403	
7.5	7.05465 7.58664 3.17938	
7.51	7.06044 7.57012 3.14679	
7.52	7.05627 7.5465 3.12653	
7.53	7.06269 7.52348 3.11088	
7.54	7.05801 7.49548 3.09326	
7.55	7.05474 7.46755 3.07132	
7.56	7.05966 7.43993 3.0589	
7.57	7.06312 7.41184 3.04677	
7.58	7.06795 7.37176 3.04463	
7.59	7.06301 7.32806 3.04565	
7.6	7.06434 7.27837 3.04989	
7.61	7.06546 7.22488 3.05969	
7.62	7.05902 7.16845 3.07059	
7.63	7.05887 7.10545 3.07949	
7.64	7.05973 7.05221 3.08841	
7.65	7.05436 7.00399 3.08371	
7.66	7.04848 6.96115 3.08632	
7.67	7.0423 6.91769 3.08352	
7.68	7.04584 6.87375 3.08059	
7.69	7.03974 6.83067 3.07806	
7.7	7.04088 6.77781 3.08138	
7.71	7.04332 6.72172 3.08893	
7.72	7.04411 6.66503 3.09559	
7.73	7.04363 6.60478 3.11268	
7.74	7.04471 6.54536 3.12978	
7.75	7.05519 6.49303 3.13581	
7.76	7.05668 6.44213 3.14574	
7.77	7.05948 6.39976 3.14587	
7.78	7.0625 6.35331 3.14712	
7.79	7.07401 6.31384 3.14182	
7.8	7.07785 6.27195 3.13921	
7.81	7.09046 6.23342 3.13768	
7.82	7.10057 6.18984 3.13625	
7.83	7.10424 6.1406 3.14177	
7.84	7.10792 6.09116 3.14207	
7.85	7.11109 6.03837 3.15221	
7.86	7.11322 5.98156 3.16652	
7.87	7.10687 5.92607 3.17693	
7.88	7.09932 5.86204 3.18719	
7.89	7.09937 5.78886 3.19993	
7.9	7.092 5.72536 3.20134	
7.91	7.09325 5.66951 3.2079	
7.92	7.09598 5.61866 3.2162	
7.93	7.09972 5.57642 3.22352	
7.94	7.11332 5.53833 3.24429	
7.95	7.1357 5.50633 3.25554	
7.96	7.16099 5.48365 3.26682	
7.97	7.18445 5.45301 3.29078	
7.98	7.2102 5.4233 3.31381	
7.99	7.24149 5.38025 3.35351	
8	7.2659 5.33875 3.38551	
8.01	7.28952 5.29002 3.42796	
8.02	7.31199 5.24456 3.46616	
8.03	7.33639 5.20362 3.49653	
8.04	7.35201 5.16748 3.5222	
8.05	7.36796 5.13511 3.54328	
8.06	7.38584 5.11432 3.54788	
8.07	7.40154 5.08911 3.5572	
8.08	7.40903 5.06515 3.56467	
8.09	7.43412 5.03536 3.57571	
8.1	7.45007 5.00662 3.58665	
8.11	7.48428 4.97971 3.59834	
8.12	7.51883 4.94917 3.60431	
8.13	7.55166 4.907 3.6193	
8.14	7.60437 4.85997 3.62413	
8.15	7.64655 4.80261 3.62971	
8.16	7.69023 4.74292 3.63584	
8.17	7.74209 4.67484 3.63171	
8.18	7.79626 4.61219 3.62534	
8.19	7.85902 4.54239 3.62333	
8.2	7.91331 4.48511 3.6212	
8.21	7.97809 4.4386 3.61378	
8.22	8.0536 4.39584 3.61318	
8.23	8.13079 4.36103 3.61561	
8.24	8.2076 4.33318 3.6329	
8.25	8.3052 4.32173 3.64394	
8.26	8.40286 4.31067 3.65502	
8.27	8.49077 4.29683 3.6685	
8.28	8.56927 4.28708 3.67684	
8.29	8.64927 4.26466 3.69474	
8.3	8.70889 4.25647 3.70054	
8.31	8.78389 4.24625 3.70658	
8.32	8.84905 4.24776 3.70456	
8.33	8.93275 4.24448 3.70199	
8.34	9.00161 4.24582 3.70276	
8.35	9.07936 4.24446 3.70245	
8.36	9.15763 4.24779 3.69689	
8.37	9.23577 4.24977 3.69589	
8.38	9.31484 4.25141 3.69331	
8.39	9.39321 4.25246 3.69145	
8.4	9.47113 4.25659 3.68555	
8.41	9.55857 4.25712 3.68365	
8.42	9.65659 4.25823 3.68277	
8.43	9.76283 4.26245 3.67737	
8.44	9.88005 4.27125 3.66845	
8.45	9.98557 4.28288 3.65402	
8.46	10.1113 4.29606 3.64223	
8.47	10.227 4.30578 3.63245	
8.48	10.344 4.32016 3.61892	
8.49	10.4618 4.33186 3.6086	
8.5	10.5804 4.35179 3.59191	
8.51	10.6886 4.36772 3.57676	
8.52	10.7885 4.38798 3.55902	
8.53	10.8871 4.40472 3.5464	
8.54	10.9769 4.41804 3.53774	
8.55	11.068 4.42861 3.53268	
8.56	11.1481 4.44173 3.5225	
8.57	11.2371 4.45217 3.51823	
8.58	11.3157 4.46558 3.51063	
8.59	11.3962 4.47995 3.50241	
8.6	11.4751 4.49043 3.49875	
8.61	11.5638 4.50181 3.49315	
8.62	11.6436 4.51329 3.49049	
8.63	11.7314 4.53228 3.4774	
8.64	11.8198 4.55585 3.46312	
8.65	11.8989 4.57864 3.44618	
8.66	11.9859 4.61714 3.41633	
8.67	12.0908 4.6575 3.3906	
8.68	12.1861 4.69756 3.37717	
8.69	12.309 4.74854 3.34988	
8.7	12.423 4.79944 3.32763	
8.71	12.5464 4.84847 3.30812	
8.72	12.6816 4.89276 3.29551	
8.73	12.7978 4.92772 3.28463	
8.74	12.9271 4.95451 3.28057	
8.75	13.0535 4.97729 3.28078	
8.76	13.1812 5.00114 3.27565	
8.77	13.2973 5.03134 3.27039	
8.78	13.4414 5.06655 3.25835	
8.79	13.5863 5.10308 3.24776	
8.8	13.7306 5.14027 3.23652	
8.81	13.8854 5.17643 3.22734	
8.82	14.0381 5.21703 3.21633	
8.83	14.1896 5.25841 3.21114	
8.84	14.3352 5.2995 3.19723	
8.85	14.4815 5.33785 3.19261	
8.86	14.6064 5.37641 3.18734	
8.87	14.7396 5.41732 3.18052	
8.88	14.8625 5.4566 3.17366	
8.89	14.9848 5.5042 3.16551	
8.9	15.1234 5.56033 3.15946	
8.91	15.2506 5.62227 3.15023	
8.92	15.3599 5.68449 3.14304	
8.93	15.4767 5.7534 3.13827	
8.94	15.5913 5.82656 3.13445	
8.95	15.6986 5.89858 3.13086	
8.96	15.7838 5.9653 3.12024	
8.97	15.8765 6.04235 3.09087	
8.98	15.949 6.11486 3.06857	
8.99	16.026 6.20188 3.0473	
9	16.1012 6.29325 3.01773	
9.01	16.1592 6.37236 2.99621	
9.02	16.2156 6.45644 2.98832	
9.03	16.2699 6.54129 2.99143	
9.04	16.3231 6.63098 2.99551	
9.05	16.365 6.72704 3.00081	
9.06	16.4016 6.82721 3.00171	
9.07	16.4345 6.94565 3.01121	
9.08	16.4736 7.06676 3.00358	
9.09	16.5053 7.1824 2.99863	
9.1	16.5239 7.28595 3.00064	
9.11	16.5497 7.38871 3.00438	
9.12	16.5734 7.49232 3.01025	
9.13	16.6022 7.58431 3.02032	
9.14	16.6131 7.67036 3.02118	
9.15	16.6313 7.75927 3.01856	
9.16	16.6592 7.85187 3.01675	
9.17	16.6786 7.94237 3.0169	
9.18	16.707 8.02764 3.02302	
9.19	16.7336 8.11255 3.02377	
9.2	16.7702 8.20098 3.02379	
9.21	16.7896 8.28366 3.02172	
9.22	16.8073 8.36641 3.01824	
9.23	16.833 8.45577 3.00503	
9.24	16.8653 8.54801 2.98935	
9.25	16.8852 8.64921 2.95555	
9.26	16.9006 8.73934 2.92614	
9.27	16.9075 8.82144 2.89234	
9.28	16.9285 8.90958 2.86047	
9.29	16.9432 8.99461 2.82388	
9.3	16.9706 9.09434 2.78023	
9.31	17.0004 9.20069 2.73055	
9.32	17.0357 9.31379 2.67091	
9.33	17.0742 9.41947 2.62361	
9.34	17.1207 9.52789 2.57172	
9.35	17.1692 9.63254 2.52432	
9.36	17.2266 9.73758 2.48914	
9.37	17.2819 9.8385 2.47962	
9.38	17.3335 9.92438 2.46041	
9.39	17.4464 10.0812 2.441	
9.4	17.5485 10.2278 2.42028	
9.41	17.6628 10.3684 2.37977	
9.42	17.7995 10.4945 2.36141	
9.43	17.9621 10.6225 2.32889	
9.44	18.1622 10.7419 2.32174	
9.45	18.388 10.8668 2.32064	
9.46	18.6086 10.999 2.29989	
9.47	18.8152 11.1242 2.29975	
9.48	19.0166 11.2798 2.29034	
9.49	19.1863 11.437 2.28536	
9.5	19.3 11.6075 2.28606	
9.51	19.3686 11.8055 2.29414	
9.52	19.4029 11.9941 2.3121	
9.53	19.4092 12.1983 2.30141	
9.54	19.3785 12.3958 2.34251	
9.55	19.3273 12.6013 2.34212	
9.56	19.2438 12.7955 2.37762	
9.57	19.1667 13.0028 2.44075	
9.58	19.0751 13.2069 2.48013	
9.59	18.9824 13.3971 2.54481	
9.6	18.872 13.6016 2.59049	
9.61	18.758 13.8035 2.64132	
9.62	18.6428 13.9926 2.71174	
9.63	18.5368 14.1777 2.78807	
9.64	18.4277 14.355 2.86489	
9.65	18.3237 14.5242 2.96437	
9.66	18.2291 14.6894 3.06901	
9.67	18.1433 14.8508 3.16198	
9.68	18.0582 15.0106 3.24615	
9.69	17.9985 15.1181 3.30633	
9.7	17.9396 15.2232 3.35827	
9.71	17.8945 15.3308 3.41171	
9.72	17.8558 15.4357 3.46097	
9.73	17.8233 15.5428 3.50869	
9.74	17.8033 15.6426 3.5513	
9.75	17.7855 15.7456 3.59564	
9.76	17.7765 15.8369 3.63409	
9.77	17.7724 15.9313 3.67118	
9.78	17.7694 16.0134 3.70932	
9.79	17.7659 16.0833 3.74963	
9.8	17.7708 16.1595 3.78854	
9.81	17.7901 16.2474 3.83425	
9.82	17.8106 16.3108 3.88103	
9.83	17.8299 16.3731 3.93804	
9.84	17.847 16.431 3.99148	
9.85	17.8727 16.5042 4.03278	
9.86	17.8914 16.5866 4.07504	
9.87	17.9077 16.6667 4.10429	
9.88	17.93 16.7354 4.11369	
9.89	17.9433 16.8249 4.12091	
9.9	17.9509 16.9213 4.12153	
9.91	17.9448 16.989 4.11415	
9.92	17.9375 17.0492 4.10862	
9.93	17.9201 17.1121 4.10812	
9.94	17.8891 17.1823 4.11415	
9.95	17.8639 17.2466 4.11712	
9.96	17.8424 17.3142 4.12188	
9.97	17.813 17.3836 4.14195	
9.98	17.7872 17.4542 4.18218	
9.99	17.7599 17.5204 4.22208	
10	17.7273 17.5736 4.25387	
10.01	17.6828 17.64 4.31051	
10.02	17.6419 17.7126 4.38726	
10.03	17.6028 17.7736 4.46499	
10.04	17.5573 17.8369 4.53307	
10.05	17.5032 17.9085 4.61134	
10.06	17.4425 17.9887 4.701	
10.07	17.3793 18.0717 4.78587	
10.08	17.3186 18.1375 4.84148	
10.09	17.2463 18.2311 4.89686	
10.1	17.1678 18.3326 4.96912	
10.11	17.0798 18.4322 5.06241	
10.12	16.9946 18.4998 5.13583	
10.13	16.899 18.5648 5.19572	
10.14	16.7987 18.6157 5.25087	
10.15	16.6865 18.6644 5.29113	
10.16	16.5813 18.7104 5.3176	
10.17	16.4663 18.7489 5.35339	
10.18	16.36 18.7702 5.39218	
10.19	16.2403 18.78 5.42689	
10.2	16.105 18.7763 5.46615	
10.21	15.9484 18.7665 5.51399	
10.22	15.7634 18.7494 5.56897	
10.23	15.5697 18.7313 5.6229	
10.24	15.3797 18.7125 5.6763	
10.25	15.1732 18.6796 5.71587	
10.26	14.9524 18.6403 5.74407	
10.27	14.7325 18.5986 5.75545	
10.28	14.4919 18.548 5.76087	
10.29	14.2673 18.487 5.76304	
10.3	14.0296 18.4142 5.76509	
10.31	13.8069 18.3482 5.76623	
10.32	13.6026 18.2879 5.768	
10.33	13.3841 18.2272 5.76994	
10.34	13.1869 18.1664 5.76987	
10.35	12.9873 18.1038 5.76886	
10.36	12.7842 18.0437 5.76909	
10.37	12.5948 17.9918 5.76939	
10.38	12.4088 17.9448 5.76966	
10.39	12.2358 17.8982 5.76888	
10.4	12.0574 17.85 5.7651	
10.41	11.8905 17.8125 5.76188	
10.42	11.7391 17.775 5.75781	
10.43	11.5942 17.7434 5.75691	
10.44	11.4561 17.7091 5.75636	
10.45	11.3275 17.6887 5.75631	
10.46	11.2013 17.6702 5.75756	
10.47	11.097 17.6558 5.75896	
10.48	10.981 17.6411 5.7572	
10.49	10.8855 17.6297 5.75856	
10.5	10.8014 17.6205 5.75814	
10.51	10.72 17.612 5.75801	
10.52	10.6487 17.6106 5.75883	
10.53	10.5685 17.6035 5.75705	
10.54	10.4848 17.6071 5.75874	
10.55	10.4066 17.6063 5.75934	
10.56	10.3211 17.6058 5.75859	
10.57	10.2395 17.6059 5.75932	
10.58	10.1543 17.6013 5.75761	
10.59	10.0729 17.5999 5.75063	
10.6	10.0044 17.5968 5.74892	
10.61	9.93822 17.5937 5.74716	
10.62	9.87503 17.5862 5.73604	
10.63	9.82819 17.5791 5.72329	
10.64	9.78185 17.5695 5.70762	
10.65	9.73635 17.5631 5.69636	
10.66	9.68725 17.5543 5.68053	
10.67	9.64569 17.5428 5.66145	
10.68	9.61316 17.5315 5.6409	
10.69	9.57847 17.5237 5.62527	
10.7	9.55077 17.5101 5.6013	
10.71	9.53101 17.499 5.58073	
10.72	9.51896 17.4903 5.5634	
10.73	9.51606 17.4869 5.55001	
10.74	9.51315 17.4808 5.53894	
10.75	9.51027 17.4774 5.52404	
10.76	9.50883 17.4745 5.50918	
10.77	9.50739 17.4716 5.4943	
10.78	9.50603 17.4742 5.48037	
10.79	9.5058 17.4745 5.46154	
10.8	9.50437 17.4718 5.43805	
10.81	9.50326 17.4719 5.41799	
10.82	9.50187 17.4719 5.39925	
10.83	9.50052 17.4723 5.37041	
10.84	9.4992 17.4752 5.34634	
10.85	9.49787 17.4751 5.33322	
10.86	9.49645 17.4749 5.32455	
10.87	9.4964 17.4673 5.30717	
10.88	9.49614 17.4675 5.29838	
10.89	9.49494 17.462 5.2874	
10.9	9.50017 17.4572 5.27634	
10.91	9.50235 17.4542 5.26119	
10.92	9.51185 17.4605 5.24362	
10.93	9.52468 17.4639 5.21941	
10.94	9.53912 17.4624 5.19441	
10.95	9.55745 17.4613 5.15924	
10.96	9.57728 17.471 5.1348	
10.97	9.60069 17.4761 5.09035	
10.98	9.61655 17.476 5.05666	
10.99	9.64025 17.4774 5.03053	
11	9.6675 17.4913 5.02136	
11.01	9.69249 17.4928 5.00842	
11.02	9.72734 17.4939 4.98511	
11.03	9.76494 17.4967 4.95617	
11.04	9.79993 17.5182 4.94255	
11.05	9.8452 17.5151 4.92121	
11.06	9.89955 17.5155 4.89461	
11.07	9.9657 17.529 4.86474	
11.08	10.0141 17.5561 4.82999	
11.09	10.0613 17.587 4.78314	
11.1	10.1006 17.6101 4.72555	
11.11	10.1212 17.6575 4.66924	
11.12	10.1372 17.7165 4.60386	
11.13	10.137 17.7635 4.53639	
11.14	10.1388 17.8224 4.47173	
11.15	10.1364 17.8814 4.39725	
11.16	10.135 17.9565 4.31393	
11.17	10.1337 18.03 4.22483	
11.18	10.1317 18.1231 4.15806	
11.19	10.1286 18.2062 4.10429	
11.2	10.1265 18.2943 4.0377	
11.21	10.1207 18.3941 3.98906	
11.22	10.1176 18.5154 3.94974	
11.23	10.1143 18.6388 3.91855	
11.24	10.11 18.7544 3.87897	
11.25	10.1051 18.8942 3.82878	
11.26	10.1017 19.0215 3.76845	
11.27	10.0759 19.1644 3.68778	
11.28	10.0413 19.2911 3.6163	
11.29	10.0107 19.4109 3.55254	
11.3	9.98184 19.5158 3.48557	
11.31	9.96039 19.6195 3.43072	
11.32	9.94784 19.7133 3.34562	
11.33	9.8699 19.9353 3.16903	
11.34	9.87017 19.9353 3.16918	
11.35	9.87017 19.9353 3.16918	
11.36	9.87111 19.9351 3.16764	
11.37	9.87139 19.9351 3.1678	
11.38	9.8699 19.9353 3.16903	
11.39	9.8699 19.9353 3.16903	
11.4	9.87017 19.9353 3.16918	
11.41	9.87044 19.9354 3.16933	
11.42	9.87208 19.9358 3.17023	
11.43	9.87538 19.9366 3.17199	
11.44	9.87926 19.9375 3.17399	
11.45	9.88808 19.939 3.17627	
11.46	9.89322 19.94 3.17858	
11.47	9.90426 19.9405 3.17654	
11.48	9.91441 19.9412 3.17589	
11.49	9.92186 19.9415 3.17492	
11.5	9.92726 19.9422 3.1764	
11.51	9.91494 19.9441 3.18838	
11.52	9.9152 19.9442 3.18884	
11.53	9.91763 19.9445 3.18927	
11.54	9.91854 19.9447 3.18956	
11.55	9.91884 19.9447 3.18966	
11.56	9.91944 19.9451 3.1913	
11.57	9.92095 19.945 3.19032	
11.58	9.9249 19.9455 3.19118	
11.59	9.9264 19.9467 3.19631	
11.6	9.92698 19.9462 3.19388	
11.61	9.92912 19.9468 3.19592	
11.62	9.92973 19.9465 3.19463	
11.63	9.93159 19.948 3.20065	
11.64	9.93065 19.9488 3.20508	
11.65	9.9319 19.9492 3.20657	
11.66	9.9319 19.9495 3.20803	
11.67	9.93221 19.9499 3.20957	
11.68	9.93221 19.9499 3.20957	
11.69	9.93221 19.9499 3.20957	
11.7	9.93221 19.9499 3.20957	
11.71	9.93221 19.9499 3.20957	
11.72	9.93346 19.95 3.2096	
11.73	9.93346 19.95 3.2096	
11.74	9.93346 19.9503 3.21106	
11.75	9.93346 19.9503 3.21106	
11.76	9.93221 19.9499 3.20957	
11.77	9.93377 19.9503 3.21115	
11.78	9.93221 19.9499 3.20957	
11.79	9.93221 19.9502 3.21103	
11.8	9.93346 19.9503 3.21106	
11.81	9.93221 19.9502 3.21103	
11.82	9.93346 19.95 3.2096	
11.83	9.93346 19.9503 3.21106	
11.84	9.93346 19.9503 3.21106	
11.85	9.93221 19.9499 3.20957	
11.86	9.93346 19.95 3.2096	
11.87	9.93221 19.9499 3.20957	
11.88	9.93346 19.95 3.2096	
11.89	9.93251 19.9499 3.20965	
11.9	9.93346 19.95 3.2096	
11.91	9.93221 19.9499 3.20957	
11.92	9.93346 19.95 3.2096	
11.93	9.93221 19.9502 3.21103	
11.94	9.93251 19.9502 3.21111	
11.95	9.93376 19.95 3.20968	
11.96	9.93251 19.9502 3.21111	
11.97	9.93221 19.9499 3.20957	
11.98	9.93221 19.9499 3.20957	
11.99	9.93377 19.9503 3.21115	
12	9.93251 19.9499 3.20965	
12.01	9.93251 19.9499 3.20965	
12.02	9.93346 19.9503 3.21106	
12.03	9.93251 19.9502 3.21111	
12.04	9.93221 19.9499 3.20957	
12.05	9.93221 19.9499 3.20957	
12.06	9.93346 19.9503 3.21106	
12.07	9.93221 19.9499 3.20957	
12.08	9.93251 19.9502 3.21111	
12.09	9.93346 19.95 3.2096	
12.1	9.93346 19.95 3.2096	
