# Gnuplot File : velocities of 1 particle(s) Monitored
# 1st Column : time, others : particle(s) number 0 
0.01	0 0 -0.0365586	
0.02	0 0 -0.0632893	
0.03	0 0 -0.082834	
0.04	0 0 -0.0971245	
0.05	0 0 -0.107573	
0.06	0 0 -0.115213	
0.07	0 0 -0.120799	
0.08	0 0 -0.124884	
0.09	6.61969e-17 0 -0.12787	
0.1	4.80932e-17 0 -0.130054	
0.11	3.53823e-17 0 -0.13165	
0.12	2.58672e-17 0 -0.132818	
0.13	1.89159e-17 0 -0.133671	
0.14	1.37456e-17 0 -0.134295	
0.15	1.01113e-17 0 -0.134752	
0.16	1.01127e-17 0 -0.134752	
0.17	1.01148e-17 0 -0.134752	
0.18	1.01161e-17 0 -0.134752	
0.19	1.01113e-17 0 -0.134752	
0.2	1.01127e-17 0 -0.134752	
0.21	1.01161e-17 0 -0.134752	
0.22	1.01127e-17 0 -0.134752	
0.23	1.01127e-17 0 -0.134752	
0.24	1.01161e-17 0 -0.134752	
0.25	1.01113e-17 0 -0.134752	
0.26	1.01161e-17 0 -0.134752	
0.27	1.01127e-17 0 -0.134752	
0.28	1.01113e-17 0 -0.134752	
0.29	1.01127e-17 0 -0.134752	
0.3	1.01127e-17 0 -0.134752	
0.31	1.01113e-17 0 -0.134752	
0.32	1.01113e-17 0 -0.134752	
0.33	1.01161e-17 0 -0.134752	
0.34	1.01161e-17 0 -0.134752	
0.35	1.01161e-17 0 -0.134752	
0.36	1.01113e-17 0 -0.134752	
0.37	1.01148e-17 0 -0.134752	
0.38	1.01113e-17 0 -0.134752	
0.39	1.01148e-17 0 -0.134752	
0.4	1.01148e-17 0 -0.134752	
0.41	1.01161e-17 0 -0.134752	
0.42	1.01127e-17 0 -0.134752	
0.43	1.01127e-17 0 -0.134752	
0.44	1.01127e-17 0 -0.134752	
0.45	1.01127e-17 0 -0.134752	
0.46	1.01127e-17 0 -0.134752	
0.47	1.00491e-17 0 -0.134752	
0.48	1.01127e-17 0 -0.134752	
0.49	1.01148e-17 0 -0.134752	
0.5	1.01127e-17 0 -0.134752	
0.51	1.01127e-17 0 -0.134752	
0.52	1.00504e-17 0 -0.134752	
0.53	1.01127e-17 0 -0.134752	
0.54	1.01127e-17 0 -0.134752	
0.55	1.01113e-17 0 -0.134752	
0.56	1.01127e-17 0 -0.134752	
0.57	1.00504e-17 0 -0.134752	
0.58	1.01127e-17 0 -0.134752	
0.59	1.01113e-17 0 -0.134752	
0.6	1.01127e-17 0 -0.134752	
0.61	1.01127e-17 0 -0.134752	
0.62	1.01161e-17 0 -0.134752	
0.63	1.01113e-17 0 -0.134752	
0.64	1.01161e-17 0 -0.134752	
0.65	1.01113e-17 0 -0.134752	
0.66	1.01127e-17 0 -0.134752	
0.67	1.01127e-17 0 -0.134752	
0.68	1.01127e-17 0 -0.134752	
0.69	1.00504e-17 0 -0.134752	
0.7	1.01127e-17 0 -0.134752	
0.71	1.01127e-17 0 -0.134752	
0.72	1.01127e-17 0 -0.134752	
0.73	1.01127e-17 0 -0.134752	
0.74	1.01113e-17 0 -0.134752	
0.75	1.01127e-17 0 -0.134752	
0.76	1.01113e-17 0 -0.134752	
0.77	1.01161e-17 0 -0.134752	
0.78	1.01127e-17 0 -0.134752	
0.79	1.01148e-17 0 -0.134752	
0.8	1.0888e-17 0 -0.134752	
0.81	1.11004e-17 0 -0.134752	
0.82	1.12136e-17 0 -0.134752	
0.83	1.14128e-17 0 -0.134752	
0.84	1.14555e-17 0 -0.134752	
0.85	1.14826e-17 0 -0.134752	
0.86	1.14352e-17 0 -0.134752	
0.87	1.14462e-17 0 -0.134752	
0.88	1.14462e-17 0 -0.134752	
0.89	1.15157e-17 0 -0.134752	
0.9	1.15157e-17 0 -0.134752	
0.91	1.15157e-17 0 -0.134752	
0.92	1.1454e-17 0 -0.134752	
0.93	1.1454e-17 0 -0.134752	
0.94	1.15234e-17 0 -0.134752	
0.95	1.15268e-17 0 -0.134752	
0.96	1.1529e-17 0 -0.134752	
0.97	1.15268e-17 0 -0.134752	
0.98	1.16442e-17 0 -0.134752	
0.99	1.25091e-17 0 -0.134752	
1	1.239e-17 0 -0.134752	
1.01	1.196e-17 0 -0.134752	
1.02	1.16303e-17 0 -0.134752	
1.03	1.15673e-17 0 -0.134752	
1.04	1.1578e-17 0 -0.134752	
1.05	1.16898e-17 0 -0.134752	
1.06	1.1928e-17 0 -0.134752	
1.07	1.21485e-17 0 -0.134752	
1.08	1.22906e-17 0 -0.134752	
1.09	1.24068e-17 0 -0.134752	
1.1	1.24777e-17 0 -0.134752	
1.11	1.25917e-17 0 -0.134752	
1.12	1.26388e-17 0 -0.134752	
1.13	1.2603e-17 0 -0.134752	
1.14	1.24429e-17 0 -0.134752	
1.15	1.23336e-17 0 -0.134752	
1.16	1.21589e-17 0 -0.134752	
1.17	1.19645e-17 0 -0.134752	
1.18	1.1837e-17 0 -0.134752	
1.19	1.18118e-17 0 -0.134752	
1.2	1.1826e-17 0 -0.134752	
1.21	1.19444e-17 0 -0.134752	
1.22	1.19271e-17 0 -0.134752	
1.23	1.19079e-17 0 -0.134752	
1.24	1.20148e-17 0 -0.134752	
1.25	1.20166e-17 0 -0.134752	
1.26	1.20267e-17 0 -0.134752	
1.27	1.21527e-17 0 -0.134752	
1.28	1.23201e-17 0 -0.134752	
1.29	1.24625e-17 0 -0.134752	
1.3	1.25158e-17 0 -0.134752	
1.31	1.25217e-17 0 -0.134752	
1.32	1.24422e-17 0 -0.134752	
1.33	1.24433e-17 0 -0.134752	
1.34	1.25145e-17 0 -0.134752	
1.35	1.25571e-17 0 -0.134752	
1.36	1.25179e-17 0 -0.134752	
1.37	1.25495e-17 0 -0.134752	
1.38	1.25769e-17 0 -0.134752	
1.39	1.25849e-17 0 -0.134752	
1.4	1.26548e-17 0 -0.134752	
1.41	1.27112e-17 0 -0.134752	
1.42	1.25816e-17 0 -0.134752	
1.43	1.2681e-17 0 -0.134752	
1.44	1.26381e-17 0 -0.134752	
1.45	1.27582e-17 0 -0.134752	
1.46	1.28566e-17 0 -0.134752	
1.47	1.27732e-17 0 -0.134752	
1.48	1.28523e-17 0 -0.134752	
1.49	1.29454e-17 0 -0.134752	
1.5	1.29838e-17 0 -0.134752	
1.51	1.30207e-17 0 -0.134752	
1.52	1.30864e-17 0 -0.134752	
1.53	1.31319e-17 0 -0.134752	
1.54	1.3082e-17 0 -0.134752	
1.55	1.30725e-17 0 -0.134752	
1.56	1.30843e-17 0 -0.134752	
1.57	1.3115e-17 0 -0.134752	
1.58	1.31214e-17 0 -0.134752	
1.59	1.31707e-17 0 -0.134752	
1.6	1.31582e-17 0 -0.134752	
1.61	1.32267e-17 0 -0.134752	
1.62	1.33187e-17 0 -0.134752	
1.63	1.33071e-17 0 -0.134752	
1.64	1.33601e-17 0 -0.134752	
1.65	1.33514e-17 0 -0.134752	
1.66	1.33797e-17 0 -0.134752	
1.67	1.34325e-17 0 -0.134752	
1.68	1.35875e-17 0 -0.134752	
1.69	1.36015e-17 0 -0.134752	
1.7	1.36106e-17 0 -0.134752	
1.71	1.36631e-17 0 -0.134752	
1.72	1.37569e-17 0 -0.134752	
1.73	1.38093e-17 0 -0.134752	
1.74	1.37617e-17 0 -0.134752	
1.75	1.38122e-17 0 -0.134752	
1.76	1.38067e-17 0 -0.134752	
1.77	1.37394e-17 0 -0.134752	
1.78	1.38332e-17 0 -0.134752	
1.79	1.37614e-17 0 -0.134752	
1.8	1.37378e-17 0 -0.134752	
1.81	1.38652e-17 0 -0.134752	
1.82	1.39912e-17 0 -0.134752	
1.83	1.41315e-17 0 -0.134752	
1.84	1.41915e-17 0 -0.134752	
1.85	1.42738e-17 0 -0.134752	
1.86	1.42635e-17 0 -0.134752	
1.87	1.421e-17 0 -0.134752	
1.88	1.42315e-17 0 -0.134752	
1.89	1.42529e-17 0 -0.134752	
1.9	1.42983e-17 0 -0.134752	
1.91	1.42636e-17 0 -0.134752	
1.92	1.42898e-17 0 -0.134752	
1.93	1.43314e-17 0 -0.134752	
1.94	1.42991e-17 0 -0.134752	
1.95	1.4197e-17 0 -0.134752	
1.96	1.41366e-17 0 -0.134752	
1.97	1.41187e-17 0 -0.134752	
1.98	1.4068e-17 0 -0.134752	
1.99	1.39558e-17 0 -0.134752	
2	1.39241e-17 0 -0.134752	
2.01	1.37879e-17 0 -0.134752	
2.02	1.37169e-17 0 -0.134752	
2.03	1.36274e-17 0 -0.134752	
2.04	1.37191e-17 0 -0.134752	
2.05	1.37508e-17 0 -0.134752	
2.06	1.37251e-17 0 -0.134752	
2.07	1.37188e-17 0 -0.134752	
2.08	1.3752e-17 0 -0.134752	
2.09	1.36989e-17 0 -0.134752	
2.1	1.36506e-17 0 -0.134752	
2.11	1.3568e-17 0 -0.134752	
2.12	1.35008e-17 0 -0.134752	
2.13	1.34721e-17 0 -0.134752	
2.14	1.34413e-17 0 -0.134752	
2.15	1.35298e-17 0 -0.134752	
2.16	1.35351e-17 0 -0.134752	
2.17	1.34963e-17 0 -0.134752	
2.18	1.34326e-17 0 -0.134752	
2.19	1.3274e-17 0 -0.134752	
2.2	1.30581e-17 0 -0.134752	
2.21	1.29237e-17 0 -0.134752	
2.22	1.28557e-17 0 -0.134752	
2.23	1.27379e-17 0 -0.134752	
2.24	1.27111e-17 0 -0.134752	
2.25	1.26722e-17 0 -0.134752	
2.26	1.25964e-17 0 -0.134752	
2.27	1.25848e-17 0 -0.134752	
2.28	1.25534e-17 0 -0.134752	
2.29	1.25416e-17 0 -0.134752	
2.3	1.24263e-17 0 -0.134752	
2.31	1.23694e-17 0 -0.134752	
2.32	1.23145e-17 0 -0.134752	
2.33	1.22618e-17 0 -0.134752	
2.34	1.21764e-17 0 -0.134752	
2.35	1.21182e-17 0 -0.134752	
2.36	1.20011e-17 0 -0.134752	
2.37	1.19873e-17 0 -0.134752	
2.38	1.18889e-17 0 -0.134752	
2.39	1.17317e-17 0 -0.134752	
2.4	1.15355e-17 0 -0.134752	
2.41	1.14206e-17 0 -0.134752	
2.42	1.13254e-17 0 -0.134752	
2.43	1.11622e-17 0 -0.134752	
2.44	1.12488e-17 0 -0.134752	
2.45	1.12536e-17 0 -0.134752	
2.46	1.13547e-17 0 -0.134752	
2.47	1.1506e-17 0 -0.134752	
2.48	1.15262e-17 0 -0.134752	
2.49	1.15945e-17 0 -0.134752	
2.5	1.15712e-17 0 -0.134752	
2.51	1.14845e-17 0 -0.134752	
2.52	1.13003e-17 0 -0.134752	
2.53	1.11196e-17 0 -0.134752	
2.54	1.08463e-17 0 -0.134752	
2.55	1.06356e-17 0 -0.134752	
2.56	1.04594e-17 0 -0.134752	
2.57	1.01955e-17 0 -0.134752	
2.58	1.01389e-17 0 -0.134752	
2.59	1.00435e-17 0 -0.134752	
2.6	9.84666e-18 0 -0.134752	
2.61	9.73603e-18 0 -0.134752	
2.62	9.62647e-18 0 -0.134752	
2.63	9.52898e-18 0 -0.134752	
2.64	9.39911e-18 0 -0.134752	
2.65	9.37382e-18 0 -0.134752	
2.66	9.385e-18 0 -0.134752	
2.67	9.35745e-18 0 -0.134752	
2.68	9.37465e-18 0 -0.134752	
2.69	9.35843e-18 0 -0.134752	
2.7	9.33031e-18 0 -0.134752	
2.71	9.21485e-18 0 -0.134752	
2.72	9.16834e-18 0 -0.134752	
2.73	9.14769e-18 0 -0.134752	
2.74	9.12544e-18 0 -0.134752	
2.75	9.02536e-18 0 -0.134752	
2.76	8.99017e-18 0 -0.134752	
2.77	8.98188e-18 0 -0.134752	
2.78	8.96772e-18 0 -0.134752	
2.79	8.93362e-18 0 -0.134752	
2.8	8.96431e-18 0 -0.134752	
2.81	8.93606e-18 0 -0.134752	
2.82	8.94961e-18 0 -0.134752	
2.83	8.90534e-18 0 -0.134752	
2.84	8.87006e-18 0 -0.134752	
2.85	8.8339e-18 0 -0.134752	
2.86	8.79289e-18 0 -0.134752	
2.87	8.8275e-18 0 -0.134752	
2.88	8.77736e-18 0 -0.134752	
2.89	8.78129e-18 0 -0.134752	
2.9	8.6776e-18 0 -0.134752	
2.91	8.51218e-18 0 -0.134752	
2.92	8.28358e-18 0 -0.134752	
2.93	8.01677e-18 0 -0.134752	
2.94	7.90526e-18 0 -0.134752	
2.95	7.86983e-18 0 -0.134752	
2.96	7.87435e-18 0 -0.134752	
2.97	7.96103e-18 0 -0.134752	
2.98	8.00612e-18 0 -0.134752	
2.99	8.07105e-18 0 -0.134752	
3	8.11831e-18 0 -0.134752	
3.01	8.19598e-18 0 -0.134752	
3.02	8.28904e-18 0 -0.134752	
3.03	8.40511e-18 0 -0.134752	
3.04	8.61818e-18 0 -0.134752	
3.05	8.81819e-18 0 -0.134752	
3.06	8.99791e-18 0 -0.134752	
3.07	9.09515e-18 0 -0.134752	
3.08	9.1877e-18 0 -0.134752	
3.09	9.20569e-18 0 -0.134752	
3.1	9.23274e-18 0 -0.134752	
3.11	9.19192e-18 0 -0.134752	
3.12	9.13815e-18 0 -0.134752	
3.13	9.10884e-18 0 -0.134752	
3.14	8.972e-18 0 -0.134752	
3.15	8.88808e-18 0 -0.134752	
3.16	8.79779e-18 0 -0.134752	
3.17	8.99404e-18 0 -0.134752	
3.18	9.17563e-18 0 -0.134752	
3.19	9.38558e-18 0 -0.134752	
3.2	9.61322e-18 0 -0.134752	
3.21	9.79435e-18 0 -0.134752	
3.22	9.92147e-18 0 -0.134752	
3.23	9.98009e-18 0 -0.134752	
3.24	1.01471e-17 0 -0.134752	
3.25	1.01841e-17 0 -0.134752	
3.26	1.02871e-17 0 -0.134752	
3.27	1.03982e-17 0 -0.134752	
3.28	1.06367e-17 0 -0.134752	
3.29	1.07745e-17 0 -0.134752	
3.3	1.0912e-17 0 -0.134752	
3.31	1.12067e-17 0 -0.134752	
3.32	1.13654e-17 0 -0.134752	
3.33	1.14108e-17 0 -0.134752	
3.34	1.1526e-17 0 -0.134752	
3.35	1.16324e-17 0 -0.134752	
3.36	1.1695e-17 0 -0.134752	
3.37	1.16538e-17 0 -0.134752	
3.38	1.16732e-17 0 -0.134752	
3.39	1.17454e-17 0 -0.134752	
3.4	1.18692e-17 0 -0.134752	
3.41	1.19977e-17 0 -0.134752	
3.42	1.19775e-17 0 -0.134752	
3.43	1.21012e-17 0 -0.134752	
3.44	1.2242e-17 0 -0.134752	
3.45	1.2381e-17 0 -0.134752	
3.46	1.24685e-17 0 -0.134752	
3.47	1.25559e-17 0 -0.134752	
3.48	1.26091e-17 0 -0.134752	
3.49	1.26432e-17 0 -0.134752	
3.5	1.27525e-17 0 -0.134752	
3.51	1.27913e-17 0 -0.134752	
3.52	1.28398e-17 0 -0.134752	
3.53	1.28398e-17 0 -0.134752	
3.54	1.29031e-17 0 -0.134752	
3.55	1.28786e-17 0 -0.134752	
3.56	1.29732e-17 0 -0.134752	
3.57	1.2939e-17 0 -0.134752	
3.58	1.299e-17 0 -0.134752	
3.59	1.29994e-17 0 -0.134752	
3.6	1.30669e-17 0 -0.134752	
3.61	1.31633e-17 0 -0.134752	
3.62	1.32233e-17 0 -0.134752	
3.63	1.33274e-17 0 -0.134752	
3.64	1.34557e-17 0 -0.134752	
3.65	1.35838e-17 0 -0.134752	
3.66	1.36663e-17 0 -0.134752	
3.67	1.37894e-17 0 -0.134752	
3.68	1.38669e-17 0 -0.134752	
3.69	1.39423e-17 0 -0.134752	
3.7	1.40447e-17 0 -0.134752	
3.71	1.41885e-17 0 -0.134752	
3.72	1.43443e-17 0 -0.134752	
3.73	1.44573e-17 0 -0.134752	
3.74	1.44762e-17 0 -0.134752	
3.75	1.44871e-17 0 -0.134752	
3.76	1.45288e-17 0 -0.134752	
3.77	1.45608e-17 0 -0.134752	
3.78	1.45425e-17 0 -0.134752	
3.79	1.45316e-17 0 -0.134752	
3.8	1.46002e-17 0 -0.134752	
3.81	1.46849e-17 0 -0.134752	
3.82	1.48296e-17 0 -0.134752	
3.83	1.49316e-17 0 -0.134752	
3.84	1.49629e-17 0 -0.134752	
3.85	1.50945e-17 0 -0.134752	
3.86	1.51289e-17 0 -0.134752	
3.87	1.50864e-17 0 -0.134752	
3.88	1.51037e-17 0 -0.134752	
3.89	1.50612e-17 0 -0.134752	
3.9	1.49418e-17 0 -0.134752	
3.91	1.48993e-17 0 -0.134752	
3.92	1.48569e-17 0 -0.134752	
3.93	1.47974e-17 0 -0.134752	
3.94	1.48064e-17 0 -0.134752	
3.95	1.48411e-17 0 -0.134752	
3.96	1.48204e-17 0 -0.134752	
3.97	1.47274e-17 0 -0.134752	
3.98	1.47116e-17 0 -0.134752	
3.99	1.46661e-17 0 -0.134752	
4	1.4629e-17 0 -0.134752	
4.01	1.46564e-17 0 -0.134752	
4.02	1.46021e-17 0 -0.134752	
4.03	1.46125e-17 0 -0.134752	
4.04	1.45334e-17 0 -0.134752	
4.05	1.45693e-17 0 -0.134752	
4.06	1.45027e-17 0 -0.134752	
4.07	1.44664e-17 0 -0.134752	
4.08	1.45033e-17 0 -0.134752	
4.09	1.44172e-17 0 -0.134752	
4.1	1.43157e-17 0 -0.134752	
4.11	1.42769e-17 0 -0.134752	
4.12	1.41154e-17 0 -0.134752	
4.13	1.41117e-17 0 -0.134752	
4.14	1.4096e-17 0 -0.134752	
4.15	1.40091e-17 0 -0.134752	
4.16	1.3993e-17 0 -0.134752	
4.17	1.39767e-17 0 -0.134752	
4.18	1.39158e-17 0 -0.134752	
4.19	1.38082e-17 0 -0.134752	
4.2	1.36658e-17 0 -0.134752	
4.21	1.35191e-17 0 -0.134752	
4.22	1.33286e-17 0 -0.134752	
4.23	1.31645e-17 0 -0.134752	
4.24	1.30669e-17 0 -0.134752	
4.25	1.30299e-17 0 -0.134752	
4.26	1.29126e-17 0 -0.134752	
4.27	1.28908e-17 0 -0.134752	
4.28	1.27808e-17 0 -0.134752	
4.29	1.28012e-17 0 -0.134752	
4.3	1.28049e-17 0 -0.134752	
4.31	1.27414e-17 0 -0.134752	
4.32	1.27036e-17 0 -0.134752	
4.33	1.26881e-17 0 -0.134752	
4.34	1.27372e-17 0 -0.134752	
4.35	1.27701e-17 0 -0.134752	
4.36	1.27848e-17 0 -0.134752	
4.37	1.28171e-17 0 -0.134752	
4.38	1.28205e-17 0 -0.134752	
4.39	1.27919e-17 0 -0.134752	
4.4	1.28234e-17 0 -0.134752	
4.41	1.28365e-17 0 -0.134752	
4.42	1.28361e-17 0 -0.134752	
4.43	1.28122e-17 0 -0.134752	
4.44	1.27455e-17 0 -0.134752	
4.45	1.27207e-17 0 -0.134752	
4.46	1.27293e-17 0 -0.134752	
4.47	1.27458e-17 0 -0.134752	
4.48	1.27105e-17 0 -0.134752	
4.49	1.27076e-17 0 -0.134752	
4.5	1.26473e-17 0 -0.134752	
4.51	1.26662e-17 0 -0.134752	
4.52	1.25486e-17 0 -0.134752	
4.53	1.25144e-17 0 -0.134752	
4.54	1.23626e-17 0 -0.134752	
4.55	1.22095e-17 0 -0.134752	
4.56	1.20975e-17 0 -0.134752	
4.57	1.19177e-17 0 -0.134752	
4.58	1.19073e-17 0 -0.134752	
4.59	1.18352e-17 0 -0.134752	
4.6	1.18812e-17 0 -0.134752	
4.61	1.18493e-17 0 -0.134752	
4.62	1.18742e-17 0 -0.134752	
4.63	1.19829e-17 0 -0.134752	
4.64	1.19834e-17 0 -0.134752	
4.65	1.2086e-17 0 -0.134752	
4.66	1.21337e-17 0 -0.134752	
4.67	1.22231e-17 0 -0.134752	
4.68	1.22453e-17 0 -0.134752	
4.69	1.22916e-17 0 -0.134752	
4.7	1.23667e-17 0 -0.134752	
4.71	1.24484e-17 0 -0.134752	
4.72	1.2522e-17 0 -0.134752	
4.73	1.2717e-17 0 -0.134752	
4.74	1.27467e-17 0 -0.134752	
4.75	1.28311e-17 0 -0.134752	
4.76	1.28435e-17 0 -0.134752	
4.77	1.28848e-17 0 -0.134752	
4.78	1.29098e-17 0 -0.134752	
4.79	1.30253e-17 0 -0.134752	
4.8	1.30986e-17 0 -0.134752	
4.81	1.31104e-17 0 -0.134752	
4.82	1.3097e-17 0 -0.134752	
4.83	1.31139e-17 0 -0.134752	
4.84	1.31204e-17 0 -0.134752	
4.85	1.31267e-17 0 -0.134752	
4.86	1.31578e-17 0 -0.134752	
4.87	1.31788e-17 0 -0.134752	
4.88	1.31678e-17 0 -0.134752	
4.89	1.31469e-17 0 -0.134752	
4.9	1.31623e-17 0 -0.134752	
4.91	1.31106e-17 0 -0.134752	
4.92	1.31232e-17 0 -0.134752	
4.93	1.30456e-17 0 -0.134752	
4.94	1.30322e-17 0 -0.134752	
4.95	1.3085e-17 0 -0.134752	
4.96	1.30646e-17 0 -0.134752	
4.97	1.30991e-17 0 -0.134752	
4.98	1.30806e-17 0 -0.134752	
4.99	1.30419e-17 0 -0.134752	
5	1.30665e-17 0 -0.134752	
5.01	1.30657e-17 0 -0.134752	
5.02	1.31064e-17 0 -0.134752	
5.03	1.30774e-17 0 -0.134752	
5.04	1.31648e-17 0 -0.134752	
5.05	1.32245e-17 0 -0.134752	
5.06	1.33112e-17 0 -0.134752	
5.07	1.33345e-17 0 -0.134752	
5.08	1.3352e-17 0 -0.134752	
5.09	1.34896e-17 0 -0.134752	
5.1	1.35597e-17 0 -0.134752	
5.11	1.36222e-17 0 -0.134752	
5.12	1.36181e-17 0 -0.134752	
5.13	1.36445e-17 0 -0.134752	
5.14	1.37635e-17 0 -0.134752	
5.15	1.38537e-17 0 -0.134752	
5.16	1.3888e-17 0 -0.134752	
5.17	1.39117e-17 0 -0.134752	
5.18	1.38949e-17 0 -0.134752	
5.19	1.39195e-17 0 -0.134752	
5.2	1.38816e-17 0 -0.134752	
5.21	1.39079e-17 0 -0.134752	
5.22	1.38483e-17 0 -0.134752	
5.23	1.3895e-17 0 -0.134752	
5.24	1.3823e-17 0 -0.134752	
5.25	1.38046e-17 0 -0.134752	
5.26	1.3893e-17 0 -0.134752	
5.27	1.39785e-17 0 -0.134752	
5.28	1.40598e-17 0 -0.134752	
5.29	1.40637e-17 0 -0.134752	
5.3	1.41284e-17 0 -0.134752	
5.31	1.41267e-17 0 -0.134752	
5.32	1.42314e-17 0 -0.134752	
5.33	1.43347e-17 0 -0.134752	
5.34	1.43772e-17 0 -0.134752	
5.35	1.43904e-17 0 -0.134752	
5.36	1.43095e-17 0 -0.134752	
5.37	1.43086e-17 0 -0.134752	
5.38	1.44504e-17 0 -0.134752	
5.39	1.44686e-17 0 -0.134752	
5.4	1.45474e-17 0 -0.134752	
5.41	1.45794e-17 0 -0.134752	
5.42	1.46067e-17 0 -0.134752	
5.43	1.4681e-17 0 -0.134752	
5.44	1.47191e-17 0 -0.134752	
5.45	1.48062e-17 0 -0.134752	
5.46	1.48524e-17 0 -0.134752	
5.47	1.49035e-17 0 -0.134752	
5.48	1.49491e-17 0 -0.134752	
5.49	1.50048e-17 0 -0.134752	
5.5	1.50794e-17 0 -0.134752	
5.51	1.50933e-17 0 -0.134752	
5.52	1.51482e-17 0 -0.134752	
5.53	1.52028e-17 0 -0.134752	
5.54	1.52026e-17 0 -0.134752	
5.55	1.52572e-17 0 -0.134752	
5.56	1.53173e-17 0 -0.134752	
5.57	1.53311e-17 0 -0.134752	
5.58	1.53307e-17 0 -0.134752	
5.59	1.53907e-17 0 -0.134752	
5.6	1.54455e-17 0 -0.134752	
5.61	1.54402e-17 0 -0.134752	
5.62	1.55194e-17 0 -0.134752	
5.63	1.55528e-17 0 -0.134752	
5.64	1.55524e-17 0 -0.134752	
5.65	1.55467e-17 0 -0.134752	
5.66	1.55514e-17 0 -0.134752	
5.67	0.0294053 -0.459283 2.69994	
5.68	0.021261 -0.332212 1.93636	
5.69	0.0401106 -0.686126 4.18358	
5.7	0.0288383 -0.493729 3.01975	
5.71	0.0349484 -0.705638 4.59254	
5.72	0.0443225 -0.763505 4.54415	
5.73	0.0510825 -0.712553 4.61919	
5.74	0.0379445 -0.714574 4.44649	
5.75	0.0492764 -0.783094 4.95171	
5.76	0.0642743 -0.745217 4.55906	
5.77	0.0521557 -0.679633 4.95501	
5.78	0.0155568 -0.655189 4.51787	
5.79	0.0183436 -0.673374 5.11954	
5.8	0.0135193 -0.700481 4.72325	
5.81	-0.014381 -0.576591 4.49599	
5.82	-0.0278078 -0.569959 4.57902	
5.83	-0.0311736 -0.653898 5.04577	
5.84	-0.0143088 -0.609857 4.90363	
5.85	-0.0141985 -0.535557 4.40409	
5.86	0.000938087 -0.621377 4.84111	
5.87	0.0156389 -0.625063 4.8166	
5.88	-0.00392521 -0.62778 5.26078	
5.89	0.0612519 -0.470401 4.39443	
5.9	0.0376376 -0.537102 4.69924	
5.91	0.0977764 -0.671347 5.35708	
5.92	0.0582216 -0.602234 4.62955	
5.93	0.0819169 -0.509629 3.69683	
5.94	0.0600661 -0.373956 2.66685	
5.95	0.044131 -0.275082 1.91384	
5.96	0.0323424 -0.201719 1.36289	
5.97	1.66652 1.07083 -0.606712	
5.98	0.825397 2.10504 0.0127281	
5.99	0.939282 2.9427 -0.23622	
6	2.20461 3.03634 -1.47346	
6.01	1.46278 3.39416 -0.431686	
6.02	2.13028 3.5369 -0.83286	
6.03	1.27703 3.7116 -0.393906	
6.04	0.022163 3.75046 1.11635	
6.05	0.260963 3.81172 0.698485	
6.06	-0.138837 3.89924 0.468201	
6.07	0.17366 3.73311 0.152778	
6.08	0.183004 3.82163 0.285972	
6.09	0.195874 3.94005 0.385819	
6.1	-0.461097 3.76035 1.32122	
6.11	0.129111 4.09029 0.848658	
6.12	0.0943583 2.99128 0.583803	
6.13	0.0689691 2.18751 0.390322	
6.14	0.050408 1.59968 0.248724	
6.15	0.0368674 1.1695 0.14533	
6.16	0.0270056 0.854477 0.0698835	
6.17	0.0197575 0.624604 0.014558	
6.18	0.0144404 0.45677 -0.0259307	
6.19	0.0105313 0.334326 -0.0556178	
6.2	0.00771159 0.244288 -0.0772075	
6.21	0.00563549 0.178652 -0.0930257	
6.22	0.00411824 0.13064 -0.104607	
6.23	0.00301146 0.0955121 -0.11305	
6.24	0.0022002 0.0698533 -0.119231	
6.25	0.00160624 0.0511035 -0.123751	
6.26	0.00117199 0.0373944 -0.127055	
6.27	0.00085416 0.0273766 -0.129469	
6.28	0.000623111 0.0200341 -0.13123	
6.29	0.000454092 0.0146672 -0.132517	
6.3	0.000332148 0.0107229 -0.13345	
6.31	0.000242928 0.00783887 -0.134134	
6.32	0.000178108 0.00572507 -0.134632	
6.33	0.000130413 0.00418344 -0.134998	
6.34	9.54221e-05 0.00305777 -0.135265	
6.35	6.98613e-05 0.00223463 -0.13546	
6.36	5.11585e-05 0.00163288 -0.135603	
6.37	3.74397e-05 0.00119347 -0.135708	
6.38	3.74363e-05 0.0011935 -0.135708	
6.39	3.7458e-05 0.0011932 -0.135708	
6.4	3.74577e-05 0.0011932 -0.135708	
6.41	3.74407e-05 0.00119338 -0.135708	
6.42	3.7501e-05 0.00119261 -0.135708	
6.43	3.75952e-05 0.00119139 -0.135707	
6.44	3.77164e-05 0.00118981 -0.135707	
6.45	3.78049e-05 0.00118863 -0.135707	
6.46	3.79326e-05 0.00118695 -0.135706	
6.47	3.79955e-05 0.00118606 -0.135706	
6.48	3.80633e-05 0.00118516 -0.135706	
6.49	3.81321e-05 0.00118422 -0.135706	
6.5	3.81481e-05 0.00118398 -0.135706	
6.51	3.81536e-05 0.00118385 -0.135706	
6.52	3.81344e-05 0.00118405 -0.135706	
6.53	3.81195e-05 0.00118426 -0.135706	
6.54	3.81051e-05 0.00118445 -0.135706	
6.55	3.81418e-05 0.00118401 -0.135706	
6.56	3.81368e-05 0.00118403 -0.135706	
6.57	3.81885e-05 0.00118343 -0.135706	
6.58	3.82355e-05 0.00118281 -0.135706	
6.59	3.8233e-05 0.00118281 -0.135706	
6.6	3.82675e-05 0.00118234 -0.135706	
6.61	3.83335e-05 0.00118139 -0.135706	
6.62	3.83405e-05 0.0011813 -0.135706	
6.63	3.83936e-05 0.00118052 -0.135705	
6.64	3.84222e-05 0.00118007 -0.135705	
6.65	3.84498e-05 0.00117965 -0.135705	
6.66	3.85406e-05 0.00117843 -0.135705	
6.67	3.85997e-05 0.00117755 -0.135705	
6.68	3.86382e-05 0.00117694 -0.135705	
6.69	3.86734e-05 0.00117638 -0.135705	
6.7	3.87247e-05 0.00117561 -0.135705	
6.71	3.87628e-05 0.00117505 -0.135705	
6.72	3.88061e-05 0.00117436 -0.135705	
6.73	3.88369e-05 0.00117382 -0.135705	
6.74	3.88791e-05 0.00117307 -0.135706	
6.75	3.89539e-05 0.00117201 -0.135705	
6.76	3.89921e-05 0.00117138 -0.135706	
6.77	3.90137e-05 0.00117099 -0.135706	
6.78	3.90628e-05 0.00117026 -0.135706	
6.79	3.90438e-05 0.0011705 -0.135706	
6.8	3.90861e-05 0.00116985 -0.135706	
6.81	3.91054e-05 0.00116957 -0.135706	
6.82	3.91729e-05 0.00116854 -0.135706	
6.83	3.91795e-05 0.00116837 -0.135706	
6.84	3.92265e-05 0.00116761 -0.135706	
6.85	3.92623e-05 0.00116703 -0.135706	
6.86	3.93051e-05 0.0011664 -0.135706	
6.87	3.92838e-05 0.00116658 -0.135706	
6.88	3.92844e-05 0.00116652 -0.135706	
6.89	3.92687e-05 0.00116671 -0.135706	
6.9	3.92679e-05 0.00116671 -0.135706	
6.91	3.92519e-05 0.00116691 -0.135706	
6.92	3.9219e-05 0.00116729 -0.135707	
6.93	3.9138e-05 0.00116837 -0.135707	
6.94	3.908e-05 0.00116912 -0.135707	
6.95	3.90279e-05 0.00116983 -0.135707	
6.96	3.89721e-05 0.00117051 -0.135707	
6.97	3.89834e-05 0.0011704 -0.135707	
6.98	3.89518e-05 0.00117088 -0.135707	
6.99	3.894e-05 0.00117104 -0.135707	
7	3.89205e-05 0.00117137 -0.135707	
7.01	3.88682e-05 0.00117198 -0.135708	
7.02	3.88195e-05 0.00117262 -0.135708	
7.03	3.8736e-05 0.00117373 -0.135708	
7.04	3.86554e-05 0.00117481 -0.135708	
7.05	3.85639e-05 0.00117597 -0.135709	
7.06	3.85327e-05 0.00117629 -0.135709	
7.07	3.84574e-05 0.00117725 -0.135709	
7.08	3.84075e-05 0.00117789 -0.135709	
7.09	3.83909e-05 0.00117802 -0.135709	
7.1	3.83909e-05 0.00117802 -0.135709	
7.11	3.83391e-05 0.00117868 -0.13571	
7.12	3.82966e-05 0.00117914 -0.13571	
7.13	3.82865e-05 0.00117914 -0.13571	
7.14	3.82353e-05 0.0011797 -0.13571	
7.15	3.82066e-05 0.0011801 -0.135711	
7.16	3.81802e-05 0.00118027 -0.135711	
7.17	3.81772e-05 0.0011802 -0.135711	
7.18	3.81565e-05 0.00118042 -0.135711	
7.19	3.81398e-05 0.00118057 -0.135711	
7.2	3.81151e-05 0.00118079 -0.135712	
7.21	3.80598e-05 0.00118144 -0.135712	
7.22	3.80621e-05 0.00118138 -0.135712	
7.23	3.79949e-05 0.00118225 -0.135712	
7.24	3.79506e-05 0.00118287 -0.135712	
7.25	3.79769e-05 0.0011825 -0.135712	
7.26	3.79638e-05 0.00118267 -0.135712	
7.27	3.79045e-05 0.00118348 -0.135712	
7.28	3.79056e-05 0.00118341 -0.135713	
7.29	3.78877e-05 0.00118355 -0.135713	
7.3	3.78654e-05 0.00118377 -0.135713	
7.31	3.78541e-05 0.00118384 -0.135713	
7.32	3.78607e-05 0.00118367 -0.135713	
7.33	3.78399e-05 0.00118391 -0.135713	
7.34	3.77773e-05 0.00118463 -0.135714	
7.35	3.77986e-05 0.00118419 -0.135714	
7.36	3.77881e-05 0.00118425 -0.135714	
7.37	3.7758e-05 0.00118455 -0.135714	
7.38	3.77241e-05 0.00118499 -0.135714	
7.39	3.76987e-05 0.00118525 -0.135715	
7.4	3.76668e-05 0.00118561 -0.135715	
7.41	3.75932e-05 0.00118639 -0.135715	
7.42	3.75446e-05 0.00118698 -0.135715	
7.43	3.74976e-05 0.00118748 -0.135716	
7.44	3.74655e-05 0.00118781 -0.135716	
7.45	3.74341e-05 0.00118823 -0.135716	
7.46	3.74172e-05 0.00118842 -0.135716	
7.47	3.73546e-05 0.00118918 -0.135717	
7.48	3.72881e-05 0.00119003 -0.135717	
7.49	3.71738e-05 0.00119149 -0.135717	
7.5	3.70333e-05 0.00119317 -0.135718	
7.51	3.69324e-05 0.00119443 -0.135718	
7.52	3.68687e-05 0.00119522 -0.135719	
7.53	3.68527e-05 0.00119542 -0.135719	
7.54	3.67729e-05 0.00119641 -0.135719	
7.55	3.67174e-05 0.00119708 -0.135719	
7.56	3.66535e-05 0.00119787 -0.13572	
7.57	3.66619e-05 0.00119775 -0.13572	
7.58	3.66576e-05 0.00119779 -0.13572	
7.59	3.6674e-05 0.00119752 -0.13572	
7.6	3.66436e-05 0.00119795 -0.13572	
7.61	3.66253e-05 0.00119815 -0.13572	
7.62	3.66162e-05 0.00119831 -0.13572	
7.63	0.2065 -0.833829 4.64503	
7.64	0.179505 -0.739054 4.53367	
7.65	0.161568 -0.678042 4.62056	
7.66	0.160199 -0.62232 4.61478	
7.67	0.114199 -0.525206 4.13366	
7.68	0.0900825 -0.589588 5.02842	
7.69	0.068724 -0.469185 4.95044	
7.7	0.114335 -0.506235 5.59176	
7.71	0.165794 -0.511075 5.70011	
7.72	0.116202 -0.380416 5.06684	
7.73	0.0867904 -0.40893 6.30497	
7.74	0.304453 -0.0482072 5.14643	
7.75	0.375955 -0.263207 7.52917	
7.76	0.193197 -0.160513 6.87358	
7.77	0.109924 -0.0414266 6.45726	
7.78	0.0659207 -0.0447643 6.64062	
7.79	-0.103228 0.854823 4.1192	
7.8	-0.0431874 0.368376 4.85558	
7.81	0.0421637 0.044309 4.95206	
7.82	0.0192197 0.11571 4.75391	
7.83	0.0512272 -0.0456526 5.4749	
7.84	0.0389445 -0.0899596 5.05945	
7.85	0.0405951 -0.127968 5.58547	
7.86	0.0434342 -0.147648 5.14018	
7.87	0.0567128 -0.165109 5.44217	
7.88	0.0736308 -0.141821 4.09741	
7.89	0.063546 -0.352975 5.8863	
7.9	0.135638 -0.469451 6.0193	
7.91	0.0974724 -0.33721 4.36271	
7.92	0.151368 -0.537479 5.60719	
7.93	0.170892 -0.533171 5.07357	
7.94	0.130091 -0.504965 4.50806	
7.95	0.165683 -0.512933 4.08969	
7.96	0.216609 -0.626375 4.26638	
7.97	0.157095 -0.454164 3.08177	
7.98	0.114584 -0.331238 2.21642	
7.99	0.0836849 -0.241907 1.58389	
8	0.0609042 -0.17603 1.12122	
8.01	0.039849 -0.0522588 0.784611	
8.02	-0.386953 1.12693 2.07777	
8.03	-0.439506 1.62239 2.32787	
8.04	-0.40484 1.67484 2.16333	
8.05	-0.859908 1.22744 3.08699	
8.06	-0.627806 0.894754 2.22122	
8.07	-0.459303 0.654988 1.58738	
8.08	-0.335942 0.479251 1.12397	
8.09	-0.24512 0.348931 0.785604	
8.1	-0.179003 0.254477 0.538032	
8.11	-0.13078 0.185768 0.356913	
8.12	-0.0955303 0.135558 0.224478	
8.13	-0.0699445 0.099395 0.127501	
8.14	-0.0512093 0.0728769 0.0566035	
8.15	-0.0375429 0.0535812 0.00474336	
8.16	-0.0274941 0.0393066 -0.0331289	
8.17	-0.020095 0.0287233 -0.0607957	
8.18	-0.0146901 0.0209977 -0.081022	
8.19	-0.0107105 0.0152666 -0.0957849	
8.2	-0.00779971 0.0110727 -0.106578	
8.21	-0.00568424 0.00804257 -0.114475	
8.22	-0.00413912 0.00583165 -0.120249	
8.23	-0.00301787 0.00423925 -0.124476	
8.24	-0.0022005 0.00308199 -0.127568	
8.25	-0.00160746 0.00224909 -0.129832	
8.26	-0.00117206 0.00163506 -0.131486	
8.27	-0.0008531 0.00118438 -0.132695	
8.28	-0.000622124 0.000861269 -0.133581	
8.29	-0.000453989 0.000627178 -0.134229	
8.3	-0.000452588 0.000623169 -0.134228	
8.31	-0.000451158 0.000619076 -0.134227	
8.32	-0.000449322 0.000613853 -0.134226	
8.33	-0.000447862 0.00060968 -0.134225	
8.34	-0.000446399 0.000605481 -0.134224	
8.35	-0.000445961 0.000604221 -0.134224	
8.36	-0.000446241 0.000605012 -0.134224	
8.37	-0.000446852 0.000606721 -0.134224	
8.38	-0.000447481 0.000608477 -0.134225	
8.39	-0.000447973 0.000609837 -0.134225	
8.4	-0.00044849 0.000611284 -0.134225	
8.41	-0.000448611 0.000611614 -0.134225	
8.42	-0.000448854 0.000612265 -0.134225	
8.43	-0.000449336 0.00061362 -0.134225	
8.44	-0.00044956 0.000614236 -0.134225	
8.45	-0.000450256 0.000616171 -0.134225	
8.46	-0.000450668 0.000617333 -0.134226	
8.47	-0.000451078 0.000618472 -0.134226	
8.48	-0.000451319 0.000619132 -0.134226	
8.49	-0.000451321 0.000619125 -0.134226	
8.5	-0.000451224 0.000618796 -0.134226	
8.51	-0.000451014 0.000618157 -0.134225	
8.52	-0.000451527 0.000619584 -0.134225	
8.53	-0.000452058 0.000621033 -0.134226	
8.54	-0.000452936 0.000623455 -0.134226	
8.55	-0.000453852 0.000625998 -0.134226	
8.56	-0.00045429 0.000627185 -0.134226	
8.57	-0.000454991 0.000629139 -0.134226	
8.58	-0.000455487 0.000630523 -0.134226	
8.59	-0.000455463 0.000630425 -0.134226	
8.6	-0.000455823 0.000631418 -0.134226	
8.61	-0.000456205 0.000632476 -0.134227	
8.62	-0.000456381 0.000632935 -0.134226	
8.63	-0.000456228 0.000632464 -0.134226	
8.64	-0.000456705 0.00063379 -0.134226	
8.65	-0.00045755 0.000636194 -0.134227	
8.66	-0.000457631 0.000636412 -0.134227	
8.67	-0.000457801 0.000636888 -0.134227	
8.68	-0.000457791 0.000636862 -0.134227	
8.69	-0.000458236 0.000638147 -0.134227	
8.7	-0.00045801 0.00063752 -0.134227	
8.71	-0.000458158 0.00063799 -0.134227	
8.72	-0.000458464 0.000638916 -0.134228	
8.73	-0.000458936 0.000640323 -0.134228	
8.74	-0.000458956 0.000640433 -0.134228	
8.75	-0.000458983 0.000640555 -0.134228	
8.76	-0.000459187 0.000641219 -0.134229	
8.77	-0.000459802 0.000643057 -0.134229	
8.78	-0.00046013 0.000644049 -0.13423	
8.79	-0.000460128 0.000644147 -0.13423	
8.8	-0.000460258 0.000644563 -0.13423	
8.81	-0.000459945 0.000643754 -0.13423	
8.82	-0.000459725 0.000643203 -0.134231	
8.83	-0.000460084 0.000644324 -0.134231	
8.84	-0.000460533 0.000645736 -0.134232	
8.85	-0.000460666 0.00064623 -0.134232	
8.86	-0.000460867 0.00064687 -0.134232	
8.87	-0.000460748 0.000646624 -0.134233	
8.88	-0.000461343 0.000648423 -0.134233	
8.89	-0.000462595 0.00065216 -0.134234	
8.9	-0.000462871 0.000653114 -0.134235	
8.91	-0.000463852 0.000656108 -0.134236	
8.92	-0.00046431 0.000657572 -0.134237	
8.93	-0.00046526 0.000660475 -0.134238	
8.94	-0.000464927 0.00065969 -0.134238	
8.95	-0.000464698 0.000659203 -0.134239	
8.96	-0.000463521 0.000655973 -0.134239	
8.97	-0.000462828 0.000654178 -0.134239	
8.98	-0.000461864 0.000651544 -0.134239	
8.99	-0.000461121 0.000649524 -0.134239	
9	-0.000461269 0.00065009 -0.134239	
9.01	-0.000461108 0.000649717 -0.134239	
9.02	-0.000461657 0.000651417 -0.13424	
9.03	-0.000462103 0.000652805 -0.134241	
9.04	-0.000462928 0.000655264 -0.134241	
9.05	-0.000463592 0.000657269 -0.134242	
9.06	-0.000464292 0.000659384 -0.134243	
9.07	-0.000464539 0.000660159 -0.134243	
9.08	-0.000464659 0.000660524 -0.134243	
9.09	-0.000464651 0.000660573 -0.134244	
9.1	-0.000464277 0.000659539 -0.134243	
9.11	-0.000464786 0.000661022 -0.134244	
9.12	-0.000464536 0.000660364 -0.134244	
9.13	-0.000464524 0.000660383 -0.134244	
9.14	-0.000464614 0.000660651 -0.134244	
9.15	-0.000464712 0.000660965 -0.134244	
9.16	-0.000465173 0.000662397 -0.134245	
9.17	-0.000466027 0.00066499 -0.134246	
9.18	-0.000467226 0.000668536 -0.134247	
9.19	-0.000468412 0.000672064 -0.134248	
9.2	-0.000469358 0.000674917 -0.134249	
9.21	-0.000470225 0.000677551 -0.13425	
9.22	-0.000470958 0.000679831 -0.134251	
9.23	-0.00047226 0.000683682 -0.134252	
9.24	-0.000474402 0.000690056 -0.134254	
9.25	-0.000475983 0.000694812 -0.134256	
9.26	-0.000477543 0.000699469 -0.134257	
9.27	-0.000479006 0.000703742 -0.134258	
9.28	-0.000480283 0.000707504 -0.134259	
9.29	-0.000480846 0.000709078 -0.134259	
9.3	-0.000481176 0.000709999 -0.134259	
9.31	-0.000481435 0.000710818 -0.13426	
9.32	-0.000481477 0.000710944 -0.13426	
9.33	-0.000481645 0.000711375 -0.13426	
9.34	-0.000481598 0.000711254 -0.13426	
9.35	-0.000481568 0.000711248 -0.13426	
9.36	-0.000481694 0.000711687 -0.13426	
9.37	-0.000481479 0.000711136 -0.13426	
9.38	-0.000481752 0.000712043 -0.134261	
9.39	-0.000481864 0.000712363 -0.134261	
9.4	-0.000481684 0.00071178 -0.134261	
9.41	-0.00048184 0.000712146 -0.134261	
9.42	-0.000481966 0.000712451 -0.134261	
9.43	-0.000482092 0.000712756 -0.13426	
9.44	-0.000482201 0.000713079 -0.134261	
9.45	-0.000482305 0.000713364 -0.134261	
9.46	-0.000482408 0.000713648 -0.134261	
9.47	-0.000482528 0.000713913 -0.13426	
9.48	-0.000482653 0.000714216 -0.13426	
9.49	-0.000482773 0.000714624 -0.134261	
9.5	-0.00048251 0.000713855 -0.13426	
9.51	-0.000482635 0.000714158 -0.13426	
9.52	-0.000482854 0.000714805 -0.13426	
9.53	-0.000482969 0.000715167 -0.134261	
9.54	-0.000483062 0.00071551 -0.134261	
9.55	-0.000483078 0.00071549 -0.134261	
9.56	-0.000483181 0.000715775 -0.134261	
9.57	-0.000482913 0.000714967 -0.13426	
9.58	-0.00048314 0.000715561 -0.13426	
9.59	-0.000483238 0.000715807 -0.13426	
9.6	-0.000483339 0.000715955 -0.13426	
9.61	-0.000483058 0.000715077 -0.13426	
9.62	-0.00048357 0.000716538 -0.13426	
9.63	-0.000483338 0.000715818 -0.13426	
9.64	-0.000483516 0.000716395 -0.13426	
9.65	-0.000483089 0.000715147 -0.13426	
9.66	-0.000483192 0.000715496 -0.13426	
9.67	-0.000482945 0.000714771 -0.13426	
9.68	-0.000482872 0.000714605 -0.13426	
9.69	-0.000482746 0.000714359 -0.13426	
9.7	-0.000482478 0.00071371 -0.13426	
9.71	-0.000482255 0.000713115 -0.13426	
9.72	-0.000482333 0.000713444 -0.134261	
9.73	-0.000481952 0.000712403 -0.13426	
9.74	-0.000481859 0.000712199 -0.134261	
9.75	-0.000481886 0.000712431 -0.134261	
9.76	-0.000481593 0.00071168 -0.134261	
9.77	-0.000481591 0.000711815 -0.134262	
9.78	-0.000481034 0.000710382 -0.134262	
9.79	-0.000481197 0.000710994 -0.134262	
9.8	-0.000480876 0.000710178 -0.134263	
9.81	-0.000480049 0.000707856 -0.134262	
9.82	-0.000479908 0.000707584 -0.134263	
9.83	-0.000480508 0.000709499 -0.134264	
9.84	-0.000480287 0.000708982 -0.134264	
9.85	-0.000480122 0.000708655 -0.134264	
9.86	-0.000480214 0.00070901 -0.134264	
9.87	-0.000479405 0.000706683 -0.134264	
9.88	-0.000479049 0.000705599 -0.134264	
9.89	-0.000478326 0.000703512 -0.134263	
9.9	-0.00047779 0.000701979 -0.134263	
9.91	-0.000477413 0.000700866 -0.134262	
9.92	-0.000477365 0.000700816 -0.134263	
9.93	-0.000477283 0.000700571 -0.134263	
9.94	-0.000476701 0.000698923 -0.134262	
9.95	-0.000476859 0.000699364 -0.134262	
9.96	-0.000476517 0.000698405 -0.134262	
9.97	-0.00047629 0.000697811 -0.134262	
9.98	-0.000475982 0.00069696 -0.134262	
9.99	-0.000475478 0.000695461 -0.134262	
10	-0.000475635 0.000695982 -0.134262	
10.01	-0.000476343 0.000698011 -0.134263	
10.02	-0.000477306 0.000700936 -0.134264	
10.03	-0.00047803 0.000703101 -0.134264	
10.04	-0.000477992 0.000703133 -0.134265	
10.05	-0.000477381 0.000701295 -0.134264	
10.06	-0.000476533 0.000698781 -0.134263	
10.07	-0.000475873 0.000696959 -0.134263	
10.08	-0.000475443 0.000695723 -0.134263	
10.09	-0.000474919 0.000694209 -0.134263	
10.1	-0.00047546 0.00069577 -0.134263	
10.11	-0.000476632 0.000699277 -0.134264	
10.12	-0.000477561 0.000702064 -0.134265	
10.13	-0.000478527 0.000704873 -0.134266	
10.14	-0.000478759 0.000705565 -0.134266	
10.15	-0.000479243 0.000707029 -0.134266	
10.16	-0.000480308 0.000710223 -0.134267	
10.17	-0.000481594 0.000714069 -0.134269	
10.18	-0.000482193 0.000715897 -0.134269	
10.19	-0.00048188 0.000714904 -0.134269	
10.2	-0.000482446 0.000716637 -0.13427	
10.21	-0.000482904 0.000717954 -0.13427	
10.22	-0.000483429 0.000719478 -0.13427	
10.23	-0.000484138 0.000721637 -0.134271	
10.24	-0.000484966 0.000724104 -0.134272	
10.25	-0.000485773 0.000726473 -0.134272	
10.26	-0.000486338 0.000728093 -0.134273	
10.27	-0.000486884 0.000729745 -0.134273	
10.28	-0.000487886 0.000732559 -0.134274	
10.29	-0.000488882 0.000735631 -0.134275	
10.3	-0.000489658 0.000737928 -0.134276	
10.31	-0.000490242 0.000739777 -0.134277	
10.32	-0.000491031 0.000742301 -0.134278	
10.33	-0.000491668 0.000744319 -0.134279	
10.34	-0.000492669 0.00074737 -0.13428	
10.35	-0.000493739 0.00075073 -0.134281	
10.36	-0.00049457 0.000753433 -0.134283	
10.37	-0.000495492 0.000756417 -0.134285	
10.38	-0.000495986 0.000758166 -0.134286	
10.39	-0.000496045 0.000758571 -0.134287	
10.4	-0.000495825 0.000757934 -0.134286	
10.41	-0.000495753 0.000757746 -0.134286	
10.42	-0.000495465 0.000756934 -0.134286	
10.43	-0.000495454 0.000756891 -0.134286	
10.44	-0.000495026 0.000755642 -0.134286	
10.45	-0.000494422 0.000753886 -0.134286	
10.46	-0.000493888 0.000752366 -0.134285	
10.47	-0.000493393 0.000750927 -0.134285	
10.48	-0.000493635 0.000751573 -0.134285	
10.49	-0.000493507 0.000751251 -0.134285	
10.5	-0.000493349 0.000750694 -0.134285	
10.51	-0.000492712 0.000748969 -0.134285	
10.52	-0.000492146 0.000747162 -0.134284	
10.53	-0.000491944 0.000746606 -0.134284	
10.54	-0.000491892 0.000746514 -0.134284	
10.55	-0.000491989 0.000746758 -0.134284	
10.56	-0.000491968 0.000746731 -0.134284	
10.57	-0.000491991 0.000746555 -0.134283	
10.58	-0.000492427 0.000747917 -0.134284	
10.59	-0.000492437 0.000747891 -0.134283	
10.6	-0.000492131 0.000746876 -0.134283	
10.61	-0.0004926 0.000748212 -0.134283	
10.62	-0.000492728 0.000748466 -0.134283	
10.63	-0.000493198 0.000749866 -0.134283	
10.64	-0.00049282 0.000748804 -0.134283	
10.65	-0.000493131 0.000749738 -0.134283	
10.66	-0.000493149 0.00074976 -0.134283	
10.67	-0.000492931 0.000749134 -0.134283	
10.68	-0.000492623 0.000748141 -0.134283	
10.69	-0.000492048 0.0007463 -0.134282	
10.7	-0.00049133 0.000744087 -0.134281	
10.71	-0.00049098 0.000743066 -0.134281	
10.72	-0.000490699 0.000742184 -0.13428	
10.73	-0.000490405 0.000741167 -0.13428	
10.74	-0.000490204 0.000740544 -0.134279	
10.75	-0.000490426 0.000741067 -0.134279	
10.76	-0.000490548 0.000741271 -0.134279	
10.77	-0.000490613 0.000741393 -0.134278	
10.78	-0.000490849 0.000742082 -0.134279	
10.79	-0.000490375 0.00074053 -0.134278	
10.8	-0.000489953 0.000739299 -0.134277	
10.81	-0.000489945 0.000739323 -0.134278	
10.82	-0.000489951 0.000739462 -0.134278	
10.83	-0.000490055 0.000739984 -0.134279	
10.84	-0.000490424 0.000741159 -0.134279	
10.85	-0.000490171 0.000740558 -0.13428	
10.86	-0.000489879 0.00073989 -0.13428	
10.87	-0.000489627 0.0007391 -0.13428	
10.88	-0.000489589 0.000739206 -0.13428	
10.89	-0.000489835 0.00074007 -0.134281	
10.9	-0.000489673 0.000739645 -0.134281	
10.91	-0.000489308 0.000738602 -0.134281	
10.92	-0.000489359 0.000738875 -0.134281	
10.93	-0.000489946 0.000740576 -0.134281	
10.94	-0.000490775 0.000742802 -0.134282	
10.95	-0.000491067 0.000743508 -0.134281	
10.96	-0.000491447 0.000744481 -0.134281	
10.97	-0.000491504 0.00074455 -0.134281	
10.98	-0.000491305 0.000743901 -0.134281	
10.99	-0.000491308 0.000744061 -0.134281	
11	-0.000490992 0.000743149 -0.134281	
11.01	-0.000491425 0.000744534 -0.134281	
11.02	-0.000491328 0.000744311 -0.134282	
11.03	-0.000491237 0.000744107 -0.134282	
11.04	-0.000491232 0.000744131 -0.134282	
11.05	-0.000491672 0.000745479 -0.134282	
11.06	-0.000491652 0.000745287 -0.134282	
11.07	-0.000491874 0.000745964 -0.134282	
11.08	-0.000491685 0.000745615 -0.134283	
11.09	-0.000491819 0.000746145 -0.134283	
11.1	-0.000491663 0.000745498 -0.134282	
11.11	-0.000491941 0.000746102 -0.134282	
11.12	-0.000492549 0.000747567 -0.134282	
11.13	-0.00049277 0.000748031 -0.134281	
11.14	-0.000492897 0.000748107 -0.13428	
11.15	-0.00049303 0.000748309 -0.13428	
11.16	-0.000493178 0.000748496 -0.134279	
11.17	-0.000492782 0.000747164 -0.134278	
11.18	-0.000492444 0.000745931 -0.134277	
11.19	-0.000491984 0.00074433 -0.134276	
11.2	-0.000491549 0.000742882 -0.134275	
11.21	-0.000491411 0.000742141 -0.134274	
11.22	-0.00049129 0.000741483 -0.134273	
11.23	-0.00049106 0.000740479 -0.134272	
11.24	-0.000491008 0.000740192 -0.134271	
11.25	-0.000490918 0.000739692 -0.134271	
11.26	-0.000490532 0.000738454 -0.13427	
11.27	-0.000490094 0.000736916 -0.134269	
11.28	-0.000489366 0.000734514 -0.134267	
11.29	-0.000488642 0.000732293 -0.134267	
11.3	-0.000488614 0.000732083 -0.134266	
11.31	-0.000488007 0.000730089 -0.134265	
11.32	-0.000488003 0.000729971 -0.134265	
11.33	-0.000488111 0.000730091 -0.134264	
11.34	-0.000487727 0.000728802 -0.134263	
11.35	-0.000488157 0.000729805 -0.134263	
11.36	-0.000488299 0.000729929 -0.134262	
11.37	-0.000488374 0.00072984 -0.134261	
11.38	-0.000487704 0.000727502 -0.134259	
11.39	-0.000487657 0.000727061 -0.134259	
11.4	-0.000487235 0.000725518 -0.134257	
11.41	-0.000486697 0.000723698 -0.134256	
11.42	-0.000486653 0.000723381 -0.134255	
11.43	-0.000486361 0.000722316 -0.134255	
11.44	-0.000486087 0.00072138 -0.134254	
11.45	-0.000485813 0.000720462 -0.134253	
11.46	-0.000485881 0.000720577 -0.134253	
11.47	-0.000485826 0.000720304 -0.134253	
11.48	-0.000485552 0.000719418 -0.134252	
11.49	-0.000485865 0.000720293 -0.134252	
11.5	-0.000485513 0.000719222 -0.134252	
11.51	-0.00048553 0.000719284 -0.134252	
11.52	-0.000485194 0.000718275 -0.134252	
11.53	-0.000485183 0.000718239 -0.134252	
11.54	-0.000485287 0.000718524 -0.134252	
11.55	-0.000484933 0.000717427 -0.134251	
11.56	-0.000484664 0.000716553 -0.134251	
11.57	-0.000484576 0.000716148 -0.13425	
11.58	-0.000484133 0.000714689 -0.134249	
11.59	-0.000483748 0.000713494 -0.134249	
11.6	-0.000483383 0.000712386 -0.134248	
11.61	-0.00048297 0.000711106 -0.134248	
11.62	-0.000482707 0.000710279 -0.134248	
11.63	-0.000482615 0.000709949 -0.134247	
11.64	-0.000482557 0.000709751 -0.134247	
11.65	-0.00048222 0.000708749 -0.134247	
11.66	-0.000482168 0.000708549 -0.134247	
11.67	-0.000482141 0.000708476 -0.134247	
11.68	-0.000481787 0.000707426 -0.134246	
11.69	-0.000482134 0.000708461 -0.134247	
11.7	-0.000481684 0.000707138 -0.134246	
11.71	-0.000481928 0.000707874 -0.134247	
11.72	-0.00048193 0.000707898 -0.134247	
11.73	-0.000482625 0.000709979 -0.134247	
11.74	-0.000482965 0.000711001 -0.134248	
11.75	-0.000483641 0.000713033 -0.134248	
11.76	-0.000484536 0.000715699 -0.134249	
11.77	-0.00048522 0.000717752 -0.13425	
11.78	-0.000486056 0.000720325 -0.134251	
11.79	-0.000486233 0.000720942 -0.134251	
11.8	-0.000486578 0.000722113 -0.134252	
11.81	-0.000486263 0.000721306 -0.134252	
11.82	-0.000486403 0.00072187 -0.134253	
11.83	-0.000486131 0.000721262 -0.134253	
11.84	-0.000485976 0.000720992 -0.134254	
11.85	-0.000485336 0.000719215 -0.134253	
11.86	-0.000484926 0.000718129 -0.134253	
11.87	-0.000484177 0.000716055 -0.134253	
11.88	-0.000484308 0.000716495 -0.134254	
11.89	-0.000484202 0.000716234 -0.134254	
11.9	-0.000484114 0.000716027 -0.134254	
11.91	-0.000484485 0.000717197 -0.134254	
11.92	-0.000484161 0.000716279 -0.134254	
11.93	-0.000484406 0.000717061 -0.134255	
11.94	-0.000483839 0.000715406 -0.134254	
11.95	-0.000483499 0.000714412 -0.134254	
11.96	-0.000482359 0.000711054 -0.134253	
11.97	-0.000481911 0.000709832 -0.134253	
11.98	-0.000481598 0.000708955 -0.134253	
11.99	-0.000481252 0.000708021 -0.134253	
12	-0.000481628 0.000709239 -0.134253	
12.01	-0.000482379 0.000711554 -0.134254	
12.02	-0.00048312 0.000713824 -0.134255	
12.03	-0.000484065 0.000716605 -0.134256	
12.04	-0.000484463 0.000717676 -0.134256	
12.05	-0.000483944 0.000716092 -0.134255	
12.06	-0.00048343 0.000714582 -0.134255	
12.07	-0.000482559 0.000711926 -0.134254	
12.08	-0.000482048 0.0007104 -0.134253	
12.09	-0.000481289 0.000708139 -0.134253	
12.1	-0.000479859 0.000703876 -0.134251	
12.11	-0.000478634 0.00070022 -0.13425	
12.12	-0.000477964 0.000698214 -0.13425	
12.13	-0.000476789 0.000694689 -0.134248	
12.14	-0.000476099 0.000692628 -0.134248	
12.15	-0.00047515 0.000689792 -0.134247	
12.16	-0.000475031 0.000689418 -0.134247	
12.17	-0.000474458 0.00068765 -0.134246	
12.18	-0.000474438 0.000687496 -0.134246	
12.19	-0.000472061 0.00068707 -0.134264	
12.2	-0.000472061 0.00068707 -0.134264	
12.21	-0.000472061 0.00068707 -0.134264	
12.22	-0.000472035 0.000687015 -0.134264	
12.23	-0.000472035 0.000687015 -0.134264	
12.24	-0.00047201 0.00068696 -0.134264	
12.25	-0.000472362 0.000688058 -0.134265	
12.26	-0.000471985 0.000686905 -0.134264	
12.27	-0.000471957 0.000686924 -0.134265	
12.28	-0.000471834 0.000686583 -0.134265	
12.29	-0.000471636 0.000686241 -0.134265	
12.3	-0.000471423 0.000685718 -0.134265	
12.31	-0.000471283 0.00068543 -0.134266	
12.32	-0.000471124 0.000685107 -0.134266	
12.33	-0.000470968 0.000684796 -0.134266	
12.34	-0.000470838 0.000684539 -0.134267	
12.35	-0.000470774 0.000684414 -0.134267	
12.36	-0.000470708 0.00068437 -0.134267	
12.37	-0.000470641 0.00068449 -0.134268	
12.38	-0.000470508 0.000684836 -0.13427	
12.39	-0.000470345 0.000684804 -0.134271	
12.4	-0.000470488 0.000685642 -0.134273	
12.41	-0.000469877 0.00068296 -0.13427	
12.42	-0.000469708 0.000682514 -0.13427	
12.43	-0.000469545 0.000682261 -0.13427	
12.44	-0.000469417 0.000682251 -0.134271	
12.45	-0.000469281 0.000682154 -0.134272	
12.46	-0.000468796 0.000680962 -0.134272	
12.47	-0.000468623 0.000680765 -0.134273	
12.48	-0.000468867 0.000681869 -0.134275	
12.49	-0.000468785 0.0006818 -0.134275	
12.5	-0.000468371 0.000680727 -0.134275	
12.51	-0.000468696 0.000681737 -0.134276	
12.52	-0.000468679 0.000681258 -0.134274	
12.53	-0.000468668 0.000681251 -0.134274	
12.54	-0.0004683 0.000680214 -0.134274	
12.55	-0.000468657 0.000681337 -0.134275	
12.56	-0.000467573 0.000678051 -0.134274	
12.57	-0.000467214 0.000677019 -0.134273	
12.58	-0.000466136 0.00067392 -0.134273	
12.59	-0.000465045 0.000670813 -0.134272	
12.6	-0.000464684 0.000669778 -0.134272	
12.61	-0.000464685 0.000669686 -0.134272	
12.62	-0.000464335 0.000668657 -0.134271	
12.63	-0.000464324 0.000668651 -0.134271	
12.64	-0.000463962 0.000667709 -0.134272	
12.65	-0.000463963 0.000667616 -0.134271	
12.66	-0.000463953 0.00066761 -0.134271	
12.67	-0.000464324 0.000668651 -0.134271	
12.68	-0.000463953 0.00066761 -0.134271	
12.69	-0.000463952 0.000667703 -0.134272	
12.7	-0.000463962 0.000667709 -0.134272	
12.71	-0.000463963 0.000667616 -0.134271	
12.72	-0.000463963 0.000667616 -0.134271	
12.73	-0.000463962 0.000667709 -0.134272	
12.74	-0.000464323 0.000668744 -0.134272	
12.75	-0.000463963 0.000667616 -0.134271	
12.76	-0.000463953 0.00066761 -0.134271	
12.77	-0.000464324 0.000668651 -0.134271	
12.78	-0.000463953 0.00066761 -0.134271	
12.79	-0.000463952 0.000667703 -0.134272	
12.8	-0.000463963 0.000667616 -0.134271	
12.81	-0.000464324 0.000668651 -0.134271	
12.82	-0.000463963 0.000667616 -0.134271	
12.83	-0.000463963 0.000667616 -0.134271	
12.84	-0.000463963 0.000667616 -0.134271	
12.85	-0.000463953 0.00066761 -0.134271	
12.86	-0.000463963 0.000667616 -0.134271	
12.87	-0.000463963 0.000667616 -0.134271	
12.88	-0.000463963 0.000667616 -0.134271	
12.89	-0.000463952 0.000667703 -0.134272	
12.9	-0.000463953 0.00066761 -0.134271	
12.91	-0.000463963 0.000667616 -0.134271	
12.92	-0.000463962 0.000667709 -0.134272	
12.93	-0.000463963 0.000667616 -0.134271	
12.94	-0.000463963 0.000667616 -0.134271	
12.95	-0.000463952 0.000667703 -0.134272	
12.96	-0.000463953 0.00066761 -0.134271	
12.97	-0.000463962 0.000667709 -0.134272	
12.98	-0.000463962 0.000667709 -0.134272	
12.99	-0.000463963 0.000667616 -0.134271	
13	-0.000463953 0.00066761 -0.134271	
13.01	-0.000463963 0.000667616 -0.134271	
13.02	-0.000463963 0.000667616 -0.134271	
13.03	-0.000463952 0.000667703 -0.134272	
13.04	-0.000463963 0.000667616 -0.134271	
13.05	-0.000463953 0.00066761 -0.134271	
13.06	-0.000464313 0.000668738 -0.134272	
13.07	-0.000463952 0.000667703 -0.134272	
13.08	-0.000463963 0.000667616 -0.134271	
13.09	-0.000463963 0.000667616 -0.134271	
13.1	-0.000463963 0.000667616 -0.134271	
13.11	-0.000463953 0.00066761 -0.134271	
13.12	-0.000463963 0.000667616 -0.134271	
13.13	-0.000463963 0.000667616 -0.134271	
13.14	-0.000463963 0.000667616 -0.134271	
13.15	-0.000464324 0.000668651 -0.134271	
13.16	-0.000463962 0.000667709 -0.134272	
13.17	-0.000463963 0.000667616 -0.134271	
13.18	-0.000463962 0.000667709 -0.134272	
13.19	-0.000463953 0.00066761 -0.134271	
13.2	-0.000463953 0.00066761 -0.134271	
13.21	-0.000463963 0.000667616 -0.134271	
13.22	-0.000463953 0.00066761 -0.134271	
13.23	-0.000463963 0.000667616 -0.134271	
13.24	-0.000463963 0.000667616 -0.134271	
13.25	-0.000463962 0.000667709 -0.134272	
13.26	-0.000463963 0.000667616 -0.134271	
13.27	-0.000463953 0.00066761 -0.134271	
13.28	-0.000463953 0.00066761 -0.134271	
13.29	-0.000463953 0.00066761 -0.134271	
13.3	-0.000464324 0.000668651 -0.134271	
13.31	-0.000463963 0.000667616 -0.134271	
13.32	-0.000463963 0.000667616 -0.134271	
13.33	-0.000463953 0.00066761 -0.134271	
13.34	-0.000463952 0.000667703 -0.134272	
13.35	-0.000463963 0.000667616 -0.134271	
13.36	-0.000463953 0.00066761 -0.134271	
13.37	-0.000463962 0.000667709 -0.134272	
13.38	-0.000463963 0.000667616 -0.134271	
13.39	-0.000463963 0.000667616 -0.134271	
13.4	-0.000463953 0.00066761 -0.134271	
13.41	-0.000464324 0.000668651 -0.134271	
13.42	-0.000463953 0.00066761 -0.134271	
13.43	-0.000463953 0.00066761 -0.134271	
13.44	-0.000463953 0.00066761 -0.134271	
13.45	-0.000463953 0.00066761 -0.134271	
13.46	-0.000463953 0.00066761 -0.134271	
13.47	-0.000463953 0.00066761 -0.134271	
13.48	-0.000464324 0.000668651 -0.134271	
13.49	-0.000463963 0.000667616 -0.134271	
13.5	-0.000463963 0.000667616 -0.134271	
13.51	-0.000463963 0.000667616 -0.134271	
13.52	-0.000463952 0.000667703 -0.134272	
13.53	-0.000463953 0.00066761 -0.134271	
13.54	-0.000463952 0.000667703 -0.134272	
13.55	-0.000463953 0.00066761 -0.134271	
13.56	-0.000463963 0.000667616 -0.134271	
13.57	-0.000463953 0.00066761 -0.134271	
13.58	-0.000463953 0.00066761 -0.134271	
13.59	-0.000463962 0.000667709 -0.134272	
13.6	-0.000463963 0.000667616 -0.134271	
13.61	-0.000463962 0.000667709 -0.134272	
13.62	-0.000463952 0.000667703 -0.134272	
13.63	-0.000463953 0.00066761 -0.134271	
13.64	-0.000463962 0.000667709 -0.134272	
13.65	-0.000463962 0.000667709 -0.134272	
13.66	-0.000463963 0.000667616 -0.134271	
13.67	-0.000464314 0.000668645 -0.134271	
13.68	-0.000463962 0.000667709 -0.134272	
13.69	-0.000463962 0.000667709 -0.134272	
