# Gnuplot File : positions of 1 particle(s) Monitored
# 1st Column : time, others : particle(s) number 0 
0.01	7.50841 14.2793 2.00483	
0.02	7.4178 14.2571 2.31591	
0.03	7.42066 14.2579 2.30422	
0.04	7.42226 14.2615 2.29418	
0.05	7.42668 14.2609 2.28032	
0.06	7.42882 14.2599 2.27172	
0.07	7.43019 14.2635 2.26289	
0.08	7.43269 14.2641 2.25323	
0.09	7.43633 14.2617 2.24273	
0.1	7.43923 14.264 2.23197	
0.11	7.43978 14.2659 2.22636	
0.12	7.44377 14.2651 2.21506	
0.13	7.44417 14.2669 2.21007	
0.14	7.44627 14.2675 2.20238	
0.15	7.45132 14.2636 2.19079	
0.16	7.45207 14.2671 2.18485	
0.17	7.45522 14.2646 2.1768	
0.18	7.45539 14.268 2.17288	
0.19	7.45279 14.2694 2.17792	
0.2	7.4549 14.2683 2.17344	
0.21	7.4087 14.3036 2.25393	
0.22	7.37091 14.3371 2.32078	
0.23	7.36663 14.3414 2.32603	
0.24	7.36964 14.342 2.31617	
0.25	7.47718 14.2588 2.12498	
0.26	7.51227 14.2187 2.09703	
0.27	7.51667 14.1964 2.11833	
0.28	7.5055 14.2154 2.13812	
0.29	7.50236 14.2202 2.13785	
0.3	7.62945 13.7766 2.29067	
0.31	7.67605 13.4318 2.53737	
0.32	7.70936 12.965 2.86176	
0.33	7.75209 12.4444 3.47485	
0.34	7.82556 11.9726 4.02886	
0.35	8.03137 11.3911 4.42502	
0.36	8.40029 10.5722 4.46676	
0.37	9.18865 9.71083 4.29524	
0.38	10.2047 9.19092 4.35783	
0.39	11.2078 8.95445 4.56835	
0.4	11.9093 8.76356 4.90337	
0.41	12.2053 8.86182 5.5317	
0.42	12.428 9.14525 6.45489	
0.43	12.627 9.44751 7.42305	
0.44	12.9246 9.54724 7.96531	
0.45	13.1544 9.54416 8.02363	
0.46	13.4412 9.51139 8.0049	
0.47	13.731 9.32324 7.91279	
0.48	13.942 9.10083 7.94985	
0.49	14.0503 8.8151 8.01025	
0.5	14.0227 8.53704 8.16572	
0.51	13.6219 8.32269 8.2236	
0.52	13.1524 8.12908 8.08227	
0.53	12.8598 7.94382 7.92464	
0.54	12.7627 7.80834 7.79127	
0.55	12.708 7.6698 7.67964	
0.56	12.7154 7.50635 7.53462	
0.57	12.7606 7.32137 7.32795	
0.58	12.7978 7.12722 7.12965	
0.59	12.8245 7.00628 6.99758	
0.6	12.8277 6.93367 6.93284	
0.61	12.8238 6.89788 6.88698	
0.62	12.7819 6.8309 6.81835	
0.63	12.6651 6.79578 6.77814	
0.64	12.551 6.77045 6.70033	
0.65	12.4652 6.74225 6.63713	
0.66	12.4261 6.64821 6.51601	
0.67	12.3769 6.55537 6.36739	
0.68	12.3117 6.47677 6.2317	
0.69	12.2632 6.45782 6.14088	
0.7	12.2592 6.43797 6.09446	
0.71	12.2667 6.43817 6.05769	
0.72	12.239 6.45475 6.00352	
0.73	12.1923 6.46406 5.98863	
0.74	12.1169 6.4959 5.96761	
0.75	12.0565 6.48588 5.89623	
0.76	11.9977 6.47776 5.81087	
0.77	11.9446 6.48292 5.73864	
0.78	11.8842 6.50036 5.67723	
0.79	11.8663 6.52858 5.59821	
0.8	11.8677 6.54042 5.48087	
0.81	11.8729 6.54284 5.35274	
0.82	11.8819 6.573 5.2522	
0.83	11.9042 6.60552 5.16301	
0.84	11.9316 6.63118 5.11338	
0.85	11.9855 6.65113 5.07872	
0.86	11.9876 6.66586 5.06677	
0.87	11.9915 6.69687 5.03664	
0.88	11.9973 6.70466 4.98328	
0.89	12.0009 6.71291 4.93779	
0.9	12.0114 6.72203 4.88909	
0.91	12.0202 6.72007 4.83039	
0.92	12.0289 6.73279 4.79473	
0.93	12.0402 6.74647 4.76677	
0.94	12.0461 6.7556 4.74634	
0.95	12.0491 6.78441 4.72784	
0.96	12.0575 6.82199 4.71114	
0.97	12.0608 6.86418 4.66623	
0.98	12.0637 6.90912 4.63689	
0.99	12.0642 6.93092 4.58458	
1	12.0676 6.94489 4.53768	
1.01	12.0702 6.96451 4.49431	
1.02	12.0705 6.98044 4.45524	
1.03	12.0681 6.98881 4.41076	
1.04	12.0645 6.99522 4.37755	
1.05	12.065 7.02177 4.34198	
1.06	12.0651 7.04903 4.29502	
1.07	12.0631 7.05862 4.25051	
1.08	12.0658 7.08672 4.20637	
1.09	12.0663 7.16925 4.13902	
1.1	12.0639 7.22639 4.06597	
1.11	12.0733 7.27195 4.00207	
1.12	12.0797 7.30441 3.93903	
1.13	12.0773 7.33571 3.87892	
1.14	12.0863 7.36569 3.83057	
1.15	12.0927 7.38842 3.79745	
1.16	12.0927 7.41132 3.76923	
1.17	12.099 7.44288 3.75549	
1.18	12.1117 7.48653 3.74476	
1.19	12.1181 7.51966 3.73141	
1.2	12.118 7.54948 3.72382	
1.21	12.1243 7.58614 3.71508	
1.22	12.1267 7.63124 3.70707	
1.23	12.1291 7.67995 3.69828	
1.24	12.1501 7.73653 3.68862	
1.25	12.1771 7.78271 3.68695	
1.26	12.2078 7.80394 3.68316	
1.27	12.2288 7.81768 3.68354	
1.28	12.2471 7.83698 3.6799	
1.29	12.2653 7.85632 3.67629	
1.3	12.2858 7.8886 3.67261	
1.31	12.3097 7.91615 3.66733	
1.32	12.3705 7.95382 3.66137	
1.33	12.498 7.96688 3.66281	
1.34	12.6461 7.98426 3.6672	
1.35	12.7905 8.0095 3.66724	
1.36	12.9011 8.06225 3.66018	
1.37	12.9158 8.12 3.65112	
1.38	12.896 8.16215 3.64427	
1.39	12.8692 8.18097 3.63925	
1.4	12.8614 8.19657 3.63574	
1.41	12.853 8.22417 3.62987	
1.42	12.8507 8.26428 3.62193	
1.43	12.8477 8.31415 3.61214	
1.44	12.8474 8.34468 3.60364	
1.45	12.8444 8.37739 3.59728	
1.46	12.8417 8.40399 3.59216	
1.47	12.8367 8.44152 3.58236	
1.48	12.8333 8.48042 3.57516	
1.49	12.8335 8.51343 3.56147	
1.5	12.8306 8.55956 3.53231	
1.51	12.8273 8.59929 3.48875	
1.52	12.8232 8.63613 3.42491	
1.53	12.8211 8.65371 3.31224	
1.54	12.8162 8.66272 3.19804	
1.55	12.8139 8.66441 3.0878	
1.56	12.811 8.68372 3.00631	
1.57	12.8071 8.71166 2.93407	
1.58	12.8058 8.7406 2.86478	
1.59	12.8019 8.76617 2.81417	
1.6	12.799 8.79575 2.77382	
1.61	12.7967 8.82012 2.74467	
1.62	12.7925 8.85381 2.72504	
1.63	12.7903 8.87666 2.70679	
1.64	12.7877 8.91437 2.68658	
1.65	12.785 8.95437 2.67146	
1.66	12.7821 8.99665 2.66141	
1.67	12.7791 9.02139 2.65365	
1.68	12.7773 9.05099 2.6243	
1.69	12.7746 9.08413 2.6002	
1.7	12.771 9.12501 2.57036	
1.71	12.7681 9.15536 2.52575	
1.72	12.7637 9.18441 2.48169	
1.73	12.7603 9.2231 2.42608	
1.74	12.7645 9.25536 2.31009	
1.75	12.8305 9.25217 2.37044	
1.76	12.8214 9.30005 2.32965	
1.77	12.832 9.34273 2.37117	
1.78	12.8239 9.37823 2.36342	
1.79	12.8112 9.43013 2.34838	
1.8	12.8076 9.4941 2.34112	
1.81	12.8027 9.54474 2.32991	
1.82	12.795 9.57856 2.31232	
1.83	12.7934 9.60532 2.30921	
1.84	12.779 9.64442 2.27263	
1.85	12.7615 9.67925 2.21254	
1.86	12.7765 9.67767 2.20486	
1.87	12.7368 9.67392 2.10284	
1.88	12.7204 9.68091 2.0413	
1.89	12.7439 9.69482 1.98038	
1.9	12.7535 9.69635 1.92594	
1.91	12.7768 9.67172 1.85131	
1.92	12.7688 9.63304 1.81142	
1.93	12.7794 9.60796 1.74596	
1.94	12.7748 9.59812 1.63286	
1.95	12.7858 9.5767 1.4929	
1.96	12.7979 9.53626 1.36711	
1.97	12.8538 9.50623 1.27176	
1.98	12.8724 9.4966 1.09088	
1.99	12.7157 9.73309 0.846251	
2	12.7665 9.7335 0.792247	
2.01	12.7899 9.66782 0.77844	
2.02	12.8209 9.65948 0.677825	
2.03	12.928 9.64197 0.590159	
2.04	12.9458 9.57308 0.543334	
2.05	12.8828 9.55161 0.44183	
2.06	12.8234 9.55158 0.377937	
2.07	12.742 9.55469 0.321624	
2.08	12.6662 9.55141 0.2294	
2.09	12.5778 9.52836 0.069769	
2.1	12.4735 9.51952 -0.0395368	
2.11	12.407 9.51054 -0.246711	
2.12	12.3116 9.47909 -0.285304	
2.13	12.1771 9.45792 -0.450463	
2.14	12.094 9.43105 -0.486023	
2.15	11.9481 9.43067 -0.510643	
2.16	11.62 9.50608 -0.571007	
2.17	11.4175 9.47806 -0.540143	
2.18	11.1826 9.40044 -0.446375	
2.19	10.9256 9.31689 -0.439556	
2.2	10.7364 9.35203 -0.376712	
2.21	10.4828 9.41244 -0.30402	
2.22	10.2578 9.35895 -0.203949	
2.23	10.0248 9.33255 -0.0908002	
2.24	9.81092 9.39263 -0.0396173	
2.25	9.59786 9.40899 0.0634257	
2.26	9.21377 9.49118 0.30632	
2.27	8.76986 9.4339 0.569527	
2.28	8.7244 9.52803 0.630648	
2.29	8.54203 9.61383 0.840638	
2.3	8.50322 9.62782 0.960247	
2.31	8.40751 9.7809 1.39922	
2.32	8.28564 9.71282 1.66875	
2.33	8.24975 9.79786 2.41581	
2.34	8.25326 9.8741 2.71387	
2.35	8.27688 9.8999 2.81478	
2.36	8.30354 9.90405 2.94732	
2.37	8.35872 9.94393 3.15554	
2.38	8.53796 9.94326 3.21225	
2.39	8.77944 9.95269 3.28282	
2.4	8.88573 9.9585 3.41694	
2.41	8.91728 9.9243 3.46753	
2.42	8.95037 9.93078 3.54948	
2.43	8.98576 9.93726 3.65244	
2.44	9.0322 9.97543 3.7431	
2.45	9.00965 9.98339 3.73358	
2.46	8.91313 9.97141 3.40708	
2.47	8.85373 9.9315 2.86954	
2.48	8.78254 9.98413 2.07377	
2.49	8.90483 10.1214 1.55483	
2.5	9.32404 10.0984 0.702194	
2.51	9.60416 10.1381 0.304798	
2.52	9.79211 10.216 0.112927	
2.53	9.78496 10.279 -0.127767	
2.54	9.8341 10.2467 -0.339127	
2.55	9.80902 10.1827 -0.554467	
2.56	9.57582 10.0706 -0.489769	
2.57	9.35805 10.0719 -0.901024	
2.58	9.18562 10.1335 -0.8404	
2.59	8.98347 10.1239 -0.820488	
2.6	8.83905 10.1516 -0.688067	
2.61	8.70075 10.2005 -0.547604	
2.62	8.57773 10.2549 -0.385882	
2.63	8.46451 10.3096 -0.26891	
2.64	8.42947 10.3856 -0.0885443	
2.65	8.40781 10.4086 0.0716002	
2.66	8.35833 10.3672 0.498745	
2.67	8.43111 10.329 0.978821	
2.68	8.4109 10.3907 1.26904	
2.69	8.54161 10.4719 1.60899	
2.7	8.67111 10.1305 2.107	
2.71	8.94715 9.96793 2.72321	
2.72	8.94489 9.73231 2.73767	
2.73	9.0302 9.77697 3.03535	
2.74	9.19949 9.485 3.23057	
2.75	9.16608 9.259 3.38137	
2.76	9.24915 8.91223 3.64626	
2.77	9.28682 8.65569 3.79777	
2.78	9.22977 8.47417 4.05002	
2.79	9.23947 8.31157 4.2517	
2.8	8.94123 8.02329 4.41198	
2.81	8.97203 7.72305 5.18771	
2.82	9.04992 7.62669 5.7608	
2.83	8.94633 7.54254 6.57842	
2.84	8.76267 7.33749 6.96944	
2.85	8.67434 7.19129 6.64655	
2.86	8.6366 7.03661 6.23552	
2.87	8.78299 6.98341 6.42935	
2.88	9.07264 6.91345 6.58188	
2.89	9.21252 6.82402 6.58014	
2.9	9.38455 6.64428 6.38512	
2.91	9.66991 6.4366 6.33413	
2.92	10.0455 6.25583 6.61545	
2.93	10.4422 6.05911 6.87768	
2.94	10.8716 5.91222 6.97752	
2.95	11.3747 5.73363 6.96186	
2.96	11.7882 5.54363 7.01915	
2.97	12.1596 5.37255 7.10592	
2.98	12.4632 5.21965 7.13245	
2.99	12.6874 5.05135 7.10967	
3	12.8406 4.85666 7.00756	
3.01	12.8957 4.65139 6.97112	
3.02	12.8868 4.45653 6.97926	
3.03	12.7843 4.24681 6.98869	
3.04	12.5948 4.06305 7.05762	
3.05	12.3111 3.84926 7.13481	
3.06	12.1551 3.6478 7.24984	
3.07	12.0325 3.4775 7.27009	
3.08	12.0432 3.34055 7.21287	
3.09	12.0852 3.18881 7.15095	
3.1	12.1293 3.06203 7.12957	
3.11	12.1924 2.95088 7.18109	
3.12	12.182 2.8311 7.27893	
3.13	12.1492 2.72048 7.31634	
3.14	12.1443 2.56381 7.30938	
3.15	12.1189 2.3671 7.2758	
3.16	12.058 2.13923 7.30713	
3.17	11.9988 1.92053 7.36821	
3.18	11.9098 1.73351 7.47771	
3.19	11.8599 1.58782 7.42763	
3.2	11.8407 1.48591 7.31424	
3.21	11.758 1.39268 7.14729	
3.22	11.6106 1.37862 7.07615	
3.23	11.5591 1.43087 7.01262	
3.24	11.4371 1.4862 6.94827	
3.25	11.3648 1.54906 6.84307	
3.26	11.3587 1.63227 6.6897	
3.27	11.3919 1.71269 6.55829	
3.28	11.418 1.80076 6.47378	
3.29	11.5302 1.9018 6.39762	
3.3	11.5695 1.94046 6.34621	
3.31	11.5885 1.9411 6.3132	
3.32	11.6162 1.88969 6.23463	
3.33	11.7234 1.79387 6.08147	
3.34	11.7718 1.55966 6.05643	
3.35	11.7724 1.24176 6.27724	
3.36	11.6967 0.920163 6.56257	
3.37	11.6816 0.735068 6.74764	
3.38	11.6723 0.667063 6.81854	
3.39	11.6508 0.649816 6.8221	
3.4	11.5411 0.610913 6.82785	
3.41	11.4132 0.581181 6.80503	
3.42	11.3089 0.566542 6.77662	
3.43	11.2705 0.530463 6.69024	
3.44	11.24 0.526992 6.56628	
3.45	11.2344 0.515995 6.37439	
3.46	11.2356 0.49795 6.21054	
3.47	11.2544 0.510539 6.16153	
3.48	11.2544 0.522688 6.12151	
3.49	11.2576 0.55495 6.06203	
3.5	11.2586 0.637368 5.96173	
3.51	11.2685 0.744489 5.77051	
3.52	11.2767 0.816907 5.58872	
3.53	11.2788 0.897136 5.48725	
3.54	11.2861 0.989163 5.38918	
3.55	11.3011 1.09347 5.29076	
3.56	11.3091 1.21308 5.17771	
3.57	11.3224 1.32514 5.07355	
3.58	11.3668 1.42593 4.99462	
3.59	11.4036 1.50521 4.93292	
3.6	11.4902 1.60335 4.8598	
3.61	11.5507 1.68139 4.80281	
3.62	11.6344 1.75493 4.76191	
3.63	11.6612 1.83167 4.72173	
3.64	11.6818 1.90239 4.68132	
3.65	11.6677 1.96971 4.6347	
3.66	11.7294 2.05358 4.58736	
3.67	11.772 2.15108 4.52933	
3.68	11.851 2.22458 4.4478	
3.69	11.8951 2.28503 4.37148	
3.7	11.9481 2.33535 4.28343	
3.71	11.9826 2.35242 4.20838	
3.72	12.023 2.36272 4.13093	
3.73	12.0619 2.3628 4.08288	
3.74	12.0761 2.37298 4.03497	
3.75	12.1026 2.41585 3.97104	
3.76	12.133 2.47537 3.8229	
3.77	12.1847 2.58306 3.68709	
3.78	12.2171 2.63786 3.51805	
3.79	12.2301 2.6916 3.45314	
3.8	12.2322 2.72618 3.41897	
3.81	12.2487 2.79959 3.38295	
3.82	12.2654 2.87802 3.33664	
3.83	12.3099 2.99079 3.27465	
3.84	12.4833 3.16778 3.18606	
3.85	12.9377 3.30581 3.1368	
3.86	13.2236 3.39808 3.1022	
3.87	13.2079 3.43745 3.07303	
3.88	13.2053 3.48718 3.03559	
3.89	13.1861 3.53034 3.00542	
3.9	13.1361 3.54939 2.96369	
3.91	13.0139 3.56795 2.91769	
3.92	12.9029 3.64168 2.80754	
3.93	12.935 3.70065 2.67817	
3.94	12.9296 3.78369 2.48348	
3.95	12.9262 3.84145 2.27529	
3.96	12.9393 3.9299 2.19414	
3.97	12.9963 4.00191 2.21375	
3.98	13.0044 4.10379 2.15087	
3.99	13.0483 4.21365 2.17562	
4	13.0446 4.31741 2.06013	
4.01	13.0347 4.42336 1.95229	
4.02	13.0246 4.47026 1.73261	
4.03	12.8871 4.42515 1.07627	
4.04	12.9157 4.33543 0.726168	
4.05	12.4043 4.54711 0.415231	
4.06	11.3843 3.81624 -0.398048	
4.07	10.8794 4.11908 -0.882546	
4.08	10.766 4.12233 -0.889688	
4.09	10.4865 4.24409 -1.12989	
4.1	10.2226 4.34558 -1.15132	
4.11	9.90882 4.41404 -1.08452	
4.12	9.38658 4.51739 -0.791648	
4.13	9.03567 4.59814 -0.517051	
4.14	8.84578 4.64043 -0.324037	
4.15	8.7457 4.7278 -0.22989	
4.16	8.49142 4.78961 -0.202293	
4.17	8.23682 4.85706 0.11556	
4.18	8.01065 4.91979 0.43988	
4.19	7.94153 4.80601 0.486817	
4.2	7.83737 4.74602 2.73614	
4.21	8.65356 4.66384 4.22427	
4.22	8.26636 12.0891 5.80267	
4.23	8.22275 12.8523 5.625	
4.24	8.06654 13.6287 5.69062	
4.25	7.79243 14.5484 5.35236	
4.26	7.7764 14.7817 5.10439	
4.27	7.82145 16.1068 5.08022	
4.28	7.81629 16.0925 5.07823	
4.29	7.80822 16.0729 5.07649	
4.3	7.80766 16.06 5.08008	
4.31	7.8336 16.0915 5.08555	
4.32	7.81874 16.044 5.09687	
4.33	7.82081 16.0322 5.10351	
4.34	7.82462 16.021 5.11213	
4.35	7.78317 15.9896 5.0731	
4.36	7.76577 15.9646 5.06203	
4.37	7.76259 15.9535 5.06103	
4.38	7.76775 15.9463 5.06928	
4.39	7.769 15.9342 5.07557	
4.4	7.77497 15.9369 5.0781	
4.41	7.77558 15.9287 5.08091	
4.42	7.77617 15.9228 5.08214	
4.43	7.78193 15.9142 5.09255	
4.44	7.78233 15.9088 5.09338	
4.45	7.78692 15.9053 5.09878	
4.46	7.7876 15.8969 5.10223	
4.47	7.78956 15.8926 5.10477	
4.48	7.79247 15.8836 5.11172	
4.49	7.7968 15.8831 5.11512	
