# Gnuplot File : velocities of 1 particle(s) Monitored
# 1st Column : time, others : particle(s) number 0 
0.01	1.85104e-17 0 -0.019274	
0.02	0.0615671 0.0944548 5.68511	
0.03	0.060122 0.0917703 5.46123	
0.04	0.0528606 0.083725 5.24367	
0.05	0.0496335 0.0794682 5.0335	
0.06	0.0466171 0.0754528 4.831	
0.07	0.0470825 0.0747102 4.63539	
0.08	0.0424136 0.0692357 4.44541	
0.09	0.0417448 0.0675403 4.26629	
0.1	0.0375515 0.0625889 4.0899	
0.11	0.034226 0.0585074 3.92401	
0.12	0.0322049 0.0556588 3.76197	
0.13	0.0303127 0.0529653 3.60582	
0.14	0.0410259 0.0769962 3.5909	
0.15	0.0465427 0.0806096 3.43985	
0.16	-0.112539 -0.0663942 3.31664	
0.17	0.0453726 -0.0425185 5.68146	
0.18	-0.0400851 -0.131443 5.46359	
0.19	-0.2766 -0.383387 5.25935	
0.2	-0.208723 -0.465232 5.9052	
0.21	-0.205285 -0.455547 5.72871	
0.22	-0.272306 -0.529836 5.58386	
0.23	-0.40477 -0.677769 5.36244	
0.24	-0.598336 -0.895565 5.09641	
0.25	-0.840377 -1.16756 4.7654	
0.26	-1.16676 -1.53071 4.24349	
0.27	-1.32828 -1.69674 3.63637	
0.28	-1.34361 -1.69488 3.12242	
0.29	-1.30958 -1.63923 2.71083	
0.3	-1.24962 -1.55412 2.32461	
0.31	-1.18347 -1.46476 2.01282	
0.32	-1.12347 -1.38449 1.7479	
0.33	-1.07861 -1.32239 1.49315	
0.34	-1.01791 -1.24219 1.25146	
0.35	-0.958086 -1.16086 0.958066	
0.36	-0.899636 -1.08086 0.658646	
0.37	-0.82877 -0.989255 0.432498	
0.38	-0.75689 -0.898759 0.263227	
0.39	-0.690383 -0.816888 0.151132	
0.4	-0.63068 -0.744515 0.0765732	
0.41	-0.565489 -0.666358 0.0187907	
0.42	-0.516397 -0.607739 -0.0228863	
0.43	-0.490676 -0.577509 -0.0407746	
0.44	-0.463927 -0.54618 -0.0554362	
0.45	-0.444157 -0.522884 -0.0734115	
0.46	-0.427778 -0.503627 -0.0894305	
0.47	-0.411229 -0.484061 -0.107556	
0.48	-0.394737 -0.464505 -0.126514	
0.49	-0.379775 -0.446713 -0.145775	
0.5	-0.364659 -0.429028 -0.157497	
0.51	-0.348349 -0.410102 -0.164817	
0.52	-0.333634 -0.392797 -0.177813	
0.53	-0.321173 -0.378194 -0.188998	
0.54	-0.309258 -0.364308 -0.197917	
0.55	-0.297144 -0.350198 -0.206191	
0.56	-0.286933 -0.338381 -0.212645	
0.57	-0.275353 -0.325016 -0.217232	
0.58	-0.264554 -0.31254 -0.222134	
0.59	-0.254687 -0.301223 -0.22509	
0.6	-0.246543 -0.291763 -0.231775	
0.61	-0.239573 -0.283489 -0.242815	
0.62	-0.231399 -0.273575 -0.259046	
0.63	-0.223433 -0.264066 -0.271067	
0.64	-0.214442 -0.253433 -0.280821	
0.65	-0.206202 -0.243745 -0.288779	
0.66	-0.198849 -0.234916 -0.300897	
0.67	-0.191536 -0.226333 -0.307865	
0.68	-0.183282 -0.216666 -0.314111	
0.69	-0.176487 -0.208775 -0.318563	
0.7	-0.169671 -0.200696 -0.326736	
0.71	-0.163068 -0.192943 -0.33283	
0.72	-0.156462 -0.185149 -0.339645	
0.73	-0.150669 -0.178325 -0.345847	
0.74	-0.145206 -0.171888 -0.351872	
0.75	-0.139721 -0.165361 -0.35926	
0.76	-0.134662 -0.159385 -0.365209	
0.77	-0.129071 -0.152758 -0.371619	
0.78	-0.124237 -0.147018 -0.377903	
0.79	-0.119309 -0.141196 -0.383306	
0.8	-0.115086 -0.136185 -0.388964	
0.81	-0.11068 -0.131036 -0.392599	
0.82	-0.106663 -0.126288 -0.397422	
0.83	-0.102746 -0.121662 -0.402012	
0.84	-0.0988486 -0.117082 -0.405879	
0.85	-0.0947579 -0.112335 -0.408152	
0.86	-0.0912182 -0.108163 -0.412045	
0.87	-0.0878733 -0.104213 -0.415971	
0.88	0.070231 -0.000891643 -0.185132	
0.89	1.35052 -0.473832 3.06898	
0.9	1.83217 -0.60582 4.27691	
0.91	1.76384 -0.583079 4.10484	
0.92	1.69714 -0.560803 3.94048	
0.93	1.63159 -0.538805 3.78445	
0.94	1.56997 -0.518217 3.63381	
0.95	1.84291 -1.06504 4.70113	
0.96	2.95851 -2.72648 8.79167	
0.97	3.27831 -3.31525 10.1028	
0.98	3.86497 -4.21137 12.3149	
0.99	4.07062 -4.44782 12.9276	
1	4.69106 -4.68486 14.4487	
1.01	5.19919 -4.70876 15.5157	
1.02	5.41035 -4.57847 15.7464	
1.03	5.53611 -4.38477 15.8297	
1.04	5.72067 -4.18243 15.9643	
1.05	6.0268 -3.9807 16.4392	
1.06	6.63689 -3.88258 17.7463	
1.07	7.46698 -4.07228 20.0443	
1.08	8.59477 -4.68938 23.4581	
1.09	9.19553 -5.09824 25.3824	
1.1	9.37547 -5.24182 25.7233	
1.11	10.3459 -5.98361 29.0358	
1.12	10.0415 -5.79609 27.9065	
1.13	10.6076 -6.21765 29.9276	
1.14	10.816 -6.36671 30.6458	
1.15	11.272 -6.6607 32.3153	
1.16	11.5034 -6.80177 33.1824	
1.17	11.1521 -6.58241 31.9074	
1.18	10.7876 -6.36019 30.6977	
1.19	10.4038 -6.13236 29.5543	
1.2	-8.57097 -8.21856 10.6216	
1.21	-8.189 -7.26175 9.83596	
1.22	-7.92165 -6.95343 9.46837	
1.23	-7.65877 -6.65095 9.10786	
1.24	-7.37289 -6.37238 8.73813	
1.25	-7.0868 -6.09056 8.36826	
1.26	-6.81478 -5.79942 8.00785	
1.27	-6.56099 -5.49697 7.65959	
1.28	-6.31959 -5.20761 7.32737	
1.29	-6.06842 -4.93535 6.99423	
1.3	-5.83572 -4.62544 6.66386	
1.31	-1.01451 2.05319 -22.8122	
1.32	-0.258196 6.06182 -2.81492	
1.33	-3.49812 6.82538 -5.13326	
1.34	-2.9888 7.74695 -5.45172	
1.35	-2.81467 7.82248 -5.26264	
1.36	2.67213 6.17567 -4.3181	
1.37	-0.0495524 7.18779 -5.84753	
1.38	-1.26504 7.23141 -4.96978	
1.39	-1.23181 7.07749 -4.95577	
1.4	-1.19032 6.93776 -4.93483	
1.41	-0.640628 7.05743 -5.80464	
1.42	-0.649762 6.81297 -5.70516	
1.43	-3.05268 6.3214 -4.38899	
1.44	-4.05276 6.55215 -3.79108	
1.45	-4.13661 6.45056 -3.52763	
1.46	-3.94968 6.2656 -3.39871	
1.47	-4.32807 6.25258 -3.04084	
1.48	-19.112 12.2996 0.467266	
1.49	-18.0718 12.2268 0.71126	
1.5	-14.2673 10.6047 -5.5173	
1.51	-2.18919 7.46838 -11.3585	
1.52	-0.127958 6.78623 -17.2688	
1.53	2.94835 18.9634 -20.964	
1.54	-1.49096 16.3228 -23.512	
1.55	7.22079 17.9723 -23.8608	
1.56	-2.02173 7.2154 -26.277	
1.57	21.5116 -4.81188 28.136	
1.58	5.64797 -22.8023 -1.54299	
1.59	6.10593 -20.8916 0.44915	
1.6	5.87159 -19.8733 5.17889	
1.61	0.826836 -18.4748 6.29933	
1.62	0.716817 -17.8913 6.21544	
1.63	0.646335 -17.2983 6.05913	
1.64	0.615874 -16.6589 5.84042	
1.65	0.621846 -16.0669 5.537	
1.66	0.747212 -15.1854 5.05771	
1.67	0.895952 -13.9649 4.64851	
1.68	1.17008 -12.0426 4.18097	
1.69	1.48271 -9.92235 3.70047	
1.7	1.8138 -7.8023 3.1906	
1.71	2.11464 -5.61344 2.7901	
1.72	2.34766 -3.70767 2.47504	
1.73	2.49715 -1.90566 2.34059	
1.74	2.53866 -0.3326 2.40455	
1.75	2.62928 1.32429 2.39009	
1.76	2.69549 2.78869 2.38419	
1.77	2.7085 3.98154 2.42997	
1.78	2.69541 5.00995 2.49654	
1.79	2.66218 5.87594 2.5698	
1.8	2.60705 6.55205 2.64475	
1.81	2.52949 6.9591 2.69673	
1.82	2.44635 7.21989 2.72451	
1.83	2.3312 7.29445 2.77832	
1.84	2.21361 7.24122 2.8057	
1.85	2.10942 7.08498 2.77629	
1.86	2.00492 6.89198 2.74404	
1.87	1.9142 6.66872 2.67695	
1.88	1.83329 6.43983 2.5922	
1.89	1.76649 6.20852 2.48024	
1.9	1.67861 5.98762 2.42944	
1.91	1.60365 5.76829 2.35503	
1.92	1.55106 5.54797 2.23323	
1.93	1.50222 5.3384 2.11232	
1.94	1.44369 5.13948 2.02432	
1.95	1.38254 4.95272 1.95252	
1.96	1.32629 4.77337 1.87708	
1.97	1.27891 4.59905 1.78748	
1.98	1.23757 4.4308 1.69069	
1.99	1.19679 4.26706 1.59916	
2	1.16077 4.10762 1.50254	
2.01	1.12165 3.9558 1.4206	
2.02	1.0831 3.80992 1.34382	
2.03	1.04496 3.67105 1.27277	
2.04	1.00781 3.53622 1.20491	
2.05	0.969929 3.40935 1.14549	
2.06	0.932167 3.28536 1.0907	
2.07	0.893153 3.16919 1.04526	
2.08	0.857986 3.05591 0.995209	
2.09	0.825944 2.94525 0.942054	
2.1	0.802793 2.83635 0.871535	
2.11	0.775514 2.73021 0.815123	
2.12	0.744368 2.63107 0.773444	
2.13	0.713831 2.53622 0.734754	
2.14	0.690099 2.4432 0.683266	
2.15	0.666766 2.35323 0.634649	
2.16	0.64475 2.26603 0.58651	
2.17	0.622219 2.17908 0.542331	
2.18	0.601339 2.09514 0.497711	
2.19	0.58269 2.0137 0.450994	
2.2	0.563207 1.93641 0.409988	
2.21	0.543372 1.86174 0.372954	
2.22	0.522751 1.79084 0.341225	
2.23	0.505916 1.72108 0.302888	
2.24	0.485727 1.65141 0.27468	
2.25	0.465733 1.58574 0.249257	
2.26	0.447722 1.52156 0.221454	
2.27	0.431601 1.46216 0.192481	
2.28	0.417034 1.40629 0.162677	
2.29	0.400685 1.35218 0.139416	
2.3	0.387223 1.30101 0.111806	
2.31	0.37368 1.24995 0.0860042	
2.32	0.35727 1.19783 0.0682641	
2.33	0.341857 1.14508 0.0493897	
2.34	0.327866 1.09428 0.0291406	
2.35	0.314915 1.04377 0.00784952	
2.36	0.302068 0.998082 -0.0108291	
2.37	0.29186 0.955945 -0.0334357	
2.38	0.282046 0.916208 -0.0549974	
2.39	0.272776 0.880364 -0.0754351	
2.4	0.263761 0.848092 -0.0942019	
2.41	0.255493 0.815943 -0.113636	
2.42	0.246789 0.786169 -0.130205	
2.43	0.238875 0.7577 -0.147237	
2.44	0.230502 0.729822 -0.162004	
2.45	0.222118 0.703853 -0.175187	
2.46	0.215025 0.677044 -0.19084	
2.47	0.20877 0.650846 -0.207432	
2.48	0.202124 0.627043 -0.221474	
2.49	0.19455 0.604377 -0.232109	
2.5	0.446733 0.368107 0.499962	
2.51	6.93724 -3.66661 20.3259	
2.52	6.72111 -3.54333 19.5368	
2.53	11.8562 -6.73159 35.0971	
2.54	11.4657 -6.49901 33.7704	
2.55	11.0966 -6.27687 32.483	
2.56	10.7586 -6.06816 31.2297	
2.57	10.4232 -5.79768 30.004	
2.58	5.91732 0.195043 17.0316	
2.59	2.36699 10.019 4.22472	
2.6	2.32877 9.64131 4.00446	
2.61	2.35038 9.25859 3.73298	
2.62	2.3937 8.87752 3.44551	
2.63	2.48059 8.47951 3.11291	
2.64	2.59972 8.05031 2.73588	
2.65	2.64671 7.64098 2.43082	
2.66	2.66676 7.24819 2.15856	
2.67	4.1351 4.60334 3.85956	
2.68	4.09534 4.35606 3.48651	
2.69	22.9326 -5.64022 -5.80802	
2.7	-6.91566 2.11829 -3.3246	
2.71	-4.50884 1.62742 -0.549062	
2.72	-3.10316 1.80723 2.38663	
2.73	-3.41081 2.17884 1.53964	
2.74	-3.20742 1.97032 1.88942	
2.75	-7.96647 4.6481 -0.378173	
2.76	-7.66741 4.34236 0.027639	
2.77	-7.20678 4.00384 0.425682	
2.78	-6.67309 3.59662 0.905115	
2.79	-6.26479 3.21901 1.40128	
2.8	-5.62817 2.74369 1.86754	
2.81	0.725383 0.562008 -8.80604	
2.82	2.69065 0.166262 -17.7319	
2.83	-0.690201 -1.402 -22.3178	
2.84	-7.92964 4.97182 -34.7033	
2.85	-12.1662 8.63422 -28.697	
2.86	-6.91168 -0.97782 -38.5905	
2.87	-4.0224 -11.1239 -44.0244	
2.88	-3.67071 -25.4479 -6.43236	
2.89	-2.24658 -13.9271 -6.80614	
2.9	-7.14787 -19.4628 -15.9573	
2.91	0.390836 -4.96242 9.906	
2.92	3.00746 -11.7108 1.39985	
2.93	3.47817 -10.5849 2.83229	
2.94	5.06193 -9.08874 6.4004	
2.95	4.85906 -8.71048 6.15265	
2.96	4.58063 -8.21356 5.96588	
2.97	4.3739 -7.79439 5.7296	
2.98	4.17421 -7.31901 5.46986	
2.99	3.92614 -6.68951 5.21667	
3	3.63722 -5.89221 4.95312	
3.01	3.33784 -4.97732 4.66056	
3.02	3.09187 -4.09829 4.32209	
3.03	2.90011 -3.294 3.95404	
3.04	2.62544 -2.43136 3.68129	
3.05	2.28476 -1.55632 3.50157	
3.06	1.99804 -0.958082 3.38399	
3.07	1.82317 -0.666933 3.26352	
3.08	1.72654 -0.52813 3.11469	
3.09	1.68097 -0.467134 2.94002	
3.1	1.63031 -0.455009 2.80217	
3.11	1.57223 -0.439017 2.67994	
3.12	-1.32163 -0.460976 11.9417	
3.13	-1.319 -0.39051 11.2174	
3.14	-1.49525 -0.608629 10.4583	
3.15	-0.922122 -1.60902 9.79405	
3.16	0.718303 2.72392 7.79999	
3.17	1.16333 2.78851 7.71108	
3.18	0.863203 1.93793 8.60139	
3.19	0.850219 1.87197 8.27541	
3.2	0.807562 1.801 7.95167	
3.21	0.867442 1.75844 7.67449	
3.22	1.11981 1.76099 7.45816	
3.23	1.49169 1.77933 7.24963	
3.24	1.53422 1.73097 6.97834	
3.25	1.46615 1.66651 6.70551	
3.26	1.28081 1.5829 6.42516	
3.27	1.18702 1.51593 6.16311	
