# Gnuplot File : velocities of 1 particle(s) Monitored
# 1st Column : time, others : particle(s) number 0 
0.01	0 0 -0.0737101	
0.02	0 0 -0.134079	
0.03	0 0 -0.183521	
0.04	0 0 -0.224014	
0.05	0 0 -0.257177	
0.06	0 0 -0.284339	
0.07	0 0 -0.306584	
0.08	0 0 -0.324802	
0.09	0 0 -0.339723	
0.1	0 0 -0.351944	
0.11	0 0 -0.361952	
0.12	0 0 -0.370149	
0.13	3.57985e-16 0 -0.376863	
0.14	2.93132e-16 0 -0.382361	
0.15	2.40075e-16 0 -0.386864	
0.16	1.96622e-16 0 -0.390552	
0.17	1.60379e-16 0 -0.393572	
0.18	1.31351e-16 0 -0.396046	
0.19	1.08015e-16 0 -0.398072	
0.2	8.81053e-17 0 -0.399732	
0.21	7.21726e-17 0 -0.401091	
0.22	5.93387e-17 0 -0.402204	
0.23	4.83973e-17 0 -0.403115	
0.24	3.96405e-17 0 -0.403862	
0.25	3.24656e-17 0 -0.404473	
0.26	2.66978e-17 0 -0.404974	
0.27	2.18638e-17 0 -0.405384	
0.28	1.79079e-17 0 -0.40572	
0.29	3.72654e-16 0 -0.405995	
0.3	6.63189e-16 0 -0.40622	
0.31	6.63058e-16 0 -0.40622	
0.32	6.63058e-16 0 -0.40622	
0.33	6.63058e-16 0 -0.40622	
0.34	6.63058e-16 0 -0.40622	
0.35	6.60365e-16 0 -0.40622	
0.36	6.63058e-16 0 -0.40622	
0.37	6.63006e-16 0 -0.40622	
0.38	6.63006e-16 0 -0.40622	
0.39	6.63058e-16 0 -0.40622	
0.4	6.60365e-16 0 -0.40622	
0.41	6.63058e-16 0 -0.40622	
0.42	6.63058e-16 0 -0.40622	
0.43	6.63058e-16 0 -0.40622	
0.44	6.63006e-16 0 -0.40622	
0.45	6.63137e-16 0 -0.40622	
0.46	6.63137e-16 0 -0.40622	
0.47	6.63058e-16 0 -0.40622	
0.48	6.63058e-16 0 -0.40622	
0.49	6.60365e-16 0 -0.40622	
0.5	6.63058e-16 0 -0.40622	
0.51	6.63006e-16 0 -0.40622	
0.52	6.63058e-16 0 -0.40622	
0.53	6.63058e-16 0 -0.40622	
0.54	6.63058e-16 0 -0.40622	
0.55	6.63006e-16 0 -0.40622	
0.56	6.63058e-16 0 -0.40622	
0.57	6.63189e-16 0 -0.40622	
0.58	6.63058e-16 0 -0.40622	
0.59	6.63058e-16 0 -0.40622	
0.6	6.63058e-16 0 -0.40622	
0.61	6.60365e-16 0 -0.40622	
0.62	6.63006e-16 0 -0.40622	
0.63	6.63058e-16 0 -0.40622	
0.64	6.60365e-16 0 -0.40622	
0.65	6.63006e-16 0 -0.40622	
0.66	6.63058e-16 0 -0.40622	
0.67	6.63058e-16 0 -0.40622	
0.68	6.63058e-16 0 -0.40622	
0.69	6.63058e-16 0 -0.40622	
0.7	6.60418e-16 0 -0.40622	
0.71	6.63058e-16 0 -0.40622	
0.72	6.63058e-16 0 -0.40622	
0.73	6.63058e-16 0 -0.40622	
0.74	6.63006e-16 0 -0.40622	
0.75	6.63058e-16 0 -0.40622	
0.76	6.60365e-16 0 -0.40622	
0.77	6.63006e-16 0 -0.40622	
0.78	6.63058e-16 0 -0.40622	
0.79	6.63189e-16 0 -0.40622	
0.8	6.60365e-16 0 -0.40622	
0.81	6.63058e-16 0 -0.40622	
0.82	6.60365e-16 0 -0.40622	
0.83	6.63058e-16 0 -0.40622	
0.84	6.63006e-16 0 -0.40622	
0.85	6.63189e-16 0 -0.40622	
0.86	6.60365e-16 0 -0.40622	
0.87	6.63058e-16 0 -0.40622	
0.88	6.60365e-16 0 -0.40622	
0.89	6.60365e-16 0 -0.40622	
0.9	6.63006e-16 0 -0.40622	
0.91	6.63058e-16 0 -0.40622	
0.92	6.63137e-16 0 -0.40622	
0.93	6.63058e-16 0 -0.40622	
0.94	6.63058e-16 0 -0.40622	
0.95	6.60365e-16 0 -0.40622	
0.96	6.63058e-16 0 -0.40622	
0.97	6.60365e-16 0 -0.40622	
0.98	6.60365e-16 0 -0.40622	
0.99	6.63137e-16 0 -0.40622	
1	6.63058e-16 0 -0.40622	
1.01	6.63058e-16 0 -0.40622	
1.02	6.60418e-16 0 -0.40622	
1.03	6.63006e-16 0 -0.40622	
1.04	6.63137e-16 0 -0.40622	
1.05	6.63058e-16 0 -0.40622	
1.06	6.60365e-16 0 -0.40622	
1.07	6.60365e-16 0 -0.40622	
1.08	6.60365e-16 0 -0.40622	
1.09	6.63058e-16 0 -0.40622	
1.1	6.60365e-16 0 -0.40622	
1.11	6.63058e-16 0 -0.40622	
1.12	6.63058e-16 0 -0.40622	
1.13	6.60365e-16 0 -0.40622	
1.14	6.63058e-16 0 -0.40622	
1.15	6.63058e-16 0 -0.40622	
1.16	6.63058e-16 0 -0.40622	
1.17	6.63058e-16 0 -0.40622	
1.18	6.63058e-16 0 -0.40622	
1.19	6.63058e-16 0 -0.40622	
1.2	6.60365e-16 0 -0.40622	
1.21	6.60365e-16 0 -0.40622	
1.22	6.60365e-16 0 -0.40622	
1.23	6.60365e-16 0 -0.40622	
1.24	6.63058e-16 0 -0.40622	
1.25	6.63058e-16 0 -0.40622	
1.26	6.60365e-16 0 -0.40622	
1.27	6.60365e-16 0 -0.40622	
1.28	6.63058e-16 0 -0.40622	
1.29	6.63058e-16 0 -0.40622	
1.3	6.63058e-16 0 -0.40622	
1.31	6.63058e-16 0 -0.40622	
1.32	6.60234e-16 0 -0.40622	
1.33	6.63058e-16 0 -0.40622	
1.34	6.63006e-16 0 -0.40622	
1.35	6.63189e-16 0 -0.40622	
1.36	6.63058e-16 0 -0.40622	
1.37	6.60313e-16 0 -0.40622	
1.38	6.63058e-16 0 -0.40622	
1.39	6.63006e-16 0 -0.40622	
1.4	6.63058e-16 0 -0.40622	
1.41	6.60365e-16 0 -0.40622	
1.42	6.63006e-16 0 -0.40622	
1.43	6.63058e-16 0 -0.40622	
1.44	6.63058e-16 0 -0.40622	
1.45	6.60365e-16 0 -0.40622	
1.46	6.63058e-16 0 -0.40622	
1.47	6.63006e-16 0 -0.40622	
1.48	6.63137e-16 0 -0.40622	
1.49	6.60496e-16 0 -0.40622	
1.5	6.60365e-16 0 -0.40622	
1.51	6.60365e-16 0 -0.40622	
1.52	6.60365e-16 0 -0.40622	
1.53	6.63058e-16 0 -0.40622	
1.54	6.60418e-16 0 -0.40622	
1.55	6.60365e-16 0 -0.40622	
1.56	6.63058e-16 0 -0.40622	
1.57	6.63058e-16 0 -0.40622	
1.58	6.63058e-16 0 -0.40622	
1.59	6.60365e-16 0 -0.40622	
1.6	6.60313e-16 0 -0.40622	
1.61	6.60365e-16 0 -0.40622	
1.62	6.63058e-16 0 -0.40622	
1.63	6.63058e-16 0 -0.40622	
1.64	6.60418e-16 0 -0.40622	
1.65	6.63058e-16 0 -0.40622	
1.66	6.63058e-16 0 -0.40622	
1.67	6.60365e-16 0 -0.40622	
1.68	6.63058e-16 0 -0.40622	
1.69	6.63058e-16 0 -0.40622	
1.7	6.60365e-16 0 -0.40622	
1.71	6.60365e-16 0 -0.40622	
1.72	6.60496e-16 0 -0.40622	
1.73	6.63058e-16 0 -0.40622	
1.74	6.63058e-16 0 -0.40622	
1.75	6.60496e-16 0 -0.40622	
1.76	6.63058e-16 0 -0.40622	
1.77	6.60365e-16 0 -0.40622	
1.78	6.63006e-16 0 -0.40622	
1.79	6.63058e-16 0 -0.40622	
1.8	6.63058e-16 0 -0.40622	
1.81	6.63058e-16 0 -0.40622	
1.82	6.60365e-16 0 -0.40622	
1.83	6.63058e-16 0 -0.40622	
1.84	6.63058e-16 0 -0.40622	
1.85	6.63058e-16 0 -0.40622	
1.86	6.60365e-16 0 -0.40622	
1.87	6.63058e-16 0 -0.40622	
1.88	6.60365e-16 0 -0.40622	
1.89	6.63058e-16 0 -0.40622	
1.9	6.63058e-16 0 -0.40622	
1.91	6.60365e-16 0 -0.40622	
1.92	6.60365e-16 0 -0.40622	
1.93	6.60365e-16 0 -0.40622	
1.94	6.60365e-16 0 -0.40622	
1.95	6.63058e-16 0 -0.40622	
1.96	6.63137e-16 0 -0.40622	
1.97	6.63006e-16 0 -0.40622	
1.98	6.63058e-16 0 -0.40622	
1.99	6.60365e-16 0 -0.40622	
2	6.60313e-16 0 -0.40622	
2.01	6.63058e-16 0 -0.40622	
2.02	6.63058e-16 0 -0.40622	
2.03	6.63058e-16 0 -0.40622	
2.04	6.63058e-16 0 -0.40622	
2.05	6.60365e-16 0 -0.40622	
2.06	6.63006e-16 0 -0.40622	
2.07	6.60365e-16 0 -0.40622	
2.08	6.63006e-16 0 -0.40622	
2.09	6.63137e-16 0 -0.40622	
2.1	6.60365e-16 0 -0.40622	
2.11	6.60365e-16 0 -0.40622	
2.12	6.60365e-16 0 -0.40622	
2.13	6.60365e-16 0 -0.40622	
2.14	6.63058e-16 0 -0.40622	
2.15	6.60365e-16 0 -0.40622	
2.16	6.60365e-16 0 -0.40622	
2.17	6.63058e-16 0 -0.40622	
2.18	6.63058e-16 0 -0.40622	
2.19	6.63006e-16 0 -0.40622	
2.2	6.60418e-16 0 -0.40622	
2.21	6.60365e-16 0 -0.40622	
2.22	6.60365e-16 0 -0.40622	
2.23	6.63058e-16 0 -0.40622	
2.24	6.63189e-16 0 -0.40622	
2.25	6.60365e-16 0 -0.40622	
2.26	6.60365e-16 0 -0.40622	
2.27	6.60365e-16 0 -0.40622	
2.28	6.63006e-16 0 -0.40622	
2.29	6.63189e-16 0 -0.40622	
2.3	6.60365e-16 0 -0.40622	
2.31	6.60365e-16 0 -0.40622	
2.32	6.60365e-16 0 -0.40622	
2.33	6.63058e-16 0 -0.40622	
2.34	6.63058e-16 0 -0.40622	
2.35	6.60365e-16 0 -0.40622	
2.36	6.60365e-16 0 -0.40622	
2.37	6.60365e-16 0 -0.40622	
2.38	6.60365e-16 0 -0.40622	
2.39	6.63137e-16 0 -0.40622	
2.4	6.63058e-16 0 -0.40622	
2.41	6.63058e-16 0 -0.40622	
2.42	6.63189e-16 0 -0.40622	
2.43	6.60418e-16 0 -0.40622	
2.44	6.63058e-16 0 -0.40622	
2.45	6.63058e-16 0 -0.40622	
2.46	6.60365e-16 0 -0.40622	
2.47	6.60365e-16 0 -0.40622	
2.48	6.63058e-16 0 -0.40622	
2.49	6.63111e-16 0 -0.40622	
2.5	6.60365e-16 0 -0.40622	
2.51	6.60365e-16 0 -0.40622	
2.52	6.60365e-16 0 -0.40622	
2.53	6.63058e-16 0 -0.40622	
2.54	6.63058e-16 0 -0.40622	
2.55	6.60365e-16 0 -0.40622	
2.56	6.63189e-16 0 -0.40622	
2.57	6.60365e-16 0 -0.40622	
2.58	6.60365e-16 0 -0.40622	
2.59	6.63006e-16 0 -0.40622	
2.6	6.63189e-16 0 -0.40622	
2.61	6.63058e-16 0 -0.40622	
2.62	6.60365e-16 0 -0.40622	
2.63	6.60365e-16 0 -0.40622	
2.64	6.60365e-16 0 -0.40622	
2.65	6.63058e-16 0 -0.40622	
2.66	6.60365e-16 0 -0.40622	
2.67	6.63058e-16 0 -0.40622	
2.68	6.60365e-16 0 -0.40622	
2.69	6.60365e-16 0 -0.40622	
2.7	6.63189e-16 0 -0.40622	
2.71	6.63058e-16 0 -0.40622	
2.72	6.63058e-16 0 -0.40622	
2.73	6.60365e-16 0 -0.40622	
2.74	6.60365e-16 0 -0.40622	
2.75	6.63189e-16 0 -0.40622	
2.76	6.63058e-16 0 -0.40622	
2.77	6.60418e-16 0 -0.40622	
2.78	6.60418e-16 0 -0.40622	
2.79	6.63058e-16 0 -0.40622	
2.8	6.63189e-16 0 -0.40622	
2.81	6.63058e-16 0 -0.40622	
2.82	6.63006e-16 0 -0.40622	
2.83	6.63006e-16 0 -0.40622	
2.84	6.60365e-16 0 -0.40622	
2.85	6.60365e-16 0 -0.40622	
2.86	6.6298e-16 0 -0.40622	
2.87	6.63058e-16 0 -0.40622	
2.88	6.63058e-16 0 -0.40622	
2.89	6.63058e-16 0 -0.40622	
2.9	6.60365e-16 0 -0.40622	
2.91	6.63058e-16 0 -0.40622	
2.92	6.63058e-16 0 -0.40622	
2.93	6.63058e-16 0 -0.40622	
2.94	6.60365e-16 0 -0.40622	
2.95	6.60365e-16 0 -0.40622	
2.96	6.60365e-16 0 -0.40622	
2.97	6.63058e-16 0 -0.40622	
2.98	6.60365e-16 0 -0.40622	
2.99	6.63189e-16 0 -0.40622	
3	6.60365e-16 0 -0.40622	
3.01	6.63058e-16 0 -0.40622	
3.02	6.60365e-16 0 -0.40622	
3.03	6.60365e-16 0 -0.40622	
3.04	6.60365e-16 0 -0.40622	
3.05	6.63058e-16 0 -0.40622	
3.06	6.63189e-16 0 -0.40622	
3.07	6.60365e-16 0 -0.40622	
3.08	6.60365e-16 0 -0.40622	
3.09	6.63058e-16 0 -0.40622	
3.1	6.63058e-16 0 -0.40622	
3.11	6.63058e-16 0 -0.40622	
3.12	6.63137e-16 0 -0.40622	
3.13	6.63189e-16 0 -0.40622	
3.14	6.63058e-16 0 -0.40622	
3.15	6.60365e-16 0 -0.40622	
3.16	6.60287e-16 0 -0.40622	
3.17	6.60234e-16 0 -0.40622	
3.18	6.63058e-16 0 -0.40622	
3.19	6.63058e-16 0 -0.40622	
3.2	6.63058e-16 0 -0.40622	
3.21	6.63058e-16 0 -0.40622	
3.22	6.60365e-16 0 -0.40622	
3.23	6.63189e-16 0 -0.40622	
3.24	6.63058e-16 0 -0.40622	
3.25	6.63058e-16 0 -0.40622	
3.26	6.60365e-16 0 -0.40622	
3.27	6.63058e-16 0 -0.40622	
3.28	6.60365e-16 0 -0.40622	
3.29	6.63058e-16 0 -0.40622	
3.3	6.63058e-16 0 -0.40622	
3.31	6.63058e-16 0 -0.40622	
3.32	6.63189e-16 0 -0.40622	
3.33	6.60365e-16 0 -0.40622	
3.34	6.63006e-16 0 -0.40622	
3.35	6.63006e-16 0 -0.40622	
3.36	6.63058e-16 0 -0.40622	
3.37	6.63058e-16 0 -0.40622	
3.38	6.63058e-16 0 -0.40622	
3.39	6.63058e-16 0 -0.40622	
3.4	6.63058e-16 0 -0.40622	
3.41	6.65802e-16 0 -0.40622	
3.42	6.63006e-16 0 -0.40622	
3.43	6.65749e-16 0 -0.40622	
3.44	6.63058e-16 0 -0.40622	
3.45	6.63058e-16 0 -0.40622	
3.46	6.63058e-16 0 -0.40622	
3.47	6.63058e-16 0 -0.40622	
3.48	6.63058e-16 0 -0.40622	
3.49	6.63058e-16 0 -0.40622	
3.5	6.63058e-16 0 -0.40622	
3.51	6.63058e-16 0 -0.40622	
3.52	6.63058e-16 0 -0.40622	
3.53	6.63058e-16 0 -0.40622	
3.54	6.68322e-16 0 -0.40622	
3.55	6.70037e-16 0 -0.40622	
3.56	6.74439e-16 0 -0.40622	
3.57	6.7253e-16 0 -0.40622	
3.58	6.72608e-16 0 -0.40622	
3.59	6.73465e-16 0 -0.40622	
3.6	6.73465e-16 0 -0.40622	
3.61	6.73465e-16 0 -0.40622	
3.62	6.70829e-16 0 -0.40622	
3.63	6.70776e-16 0 -0.40622	
3.64	6.70776e-16 0 -0.40622	
3.65	6.68944e-16 0 -0.40622	
3.66	6.68893e-16 0 -0.40622	
3.67	6.66254e-16 0 -0.40622	
3.68	6.66203e-16 0 -0.40622	
3.69	6.63461e-16 0 -0.40622	
3.7	6.63461e-16 0 -0.40622	
3.71	6.6072e-16 0 -0.40622	
3.72	6.58885e-16 0 -0.40622	
3.73	6.58885e-16 0 -0.40622	
3.74	6.56143e-16 0 -0.40622	
3.75	6.56143e-16 0 -0.40622	
3.76	6.53401e-16 0 -0.40622	
3.77	6.53355e-16 0 -0.40622	
3.78	6.50658e-16 0 -0.40622	
3.79	6.50658e-16 0 -0.40622	
3.8	6.50789e-16 0 -0.40622	
3.81	6.47916e-16 0 -0.40622	
3.82	6.47916e-16 0 -0.40622	
3.83	6.45217e-16 0 -0.40622	
3.84	6.45217e-16 0 -0.40622	
3.85	6.42518e-16 0 -0.40622	
3.86	6.42474e-16 0 -0.40622	
3.87	6.42474e-16 0 -0.40622	
3.88	6.39817e-16 0 -0.40622	
3.89	6.39904e-16 0 -0.40622	
3.9	6.39773e-16 0 -0.40622	
3.91	6.37072e-16 0 -0.40622	
3.92	6.37115e-16 0 -0.40622	
3.93	6.34369e-16 0 -0.40622	
3.94	6.34369e-16 0 -0.40622	
3.95	6.35231e-16 0 -0.40622	
3.96	6.35188e-16 0 -0.40622	
3.97	6.32485e-16 0 -0.40622	
3.98	6.2978e-16 0 -0.40622	
3.99	6.2978e-16 0 -0.40622	
4	6.27075e-16 0 -0.40622	
4.01	6.27075e-16 0 -0.40622	
4.02	6.27033e-16 0 -0.40622	
4.03	6.27896e-16 0 -0.40622	
4.04	6.2506e-16 0 -0.40622	
4.05	6.2519e-16 0 -0.40622	
4.06	6.22442e-16 0 -0.40622	
4.07	6.23216e-16 0 -0.40622	
4.08	6.20598e-16 0 -0.40622	
4.09	6.20598e-16 0 -0.40622	
4.1	6.18623e-16 0 -0.40622	
4.11	6.21462e-16 0 -0.40622	
4.12	6.18753e-16 0 -0.40622	
4.13	6.18663e-16 0 -0.40622	
4.14	6.16084e-16 0 -0.40622	
4.15	6.16908e-16 0 -0.40622	
4.16	6.1699e-16 0 -0.40622	
4.17	6.14238e-16 0 -0.40622	
4.18	6.14197e-16 0 -0.40622	
4.19	6.12351e-16 0 -0.40622	
4.2	6.12351e-16 0 -0.40622	
4.21	6.13085e-16 0 -0.40622	
4.22	6.1132e-16 0 -0.40622	
4.23	6.12144e-16 0 -0.40622	
4.24	6.10297e-16 0 -0.40622	
4.25	6.10257e-16 0 -0.40622	
4.26	6.08409e-16 0 -0.40622	
4.27	6.09445e-16 0 -0.40622	
4.28	6.09405e-16 0 -0.40622	
4.29	6.07558e-16 0 -0.40622	
4.3	6.08293e-16 0 -0.40622	
4.31	6.0571e-16 0 -0.40622	
4.32	6.06445e-16 0 -0.40622	
4.33	6.07402e-16 0 -0.40622	
4.34	6.04558e-16 0 -0.40622	
4.35	6.05423e-16 0 -0.40622	
4.36	6.05554e-16 0 -0.40622	
4.37	6.03575e-16 0 -0.40622	
4.38	6.03575e-16 0 -0.40622	
4.39	6.04403e-16 0 -0.40622	
4.4	6.02554e-16 0 -0.40622	
4.41	6.02648e-16 0 -0.40622	
4.42	6.00799e-16 0 -0.40622	
4.43	6.00669e-16 0 -0.40622	
4.44	6.01535e-16 0 -0.40622	
4.45	5.98819e-16 0 -0.40622	
4.46	5.9965e-16 0 -0.40622	
4.47	5.97931e-16 0 -0.40622	
4.48	5.99629e-16 0 -0.40622	
4.49	6.00366e-16 0 -0.40622	
4.5	5.99513e-16 0 -0.40622	
4.51	6.00216e-16 0 -0.40622	
4.52	5.98367e-16 0 -0.40622	
4.53	5.99201e-16 0 -0.40622	
4.54	5.98348e-16 0 -0.40622	
4.55	5.99054e-16 0 -0.40622	
4.56	5.97334e-16 0 -0.40622	
4.57	5.95355e-16 0 -0.40622	
4.58	5.96222e-16 0 -0.40622	
4.59	5.95238e-16 0 -0.40622	
4.6	5.94255e-16 0 -0.40622	
4.61	5.95122e-16 0 -0.40622	
4.62	5.96089e-16 0 -0.40622	
4.63	5.94977e-16 0 -0.40622	
4.64	5.93126e-16 0 -0.40622	
4.65	5.93965e-16 0 -0.40622	
4.66	5.9486e-16 0 -0.40622	
4.67	5.94007e-16 0 -0.40622	
4.68	5.95583e-16 0 -0.40622	
4.69	5.94629e-16 0 -0.40622	
4.7	5.96335e-16 0 -0.40622	
4.71	5.98935e-16 0 -0.40622	
4.72	5.97953e-16 0 -0.40622	
4.73	5.97837e-16 0 -0.40622	
4.74	5.97721e-16 0 -0.40622	
4.75	6.00321e-16 0 -0.40622	
4.76	6.00205e-16 0 -0.40622	
4.77	5.9824e-16 0 -0.40622	
4.78	5.98227e-16 0 -0.40622	
4.79	5.98875e-16 0 -0.40622	
4.8	5.98759e-16 0 -0.40622	
4.81	5.99639e-16 0 -0.40622	
4.82	6.0039e-16 0 -0.40622	
4.83	6.01011e-16 0 -0.40622	
4.84	6.00895e-16 0 -0.40622	
4.85	6.0078e-16 0 -0.40622	
4.86	6.0166e-16 0 -0.40622	
4.87	6.03147e-16 0 -0.40622	
4.88	6.03897e-16 0 -0.40622	
4.89	6.05514e-16 0 -0.40622	
4.9	6.06264e-16 0 -0.40622	
4.91	6.0788e-16 0 -0.40622	
4.92	6.08655e-16 0 -0.40622	
4.93	6.10245e-16 0 -0.40622	
4.94	6.1186e-16 0 -0.40622	
4.95	6.10763e-16 0 -0.40622	
4.96	6.12378e-16 0 -0.40622	
4.97	6.15838e-16 0 -0.40622	
4.98	6.15607e-16 0 -0.40622	
4.99	6.1993e-16 0 -0.40622	
5	6.19698e-16 0 -0.40622	
5.01	6.20447e-16 0 -0.40622	
5.02	6.22924e-16 0 -0.40622	
5.03	6.254e-16 0 -0.40622	
5.04	6.25147e-16 0 -0.40622	
5.05	6.28507e-16 0 -0.40622	
5.06	6.30981e-16 0 -0.40622	
5.07	6.34317e-16 0 -0.40622	
5.08	6.36789e-16 0 -0.40622	
5.09	6.40122e-16 0 -0.40622	
5.1	6.43453e-16 0 -0.40622	
5.11	6.46762e-16 0 -0.40622	
5.12	6.50111e-16 0 -0.40622	
5.13	6.53459e-16 0 -0.40622	
5.14	6.56783e-16 0 -0.40622	
5.15	6.60128e-16 0 -0.40622	
5.16	6.61731e-16 0 -0.40622	
5.17	6.6324e-16 0 -0.40622	
5.18	6.64843e-16 0 -0.40622	
5.19	6.67347e-16 0 -0.40622	
5.2	6.67974e-16 0 -0.40622	
5.21	6.67767e-16 0 -0.40622	
5.22	6.71083e-16 0 -0.40622	
5.23	6.73564e-16 0 -0.40622	
5.24	6.75047e-16 0 -0.40622	
5.25	6.7471e-16 0 -0.40622	
5.26	6.76322e-16 0 -0.40622	
5.27	6.79657e-16 0 -0.40622	
5.28	6.77597e-16 0 -0.40622	
5.29	6.79102e-16 0 -0.40622	
5.3	6.79727e-16 0 -0.40622	
5.31	6.82898e-16 0 -0.40622	
5.32	6.83545e-16 0 -0.40622	
5.33	6.84192e-16 0 -0.40622	
5.34	6.83822e-16 0 -0.40622	
5.35	6.81785e-16 0 -0.40622	
5.36	6.79588e-16 0 -0.40622	
5.37	6.79261e-16 0 -0.40622	
5.38	6.76227e-16 0 -0.40622	
5.39	6.75022e-16 0 -0.40622	
5.4	6.74545e-16 0 -0.40622	
5.41	6.72366e-16 0 -0.40622	
5.42	6.68601e-16 0 -0.40622	
5.43	6.67394e-16 0 -0.40622	
5.44	6.64374e-16 0 -0.40622	
5.45	6.63148e-16 0 -0.40622	
5.46	6.61065e-16 0 -0.40622	
5.47	6.58023e-16 0 -0.40622	
5.48	6.56702e-16 0 -0.40622	
5.49	6.52927e-16 0 -0.40622	
5.5	6.50742e-16 0 -0.40622	
5.51	6.52229e-16 0 -0.40622	
5.52	6.5175e-16 0 -0.40622	
5.53	6.51531e-16 0 -0.40622	
5.54	6.51037e-16 0 -0.40622	
5.55	6.52525e-16 0 -0.40622	
5.56	6.54142e-16 0 -0.40622	
5.57	6.55629e-16 0 -0.40622	
5.58	6.54291e-16 0 -0.40622	
5.59	6.55778e-16 0 -0.40622	
5.6	6.6083e-16 0 -0.40622	
5.61	6.61328e-16 0 -0.40622	
5.62	6.63672e-16 0 -0.40622	
5.63	6.66864e-16 0 -0.40622	
5.64	6.6749e-16 0 -0.40622	
5.65	6.73379e-16 0 -0.40622	
5.66	6.72174e-16 0 -0.40622	
5.67	6.72675e-16 0 -0.40622	
5.68	6.7331e-16 0 -0.40622	
5.69	6.74785e-16 0 -0.40622	
5.7	6.74438e-16 0 -0.40622	
5.71	6.75922e-16 0 -0.40622	
5.72	6.74588e-16 0 -0.40622	
5.73	6.76071e-16 0 -0.40622	
5.74	6.78411e-16 0 -0.40622	
5.75	6.78908e-16 0 -0.40622	
5.76	6.78428e-16 0 -0.40622	
5.77	6.83323e-16 0 -0.40622	
5.78	6.84682e-16 0 -0.40622	
5.79	6.84938e-16 0 -0.40622	
5.8	6.84465e-16 0 -0.40622	
5.81	6.86676e-16 0 -0.40622	
5.82	6.86204e-16 0 -0.40622	
5.83	6.87557e-16 0 -0.40622	
5.84	6.88675e-16 0 -0.40622	
5.85	6.89058e-16 0 -0.40622	
5.86	6.92011e-16 0 -0.40622	
5.87	6.91542e-16 0 -0.40622	
5.88	6.91196e-16 0 -0.40622	
5.89	6.89518e-16 0 -0.40622	
5.9	6.90027e-16 0 -0.40622	
5.91	6.91269e-16 0 -0.40622	
5.92	6.88858e-16 0 -0.40622	
5.93	6.90957e-16 0 -0.40622	
5.94	6.87692e-16 0 -0.40622	
5.95	6.88201e-16 0 -0.40622	
5.96	6.86527e-16 0 -0.40622	
5.97	6.8326e-16 0 -0.40622	
5.98	6.82678e-16 0 -0.40622	
5.99	6.83072e-16 0 -0.40622	
6	6.81517e-16 0 -0.40622	
6.01	6.81674e-16 0 -0.40622	
6.02	6.83896e-16 0 -0.40622	
6.03	6.83199e-16 0 -0.40622	
6.04	6.83474e-16 0 -0.40622	
6.05	6.82896e-16 0 -0.40622	
6.06	6.80493e-16 0 -0.40622	
6.07	6.77336e-16 0 -0.40622	
6.08	6.75042e-16 0 -0.40622	
6.09	6.7189e-16 0 -0.40622	
6.1	6.70461e-16 0 -0.40622	
6.11	6.68165e-16 0 -0.40622	
6.12	6.67468e-16 0 -0.40622	
6.13	6.65913e-16 0 -0.40622	
6.14	6.66308e-16 0 -0.40622	
6.15	6.64858e-16 0 -0.40622	
6.16	6.62455e-16 0 -0.40622	
6.17	6.61991e-16 0 -0.40622	
6.18	6.58703e-16 0 -0.40622	
6.19	6.57158e-16 0 -0.40622	
6.2	6.55718e-16 0 -0.40622	
6.21	6.54277e-16 0 -0.40622	
6.22	6.53564e-16 0 -0.40622	
6.23	6.52006e-16 0 -0.40622	
6.24	6.48593e-16 0 -0.40622	
6.25	6.48026e-16 0 -0.40622	
6.26	6.45472e-16 0 -0.40622	
6.27	6.4305e-16 0 -0.40622	
6.28	6.4051e-16 0 -0.40622	
6.29	6.36128e-16 0 -0.40622	
6.3	6.31724e-16 0 -0.40622	
6.31	6.31139e-16 0 -0.40622	
6.32	6.25791e-16 0 -0.40622	
6.33	6.2138e-16 0 -0.40622	
6.34	6.18832e-16 0 -0.40622	
6.35	6.17031e-16 0 -0.40622	
6.36	6.08168e-16 0 -0.40622	
6.37	6.02032e-16 0 -0.40622	
6.38	5.98518e-16 0 -0.40622	
6.39	5.96596e-16 0 -0.40622	
6.4	5.95023e-16 0 -0.40622	
6.41	1.0458 -5.70374 -17.2835	
6.42	1.68638 -9.19649 -26.7082	
6.43	1.35635 -7.39917 -21.99	
6.44	1.0816 -5.90335 -18.1313	
6.45	0.869494 -4.74739 -14.9496	
6.46	0.700093 -3.82374 -12.334	
6.47	0.563893 -3.08087 -10.1913	
6.48	0.45424 -2.48261 -8.43154	
6.49	0.364964 -1.99546 -6.98941	
6.5	0.294775 -1.61216 -5.8037	
6.51	0.238738 -1.306 -4.83079	
6.52	0.193578 -1.05918 -4.03328	
6.53	1.50124 -5.6463 -26.3913	
6.54	1.18952 -4.46682 -21.7283	
6.55	0.942952 -3.53514 -17.9038	
6.56	0.748022 -2.79974 -14.7624	
6.57	0.594875 -2.22303 -12.185	
6.58	0.472295 -1.76195 -10.0681	
6.59	0.376923 -1.40411 -8.32885	
6.6	0.301886 -1.12316 -6.89996	
6.61	0.240424 -0.893001 -5.732	
6.62	0.193336 -0.717324 -4.77042	
6.63	0.155258 -0.575334 -3.98426	
6.64	0.124407 -0.460387 -3.33842	
6.65	0.0997408 -0.368601 -2.80963	
6.66	-4.18429 -2.14965 -11.6595	
6.67	-4.83223 -4.54918 -23.9584	
6.68	-4.59444 -6.63612 -33.8425	
6.69	-3.78718 -5.08199 -27.8727	
6.7	-3.11935 -3.89877 -22.9592	
6.71	-2.56587 -3.02383 -18.9128	
6.72	-2.10973 -2.34708 -15.5889	
6.73	-1.73306 -1.83885 -12.8565	
6.74	-1.42358 -1.43789 -10.6156	
6.75	-1.16917 -1.1239 -8.77737	
6.76	-0.959629 -0.886202 -7.26835	
6.77	-0.787539 -0.698649 -6.03094	
6.78	1.51963 0.735367 5.0731	
6.79	1.33995 1.25912 12.0844	
6.8	1.09778 1.02512 9.82427	
6.81	0.900226 0.820232 7.97504	
6.82	0.737771 0.663336 6.45891	
6.83	0.60449 0.538611 5.21661	
6.84	0.495339 0.436798 4.19935	
6.85	0.406062 0.350941 3.3663	
6.86	0.332551 0.287659 2.68326	
6.87	0.272725 0.229158 2.12464	
6.88	0.223422 0.186636 1.66651	
6.89	0.183012 0.152351 1.29122	
6.9	0.149948 0.123685 0.983928	
6.91	0.122863 0.100361 0.732257	
6.92	0.100653 0.0816564 0.526055	
6.93	0.0824465 0.0666734 0.35715	
6.94	0.0675009 0.0550381 0.218761	
6.95	0.0552914 0.0449323 0.105472	
6.96	0.0453017 0.0364623 0.0127009	
6.97	0.037085 0.0301679 -0.0633426	
6.98	0.0303906 0.0243885 -0.125551	
6.99	0.0248997 0.019799 -0.176517	
7	0.0204011 0.0160695 -0.218261	
7.01	0.0167047 0.0132349 -0.252472	
7.02	0.0136785 0.0108807 -0.280492	
7.03	0.0112051 0.0088688 -0.303428	
7.04	0.00917502 0.00729897 -0.322222	
7.05	0.00751751 0.00591872 -0.337605	
7.06	0.0061582 0.00482551 -0.350205	
7.07	0.00504267 0.00396613 -0.360531	
7.08	0.00413164 0.0032186 -0.368982	
7.09	0.00338307 0.00264994 -0.375908	
7.1	0.00277188 0.00214989 -0.381576	
7.11	0.00227111 0.00174485 -0.386219	
7.12	0.00185998 0.00143077 -0.390024	
7.13	0.0015243 0.00115385 -0.393138	
7.14	0.00124917 0.000931777 -0.395689	
7.15	0.00102308 0.000762984 -0.39778	
7.16	0.00083798 0.000623322 -0.399492	
7.17	0.000686943 0.000498728 -0.400893	
7.18	0.000687049 0.000496089 -0.400893	
7.19	0.000687443 0.000488183 -0.400893	
7.2	0.000688101 0.000475528 -0.400892	
7.21	0.000688193 0.00047323 -0.400892	
7.22	0.000688748 0.000462304 -0.400891	
7.23	0.000688873 0.000458648 -0.400891	
7.24	0.000688973 0.000456046 -0.400892	
7.25	0.000689042 0.000454191 -0.400892	
7.26	0.000689151 0.000450952 -0.400892	
7.27	0.000689227 0.000448486 -0.400892	
7.28	0.000689286 0.000446125 -0.400893	
7.29	0.0006889 0.000452444 -0.400894	
7.3	0.000689225 0.000445808 -0.400893	
7.31	0.000689242 0.000445403 -0.400893	
7.32	0.00068926 0.000444406 -0.400893	
7.33	0.000689395 0.000441935 -0.400893	
7.34	0.000689142 0.000445766 -0.400894	
7.35	0.000689413 0.000440544 -0.400894	
7.36	0.000690103 0.000427891 -0.400892	
7.37	0.000690102 0.00042718 -0.400893	
7.38	0.00069052 0.000419361 -0.400892	
7.39	0.000690921 0.000411946 -0.400891	
7.4	0.000691621 0.000398277 -0.40089	
7.41	0.000691338 0.000403237 -0.400891	
7.42	0.000691604 0.000398292 -0.40089	
7.43	0.00069187 0.000393348 -0.40089	
7.44	0.000692136 0.000388121 -0.40089	
7.45	0.000692534 0.000380141 -0.400889	
7.46	0.000692799 0.000374913 -0.400889	
7.47	0.000692649 0.000377402 -0.400889	
7.48	0.000692781 0.000374648 -0.400889	
7.49	0.000693032 0.00037043 -0.400889	
7.5	0.000693311 0.000364799 -0.400888	
7.51	0.000693414 0.000363451 -0.400888	
7.52	0.000693265 0.000365661 -0.400888	
7.53	0.00069394 0.000352712 -0.400887	
7.54	0.00069391 0.000353165 -0.400887	
7.55	0.000694187 0.000347534 -0.400887	
7.56	0.000694437 0.000343018 -0.400887	
7.57	0.000694817 0.000336019 -0.400886	
7.58	0.000695181 0.000329133 -0.400885	
7.59	0.000695043 0.000330361 -0.400886	
7.6	0.000695704 0.000318684 -0.400885	
7.61	0.000695531 0.00032199 -0.400885	
7.62	0.000695384 0.000324485 -0.400885	
7.63	0.000695892 0.000314986 -0.400885	
7.64	0.000696674 0.000300224 -0.400883	
7.65	0.000697177 0.000290896 -0.400882	
7.66	0.000697807 0.000279179 -0.400881	
7.67	0.000698173 0.000272045 -0.400881	
7.68	0.000699038 0.000256034 -0.400879	
7.69	0.000699789 0.000240511 -0.400879	
7.7	0.000700504 0.000227735 -0.400877	
7.71	0.000701096 0.00021594 -0.400877	
7.72	0.000701545 0.000206929 -0.400876	
7.73	0.000701874 0.000201036 -0.400875	
7.74	-0.00602322 0.0885697 3.73078	
7.75	-0.0108183 0.130256 7.11494	
7.76	-0.0106264 0.154423 10.7271	
7.77	-0.0113255 0.122976 17.3424	
7.78	-0.011735 0.128296 17.616	
7.79	-0.0119992 0.0836419 21.8762	
7.8	-0.0120976 0.120121 22.3088	
7.81	-0.0124473 0.131074 24.0191	
7.82	-0.0140361 0.1428 24.6773	
7.83	-0.0171084 0.180666 24.7757	
7.84	-0.0183557 0.200987 25.1612	
7.85	-0.0182592 0.198479 25.6088	
7.86	-0.020524 0.243463 25.1053	
7.87	-0.0190406 0.217104 26.068	
7.88	-0.0196338 0.232167 25.5245	
7.89	-0.0215328 0.26904 25.3103	
7.9	-0.0207698 0.25663 25.7595	
7.91	-0.0233443 0.286985 24.5498	
7.92	-0.0234188 0.309839 24.87	
7.93	-0.0224691 0.315103 24.62	
7.94	-0.0217525 0.321786 24.2961	
7.95	-0.0220096 0.334779 23.6414	
7.96	-0.0218394 0.342734 23.1993	
7.97	-0.0221104 0.358831 22.2256	
7.98	-0.0225147 0.38917 21.9918	
7.99	-0.0197546 0.360774 22.0656	
8	-0.023188 0.422044 17.9912	
8.01	-0.0231861 0.42141 14.6564	
8.02	-0.021853 0.396846 11.9262	
8.03	-0.0200757 0.36435 9.69097	
8.04	-0.0179773 0.326128 7.86122	
8.05	-0.0156552 0.283925 6.36308	
8.06	-0.0132249 0.239818 5.13731	
8.07	-0.0116907 0.211932 4.13231	
8.08	-0.00989837 0.179417 3.31023	
8.09	-0.00813072 0.147375 2.63751	
8.1	0.642859 0.505837 19.5414	
8.11	0.522412 0.502953 15.9259	
8.12	0.42557 0.461695 12.9673	
8.13	0.346629 0.419374 10.5439	
8.14	0.319581 0.387127 9.58493	
8.15	0.299304 0.382056 8.92168	
8.16	0.348994 0.419994 10.366	
8.17	0.320536 0.385039 9.45836	
8.18	0.311019 0.380385 9.25949	
8.19	0.278465 0.389754 9.12962	
8.2	0.276909 0.402527 9.54441	
8.21	0.197471 0.380851 8.91277	
8.22	0.141775 0.381523 8.96655	
8.23	0.118134 0.36611 8.55509	
8.24	0.18239 0.363662 8.51687	
8.25	0.193999 0.354293 8.27098	
8.26	0.191958 0.33479 7.69205	
8.27	0.202921 0.330671 7.74218	
8.28	0.181331 0.299662 6.8098	
8.29	0.179344 0.291276 6.62071	
8.3	0.180197 0.275113 6.5411	
8.31	0.161545 0.258133 5.82344	
8.32	0.173245 0.262728 6.20889	
8.33	0.141448 0.222277 5.01124	
8.34	0.154801 0.237386 5.61383	
8.35	0.147113 0.230967 5.25171	
8.36	0.161124 0.241461 5.74425	
8.37	0.149484 0.220933 5.24532	
8.38	0.168159 0.21542 5.24527	
8.39	0.168008 0.211395 5.07227	
8.4	0.137143 0.180775 4.07947	
8.41	0.112095 0.151746 3.26673	
8.42	0.0915104 0.129234 2.6011	
8.43	0.0746635 0.110798 2.05631	
8.44	0.061087 0.0917647 1.61022	
8.45	0.0499818 0.0759615 1.24495	
8.46	0.0409078 0.0626611 0.945827	
8.47	0.0334065 0.0529476 0.700712	
8.48	0.0273457 0.0436514 0.500222	
8.49	0.0223891 0.0357985 0.33584	
8.5	0.0183311 0.0294089 0.201322	
8.51	0.0149756 0.0247228 0.0911023	
8.52	0.0122914 0.019782 0.000922099	
8.53	0.0100491 0.0164896 -0.0730062	
8.54	0.00822921 0.0135096 -0.133525	
8.55	0.00672805 0.011265 -0.183084	
8.56	0.005527 0.00892996 -0.223646	
8.57	0.00453298 0.00720409 -0.256867	
8.58	0.00370371 0.00604582 -0.284107	
8.59	0.0030354 0.00491428 -0.306394	
8.6	0.00248771 0.00399383 -0.324647	
8.61	0.00203736 0.00327236 -0.339596	
8.62	0.00166461 0.00274683 -0.351849	
8.63	0.00136333 0.00224714 -0.361878	
8.64	0.00111475 0.00187106 -0.370093	
8.65	0.000915076 0.00149786 -0.376811	
8.66	0.000749498 0.00122571 -0.382318	
8.67	0.00061234 0.00102977 -0.386831	
8.68	0.000501483 0.000844615 -0.390524	
8.69	0.000409728 0.000709349 -0.39355	
8.7	0.000335565 0.000580996 -0.396028	
8.71	0.000274827 0.000475862 -0.398057	
8.72	0.000224541 0.000399385 -0.399719	
8.73	0.000183463 0.000334584 -0.401081	
8.74	0.000183456 0.000334996 -0.401081	
8.75	0.000183012 0.000342879 -0.401081	
8.76	0.000182576 0.000350354 -0.401082	
8.77	0.000182132 0.000358232 -0.401082	
8.78	0.000182132 0.000358232 -0.401082	
8.79	0.000181251 0.000373657 -0.401083	
8.8	0.000180806 0.000381526 -0.401083	
8.81	0.000180368 0.000388997 -0.401084	
8.82	0.000179923 0.00039686 -0.401084	
8.83	0.000179039 0.000412188 -0.401085	
8.84	0.000178153 0.000427509 -0.401086	
8.85	0.000177854 0.000432593 -0.401087	
8.86	0.000177407 0.00044044 -0.401087	
8.87	0.000176975 0.000447987 -0.401088	
8.88	0.000176512 0.00045612 -0.401088	
8.89	0.000175639 0.000471122 -0.401089	
8.9	0.000175183 0.000478878 -0.40109	
8.91	0.000175183 0.000479312 -0.40109	
8.92	0.0001743 0.000494233 -0.401091	
8.93	0.000173394 0.000509801 -0.401093	
8.94	-19.2509 -0.15457 0.179824	
8.95	1.91402 -0.150051 0.00477891	
8.96	-17.002 -0.380541 0.542641	
8.97	4.75532 -0.822589 -2.03652	
8.98	-16.6001 -0.260707 0.828824	
8.99	5.34962 -0.418879 -0.399573	
9	-16.2565 -0.302251 0.532147	
9.01	6.72391 -0.653592 -0.11473	
9.02	5.50877 -0.526709 -0.170672	
9.03	4.5132 -0.415167 -0.219174	
9.04	3.6963 -0.336678 -0.25439	
9.05	3.02753 -0.273139 -0.282967	
9.06	2.47952 -0.219636 -0.30689	
9.07	2.03109 -0.178467 -0.325547	
9.08	1.66347 -0.145642 -0.340517	
9.09	1.3626 -0.118766 -0.352773	
9.1	1.11624 -0.0969253 -0.362749	
9.11	0.914351 -0.0791553 -0.37088	
9.12	0.748838 -0.0639585 -0.377767	
9.13	0.613465 -0.0535307 -0.382696	
9.14	0.502413 -0.0431816 -0.387371	
9.15	0.411447 -0.0358269 -0.390805	
9.16	0.336872 -0.0297294 -0.393645	
9.17	0.275764 -0.0243641 -0.396101	
9.18	0.22583 -0.0202024 -0.39803	
9.19	0.18489 -0.0167383 -0.39963	
9.2	0.15136 -0.01412 -0.400864	
9.21	0.123943 -0.0118677 -0.401911	
9.22	0.101499 -0.00976199 -0.402861	
9.23	0.0831194 -0.00795605 -0.403667	
9.24	0.0680568 -0.00649808 -0.40432	
9.25	0.0557377 -0.00537768 -0.404829	
9.26	0.0456608 -0.00443753 -0.405254	
9.27	0.0373864 -0.00362478 -0.405617	
9.28	0.0306271 -0.00296222 -0.405913	
9.29	0.0250815 -0.002444 -0.406147	
9.3	0.0205417 -0.00199387 -0.406347	
9.31	0.0168223 -0.00162667 -0.406511	
9.32	0.0137751 -0.00132917 -0.406644	
9.33	0.0112838 -0.00109695 -0.406749	
9.34	0.00924059 -0.00089977 -0.406837	
9.35	0.00756938 -0.00073708 -0.40691	
9.36	0.0061999 -0.000601514 -0.406971	
9.37	0.00507857 -0.00049351 -0.407019	
9.38	0.00507947 -0.000498437 -0.407017	
9.39	0.00508034 -0.000498562 -0.407017	
9.4	0.00508162 -0.000498677 -0.407017	
9.41	0.00508249 -0.000498801 -0.407017	
9.42	-15.6409 -0.206296 -0.128322	
9.43	-12.8125 -0.133656 -0.189079	
9.44	-10.4954 -0.0761228 -0.238275	
9.45	-8.59521 -0.0403889 -0.275277	
9.46	-7.04184 -0.0165696 -0.303951	
9.47	-7.74701 0.030518 -0.0706125	
9.48	-7.07567 0.0726848 0.0903781	
9.49	-7.57764 0.121671 0.391391	
9.5	-7.08276 0.0994171 0.119854	
9.51	-7.47907 0.160887 0.437448	
9.52	-7.39547 0.112804 0.194046	
9.53	-6.62907 0.141494 0.358806	
9.54	-7.26383 0.138772 0.354239	
9.55	-6.5554 0.127373 0.187077	
9.56	-7.15079 0.132165 0.251301	
9.57	-6.39308 0.156052 0.399666	
9.58	-7.07033 0.140418 0.310374	
9.59	-7.17439 0.148991 0.301753	
9.6	-7.0323 0.164215 0.390653	
9.61	-6.46503 0.150097 0.237285	
9.62	-6.96527 0.15331 0.234883	
9.63	-7.17747 0.197472 0.546881	
9.64	-7.84404 0.171948 0.345376	
9.65	-7.22061 0.158488 0.213011	
9.66	-8.6282 0.146131 0.332851	
9.67	-8.0068 0.18757 0.536988	
9.68	-8.65551 0.134504 0.233323	
9.69	-8.80733 0.202028 0.675609	
9.7	-9.9679 0.184876 0.448224	
9.71	-10.9611 0.267696 0.798948	
9.72	-9.86837 0.233198 0.430588	
9.73	-10.7688 0.26124 0.814716	
9.74	-10.7572 0.252069 0.62962	
9.75	-11.8451 0.252843 0.647902	
9.76	-11.9918 0.287621 0.58057	
9.77	-14.6463 0.283181 0.660212	
9.78	-13.8137 0.296091 0.497712	
9.79	-14.2955 0.335365 0.752391	
9.8	-14.9077 0.284446 0.357931	
9.81	-14.2326 0.365528 0.774344	
9.82	-15.94 0.256948 0.251515	
9.83	-15.0102 0.366111 0.776102	
9.84	-15.7124 0.256403 0.186091	
9.85	-15.1176 0.406451 0.90956	
9.86	-16.2114 0.233053 -0.0192168	
9.87	-15.2629 0.378358 0.798101	
9.88	-16.0048 0.228332 0.00943873	
9.89	-15.3097 0.400711 0.891614	
9.9	-16.5618 0.211441 -0.0942352	
9.91	-15.485 0.379181 0.715228	
9.92	-17.0509 0.213804 0.0646185	
9.93	-14.9394 0.294137 0.367424	
9.94	-16.6955 0.278086 0.581264	
9.95	-28.59 0.0787339 1.07992	
9.96	-23.4195 0.209669 0.776272	
9.97	-23.2087 0.277012 1.0358	
9.98	-24.4318 0.251187 0.683778	
9.99	-24.3483 0.424069 1.09712	
10	-24.0614 0.388754 0.548069	
10.01	-25.5911 0.436619 1.23742	
10.02	-27.1657 0.232002 0.404573	
10.03	-26.791 0.446863 1.45288	
10.04	-28.3176 0.190046 0.142391	
10.05	-28.6711 0.457863 1.78893	
10.06	-29.7311 0.0915087 -0.257445	
10.07	-28.5276 0.464554 1.75142	
10.08	-29.4746 0.0399464 -0.390504	
10.09	-29.9284 0.49877 2.41441	
10.1	-29.4762 0.0310869 -0.565282	
10.11	-29.6014 0.508495 2.35494	
10.12	-29.6971 -0.0207682 -0.895877	
10.13	-29.432 0.418694 1.98384	
10.14	-29.2767 -0.0209289 -0.855946	
10.15	-30.8125 0.4911 2.74913	
10.16	-36.5607 0.0350367 2.06039	
10.17	-31.7559 0.360298 1.62642	
10.18	-46.2806 -1.44121 0.254203	
10.19	-47.2002 -1.86763 -3.86098	
10.2	-23.1753 -1.17856 -6.03231	
10.21	-29.0493 -1.83702 -5.98843	
10.22	-20.9747 -2.32476 -9.51292	
10.23	-23.3712 -2.50645 -8.68371	
10.24	-16.4303 -1.76713 -9.76864	
10.25	-17.6951 -1.59956 -8.06653	
10.26	-14.431 -1.30876 -6.82976	
10.27	-11.7141 -1.06119 -5.70011	
10.28	-9.57305 -0.870973 -4.85335	
10.29	-7.8163 -0.711456 -4.07127	
10.3	-6.37537 -0.580134 -3.41938	
10.31	-5.22245 -0.475396 -2.87812	
10.32	-4.26548 -0.38887 -2.45332	
10.33	-3.50375 -0.320262 -2.09889	
10.34	-2.86406 -0.261371 -1.78488	
10.35	-2.35419 -0.21521 -1.54022	
10.36	-1.92561 -0.175722 -1.32847	
10.37	-1.58619 -0.145036 -1.16391	
10.38	-1.30444 -0.119485 -1.0294	
10.39	-1.06198 -0.0972432 -0.919622	
10.4	-0.875155 -0.0803942 -0.830525	
10.41	-0.717608 -0.0659551 -0.754306	
10.42	-0.587351 -0.0541149 -0.695163	
10.43	-0.481756 -0.0443959 -0.642904	
10.44	-0.39446 -0.0363537 -0.600373	
10.45	-0.323439 -0.0298904 -0.567362	
10.46	-0.264852 -0.0244773 -0.538436	
10.47	-0.218391 -0.0202111 -0.51459	
10.48	-0.17819 -0.0164815 -0.495292	
10.49	-0.145943 -0.0134713 -0.478628	
10.5	-0.120331 -0.0111451 -0.466252	
10.51	-0.0985302 -0.00912824 -0.455643	
10.52	-0.0804113 -0.00744361 -0.446882	
10.53	-0.0658541 -0.00609614 -0.43971	
10.54	-0.0539397 -0.004983 -0.433562	
10.55	-0.0442417 -0.00409705 -0.429023	
10.56	-0.0363512 -0.00337106 -0.425139	
10.57	-0.0298194 -0.00276819 -0.421948	
10.58	-0.0245009 -0.0022776 -0.419326	
10.59	-0.020101 -0.00186795 -0.417102	
10.6	-0.016487 -0.00153879 -0.41548	
10.61	-0.0134345 -0.00125579 -0.414075	
10.62	-0.0110206 -0.00103254 -0.412891	
10.63	-0.0090416 -0.000847936 -0.411882	
10.64	-0.00740396 -0.000695884 -0.411082	
10.65	-0.00606551 -0.000570304 -0.410392	
10.66	-0.00497628 -0.000468026 -0.40982	
10.67	-0.00408312 -0.000383618 -0.409339	
10.68	-0.00333297 -0.000313097 -0.408963	
10.69	-0.00274825 -0.000258688 -0.408655	
10.7	-0.00225468 -0.000212288 -0.408399	
10.71	-0.00184678 -0.000173876 -0.408189	
10.72	-0.00151488 -0.0001427 -0.408018	
10.73	-0.0015151 -0.000142964 -0.408024	
10.74	-0.00151527 -0.000142973 -0.408024	
10.75	-0.00151542 -0.000142797 -0.408019	
10.76	-15.0047 -2.55604 -11.753	
10.77	21.9701 -4.84233 -13.4064	
10.78	-20.3509 -0.805946 -2.52543	
10.79	24.6323 -6.85536 -16.4573	
10.8	2.35048 -2.62365 -8.82329	
10.81	2.49939 -4.62587 -17.3498	
10.82	-0.416917 -3.90311 -15.3878	
10.83	-3.86761 -0.252939 -1.81997	
10.84	-8.03294 -1.12231 -6.14702	
10.85	-5.24533 -1.70611 -8.07495	
10.86	-9.52052 -3.20157 -13.8253	
10.87	-5.69349 -5.61776 -21.6214	
10.88	-7.01373 -7.19602 -26.2992	
10.89	-4.91099 -3.64288 -15.209	
10.9	-10.652 -0.673797 -4.0409	
10.91	-12.1356 0.457297 -0.0281588	
10.92	-2.6206 -0.611655 -3.11395	
10.93	9.25782 -1.88119 -4.82357	
10.94	8.14283 -2.13657 -5.87265	
10.95	6.67294 -1.19316 -2.85087	
10.96	-16.6763 0.0760669 -0.181863	
10.97	7.51747 -1.81052 -4.27053	
10.98	-35.8768 -1.78188 -0.6851	
10.99	11.2733 -5.74627 -16.1873	
11	-18.9999 0.374515 3.55712	
11.01	-19.0394 0.297959 0.835628	
11.02	-20.5257 0.143821 -0.0130652	
11.03	-27.4105 -0.0577149 0.133737	
11.04	-32.3187 -0.54109 -0.313744	
11.05	-13.6556 -0.241436 -3.24509	
11.06	-9.8419 0.214157 -0.608072	
11.07	-20.9565 -0.00977787 -1.11657	
11.08	-11.9001 -0.00882581 -1.57691	
11.09	-21.2497 0.466116 -0.219502	
11.1	-15.7353 2.47919 9.73607	
11.11	-20.7 0.556459 0.727979	
11.12	-6.55984 -0.0995915 -1.25613	
11.13	-13.4724 0.123111 -0.840455	
11.14	-4.60035 -0.487613 -3.22647	
11.15	-29.977 -0.465506 -0.640078	
11.16	-33.0272 -0.129077 -2.38362	
11.17	-35.6167 -0.349468 -0.891796	
11.18	-38.5044 -0.381915 -0.64217	
11.19	-10.9738 0.490305 1.46131	
11.2	-40.9818 -1.57986 0.141196	
11.21	-7.04351 -0.18486 -0.728436	
11.22	-27.3783 -0.218615 -0.0368977	
11.23	0.961999 -1.75299 -6.67148	
11.24	-46.9349 -3.56641 -7.78145	
11.25	-33.5621 1.03116 2.1235	
11.26	-23.429 -0.150902 -3.84544	
11.27	-42.4632 -0.837902 0.406648	
11.28	-16.2485 0.16196 -1.72638	
11.29	-15.7208 -0.452592 -5.21363	
11.3	-54.3877 -4.61827 -5.37199	
11.31	-21.5401 -0.157473 -1.98601	
11.32	-99.0763 -25.2037 -27.9629	
11.33	-75.5048 -6.45708 -4.49144	
11.34	-61.7359 -3.53206 11.114	
11.35	-46.9727 -0.901836 9.26354	
11.36	-38.5083 0.118294 7.66953	
11.37	-31.5547 0.721266 6.31943	
11.38	-25.8347 0.995087 5.17057	
11.39	-21.1448 1.09291 4.20665	
11.4	-17.3103 1.11313 3.40805	
11.41	-14.169 1.015 2.73388	
11.42	-11.6012 0.932257 2.18227	
11.43	-9.4982 0.803515 1.71991	
11.44	-7.77702 0.691366 1.3403	
11.45	-6.36828 0.603294 1.03023	
11.46	-5.21452 0.500021 0.770861	
11.47	-4.26921 0.419401 0.559056	
11.48	-3.49319 0.352497 0.385084	
11.49	-2.86126 0.293677 0.242605	
11.5	-2.34269 0.244043 0.125462	
11.51	-1.91699 0.203419 0.0293349	
11.52	-1.56961 0.165159 -0.050015	
11.53	-1.2852 0.13849 -0.114171	
11.54	-1.05253 0.112585 -0.167371	
11.55	-0.861824 0.0927447 -0.210733	
11.56	-0.705674 0.0763325 -0.246267	
11.57	-0.577706 0.0628428 -0.275393	
11.58	-0.472945 0.051706 -0.299254	
11.59	-0.387182 0.0425221 -0.3188	
11.6	-0.317234 0.0343458 -0.334866	
11.61	-0.25976 0.0281981 -0.347964	
11.62	-0.212658 0.0231682 -0.358697	
11.63	-0.174131 0.0190121 -0.367483	
11.64	-0.142582 0.0154425 -0.374708	
11.65	-0.116801 0.0126362 -0.380593	
11.66	-0.0956227 0.0104475 -0.385406	
11.67	-0.0782667 0.00861189 -0.389358	
11.68	-0.0640745 0.00710442 -0.392591	
11.69	-0.0525218 0.00577317 -0.395241	
11.7	-0.0430059 0.00477154 -0.397407	
11.71	-0.0352146 0.00395063 -0.399181	
11.72	-0.0288589 0.00327789 -0.400629	
11.73	-0.0236452 0.00266537 -0.401827	
11.74	-0.0193492 0.00222413 -0.402803	
11.75	-0.0158472 0.00184657 -0.403601	
11.76	-0.012968 0.00150102 -0.404264	
11.77	-0.0106234 0.00124435 -0.404799	
11.78	-0.00870265 0.00101719 -0.405241	
11.79	-0.00712776 0.000820639 -0.405605	
11.8	-0.00583904 0.000670825 -0.405901	
11.81	-0.00477938 0.000540305 -0.406145	
11.82	-14.9736 -0.360009 -3.01413	
11.83	-38.5686 -0.112867 7.60072	
11.84	17.99 -13.9898 -49.2939	
11.85	16.7746 -10.6814 -42.1827	
11.86	13.8443 -7.14786 -28.4631	
11.87	-3.27555 -0.0492215 3.29728	
11.88	-33.3202 2.3101 16.9833	
11.89	-32.807 -2.85247 3.53876	
11.9	-13.0602 2.03443 2.64097	
11.91	-30.4989 0.0203802 0.5958	
11.92	-7.43497 0.841711 1.39774	
11.93	-33.922 -0.708891 -0.478634	
11.94	-27.5777 0.602055 2.84167	
11.95	-44.332 -2.10056 -1.85933	
11.96	-29.7555 0.359518 3.05701	
11.97	-35.4854 -0.746538 -1.42659	
11.98	-31.7251 -0.317862 1.75582	
11.99	-42.4096 -2.05523 -3.09592	
12	-34.557 -0.59174 -1.5483	
12.01	-40.97 -3.82637 -13.3162	
12.02	-0.518485 0.113807 -5.28796	
12.03	75.0092 -61.3158 -71.9395	
12.04	58.517 -13.9397 -3.11536	
12.05	37.0199 -5.52726 -5.22882	
12.06	32.8554 -4.78236 -7.19383	
12.07	22.3708 -2.09784 -0.939555	
12.08	20.3372 -1.47204 0.27461	
12.09	13.0374 -0.112147 1.06274	
12.1	-31.4344 -0.877291 -0.633256	
12.11	8.38492 -3.30082 -9.93614	
12.12	-34.0206 -2.79049 -0.672685	
12.13	4.78744 -4.4385 -12.1982	
12.14	-38.0323 -3.24519 1.5078	
12.15	5.56432 -6.10369 -14.1963	
12.16	-39.0926 -5.26945 -7.08345	
12.17	-33.1658 1.93059 3.31417	
12.18	-32.9655 1.38134 2.30731	
12.19	-27.0366 1.58757 2.01668	
12.2	-22.1422 1.76803 1.77991	
12.21	-18.1313 1.68912 1.48785	
12.22	-14.8452 1.5375 1.21097	
12.23	-12.1512 1.39185 0.974676	
12.24	-9.93714 1.2147 0.755415	
12.25	-8.13605 1.04298 0.565527	
12.26	-6.66932 0.884578 0.403146	
12.27	-5.46114 0.755905 0.269941	
12.28	-4.46659 0.634888 0.153605	
12.29	-3.66182 0.529588 0.0566025	
12.3	-2.99859 0.440275 -0.0245711	
12.31	-2.4527 0.365653 -0.0919506	
12.32	-2.00855 0.30241 -0.147768	
12.33	-1.64486 0.249646 -0.193895	
12.34	-1.34709 0.205278 -0.232162	
12.35	-1.1032 0.169011 -0.263474	
12.36	-0.0803544 -4.35323 -25.4628	
12.37	-0.0747334 -3.43102 -20.9551	
12.38	-0.0671796 -2.71986 -17.2537	
12.39	-0.0590483 -2.16654 -14.2161	
12.4	-0.0507214 -1.73908 -11.7243	
12.41	-0.0433371 -1.39704 -9.68097	
12.42	-0.0367119 -1.1256 -8.00572	
12.43	-0.0251694 -1.18406 -8.26048	
12.44	-0.0213839 -0.956186 -6.84102	
12.45	-0.0137693 -0.912235 -6.54162	
12.46	-0.00981758 -0.794409 -5.7996	
12.47	0.0002042 -0.891617 -6.36439	
12.48	0.00210586 -0.794454 -5.68827	
12.49	0.00622349 -0.794654 -5.59703	
12.5	0.00684777 -0.705545 -5.02876	
12.51	0.012502 -0.823147 -5.69457	
12.52	0.0122963 -0.738342 -5.16099	
12.53	0.0190572 -0.879222 -6.01529	
12.54	0.0228042 -0.934919 -6.35081	
12.55	0.0254006 -0.987677 -6.6813	
12.56	0.0301942 -1.0995 -7.38175	
12.57	0.0334726 -1.17223 -7.81223	
12.58	0.0324494 -1.11857 -7.54826	
12.59	0.0381935 -1.29619 -8.66083	
12.6	0.0459686 -1.53472 -9.98222	
12.61	0.0479038 -1.6121 -10.4223	
12.62	0.0578667 -1.91192 -12.1904	
12.63	0.0687234 -2.28422 -14.2259	
12.64	0.075776 -2.59513 -15.8796	
12.65	0.0859787 -2.95079 -17.7213	
12.66	0.0955416 -3.32717 -19.4931	
12.67	0.103691 -3.60351 -20.973	
12.68	0.1195 -4.08452 -23.1356	
12.69	0.125811 -4.27124 -24.1462	
12.7	0.0994832 -3.37846 -19.8744	
12.71	0.0790912 -2.68666 -16.3668	
12.72	-23.7765 -1.81847 -12.0677	
12.73	-14.749 -0.193833 -1.45077	
12.74	-20.8037 0.281866 -0.059	
12.75	-7.34834 0.618232 1.17133	
12.76	-15.1 0.0919992 0.117496	
12.77	1.02306 1.18805 0.865744	
12.78	-10.4079 -0.203582 -0.676743	
12.79	22.1333 -2.03169 -1.80319	
12.8	-26.207 -3.83031 -6.47754	
12.81	-21.6529 -2.38468 -4.61503	
12.82	-17.9619 -1.61985 -3.53553	
12.83	-14.8327 -0.966574 -2.60815	
12.84	-12.2722 -0.522368 -1.94441	
12.85	-10.1342 -0.272666 -1.51492	
12.86	8.52892 0.435194 -0.573746	
12.87	-11.4267 -0.768015 -3.69441	
12.88	9.18588 -0.322282 -1.67391	
12.89	-9.81534 -1.13634 -4.9644	
12.9	7.79461 -0.780301 0.596314	
12.91	-9.79325 -1.06557 -3.60816	
12.92	4.90604 -0.512778 -3.98744	
12.93	-9.38777 -0.368551 -2.71641	
12.94	0.0733794 -0.470439 -0.0912949	
12.95	-7.63547 7.85996 17.2944	
12.96	10.9709 -3.45821 0.610217	
12.97	-16.1939 -0.313838 4.46971	
12.98	-7.81307 -0.574631 4.9702	
12.99	-17.2381 1.14097 15.7268	
13	-23.2435 0.286356 12.2283	
13.01	-14.7296 -0.27684 8.55387	
13.02	-6.67963 -2.01658 1.6935	
13.03	-26.6872 -0.974777 1.72089	
13.04	-5.53421 -1.35595 -4.70277	
13.05	-31.2731 -0.515774 0.58727	
13.06	-8.41033 -0.771143 -4.8125	
13.07	-25.326 -0.15984 -0.0366769	
13.08	-7.83122 -0.529944 -4.31067	
13.09	-23.1633 0.0956464 0.968027	
13.1	-5.09879 -0.431739 -6.69131	
13.11	-25.6076 0.174362 -1.60879	
13.12	-11.1392 -0.37955 -6.18128	
13.13	-18.0985 -1.9757 -18.7985	
13.14	-38.5363 -1.20897 -4.25916	
13.15	-23.9734 0.443893 -5.97602	
13.16	-11.2829 -0.547885 -8.74802	
13.17	6.80336 -16.4097 -63.4431	
13.18	-2.40117 -0.519656 -9.75161	
13.19	-3.55875 -14.3183 -56.2988	
13.2	31.9543 -16.656 -59.0033	
13.21	28.3855 -12.1536 -46.4924	
13.22	18.3266 1.80733 -18.7691	
13.23	16.2947 1.82303 -15.1961	
13.24	13.9543 1.7549 -12.137	
13.25	11.7423 1.60434 -9.73142	
13.26	9.94163 1.47055 -7.79469	
13.27	8.31779 1.28717 -6.32795	
13.28	6.94552 1.11297 -5.16869	
13.29	2.20052 1.8115 -0.885643	
13.3	0.0661325 2.08449 0.12421	
13.31	0.0418848 2.95098 0.0218263	
13.32	0.0681678 3.55638 0.0198216	
13.33	0.0433597 3.79472 -0.0178084	
13.34	0.0376773 4.00735 0.00616529	
13.35	0.0239871 4.35524 0.0208118	
13.36	0.0117692 5.02234 0.0381905	
13.37	0.00229684 5.59456 -0.00159981	
13.38	0.00491916 6.23442 0.0122504	
13.39	-7.62777e-05 6.85606 0.0026386	
13.4	-0.0053333 7.45994 0.00106241	
13.41	-0.00543037 7.88727 -0.0092635	
13.42	-0.00620444 8.24351 -0.00556646	
13.43	-0.00410748 8.63671 0.0047056	
13.44	-0.000112945 8.87841 -0.00992631	
13.45	-0.00186243 9.17016 0.00456051	
13.46	-0.00132577 9.4015 -0.00223451	
13.47	0.00311287 9.60009 0.00058646	
13.48	0.00235314 10.248 0.0463283	
13.49	2.62427 8.95808 0.658888	
13.5	1.43039 10.4239 12.372	
13.51	1.81934 9.86594 -5.81209	
13.52	-3.0742 10.3189 2.23015	
13.53	7.9167 8.42243 -4.06117	
13.54	3.18392 7.87477 6.25141	
13.55	0.540729 8.31348 -3.49686	
13.56	2.74294 8.22002 9.79932	
13.57	-1.58016 10.9802 -3.88771	
13.58	-1.67878 18.9269 6.32174	
13.59	-1.62163 20.0713 -16.7036	
13.6	-2.38987 21.2797 -9.17265	
13.61	-1.83697 20.5091 -9.64317	
13.62	-1.42839 16.9196 -7.92355	
13.63	-1.73313 13.1996 -11.0436	
13.64	-1.48774 10.6906 -10.2164	
13.65	-2.21186 6.92748 -17.896	
13.66	-7.05759 -3.32962 -21.8707	
13.67	-7.16171 -0.914844 -4.62452	
13.68	-3.27125 -0.464131 -10.404	
13.69	-2.48755 -0.0304163 -9.84451	
13.7	-2.36701 0.749934 -8.69179	
13.71	-9.87772 0.691935 -0.432201	
13.72	-9.18137 0.610282 0.0980753	
13.73	-7.35834 0.540936 0.219557	
13.74	-22.5976 0.137105 2.62644	
13.75	-8.64216 -0.404331 0.943877	
13.76	-5.33792 0.0733091 0.604578	
13.77	-7.43174 0.333696 -0.338716	
13.78	-7.77277 0.0269338 -2.18862	
13.79	-5.05373 0.194073 -1.40216	
13.8	-11.1141 0.101364 -1.33666	
13.81	-4.54245 0.258829 -1.10518	
13.82	-13.8469 0.336428 0.0172832	
13.83	-6.61331 0.252568 -1.76426	
13.84	-13.5326 0.322772 -1.31515	
13.85	-6.65973 0.329478 -1.00696	
13.86	-18.0871 0.452702 -0.845713	
13.87	-7.15158 0.267448 -1.68522	
13.88	-14.4114 0.307025 -1.77565	
13.89	-8.37848 0.445324 -0.75151	
13.9	-16.9354 0.478716 -1.50062	
13.91	-6.9151 0.523587 -1.13017	
13.92	-15.7377 0.0966328 -2.60632	
13.93	-10.7509 0.594432 -0.392971	
13.94	-9.83806 -1.24486 -3.78168	
13.95	-16.5695 0.669969 2.88169	
13.96	-16.3182 -21.4173 -68.9768	
13.97	48.8368 -23.7952 -66.041	
13.98	41.973 -17.7162 -52.4285	
13.99	37.9158 -12.4311 -41.7658	
14	33.3407 -8.63521 -33.1307	
14.01	28.655 -6.14487 -26.5033	
14.02	24.3259 -4.37916 -21.2238	
14.03	20.4818 -3.13044 -17.0423	
14.04	17.1568 -2.26086 -13.7637	
14.05	14.3601 -1.62893 -11.1672	
14.06	11.829 -1.22114 -9.22849	
14.07	9.28671 -1.04505 -8.19704	
14.08	7.71568 -0.781003 -6.7339	
14.09	5.55087 -0.819791 -6.77609	
14.1	4.58642 -0.639774 -5.59885	
14.11	3.78316 -0.503746 -4.64454	
14.12	3.11637 -0.398981 -3.86768	
14.13	2.34814 -0.377966 -3.58178	
14.14	1.85539 -0.328569 -3.11679	
14.15	1.52562 -0.264687 -2.62378	
14.16	1.25975 -0.208228 -2.216	
14.17	0.961307 -0.192845 -2.02379	
14.18	0.78493 -0.158549 -1.72968	
14.19	0.647636 -0.127093 -1.49006	
14.2	0.531286 -0.103456 -1.29375	
14.21	0.435654 -0.0834295 -1.13113	
14.22	0.356663 -0.0691625 -1.00173	
14.23	0.291345 -0.0568888 -0.893751	
14.24	0.237995 -0.0469414 -0.805711	
14.25	0.162986 -0.0500561 -0.802089	
14.26	0.109483 -0.113316 -1.1842	
14.27	0.0937874 -0.13267 -1.28708	
14.28	0.0736859 -0.193493 -1.64445	
14.29	0.0655955 -0.23493 -1.89163	
14.3	0.0596472 -0.384492 -2.76784	
14.31	0.0541361 -0.41562 -2.95679	
14.32	0.0609126 -0.72903 -4.76893	
14.33	0.0601344 -0.820807 -5.28431	
14.34	0.0707051 -1.15568 -7.14649	
14.35	0.0787512 -1.41139 -8.60074	
14.36	0.0901345 -1.768 -10.5104	
14.37	0.0965815 -1.98211 -11.6588	
14.38	0.105466 -2.23456 -12.9063	
14.39	0.111458 -2.36626 -13.6089	
14.4	0.122438 -2.66437 -15.1631	
14.41	0.143992 -3.13044 -17.4062	
14.42	0.156067 -3.39486 -18.6381	
14.43	0.167031 -3.70621 -20.1393	
14.44	0.188103 -4.22405 -22.4994	
14.45	0.195594 -4.40828 -23.5466	
14.46	0.21529 -4.77325 -25.2577	
14.47	0.170095 -3.76712 -20.7913	
14.48	0.134755 -2.98134 -17.124	
14.49	0.107477 -2.3758 -14.1128	
14.5	0.0856245 -1.89103 -11.6427	
14.51	0.0689286 -1.52141 -9.61453	
14.52	0.0559038 -1.23351 -7.95049	
14.53	0.0450147 -0.992663 -6.5886	
14.54	0.0362157 -0.798124 -5.47264	
14.55	0.0294026 -0.647773 -4.55693	
14.56	0.0237802 -0.523668 -3.80714	
14.57	0.0191965 -0.422506 -3.19293	
14.58	0.0155089 -0.34117 -2.68961	
14.59	0.0126101 -0.277326 -2.2769	
14.6	0.0101234 -0.222469 -1.93931	
14.61	0.0209479 2.3283 18.095	
14.62	0.0172129 1.92435 14.7436	
14.63	0.0141566 1.59433 11.9987	
14.64	0.0116206 1.3139 9.75202	
14.65	-0.313203 2.71331 35.7084	
14.66	-0.271685 2.46682 29.1415	
14.67	-0.231947 2.17234 23.7766	
14.68	-0.197481 1.90041 19.3835	
14.69	-0.176475 1.73191 17.4065	
14.7	-0.170077 1.72524 17.8146	
14.71	-0.156422 1.64046 16.7034	
14.72	-0.152644 1.67072 17.1608	
14.73	-0.142072 1.60607 16.2319	
14.74	-0.136655 1.58543 16.1987	
14.75	-0.132403 1.5493 15.3964	
14.76	-0.112287 1.32057 12.5303	
14.77	-0.0945458 1.11623 10.1852	
14.78	-23.9243 -0.364115 -1.11942	
14.79	2.65711 -0.884142 -1.42454	
14.8	-12.1596 0.27997 1.43777	
14.81	6.78727 -0.473493 0.52873	
14.82	-4.12095 -1.22772 -5.26929	
14.83	11.3046 -1.9106 -4.964	
14.84	-3.84184 -0.44913 -1.32467	
14.85	10.12 -1.1496 -2.48267	
14.86	-5.19416 -0.0981039 -0.39108	
14.87	9.00276 -0.633697 -1.29972	
14.88	-6.02895 -0.450665 -0.859319	
14.89	10.1027 1.37659 15.9824	
14.9	-7.62592 -0.569276 1.76712	
14.91	7.61669 -0.888112 0.0365677	
14.92	-9.28508 -0.138828 0.288224	
14.93	6.6729 -0.61518 -0.548989	
14.94	-9.81726 -0.187975 -0.626291	
14.95	7.0119 -0.620913 -0.901823	
14.96	-10.4796 -0.0568696 -0.0446798	
14.97	7.05492 -1.20139 -3.24592	
14.98	13.4958 -4.26892 3.94296	
14.99	13.8976 -3.31581 1.80484	
15	-17.8145 -2.61206 1.98459	
15.01	12.3385 -3.78873 -13.9733	
15.02	-6.46866 -2.16617 15.1361	
15.03	3.93891 -2.39157 -19.1764	
15.04	-5.85989 -1.06492 -6.40393	
15.05	-29.0963 3.14941 -1.30392	
15.06	13.6968 -2.71402 -12.4494	
15.07	-0.868876 -5.3472 19.8359	
15.08	-30.4199 -2.32963 8.60904	
15.09	-2.16371 -2.99898 -0.56727	
15.1	-5.83424 -0.652138 7.14524	
15.11	-3.29481 -3.22585 16.1691	
15.12	-2.54973 -1.73583 14.2704	
15.13	-5.38207 -1.21902 12.6089	
15.14	-25.7452 -0.709716 15.7843	
15.15	-5.51604 -0.094148 12.8247	
15.16	-21.1353 0.0867986 16.4585	
15.17	-27.3755 -18.3411 19.5824	
15.18	-7.05529 -12.0372 45.6507	
15.19	-2.66662 -8.01455 38.8005	
15.2	-22.1922 -4.84757 37.2543	
15.21	-34.0929 -2.09661 6.04268	
15.22	-16.8828 1.07828 1.45719	
15.23	-28.4439 -0.233758 -2.87675	
15.24	-18.0743 2.00158 3.10994	
15.25	-23.0103 1.43958 -1.79868	
15.26	-24.2041 2.57686 1.07413	
15.27	1.70952 -1.16626 -8.58396	
15.28	33.9194 -10.0372 -1.31048	
15.29	5.62784 -2.31552 -3.33168	
15.3	13.4359 -2.85363 -6.81965	
15.31	7.79257 -0.420016 -4.57278	
15.32	14.1161 1.42482 4.6034	
15.33	11.8709 1.19655 3.8697	
15.34	9.80815 1.04428 3.38812	
15.35	7.82775 0.89765 2.85673	
15.36	6.45211 0.761545 2.38676	
15.37	5.35318 0.647567 1.99487	
15.38	4.48541 0.540508 1.61874	
15.39	3.63544 0.454238 1.29701	
15.4	3.00709 0.377603 1.0171	
15.41	2.48904 0.312902 0.778917	
15.42	2.03176 0.259578 0.577691	
15.43	1.68357 0.209898 0.39045	
15.44	1.39587 0.175652 0.264819	
15.45	-22.3789 -0.573795 0.711155	
15.46	1.32648 -0.293581 -0.82676	
15.47	-21.8715 -0.233214 -0.135786	
15.48	1.85223 -0.277509 -0.457095	
15.49	-22.4038 0.133595 0.135734	
15.5	2.13191 -0.49157 -1.14898	
15.51	-22.6919 -0.0809568 1.06591	
15.52	2.73218 -1.05044 -2.86596	
15.53	2.11491 1.20572 -0.100095	
15.54	4.89614 -0.745996 -5.50556	
15.55	0.53387 1.33877 5.28599	
15.56	3.34124 0.789867 -4.19015	
15.57	5.5318 0.00446332 4.78076	
15.58	5.29242 -0.259538 -0.990138	
15.59	12.2405 -0.118576 4.8232	
15.6	9.64388 -1.99407 -2.26908	
15.61	5.1576 -1.75405 12.5111	
15.62	20.7844 -7.63423 28.9879	
15.63	-32.398 -5.02766 16.6869	
15.64	5.99164 -1.22739 -5.16671	
15.65	3.01756 -0.813318 -5.25792	
15.66	1.7184 -0.593229 -5.05417	
15.67	1.0536 -0.448658 -4.28758	
15.68	0.649522 -0.346914 -3.78578	
15.69	0.277072 -0.25941 -3.39899	
15.7	-0.0188442 -0.188207 -3.03961	
15.71	-0.0499427 -0.151845 -2.6796	
15.72	-0.158238 -0.11272 -2.35006	
15.73	-0.138439 -0.0916862 -2.02467	
15.74	-0.183819 -0.0678391 -1.75939	
15.75	-0.171496 -0.0534518 -1.52677	
15.76	-0.166856 -0.0410969 -1.33754	
15.77	-0.143538 -0.0329751 -1.17392	
15.78	0.152521 2.31031 17.9837	
15.79	0.0838963 1.98236 14.638	
15.8	0.0482921 1.66854 11.9109	
15.81	0.0397727 1.46338 10.3016	
15.82	0.0256876 1.21448 8.36403	
15.83	-0.042826 2.88031 33.8823	
15.84	-0.0656786 2.53735 27.6568	
15.85	-0.0771701 2.21427 22.5563	
15.86	-0.0822573 1.92457 18.3897	
15.87	-0.0758158 1.6255 14.985	
15.88	-0.0705257 1.38041 12.1923	
15.89	-0.0648625 1.17194 9.90597	
15.9	-0.0539066 0.964395 8.03946	
15.91	-0.046175 0.801655 6.51007	
15.92	-24.0721 -0.558861 -1.99283	
15.93	14.5428 -6.19402 -23.2604	
15.94	3.00032 -3.89296 7.87768	
15.95	7.23234 -1.90361 2.40115	
15.96	0.535284 -0.872395 -3.79111	
15.97	8.10257 -0.13724 -8.60954	
15.98	4.96081 -0.439742 -4.09499	
15.99	6.60915 0.0310271 -0.743763	
16	5.75947 -0.114668 -0.952916	
16.01	6.29175 -0.167684 -0.298574	
16.02	7.83198 -0.337687 -1.34858	
16.03	7.59245 2.47479 17.7185	
16.04	4.05649 1.9834 13.1623	
16.05	5.45371 -0.555662 -0.00456555	
16.06	2.34253 -0.237122 -0.53465	
16.07	5.01759 -0.341335 -0.603109	
16.08	2.37065 -0.161973 -0.451053	
16.09	5.88465 -0.327494 -0.550108	
16.1	3.47168 -0.165845 -0.301846	
16.11	5.99487 -0.305882 -0.503266	
16.12	4.9399 -0.340281 -0.486917	
16.13	5.88085 -0.359688 -0.483543	
16.14	5.8247 -0.339376 -0.348126	
16.15	9.70613 -0.94353 -9.90372	
16.16	-1.57364 1.27651 -1.51593	
16.17	3.01852 1.2023 -1.461	
16.18	0.413326 0.931714 -2.39688	
16.19	9.13805 0.793771 -3.5913	
16.2	6.01337 1.35519 -2.67609	
16.21	11.2766 1.30571 -1.58508	
16.22	9.16631 0.929831 -2.15929	
16.23	13.1939 0.168761 -4.3389	
16.24	12.8669 -0.27937 -6.25251	
16.25	5.17299 0.984376 -1.65654	
16.26	10.1155 1.00816 -3.52255	
16.27	4.56044 1.52282 -2.92226	
16.28	13.8451 1.33289 -3.4415	
16.29	11.5586 -0.714987 -2.24678	
16.3	16.3408 0.298797 -3.76973	
16.31	13.9307 -0.338229 -3.60362	
16.32	18.8797 0.0959943 -4.95978	
16.33	14.1127 -0.523672 -3.5634	
16.34	25.2632 0.175083 -1.04955	
16.35	14.6095 0.840992 -2.61158	
16.36	30.4766 0.869972 -7.28427	
16.37	23.4927 -0.055533 -4.02104	
16.38	19.4716 1.56768 -3.68409	
16.39	11.8576 6.13583 12.5436	
16.4	9.76948 5.49838 10.1601	
16.41	7.94901 4.86531 8.46267	
16.42	5.27088 5.34551 14.0263	
16.43	3.91698 4.83668 13.9952	
16.44	2.7918 4.50078 15.1144	
16.45	1.93725 4.49614 19.1124	
16.46	1.58145 3.70969 15.58	
16.47	19.6715 0.807457 1.9134	
16.48	-10.0361 0.36081 -3.15019	
16.49	26.6085 -8.92639 -27.0503	
16.5	-2.11303 -5.66694 17.3978	
16.51	17.0101 -4.26461 -2.03228	
16.52	3.88763 -0.357561 -1.79285	
16.53	3.24063 -0.931165 11.2966	
16.54	-17.9326 1.50761 -10.9634	
16.55	17.2604 -2.27683 -9.10617	
16.56	-1.79939 -1.22 4.70887	
16.57	19.4841 -0.948703 -1.51062	
16.58	16.2919 0.031792 -1.31584	
16.59	3.39722 0.661464 -5.56053	
16.6	2.87334 0.765067 -4.61286	
16.61	2.43047 0.836083 -3.82829	
16.62	2.04202 0.791195 -3.21121	
16.63	1.70155 0.725774 -2.69556	
16.64	1.41417 0.650107 -2.27525	
16.65	-4.46713 0.505605 -1.86747	
16.66	-0.877642 0.156613 -1.48898	
16.67	-5.97525 0.324874 -1.18426	
16.68	-3.78573 0.271881 -0.998818	
16.69	-7.60346 0.473994 -0.731574	
16.7	-4.63142 0.207951 -1.01851	
16.71	-8.37279 0.567832 0.207	
16.72	-4.68139 0.483237 0.94893	
16.73	2.96183 -1.07459 2.89914	
16.74	8.75838 -6.12032 8.26416	
16.75	-24.5578 -3.26573 8.62212	
16.76	6.51136 -4.79211 -14.3098	
16.77	-22.6259 -4.33102 -8.72867	
16.78	0.672786 -3.44552 -16.4952	
16.79	2.1322 -2.72296 -18.5291	
16.8	-25.331 -0.80478 -6.79291	
16.81	-6.53663 -1.69477 -16.1273	
16.82	-3.15196 -1.20143 -12.8296	
16.83	-2.58384 -1.03377 -11.1543	
16.84	-2.33149 -0.889073 -9.55265	
16.85	-1.93022 -0.746631 -8.09656	
16.86	-1.56347 -0.631769 -6.95061	
16.87	-1.31496 -0.527517 -5.85943	
16.88	-1.07986 -0.440422 -4.9674	
16.89	-0.817122 -0.361029 -4.19133	
16.9	-0.643371 -0.295184 -3.51817	
16.91	-0.523311 -0.244343 -2.9874	
16.92	-0.440383 -0.201762 -2.53139	
16.93	-0.365012 -0.165671 -2.14892	
16.94	-0.312401 -0.136293 -1.83157	
16.95	-0.248623 -0.111602 -1.57841	
16.96	0.0645111 2.7351 18.5148	
16.97	0.0696961 3.2579 25.5432	
16.98	0.0237232 2.79425 20.8228	
16.99	0.00756809 2.33337 16.9726	
17	-0.00751836 1.9627 13.8155	
17.01	-0.0175733 1.65071 11.2346	
17.02	-0.0166528 1.36057 9.12697	
17.03	-0.018694 1.13347 7.39841	
17.04	-0.0157592 0.93001 5.98528	
17.05	-0.0151141 0.77008 4.82737	
17.06	-0.0105836 0.62403 3.88243	
17.07	-0.062635 2.72261 24.2537	
17.08	-0.0611273 2.33999 19.7749	
17.09	-0.0558693 1.98153 16.113	
17.1	-0.0498024 1.66814 13.1153	
17.11	-0.0449679 1.41303 10.6609	
17.12	-0.0403713 1.19693 8.65125	
17.13	-0.0445483 1.15278 8.17203	
17.14	-0.0477859 1.12373 7.80539	
17.15	-0.0400114 0.931035 6.31769	
17.16	-0.0340071 0.777621 5.09794	
17.17	-0.0278448 0.636796 4.10171	
17.18	-0.0226059 0.519108 3.286	
17.19	-0.0186083 0.426306 2.61751	
17.2	-0.0150369 0.346661 2.07038	
17.21	-0.0121957 0.282461 1.62226	
17.22	-0.00981947 0.229277 1.25529	
17.23	-0.00779772 0.184796 0.954884	
17.24	-0.00610411 0.147905 0.708935	
17.25	-0.00497742 0.120871 0.507012	
17.26	-0.00387956 0.0965896 0.341926	
17.27	-0.00313714 0.0786167 0.206419	
17.28	-0.00248477 0.0633554 0.0955194	
17.29	-0.00200741 0.0515501 0.00455823	
17.3	-0.00161004 0.0418037 -0.0699209	
17.31	-0.00132745 0.0343453 -0.130988	
17.32	-0.00107157 0.0279388 -0.180948	
17.33	-0.000895244 0.0230977 -0.221928	
17.34	-0.000701616 0.0185316 -0.255403	
17.35	-0.000561187 0.0150138 -0.282852	
17.36	-0.000445259 0.0121213 -0.305334	
17.37	-0.000355543 0.00981656 -0.323749	
17.38	-0.000281356 0.00792007 -0.338835	
17.39	-0.00022227 0.00638715 -0.351196	
17.4	-0.000176943 0.00516905 -0.361326	
17.41	-0.000136829 0.00413499 -0.369616	
17.42	-0.000104413 0.00329321 -0.37641	
17.43	-7.75581e-05 0.00260007 -0.381974	
17.44	-5.48766e-05 0.0020239 -0.386531	
17.45	-4.01406e-05 0.00159895 -0.39027	
17.46	-3.03392e-05 0.0012786 -0.393336	
17.47	-2.01113e-05 0.000989277 -0.395845	
17.48	-1.3533e-05 0.000774308 -0.397903	
17.49	-7.89597e-06 0.000595171 -0.399588	
17.5	-5.13026e-06 0.000471105 -0.400971	
17.51	-3.16891e-06 0.000447107 -0.400968	
17.52	-1.86618e-06 0.000431163 -0.400966	
17.53	-1.18964e-06 0.000422887 -0.400965	
17.54	1.07169e-07 0.00040701 -0.400964	
17.55	5.76915e-07 0.000401263 -0.400963	
17.56	1.86046e-06 0.000385542 -0.400962	
17.57	2.30873e-06 0.000380053 -0.400961	
17.58	2.13855e-06 0.000382144 -0.400961	
17.59	3.20551e-06 0.000369071 -0.40096	
17.6	3.03582e-06 0.000371156 -0.40096	
17.61	4.08805e-06 0.000358259 -0.400959	
17.62	3.88719e-06 0.000360721 -0.400959	
17.63	4.33581e-06 0.000355226 -0.400959	
17.64	4.9623e-06 0.000347547 -0.400958	
17.65	5.41098e-06 0.00034205 -0.400958	
17.66	5.83654e-06 0.000336833 -0.400957	
17.67	6.26212e-06 0.000331615 -0.400957	
17.68	6.06128e-06 0.000334077 -0.400957	
17.69	6.6877e-06 0.000326397 -0.400957	
17.7	6.71918e-06 0.000326017 -0.400957	
17.71	7.31418e-06 0.000318716 -0.400956	
17.72	7.34552e-06 0.000318338 -0.400956	
17.73	7.96341e-06 0.00031076 -0.400955	
17.74	8.59831e-06 0.000302976 -0.400955	
17.75	8.58982e-06 0.000303078 -0.400955	
17.76	8.59831e-06 0.000302976 -0.400955	
17.77	9.8431e-06 0.000287704 -0.400954	
17.78	9.85161e-06 0.000287602 -0.400954	
17.79	9.85161e-06 0.000287602 -0.400954	
17.8	9.87448e-06 0.000287326 -0.400954	
17.81	1.05008e-05 0.000279643 -0.400953	
17.82	9.87448e-06 0.000287326 -0.400954	
17.83	9.87448e-06 0.000287326 -0.400954	
17.84	1.05008e-05 0.000279643 -0.400953	
17.85	1.05324e-05 0.000279262 -0.400953	
17.86	1.05008e-05 0.000279643 -0.400953	
17.87	1.05239e-05 0.000279365 -0.400953	
17.88	1.05239e-05 0.000279365 -0.400953	
17.89	1.05239e-05 0.000279365 -0.400953	
17.9	1.11501e-05 0.000271684 -0.400953	
17.91	1.11501e-05 0.000271684 -0.400953	
17.92	1.05558e-05 0.000278979 -0.400953	
17.93	1.05471e-05 0.000279085 -0.400953	
17.94	1.05324e-05 0.000279262 -0.400953	
17.95	1.05471e-05 0.000279085 -0.400953	
17.96	1.11733e-05 0.000271404 -0.400953	
17.97	1.05471e-05 0.000279085 -0.400953	
17.98	1.11733e-05 0.000271404 -0.400953	
17.99	1.1182e-05 0.000271299 -0.400953	
18	1.13829e-05 0.000268835 -0.400952	
18.01	1.13975e-05 0.000268658 -0.400952	
18.02	1.13829e-05 0.000268835 -0.400952	
18.03	1.13829e-05 0.000268835 -0.400952	
18.04	1.14064e-05 0.000268551 -0.400952	
18.05	1.14064e-05 0.000268551 -0.400952	
18.06	1.13975e-05 0.000268658 -0.400952	
18.07	1.14064e-05 0.000268551 -0.400952	
18.08	1.16309e-05 0.000265801 -0.400952	
18.09	1.16309e-05 0.000265801 -0.400952	
18.1	1.16309e-05 0.000265801 -0.400952	
18.11	1.18558e-05 0.000263048 -0.400952	
18.12	1.18318e-05 0.000263338 -0.400952	
18.13	1.14067e-05 0.000268553 -0.400952	
18.14	1.20327e-05 0.000260874 -0.400952	
18.15	1.28834e-05 0.000250442 -0.400951	
18.16	1.24344e-05 0.000255947 -0.400951	
18.17	1.26592e-05 0.000253194 -0.400951	
18.18	1.26592e-05 0.000253194 -0.400951	
18.19	1.28843e-05 0.000250438 -0.400951	
18.2	1.3061e-05 0.000248266 -0.400951	
18.21	1.30851e-05 0.000247974 -0.400951	
18.22	1.39361e-05 0.000237537 -0.40095	
18.23	1.4137e-05 0.000235073 -0.40095	
18.24	1.43379e-05 0.000232609 -0.40095	
18.25	1.3913e-05 0.000237823 -0.40095	
18.26	1.41384e-05 0.000235062 -0.40095	
18.27	1.43393e-05 0.000232597 -0.40095	
18.28	1.45402e-05 0.000230133 -0.400949	
18.29	1.47411e-05 0.000227668 -0.400949	
18.3	1.43411e-05 0.000232581 -0.40095	
18.31	1.51676e-05 0.00022244 -0.400949	
18.32	1.55694e-05 0.00021751 -0.400949	
18.33	1.51441e-05 0.000222734 -0.400949	
18.34	1.59706e-05 0.000212592 -0.400948	
18.35	1.57718e-05 0.000215036 -0.400948	
18.36	1.65982e-05 0.000204894 -0.400948	
18.37	1.7e-05 0.000199965 -0.400948	
18.38	1.67855e-05 0.0002026 -0.400948	
18.39	1.70118e-05 0.000199827 -0.400947	
18.4	1.73782e-05 0.000195329 -0.400947	
18.41	1.71893e-05 0.000197654 -0.400947	
18.42	1.7591e-05 0.000192725 -0.400947	
18.43	1.73673e-05 0.000195472 -0.400947	
18.44	1.75681e-05 0.000193007 -0.400947	
18.45	1.87868e-05 0.000178048 -0.400946	
18.46	1.83716e-05 0.000183147 -0.400946	
18.47	1.87991e-05 0.000177904 -0.400946	
18.48	1.91751e-05 0.000173286 -0.400946	
18.49	1.91522e-05 0.000173568 -0.400946	
18.5	2.017e-05 0.000161073 -0.400945	
18.51	2.01565e-05 0.000161242 -0.400945	
18.52	2.096e-05 0.000151379 -0.400945	
18.53	2.17798e-05 0.000141317 -0.400944	
18.54	2.21586e-05 0.000136667 -0.400944	
18.55	2.27479e-05 0.000129436 -0.400944	
18.56	2.35284e-05 0.000119853 -0.400943	
18.57	2.34564e-05 0.000120737 -0.400943	
18.58	2.34369e-05 0.000120983 -0.400943	
18.59	2.21401e-05 0.000136911 -0.400944	
18.6	2.19027e-05 0.00013983 -0.400944	
18.61	2.16416e-05 0.00014304 -0.400944	
18.62	2.15777e-05 0.000143825 -0.400944	
18.63	2.15595e-05 0.000144055 -0.400944	
18.64	2.1089e-05 0.000149834 -0.400944	
18.65	2.06185e-05 0.000155614 -0.400944	
18.66	1.95225e-05 0.000169072 -0.400945	
18.67	1.96773e-05 0.000167175 -0.400944	
18.68	1.92059e-05 0.000172967 -0.400945	
18.69	1.93313e-05 0.000171427 -0.400945	
18.7	1.92913e-05 0.000171924 -0.400944	
18.71	1.83658e-05 0.000183285 -0.400945	
18.72	1.83053e-05 0.000184031 -0.400945	
18.73	1.79789e-05 0.000188041 -0.400945	
18.74	1.7909e-05 0.000188902 -0.400945	
18.75	1.77848e-05 0.000190428 -0.400945	
18.76	1.72042e-05 0.000197551 -0.400946	
18.77	1.77429e-05 0.000190948 -0.400945	
18.78	1.79876e-05 0.000187943 -0.400945	
18.79	1.82714e-05 0.000184462 -0.400945	
18.8	1.89476e-05 0.000176163 -0.400944	
18.81	1.86265e-05 0.000180108 -0.400944	
18.82	1.75917e-05 0.000192807 -0.400945	
18.83	1.76716e-05 0.000191829 -0.400945	
18.84	1.75181e-05 0.000193714 -0.400945	
18.85	1.78218e-05 0.000189991 -0.400945	
18.86	1.7192e-05 0.000197722 -0.400945	
18.87	1.72373e-05 0.000197166 -0.400945	
18.88	1.72895e-05 0.000196531 -0.400945	
18.89	1.81366e-05 0.000186136 -0.400944	
18.9	1.89655e-05 0.000175965 -0.400944	
18.91	1.9987e-05 0.000163429 -0.400943	
18.92	2.04128e-05 0.000158206 -0.400943	
18.93	2.11743e-05 0.000148859 -0.400942	
18.94	2.13074e-05 0.000147224 -0.400942	
18.95	2.19125e-05 0.000139801 -0.400942	
18.96	2.22699e-05 0.000135412 -0.400942	
18.97	2.18046e-05 0.000141125 -0.400942	
18.98	2.11315e-05 0.000149387 -0.400942	
18.99	2.08917e-05 0.00015233 -0.400942	
19	2.0444e-05 0.000157826 -0.400943	
19.01	2.03831e-05 0.000158573 -0.400943	
19.02	1.94857e-05 0.000169591 -0.400943	
19.03	1.88198e-05 0.000177765 -0.400944	
19.04	1.83165e-05 0.000183943 -0.400944	
19.05	1.82457e-05 0.000184812 -0.400944	
19.06	-0.0037438 0.129285 4.1137	
19.07	0.00453208 0.237714 11.1708	
19.08	0.0042222 0.286975 13.2629	
19.09	0.0422196 0.233852 22.9391	
19.1	0.0325634 0.0883048 28.7675	
19.11	-0.0170262 0.351987 23.4767	
19.12	-0.0460992 0.494067 19.1451	
19.13	-0.0566854 0.525759 15.5976	
19.14	-0.0630038 0.536678 12.6941	
19.15	-0.0497491 0.621791 13.6542	
19.16	-0.0532889 0.602452 11.1022	
19.17	-0.0506182 0.545215 9.01427	
19.18	-0.0455739 0.477117 7.30627	
19.19	-0.0391832 0.404573 5.90956	
19.2	-0.033717 0.343421 4.76502	
19.21	-0.0289666 0.29131 3.82809	
19.22	-0.025472 0.251571 3.06042	
19.23	-0.020963 0.206793 2.43286	
19.24	0.312073 -2.22857 -21.2205	
19.25	0.479089 -2.59842 -24.2471	
19.26	0.377519 -2.03068 -19.9457	
19.27	0.299677 -1.60073 -16.419	
19.28	0.239429 -1.27158 -13.5274	
19.29	0.191771 -1.01307 -11.157	
19.3	0.249967 -2.13141 -19.1686	
19.31	0.201173 -1.71329 -15.7782	
19.32	0.160785 -1.36699 -13.0009	
19.33	0.131064 -1.11392 -10.7224	
19.34	0.106258 -0.902436 -8.85664	
19.35	0.0859426 -0.729237 -7.32874	
19.36	0.0697147 -0.591121 -6.07699	
19.37	0.0574224 -0.487096 -5.05052	
19.38	0.0468542 -0.39734 -4.21038	
19.39	0.0389307 -0.330493 -3.52144	
19.4	0.0316577 -0.26861 -2.95811	
19.41	0.0263653 -0.223976 -2.49592	
19.42	0.0218903 -0.186142 -2.11754	
19.43	0.0179274 -0.152442 -1.80805	
19.44	0.0148625 -0.126489 -1.55431	
19.45	0.0122471 -0.104275 -1.34659	
19.46	0.0100858 -0.085906 -1.17651	
19.47	0.00825479 -0.0703067 -1.03728	
19.48	0.0068468 -0.0583654 -0.923145	
19.49	0.00565845 -0.0482648 -0.829708	
19.5	0.00464784 -0.0396526 -0.753217	
19.51	0.00387876 -0.0331327 -0.690506	
19.52	0.00315657 -0.0269523 -0.639258	
19.53	0.0026029 -0.0222349 -0.597237	
19.54	0.0021302 -0.018196 -0.56285	
19.55	-0.255259 -3.25735 -14.6651	
19.56	-0.208729 -2.65992 -12.0866	
19.57	-0.170961 -2.1786 -9.97358	
19.58	-0.140534 -1.79629 -8.2406	
19.59	-0.115224 -1.47401 -6.82285	
19.6	-0.0942998 -1.20566 -5.66164	
19.61	-0.0771652 -0.985844 -4.71105	
19.62	-0.0630157 -0.8031 -3.93293	
19.63	-0.0515226 -0.655671 -3.29527	
19.64	-0.0422344 -0.537825 -2.77264	
19.65	-0.0347075 -0.443212 -2.34416	
19.66	-0.028514 -0.365034 -1.99341	
19.67	-0.0234323 -0.300793 -1.70617	
19.68	-0.0191951 -0.246427 -1.47115	
19.69	-0.0157222 -0.201838 -1.27868	
19.7	-0.0129241 -0.16641 -1.12083	
19.71	-0.010574 -0.136036 -0.991707	
19.72	-0.00869119 -0.112132 -0.885853	
19.73	-0.00711826 -0.0918409 -0.79922	
19.74	-0.00581092 -0.0747692 -0.728373	
19.75	-0.00474735 -0.0609591 -0.670297	
19.76	-0.00389864 -0.0501738 -0.622637	
19.77	-0.00320196 -0.0412993 -0.583634	
19.78	-0.00262071 -0.0337841 -0.551715	
19.79	-0.00214692 -0.0276795 -0.525578	
19.8	-0.00176595 -0.0228505 -0.504116	
19.81	-0.00145007 -0.0188012 -0.486575	
19.82	-0.00118897 -0.0154302 -0.472209	
19.83	-0.000978833 -0.0127564 -0.460428	
19.84	-0.00080641 -0.01056 -0.450775	
19.85	-0.000664303 -0.0087393 -0.442877	
19.86	-0.000546881 -0.00722453 -0.43641	
19.87	-0.000449393 -0.0059527 -0.43112	
19.88	-0.000370407 -0.00493125 -0.426784	
19.89	-0.000303896 -0.0040518 -0.423241	
19.9	-0.000249986 -0.00334434 -0.420339	
19.91	-0.000204952 -0.00274421 -0.417966	
19.92	-0.000168133 -0.00225441 -0.416021	
19.93	-0.000137506 -0.00184209 -0.414431	
19.94	-0.000112524 -0.00150657 -0.413129	
19.95	-9.24013e-05 -0.00123973 -0.412061	
19.96	-9.24138e-05 -0.00123999 -0.412062	
19.97	-9.22678e-05 -0.00123664 -0.412062	
19.98	-9.2363e-05 -0.00123884 -0.412061	
19.99	-9.2501e-05 -0.00124216 -0.41206	
20	-9.25182e-05 -0.00124241 -0.412061	
20.01	-9.25066e-05 -0.00124207 -0.412062	
20.02	-9.27405e-05 -0.00124751 -0.412061	
20.03	-9.28301e-05 -0.0012493 -0.412062	
20.04	-9.32067e-05 -0.00125807 -0.412061	
20.05	-9.33329e-05 -0.00126105 -0.412061	
20.06	-9.35454e-05 -0.00126584 -0.412061	
20.07	-9.38231e-05 -0.00127242 -0.412059	
20.08	-9.41852e-05 -0.00128085 -0.412058	
20.09	-9.44644e-05 -0.00128737 -0.412057	
20.1	-9.45313e-05 -0.00128884 -0.412058	
20.11	-9.49606e-05 -0.00129901 -0.412055	
20.12	-9.55299e-05 -0.00131237 -0.412053	
20.13	-9.57252e-05 -0.00131702 -0.412052	
20.14	-9.61507e-05 -0.00132703 -0.41205	
20.15	-9.65766e-05 -0.00133702 -0.412048	
20.16	-9.67006e-05 -0.00133999 -0.412047	
20.17	-9.68934e-05 -0.00134447 -0.412047	
20.18	-9.73784e-05 -0.00135587 -0.412045	
20.19	-9.78658e-05 -0.00136741 -0.412042	
20.2	-9.83487e-05 -0.00137887 -0.412039	
20.21	-9.90539e-05 -0.00139547 -0.412036	
20.22	-9.96055e-05 -0.00140858 -0.412033	
20.23	-0.000100157 -0.00142159 -0.41203	
20.24	-0.000100707 -0.00143468 -0.412027	
20.25	-0.000101036 -0.00144253 -0.412025	
20.26	-0.000101435 -0.00145204 -0.412022	
20.27	-0.000102054 -0.00146668 -0.412019	
20.28	-0.000102523 -0.00147772 -0.412017	
20.29	-0.000102993 -0.00148896 -0.412014	
20.3	-0.00010339 -0.00149844 -0.412011	
20.31	-0.000103856 -0.00150938 -0.412009	
20.32	-0.000104321 -0.0015205 -0.412006	
20.33	-0.000104568 -0.00152632 -0.412005	
20.34	-0.000104815 -0.00153223 -0.412003	
20.35	-0.000105283 -0.00154322 -0.412001	
20.36	-0.000105669 -0.00155233 -0.411999	
20.37	-0.000105991 -0.00156001 -0.411997	
20.38	-0.000106306 -0.00156745 -0.411996	
20.39	-0.000106474 -0.00157135 -0.411995	
20.4	-0.000106644 -0.00157543 -0.411994	
20.41	-0.000106811 -0.00157943 -0.411993	
20.42	-0.000107126 -0.00158677 -0.411992	
20.43	-0.000107293 -0.00159075 -0.411991	
20.44	-0.000107243 -0.00158948 -0.411992	
20.45	-0.000107341 -0.00159173 -0.411991	
20.46	-0.000107369 -0.00159234 -0.411992	
20.47	-0.00010725 -0.00158943 -0.411993	
20.48	-0.000107199 -0.00158816 -0.411993	
20.49	-0.000106866 -0.00158017 -0.411996	
20.5	-0.00010682 -0.00157902 -0.411996	
20.51	-0.00010649 -0.00157111 -0.411999	
20.52	-0.000106378 -0.00156841 -0.412	
20.53	-0.000106051 -0.00156051 -0.412002	
20.54	-0.00010601 -0.00155947 -0.412003	
20.55	-0.00010569 -0.00155178 -0.412005	
20.56	-0.000105368 -0.00154394 -0.412008	
20.57	-0.000104902 -0.00153272 -0.412012	
20.58	-0.00010465 -0.00152662 -0.412014	
20.59	-0.000104263 -0.00151731 -0.412017	
20.6	-0.000103794 -0.00150602 -0.41202	
20.61	-0.000103539 -0.00149989 -0.412022	
20.62	-0.000103219 -0.00149221 -0.412024	
20.63	-0.000102969 -0.00148621 -0.412026	
20.64	-0.000102561 -0.00147641 -0.412029	
20.65	-0.000102237 -0.00146861 -0.412032	
20.66	-0.000101982 -0.00146249 -0.412034	
20.67	-0.000101947 -0.00146165 -0.412034	
20.68	-0.000101773 -0.00145742 -0.412035	
20.69	-0.000101514 -0.00145118 -0.412037	
20.7	-0.000101479 -0.00145037 -0.412038	
20.71	-0.00010115 -0.00144247 -0.41204	
20.72	-0.00010104 -0.00143986 -0.412041	
20.73	-0.000100925 -0.00143711 -0.412041	
20.74	-0.000100746 -0.00143284 -0.412042	
20.75	-0.000100631 -0.00143016 -0.412043	
20.76	-0.000100521 -0.0014275 -0.412044	
20.77	-0.0001004 -0.00142461 -0.412044	
20.78	-0.000100435 -0.00142551 -0.412044	
20.79	-0.00010069 -0.00143155 -0.412042	
20.8	-0.000100645 -0.00143048 -0.412043	
20.81	-0.000100821 -0.0014347 -0.412041	
20.82	-0.00010092 -0.00143711 -0.412041	
20.83	-0.000101026 -0.00143959 -0.41204	
20.84	-0.000101196 -0.00144365 -0.412039	
20.85	-0.000101296 -0.00144599 -0.412039	
20.86	-0.000101471 -0.00145014 -0.412038	
20.87	-0.000101491 -0.00145067 -0.412037	
20.88	-0.000101731 -0.00145641 -0.412036	
20.89	-0.000101971 -0.00146206 -0.412035	
20.9	-0.000102286 -0.00146952 -0.412033	
20.91	-0.000102665 -0.00147858 -0.41203	
20.92	-0.000102825 -0.00148234 -0.41203	
20.93	-0.000110573 -0.00166752 -0.411978	
20.94	-0.000110573 -0.00166752 -0.411978	
20.95	-0.000110567 -0.00166736 -0.411979	
20.96	-0.000110567 -0.00166736 -0.411979	
20.97	-0.000110573 -0.00166752 -0.411978	
20.98	-0.000110573 -0.00166752 -0.411978	
20.99	-0.000110573 -0.00166752 -0.411978	
21	-0.000110579 -0.00166767 -0.411978	
21.01	-0.000110579 -0.00166767 -0.411978	
21.02	-0.000110579 -0.00166767 -0.411978	
21.03	-0.000110579 -0.00166767 -0.411978	
21.04	-0.000110793 -0.00167281 -0.411977	
21.05	-0.000111007 -0.00167795 -0.411975	
21.06	-0.000110579 -0.00166767 -0.411978	
21.07	-0.000110793 -0.00167281 -0.411977	
21.08	-0.000110793 -0.00167281 -0.411977	
21.09	-0.000110579 -0.00166767 -0.411978	
21.1	-0.000111008 -0.00167804 -0.411975	
21.11	-0.000111434 -0.00168823 -0.411972	
21.12	-0.000111008 -0.00167804 -0.411975	
21.13	-0.000111435 -0.00168832 -0.411972	
21.14	-0.000111655 -0.00169361 -0.41197	
21.15	-0.0001108 -0.00167306 -0.411976	
21.16	-0.000111226 -0.00168324 -0.411973	
21.17	-0.000110799 -0.00167296 -0.411977	
21.18	-0.000111012 -0.0016781 -0.411975	
21.19	-0.00011122 -0.00168309 -0.411974	
21.2	-0.00011144 -0.00168838 -0.411972	
21.21	-0.000111861 -0.0016985 -0.411969	
21.22	-0.000111646 -0.00169328 -0.411971	
21.23	-0.000112078 -0.00170369 -0.411967	
21.24	-0.000112072 -0.00170354 -0.411967	
21.25	-0.000112285 -0.00170867 -0.411966	
21.26	-0.000112279 -0.00170852 -0.411966	
21.27	-0.000112492 -0.00171365 -0.411964	
21.28	-0.000112481 -0.00171335 -0.411964	
21.29	-0.000112475 -0.0017132 -0.411965	
21.3	-0.000112688 -0.00171832 -0.411963	
21.31	-0.000112677 -0.00171812 -0.411963	
21.32	-0.00011267 -0.00171788 -0.411963	
21.33	-0.000112654 -0.00171745 -0.411963	
21.34	-0.000112648 -0.00171731 -0.411964	
21.35	-0.00011051 -0.0016659 -0.411979	
21.36	-0.000110498 -0.00166561 -0.41198	
21.37	-0.000110489 -0.00166542 -0.41198	
21.38	-0.000110482 -0.00166519 -0.41198	
21.39	-0.000110477 -0.00166505 -0.41198	
21.4	-0.000110691 -0.0016702 -0.411978	
21.41	-0.00011068 -0.00166993 -0.411979	
21.42	-0.000110675 -0.00166979 -0.411979	
21.43	-0.000110675 -0.00166979 -0.411979	
21.44	-0.000110243 -0.00165945 -0.411982	
21.45	-0.000110461 -0.00166464 -0.41198	
21.46	-0.000110455 -0.00166451 -0.41198	
21.47	-0.000110452 -0.00166446 -0.41198	
21.48	-0.000110452 -0.00166446 -0.41198	
21.49	-0.000110453 -0.00166455 -0.41198	
21.5	-0.000110239 -0.0016594 -0.411981	
21.51	-0.000110453 -0.00166455 -0.41198	
21.52	-0.000110456 -0.00166473 -0.411979	
21.53	-0.000110231 -0.00165909 -0.411982	
21.54	-0.000110452 -0.00166446 -0.41198	
21.55	-0.000110448 -0.00166441 -0.41198	
21.56	-0.000110449 -0.0016645 -0.41198	
21.57	-0.00011066 -0.00166947 -0.411979	
21.58	-0.000110662 -0.00166956 -0.411978	
21.59	-0.000110448 -0.00166441 -0.41198	
21.6	-0.000110449 -0.0016645 -0.41198	
21.61	-0.000110232 -0.00165918 -0.411982	
21.62	-0.000110445 -0.00166424 -0.411981	
21.63	-0.000110232 -0.00165918 -0.411982	
21.64	-0.000110445 -0.00166424 -0.411981	
21.65	-0.000110445 -0.00166424 -0.411981	
21.66	-0.000110445 -0.00166424 -0.411981	
21.67	-0.000110445 -0.00166424 -0.411981	
21.68	-0.000109598 -0.00164391 -0.411987	
21.69	-0.000110471 -0.00166492 -0.41198	
21.7	-0.00011051 -0.0016659 -0.411979	
21.71	-0.000110127 -0.00165677 -0.411982	
21.72	-0.00011018 -0.00165815 -0.411981	
21.73	-0.000110269 -0.00166041 -0.41198	
21.74	-0.000109934 -0.00165244 -0.411982	
21.75	-0.000109873 -0.00165111 -0.411981	
21.76	-0.0001098 -0.00164948 -0.411981	
21.77	-0.00010974 -0.00164821 -0.41198	
21.78	-0.000111435 -0.0016894 -0.411965	
21.79	-0.000111306 -0.00168632 -0.411966	
21.8	-0.000111405 -0.00168881 -0.411965	
21.81	-0.000111283 -0.00168598 -0.411965	
21.82	-0.000111356 -0.00168782 -0.411964	
21.83	-0.000111204 -0.00168415 -0.411965	
21.84	-0.000111269 -0.00168578 -0.411965	
21.85	-0.000111122 -0.0016823 -0.411965	
21.86	-0.000111155 -0.00168314 -0.411965	
21.87	-0.000111198 -0.00168413 -0.411965	
21.88	-0.000111232 -0.00168498 -0.411964	
21.89	-0.000111266 -0.00168584 -0.411964	
21.9	-0.0001113 -0.00168671 -0.411963	
21.91	-0.000111312 -0.001687 -0.411963	
21.92	-0.00011111 -0.00168216 -0.411965	
21.93	-0.000111347 -0.00168787 -0.411963	
21.94	-0.000111145 -0.00168304 -0.411964	
21.95	-0.000111154 -0.00168319 -0.411964	
21.96	-0.000111178 -0.00168378 -0.411964	
21.97	-0.000111178 -0.00168378 -0.411964	
21.98	-0.000111202 -0.00168437 -0.411964	
21.99	-0.00011119 -0.00168407 -0.411964	
22	-0.000111202 -0.00168437 -0.411964	
22.01	-0.000111213 -0.00168467 -0.411964	
22.02	-0.000111213 -0.00168467 -0.411964	
22.03	-0.000111213 -0.00168467 -0.411964	
22.04	-0.000111225 -0.00168497 -0.411964	
22.05	-0.000111225 -0.00168497 -0.411964	
22.06	-0.000111225 -0.00168497 -0.411964	
22.07	-0.000111237 -0.00168526 -0.411963	
22.08	-0.000111237 -0.00168526 -0.411963	
22.09	-0.000111237 -0.00168526 -0.411963	
22.1	-0.000111249 -0.00168556 -0.411963	
22.11	-0.000111237 -0.00168526 -0.411963	
22.12	-0.000111237 -0.00168526 -0.411963	
22.13	-0.000111249 -0.00168556 -0.411963	
22.14	-0.000111249 -0.00168556 -0.411963	
22.15	-0.000111249 -0.00168556 -0.411963	
22.16	-0.000111249 -0.00168556 -0.411963	
22.17	-0.000111462 -0.00169069 -0.411962	
22.18	-0.000111249 -0.00168556 -0.411963	
22.19	-0.000111259 -0.00168572 -0.411964	
22.2	-0.000111249 -0.00168556 -0.411963	
22.21	-0.000111249 -0.00168556 -0.411963	
22.22	-0.000111249 -0.00168556 -0.411963	
22.23	-0.000111249 -0.00168556 -0.411963	
22.24	-0.000111247 -0.00168542 -0.411964	
22.25	-0.000111261 -0.00168586 -0.411963	
22.26	-0.000111261 -0.00168586 -0.411963	
22.27	-0.000111249 -0.00168556 -0.411963	
22.28	-0.000111259 -0.00168572 -0.411964	
22.29	-0.000111249 -0.00168556 -0.411963	
22.3	-0.000111249 -0.00168556 -0.411963	
22.31	-0.000111261 -0.00168586 -0.411963	
22.32	-0.000111261 -0.00168586 -0.411963	
22.33	-0.000111259 -0.00168572 -0.411964	
22.34	-0.000111259 -0.00168572 -0.411964	
22.35	-0.000111259 -0.00168572 -0.411964	
22.36	-0.000111261 -0.00168586 -0.411963	
22.37	-0.000111261 -0.00168586 -0.411963	
22.38	-0.000111261 -0.00168586 -0.411963	
22.39	-0.000111249 -0.00168556 -0.411963	
22.4	-0.000111261 -0.00168586 -0.411963	
22.41	-0.000111259 -0.00168572 -0.411964	
22.42	-0.000111259 -0.00168572 -0.411964	
22.43	-0.000111259 -0.00168572 -0.411964	
22.44	-0.000111259 -0.00168572 -0.411964	
22.45	-0.000111259 -0.00168572 -0.411964	
22.46	-0.000111261 -0.00168586 -0.411963	
22.47	-0.000111259 -0.00168572 -0.411964	
22.48	-0.000111261 -0.00168586 -0.411963	
22.49	-0.000111261 -0.00168586 -0.411963	
22.5	-0.000111259 -0.00168572 -0.411964	
22.51	-0.000111259 -0.00168572 -0.411964	
22.52	-0.000111261 -0.00168586 -0.411963	
22.53	-0.000111249 -0.00168556 -0.411963	
22.54	-0.000111261 -0.00168586 -0.411963	
22.55	-0.000111261 -0.00168586 -0.411963	
22.56	-0.000111259 -0.00168572 -0.411964	
22.57	-0.000111261 -0.00168586 -0.411963	
22.58	-0.000111261 -0.00168586 -0.411963	
22.59	-0.000111261 -0.00168586 -0.411963	
22.6	-0.000111259 -0.00168572 -0.411964	
22.61	-0.000111259 -0.00168572 -0.411964	
22.62	-0.000111261 -0.00168586 -0.411963	
22.63	-0.000111259 -0.00168572 -0.411964	
22.64	-0.000111261 -0.00168586 -0.411963	
22.65	-0.000111249 -0.00168556 -0.411963	
22.66	-0.000111472 -0.00169085 -0.411962	
22.67	-0.000111472 -0.00169085 -0.411962	
22.68	-0.000111261 -0.00168586 -0.411963	
22.69	-0.000111259 -0.00168572 -0.411964	
22.7	-0.000111261 -0.00168586 -0.411963	
22.71	-0.000111261 -0.00168586 -0.411963	
22.72	-0.000111249 -0.00168556 -0.411963	
22.73	-0.000111261 -0.00168586 -0.411963	
22.74	-0.000111261 -0.00168586 -0.411963	
22.75	-0.000111261 -0.00168586 -0.411963	
22.76	-0.000111261 -0.00168586 -0.411963	
22.77	-0.000111261 -0.00168586 -0.411963	
22.78	-0.000111247 -0.00168542 -0.411964	
22.79	-0.000111261 -0.00168586 -0.411963	
22.8	-0.000111261 -0.00168586 -0.411963	
22.81	-0.000111261 -0.00168586 -0.411963	
22.82	-0.000111259 -0.00168572 -0.411964	
22.83	-0.000111259 -0.00168572 -0.411964	
22.84	-0.000111261 -0.00168586 -0.411963	
22.85	-0.000111261 -0.00168586 -0.411963	
22.86	-0.000111261 -0.00168586 -0.411963	
22.87	-0.000111261 -0.00168586 -0.411963	
22.88	-0.000111259 -0.00168572 -0.411964	
22.89	-0.000111261 -0.00168586 -0.411963	
22.9	-0.000111259 -0.00168572 -0.411964	
22.91	-0.000111261 -0.00168586 -0.411963	
22.92	-0.000111249 -0.00168556 -0.411963	
22.93	-0.000111261 -0.00168586 -0.411963	
22.94	-0.000111261 -0.00168586 -0.411963	
22.95	-0.000111259 -0.00168572 -0.411964	
22.96	-0.000111259 -0.00168572 -0.411964	
22.97	-0.000111259 -0.00168572 -0.411964	
22.98	-0.000111261 -0.00168586 -0.411963	
22.99	-0.000111261 -0.00168586 -0.411963	
23	-0.000111259 -0.00168572 -0.411964	
23.01	-0.000111259 -0.00168572 -0.411964	
23.02	-0.000111261 -0.00168586 -0.411963	
23.03	-0.000111259 -0.00168572 -0.411964	
23.04	-0.000111261 -0.00168586 -0.411963	
23.05	-0.000111261 -0.00168586 -0.411963	
23.06	-0.000111261 -0.00168586 -0.411963	
23.07	-0.000111261 -0.00168586 -0.411963	
23.08	-0.000111261 -0.00168586 -0.411963	
23.09	-0.000111259 -0.00168572 -0.411964	
23.1	-0.000111259 -0.00168572 -0.411964	
23.11	-0.000111259 -0.00168572 -0.411964	
23.12	-0.000111259 -0.00168572 -0.411964	
23.13	-0.000111259 -0.00168572 -0.411964	
23.14	-0.000111249 -0.00168556 -0.411963	
