# Gnuplot File : velocities of 1 particle(s) Monitored
# 1st Column : time, others : particle(s) number 0 
0.01	0 0 -0.0365586	
0.02	0 0 -0.0632893	
0.03	0 0 -0.082834	
0.04	0 0 -0.0971245	
0.05	0 0 -0.107573	
0.06	0 0 -0.115213	
0.07	0 0 -0.120799	
0.08	0 0 -0.124884	
0.09	0 0 -0.12787	
0.1	0 0 -0.130054	
0.11	0 0 -0.13165	
0.12	0 0 -0.132818	
0.13	0 0 -0.133671	
0.14	0 0 -0.134295	
0.15	0 0 -0.134752	
0.16	0 0 -0.134752	
0.17	0 0 -0.134752	
0.18	0 0 -0.134752	
0.19	0 0 -0.134752	
0.2	0 0 -0.134752	
0.21	0 0 -0.134752	
0.22	0 0 -0.134752	
0.23	0 0 -0.134752	
0.24	0 0 -0.134752	
0.25	0 0 -0.134752	
0.26	0 0 -0.134752	
0.27	0 0 -0.134752	
0.28	0 0 -0.134752	
0.29	0 0 -0.134752	
0.3	0 0 -0.134752	
0.31	0 0 -0.134752	
0.32	0 0 -0.134752	
0.33	0 0 -0.134752	
0.34	0 0 -0.134752	
0.35	0 0 -0.134752	
0.36	0 0 -0.134752	
0.37	0 0 -0.134752	
0.38	0 0 -0.134752	
0.39	0 0 -0.134752	
0.4	0 0 -0.134752	
0.41	0 0 -0.134752	
0.42	0 0 -0.134752	
0.43	0 0 -0.134752	
0.44	0 0 -0.134752	
0.45	0 0 -0.134752	
0.46	0 0 -0.134752	
0.47	0 0 -0.134752	
0.48	0 0 -0.134752	
0.49	0 0 -0.134752	
0.5	0 0 -0.134752	
0.51	0 0 -0.134752	
0.52	0 0 -0.134752	
0.53	0 0 -0.134752	
0.54	0 0 -0.134752	
0.55	0 0 -0.134752	
0.56	0 0 -0.134752	
0.57	0 0 -0.134752	
0.58	0 0 -0.134752	
0.59	0 0 -0.134752	
0.6	0 0 -0.134752	
0.61	0 0 -0.134752	
0.62	0 0 -0.134752	
0.63	0 0 -0.134752	
0.64	0 0 -0.134752	
0.65	0 0 -0.134752	
0.66	0 0 -0.134752	
0.67	0 0 -0.134752	
0.68	0 0 -0.134752	
0.69	0 0 -0.134752	
0.7	0 0 -0.134752	
0.71	0 0 -0.134752	
0.72	0 0 -0.134752	
0.73	0 0 -0.134752	
0.74	0 0 -0.134752	
0.75	0 0 -0.134752	
0.76	0 0 -0.134752	
0.77	0 0 -0.134752	
0.78	0 0 -0.134752	
0.79	0 0 -0.134752	
0.8	0 0 -0.134752	
0.81	0 0 -0.134752	
0.82	0 0 -0.134752	
0.83	0 0 -0.134752	
0.84	0 0 -0.134752	
0.85	0 0 -0.134752	
0.86	0 0 -0.134752	
0.87	0 0 -0.134752	
0.88	0 0 -0.134752	
0.89	0 0 -0.134752	
0.9	0 0 -0.134752	
0.91	0 0 -0.134752	
0.92	0 0 -0.134752	
0.93	0 0 -0.134752	
0.94	0 0 -0.134752	
0.95	0 0 -0.134752	
0.96	0 0 -0.134752	
0.97	0 0 -0.134752	
0.98	0 0 -0.134752	
0.99	0 0 -0.134752	
1	0 0 -0.134752	
1.01	0 0 -0.134752	
1.02	0 0 -0.134752	
1.03	0 0 -0.134752	
1.04	0 0 -0.134752	
1.05	0 0 -0.134752	
1.06	0 0 -0.134752	
1.07	0 0 -0.134752	
1.08	0 0 -0.134752	
1.09	0 0 -0.134752	
1.1	0 0 -0.134752	
1.11	0 0 -0.134752	
1.12	0 0 -0.134752	
1.13	0 0 -0.134752	
1.14	0 0 -0.134752	
1.15	0 0 -0.134752	
1.16	0 0 -0.134752	
1.17	0 0 -0.134752	
1.18	0 0 -0.134752	
1.19	0 0 -0.134752	
1.2	0 0 -0.134752	
1.21	0 0 -0.134752	
1.22	0 0 -0.134752	
1.23	0 0 -0.134752	
1.24	0 0 -0.134752	
1.25	0 0 -0.134752	
1.26	0 0 -0.134752	
1.27	0 0 -0.134752	
1.28	0 0 -0.134752	
1.29	0 0 -0.134752	
1.3	0 0 -0.134752	
1.31	0 0 -0.134752	
1.32	0 0 -0.134752	
1.33	0 0 -0.134752	
1.34	0 0 -0.134752	
1.35	0 0 -0.134752	
1.36	0 0 -0.134752	
1.37	0 0 -0.134752	
1.38	0 0 -0.134752	
1.39	0 0 -0.134752	
1.4	0 0 -0.134752	
1.41	0 0 -0.134752	
1.42	0 0 -0.134752	
1.43	0 0 -0.134752	
1.44	0 0 -0.134752	
1.45	0 0 -0.134752	
1.46	0 0 -0.134752	
1.47	0 0 -0.134752	
1.48	0 0 -0.134752	
1.49	0 0 -0.134752	
1.5	0 0 -0.134752	
1.51	0 0 -0.134752	
1.52	0 0 -0.134752	
1.53	0 0 -0.134752	
1.54	0 0 -0.134752	
1.55	0 0 -0.134752	
1.56	0 0 -0.134752	
1.57	0 0 -0.134752	
1.58	0 0 -0.134752	
1.59	0 0 -0.134752	
1.6	0 0 -0.134752	
1.61	0 0 -0.134752	
1.62	0 0 -0.134752	
1.63	0 0 -0.134752	
1.64	0 0 -0.134752	
1.65	0 0 -0.134752	
1.66	0 0 -0.134752	
1.67	0 0 -0.134752	
1.68	0 0 -0.134752	
1.69	0 0 -0.134752	
1.7	0 0 -0.134752	
1.71	0 0 -0.134752	
1.72	0 0 -0.134752	
1.73	0 0 -0.134752	
1.74	0 0 -0.134752	
1.75	0 0 -0.134752	
1.76	0 0 -0.134752	
1.77	0 0 -0.134752	
1.78	0 0 -0.134752	
1.79	0 0 -0.134752	
1.8	0 0 -0.134752	
1.81	0 0 -0.134752	
1.82	0 0 -0.134752	
1.83	0 0 -0.134752	
1.84	0 0 -0.134752	
1.85	0 0 -0.134752	
1.86	0 0 -0.134752	
1.87	0 0 -0.134752	
1.88	0 0 -0.134752	
1.89	0 0 -0.134752	
1.9	0 0 -0.134752	
1.91	0 0 -0.134752	
1.92	0 0 -0.134752	
1.93	0 0 -0.134752	
1.94	0 0 -0.134752	
1.95	0 0 -0.134752	
1.96	0 0 -0.134752	
1.97	0 0 -0.134752	
1.98	0 0 -0.134752	
1.99	0 0 -0.134752	
2	0 0 -0.134752	
2.01	0 0 -0.134752	
2.02	0 0 -0.134752	
2.03	0 0 -0.134752	
2.04	0 0 -0.134752	
2.05	0 0 -0.134752	
2.06	0 0 -0.134752	
2.07	0 0 -0.134752	
2.08	0 0 -0.134752	
2.09	0 0 -0.134752	
2.1	0 0 -0.134752	
2.11	0 0 -0.134752	
2.12	0 0 -0.134752	
2.13	0 0 -0.134752	
2.14	0 0 -0.134752	
2.15	0 0 -0.134752	
2.16	0 0 -0.134752	
2.17	0 0 -0.134752	
2.18	0 0 -0.134752	
2.19	0 0 -0.134752	
2.2	0 0 -0.134752	
2.21	0 0 -0.134752	
2.22	0 0 -0.134752	
2.23	0 0 -0.134752	
2.24	0 0 -0.134752	
2.25	0 0 -0.134752	
2.26	0 0 -0.134752	
2.27	0 0 -0.134752	
2.28	0 0 -0.134752	
2.29	0 0 -0.134752	
2.3	0 0 -0.134752	
2.31	0 0 -0.134752	
2.32	0 0 -0.134752	
2.33	0 0 -0.134752	
2.34	0 0 -0.134752	
2.35	0 0 -0.134752	
2.36	0 0 -0.134752	
2.37	0 0 -0.134752	
2.38	0 0 -0.134752	
2.39	0 0 -0.134752	
2.4	0 0 -0.134752	
2.41	0 0 -0.134752	
2.42	0 0 -0.134752	
2.43	0 0 -0.134752	
2.44	0 0 -0.134752	
2.45	0 0 -0.134752	
2.46	0 0 -0.134752	
2.47	0 0 -0.134752	
2.48	0 0 -0.134752	
2.49	0 0 -0.134752	
2.5	0 0 -0.134752	
2.51	0 0 -0.134752	
2.52	0 0 -0.134752	
2.53	0 0 -0.134752	
2.54	0 0 -0.134752	
2.55	0 0 -0.134752	
2.56	0 0 -0.134752	
2.57	0 0 -0.134752	
2.58	0 0 -0.134752	
2.59	0 0 -0.134752	
2.6	0 0 -0.134752	
2.61	0 0 -0.134752	
2.62	0 0 -0.134752	
2.63	0 0 -0.134752	
2.64	0 0 -0.134752	
2.65	0 0 -0.134752	
2.66	0 0 -0.134752	
2.67	0 0 -0.134752	
2.68	0 0 -0.134752	
2.69	0 0 -0.134752	
2.7	0 0 -0.134752	
2.71	0 0 -0.134752	
2.72	0 0 -0.134752	
2.73	0 0 -0.134752	
2.74	0 0 -0.134752	
2.75	0 0 -0.134752	
2.76	0 0 -0.134752	
2.77	0 0 -0.134752	
2.78	0 0 -0.134752	
2.79	0 0 -0.134752	
2.8	0 0 -0.134752	
2.81	0 0 -0.134752	
2.82	0 0 -0.134752	
2.83	0 0 -0.134752	
2.84	0 0 -0.134752	
2.85	0 0 -0.134752	
2.86	0 0 -0.134752	
2.87	0 0 -0.134752	
2.88	0 0 -0.134752	
2.89	0 0 -0.134752	
2.9	0 0 -0.134752	
2.91	0 0 -0.134752	
2.92	0 0 -0.134752	
2.93	0 0 -0.134752	
2.94	0 0 -0.134752	
2.95	0 0 -0.134752	
2.96	0 0 -0.134752	
2.97	0 0 -0.134752	
2.98	0 0 -0.134752	
2.99	0 0 -0.134752	
3	0 0 -0.134752	
3.01	0 0 -0.134752	
3.02	0 0 -0.134752	
3.03	0 0 -0.134752	
3.04	0 0 -0.134752	
3.05	0 0 -0.134752	
3.06	0 0 -0.134752	
3.07	0 0 -0.134752	
3.08	0 0 -0.134752	
3.09	0 0 -0.134752	
3.1	0 0 -0.134752	
3.11	0 0 -0.134752	
3.12	0 0 -0.134752	
3.13	0 0 -0.134752	
3.14	0 0 -0.134752	
3.15	0 0 -0.134752	
3.16	0 0 -0.134752	
3.17	0 0 -0.134752	
3.18	0 0 -0.134752	
3.19	0 0 -0.134752	
3.2	0 0 -0.134752	
3.21	0 0 -0.134752	
3.22	0 0 -0.134752	
3.23	0 0 -0.134752	
3.24	0 0 -0.134752	
3.25	0 0 -0.134752	
3.26	0 0 -0.134752	
3.27	0 0 -0.134752	
3.28	0 0 -0.134752	
3.29	0 0 -0.134752	
3.3	0 0 -0.134752	
3.31	0 0 -0.134752	
3.32	0 0 -0.134752	
3.33	0 0 -0.134752	
3.34	0 0 -0.134752	
3.35	0 0 -0.134752	
3.36	0 0 -0.134752	
3.37	0 0 -0.134752	
3.38	0 0 -0.134752	
3.39	0 0 -0.134752	
3.4	0 0 -0.134752	
3.41	0 0 -0.134752	
3.42	0 0 -0.134752	
3.43	0 0 -0.134752	
3.44	0 0 -0.134752	
3.45	0 0 -0.134752	
3.46	0 0 -0.134752	
3.47	0 0 -0.134752	
3.48	0 0 -0.134752	
3.49	0 0 -0.134752	
3.5	0 0 -0.134752	
3.51	0 0 -0.134752	
3.52	0 0 -0.134752	
3.53	0 0 -0.134752	
3.54	0 0 -0.134752	
3.55	0 0 -0.134752	
3.56	0 0 -0.134752	
3.57	0 0 -0.134752	
3.58	0 0 -0.134752	
3.59	0 0 -0.134752	
3.6	0 0 -0.134752	
3.61	0 0 -0.134752	
3.62	0 0 -0.134752	
3.63	0 0 -0.134752	
3.64	0 0 -0.134752	
3.65	0 0 -0.134752	
3.66	0 0 -0.134752	
3.67	0 0 -0.134752	
3.68	0 0 -0.134752	
3.69	0 0 -0.134752	
3.7	0 0 -0.134752	
3.71	0 0 -0.134752	
3.72	0 0 -0.134752	
3.73	0 0 -0.134752	
3.74	0 0 -0.134752	
3.75	0 0 -0.134752	
3.76	0 0 -0.134752	
3.77	0 0 -0.134752	
3.78	0 0 -0.134752	
3.79	0 0 -0.134752	
3.8	0 0 -0.134752	
3.81	0 0 -0.134752	
3.82	0 0 -0.134752	
3.83	0 0 -0.134752	
3.84	0 0 -0.134752	
3.85	0 0 -0.134752	
3.86	0 0 -0.134752	
3.87	0 0 -0.134752	
3.88	0 0 -0.134752	
3.89	0 0 -0.134752	
3.9	0 0 -0.134752	
3.91	0 0 -0.134752	
3.92	0 0 -0.134752	
3.93	0 0 -0.134752	
3.94	0 0 -0.134752	
3.95	0 0 -0.134752	
3.96	0 0 -0.134752	
3.97	0 0 -0.134752	
3.98	0 0 -0.134752	
3.99	0 0 -0.134752	
4	0 0 -0.134752	
4.01	0 0 -0.134752	
4.02	0 0 -0.134752	
4.03	0 0 -0.134752	
4.04	0 0 -0.134752	
4.05	0 0 -0.134752	
4.06	0 0 -0.134752	
4.07	0 0 -0.134752	
4.08	0 0 -0.134752	
4.09	0 0 -0.134752	
4.1	0 0 -0.134752	
4.11	0 0 -0.134752	
4.12	0 0 -0.134752	
4.13	0 0 -0.134752	
4.14	0 0 -0.134752	
4.15	0 0 -0.134752	
4.16	0 0 -0.134752	
4.17	0 0 -0.134752	
4.18	0 0 -0.134752	
4.19	0 0 -0.134752	
4.2	0 0 -0.134752	
4.21	0 0 -0.134752	
4.22	0 0 -0.134752	
4.23	0 0 -0.134752	
4.24	0 0 -0.134752	
4.25	0 0 -0.134752	
4.26	0 0 -0.134752	
4.27	0 0 -0.134752	
4.28	0 0 -0.134752	
4.29	0 0 -0.134752	
4.3	0 0 -0.134752	
4.31	0 0 -0.134752	
4.32	0 0 -0.134752	
4.33	0 0 -0.134752	
4.34	0 0 -0.134752	
4.35	0 0 -0.134752	
4.36	0 0 -0.134752	
4.37	0 0 -0.134752	
4.38	0 0 -0.134752	
4.39	0 0 -0.134752	
4.4	0 0 -0.134752	
4.41	0 0 -0.134752	
4.42	0 0 -0.134752	
4.43	0 0 -0.134752	
4.44	0 0 -0.134752	
4.45	0 0 -0.134752	
4.46	0 0 -0.134752	
4.47	0 0 -0.134752	
4.48	0 0 -0.134752	
4.49	0 0 -0.134752	
4.5	0 0 -0.134752	
4.51	0 0 -0.134752	
4.52	0 0 -0.134752	
4.53	0 0 -0.134752	
4.54	0 0 -0.134752	
4.55	0 0 -0.134752	
4.56	0 0 -0.134752	
4.57	0 0 -0.134752	
4.58	0 0 -0.134752	
4.59	0 0 -0.134752	
4.6	0 0 -0.134752	
4.61	0 0 -0.134752	
4.62	0 0 -0.134752	
4.63	0 0 -0.134752	
4.64	0 0 -0.134752	
4.65	0 0 -0.134752	
4.66	0 0 -0.134752	
4.67	0 0 -0.134752	
4.68	0 0 -0.134752	
4.69	0 0 -0.134752	
4.7	0 0 -0.134752	
4.71	0 0 -0.134752	
4.72	0 0 -0.134752	
4.73	0 0 -0.134752	
4.74	0 0 -0.134752	
4.75	0 0 -0.134752	
4.76	0 0 -0.134752	
4.77	0 0 -0.134752	
4.78	0 0 -0.134752	
4.79	0 0 -0.134752	
4.8	0 0 -0.134752	
4.81	0 0 -0.134752	
4.82	0 0 -0.134752	
4.83	0 0 -0.134752	
4.84	0 0 -0.134752	
4.85	0 0 -0.134752	
4.86	0 0 -0.134752	
4.87	0 0 -0.134752	
4.88	0 0 -0.134752	
4.89	0 0 -0.134752	
4.9	0 0 -0.134752	
4.91	0 0 -0.134752	
4.92	0 0 -0.134752	
4.93	0 0 -0.134752	
4.94	0 0 -0.134752	
4.95	0 0 -0.134752	
4.96	0 0 -0.134752	
4.97	0 0 -0.134752	
4.98	0 0 -0.134752	
4.99	0 0 -0.134752	
5	0 0 -0.134752	
5.01	0 0 -0.134752	
5.02	0 0 -0.134752	
5.03	0 0 -0.134752	
5.04	0 0 -0.134752	
5.05	0 0 -0.134752	
5.06	0 0 -0.134752	
5.07	0 0 -0.134752	
5.08	0 0 -0.134752	
5.09	0 0 -0.134752	
5.1	0 0 -0.134752	
5.11	0 0 -0.134752	
5.12	0 0 -0.134752	
5.13	0 0 -0.134752	
5.14	0 0 -0.134752	
5.15	0 0 -0.134752	
5.16	0 0 -0.134752	
5.17	0 0 -0.134752	
5.18	0 0 -0.134752	
5.19	0 0 -0.134752	
5.2	0 0 -0.134752	
5.21	0 0 -0.134752	
5.22	0 0 -0.134752	
5.23	0 0 -0.134752	
5.24	0 0 -0.134752	
5.25	0 0 -0.134752	
5.26	0 0 -0.134752	
5.27	0 0 -0.134752	
5.28	0 0 -0.134752	
5.29	0 0 -0.134752	
5.3	0 0 -0.134752	
5.31	0 0 -0.134752	
5.32	0 0 -0.134752	
5.33	0 0 -0.134752	
5.34	0 0 -0.134752	
5.35	0 0 -0.134752	
5.36	0 0 -0.134752	
5.37	0 0 -0.134752	
5.38	0 0 -0.134752	
5.39	0 0 -0.134752	
5.4	0 0 -0.134752	
5.41	0 0 -0.134752	
5.42	0 0 -0.134752	
5.43	0.00537688 -0.216183 1.6359	
5.44	0.0232103 -0.389023 2.27331	
5.45	0.0429187 -0.675533 4.03952	
5.46	0.0526134 -0.693144 4.07786	
5.47	0.0476372 -0.689048 4.70772	
5.48	0.0488556 -0.74108 4.7239	
5.49	0.037838 -0.648838 4.39964	
5.5	0.038829 -0.624094 4.4171	
5.51	0.054392 -0.658835 4.13034	
5.52	0.0751962 -0.728582 4.50361	
5.53	0.0729795 -0.621134 4.26191	
5.54	0.0865097 -0.757337 4.65936	
5.55	0.0629168 -0.550851 3.36883	
5.56	0.0456952 -0.400123 2.42531	
5.57	0.0336449 -0.294568 1.73771	
5.58	0.0247101 -0.216324 1.23435	
5.59	0.018009 -0.157668 0.865757	
5.6	0.0131616 -0.115231 0.596444	
5.61	0.00954307 -0.0835634 0.399217	
5.62	0.00687418 -0.0602105 0.254938	
5.63	0.00498287 -0.0436519 0.149682	
5.64	0.00359836 -0.0315306 0.0727069	
5.65	0.002627 -0.0230198 0.0165654	
5.66	0.00192269 -0.0168477 -0.024444	
5.67	0.00139415 -0.0122184 -0.054482	
5.68	0.00101424 -0.00888967 -0.0764192	
5.69	0.000743442 -0.00651587 -0.0924277	
5.7	0.000541447 -0.00474586 -0.10415	
5.71	0.000395733 -0.00346869 -0.112711	
5.72	0.00028934 -0.00253613 -0.11897	
5.73	0.000212998 -0.00186672 -0.123541	
5.74	0.000157199 -0.00137744 -0.126883	
5.75	0.00011634 -0.00101919 -0.129327	
5.76	8.59519e-05 -0.00075282 -0.131115	
5.77	6.31047e-05 -0.000552667 -0.132425	
5.78	4.62897e-05 -0.000405377 -0.133384	
5.79	3.38445e-05 -0.00029639 -0.134085	
5.8	2.48024e-05 -0.000217195 -0.134598	
5.81	2.49277e-05 -0.000218272 -0.134597	
5.82	2.49828e-05 -0.000218745 -0.134597	
5.83	2.50156e-05 -0.000219027 -0.134597	
5.84	2.49819e-05 -0.000218738 -0.134597	
5.85	2.50511e-05 -0.000219332 -0.134597	
5.86	2.50601e-05 -0.000219409 -0.134597	
5.87	2.51683e-05 -0.000220338 -0.134597	
5.88	2.51982e-05 -0.000220596 -0.134596	
5.89	2.5279e-05 -0.00022129 -0.134596	
5.9	2.54376e-05 -0.000222652 -0.134596	
5.91	2.54793e-05 -0.00022301 -0.134596	
5.92	2.56523e-05 -0.000224497 -0.134595	
5.93	2.56939e-05 -0.000224854 -0.134595	
5.94	2.58313e-05 -0.000226035 -0.134594	
5.95	2.58288e-05 -0.000226013 -0.134594	
5.96	2.59093e-05 -0.000226704 -0.134594	
5.97	2.59689e-05 -0.000227216 -0.134594	
5.98	2.59928e-05 -0.000227422 -0.134594	
5.99	2.59333e-05 -0.00022691 -0.134594	
6	2.5963e-05 -0.000227166 -0.134594	
6.01	2.59571e-05 -0.000227115 -0.134594	
6.02	2.58494e-05 -0.00022619 -0.134594	
6.03	2.58494e-05 -0.00022619 -0.134594	
6.04	2.58617e-05 -0.000226295 -0.134594	
6.05	2.5907e-05 -0.000226685 -0.134594	
6.06	2.57061e-05 -0.000224959 -0.134595	
6.07	2.57061e-05 -0.000224959 -0.134595	
6.08	2.56045e-05 -0.000224086 -0.134595	
6.09	2.54946e-05 -0.000223142 -0.134596	
6.1	2.5503e-05 -0.000223214 -0.134596	
6.11	2.54229e-05 -0.000222526 -0.134596	
6.12	2.52881e-05 -0.000221368 -0.134597	
6.13	2.51986e-05 -0.000220599 -0.134597	
6.14	2.51329e-05 -0.000220035 -0.134597	
6.15	2.50673e-05 -0.000219471 -0.134597	
6.16	2.50887e-05 -0.000219655 -0.134597	
6.17	2.50007e-05 -0.000218899 -0.134597	
6.18	2.48836e-05 -0.000217893 -0.134598	
6.19	2.47328e-05 -0.000216598 -0.134599	
6.2	2.4705e-05 -0.000216358 -0.134599	
6.21	2.46007e-05 -0.000215462 -0.134599	
6.22	2.44888e-05 -0.000214501 -0.1346	
6.23	2.4394e-05 -0.000213686 -0.1346	
6.24	2.4313e-05 -0.000212991 -0.134601	
6.25	2.42328e-05 -0.000212301 -0.134601	
6.26	2.42047e-05 -0.00021206 -0.134601	
6.27	2.43022e-05 -0.000212897 -0.134601	
6.28	2.43248e-05 -0.000213092 -0.134601	
6.29	2.44006e-05 -0.000213743 -0.134601	
6.3	2.45e-05 -0.000214597 -0.1346	
6.31	2.46842e-05 -0.000216179 -0.1346	
6.32	2.47216e-05 -0.000216501 -0.1346	
6.33	2.47381e-05 -0.000216642 -0.134599	
6.34	2.47075e-05 -0.00021638 -0.1346	
6.35	2.46748e-05 -0.000216098 -0.1346	
6.36	2.46522e-05 -0.000215904 -0.1346	
6.37	2.45826e-05 -0.000215306 -0.1346	
6.38	2.46106e-05 -0.000215547 -0.1346	
6.39	2.46154e-05 -0.000215588 -0.1346	
6.4	2.47735e-05 -0.000216946 -0.1346	
6.41	2.49781e-05 -0.000218704 -0.134599	
6.42	2.51006e-05 -0.000219756 -0.134598	
6.43	2.53066e-05 -0.000221526 -0.134598	
6.44	2.54104e-05 -0.000222418 -0.134597	
6.45	2.53823e-05 -0.000222176 -0.134597	
6.46	2.5444e-05 -0.000222707 -0.134597	
6.47	2.5395e-05 -0.000222286 -0.134597	
6.48	2.54827e-05 -0.000223039 -0.134597	
6.49	2.55359e-05 -0.000223496 -0.134597	
6.5	2.54828e-05 -0.00022304 -0.134597	
6.51	2.55999e-05 -0.000224046 -0.134597	
6.52	2.56957e-05 -0.000224869 -0.134596	
6.53	2.59156e-05 -0.000226758 -0.134595	
6.54	2.616e-05 -0.000228858 -0.134594	
6.55	2.61141e-05 -0.000228463 -0.134594	
6.56	2.61792e-05 -0.000229023 -0.134594	
6.57	2.62168e-05 -0.000229346 -0.134594	
6.58	2.61593e-05 -0.000228852 -0.134594	
6.59	2.61331e-05 -0.000228627 -0.134594	
6.6	2.6044e-05 -0.000227862 -0.134594	
6.61	2.59383e-05 -0.000226954 -0.134594	
6.62	2.57837e-05 -0.000225625 -0.134594	
6.63	2.54771e-05 -0.000222992 -0.134595	
6.64	2.52529e-05 -0.000221066 -0.134596	
6.65	2.5169e-05 -0.000220345 -0.134596	
6.66	2.49779e-05 -0.000218703 -0.134597	
6.67	2.48732e-05 -0.000217804 -0.134597	
6.68	2.47787e-05 -0.000216993 -0.134597	
6.69	2.46394e-05 -0.000215796 -0.134597	
6.7	2.4532e-05 -0.000214873 -0.134597	
6.71	2.44545e-05 -0.000214207 -0.134597	
6.72	2.43672e-05 -0.000213458 -0.134597	
6.73	2.42051e-05 -0.000212065 -0.134597	
6.74	2.41824e-05 -0.000211871 -0.134597	
6.75	2.4206e-05 -0.000212073 -0.134597	
6.76	2.41967e-05 -0.000211993 -0.134597	
6.77	2.41986e-05 -0.00021201 -0.134597	
6.78	2.41243e-05 -0.000211372 -0.134597	
6.79	2.39385e-05 -0.000209775 -0.134597	
6.8	2.38349e-05 -0.000208885 -0.134598	
6.81	2.39017e-05 -0.000209459 -0.134597	
6.82	2.40196e-05 -0.000210473 -0.134597	
6.83	2.40944e-05 -0.000211115 -0.134596	
6.84	2.41619e-05 -0.000211695 -0.134596	
6.85	2.40219e-05 -0.000210492 -0.134597	
6.86	2.3805e-05 -0.000208628 -0.134597	
6.87	2.35234e-05 -0.00020621 -0.134599	
6.88	2.34605e-05 -0.000205669 -0.134599	
6.89	2.33015e-05 -0.000204303 -0.1346	
6.9	2.31091e-05 -0.00020265 -0.1346	
6.91	2.2995e-05 -0.00020167 -0.134601	
6.92	2.29518e-05 -0.000201298 -0.134601	
6.93	2.28987e-05 -0.000200842 -0.134601	
6.94	2.28236e-05 -0.000200197 -0.134602	
6.95	2.2795e-05 -0.000199951 -0.134602	
6.96	2.26287e-05 -0.000198522 -0.134602	
6.97	2.25051e-05 -0.000197461 -0.134603	
6.98	2.24511e-05 -0.000196997 -0.134603	
6.99	2.24746e-05 -0.000197199 -0.134603	
7	2.23984e-05 -0.000196544 -0.134603	
7.01	2.24204e-05 -0.000196733 -0.134603	
7.02	2.24e-05 -0.000196558 -0.134603	
7.03	2.24463e-05 -0.000196956 -0.134603	
7.04	2.24397e-05 -0.000196899 -0.134603	
7.05	2.23598e-05 -0.000196213 -0.134604	
7.06	2.23653e-05 -0.00019626 -0.134604	
7.07	2.22206e-05 -0.000195016 -0.134604	
7.08	2.20884e-05 -0.000193881 -0.134605	
7.09	2.18517e-05 -0.000191848 -0.134606	
7.1	2.17608e-05 -0.000191066 -0.134606	
7.11	2.16717e-05 -0.000190301 -0.134606	
7.12	2.15888e-05 -0.000189589 -0.134607	
7.13	2.15965e-05 -0.000189655 -0.134607	
7.14	2.16648e-05 -0.000190242 -0.134606	
7.15	2.17465e-05 -0.000190944 -0.134606	
7.16	2.16414e-05 -0.00019004 -0.134606	
7.17	2.15888e-05 -0.000189589 -0.134607	
7.18	2.15888e-05 -0.000189589 -0.134607	
7.19	2.15061e-05 -0.000188879 -0.134607	
7.2	2.15138e-05 -0.000188945 -0.134607	
7.21	2.15194e-05 -0.000188992 -0.134607	
7.22	2.1591e-05 -0.000189608 -0.134606	
7.23	2.1591e-05 -0.000189608 -0.134606	
7.24	2.15932e-05 -0.000189627 -0.134606	
7.25	2.1591e-05 -0.000189608 -0.134606	
7.26	2.16513e-05 -0.000190125 -0.134606	
7.27	2.1574e-05 -0.000189462 -0.134607	
7.28	2.16589e-05 -0.000190192 -0.134606	
7.29	2.16589e-05 -0.000190191 -0.134606	
7.3	2.16589e-05 -0.000190191 -0.134606	
7.31	2.16666e-05 -0.000190257 -0.134606	
7.32	2.16743e-05 -0.000190323 -0.134606	
7.33	2.16743e-05 -0.000190323 -0.134606	
7.34	2.16819e-05 -0.000190389 -0.134606	
7.35	2.16819e-05 -0.000190389 -0.134606	
7.36	2.16896e-05 -0.000190454 -0.134606	
7.37	2.16573e-05 -0.000190177 -0.134606	
7.38	2.16402e-05 -0.000190031 -0.134606	
7.39	2.16326e-05 -0.000189965 -0.134606	
7.4	2.16928e-05 -0.000190482 -0.134606	
7.41	2.15833e-05 -0.000189541 -0.134606	
7.42	2.15586e-05 -0.00018933 -0.134606	
7.43	2.15641e-05 -0.000189377 -0.134606	
7.44	2.16358e-05 -0.000189993 -0.134606	
7.45	2.15586e-05 -0.00018933 -0.134606	
7.46	2.15586e-05 -0.00018933 -0.134606	
7.47	2.15586e-05 -0.00018933 -0.134606	
7.48	2.15586e-05 -0.00018933 -0.134606	
7.49	2.15586e-05 -0.00018933 -0.134606	
7.5	2.16358e-05 -0.000189993 -0.134606	
7.51	2.15586e-05 -0.00018933 -0.134606	
7.52	2.15586e-05 -0.00018933 -0.134606	
7.53	2.15532e-05 -0.000189283 -0.134606	
7.54	2.15586e-05 -0.00018933 -0.134606	
7.55	2.16358e-05 -0.000189993 -0.134606	
7.56	2.15586e-05 -0.00018933 -0.134606	
7.57	2.16304e-05 -0.000189946 -0.134606	
7.58	2.15532e-05 -0.000189283 -0.134606	
7.59	2.16304e-05 -0.000189946 -0.134606	
7.6	2.16251e-05 -0.000189901 -0.134606	
7.61	2.16304e-05 -0.000189946 -0.134606	
7.62	2.16304e-05 -0.000189946 -0.134606	
7.63	2.16174e-05 -0.000189835 -0.134606	
7.64	2.16304e-05 -0.000189946 -0.134606	
7.65	2.16304e-05 -0.000189946 -0.134606	
7.66	2.16251e-05 -0.000189901 -0.134606	
7.67	2.16304e-05 -0.000189946 -0.134606	
7.68	2.15479e-05 -0.000189238 -0.134606	
7.69	2.15479e-05 -0.000189238 -0.134606	
7.7	2.16251e-05 -0.000189901 -0.134606	
7.71	2.15532e-05 -0.000189283 -0.134606	
7.72	2.16251e-05 -0.000189901 -0.134606	
7.73	2.16251e-05 -0.000189901 -0.134606	
7.74	2.15479e-05 -0.000189238 -0.134606	
7.75	2.16304e-05 -0.000189946 -0.134606	
7.76	2.16712e-05 -0.000190297 -0.134606	
7.77	2.18301e-05 -0.000191662 -0.134605	
7.78	2.22024e-05 -0.000194861 -0.134604	
7.79	2.27323e-05 -0.000199413 -0.134602	
7.8	2.31079e-05 -0.00020264 -0.1346	
7.81	2.32655e-05 -0.000203994 -0.1346	
7.82	2.32824e-05 -0.000204139 -0.1346	
7.83	2.37839e-05 -0.000208448 -0.134598	
7.84	2.43019e-05 -0.000212898 -0.134596	
7.85	2.45328e-05 -0.000214881 -0.134595	
7.86	2.46395e-05 -0.000215797 -0.134595	
7.87	-0.0302482 -0.67524 4.94966	
7.88	-0.0390407 -0.667269 5.08286	
7.89	-0.0328957 -0.710664 5.07035	
7.9	-1.05845 2.03185 1.29324	
7.91	-0.673161 1.44722 0.942275	
7.92	-0.667906 1.12601 0.63391	
7.93	-0.46862 0.816649 0.473962	
7.94	-0.288707 0.576625 0.331429	
7.95	-0.199794 0.416916 0.191437	
7.96	-0.124623 0.296653 0.110449	
7.97	-0.0736451 0.210152 0.0457807	
7.98	-0.0384708 0.147638 -0.00530449	
7.99	-0.991785 -0.158664 0.193913	
8	-0.723852 -0.112891 0.101349	
8.01	-0.5314 -0.079201 0.0348612	
8.02	-0.3882 -0.0591271 -0.00991129	
8.03	-0.284571 -0.0435301 -0.0431849	
8.04	-0.208405 -0.0317788 -0.068048	
8.05	-0.152894 -0.0227576 -0.0866113	
8.06	-0.112239 -0.0162055 -0.100165	
8.07	-0.0822323 -0.0115965 -0.109997	
8.08	-0.060102 -0.00832415 -0.117161	
8.09	-0.0440838 -0.00590962 -0.122355	
8.1	-0.0332611 -0.00306788 -0.126934	
8.11	-0.0243282 -0.00225433 -0.129353	
8.12	-0.0177937 -0.00165537 -0.131128	
8.13	-0.0130215 -0.00120859 -0.132433	
8.14	-0.00954187 -0.000877202 -0.133388	
8.15	-0.00697545 -0.000648118 -0.134082	
8.16	-0.00511001 -0.000468686 -0.134597	
8.17	-0.00374152 -0.000339302 -0.134974	
8.18	-0.00273704 -0.000247789 -0.135247	
8.19	-0.00199219 -0.000187695 -0.135445	
8.2	-0.0014567 -0.000137313 -0.135592	
8.21	-0.0014557 -0.000137859 -0.135592	
8.22	-0.00145592 -0.00013603 -0.135594	
8.23	-0.00145764 -0.000133154 -0.135596	
8.24	-0.00145336 -0.000134913 -0.135596	
8.25	-0.00145381 -0.000135507 -0.135595	
8.26	-0.00145022 -0.000138643 -0.135593	
8.27	-0.00145172 -0.000138333 -0.135593	
8.28	-0.00144883 -0.000140164 -0.135592	
8.29	-0.00144703 -0.000141199 -0.135592	
8.3	-0.00144585 -0.000141208 -0.135592	
8.31	-0.00144592 -0.000141287 -0.135592	
8.32	-0.00144523 -0.000142235 -0.135591	
8.33	-0.00144529 -0.000141606 -0.135592	
8.34	-0.00144536 -0.000141685 -0.135592	
8.35	-0.00144473 -0.000142003 -0.135592	
8.36	-0.00144536 -0.000141685 -0.135592	
8.37	-0.00144467 -0.000142633 -0.135591	
8.38	-0.00144473 -0.000142003 -0.135592	
8.39	-0.00144473 -0.000142003 -0.135592	
8.4	-0.00144467 -0.000142633 -0.135591	
8.41	-0.0014446 -0.000142553 -0.135591	
8.42	-0.00144467 -0.000142633 -0.135591	
8.43	-0.00144467 -0.000142633 -0.135591	
8.44	-0.00144473 -0.000142003 -0.135592	
8.45	-0.00144473 -0.000142003 -0.135592	
8.46	-0.00144473 -0.000142003 -0.135592	
8.47	-0.00144467 -0.000142633 -0.135591	
8.48	-0.00144467 -0.000142633 -0.135591	
8.49	-0.00144467 -0.000142633 -0.135591	
8.5	-0.0014446 -0.000142553 -0.135591	
8.51	-0.00144536 -0.000141685 -0.135592	
8.52	-0.00144536 -0.000141685 -0.135592	
8.53	-0.00144473 -0.000142003 -0.135592	
8.54	-0.00144473 -0.000142003 -0.135592	
8.55	-0.00144467 -0.000142633 -0.135591	
8.56	-0.00144473 -0.000142003 -0.135592	
8.57	-0.00144473 -0.000142003 -0.135592	
8.58	-0.00144473 -0.000142003 -0.135592	
8.59	-0.00144536 -0.000141685 -0.135592	
8.6	-0.00144473 -0.000142003 -0.135592	
8.61	-0.00144473 -0.000142003 -0.135592	
8.62	-0.0014446 -0.000142553 -0.135591	
