# Gnuplot File : velocities of 1 particle(s) Monitored
# 1st Column : time, others : particle(s) number 0 
0.01	0 0 -0.0365586	
0.02	0 0 -0.0632893	
0.03	0 0 -0.082834	
0.04	0 0 -0.0971245	
0.05	3.33381e-17 0 -0.107573	
0.06	2.43676e-17 0 -0.115213	
0.07	1.78169e-17 0 -0.120799	
0.08	1.30272e-17 0 -0.124884	
0.09	9.52647e-18 0 -0.12787	
0.1	6.96453e-18 0 -0.130054	
0.11	5.09227e-18 0 -0.13165	
0.12	3.72384e-18 0 -0.132818	
0.13	2.72277e-18 0 -0.133671	
0.14	1.99054e-18 0 -0.134295	
0.15	7.22915e-17 0 -0.134752	
0.16	7.17046e-17 0 -0.134752	
0.17	7.16556e-17 0 -0.134752	
0.18	7.16529e-17 0 -0.134752	
0.19	7.16241e-17 0 -0.134752	
0.2	9.11446e-17 0 -0.134752	
0.21	9.48768e-17 0 -0.134752	
0.22	9.4647e-17 0 -0.134752	
0.23	9.39993e-17 0 -0.134752	
0.24	9.53501e-17 0 -0.134752	
0.25	9.40107e-17 0 -0.134752	
0.26	8.77798e-17 0 -0.134752	
0.27	8.53463e-17 0 -0.134752	
0.28	8.46467e-17 0 -0.134752	
0.29	8.64152e-17 0 -0.134752	
0.3	8.9295e-17 0 -0.134752	
0.31	9.09564e-17 0 -0.134752	
0.32	8.99173e-17 0 -0.134752	
0.33	8.9021e-17 0 -0.134752	
0.34	8.92736e-17 0 -0.134752	
0.35	9.03268e-17 0 -0.134752	
0.36	9.27032e-17 0 -0.134752	
0.37	9.43142e-17 0 -0.134752	
0.38	9.54551e-17 0 -0.134752	
0.39	9.56608e-17 0 -0.134752	
0.4	9.65162e-17 0 -0.134752	
0.41	9.67419e-17 0 -0.134752	
0.42	9.72447e-17 0 -0.134752	
0.43	9.76434e-17 0 -0.134752	
0.44	9.80181e-17 0 -0.134752	
0.45	9.86738e-17 0 -0.134752	
0.46	9.8231e-17 0 -0.134752	
0.47	9.90236e-17 0 -0.134752	
0.48	1.00432e-16 0 -0.134752	
0.49	1.0055e-16 0 -0.134752	
0.5	1.01614e-16 0 -0.134752	
0.51	1.02227e-16 0 -0.134752	
0.52	1.03652e-16 0 -0.134752	
0.53	1.01489e-16 0 -0.134752	
0.54	9.96835e-17 0 -0.134752	
0.55	9.8365e-17 0 -0.134752	
0.56	9.88694e-17 0 -0.134752	
0.57	9.9111e-17 0 -0.134752	
0.58	9.94872e-17 0 -0.134752	
0.59	9.97871e-17 0 -0.134752	
0.6	1.01157e-16 0 -0.134752	
0.61	9.96588e-17 0 -0.134752	
0.62	9.86533e-17 0 -0.134752	
0.63	9.8532e-17 0 -0.134752	
0.64	9.85397e-17 0 -0.134752	
0.65	9.69852e-17 0 -0.134752	
0.66	9.5647e-17 0 -0.134752	
0.67	9.59372e-17 0 -0.134752	
0.68	9.54958e-17 0 -0.134752	
0.69	9.31665e-17 0 -0.134752	
0.7	9.06202e-17 0 -0.134752	
0.71	9.32883e-17 0 -0.134752	
0.72	9.39426e-17 0 -0.134752	
0.73	9.2036e-17 0 -0.134752	
0.74	9.08152e-17 0 -0.134752	
0.75	9.01157e-17 0 -0.134752	
0.76	9.00927e-17 0 -0.134752	
0.77	9.03931e-17 0 -0.134752	
0.78	9.03108e-17 0 -0.134752	
0.79	8.99854e-17 0 -0.134752	
0.8	9.01011e-17 0 -0.134752	
0.81	8.93321e-17 0 -0.134752	
0.82	8.80158e-17 0 -0.134752	
0.83	8.6038e-17 0 -0.134752	
0.84	8.73511e-17 0 -0.134752	
0.85	8.86823e-17 0 -0.134752	
0.86	8.9073e-17 0 -0.134752	
0.87	8.88306e-17 0 -0.134752	
0.88	8.84149e-17 0 -0.134752	
0.89	8.84498e-17 0 -0.134752	
0.9	8.83288e-17 0 -0.134752	
0.91	8.8327e-17 0 -0.134752	
0.92	8.81954e-17 0 -0.134752	
0.93	8.83472e-17 0 -0.134752	
0.94	8.87823e-17 0 -0.134752	
0.95	8.99141e-17 0 -0.134752	
0.96	9.12873e-17 0 -0.134752	
0.97	9.27667e-17 0 -0.134752	
0.98	9.42374e-17 0 -0.134752	
0.99	9.51048e-17 0 -0.134752	
1	9.59337e-17 0 -0.134752	
1.01	9.6496e-17 0 -0.134752	
1.02	9.65417e-17 0 -0.134752	
1.03	9.59496e-17 0 -0.134752	
1.04	9.54183e-17 0 -0.134752	
1.05	9.49326e-17 0 -0.134752	
1.06	9.55664e-17 0 -0.134752	
1.07	9.65591e-17 0 -0.134752	
1.08	9.72714e-17 0 -0.134752	
1.09	9.62217e-17 0 -0.134752	
1.1	9.59335e-17 0 -0.134752	
1.11	9.63581e-17 0 -0.134752	
1.12	9.78272e-17 0 -0.134752	
1.13	9.87526e-17 0 -0.134752	
1.14	1.00601e-16 0 -0.134752	
1.15	1.02272e-16 0 -0.134752	
1.16	1.04493e-16 0 -0.134752	
1.17	1.05757e-16 0 -0.134752	
1.18	1.07256e-16 0 -0.134752	
1.19	1.07907e-16 0 -0.134752	
1.2	1.08674e-16 0 -0.134752	
1.21	1.0931e-16 0 -0.134752	
1.22	1.09654e-16 0 -0.134752	
1.23	1.09863e-16 0 -0.134752	
1.24	1.10505e-16 0 -0.134752	
1.25	1.10991e-16 0 -0.134752	
1.26	1.12029e-16 0 -0.134752	
1.27	1.12258e-16 0 -0.134752	
1.28	1.13051e-16 0 -0.134752	
1.29	1.13554e-16 0 -0.134752	
1.3	1.13942e-16 0 -0.134752	
1.31	1.14431e-16 0 -0.134752	
1.32	1.14779e-16 0 -0.134752	
1.33	1.15988e-16 0 -0.134752	
1.34	1.17074e-16 0 -0.134752	
1.35	1.17786e-16 0 -0.134752	
1.36	1.18696e-16 0 -0.134752	
1.37	1.1997e-16 0 -0.134752	
1.38	1.21175e-16 0 -0.134752	
1.39	1.22273e-16 0 -0.134752	
1.4	1.22688e-16 0 -0.134752	
1.41	1.23664e-16 0 -0.134752	
1.42	1.24124e-16 0 -0.134752	
1.43	1.23859e-16 0 -0.134752	
1.44	1.23869e-16 0 -0.134752	
1.45	1.23884e-16 0 -0.134752	
1.46	1.23746e-16 0 -0.134752	
1.47	1.23645e-16 0 -0.134752	
1.48	1.24188e-16 0 -0.134752	
1.49	1.24048e-16 0 -0.134752	
1.5	1.24217e-16 0 -0.134752	
1.51	1.24322e-16 0 -0.134752	
1.52	1.2417e-16 0 -0.134752	
1.53	1.243e-16 0 -0.134752	
1.54	1.24429e-16 0 -0.134752	
1.55	1.24267e-16 0 -0.134752	
1.56	1.23593e-16 0 -0.134752	
1.57	1.23356e-16 0 -0.134752	
1.58	1.23211e-16 0 -0.134752	
1.59	1.22407e-16 0 -0.134752	
1.6	1.22737e-16 0 -0.134752	
1.61	1.22339e-16 0 -0.134752	
1.62	1.22331e-16 0 -0.134752	
1.63	1.22682e-16 0 -0.134752	
1.64	1.23027e-16 0 -0.134752	
1.65	1.2305e-16 0 -0.134752	
1.66	1.22778e-16 0 -0.134752	
1.67	1.23165e-16 0 -0.134752	
1.68	1.22729e-16 0 -0.134752	
1.69	1.22868e-16 0 -0.134752	
1.7	1.22741e-16 0 -0.134752	
1.71	1.22483e-16 0 -0.134752	
1.72	1.22141e-16 0 -0.134752	
1.73	1.22183e-16 0 -0.134752	
1.74	1.21888e-16 0 -0.134752	
1.75	1.21932e-16 0 -0.134752	
1.76	1.22455e-16 0 -0.134752	
1.77	1.22117e-16 0 -0.134752	
1.78	1.21783e-16 0 -0.134752	
1.79	1.21669e-16 0 -0.134752	
1.8	1.22203e-16 0 -0.134752	
1.81	1.22656e-16 0 -0.134752	
1.82	1.22516e-16 0 -0.134752	
1.83	1.22972e-16 0 -0.134752	
1.84	1.22915e-16 0 -0.134752	
1.85	1.23139e-16 0 -0.134752	
1.86	1.2329e-16 0 -0.134752	
1.87	1.23516e-16 0 -0.134752	
1.88	1.23347e-16 0 -0.134752	
1.89	1.23698e-16 0 -0.134752	
1.9	1.23861e-16 0 -0.134752	
1.91	1.23062e-16 0 -0.134752	
1.92	1.23096e-16 0 -0.134752	
1.93	1.22852e-16 0 -0.134752	
1.94	1.22969e-16 0 -0.134752	
1.95	1.22451e-16 0 -0.134752	
1.96	1.21933e-16 0 -0.134752	
1.97	1.2233e-16 0 -0.134752	
1.98	1.22173e-16 0 -0.134752	
1.99	1.22691e-16 0 -0.134752	
2	1.23053e-16 0 -0.134752	
2.01	1.23019e-16 0 -0.134752	
2.02	1.23303e-16 0 -0.134752	
2.03	1.2307e-16 0 -0.134752	
2.04	1.23476e-16 0 -0.134752	
2.05	1.23569e-16 0 -0.134752	
2.06	1.23698e-16 0 -0.134752	
2.07	1.23552e-16 0 -0.134752	
2.08	1.22889e-16 0 -0.134752	
2.09	1.22938e-16 0 -0.134752	
2.1	1.22349e-16 0 -0.134752	
2.11	1.22072e-16 0 -0.134752	
2.12	1.21915e-16 0 -0.134752	
2.13	1.22131e-16 0 -0.134752	
2.14	1.21874e-16 0 -0.134752	
2.15	1.21988e-16 0 -0.134752	
2.16	1.21891e-16 0 -0.134752	
2.17	1.21859e-16 0 -0.134752	
2.18	1.22216e-16 0 -0.134752	
2.19	1.22168e-16 0 -0.134752	
2.2	1.22509e-16 0 -0.134752	
2.21	1.2254e-16 0 -0.134752	
2.22	1.22714e-16 0 -0.134752	
2.23	1.22882e-16 0 -0.134752	
2.24	1.2277e-16 0 -0.134752	
2.25	1.229e-16 0 -0.134752	
2.26	1.23035e-16 0 -0.134752	
2.27	1.23171e-16 0 -0.134752	
2.28	1.2285e-16 0 -0.134752	
2.29	1.2336e-16 0 -0.134752	
2.3	1.23321e-16 0 -0.134752	
2.31	1.23678e-16 0 -0.134752	
2.32	1.23888e-16 0 -0.134752	
2.33	1.23898e-16 0 -0.134752	
2.34	1.23777e-16 0 -0.134752	
2.35	1.22871e-16 0 -0.134752	
2.36	1.21607e-16 0 -0.134752	
2.37	1.20012e-16 0 -0.134752	
2.38	1.19142e-16 0 -0.134752	
2.39	1.18895e-16 0 -0.134752	
2.4	1.1889e-16 0 -0.134752	
2.41	1.1954e-16 0 -0.134752	
2.42	1.19405e-16 0 -0.134752	
2.43	1.20502e-16 0 -0.134752	
2.44	1.2209e-16 0 -0.134752	
2.45	1.22847e-16 0 -0.134752	
2.46	1.23454e-16 0 -0.134752	
2.47	1.22588e-16 0 -0.134752	
2.48	1.22007e-16 0 -0.134752	
2.49	1.21824e-16 0 -0.134752	
2.5	1.2205e-16 0 -0.134752	
2.51	1.22794e-16 0 -0.134752	
2.52	1.23119e-16 0 -0.134752	
2.53	1.24725e-16 0 -0.134752	
2.54	1.25927e-16 0 -0.134752	
2.55	1.27218e-16 0 -0.134752	
2.56	1.28341e-16 0 -0.134752	
2.57	1.29185e-16 0 -0.134752	
2.58	1.30029e-16 0 -0.134752	
2.59	1.30748e-16 0 -0.134752	
2.6	0.00179505 -0.0799625 0.864585	
2.61	-0.0248003 -0.854232 4.97458	
2.62	-0.00934523 -0.711816 4.79958	
2.63	0.00181798 -0.593422 4.6127	
2.64	-0.0200847 -0.546028 4.33686	
2.65	-0.0709691 -0.618524 5.13339	
2.66	-0.0845674 -0.564527 4.95714	
2.67	-0.0477225 -0.489998 4.78745	
2.68	-0.0575825 -0.603424 5.51261	
2.69	-0.0621665 -0.516313 4.9481	
2.7	-0.0697909 -0.47476 4.66504	
2.71	-0.0427007 -0.495969 5.35841	
2.72	-0.0299934 -0.356057 3.88867	
2.73	-0.0531282 -0.489801 5.08628	
2.74	-0.0674619 -0.417212 4.23253	
2.75	-0.0341752 -0.438381 4.0412	
2.76	-0.0440254 -0.550749 4.9407	
2.77	-0.00856378 -0.670184 5.00172	
2.78	-0.00432621 -0.626481 4.37683	
2.79	-0.0167961 -0.453434 3.89412	
2.8	-0.0593036 -0.58814 4.56295	
2.81	-0.0861086 -0.631126 4.79655	
2.82	-0.0975673 -0.622495 4.57202	
2.83	-0.0798134 -0.590559 4.74174	
2.84	-0.045799 -0.558927 4.96816	
2.85	-0.0471759 -0.537338 4.52737	
2.86	-0.0668907 -0.537446 5.20142	
2.87	-0.0942993 -0.580552 5.02826	
2.88	-0.0768729 -0.516037 4.34536	
2.89	-0.0978188 -0.529945 4.55525	
2.9	-0.084429 -0.514557 4.90933	
2.91	-0.0913586 -0.514143 4.39093	
2.92	-0.104213 -0.532379 4.57794	
2.93	-0.0684884 -0.457022 3.77973	
2.94	-0.0746358 -0.548973 5.14775	
2.95	0.0123528 -0.492964 4.02094	
2.96	-0.0523392 -0.54973 4.91657	
2.97	-0.023501 -0.686736 5.25415	
2.98	-0.0170775 -0.498728 3.80367	
2.99	-0.0351134 -0.566267 4.81299	
3	-0.0647597 -0.592913 4.70798	
3.01	-0.0314603 -0.590483 4.60732	
3.02	-0.0121268 -0.531142 3.92648	
3.03	-0.0273851 -0.746501 5.1674	
3.04	-0.0104003 -0.549785 4.06657	
3.05	-0.0371878 -0.730445 4.97361	
3.06	-0.0269093 -0.527469 3.59699	
3.07	-0.019687 -0.385943 2.59362	
3.08	-0.014437 -0.283184 1.86035	
3.09	-0.0105767 -0.207545 1.32391	
3.1	-0.00775425 -0.152241 0.931665	
3.11	-0.00568118 -0.111586 0.644735	
3.12	-0.00415572 -0.0816311 0.434866	
3.13	-0.00304344 -0.0598021 0.281442	
3.14	-0.00221717 -0.0435353 0.16913	
3.15	-0.00162223 -0.031858 0.0871053	
3.16	-0.18517 0.39456 0.58489	
3.17	-0.472752 1.10779 1.4752	
3.18	-0.438888 1.17488 1.4751	
3.19	-0.605632 1.61928 2.00611	
3.2	-0.586918 1.66593 1.99791	
3.21	-0.687412 1.94715 2.32489	
3.22	-0.878024 1.93772 2.08056	
3.23	-1.0639 2.21788 2.2609	
3.24	-0.778178 1.62484 1.61496	
3.25	-0.977421 1.15595 1.72754	
3.26	-0.892662 1.14914 1.82874	
3.27	-0.638752 1.15563 1.60871	
3.28	-0.670514 1.19166 1.6801	
3.29	-0.490308 0.872995 1.19113	
3.3	-0.327697 0.825098 1.04165	
3.31	-0.239603 0.60395 0.724786	
3.32	-0.175192 0.441791 0.493305	
3.33	-0.128097 0.32278 0.324244	
3.34	-0.0936623 0.235784 0.200623	
3.35	-0.068482 0.172381 0.110131	
3.36	-0.0500729 0.125839 0.0440555	
3.37	-0.0366118 0.0919663 -0.00432856	
3.38	-0.0267696 0.0672639 -0.0397319	
3.39	-0.0195735 0.0491489 -0.0655942	
3.4	-0.0143118 0.0359134 -0.0845084	
3.41	-0.0104644 0.0262386 -0.09834	
3.42	-0.00765136 0.0191911 -0.108464	
3.43	-0.0055944 0.0140382 -0.115868	
3.44	-0.0040904 0.0102677 -0.12128	
3.45	-0.00299074 0.00750468 -0.125234	
3.46	-0.00218671 0.00548284 -0.128125	
3.47	-0.00159885 0.0040004 -0.130236	
3.48	-0.00116903 0.00291895 -0.131781	
3.49	-0.000854747 0.00213151 -0.132912	
3.5	-0.000624952 0.00155804 -0.13374	
3.51	-0.000456943 0.00113852 -0.134346	
3.52	-0.000456942 0.001139 -0.134346	
3.53	-0.000456943 0.00114063 -0.134346	
3.54	-0.000456936 0.00114025 -0.134346	
3.55	-0.000456947 0.00113943 -0.134346	
3.56	-0.00045694 0.001139 -0.134346	
3.57	-0.000456941 0.00113913 -0.134346	
3.58	-0.000456947 0.00113818 -0.134345	
3.59	-0.000456949 0.00113602 -0.134344	
3.6	-0.000456943 0.00113409 -0.134344	
3.61	-0.000456944 0.00113079 -0.134342	
3.62	-0.000456947 0.00112977 -0.134342	
3.63	-0.000456955 0.00112887 -0.134341	
3.64	-0.000456956 0.00113194 -0.134343	
3.65	-0.000456963 0.00113477 -0.134344	
3.66	-0.00045696 0.00113782 -0.134345	
3.67	-0.000456964 0.00113836 -0.134345	
3.68	-0.00045696 0.00113758 -0.134345	
3.69	-0.000456965 0.00113278 -0.134343	
3.7	-0.000456954 0.00112815 -0.134341	
3.71	-0.000456943 0.00112549 -0.13434	
3.72	-0.000456934 0.00112398 -0.134339	
3.73	-0.000456916 0.00112083 -0.134338	
3.74	-0.000456901 0.00111967 -0.134338	
3.75	-0.000456885 0.00111749 -0.134337	
3.76	-0.000456879 0.00111766 -0.134337	
3.77	-0.000456887 0.00111882 -0.134338	
3.78	-0.000456891 0.00111918 -0.134338	
3.79	-0.000456902 0.00112195 -0.134339	
3.8	-0.00045692 0.00112418 -0.13434	
3.81	-0.00045691 0.00112484 -0.13434	
3.82	-0.000456908 0.00112413 -0.13434	
3.83	-0.000456909 0.00112462 -0.13434	
3.84	-0.000456894 0.00112403 -0.13434	
3.85	-0.00045689 0.0011255 -0.13434	
3.86	-0.000456884 0.00112691 -0.134341	
3.87	-0.000456873 0.00112786 -0.134341	
3.88	-0.000456832 0.00112869 -0.134342	
3.89	-0.000456819 0.00112888 -0.134342	
3.9	-0.000456789 0.0011269 -0.134342	
3.91	-0.00045678 0.00112607 -0.134341	
3.92	-0.00045676 0.00112466 -0.134341	
3.93	-0.000456747 0.00112452 -0.134341	
3.94	-0.000456762 0.00112478 -0.134341	
3.95	-0.00045674 0.00112449 -0.134341	
3.96	-0.00045673 0.00112439 -0.134341	
3.97	-0.000456727 0.00112323 -0.13434	
3.98	-0.000456738 0.00112343 -0.13434	
3.99	-0.000456753 0.00112479 -0.134341	
4	-0.000456754 0.00112444 -0.134341	
4.01	-0.000456746 0.0011243 -0.134341	
4.02	-0.000456719 0.00112385 -0.134341	
4.03	-0.000456703 0.00112468 -0.134341	
4.04	-0.000456677 0.00112465 -0.134341	
4.05	-0.000456658 0.00112364 -0.134341	
4.06	-0.000456611 0.0011222 -0.134341	
4.07	-0.000456592 0.00112234 -0.134341	
4.08	-0.000456567 0.00112053 -0.13434	
4.09	-0.000456546 0.00112027 -0.13434	
4.1	-0.000456522 0.00111774 -0.134339	
4.11	-0.000456508 0.00111726 -0.134339	
4.12	-0.000456506 0.00111544 -0.134338	
4.13	-0.000456504 0.00111398 -0.134338	
4.14	-0.000456492 0.00111346 -0.134338	
4.15	-0.000456502 0.00111326 -0.134337	
4.16	-0.000456491 0.00111318 -0.134337	
4.17	-0.000456496 0.00111227 -0.134337	
4.18	-0.000456471 0.00111097 -0.134337	
4.19	-0.000456469 0.00111041 -0.134336	
4.2	-0.000456452 0.00110926 -0.134336	
4.21	-0.000456428 0.00110805 -0.134336	
4.22	-0.000456407 0.0011076 -0.134336	
4.23	-0.000456364 0.00110653 -0.134335	
4.24	-0.000456348 0.0011087 -0.134336	
4.25	-0.000456332 0.00110975 -0.134337	
4.26	-0.00045633 0.00111029 -0.134337	
4.27	-0.000456315 0.00111246 -0.134338	
4.28	-0.000456293 0.00111542 -0.13434	
4.29	-0.000456272 0.00111881 -0.134341	
4.3	-0.000456262 0.00112053 -0.134342	
4.31	-0.000456258 0.00112111 -0.134342	
4.32	-0.00045626 0.00112099 -0.134342	
4.33	-0.000456242 0.00112135 -0.134342	
4.34	-0.00045622 0.00112005 -0.134342	
4.35	-0.000456172 0.00111767 -0.134341	
4.36	-0.000456155 0.0011157 -0.13434	
4.37	-0.000456138 0.0011123 -0.134339	
4.38	-0.000456122 0.00110971 -0.134338	
4.39	-0.000456122 0.001109 -0.134338	
4.4	-0.000456101 0.00111142 -0.134339	
4.41	-0.000456064 0.00111315 -0.13434	
4.42	-0.000456036 0.00111655 -0.134342	
4.43	-0.000455987 0.00111927 -0.134343	
4.44	-0.00045594 0.00112273 -0.134345	
4.45	-0.000455885 0.00112499 -0.134346	
4.46	-0.000455822 0.00112715 -0.134347	
4.47	-0.000455776 0.00112791 -0.134348	
4.48	-0.000455729 0.00112978 -0.134349	
4.49	-0.000455688 0.0011314 -0.13435	
4.5	-0.000455622 0.00113191 -0.13435	
4.51	-0.00045553 0.00113337 -0.134352	
4.52	-0.000455413 0.00113426 -0.134353	
4.53	-0.000455359 0.00113584 -0.134354	
4.54	-0.00045531 0.00113627 -0.134354	
4.55	-0.000455241 0.00113657 -0.134355	
4.56	-0.00045519 0.0011375 -0.134355	
4.57	-0.000455159 0.00113753 -0.134355	
4.58	-0.000455108 0.0011385 -0.134356	
4.59	-0.000455082 0.00114051 -0.134357	
4.6	-0.000454984 0.00114247 -0.134359	
4.61	-0.000455 0.00114444 -0.134359	
4.62	-0.000454942 0.00114643 -0.13436	
4.63	-0.000454921 0.00114768 -0.134361	
4.64	-0.000454897 0.00114969 -0.134362	
4.65	-0.000454886 0.00115062 -0.134363	
4.66	-0.000454818 0.00115301 -0.134364	
4.67	-0.000454811 0.0011536 -0.134364	
4.68	-0.000454793 0.00115494 -0.134365	
4.69	-0.000454775 0.00115627 -0.134366	
4.7	-0.000454761 0.00115727 -0.134366	
4.71	-0.000454713 0.0011579 -0.134367	
4.72	-0.000454706 0.00115861 -0.134367	
4.73	-0.000454694 0.00115996 -0.134368	
4.74	0.00390123 -0.040593 0.322921	
4.75	0.00282129 -0.0294532 0.199433	
4.76	0.00269183 -0.0246478 0.121082	
4.77	0.00194214 -0.0178336 0.0518798	
4.78	0.00140914 -0.0129606 0.00133252	
4.79	0.00103193 -0.00948799 -0.0355783	
4.8	0.00075694 -0.00695487 -0.0625638	
4.81	0.000561398 -0.00514259 -0.0822753	
4.82	0.000413235 -0.00378004 -0.096706	
4.83	0.000303878 -0.00277639 -0.107261	
4.84	0.000221514 -0.00202516 -0.114987	
4.85	0.000161479 -0.00147723 -0.120636	
4.86	0.000118433 -0.00108274 -0.124763	
4.87	0.01493 -0.134492 0.909733	
4.88	0.0109359 -0.0984825 0.628685	
4.89	0.00803542 -0.0723021 0.423266	
4.9	0.00585829 -0.0527385 0.272861	
4.91	0.00426615 -0.0384319 0.162885	
4.92	0.00311502 -0.0280684 0.082522	
4.93	0.00225578 -0.0203596 0.0236964	
4.94	0.00164076 -0.0148221 -0.0192651	
4.95	0.00119161 -0.0107772 -0.050676	
4.96	0.000869219 -0.00786463 -0.0736198	
4.97	0.000630497 -0.00571264 -0.090407	
4.98	0.000458717 -0.00415985 -0.102671	
4.99	0.000335374 -0.00304135 -0.111629	
5	0.000244411 -0.00221774 -0.118181	
5.01	0.000179046 -0.00162409 -0.122968	
5.02	0.000130947 -0.00118773 -0.12647	
5.03	9.57699e-05 -0.000868629 -0.12903	
5.04	7.02544e-05 -0.000636837 -0.130901	
5.05	5.12431e-05 -0.000464704 -0.13227	
5.06	3.72238e-05 -0.000337957 -0.133272	
5.07	2.71061e-05 -0.000246275 -0.134004	
5.08	1.97334e-05 -0.000179428 -0.134539	
5.09	1.97069e-05 -0.00017923 -0.134539	
5.1	1.97788e-05 -0.000179767 -0.134539	
5.11	1.98068e-05 -0.000179976 -0.134538	
5.12	1.99058e-05 -0.000180716 -0.134538	
5.13	1.99718e-05 -0.00018121 -0.134538	
5.14	2.01131e-05 -0.000182265 -0.134537	
5.15	2.02409e-05 -0.000183221 -0.134537	
5.16	2.03057e-05 -0.000183705 -0.134537	
5.17	2.03446e-05 -0.000183996 -0.134536	
5.18	2.04395e-05 -0.000184705 -0.134536	
5.19	2.05043e-05 -0.000185189 -0.134536	
5.2	2.0572e-05 -0.000185695 -0.134536	
5.21	2.05231e-05 -0.00018533 -0.134536	
5.22	2.05515e-05 -0.000185541 -0.134536	
5.23	2.06054e-05 -0.000185944 -0.134535	
5.24	2.05896e-05 -0.000185827 -0.134535	
5.25	2.04933e-05 -0.000185107 -0.134536	
5.26	2.05879e-05 -0.000185814 -0.134535	
5.27	2.05335e-05 -0.000185408 -0.134536	
5.28	2.0637e-05 -0.000186182 -0.134535	
5.29	2.06815e-05 -0.000186514 -0.134535	
5.3	2.08412e-05 -0.000187707 -0.134534	
5.31	2.08265e-05 -0.000187597 -0.134535	
5.32	2.09531e-05 -0.000188543 -0.134534	
5.33	2.10524e-05 -0.000189285 -0.134534	
5.34	2.11189e-05 -0.000189781 -0.134533	
5.35	2.12458e-05 -0.000190729 -0.134533	
5.36	2.12572e-05 -0.000190815 -0.134533	
5.37	2.12949e-05 -0.000191096 -0.134533	
5.38	2.13625e-05 -0.000191601 -0.134533	
5.39	2.1341e-05 -0.000191439 -0.134533	
5.4	2.13799e-05 -0.00019173 -0.134533	
5.41	2.14467e-05 -0.000192228 -0.134532	
5.42	2.14729e-05 -0.000192425 -0.134532	
5.43	2.15444e-05 -0.000192958 -0.134532	
5.44	2.14725e-05 -0.000192421 -0.134532	
5.45	2.14889e-05 -0.000192544 -0.134532	
5.46	2.1345e-05 -0.000191469 -0.134533	
5.47	2.12235e-05 -0.000190562 -0.134533	
5.48	2.10302e-05 -0.000189119 -0.134534	
5.49	2.0909e-05 -0.000188213 -0.134534	
5.5	2.08046e-05 -0.000187432 -0.134535	
5.51	2.07438e-05 -0.000186978 -0.134535	
5.52	2.04853e-05 -0.000185047 -0.134536	
5.53	2.03588e-05 -0.000184101 -0.134536	
5.54	2.02924e-05 -0.000183605 -0.134537	
5.55	2.01934e-05 -0.000182865 -0.134537	
5.56	2.01545e-05 -0.000182574 -0.134537	
5.57	2.01859e-05 -0.000182809 -0.134537	
5.58	2.01194e-05 -0.000182312 -0.134537	
5.59	2.01131e-05 -0.000182264 -0.134537	
5.6	2.00792e-05 -0.00018201 -0.134537	
5.61	2.00319e-05 -0.000181657 -0.134538	
5.62	2.01891e-05 -0.000182832 -0.134537	
5.63	2.02684e-05 -0.000183424 -0.134537	
5.64	2.01989e-05 -0.000182905 -0.134537	
5.65	2.02891e-05 -0.00018358 -0.134537	
5.66	2.026e-05 -0.000183363 -0.134537	
5.67	2.02544e-05 -0.000183322 -0.134537	
5.68	2.04095e-05 -0.000184481 -0.134536	
5.69	2.04688e-05 -0.000184925 -0.134536	
5.7	2.05167e-05 -0.000185283 -0.134536	
5.71	2.06342e-05 -0.000186162 -0.134535	
5.72	2.05749e-05 -0.00018572 -0.134535	
5.73	-0.464134 -0.331934 -0.0264516	
5.74	-0.000776113 -0.917116 -0.195274	
5.75	0.0139545 -0.96177 -0.10664	
5.76	0.010194 -0.703067 -0.114632	
5.77	0.00745478 -0.514135 -0.120365	
5.78	0.0054538 -0.376025 -0.124536	
5.79	0.00399193 -0.275035 -0.127571	
5.8	0.00291673 -0.201065 -0.129858	
5.81	0.00213238 -0.147028 -0.131511	
5.82	0.00155869 -0.107514 -0.132722	
5.83	0.00114039 -0.0786445 -0.133595	
5.84	0.00083365 -0.0575071 -0.134242	
5.85	0.000609937 -0.0420653 -0.134709	
5.86	0.00044521 -0.0307472 -0.135063	
5.87	0.000325762 -0.0224901 -0.13531	
5.88	0.000238401 -0.0164501 -0.135492	
5.89	0.000174207 -0.0120276 -0.135628	
5.9	0.000127333 -0.00879424 -0.135726	
5.91	9.31782e-05 -0.00643239 -0.135797	
5.92	6.80793e-05 -0.00470257 -0.13585	
5.93	4.98304e-05 -0.00343967 -0.135888	
5.94	3.643e-05 -0.00251498 -0.135916	
5.95	2.66599e-05 -0.00183953 -0.135937	
5.96	1.94798e-05 -0.00134481 -0.135952	
5.97	1.94478e-05 -0.00134424 -0.135952	
5.98	1.9435e-05 -0.00134403 -0.135952	
5.99	1.94583e-05 -0.0013446 -0.135952	
6	1.94465e-05 -0.00134444 -0.135952	
6.01	1.94577e-05 -0.00134477 -0.135952	
6.02	1.9472e-05 -0.00134512 -0.135952	
6.03	1.94792e-05 -0.00134538 -0.135952	
6.04	1.94523e-05 -0.00134486 -0.135952	
6.05	1.94215e-05 -0.0013443 -0.135953	
6.06	1.94038e-05 -0.00134402 -0.135953	
6.07	1.93784e-05 -0.00134357 -0.135953	
6.08	1.93131e-05 -0.00134224 -0.135954	
6.09	1.92188e-05 -0.00134028 -0.135955	
6.1	1.91659e-05 -0.00133918 -0.135955	
6.11	1.91211e-05 -0.00133822 -0.135956	
6.12	1.90606e-05 -0.00133692 -0.135956	
6.13	1.90044e-05 -0.00133571 -0.135957	
6.14	1.89944e-05 -0.00133549 -0.135957	
6.15	1.89711e-05 -0.00133498 -0.135957	
6.16	1.89253e-05 -0.00133398 -0.135958	
6.17	1.89565e-05 -0.00133467 -0.135957	
6.18	1.89465e-05 -0.00133444 -0.135958	
6.19	1.8927e-05 -0.001334 -0.135958	
6.2	1.89116e-05 -0.00133364 -0.135958	
6.21	1.88312e-05 -0.00133184 -0.135959	
6.22	1.87697e-05 -0.00133045 -0.135959	
6.23	1.87094e-05 -0.00132907 -0.13596	
6.24	1.86931e-05 -0.00132868 -0.13596	
6.25	1.86741e-05 -0.00132821 -0.13596	
6.26	1.86556e-05 -0.00132775 -0.135961	
6.27	-0.00727716 -0.220904 1.56059	
6.28	-0.0145578 -0.567315 3.53601	
6.29	-0.00612417 -0.62684 3.74056	
6.3	-0.00665231 -0.702926 3.99677	
6.31	-0.00482047 -0.517392 2.89916	
6.32	-0.00256284 -0.413282 2.51133	
6.33	-0.0096254 -0.52504 3.27362	
6.34	-0.00595657 -0.424627 2.51816	
6.35	-0.0043941 -0.385353 2.34046	
6.36	-0.00325957 -0.287013 1.67698	
6.37	-0.028142 -1.67128 -0.0370622	
6.38	0.922235 -2.39176 1.04131	
6.39	1.74332 -1.79029 1.68218	
6.4	3.10172 0.258784 4.95776	
6.41	2.26043 0.212314 3.58274	
6.42	1.65794 0.138424 2.59411	
6.43	1.22143 0.0726266 1.86865	
6.44	0.894502 0.048726 1.33045	
6.45	0.655363 0.0314577 0.937798	
6.46	0.480655 0.0184078 0.650617	
6.47	0.352721 0.00946813 0.440407	
6.48	0.259205 0.00285639 0.286707	
6.49	0.190329 -0.000413241 0.173784	
6.5	-1.04786 -1.60575 -0.00598541	
6.51	-2.49071 -2.73369 -0.0392072	
6.52	-5.66623 -0.624766 3.05425	
6.53	-5.41307 -0.183403 2.05017	
6.54	-3.95668 -0.132129 1.46179	
6.55	-2.89002 -0.0908089 1.03077	
6.56	-2.11265 -0.0677201 0.716419	
6.57	-1.54425 -0.0482223 0.487119	
6.58	-1.12928 -0.0353794 0.319737	
6.59	-0.825412 -0.0263222 0.196867	
6.6	-0.603209 -0.0181454 0.107337	
6.61	-0.440661 -0.0121369 0.0418099	
6.62	-0.321987 -0.00782513 -0.00595902	
6.63	-0.23527 -0.00496885 -0.0408994	
6.64	-0.171906 -0.00299027 -0.0664335	
6.65	-0.125658 -0.00198585 -0.0851223	
6.66	-0.0918672 -0.00109991 -0.0987323	
6.67	-0.0671647 -0.000641791 -0.10872	
6.68	-0.0491107 -0.000469931 -0.11605	
6.69	-0.0360602 0.000382958 -0.121119	
6.7	-0.0263644 0.000221477 -0.125131	
6.71	-0.0192601 0.000197702 -0.128059	
6.72	-0.0140693 0.000198262 -0.130192	
6.73	-0.0102998 6.17426e-05 -0.131758	
6.74	-0.00752878 4.96711e-05 -0.132897	
6.75	-0.0055058 3.08241e-05 -0.13373	
6.76	-0.00402551 2.18989e-05 -0.134338	
6.77	-0.00294315 1.53057e-05 -0.134783	
6.78	-0.00215193 1.17937e-05 -0.135108	
6.79	-0.00157389 9.69011e-06 -0.135346	
6.8	-0.00157397 1.09491e-05 -0.135345	
6.81	-0.00157399 1.15159e-05 -0.135345	
6.82	-0.00157366 7.363e-06 -0.135346	
6.83	-0.00157357 6.54681e-06 -0.135346	
6.84	-0.00157353 6.4218e-06 -0.135347	
6.85	-0.00157367 6.92341e-06 -0.135346	
6.86	-0.00157402 7.76055e-06 -0.135346	
6.87	-0.00157472 1.06568e-05 -0.135345	
6.88	-0.00157554 1.2078e-05 -0.135343	
6.89	-0.00157577 1.27756e-05 -0.135343	
6.9	-0.00157512 1.55529e-05 -0.135343	
6.91	-0.00157461 1.30596e-05 -0.135344	
6.92	-0.00157409 8.01879e-06 -0.135346	
6.93	-0.00157616 1.03424e-06 -0.135345	
6.94	-0.00157696 -2.69649e-06 -0.135345	
6.95	-0.00157749 -4.83869e-06 -0.135345	
6.96	-0.00157777 -5.84633e-06 -0.135345	
6.97	-0.00157805 -6.85307e-06 -0.135345	
6.98	-0.00157833 -8.31332e-06 -0.135345	
6.99	-0.00157836 -7.73761e-06 -0.135345	
7	-0.00157836 -7.73761e-06 -0.135345	
7.01	-0.00157832 -7.85882e-06 -0.135345	
7.02	-0.00157832 -7.85882e-06 -0.135345	
7.03	-0.0015783 -8.43468e-06 -0.135345	
7.04	-0.00157832 -7.85882e-06 -0.135345	
7.05	-0.00157832 -7.85882e-06 -0.135345	
7.06	-0.00157832 -7.85882e-06 -0.135345	
7.07	-0.00157826 -8.55582e-06 -0.135345	
7.08	-0.00157832 -7.85882e-06 -0.135345	
7.09	-0.00157832 -7.85882e-06 -0.135345	
7.1	-0.00157826 -8.55582e-06 -0.135345	
7.11	-0.00157832 -7.85882e-06 -0.135345	
7.12	-0.00157861 -9.31959e-06 -0.135345	
7.13	-0.00157836 -7.73761e-06 -0.135345	
7.14	-0.00157832 -7.85882e-06 -0.135345	
7.15	-0.00157832 -7.85882e-06 -0.135345	
7.16	-0.00157832 -7.85882e-06 -0.135345	
7.17	-0.00157832 -7.85882e-06 -0.135345	
7.18	-0.00157867 -8.62203e-06 -0.135345	
7.19	-0.00157826 -8.55582e-06 -0.135345	
7.2	-0.00157832 -7.85882e-06 -0.135345	
7.21	-0.00157826 -8.55582e-06 -0.135345	
7.22	-0.00157826 -8.55582e-06 -0.135345	
7.23	-0.00157829 -7.97983e-06 -0.135345	
7.24	-0.00157826 -8.55582e-06 -0.135345	
7.25	-0.00157826 -8.55582e-06 -0.135345	
7.26	-0.00157832 -7.85882e-06 -0.135345	
7.27	-0.00157832 -7.85882e-06 -0.135345	
7.28	-0.00157832 -7.85882e-06 -0.135345	
7.29	-0.00157826 -8.55582e-06 -0.135345	
7.3	-0.00157832 -7.85882e-06 -0.135345	
7.31	-0.00157832 -7.85882e-06 -0.135345	
